2011.05.10 23:00:05.609,0.95468,0.95522,2.10,2.85
2011.05.10 23:00:06.166,0.95468,0.95522,2.10,2.85
2011.05.10 23:00:06.700,0.95468,0.95522,2.10,2.10
2011.05.10 23:00:06.919,0.95468,0.95522,2.85,2.10
2011.05.10 23:00:07.520,0.95467,0.95533,2.85,2.85
2011.05.10 23:00:08.739,0.95458,0.95532,3.23,2.85
2011.05.10 23:00:09.510,0.95458,0.95532,3.23,2.85
2011.05.10 23:00:09.621,0.95458,0.95532,3.23,2.85
2011.05.10 23:00:10.062,0.95458,0.95532,3.23,2.85
2011.05.10 23:00:10.608,0.95458,0.95532,3.23,2.85
2011.05.10 23:00:10.829,0.95467,0.95533,2.10,2.85
2011.05.10 23:00:11.049,0.95468,0.95544,2.48,1.35
2011.05.10 23:00:11.159,0.95471,0.95544,1.13,1.35
2011.05.10 23:00:11.622,0.95471,0.95544,1.13,1.35
2011.05.10 23:00:11.729,0.95471,0.95544,1.13,1.35
2011.05.10 23:00:11.950,0.95478,0.95555,2.10,1.13
2011.05.10 23:00:12.488,0.95477,0.95553,2.85,2.85
2011.05.10 23:00:12.931,0.95477,0.95553,2.85,2.85
2011.05.10 23:00:13.989,0.95477,0.95553,2.85,2.85
2011.05.10 23:00:14.429,0.95478,0.95542,2.85,2.85
2011.05.10 23:00:14.592,0.95478,0.95542,2.85,2.85
2011.05.10 23:00:15.683,0.95478,0.95542,2.85,2.85
2011.05.10 23:00:16.012,0.95478,0.95542,2.85,2.85
2011.05.10 23:00:16.229,0.95469,0.95542,1.13,2.85
2011.05.10 23:00:16.449,0.95469,0.95542,1.13,2.85
2011.05.10 23:00:17.365,0.95469,0.95542,1.13,2.85
2011.05.10 23:00:17.929,0.9547,0.95542,1.13,2.85
2011.05.10 23:00:20.199,0.95477,0.95543,2.85,2.85
2011.05.10 23:00:20.420,0.95479,0.95552,1.13,2.10
2011.05.10 23:00:20.640,0.95482,0.95562,1.13,2.85
2011.05.10 23:00:20.860,0.95478,0.95552,2.48,2.85
2011.05.10 23:00:21.324,0.95483,0.95552,1.13,2.10
2011.05.10 23:00:21.622,0.95478,0.95552,3.23,2.85
2011.05.10 23:00:21.729,0.95478,0.95552,3.23,2.85
2011.05.10 23:00:22.689,0.95478,0.95552,3.23,2.85
2011.05.10 23:00:23.679,0.95478,0.95552,3.23,2.85
2011.05.10 23:00:24.739,0.95478,0.95552,2.10,2.85
2011.05.10 23:00:25.069,0.95477,0.95543,2.10,2.85
2011.05.10 23:00:25.736,0.95469,0.95543,1.13,2.85
2011.05.10 23:00:26.729,0.95469,0.95543,1.13,2.85
2011.05.10 23:00:27.642,0.95469,0.95543,1.13,2.85
2011.05.10 23:00:28.730,0.95469,0.95543,1.13,2.85
2011.05.10 23:00:29.563,0.95471,0.95543,1.13,2.85
2011.05.10 23:00:29.790,0.95473,0.95543,1.13,2.85
2011.05.10 23:00:30.301,0.95477,0.95543,2.10,2.85
2011.05.10 23:00:30.769,0.95477,0.95553,2.48,2.85
2011.05.10 23:00:30.990,0.95477,0.95553,2.48,2.85
2011.05.10 23:00:32.701,0.95477,0.95553,3.23,2.85
2011.05.10 23:00:37.489,0.95481,0.95553,1.13,2.85
2011.05.10 23:00:37.929,0.95482,0.95543,1.13,2.85
2011.05.10 23:00:38.040,0.95498,0.95552,2.10,2.85
2011.05.10 23:00:38.258,0.95498,0.95552,2.10,2.85
2011.05.10 23:00:38.700,0.95498,0.95552,2.10,2.85
2011.05.10 23:00:41.670,0.95498,0.95552,2.10,2.85
2011.05.10 23:00:43.219,0.95487,0.95553,2.85,2.85
2011.05.10 23:00:44.819,0.95487,0.95553,2.10,2.85
2011.05.10 23:00:45.672,0.95487,0.95553,2.48,2.85
2011.05.10 23:00:46.001,0.95487,0.95553,2.48,2.85
2011.05.10 23:00:46.110,0.95497,0.95553,2.10,2.85
2011.05.10 23:00:46.895,0.95497,0.95553,2.10,2.85
2011.05.10 23:00:47.909,0.95487,0.95553,2.10,2.85
2011.05.10 23:00:48.019,0.95487,0.95553,2.10,2.85
2011.05.10 23:00:48.932,0.95487,0.95553,2.10,2.85
2011.05.10 23:00:50.248,0.95487,0.95553,2.10,2.85
2011.05.10 23:00:51.198,0.95487,0.95553,2.85,2.85
2011.05.10 23:00:53.110,0.95487,0.95553,2.85,2.85
2011.05.10 23:00:53.219,0.95487,0.95553,2.85,2.85
2011.05.10 23:00:53.909,0.95487,0.95553,2.10,2.85
2011.05.10 23:00:54.102,0.95487,0.95553,2.85,2.85
2011.05.10 23:00:54.331,0.95487,0.95553,2.10,2.85
2011.05.10 23:00:54.864,0.95487,0.95553,2.10,2.85
2011.05.10 23:00:54.969,0.95487,0.95553,2.10,2.85
2011.05.10 23:00:59.030,0.95487,0.95553,3.23,2.85
2011.05.10 23:00:59.650,0.95487,0.95553,3.23,2.85
2011.05.10 23:01:00.137,0.95487,0.95553,3.23,2.85
2011.05.10 23:01:00.480,0.95498,0.95552,2.10,2.85
2011.05.10 23:01:08.282,0.95498,0.95552,2.10,2.85
2011.05.10 23:01:08.541,0.95498,0.95552,2.10,2.85
2011.05.10 23:01:08.650,0.95498,0.95552,2.10,2.85
2011.05.10 23:01:09.712,0.95498,0.95552,2.10,2.85
2011.05.10 23:01:09.831,0.95498,0.95552,2.10,2.85
2011.05.10 23:01:10.602,0.95497,0.95562,2.10,1.35
2011.05.10 23:01:22.792,0.95497,0.95562,2.10,1.35
2011.05.10 23:01:25.697,0.95497,0.95562,2.10,1.35
2011.05.10 23:01:28.190,0.95497,0.95562,2.10,1.35
2011.05.10 23:01:38.680,0.95497,0.95562,2.85,1.35
2011.05.10 23:01:39.453,0.95497,0.95562,2.10,1.35
2011.05.10 23:01:42.090,0.95497,0.95562,2.10,1.35
2011.05.10 23:01:43.595,0.95497,0.95562,2.10,1.35
2011.05.10 23:02:43.812,0.95497,0.95563,2.10,2.10
2011.05.10 23:02:56.619,0.95497,0.95563,2.85,2.85
2011.05.10 23:03:02.230,0.95497,0.95563,2.10,2.85
2011.05.10 23:03:06.410,0.95497,0.95563,2.85,2.85
2011.05.10 23:03:11.690,0.95497,0.95563,2.85,2.85
2011.05.10 23:03:12.680,0.95497,0.95563,2.85,2.85
2011.05.10 23:03:12.949,0.95497,0.95563,2.10,2.85
2011.05.10 23:03:35.181,0.95497,0.95553,2.85,2.85
2011.05.10 23:03:38.090,0.95497,0.95553,2.10,2.85
2011.05.10 23:03:38.200,0.95497,0.95553,2.10,2.85
2011.05.10 23:03:38.702,0.95497,0.95553,2.10,2.85
2011.05.10 23:03:39.141,0.95497,0.95553,2.10,2.85
2011.05.10 23:03:40.350,0.95497,0.95553,2.85,2.85
2011.05.10 23:03:41.413,0.95497,0.95553,3.23,2.85
2011.05.10 23:03:42.661,0.95497,0.95553,2.48,2.85
2011.05.10 23:03:46.359,0.95492,0.95553,1.13,2.85
2011.05.10 23:03:47.721,0.95492,0.95553,1.13,2.85
2011.05.10 23:03:50.351,0.95492,0.95553,1.13,2.85
2011.05.10 23:03:50.569,0.95497,0.95553,2.48,2.85
2011.05.10 23:03:58.830,0.95487,0.95553,2.48,2.85
2011.05.10 23:04:01.691,0.95497,0.95553,1.13,2.85
2011.05.10 23:04:02.412,0.95491,0.95553,1.13,2.85
2011.05.10 23:04:02.680,0.95496,0.95553,1.13,2.85
2011.05.10 23:04:08.175,0.95497,0.95553,1.13,2.85
2011.05.10 23:04:08.751,0.95492,0.95553,1.13,2.85
2011.05.10 23:04:10.702,0.95496,0.95553,1.13,2.85
2011.05.10 23:04:10.983,0.95491,0.95553,1.13,2.85
2011.05.10 23:04:11.310,0.95491,0.95553,1.13,2.85
2011.05.10 23:04:12.903,0.95497,0.95553,1.13,2.85
2011.05.10 23:04:13.449,0.95496,0.95553,1.13,2.85
2011.05.10 23:04:14.111,0.95491,0.95553,1.13,2.85
2011.05.10 23:04:14.221,0.95487,0.95553,2.48,2.85
2011.05.10 23:04:15.649,0.95492,0.95552,1.13,2.85
2011.05.10 23:04:22.143,0.9549,0.95552,1.13,2.85
2011.05.10 23:04:22.971,0.95487,0.95542,1.13,2.85
2011.05.10 23:04:23.080,0.95484,0.95542,1.13,2.85
2011.05.10 23:04:23.299,0.95479,0.95542,1.13,2.85
2011.05.10 23:04:30.489,0.95478,0.95542,3.23,2.85
2011.05.10 23:04:57.317,0.95481,0.95542,1.13,2.85
2011.05.10 23:04:57.529,0.95481,0.95542,1.13,2.85
2011.05.10 23:05:01.580,0.95486,0.95542,1.13,2.85
2011.05.10 23:05:01.800,0.95486,0.95552,1.13,2.85
2011.05.10 23:05:02.131,0.95486,0.95552,1.13,2.85
2011.05.10 23:05:02.239,0.95486,0.95552,1.13,2.85
2011.05.10 23:05:04.682,0.95486,0.95552,1.13,2.85
2011.05.10 23:05:56.000,0.95484,0.95552,1.13,2.85
2011.05.10 23:06:02.479,0.95484,0.95552,1.13,2.85
2011.05.10 23:06:17.292,0.95484,0.95552,1.13,2.85
2011.05.10 23:06:29.430,0.95484,0.95552,1.13,2.85
2011.05.10 23:06:39.810,0.95484,0.95552,1.13,2.85
2011.05.10 23:06:40.426,0.95484,0.95552,1.13,2.85
2011.05.10 23:06:46.161,0.95484,0.95552,1.13,2.85
2011.05.10 23:06:56.451,0.95484,0.95552,1.13,2.85
2011.05.10 23:07:04.181,0.95484,0.95552,1.13,2.85
2011.05.10 23:07:04.400,0.95478,0.95552,2.85,2.85
2011.05.10 23:07:04.851,0.95478,0.95552,2.85,2.85
2011.05.10 23:07:05.390,0.95478,0.95562,2.85,2.85
2011.05.10 23:07:21.411,0.95478,0.95562,2.85,2.85
2011.05.10 23:07:24.040,0.95478,0.95562,2.85,2.85
2011.05.10 23:07:24.260,0.95478,0.95562,2.85,2.85
2011.05.10 23:07:25.180,0.95478,0.95562,2.85,2.85
2011.05.10 23:07:26.471,0.95488,0.95572,2.85,2.85
2011.05.10 23:07:27.134,0.95488,0.95572,2.85,2.85
2011.05.10 23:07:28.520,0.95487,0.95563,2.85,2.85
2011.05.10 23:07:29.660,0.95478,0.95562,2.85,2.85
2011.05.10 23:07:29.890,0.95478,0.95562,2.85,2.85
2011.05.10 23:07:31.589,0.95478,0.95562,2.85,2.85
2011.05.10 23:07:47.555,0.95478,0.95562,2.85,2.85
2011.05.10 23:07:47.979,0.95478,0.95562,2.85,2.85
2011.05.10 23:07:50.742,0.95478,0.95562,2.85,2.85
2011.05.10 23:07:53.770,0.95478,0.95562,2.85,2.85
2011.05.10 23:07:56.461,0.95487,0.95573,2.85,2.85
2011.05.10 23:07:57.319,0.95487,0.95573,2.85,2.85
2011.05.10 23:07:58.769,0.95487,0.95563,2.85,2.85
2011.05.10 23:07:59.650,0.95477,0.95563,2.85,2.85
2011.05.10 23:08:00.918,0.95477,0.95563,2.85,2.85
2011.05.10 23:08:01.450,0.95477,0.95563,2.85,2.85
2011.05.10 23:08:02.732,0.95487,0.95563,2.85,2.85
2011.05.10 23:08:15.156,0.95487,0.95563,2.85,2.85
2011.05.10 23:08:16.097,0.95487,0.95563,2.85,2.85
2011.05.10 23:08:46.629,0.95487,0.95563,2.85,2.85
2011.05.10 23:08:47.960,0.9549,0.95563,1.13,2.85
2011.05.10 23:08:48.070,0.95508,0.95582,2.10,2.85
2011.05.10 23:08:48.180,0.95508,0.95582,2.10,2.85
2011.05.10 23:08:48.510,0.95498,0.95582,2.85,2.85
2011.05.10 23:08:49.691,0.95498,0.95582,2.85,2.85
2011.05.10 23:08:50.700,0.95508,0.95582,2.85,2.85
2011.05.10 23:08:51.740,0.95498,0.95562,2.85,2.85
2011.05.10 23:08:52.221,0.95498,0.95562,2.85,2.85
2011.05.10 23:08:53.250,0.95498,0.95562,1.13,2.85
2011.05.10 23:08:53.653,0.95498,0.95562,1.13,2.85
2011.05.10 23:08:53.760,0.95502,0.95562,1.13,2.85
2011.05.10 23:08:54.204,0.95502,0.95572,1.13,2.85
2011.05.10 23:08:55.800,0.95506,0.95572,1.13,2.85
2011.05.10 23:08:59.370,0.95502,0.95572,1.13,2.85
2011.05.10 23:08:59.900,0.95502,0.95563,1.13,2.85
2011.05.10 23:09:00.450,0.95501,0.95563,1.13,2.85
2011.05.10 23:09:00.671,0.95506,0.95573,1.13,2.85
2011.05.10 23:09:01.221,0.95502,0.95573,1.13,2.85
2011.05.10 23:09:02.277,0.95506,0.95573,1.13,2.85
2011.05.10 23:09:05.820,0.95509,0.95573,1.13,2.85
2011.05.10 23:09:08.520,0.95507,0.95573,1.13,2.85
2011.05.10 23:09:08.740,0.95509,0.95573,1.13,2.85
2011.05.10 23:09:10.000,0.95503,0.95573,1.13,2.85
2011.05.10 23:09:11.941,0.95503,0.95573,1.13,2.85
2011.05.10 23:09:12.231,0.95506,0.95573,1.13,2.85
2011.05.10 23:09:14.202,0.95507,0.95573,2.85,2.85
2011.05.10 23:09:15.070,0.95507,0.95583,2.48,2.85
2011.05.10 23:09:15.945,0.95507,0.95583,2.10,2.85
2011.05.10 23:09:16.050,0.95507,0.95583,2.85,2.85
2011.05.10 23:09:17.723,0.95507,0.95573,2.85,2.85
2011.05.10 23:09:18.490,0.95507,0.95573,2.85,2.85
2011.05.10 23:09:19.411,0.95508,0.95572,2.10,2.85
2011.05.10 23:09:20.750,0.95508,0.95572,2.48,2.85
2011.05.10 23:09:21.210,0.95508,0.95582,2.10,2.85
2011.05.10 23:09:21.800,0.95507,0.95573,3.23,2.85
2011.05.10 23:09:22.702,0.95509,0.95582,1.13,2.85
2011.05.10 23:09:25.730,0.95508,0.95572,2.10,2.85
2011.05.10 23:09:26.700,0.95508,0.95572,2.85,2.85
2011.05.10 23:09:27.760,0.95508,0.95572,2.48,2.85
2011.05.10 23:09:28.690,0.95509,0.95583,1.13,2.85
2011.05.10 23:09:31.460,0.95507,0.95583,2.85,2.85
2011.05.10 23:09:31.680,0.95508,0.95572,2.85,2.85
2011.05.10 23:09:31.790,0.95508,0.95572,2.10,2.85
2011.05.10 23:09:31.901,0.95508,0.95572,2.85,2.85
2011.05.10 23:09:32.731,0.95508,0.95572,2.85,2.85
2011.05.10 23:09:32.950,0.95508,0.95572,2.10,2.85
2011.05.10 23:09:33.170,0.95503,0.95572,1.13,2.85
2011.05.10 23:09:34.800,0.95503,0.95572,1.13,2.85
2011.05.10 23:09:41.000,0.95506,0.95572,1.13,2.85
2011.05.10 23:09:41.440,0.95507,0.95583,2.48,2.85
2011.05.10 23:09:42.397,0.95509,0.95583,1.13,2.85
2011.05.10 23:09:43.064,0.95509,0.95583,1.13,2.85
2011.05.10 23:09:44.491,0.95509,0.95583,1.13,2.85
2011.05.10 23:09:48.454,0.95509,0.95583,1.13,2.85
2011.05.10 23:09:48.730,0.95509,0.95583,1.13,2.85
2011.05.10 23:09:50.120,0.95509,0.95583,1.13,2.85
2011.05.10 23:09:50.670,0.95512,0.95573,1.13,2.85
2011.05.10 23:09:51.240,0.95517,0.95583,2.10,2.85
2011.05.10 23:09:51.651,0.95517,0.95583,2.85,2.85
2011.05.10 23:09:53.280,0.95517,0.95583,2.10,2.85
2011.05.10 23:09:53.501,0.95508,0.95572,2.85,2.85
2011.05.10 23:09:53.830,0.95498,0.95563,1.35,2.85
2011.05.10 23:09:54.732,0.95498,0.95563,1.35,2.85
2011.05.10 23:09:55.711,0.95498,0.95563,1.35,2.85
2011.05.10 23:09:58.450,0.95498,0.95562,1.35,2.85
2011.05.10 23:09:59.000,0.95498,0.95562,1.35,2.85
2011.05.10 23:10:21.302,0.95498,0.95562,1.35,2.85
2011.05.10 23:10:25.500,0.95498,0.95572,3.45,2.85
2011.05.10 23:10:27.071,0.95498,0.95572,3.45,2.85
2011.05.10 23:10:33.241,0.95502,0.95572,1.13,2.85
2011.05.10 23:10:33.821,0.95502,0.95572,1.13,2.85
2011.05.10 23:10:34.200,0.95502,0.95572,1.13,2.85
2011.05.10 23:10:35.596,0.95502,0.95572,1.13,2.85
2011.05.10 23:10:36.681,0.9551,0.95573,1.13,2.85
2011.05.10 23:10:36.790,0.9551,0.95573,1.13,2.85
2011.05.10 23:10:37.339,0.95507,0.95573,2.85,2.85
2011.05.10 23:10:38.830,0.95507,0.95573,2.85,2.85
2011.05.10 23:10:39.770,0.95517,0.95583,2.10,2.85
2011.05.10 23:10:39.990,0.95517,0.95583,2.85,2.85
2011.05.10 23:10:40.540,0.95508,0.95572,2.85,2.85
2011.05.10 23:10:41.702,0.95508,0.95572,2.85,2.85
2011.05.10 23:10:42.471,0.95508,0.95572,2.85,2.85
2011.05.10 23:10:43.010,0.95508,0.95572,2.10,2.85
2011.05.10 23:10:44.681,0.95508,0.95562,5.85,6.60
2011.05.10 23:10:46.662,0.95508,0.95562,5.85,6.60
2011.05.10 23:10:48.193,0.95508,0.95562,6.60,4.50
2011.05.10 23:10:48.630,0.95509,0.95563,3.75,4.50
2011.05.10 23:10:49.147,0.95508,0.95562,5.85,4.50
2011.05.10 23:10:57.272,0.95508,0.95562,6.60,4.50
2011.05.10 23:10:58.980,0.95508,0.95562,6.60,4.50
2011.05.10 23:11:12.691,0.95508,0.95563,2.10,4.50
2011.05.10 23:12:05.522,0.95509,0.95563,3.75,4.50
2011.05.10 23:12:06.042,0.95509,0.95563,3.75,4.50
2011.05.10 23:12:06.713,0.95508,0.95562,5.85,6.60
2011.05.10 23:12:07.691,0.95508,0.95562,5.85,6.60
2011.05.10 23:12:09.490,0.95508,0.95562,5.85,6.60
2011.05.10 23:12:15.020,0.95508,0.95562,5.85,6.60
2011.05.10 23:12:15.131,0.95512,0.95566,3.75,4.50
2011.05.10 23:12:16.712,0.95512,0.95566,3.75,4.50
2011.05.10 23:12:21.574,0.95512,0.95566,4.50,4.50
2011.05.10 23:12:27.293,0.95512,0.95566,3.75,4.50
2011.05.10 23:13:08.931,0.95508,0.95562,5.85,2.85
2011.05.10 23:13:09.703,0.95508,0.95562,2.10,2.85
2011.05.10 23:13:21.583,0.95508,0.95562,2.10,2.85
2011.05.10 23:13:21.802,0.95508,0.95562,3.75,4.50
2011.05.10 23:13:24.384,0.95508,0.95562,3.75,4.50
2011.05.10 23:13:24.600,0.95507,0.95563,5.85,6.60
2011.05.10 23:13:26.671,0.95506,0.95562,4.50,6.60
2011.05.10 23:13:26.891,0.95508,0.95562,3.75,4.50
2011.05.10 23:13:28.672,0.95508,0.95562,3.75,4.50
2011.05.10 23:13:32.243,0.95508,0.95562,4.50,4.50
2011.05.10 23:13:35.651,0.95508,0.95562,3.75,4.50
2011.05.10 23:13:36.153,0.95508,0.95562,4.50,4.50
2011.05.10 23:13:53.991,0.95512,0.95563,4.50,2.85
2011.05.10 23:13:55.723,0.95512,0.95563,4.50,2.85
2011.05.10 23:14:11.465,0.95512,0.95563,3.75,2.85
2011.05.10 23:14:13.043,0.95513,0.95567,3.75,4.50
2011.05.10 23:14:13.992,0.95513,0.95567,4.50,4.50
2011.05.10 23:14:21.803,0.95518,0.95572,3.75,4.50
2011.05.10 23:14:22.021,0.95516,0.95572,3.75,4.50
2011.05.10 23:14:23.653,0.95516,0.95572,4.50,4.50
2011.05.10 23:14:37.211,0.95516,0.95572,4.50,6.60
2011.05.10 23:14:38.174,0.95515,0.95571,4.50,4.50
2011.05.10 23:14:45.441,0.95518,0.95572,3.75,6.60
2011.05.10 23:14:51.104,0.95518,0.95572,4.50,6.60
2011.05.10 23:14:51.583,0.95518,0.95572,3.75,6.60
2011.05.10 23:14:54.451,0.95518,0.95572,4.50,6.60
2011.05.10 23:14:58.083,0.95518,0.95572,3.75,6.60
2011.05.10 23:15:19.121,0.95517,0.95571,4.50,4.50
2011.05.10 23:15:19.341,0.95514,0.9557,3.75,4.50
2011.05.10 23:15:19.691,0.95514,0.9557,4.50,4.50
2011.05.10 23:15:20.662,0.95517,0.95571,3.75,4.50
2011.05.10 23:15:21.884,0.95516,0.9557,4.50,4.50
2011.05.10 23:15:22.321,0.95516,0.9557,3.75,4.50
2011.05.10 23:15:22.432,0.95514,0.9557,3.75,4.50
2011.05.10 23:15:26.602,0.95514,0.9557,3.75,4.50
2011.05.10 23:15:33.481,0.95514,0.9557,3.75,4.50
2011.05.10 23:15:33.591,0.9551,0.95564,3.75,4.50
2011.05.10 23:15:34.152,0.95514,0.9557,3.75,4.50
2011.05.10 23:15:34.261,0.95517,0.95571,3.75,4.50
2011.05.10 23:15:36.724,0.95517,0.95571,3.75,4.50
2011.05.10 23:15:41.871,0.95517,0.95571,4.50,4.50
2011.05.10 23:15:42.091,0.95516,0.9557,3.75,4.50
2011.05.10 23:15:52.855,0.95517,0.95572,3.75,2.85
2011.05.10 23:15:53.183,0.95515,0.95571,3.75,4.50
2011.05.10 23:15:53.692,0.95515,0.95571,4.50,4.50
2011.05.10 23:15:57.292,0.95515,0.95571,3.75,4.50
2011.05.10 23:15:57.511,0.95517,0.95571,3.75,4.50
2011.05.10 23:15:58.060,0.95515,0.95571,4.50,4.50
2011.05.10 23:16:04.481,0.95515,0.95571,3.75,4.50
2011.05.10 23:16:13.125,0.95515,0.95571,4.50,4.50
2011.05.10 23:16:14.672,0.95515,0.95571,4.50,4.50
2011.05.10 23:16:49.214,0.95515,0.95571,4.50,4.50
2011.05.10 23:16:50.855,0.95515,0.95571,4.50,4.50
2011.05.10 23:16:58.862,0.95508,0.95572,2.85,2.85
2011.05.10 23:16:59.081,0.9552,0.95572,3.75,2.85
2011.05.10 23:16:59.191,0.95513,0.95567,3.75,4.50
2011.05.10 23:17:06.128,0.95513,0.95567,4.50,4.50
2011.05.10 23:17:06.931,0.95516,0.9557,3.75,4.50
2011.05.10 23:17:07.262,0.95514,0.9557,3.75,4.50
2011.05.10 23:17:07.779,0.95516,0.9557,3.75,4.50
2011.05.10 23:17:08.784,0.95516,0.9557,4.50,4.50
2011.05.10 23:17:09.652,0.95516,0.9557,4.50,4.50
2011.05.10 23:17:12.240,0.95516,0.9557,4.50,4.50
2011.05.10 23:17:13.174,0.95514,0.9557,3.75,4.50
2011.05.10 23:17:13.280,0.95511,0.95567,4.50,4.50
2011.05.10 23:17:16.451,0.95512,0.95566,3.75,4.50
2011.05.10 23:17:17.622,0.95512,0.95566,4.50,4.50
2011.05.10 23:17:18.232,0.95511,0.95565,4.50,4.50
2011.05.10 23:17:21.590,0.95511,0.95565,4.50,4.50
2011.05.10 23:17:26.271,0.95511,0.95565,4.50,4.50
2011.05.10 23:17:33.841,0.95512,0.95562,3.75,2.85
2011.05.10 23:17:33.951,0.95512,0.95552,3.75,2.10
2011.05.10 23:17:37.240,0.95512,0.95552,3.75,2.85
2011.05.10 23:17:37.772,0.95512,0.95552,3.75,2.85
2011.05.10 23:17:37.881,0.95504,0.95553,3.75,2.85
2011.05.10 23:17:38.772,0.95504,0.95553,4.50,2.85
2011.05.10 23:17:39.715,0.95504,0.95553,3.75,2.85
2011.05.10 23:17:45.943,0.95504,0.95553,3.75,2.85
2011.05.10 23:17:46.053,0.95499,0.95542,4.50,2.85
2011.05.10 23:17:46.163,0.95499,0.95543,3.75,2.85
2011.05.10 23:17:46.272,0.95495,0.95543,4.50,2.85
2011.05.10 23:17:46.522,0.95494,0.95543,3.75,2.85
2011.05.10 23:17:46.742,0.95488,0.95543,4.50,2.85
2011.05.10 23:17:48.722,0.95487,0.95543,4.50,6.60
2011.05.10 23:17:49.802,0.95485,0.95539,4.50,4.50
2011.05.10 23:17:50.022,0.95485,0.95539,4.50,4.50
2011.05.10 23:17:50.893,0.95487,0.95542,4.50,2.85
2011.05.10 23:17:51.689,0.95487,0.95542,4.50,2.85
2011.05.10 23:17:52.372,0.95487,0.95542,4.50,2.10
2011.05.10 23:17:52.903,0.95487,0.95542,4.50,2.85
2011.05.10 23:17:58.481,0.95487,0.95542,3.75,2.85
2011.05.10 23:17:59.031,0.95488,0.95542,3.75,4.50
2011.05.10 23:18:00.712,0.95488,0.95542,4.50,4.50
2011.05.10 23:18:08.419,0.95488,0.95542,3.75,4.50
2011.05.10 23:18:17.163,0.95488,0.95542,4.50,4.50
2011.05.10 23:18:22.772,0.95482,0.95536,3.75,4.50
2011.05.10 23:18:22.882,0.95482,0.95532,3.75,2.10
2011.05.10 23:18:23.434,0.95479,0.95532,3.75,2.85
2011.05.10 23:18:23.761,0.95475,0.95529,4.50,4.50
2011.05.10 23:18:24.671,0.95475,0.95529,4.50,4.50
2011.05.10 23:18:25.821,0.95475,0.95529,4.50,4.50
2011.05.10 23:18:26.146,0.95475,0.95529,4.50,4.50
2011.05.10 23:18:27.683,0.9547,0.95526,4.50,4.50
2011.05.10 23:18:27.791,0.9547,0.95526,4.50,4.50
2011.05.10 23:18:28.343,0.95475,0.95529,4.50,4.50
2011.05.10 23:18:28.671,0.95471,0.95525,4.50,3.75
2011.05.10 23:18:28.784,0.95469,0.95523,4.50,3.75
2011.05.10 23:18:28.891,0.95466,0.9552,4.50,3.75
2011.05.10 23:18:29.111,0.95466,0.95522,4.50,3.75
2011.05.10 23:18:30.252,0.95466,0.95522,4.50,3.75
2011.05.10 23:18:30.361,0.9547,0.95526,4.50,3.75
2011.05.10 23:18:30.472,0.9547,0.95526,4.50,4.50
2011.05.10 23:18:30.692,0.95471,0.95527,4.50,3.75
2011.05.10 23:18:30.913,0.95471,0.95527,4.50,4.50
2011.05.10 23:18:31.022,0.95474,0.9553,3.75,4.50
2011.05.10 23:18:31.241,0.95475,0.95531,3.75,4.50
2011.05.10 23:18:31.850,0.95474,0.9553,3.75,4.50
2011.05.10 23:18:31.962,0.95474,0.9553,3.75,4.50
2011.05.10 23:18:32.182,0.95471,0.95525,3.75,4.50
2011.05.10 23:18:32.722,0.95475,0.95529,3.75,4.50
2011.05.10 23:18:32.831,0.95475,0.95529,3.75,4.50
2011.05.10 23:18:33.542,0.95474,0.95528,3.75,3.75
2011.05.10 23:18:34.642,0.95474,0.95528,3.75,4.50
2011.05.10 23:18:35.753,0.95474,0.95528,4.50,4.50
2011.05.10 23:18:36.042,0.95474,0.95528,3.75,4.50
2011.05.10 23:18:37.724,0.95474,0.95528,4.50,4.50
2011.05.10 23:18:41.312,0.95474,0.95528,3.75,4.50
2011.05.10 23:18:42.316,0.95475,0.95529,3.75,4.50
2011.05.10 23:18:42.884,0.95475,0.95529,4.50,4.50
2011.05.10 23:18:42.992,0.95472,0.95526,4.50,3.75
2011.05.10 23:18:43.343,0.95469,0.95522,4.50,2.10
2011.05.10 23:18:43.672,0.95462,0.95518,4.50,3.75
2011.05.10 23:18:43.781,0.95462,0.95518,4.50,4.50
2011.05.10 23:18:44.273,0.95461,0.95517,4.50,3.75
2011.05.10 23:18:44.492,0.95461,0.95515,4.50,4.50
2011.05.10 23:18:44.713,0.95461,0.95517,4.50,3.75
2011.05.10 23:18:44.933,0.95455,0.95511,4.50,3.75
2011.05.10 23:18:45.261,0.95455,0.95503,4.50,2.10
2011.05.10 23:18:45.371,0.95455,0.95511,4.50,3.75
2011.05.10 23:18:45.481,0.95455,0.95509,4.50,3.75
2011.05.10 23:18:46.002,0.95459,0.95515,3.75,4.50
2011.05.10 23:18:46.111,0.95464,0.95518,3.75,4.50
2011.05.10 23:18:46.442,0.95462,0.95518,3.75,4.50
2011.05.10 23:18:46.551,0.95458,0.95514,3.75,4.50
2011.05.10 23:18:47.443,0.95459,0.95515,4.50,4.50
2011.05.10 23:18:47.944,0.95456,0.9551,4.50,3.75
2011.05.10 23:18:49.442,0.95456,0.9551,4.50,3.75
2011.05.10 23:18:49.771,0.95456,0.9551,4.50,3.75
2011.05.10 23:18:49.881,0.95461,0.95515,4.50,3.75
2011.05.10 23:18:49.991,0.95462,0.95518,3.75,4.50
2011.05.10 23:18:50.211,0.95461,0.95515,3.75,4.50
2011.05.10 23:18:50.462,0.95458,0.95514,3.75,4.50
2011.05.10 23:18:51.691,0.95455,0.95511,4.50,3.75
2011.05.10 23:18:52.665,0.95454,0.9551,4.50,3.75
2011.05.10 23:18:52.992,0.9546,0.95514,3.75,4.50
2011.05.10 23:18:53.519,0.95459,0.95515,3.75,4.50
2011.05.10 23:18:54.184,0.95459,0.95515,4.50,3.75
2011.05.10 23:18:54.684,0.95459,0.95515,4.50,4.50
2011.05.10 23:18:55.471,0.95459,0.95515,3.75,4.50
2011.05.10 23:18:55.581,0.95456,0.9551,4.50,3.75
2011.05.10 23:18:55.911,0.95459,0.95515,3.75,4.50
2011.05.10 23:18:57.000,0.95459,0.95515,4.50,4.50
2011.05.10 23:18:57.261,0.95459,0.95515,3.75,4.50
2011.05.10 23:18:57.372,0.95455,0.95511,4.50,3.75
2011.05.10 23:18:58.642,0.95455,0.95511,4.50,4.50
2011.05.10 23:19:00.212,0.95459,0.95513,3.75,3.75
2011.05.10 23:19:00.542,0.95461,0.95515,3.75,4.50
2011.05.10 23:19:00.872,0.95463,0.95517,3.75,4.50
2011.05.10 23:19:02.714,0.95463,0.95517,3.75,4.50
2011.05.10 23:19:04.182,0.95463,0.95517,3.75,4.50
2011.05.10 23:19:04.512,0.9544,0.95496,4.50,3.75
2011.05.10 23:19:04.622,0.95439,0.95493,4.50,3.75
2011.05.10 23:19:04.841,0.95449,0.95503,3.75,6.60
2011.05.10 23:19:05.122,0.95449,0.95503,4.50,5.85
2011.05.10 23:19:05.451,0.95453,0.95509,3.75,4.50
2011.05.10 23:19:06.212,0.95458,0.95512,3.75,2.85
2011.05.10 23:19:06.752,0.9546,0.95516,3.75,4.50
2011.05.10 23:19:07.312,0.95461,0.95517,3.75,4.50
2011.05.10 23:19:07.861,0.95461,0.95517,4.50,4.50
2011.05.10 23:19:07.973,0.95463,0.95517,3.75,4.50
2011.05.10 23:19:10.642,0.95446,0.95502,4.50,3.75
2011.05.10 23:19:10.752,0.95446,0.95502,4.50,3.75
2011.05.10 23:19:10.861,0.95445,0.95499,4.50,3.75
2011.05.10 23:19:11.973,0.95445,0.95499,4.50,3.75
2011.05.10 23:19:12.705,0.95445,0.95499,4.50,4.50
2011.05.10 23:19:14.281,0.95445,0.95499,4.50,4.50
2011.05.10 23:19:14.391,0.95445,0.95499,4.50,3.75
2011.05.10 23:19:14.611,0.95455,0.95509,3.75,4.50
2011.05.10 23:19:15.052,0.95457,0.9551,3.75,1.35
2011.05.10 23:19:15.783,0.95457,0.9551,3.75,1.35
2011.05.10 23:19:19.187,0.95457,0.9551,3.75,1.35
2011.05.10 23:19:19.732,0.95457,0.95511,3.75,4.50
2011.05.10 23:19:19.842,0.95459,0.95515,3.75,4.50
2011.05.10 23:19:20.219,0.95461,0.95515,3.75,4.50
2011.05.10 23:19:20.331,0.95459,0.95513,3.75,4.50
2011.05.10 23:19:21.012,0.95462,0.95516,3.75,3.75
2011.05.10 23:19:21.543,0.95464,0.95518,3.75,4.50
2011.05.10 23:19:21.652,0.95461,0.95517,3.75,3.75
2011.05.10 23:19:21.872,0.95463,0.95519,3.75,4.50
2011.05.10 23:19:22.203,0.9547,0.95524,3.75,3.75
2011.05.10 23:19:31.381,0.95468,0.95524,3.75,4.50
2011.05.10 23:19:31.733,0.95468,0.95524,3.75,4.50
2011.05.10 23:19:32.393,0.95468,0.95524,3.75,4.50
2011.05.10 23:19:37.623,0.95471,0.95525,3.75,4.50
2011.05.10 23:19:41.770,0.95471,0.95525,4.50,3.75
2011.05.10 23:19:41.882,0.95479,0.95533,3.75,4.50
2011.05.10 23:19:42.213,0.95474,0.95528,3.75,4.50
2011.05.10 23:19:42.432,0.95474,0.9553,4.50,4.50
2011.05.10 23:19:43.714,0.95474,0.9553,3.75,4.50
2011.05.10 23:19:48.942,0.95471,0.95527,4.50,4.50
2011.05.10 23:19:49.051,0.95471,0.95527,4.50,3.75
2011.05.10 23:19:49.272,0.95467,0.95523,4.50,3.75
2011.05.10 23:19:50.278,0.95466,0.95522,4.50,3.75
2011.05.10 23:19:51.201,0.95466,0.95522,4.50,3.75
2011.05.10 23:20:00.921,0.95471,0.95527,4.50,4.50
2011.05.10 23:20:02.371,0.95471,0.95527,4.50,4.50
2011.05.10 23:20:05.923,0.95471,0.95527,4.50,3.75
2011.05.10 23:20:07.073,0.95475,0.95531,4.50,4.50
2011.05.10 23:20:07.685,0.95476,0.9553,4.50,4.50
2011.05.10 23:20:11.811,0.95476,0.9553,4.50,4.50
2011.05.10 23:20:12.245,0.95472,0.95526,4.50,3.75
2011.05.10 23:20:16.706,0.95472,0.95526,4.50,3.75
2011.05.10 23:20:16.826,0.95472,0.95526,4.50,3.75
2011.05.10 23:20:16.936,0.95472,0.95526,4.50,3.75
2011.05.10 23:20:17.152,0.95472,0.95526,4.50,3.75
2011.05.10 23:20:17.262,0.95472,0.95526,3.75,3.75
2011.05.10 23:20:17.371,0.9547,0.95524,4.50,3.75
2011.05.10 23:20:17.873,0.95469,0.95523,4.50,3.75
2011.05.10 23:20:18.914,0.95469,0.95523,3.75,4.50
2011.05.10 23:20:19.132,0.95467,0.95523,4.50,4.50
2011.05.10 23:20:19.644,0.95467,0.95523,4.50,3.75
2011.05.10 23:20:19.758,0.95467,0.95523,4.50,4.50
2011.05.10 23:20:20.018,0.95466,0.9552,4.50,3.75
2011.05.10 23:20:21.036,0.95465,0.95521,4.50,3.75
2011.05.10 23:20:22.022,0.95467,0.95523,4.50,4.50
2011.05.10 23:20:22.132,0.95469,0.95523,3.75,4.50
2011.05.10 23:20:24.952,0.95468,0.95522,3.75,3.75
2011.05.10 23:20:26.824,0.95468,0.95522,4.50,3.75
2011.05.10 23:20:27.263,0.95468,0.95522,3.75,3.75
2011.05.10 23:20:32.072,0.95473,0.95527,3.75,3.75
2011.05.10 23:20:32.717,0.95476,0.9553,3.75,4.50
2011.05.10 23:20:32.822,0.95474,0.9553,3.75,4.50
2011.05.10 23:20:33.639,0.95474,0.9553,3.75,4.50
2011.05.10 23:20:34.743,0.95474,0.9553,4.50,3.75
2011.05.10 23:20:35.074,0.95474,0.9553,3.75,4.50
2011.05.10 23:20:35.511,0.95473,0.95527,4.50,3.75
2011.05.10 23:20:35.731,0.95475,0.95529,4.50,3.75
2011.05.10 23:20:38.001,0.95472,0.95528,4.50,3.75
2011.05.10 23:20:38.222,0.95475,0.95529,3.75,4.50
2011.05.10 23:20:38.551,0.95473,0.95527,3.75,3.75
2011.05.10 23:20:39.393,0.95476,0.9553,3.75,4.50
2011.05.10 23:20:39.981,0.95475,0.95529,3.75,4.50
2011.05.10 23:20:40.201,0.95473,0.95529,3.75,4.50
2011.05.10 23:20:40.421,0.95476,0.9553,3.75,4.50
2011.05.10 23:20:41.176,0.95476,0.9553,3.75,4.50
2011.05.10 23:20:41.711,0.95476,0.9553,3.75,4.50
2011.05.10 23:20:50.033,0.95476,0.9553,3.75,4.50
2011.05.10 23:20:51.651,0.95476,0.9553,3.75,4.50
2011.05.10 23:20:53.288,0.95475,0.95529,3.75,4.50
2011.05.10 23:20:57.211,0.95479,0.95533,3.75,4.50
2011.05.10 23:20:58.722,0.95479,0.95533,3.75,4.50
2011.05.10 23:20:59.752,0.95479,0.95533,3.75,4.50
2011.05.10 23:20:59.861,0.95471,0.95525,3.75,3.75
2011.05.10 23:21:01.103,0.95471,0.95525,3.75,4.50
2011.05.10 23:21:01.542,0.95468,0.95522,3.75,3.75
2011.05.10 23:21:02.683,0.95469,0.95523,3.75,3.75
2011.05.10 23:21:06.158,0.95473,0.95529,3.75,4.50
2011.05.10 23:21:06.915,0.95473,0.95529,3.75,4.50
2011.05.10 23:21:10.991,0.95472,0.95526,3.75,4.50
2011.05.10 23:21:12.961,0.95471,0.95525,3.75,4.50
2011.05.10 23:21:19.288,0.95471,0.95525,4.50,3.75
2011.05.10 23:21:19.392,0.95473,0.95527,3.75,3.75
2011.05.10 23:21:20.493,0.95476,0.95532,4.50,4.50
2011.05.10 23:21:26.623,0.95479,0.95533,3.75,4.50
2011.05.10 23:21:26.731,0.95479,0.95533,3.75,4.50
2011.05.10 23:21:42.381,0.9548,0.95534,3.75,4.50
2011.05.10 23:21:42.954,0.9548,0.95534,3.75,4.50
2011.05.10 23:21:43.172,0.9548,0.95534,3.75,4.50
2011.05.10 23:21:43.481,0.95475,0.95531,4.50,3.75
2011.05.10 23:21:45.261,0.95475,0.95531,3.75,3.75
2011.05.10 23:21:45.481,0.95479,0.95535,3.75,4.50
2011.05.10 23:21:58.012,0.95479,0.95535,4.50,3.75
2011.05.10 23:21:59.182,0.95479,0.95535,3.75,4.50
2011.05.10 23:21:59.401,0.95481,0.95535,3.75,4.50
2011.05.10 23:22:00.291,0.95479,0.95533,3.75,3.75
2011.05.10 23:22:01.131,0.95478,0.95532,3.75,3.75
2011.05.10 23:22:04.292,0.95479,0.95533,3.75,3.75
2011.05.10 23:22:09.743,0.95478,0.95532,3.75,3.75
2011.05.10 23:22:12.501,0.95478,0.95534,3.75,4.50
2011.05.10 23:22:26.194,0.95478,0.95534,3.75,4.50
2011.05.10 23:22:27.173,0.95478,0.95534,4.50,4.50
2011.05.10 23:22:28.665,0.95478,0.95534,3.75,4.50
2011.05.10 23:22:29.201,0.95465,0.95526,4.50,3.75
2011.05.10 23:22:31.793,0.95465,0.95526,4.50,3.75
2011.05.10 23:22:32.094,0.95465,0.95526,4.50,3.75
2011.05.10 23:22:34.891,0.95469,0.95525,4.50,3.75
2011.05.10 23:22:38.182,0.95465,0.95526,4.50,3.75
2011.05.10 23:22:40.743,0.95465,0.95526,4.50,3.75
2011.05.10 23:22:41.051,0.95465,0.95529,4.50,3.75
2011.05.10 23:22:41.697,0.95465,0.95529,4.50,3.75
2011.05.10 23:22:43.572,0.95467,0.95528,4.50,3.75
2011.05.10 23:22:44.012,0.95476,0.95532,4.50,3.75
2011.05.10 23:22:44.871,0.95476,0.95532,4.50,4.50
2011.05.10 23:22:44.982,0.9548,0.95534,3.75,4.50
2011.05.10 23:22:45.092,0.95476,0.95532,4.50,4.50
2011.05.10 23:22:45.202,0.95476,0.95532,4.50,3.75
2011.05.10 23:22:45.312,0.95474,0.9553,4.50,3.75
2011.05.10 23:22:45.783,0.95479,0.95533,3.75,4.50
2011.05.10 23:22:45.892,0.95477,0.95531,4.50,3.75
2011.05.10 23:22:47.811,0.95479,0.95535,3.75,4.50
2011.05.10 23:22:48.141,0.95475,0.95531,3.75,4.50
2011.05.10 23:22:48.252,0.95475,0.95531,3.75,3.75
2011.05.10 23:22:48.361,0.95475,0.95529,3.75,3.75
2011.05.10 23:22:49.621,0.95475,0.95529,3.75,4.50
2011.05.10 23:22:50.762,0.95475,0.95529,3.75,4.50
2011.05.10 23:22:52.931,0.95481,0.95535,3.75,4.50
2011.05.10 23:22:53.151,0.95481,0.95535,3.75,4.50
2011.05.10 23:22:53.592,0.95479,0.95535,3.75,4.50
2011.05.10 23:22:54.142,0.95476,0.9553,3.75,3.75
2011.05.10 23:22:55.148,0.9547,0.95526,4.50,3.75
2011.05.10 23:22:55.635,0.9547,0.95526,4.50,3.75
2011.05.10 23:22:56.673,0.9547,0.95526,4.50,4.50
2011.05.10 23:23:00.471,0.9547,0.95526,4.50,3.75
2011.05.10 23:23:00.802,0.95473,0.95522,3.75,2.10
2011.05.10 23:23:00.911,0.95468,0.95522,3.75,2.10
2011.05.10 23:23:01.022,0.95468,0.95522,4.50,2.10
2011.05.10 23:23:02.723,0.95468,0.95522,4.50,2.85
2011.05.10 23:23:03.221,0.95468,0.95522,3.75,2.85
2011.05.10 23:23:03.331,0.95468,0.95512,3.75,2.10
2011.05.10 23:23:03.553,0.95464,0.9552,4.50,4.50
2011.05.10 23:23:04.691,0.95467,0.95517,2.85,3.75
2011.05.10 23:23:04.803,0.95461,0.95517,4.50,3.75
2011.05.10 23:23:05.643,0.95462,0.95518,4.50,3.75
2011.05.10 23:23:06.172,0.95458,0.95513,5.10,2.10
2011.05.10 23:23:06.391,0.95464,0.95518,3.75,4.50
2011.05.10 23:23:06.883,0.95466,0.9552,3.75,4.50
2011.05.10 23:23:08.224,0.95467,0.95521,4.50,3.75
2011.05.10 23:23:08.443,0.95473,0.95527,3.75,4.50
2011.05.10 23:23:08.552,0.95476,0.9553,3.75,4.50
2011.05.10 23:23:08.663,0.95478,0.95532,3.75,4.50
2011.05.10 23:23:09.324,0.95478,0.95532,4.50,3.75
2011.05.10 23:23:09.652,0.95482,0.95538,3.75,4.50
2011.05.10 23:23:10.402,0.95479,0.95535,4.50,4.50
2011.05.10 23:23:12.672,0.95479,0.95533,3.75,4.50
2011.05.10 23:23:13.112,0.95479,0.95533,4.50,3.75
2011.05.10 23:23:13.222,0.95496,0.95552,3.75,6.60
2011.05.10 23:23:13.551,0.95499,0.95542,3.75,2.85
2011.05.10 23:23:13.882,0.95492,0.95542,3.75,2.85
2011.05.10 23:23:14.102,0.95483,0.95537,4.50,3.75
2011.05.10 23:23:14.542,0.95485,0.95539,4.50,4.50
2011.05.10 23:23:15.103,0.95482,0.95538,4.50,3.75
2011.05.10 23:23:16.974,0.95482,0.95538,4.50,4.50
2011.05.10 23:23:19.896,0.955,0.95543,3.75,2.85
2011.05.10 23:23:20.273,0.955,0.95552,3.75,2.85
2011.05.10 23:23:20.492,0.95502,0.95552,3.75,2.85
2011.05.10 23:23:21.784,0.95491,0.95545,3.75,4.50
2011.05.10 23:23:22.312,0.9549,0.95544,3.75,4.50
2011.05.10 23:23:28.134,0.9549,0.95544,3.75,4.50
2011.05.10 23:23:30.293,0.95491,0.95545,3.75,4.50
2011.05.10 23:23:31.702,0.95491,0.95545,3.75,4.50
2011.05.10 23:23:34.183,0.95491,0.95545,3.75,4.50
2011.05.10 23:23:34.802,0.95492,0.95548,3.75,4.50
2011.05.10 23:23:35.919,0.95492,0.95548,3.75,4.50
2011.05.10 23:23:37.655,0.95492,0.95548,3.75,4.50
2011.05.10 23:23:42.665,0.95492,0.95548,3.75,4.50
2011.05.10 23:23:42.942,0.95492,0.95548,3.75,4.50
2011.05.10 23:23:43.052,0.95487,0.95532,4.50,2.10
2011.05.10 23:23:43.275,0.95479,0.95532,4.50,2.10
2011.05.10 23:23:43.384,0.95488,0.95542,3.75,6.60
2011.05.10 23:23:43.602,0.95486,0.9554,3.75,4.50
2011.05.10 23:23:44.043,0.95484,0.95538,3.75,3.75
2011.05.10 23:23:44.262,0.95485,0.95539,3.75,4.50
2011.05.10 23:23:45.484,0.95485,0.95539,3.75,4.50
2011.05.10 23:23:46.242,0.95485,0.95539,3.75,4.50
2011.05.10 23:23:46.352,0.95479,0.95532,3.75,2.85
2011.05.10 23:23:47.442,0.95479,0.95532,3.75,2.85
2011.05.10 23:23:47.773,0.95482,0.95532,3.75,2.10
2011.05.10 23:23:47.992,0.95484,0.9554,3.75,4.50
2011.05.10 23:23:48.939,0.95484,0.9554,3.75,4.50
2011.05.10 23:23:54.073,0.95486,0.95542,3.75,6.60
2011.05.10 23:23:54.693,0.95486,0.95542,3.75,6.60
2011.05.10 23:23:55.807,0.95489,0.95542,3.75,2.85
2011.05.10 23:23:58.875,0.95489,0.95542,3.75,2.85
2011.05.10 23:23:59.802,0.95489,0.95542,3.75,2.85
2011.05.10 23:24:00.022,0.95487,0.95542,3.75,2.85
2011.05.10 23:24:00.133,0.95488,0.95542,3.75,2.85
2011.05.10 23:24:00.812,0.95488,0.95544,3.75,4.50
2011.05.10 23:24:01.636,0.95487,0.95543,3.75,6.60
2011.05.10 23:24:17.705,0.95486,0.95542,3.75,4.50
2011.05.10 23:24:25.355,0.95486,0.95542,3.75,4.50
2011.05.10 23:24:25.572,0.95483,0.95539,3.75,4.50
2011.05.10 23:24:25.682,0.95483,0.95539,3.75,4.50
2011.05.10 23:24:26.792,0.95483,0.95539,3.75,4.50
2011.05.10 23:24:27.715,0.95483,0.95539,3.75,4.50
2011.05.10 23:24:28.793,0.95488,0.95542,3.75,6.60
2011.05.10 23:24:28.903,0.95484,0.95538,3.75,4.50
2011.05.10 23:24:29.012,0.9548,0.95533,3.75,2.85
2011.05.10 23:24:29.122,0.95476,0.95532,3.75,6.60
2011.05.10 23:24:29.693,0.95478,0.95532,3.75,4.50
2011.05.10 23:24:30.192,0.95477,0.95531,3.75,4.50
2011.05.10 23:24:30.792,0.9548,0.95533,3.75,2.85
2011.05.10 23:24:31.013,0.95483,0.95533,3.75,2.85
2011.05.10 23:24:33.202,0.95484,0.9554,3.75,4.50
2011.05.10 23:24:33.923,0.95483,0.95539,3.75,4.50
2011.05.10 23:24:34.032,0.95485,0.95539,3.75,4.50
2011.05.10 23:24:34.251,0.95485,0.95539,4.50,4.50
2011.05.10 23:24:48.061,0.95485,0.95539,3.75,4.50
2011.05.10 23:24:48.172,0.95481,0.95537,4.50,4.50
2011.05.10 23:24:49.753,0.9548,0.95533,4.50,2.85
2011.05.10 23:24:51.542,0.9548,0.95533,4.50,2.85
2011.05.10 23:24:52.724,0.9548,0.95533,3.75,2.85
2011.05.10 23:24:53.082,0.95478,0.95533,3.75,2.85
2011.05.10 23:24:54.436,0.95478,0.95533,3.75,2.85
2011.05.10 23:25:00.543,0.95478,0.95533,3.75,2.85
2011.05.10 23:25:01.056,0.95479,0.95533,3.75,2.85
2011.05.10 23:25:01.194,0.95479,0.95533,3.75,2.85
2011.05.10 23:25:05.662,0.95479,0.95533,3.75,6.60
2011.05.10 23:25:05.882,0.95481,0.95533,3.75,2.85
2011.05.10 23:25:07.673,0.9547,0.95524,4.50,4.50
2011.05.10 23:25:07.893,0.95466,0.95522,4.50,5.85
2011.05.10 23:25:08.002,0.95466,0.95522,4.50,3.75
2011.05.10 23:25:08.112,0.95466,0.9552,4.50,3.75
2011.05.10 23:25:08.559,0.95466,0.9552,4.50,4.50
2011.05.10 23:25:09.603,0.95466,0.9552,4.50,4.50
2011.05.10 23:25:10.563,0.95476,0.95523,4.50,2.85
2011.05.10 23:25:11.004,0.9548,0.95532,3.75,2.85
2011.05.10 23:25:13.512,0.9548,0.95532,4.50,2.85
2011.05.10 23:25:13.733,0.95493,0.95543,3.75,3.45
2011.05.10 23:25:14.283,0.95481,0.95532,1.35,3.75
2011.05.10 23:25:14.612,0.95497,0.95552,3.75,2.85
2011.05.10 23:25:14.942,0.955,0.95552,3.75,2.85
2011.05.10 23:25:15.382,0.95503,0.95552,3.75,2.85
2011.05.10 23:25:15.735,0.95503,0.95552,3.75,2.85
2011.05.10 23:25:16.822,0.95503,0.95552,3.75,2.85
2011.05.10 23:25:17.714,0.95503,0.95552,4.50,2.85
2011.05.10 23:25:18.146,0.95503,0.95552,3.75,2.85
2011.05.10 23:25:18.253,0.95491,0.95547,4.50,4.50
2011.05.10 23:25:18.842,0.95489,0.95542,4.50,2.10
2011.05.10 23:25:19.062,0.9549,0.95542,3.75,2.85
2011.05.10 23:25:19.574,0.9549,0.95542,3.75,2.85
2011.05.10 23:25:20.193,0.9549,0.95542,3.75,2.85
2011.05.10 23:25:20.475,0.9549,0.95542,3.75,2.85
2011.05.10 23:25:20.583,0.95492,0.95542,3.75,2.85
2011.05.10 23:25:20.912,0.95494,0.95542,3.75,2.85
2011.05.10 23:25:21.213,0.95492,0.95542,3.75,2.85
2011.05.10 23:25:21.432,0.95497,0.95551,3.75,4.50
2011.05.10 23:25:21.762,0.955,0.95552,3.75,2.85
2011.05.10 23:25:21.982,0.955,0.95552,3.75,2.85
2011.05.10 23:25:22.092,0.95502,0.95552,3.75,2.85
2011.05.10 23:25:22.654,0.95502,0.95552,3.75,2.85
2011.05.10 23:25:23.633,0.95498,0.95552,4.50,6.60
2011.05.10 23:25:24.773,0.95498,0.95552,3.75,6.60
2011.05.10 23:25:29.923,0.95498,0.95552,4.50,6.60
2011.05.10 23:25:30.032,0.95498,0.95552,3.75,6.60
2011.05.10 23:25:31.024,0.95498,0.95552,4.50,6.60
2011.05.10 23:25:39.925,0.95498,0.95552,4.50,6.60
2011.05.10 23:25:40.516,0.95502,0.95552,3.75,2.85
2011.05.10 23:25:40.803,0.95492,0.95548,4.50,4.50
2011.05.10 23:25:41.242,0.9549,0.95543,4.50,2.85
2011.05.10 23:25:42.684,0.9549,0.95543,4.50,2.85
2011.05.10 23:25:43.954,0.9549,0.95543,4.50,2.85
2011.05.10 23:25:47.093,0.9549,0.95543,4.50,2.85
2011.05.10 23:25:51.482,0.9549,0.95543,4.50,2.85
2011.05.10 23:25:52.754,0.95484,0.95538,4.50,4.50
2011.05.10 23:25:53.222,0.95484,0.95538,4.50,4.50
2011.05.10 23:25:53.552,0.95489,0.95543,3.75,2.85
2011.05.10 23:25:54.293,0.95489,0.95543,4.50,2.85
2011.05.10 23:25:58.272,0.95489,0.95543,3.75,2.85
2011.05.10 23:25:58.382,0.95487,0.95543,3.75,6.60
2011.05.10 23:25:58.493,0.95487,0.95543,3.75,6.60
2011.05.10 23:25:58.602,0.95487,0.95543,4.50,6.60
2011.05.10 23:25:58.822,0.95484,0.95538,4.50,4.50
2011.05.10 23:25:59.419,0.95483,0.95539,4.50,4.50
2011.05.10 23:25:59.784,0.95483,0.95539,4.50,4.50
2011.05.10 23:26:01.043,0.95479,0.95533,4.50,4.50
2011.05.10 23:26:01.724,0.95483,0.95539,3.75,4.50
2011.05.10 23:26:05.203,0.95483,0.95539,3.75,4.50
2011.05.10 23:26:10.293,0.95488,0.95542,3.75,4.50
2011.05.10 23:26:11.726,0.95488,0.95542,3.75,4.50
2011.05.10 23:26:13.503,0.95488,0.95542,3.75,4.50
2011.05.10 23:26:14.001,0.95483,0.95539,4.50,4.50
2011.05.10 23:26:14.694,0.95483,0.95539,4.50,4.50
2011.05.10 23:26:21.526,0.95483,0.95539,4.50,4.50
2011.05.10 23:26:23.162,0.95483,0.95539,3.75,4.50
2011.05.10 23:26:23.803,0.95488,0.95542,3.75,4.50
2011.05.10 23:26:23.907,0.95483,0.95539,4.50,4.50
2011.05.10 23:26:24.012,0.95484,0.95538,3.75,4.50
2011.05.10 23:26:24.122,0.95482,0.95536,3.75,4.50
2011.05.10 23:26:24.702,0.95482,0.95536,4.50,4.50
2011.05.10 23:26:25.772,0.95474,0.9553,3.75,4.50
2011.05.10 23:26:25.993,0.95472,0.95528,3.75,3.75
2011.05.10 23:26:26.103,0.95477,0.95531,3.75,4.50
2011.05.10 23:26:26.432,0.95471,0.95525,4.50,3.75
2011.05.10 23:26:26.542,0.95473,0.95527,4.50,3.75
2011.05.10 23:26:27.243,0.95473,0.95527,3.75,4.50
2011.05.10 23:26:28.242,0.95473,0.95527,3.75,4.50
2011.05.10 23:26:28.752,0.95476,0.9553,3.75,4.50
2011.05.10 23:26:28.864,0.9547,0.95523,3.75,2.85
2011.05.10 23:26:29.082,0.95468,0.95522,3.75,4.50
2011.05.10 23:26:29.512,0.95472,0.95528,3.75,4.50
2011.05.10 23:26:30.552,0.95468,0.95524,3.75,4.50
2011.05.10 23:26:30.662,0.95467,0.95522,3.75,2.85
2011.05.10 23:26:30.883,0.95463,0.95519,3.75,4.50
2011.05.10 23:26:30.992,0.95458,0.95514,4.50,3.75
2011.05.10 23:26:31.213,0.95456,0.95512,4.50,3.75
2011.05.10 23:26:31.542,0.95461,0.95515,3.75,4.50
2011.05.10 23:26:31.872,0.95462,0.95516,4.50,3.75
2011.05.10 23:26:32.092,0.95464,0.95518,3.75,4.50
2011.05.10 23:26:32.482,0.95466,0.95522,3.75,4.50
2011.05.10 23:26:32.924,0.95468,0.95522,3.75,4.50
2011.05.10 23:26:33.743,0.95468,0.95522,3.75,4.50
2011.05.10 23:26:35.812,0.95464,0.9552,4.50,4.50
2011.05.10 23:26:36.804,0.95464,0.95518,4.50,3.75
2011.05.10 23:26:37.700,0.95464,0.95518,4.50,4.50
2011.05.10 23:26:40.655,0.95464,0.95518,4.50,4.50
2011.05.10 23:26:41.115,0.95464,0.95518,4.50,4.50
2011.05.10 23:26:41.524,0.95464,0.95518,4.50,3.75
2011.05.10 23:26:41.871,0.95464,0.95518,3.75,4.50
2011.05.10 23:26:42.304,0.95464,0.95518,4.50,4.50
2011.05.10 23:26:45.932,0.95464,0.95518,3.75,4.50
2011.05.10 23:26:47.109,0.95464,0.95518,4.50,4.50
2011.05.10 23:26:47.223,0.95464,0.95518,4.50,3.75
2011.05.10 23:26:47.333,0.95464,0.95518,3.75,4.50
2011.05.10 23:26:47.443,0.95462,0.95518,3.75,3.75
2011.05.10 23:26:47.553,0.95467,0.95523,4.50,4.50
2011.05.10 23:26:47.882,0.95473,0.95527,3.75,4.50
2011.05.10 23:26:47.992,0.95471,0.95527,3.75,4.50
2011.05.10 23:26:48.514,0.95471,0.95527,3.75,4.50
2011.05.10 23:26:48.805,0.95471,0.95527,4.50,4.50
2011.05.10 23:26:48.912,0.95471,0.95527,3.75,4.50
2011.05.10 23:26:49.686,0.95471,0.95527,4.50,4.50
2011.05.10 23:26:49.992,0.95471,0.95527,4.50,4.50
2011.05.10 23:26:50.292,0.95471,0.95527,4.50,4.50
2011.05.10 23:26:50.762,0.95471,0.95527,4.50,4.50
2011.05.10 23:26:51.612,0.95471,0.95527,4.50,4.50
2011.05.10 23:26:52.233,0.9547,0.95524,3.75,4.50
2011.05.10 23:26:52.343,0.95465,0.95519,4.50,4.50
2011.05.10 23:26:52.455,0.95469,0.95523,4.50,3.75
2011.05.10 23:26:52.894,0.95471,0.95525,3.75,4.50
2011.05.10 23:26:53.113,0.95471,0.95525,3.75,4.50
2011.05.10 23:26:53.442,0.95473,0.95527,3.75,4.50
2011.05.10 23:26:54.651,0.95472,0.95526,4.50,4.50
2011.05.10 23:26:55.613,0.95468,0.95522,3.75,4.50
2011.05.10 23:26:55.943,0.95465,0.95519,4.50,4.50
2011.05.10 23:26:56.052,0.95465,0.95519,4.50,3.75
2011.05.10 23:26:57.272,0.95465,0.95519,4.50,4.50
2011.05.10 23:26:59.710,0.95464,0.9552,4.50,4.50
2011.05.10 23:26:59.983,0.95464,0.9552,4.50,4.50
2011.05.10 23:27:01.502,0.95471,0.95525,4.50,4.50
2011.05.10 23:27:02.612,0.95472,0.95528,4.50,4.50
2011.05.10 23:27:03.122,0.95473,0.95527,3.75,4.50
2011.05.10 23:27:03.452,0.95473,0.95527,4.50,4.50
2011.05.10 23:27:08.772,0.95473,0.95527,4.50,4.50
2011.05.10 23:27:12.073,0.95473,0.95527,3.75,4.50
2011.05.10 23:27:14.753,0.95473,0.95527,4.50,4.50
2011.05.10 23:27:16.734,0.95473,0.95527,4.50,4.50
2011.05.10 23:27:17.082,0.95473,0.95527,4.50,4.50
2011.05.10 23:27:17.411,0.95469,0.95525,4.50,4.50
2011.05.10 23:27:17.733,0.95471,0.95525,4.50,4.50
2011.05.10 23:27:18.422,0.95471,0.95525,4.50,4.50
2011.05.10 23:27:32.586,0.95471,0.95525,4.50,4.50
2011.05.10 23:27:32.913,0.9547,0.95524,4.50,4.50
2011.05.10 23:27:33.134,0.9547,0.95524,4.50,4.50
2011.05.10 23:27:33.747,0.9547,0.95526,3.75,4.50
2011.05.10 23:27:34.015,0.9547,0.95526,4.50,4.50
2011.05.10 23:27:36.115,0.9546,0.95514,4.50,3.75
2011.05.10 23:27:36.235,0.95458,0.95512,3.75,3.75
2011.05.10 23:27:36.452,0.9546,0.95514,3.75,4.50
2011.05.10 23:27:36.898,0.95461,0.95515,3.75,4.50
2011.05.10 23:27:37.235,0.95461,0.95515,4.50,4.50
2011.05.10 23:27:38.235,0.9546,0.95516,4.50,4.50
2011.05.10 23:27:38.343,0.9546,0.95516,4.50,4.50
2011.05.10 23:27:38.674,0.9546,0.95516,4.50,4.50
2011.05.10 23:27:39.325,0.9546,0.95516,4.50,4.50
2011.05.10 23:27:39.555,0.9546,0.95516,4.50,4.50
2011.05.10 23:27:39.973,0.9546,0.95516,4.50,4.50
2011.05.10 23:27:40.719,0.9546,0.95516,4.50,4.50
2011.05.10 23:27:40.823,0.95461,0.95515,4.50,4.50
2011.05.10 23:27:41.442,0.95461,0.95515,4.50,4.50
2011.05.10 23:27:42.105,0.95461,0.95515,4.50,4.50
2011.05.10 23:27:42.397,0.95461,0.95515,4.50,4.50
2011.05.10 23:27:44.946,0.95461,0.95517,4.50,4.50
2011.05.10 23:27:46.813,0.95463,0.95519,4.50,4.50
2011.05.10 23:27:48.466,0.95463,0.95519,3.75,4.50
2011.05.10 23:27:49.564,0.95463,0.95519,4.50,4.50
2011.05.10 23:27:51.643,0.95463,0.95519,4.50,4.50
2011.05.10 23:27:54.277,0.95463,0.95519,4.50,4.50
2011.05.10 23:27:56.304,0.95453,0.95509,4.50,3.75
2011.05.10 23:27:56.414,0.95453,0.95509,4.50,4.50
2011.05.10 23:27:56.524,0.95448,0.95504,4.50,3.75
2011.05.10 23:27:56.743,0.95453,0.95509,4.50,4.50
2011.05.10 23:27:56.963,0.95449,0.95503,4.50,3.75
2011.05.10 23:27:57.695,0.95449,0.95503,4.50,4.50
2011.05.10 23:27:58.264,0.95449,0.95503,4.50,3.75
2011.05.10 23:27:59.732,0.95449,0.95503,4.50,4.50
2011.05.10 23:28:01.649,0.95449,0.95503,4.50,3.75
2011.05.10 23:28:05.033,0.95449,0.95503,4.50,3.75
2011.05.10 23:28:05.253,0.95464,0.9552,3.75,4.50
2011.05.10 23:28:06.033,0.95465,0.95519,3.75,4.50
2011.05.10 23:28:06.626,0.95457,0.95513,3.75,4.50
2011.05.10 23:28:07.223,0.95456,0.95512,4.50,4.50
2011.05.10 23:28:08.695,0.95454,0.9551,4.50,4.50
2011.05.10 23:28:09.684,0.95454,0.9551,4.50,4.50
2011.05.10 23:28:12.533,0.9545,0.95504,4.50,4.50
2011.05.10 23:28:13.254,0.95448,0.95504,4.50,4.50
2011.05.10 23:28:13.635,0.95448,0.95504,4.50,4.50
2011.05.10 23:28:14.493,0.95448,0.95504,4.50,4.50
2011.05.10 23:28:14.603,0.95448,0.95504,4.50,4.50
2011.05.10 23:28:15.153,0.95448,0.95504,4.50,4.50
2011.05.10 23:28:15.373,0.95453,0.95509,3.75,4.50
2011.05.10 23:28:15.804,0.95453,0.95509,3.75,4.50
2011.05.10 23:28:15.913,0.95453,0.95509,3.75,4.50
2011.05.10 23:28:16.275,0.95453,0.95509,3.75,4.50
2011.05.10 23:28:16.384,0.95457,0.95513,3.75,4.50
2011.05.10 23:28:17.724,0.95457,0.95513,3.75,4.50
2011.05.10 23:28:18.622,0.95449,0.95503,4.50,3.75
2011.05.10 23:28:18.733,0.95449,0.95503,4.50,3.75
2011.05.10 23:28:19.475,0.95449,0.95503,4.50,4.50
2011.05.10 23:28:21.203,0.95449,0.95503,4.50,4.50
2011.05.10 23:28:21.313,0.95454,0.95508,3.75,4.50
2011.05.10 23:28:22.283,0.95454,0.95508,4.50,4.50
2011.05.10 23:28:23.426,0.95454,0.95508,3.75,4.50
2011.05.10 23:28:23.534,0.95454,0.95508,4.50,4.50
2011.05.10 23:28:23.935,0.95454,0.95508,3.75,4.50
2011.05.10 23:28:24.413,0.95454,0.95508,4.50,4.50
2011.05.10 23:28:25.015,0.95454,0.95508,3.75,4.50
2011.05.10 23:28:25.123,0.95454,0.95508,4.50,4.50
2011.05.10 23:28:30.953,0.95454,0.95508,3.75,4.50
2011.05.10 23:28:31.171,0.95454,0.95508,4.50,4.50
2011.05.10 23:28:35.613,0.95458,0.95512,3.75,4.50
2011.05.10 23:28:37.664,0.95458,0.95512,3.75,4.50
2011.05.10 23:28:39.373,0.95453,0.95502,3.75,2.10
2011.05.10 23:28:39.483,0.95449,0.95502,3.75,2.10
2011.05.10 23:28:39.704,0.9545,0.95504,3.75,4.50
2011.05.10 23:28:40.412,0.95452,0.95508,3.75,4.50
2011.05.10 23:28:40.747,0.95452,0.95508,3.75,4.50
2011.05.10 23:28:44.915,0.95452,0.95508,4.50,4.50
2011.05.10 23:28:45.524,0.95452,0.95508,4.50,4.50
2011.05.10 23:28:45.973,0.95448,0.95502,3.75,4.50
2011.05.10 23:28:46.854,0.95448,0.95502,3.75,4.50
2011.05.10 23:28:47.747,0.95448,0.95502,3.75,4.50
2011.05.10 23:28:47.853,0.95448,0.95502,3.75,4.50
2011.05.10 23:28:48.073,0.95448,0.95502,3.75,4.50
2011.05.10 23:28:48.183,0.95448,0.95502,3.75,4.50
2011.05.10 23:28:51.435,0.95448,0.95502,3.75,4.50
2011.05.10 23:28:51.547,0.95448,0.95502,3.75,4.50
2011.05.10 23:28:51.653,0.95446,0.95502,3.75,4.50
2011.05.10 23:28:51.873,0.95446,0.95502,4.50,4.50
2011.05.10 23:28:51.983,0.95447,0.95503,3.75,6.60
2011.05.10 23:28:52.204,0.9544,0.95494,3.75,3.75
2011.05.10 23:28:52.423,0.95446,0.95502,3.75,3.75
2011.05.10 23:28:52.643,0.95446,0.95493,3.75,2.10
2011.05.10 23:28:52.753,0.95435,0.95491,4.50,3.75
2011.05.10 23:28:52.973,0.95435,0.95491,3.75,3.75
2011.05.10 23:28:53.194,0.95429,0.95483,4.50,3.75
2011.05.10 23:28:53.303,0.95429,0.95483,3.75,5.85
2011.05.10 23:28:53.783,0.95426,0.95482,4.50,3.75
2011.05.10 23:28:53.893,0.95428,0.95482,3.75,3.75
2011.05.10 23:28:56.294,0.95428,0.95482,3.75,4.50
2011.05.10 23:28:56.403,0.95426,0.95482,4.50,4.50
2011.05.10 23:28:56.626,0.95426,0.95482,3.75,4.50
2011.05.10 23:28:56.733,0.95422,0.95478,4.50,4.50
2011.05.10 23:28:57.284,0.95426,0.9548,3.75,4.50
2011.05.10 23:28:57.503,0.9543,0.95486,3.75,4.50
2011.05.10 23:28:58.053,0.9543,0.95486,3.75,4.50
2011.05.10 23:28:58.273,0.95435,0.95489,3.75,4.50
2011.05.10 23:28:58.383,0.95438,0.95494,3.75,4.50
2011.05.10 23:28:58.493,0.95436,0.95492,3.75,4.50
2011.05.10 23:28:58.714,0.95428,0.95484,3.75,3.75
2011.05.10 23:28:58.933,0.95432,0.95486,3.75,3.75
2011.05.10 23:29:02.013,0.9543,0.95486,3.75,3.75
2011.05.10 23:29:02.589,0.95431,0.95487,3.75,3.75
2011.05.10 23:29:05.563,0.9543,0.95486,4.50,3.75
2011.05.10 23:29:06.429,0.95431,0.95487,4.50,3.75
2011.05.10 23:29:06.535,0.95431,0.95487,4.50,4.50
2011.05.10 23:29:07.190,0.95431,0.95487,4.50,3.75
2011.05.10 23:29:07.484,0.95436,0.9549,3.75,3.75
2011.05.10 23:29:08.973,0.9544,0.95496,3.75,3.75
2011.05.10 23:29:09.193,0.95444,0.955,3.75,4.50
2011.05.10 23:29:09.303,0.95444,0.955,3.75,3.75
2011.05.10 23:29:09.413,0.9545,0.95506,3.75,4.50
2011.05.10 23:29:09.954,0.9545,0.95506,3.75,4.50
2011.05.10 23:29:10.063,0.9545,0.95506,3.75,4.50
2011.05.10 23:29:10.715,0.95451,0.95507,3.75,4.50
2011.05.10 23:29:10.823,0.95451,0.95507,3.75,4.50
2011.05.10 23:29:11.044,0.95448,0.95504,3.75,4.50
2011.05.10 23:29:11.924,0.95448,0.95504,3.75,4.50
2011.05.10 23:29:12.663,0.95453,0.95507,3.75,4.50
2011.05.10 23:29:17.095,0.95453,0.95509,3.75,4.50
2011.05.10 23:29:17.314,0.95455,0.95509,3.75,4.50
2011.05.10 23:29:20.394,0.95453,0.95509,3.75,4.50
2011.05.10 23:29:20.994,0.95454,0.95508,3.75,4.50
2011.05.10 23:29:21.324,0.9545,0.95504,3.75,4.50
2011.05.10 23:29:21.434,0.95443,0.95499,3.75,3.75
2011.05.10 23:29:21.545,0.95439,0.95493,3.75,3.75
2011.05.10 23:29:22.084,0.9544,0.95496,3.75,3.75
2011.05.10 23:29:22.453,0.9544,0.95494,3.75,3.75
2011.05.10 23:29:23.938,0.9544,0.95494,3.75,4.50
2011.05.10 23:29:24.443,0.9544,0.95494,3.75,4.50
2011.05.10 23:29:24.553,0.95434,0.9549,3.75,3.75
2011.05.10 23:29:24.883,0.95432,0.95486,3.75,3.75
2011.05.10 23:29:24.993,0.95432,0.95488,3.75,3.75
2011.05.10 23:29:25.433,0.95435,0.95489,3.75,4.50
2011.05.10 23:29:26.654,0.95435,0.95489,3.75,4.50
2011.05.10 23:29:27.654,0.95435,0.95489,3.75,4.50
2011.05.10 23:29:28.644,0.95435,0.95489,3.75,4.50
2011.05.10 23:29:29.083,0.95434,0.95488,3.75,3.75
2011.05.10 23:29:29.303,0.95429,0.95483,3.75,3.75
2011.05.10 23:29:29.853,0.95427,0.95483,4.50,3.75
2011.05.10 23:29:30.504,0.95429,0.95483,4.50,3.75
2011.05.10 23:29:30.725,0.95431,0.95487,4.50,3.75
2011.05.10 23:29:31.351,0.95431,0.95487,4.50,3.75
2011.05.10 23:29:31.464,0.95433,0.95487,3.75,3.75
2011.05.10 23:29:31.832,0.95435,0.95489,3.75,4.50
2011.05.10 23:29:32.273,0.95433,0.95489,3.75,4.50
2011.05.10 23:29:32.383,0.95435,0.95489,3.75,4.50
2011.05.10 23:29:33.665,0.95435,0.95489,4.50,4.50
2011.05.10 23:29:34.033,0.95435,0.95489,3.75,4.50
2011.05.10 23:29:34.144,0.95435,0.95489,4.50,4.50
2011.05.10 23:29:35.843,0.95437,0.95491,3.75,4.50
2011.05.10 23:29:36.204,0.95439,0.95493,3.75,4.50
2011.05.10 23:29:36.423,0.95434,0.9549,3.75,4.50
2011.05.10 23:29:37.192,0.95434,0.9549,4.50,4.50
2011.05.10 23:29:39.504,0.95434,0.9549,3.75,4.50
2011.05.10 23:29:42.825,0.95434,0.9549,4.50,4.50
2011.05.10 23:29:47.223,0.95435,0.95491,3.75,4.50
2011.05.10 23:29:48.742,0.95436,0.9549,3.75,4.50
2011.05.10 23:29:48.853,0.95435,0.95489,3.75,4.50
2011.05.10 23:29:48.966,0.95435,0.95489,3.75,4.50
2011.05.10 23:29:49.924,0.95435,0.95489,3.75,4.50
2011.05.10 23:29:50.912,0.95435,0.95489,3.75,4.50
2011.05.10 23:29:51.294,0.95435,0.95489,3.75,4.50
2011.05.10 23:29:52.433,0.95434,0.95488,3.75,4.50
2011.05.10 23:29:53.373,0.95434,0.95488,3.75,4.50
2011.05.10 23:29:53.595,0.95423,0.95477,3.75,3.75
2011.05.10 23:29:53.705,0.95421,0.95477,3.75,3.75
2011.05.10 23:29:54.145,0.95424,0.95478,3.75,3.75
2011.05.10 23:29:54.517,0.95422,0.95476,3.75,3.75
2011.05.10 23:29:55.517,0.95422,0.95476,3.75,4.50
2011.05.10 23:29:56.284,0.95415,0.95471,3.75,4.50
2011.05.10 23:29:56.393,0.95412,0.95468,4.50,4.50
2011.05.10 23:29:56.613,0.95412,0.95463,3.75,2.10
2011.05.10 23:29:56.943,0.95403,0.95457,4.50,3.75
2011.05.10 23:29:57.164,0.95402,0.95456,3.75,3.75
2011.05.10 23:29:57.273,0.95402,0.95458,3.75,4.50
2011.05.10 23:29:57.917,0.95403,0.95459,3.75,4.50
2011.05.10 23:29:58.023,0.95408,0.95462,3.75,4.50
2011.05.10 23:29:59.004,0.95408,0.95464,5.85,4.50
2011.05.10 23:29:59.223,0.95412,0.95468,3.75,4.50
2011.05.10 23:29:59.444,0.95412,0.95466,3.75,4.50
2011.05.10 23:29:59.773,0.9541,0.95466,3.75,4.50
2011.05.10 23:29:59.885,0.9541,0.95466,3.75,4.50
2011.05.10 23:30:00.485,0.95411,0.95467,3.75,4.50
2011.05.10 23:30:00.814,0.95408,0.95462,3.75,3.75
2011.05.10 23:30:00.923,0.95416,0.9547,3.75,4.50
2011.05.10 23:30:01.363,0.95402,0.95456,3.75,3.75
2011.05.10 23:30:01.583,0.95396,0.95452,4.50,3.75
2011.05.10 23:30:02.175,0.95394,0.95448,3.75,3.75
2011.05.10 23:30:02.505,0.95398,0.95452,3.75,3.75
2011.05.10 23:30:02.613,0.95401,0.95457,3.75,3.75
2011.05.10 23:30:02.954,0.95401,0.95457,3.75,4.50
2011.05.10 23:30:03.063,0.95401,0.95457,3.75,3.75
2011.05.10 23:30:03.884,0.954,0.95456,3.75,4.50
2011.05.10 23:30:04.477,0.954,0.95456,4.50,3.75
2011.05.10 23:30:05.684,0.954,0.95456,4.50,3.75
2011.05.10 23:30:06.255,0.95399,0.95455,4.50,3.75
2011.05.10 23:30:06.364,0.95397,0.95451,4.50,3.75
2011.05.10 23:30:06.693,0.954,0.95454,4.50,3.75
2011.05.10 23:30:06.805,0.95396,0.95452,4.50,3.75
2011.05.10 23:30:07.025,0.95396,0.95452,4.50,3.75
2011.05.10 23:30:07.564,0.95392,0.95448,4.50,4.50
2011.05.10 23:30:07.784,0.95395,0.95451,3.75,4.50
2011.05.10 23:30:08.004,0.95396,0.95452,4.50,3.75
2011.05.10 23:30:08.175,0.95396,0.95452,3.75,4.50
2011.05.10 23:30:08.443,0.95396,0.95452,3.75,3.75
2011.05.10 23:30:08.665,0.95399,0.95453,4.50,3.75
2011.05.10 23:30:08.775,0.95404,0.9546,3.75,3.75
2011.05.10 23:30:09.104,0.95407,0.95463,3.75,3.75
2011.05.10 23:30:09.433,0.9541,0.95464,3.75,4.50
2011.05.10 23:30:09.974,0.9541,0.95464,3.75,4.50
2011.05.10 23:30:10.692,0.9541,0.95464,3.75,4.50
2011.05.10 23:30:11.665,0.9541,0.95464,4.50,4.50
2011.05.10 23:30:12.759,0.95406,0.9546,4.50,3.75
2011.05.10 23:30:12.866,0.95406,0.9546,3.75,4.50
2011.05.10 23:30:13.640,0.95406,0.9546,4.50,4.50
2011.05.10 23:30:17.665,0.95406,0.9546,3.75,4.50
2011.05.10 23:30:17.983,0.95406,0.9546,3.75,4.50
2011.05.10 23:30:18.094,0.95403,0.95459,3.75,4.50
2011.05.10 23:30:18.204,0.954,0.95456,3.75,3.75
2011.05.10 23:30:18.423,0.95401,0.95457,3.75,4.50
2011.05.10 23:30:18.534,0.95397,0.95451,3.75,3.75
2011.05.10 23:30:19.213,0.95399,0.95453,3.75,4.50
2011.05.10 23:30:19.764,0.95397,0.95453,3.75,4.50
2011.05.10 23:30:19.873,0.95392,0.95446,3.75,3.75
2011.05.10 23:30:20.714,0.95405,0.95461,3.75,4.50
2011.05.10 23:30:21.454,0.95405,0.95461,3.75,4.50
2011.05.10 23:30:21.563,0.95405,0.95461,3.75,4.50
2011.05.10 23:30:21.893,0.95408,0.95462,3.75,4.50
2011.05.10 23:30:22.759,0.95409,0.95463,3.75,4.50
2011.05.10 23:30:23.543,0.95407,0.95461,3.75,4.50
2011.05.10 23:30:23.654,0.95402,0.95458,4.50,4.50
2011.05.10 23:30:23.764,0.95402,0.95458,3.75,4.50
2011.05.10 23:30:23.983,0.95402,0.95458,4.50,4.50
2011.05.10 23:30:24.314,0.95404,0.9546,4.50,4.50
2011.05.10 23:30:24.706,0.95402,0.95458,4.50,4.50
2011.05.10 23:30:25.483,0.95403,0.95459,3.75,4.50
2011.05.10 23:30:25.940,0.95408,0.95462,3.75,4.50
2011.05.10 23:30:26.674,0.95408,0.95462,3.75,4.50
2011.05.10 23:30:27.178,0.95408,0.95462,3.75,4.50
2011.05.10 23:30:27.894,0.95408,0.95462,3.75,4.50
2011.05.10 23:30:28.113,0.95408,0.95462,4.50,4.50
2011.05.10 23:30:28.773,0.95409,0.95463,3.75,4.50
2011.05.10 23:30:29.313,0.95408,0.95462,3.75,4.50
2011.05.10 23:30:29.423,0.95408,0.95462,4.50,4.50
2011.05.10 23:30:31.036,0.95409,0.95463,4.50,4.50
2011.05.10 23:30:31.624,0.95409,0.95463,3.75,4.50
2011.05.10 23:30:32.313,0.95408,0.95464,3.75,4.50
2011.05.10 23:30:34.712,0.95408,0.95464,3.75,4.50
2011.05.10 23:30:36.362,0.95408,0.95464,3.75,4.50
2011.05.10 23:30:37.242,0.95408,0.95464,3.75,4.50
2011.05.10 23:30:37.356,0.95408,0.95464,3.75,4.50
2011.05.10 23:30:37.783,0.95408,0.95462,3.75,2.10
2011.05.10 23:30:37.895,0.95406,0.95462,3.75,6.60
2011.05.10 23:30:38.113,0.95401,0.95457,3.75,3.75
2011.05.10 23:30:38.333,0.95405,0.95459,3.75,4.50
2011.05.10 23:30:39.326,0.95405,0.95459,3.75,4.50
2011.05.10 23:30:40.965,0.95405,0.95459,3.75,4.50
2011.05.10 23:30:41.615,0.95401,0.95457,3.75,4.50
2011.05.10 23:30:41.944,0.95401,0.95457,3.75,4.50
2011.05.10 23:30:42.165,0.95399,0.95455,3.75,4.50
2011.05.10 23:30:42.493,0.95397,0.95453,3.75,3.75
2011.05.10 23:30:42.605,0.95397,0.95453,4.50,4.50
2011.05.10 23:30:43.135,0.95407,0.95461,3.75,3.75
2011.05.10 23:30:43.573,0.95401,0.95455,4.50,3.75
2011.05.10 23:30:43.683,0.95404,0.9546,3.75,3.75
2011.05.10 23:30:43.923,0.95409,0.95465,3.75,4.50
2011.05.10 23:30:44.364,0.95413,0.95467,3.75,4.50
2011.05.10 23:30:45.285,0.95414,0.9547,3.75,4.50
2011.05.10 23:30:45.763,0.95414,0.9547,3.75,4.50
2011.05.10 23:30:46.013,0.95416,0.9547,3.75,4.50
2011.05.10 23:30:46.343,0.95416,0.9547,3.75,4.50
2011.05.10 23:30:46.453,0.95416,0.9547,4.50,4.50
2011.05.10 23:30:46.853,0.95414,0.9547,3.75,4.50
2011.05.10 23:30:47.073,0.95414,0.9547,3.75,4.50
2011.05.10 23:30:50.243,0.95419,0.95473,3.75,4.50
2011.05.10 23:30:50.833,0.95419,0.95473,3.75,4.50
2011.05.10 23:30:51.644,0.95419,0.95473,3.75,4.50
2011.05.10 23:31:01.275,0.95419,0.95473,3.75,4.50
2011.05.10 23:31:02.583,0.95419,0.95473,3.75,4.50
2011.05.10 23:31:06.232,0.95429,0.95482,3.75,2.85
2011.05.10 23:31:06.454,0.95429,0.95482,3.75,2.85
2011.05.10 23:31:06.564,0.95431,0.95487,3.75,4.88
2011.05.10 23:31:06.785,0.95429,0.95485,3.75,4.50
2011.05.10 23:31:06.894,0.95429,0.95485,3.75,4.50
2011.05.10 23:31:07.383,0.95431,0.95487,3.75,4.50
2011.05.10 23:31:07.707,0.95437,0.95493,3.75,4.50
2011.05.10 23:31:08.453,0.95435,0.95489,3.75,4.50
2011.05.10 23:31:09.124,0.95435,0.95489,3.75,4.50
2011.05.10 23:31:09.864,0.95435,0.95489,3.75,4.50
2011.05.10 23:31:11.863,0.95432,0.95486,4.50,4.50
2011.05.10 23:31:11.973,0.95435,0.95489,3.75,4.50
2011.05.10 23:31:12.083,0.95432,0.95486,4.50,4.50
2011.05.10 23:31:12.193,0.95432,0.95486,3.75,4.50
2011.05.10 23:31:14.695,0.95432,0.95486,4.50,4.50
2011.05.10 23:31:14.807,0.95432,0.95486,3.75,4.50
2011.05.10 23:31:25.256,0.95432,0.95486,3.75,4.50
2011.05.10 23:31:25.365,0.95432,0.95486,3.75,4.50
2011.05.10 23:31:27.744,0.95432,0.95486,3.75,4.50
2011.05.10 23:31:28.404,0.95432,0.95486,3.75,4.50
2011.05.10 23:31:31.373,0.95432,0.95486,3.75,4.50
2011.05.10 23:31:32.695,0.95432,0.95486,3.75,4.50
2011.05.10 23:31:33.033,0.95427,0.95481,3.75,4.50
2011.05.10 23:31:34.483,0.95422,0.95478,3.75,4.50
2011.05.10 23:31:34.594,0.95419,0.95475,3.75,3.75
2011.05.10 23:31:34.704,0.95419,0.95475,3.75,4.50
2011.05.10 23:31:35.033,0.95422,0.95478,3.75,4.50
2011.05.10 23:31:35.664,0.95422,0.95478,3.75,4.50
2011.05.10 23:31:36.123,0.95419,0.95473,3.75,4.50
2011.05.10 23:31:36.425,0.95419,0.95473,3.75,3.75
2011.05.10 23:31:36.755,0.95419,0.95473,3.75,4.50
2011.05.10 23:31:38.044,0.95418,0.95472,3.75,4.50
2011.05.10 23:31:46.303,0.95418,0.95472,3.75,4.50
2011.05.10 23:31:46.523,0.95407,0.9546,2.85,4.50
2011.05.10 23:31:47.663,0.95407,0.95459,2.10,4.50
2011.05.10 23:31:48.644,0.95407,0.95459,2.85,4.50
2011.05.10 23:31:50.678,0.95407,0.95459,2.10,4.50
2011.05.10 23:31:52.454,0.95408,0.95462,3.75,4.50
2011.05.10 23:31:53.486,0.95408,0.95462,4.50,4.50
2011.05.10 23:31:54.695,0.95408,0.95462,3.75,4.50
2011.05.10 23:31:55.124,0.95408,0.95462,4.50,4.50
2011.05.10 23:31:56.671,0.95408,0.95462,3.75,4.50
2011.05.10 23:31:58.656,0.95408,0.95462,4.50,4.50
2011.05.10 23:32:05.295,0.95408,0.95462,3.75,4.50
2011.05.10 23:32:05.773,0.95408,0.95462,4.50,4.50
2011.05.10 23:32:07.715,0.95408,0.95462,3.75,4.50
2011.05.10 23:32:10.983,0.95402,0.95458,4.50,4.50
2011.05.10 23:32:22.724,0.95402,0.95458,4.50,3.75
2011.05.10 23:32:23.273,0.95406,0.95462,4.50,6.60
2011.05.10 23:32:24.654,0.95402,0.95458,4.50,4.50
2011.05.10 23:32:29.024,0.95398,0.95454,7.20,4.50
2011.05.10 23:32:29.353,0.95398,0.95452,5.10,3.75
2011.05.10 23:32:30.763,0.95398,0.95452,5.10,4.50
2011.05.10 23:32:31.224,0.95398,0.95452,3.75,3.75
2011.05.10 23:32:31.334,0.9539,0.95444,4.50,3.75
2011.05.10 23:32:31.883,0.95389,0.95443,4.50,3.75
2011.05.10 23:32:32.344,0.95394,0.9545,4.50,4.50
2011.05.10 23:32:32.893,0.95394,0.95448,4.50,3.75
2011.05.10 23:32:33.003,0.95391,0.95445,4.50,3.75
2011.05.10 23:32:33.665,0.95391,0.95445,4.50,4.50
2011.05.10 23:32:37.086,0.95391,0.95445,4.50,4.50
2011.05.10 23:32:38.623,0.95395,0.95449,3.75,4.50
2011.05.10 23:32:39.726,0.95394,0.9545,4.50,4.50
2011.05.10 23:32:40.835,0.95397,0.95453,3.75,4.50
2011.05.10 23:32:40.943,0.95397,0.95453,4.50,4.50
2011.05.10 23:32:41.265,0.95397,0.95453,3.75,4.50
2011.05.10 23:32:42.121,0.95397,0.95453,4.50,4.50
2011.05.10 23:32:46.167,0.95397,0.95453,4.50,4.50
2011.05.10 23:32:55.334,0.95389,0.95445,4.50,3.75
2011.05.10 23:32:56.275,0.95392,0.95446,3.75,3.75
2011.05.10 23:32:56.384,0.95397,0.95451,3.75,4.50
2011.05.10 23:32:56.753,0.95397,0.95451,3.75,4.50
2011.05.10 23:33:06.784,0.95397,0.95451,3.75,4.50
2011.05.10 23:33:13.273,0.95396,0.95452,3.75,6.60
2011.05.10 23:33:17.903,0.95401,0.95455,3.75,1.35
2011.05.10 23:33:24.253,0.95401,0.95457,3.75,4.50
2011.05.10 23:33:24.583,0.95396,0.95452,3.75,3.75
2011.05.10 23:33:25.695,0.95396,0.95452,3.75,4.50
2011.05.10 23:33:25.915,0.95397,0.95453,3.75,4.50
2011.05.10 23:33:26.243,0.95408,0.95462,3.75,4.50
2011.05.10 23:33:26.464,0.95413,0.95467,3.75,4.50
2011.05.10 23:33:26.684,0.95417,0.95473,3.75,4.50
2011.05.10 23:33:27.013,0.95422,0.95476,3.75,4.50
2011.05.10 23:33:27.234,0.95422,0.95476,3.75,4.50
2011.05.10 23:33:27.343,0.95418,0.95472,3.75,4.50
2011.05.10 23:33:28.724,0.95418,0.95472,3.75,4.50
2011.05.10 23:33:29.645,0.95412,0.95468,3.75,4.50
2011.05.10 23:33:30.183,0.95411,0.95465,3.75,4.50
2011.05.10 23:33:30.293,0.95413,0.95467,3.75,4.50
2011.05.10 23:33:30.625,0.95418,0.95472,3.75,4.50
2011.05.10 23:33:30.734,0.95418,0.95472,3.75,4.50
2011.05.10 23:33:30.954,0.9542,0.95476,3.75,4.50
2011.05.10 23:33:31.174,0.95422,0.95478,3.75,4.50
2011.05.10 23:33:31.735,0.95421,0.95477,3.75,4.50
2011.05.10 23:33:32.698,0.95421,0.95477,3.75,4.50
2011.05.10 23:33:33.035,0.95417,0.95471,3.75,3.75
2011.05.10 23:33:33.254,0.95415,0.95469,3.75,3.75
2011.05.10 23:33:33.803,0.95411,0.95467,3.75,3.75
2011.05.10 23:33:34.627,0.95412,0.95468,3.75,3.75
2011.05.10 23:33:34.844,0.95408,0.95462,4.50,3.75
2011.05.10 23:33:34.955,0.95408,0.95462,3.75,3.75
2011.05.10 23:33:35.064,0.95411,0.95467,3.75,3.75
2011.05.10 23:33:35.284,0.9541,0.95464,3.75,3.75
2011.05.10 23:33:35.614,0.95407,0.95461,3.75,3.75
2011.05.10 23:33:36.394,0.95413,0.95469,3.75,4.50
2011.05.10 23:33:36.754,0.95408,0.95462,4.50,3.75
2011.05.10 23:33:36.973,0.95408,0.95462,3.75,3.75
2011.05.10 23:33:37.084,0.95404,0.9546,4.50,3.75
2011.05.10 23:33:37.431,0.95403,0.95457,4.50,3.75
2011.05.10 23:33:38.754,0.95403,0.95457,3.75,3.75
2011.05.10 23:33:38.863,0.95398,0.95454,4.50,3.75
2011.05.10 23:33:40.704,0.95398,0.95454,3.75,3.75
2011.05.10 23:33:41.535,0.95398,0.95454,4.50,3.75
2011.05.10 23:33:41.863,0.95398,0.95454,3.75,4.50
2011.05.10 23:33:42.424,0.95397,0.95453,3.75,3.75
2011.05.10 23:33:42.974,0.95397,0.95451,3.75,3.75
2011.05.10 23:33:43.363,0.95392,0.95446,4.50,3.75
2011.05.10 23:33:43.693,0.95397,0.95451,3.75,4.50
2011.05.10 23:33:44.644,0.95397,0.95451,3.75,4.50
2011.05.10 23:33:45.963,0.95391,0.95447,4.50,4.50
2011.05.10 23:33:47.284,0.95391,0.95447,3.75,4.50
2011.05.10 23:33:47.393,0.95391,0.95447,3.75,4.50
2011.05.10 23:33:47.944,0.95401,0.95455,3.75,4.50
2011.05.10 23:33:48.053,0.95397,0.95451,3.75,4.50
2011.05.10 23:33:48.993,0.95397,0.95451,3.75,4.50
2011.05.10 23:33:50.037,0.95397,0.95451,3.75,4.50
2011.05.10 23:33:50.716,0.95398,0.95452,3.75,4.50
2011.05.10 23:33:52.475,0.95393,0.95449,3.75,4.50
2011.05.10 23:33:53.024,0.95389,0.95443,3.75,4.50
2011.05.10 23:33:53.664,0.95389,0.95443,3.75,4.50
2011.05.10 23:33:54.474,0.95389,0.95443,3.75,4.50
2011.05.10 23:33:54.695,0.95384,0.9544,3.75,4.50
2011.05.10 23:33:54.804,0.95386,0.95442,3.75,4.50
2011.05.10 23:33:54.915,0.95379,0.95435,3.75,4.50
2011.05.10 23:33:55.134,0.95376,0.95432,3.75,3.75
2011.05.10 23:33:55.355,0.95379,0.95435,3.75,4.50
2011.05.10 23:33:56.363,0.95379,0.95435,3.75,4.50
2011.05.10 23:33:56.473,0.95379,0.95435,3.75,4.50
2011.05.10 23:33:58.404,0.95383,0.95437,3.75,3.75
2011.05.10 23:33:58.734,0.9539,0.95445,3.75,1.35
2011.05.10 23:33:59.064,0.95394,0.95445,3.75,1.35
2011.05.10 23:33:59.717,0.95394,0.95445,3.75,1.35
2011.05.10 23:34:00.533,0.95392,0.95445,3.75,1.35
2011.05.10 23:34:00.645,0.95382,0.95438,3.75,4.50
2011.05.10 23:34:00.864,0.9538,0.95436,3.75,3.75
2011.05.10 23:34:00.974,0.9538,0.95436,3.75,4.50
2011.05.10 23:34:01.414,0.95374,0.9543,3.75,3.75
2011.05.10 23:34:01.793,0.95376,0.9543,3.75,3.75
2011.05.10 23:34:02.670,0.95376,0.9543,3.75,4.50
2011.05.10 23:34:03.550,0.95376,0.9543,3.75,4.50
2011.05.10 23:34:03.887,0.95376,0.9543,3.75,3.75
2011.05.10 23:34:04.103,0.95374,0.9543,3.75,3.75
2011.05.10 23:34:04.214,0.95371,0.95427,3.75,3.75
2011.05.10 23:34:04.544,0.95371,0.95427,3.75,4.50
2011.05.10 23:34:05.205,0.9537,0.95426,3.75,4.50
2011.05.10 23:34:05.443,0.95365,0.95421,3.75,3.75
2011.05.10 23:34:05.663,0.95365,0.95421,3.75,4.50
2011.05.10 23:34:06.167,0.95365,0.95419,3.75,1.35
2011.05.10 23:34:06.493,0.95355,0.95409,3.75,3.75
2011.05.10 23:34:07.266,0.95356,0.9541,3.75,3.75
2011.05.10 23:34:07.376,0.95358,0.9541,2.10,3.75
2011.05.10 23:34:07.594,0.9536,0.95413,3.75,2.10
2011.05.10 23:34:08.144,0.95357,0.95409,2.10,3.75
2011.05.10 23:34:08.363,0.95357,0.95413,5.85,6.60
2011.05.10 23:34:08.505,0.95357,0.95413,5.85,6.60
2011.05.10 23:34:08.994,0.95357,0.95409,5.85,1.35
2011.05.10 23:34:09.104,0.9535,0.95403,3.75,2.70
2011.05.10 23:34:09.784,0.95355,0.95404,3.75,1.35
2011.05.10 23:34:10.235,0.95358,0.95404,2.10,1.35
2011.05.10 23:34:10.345,0.95363,0.95414,3.75,1.35
2011.05.10 23:34:10.564,0.95361,0.95413,3.75,2.85
2011.05.10 23:34:10.675,0.95359,0.95413,3.75,2.85
2011.05.10 23:34:10.783,0.95359,0.95413,3.75,2.85
2011.05.10 23:34:11.004,0.95363,0.95403,3.75,2.10
2011.05.10 23:34:11.114,0.95351,0.95403,4.50,2.10
2011.05.10 23:34:11.677,0.9535,0.95403,4.50,2.70
2011.05.10 23:34:12.149,0.95357,0.95409,2.10,5.10
2011.05.10 23:34:13.893,0.95349,0.95402,3.75,2.70
2011.05.10 23:34:14.473,0.95348,0.954,2.10,4.35
2011.05.10 23:34:15.023,0.95347,0.95402,2.10,4.35
2011.05.10 23:34:15.134,0.95355,0.95404,3.75,1.35
2011.05.10 23:34:15.764,0.95357,0.95408,3.75,1.35
2011.05.10 23:34:15.984,0.95358,0.95411,2.10,1.35
2011.05.10 23:34:16.706,0.95358,0.95411,2.10,1.35
2011.05.10 23:34:17.735,0.95358,0.95411,2.10,1.35
2011.05.10 23:34:19.455,0.95358,0.95411,2.10,1.35
2011.05.10 23:34:22.015,0.95358,0.95409,2.10,4.50
2011.05.10 23:34:22.123,0.95358,0.95409,2.10,4.50
2011.05.10 23:34:22.493,0.95358,0.95412,2.10,2.70
2011.05.10 23:34:22.604,0.95362,0.95411,3.75,1.35
2011.05.10 23:34:23.523,0.95362,0.95414,3.75,1.35
2011.05.10 23:34:24.704,0.95361,0.95413,4.50,2.70
2011.05.10 23:34:24.813,0.95361,0.95411,3.75,1.35
2011.05.10 23:34:25.176,0.95361,0.95413,4.50,3.45
2011.05.10 23:34:25.283,0.95361,0.95411,3.75,1.35
2011.05.10 23:34:26.140,0.95361,0.95411,4.50,1.35
2011.05.10 23:34:28.015,0.95358,0.95411,3.75,1.35
2011.05.10 23:34:30.674,0.95358,0.95411,4.50,1.35
2011.05.10 23:34:34.847,0.9536,0.95413,4.50,3.45
2011.05.10 23:34:34.955,0.9536,0.95411,4.50,1.35
2011.05.10 23:34:36.665,0.9536,0.95411,4.50,1.35
2011.05.10 23:34:39.743,0.9536,0.95411,4.50,1.35
2011.05.10 23:34:42.743,0.9536,0.95411,3.75,1.35
2011.05.10 23:34:42.853,0.95357,0.95411,5.85,1.35
2011.05.10 23:34:43.624,0.95357,0.95411,5.85,1.35
2011.05.10 23:34:44.204,0.95357,0.95413,5.85,6.45
2011.05.10 23:34:44.316,0.9536,0.95414,3.75,1.35
2011.05.10 23:34:45.746,0.9536,0.95411,3.75,1.35
2011.05.10 23:34:47.167,0.9536,0.95414,3.75,1.35
2011.05.10 23:34:47.274,0.95364,0.95414,3.75,1.35
2011.05.10 23:34:47.603,0.95368,0.95422,5.85,2.85
2011.05.10 23:34:47.940,0.9537,0.95422,3.75,2.85
2011.05.10 23:34:48.496,0.9537,0.95422,3.75,2.85
2011.05.10 23:34:49.264,0.95368,0.95422,2.10,6.60
2011.05.10 23:34:49.374,0.95362,0.95418,3.75,3.75
2011.05.10 23:34:49.921,0.95361,0.95417,4.50,3.75
2011.05.10 23:34:50.695,0.95361,0.95417,4.50,4.50
2011.05.10 23:34:51.685,0.95361,0.95417,4.50,3.75
2011.05.10 23:34:51.794,0.95367,0.95421,3.75,4.50
2011.05.10 23:34:52.123,0.95369,0.95422,3.75,2.85
2011.05.10 23:34:53.004,0.95368,0.95421,2.10,4.50
2011.05.10 23:34:53.223,0.95361,0.95417,4.50,3.75
2011.05.10 23:34:54.214,0.95362,0.95418,4.50,4.50
2011.05.10 23:34:55.003,0.95365,0.95419,3.75,4.50
2011.05.10 23:34:55.553,0.95362,0.95416,4.50,4.50
2011.05.10 23:34:55.884,0.95363,0.95417,3.75,3.75
2011.05.10 23:34:55.993,0.95365,0.95421,3.75,3.75
2011.05.10 23:34:56.727,0.95365,0.95421,3.75,4.50
2011.05.10 23:34:57.709,0.95365,0.95421,3.75,4.50
2011.05.10 23:34:59.585,0.95367,0.95421,3.75,4.50
2011.05.10 23:35:00.015,0.95367,0.95421,3.75,4.50
2011.05.10 23:35:00.123,0.95365,0.95421,3.75,4.50
2011.05.10 23:35:00.685,0.95365,0.95421,3.75,4.50
2011.05.10 23:35:02.104,0.95361,0.95417,3.75,4.50
2011.05.10 23:35:03.654,0.95361,0.95415,3.75,4.50
2011.05.10 23:35:04.433,0.95361,0.95415,3.75,4.50
2011.05.10 23:35:04.654,0.95363,0.95419,3.75,4.50
2011.05.10 23:35:04.983,0.95365,0.95419,3.75,4.50
2011.05.10 23:35:05.093,0.95362,0.95418,3.75,4.50
2011.05.10 23:35:05.313,0.95366,0.9542,3.75,4.50
2011.05.10 23:35:06.219,0.95367,0.95421,3.75,4.50
2011.05.10 23:35:08.507,0.95364,0.95418,3.75,4.50
2011.05.10 23:35:13.084,0.95365,0.95419,3.75,4.50
2011.05.10 23:35:16.086,0.95365,0.95419,3.75,4.50
2011.05.10 23:35:16.194,0.95365,0.95419,3.75,4.50
2011.05.10 23:35:16.414,0.95365,0.95414,3.75,1.35
2011.05.10 23:35:16.523,0.95361,0.95414,4.50,1.35
2011.05.10 23:35:17.183,0.95361,0.95414,3.75,1.35
2011.05.10 23:35:23.725,0.95361,0.95414,3.75,1.35
2011.05.10 23:35:23.839,0.95361,0.95414,3.75,1.35
2011.05.10 23:35:26.235,0.95361,0.95414,3.75,1.35
2011.05.10 23:35:26.745,0.95361,0.95414,4.50,1.35
2011.05.10 23:35:28.024,0.95364,0.95414,3.75,1.35
2011.05.10 23:35:34.664,0.95364,0.95414,4.50,1.35
2011.05.10 23:35:34.994,0.95364,0.95412,3.75,2.85
2011.05.10 23:35:35.214,0.95363,0.95414,3.75,1.35
2011.05.10 23:35:39.374,0.9536,0.95414,3.75,1.35
2011.05.10 23:35:39.925,0.9536,0.95412,3.75,2.85
2011.05.10 23:35:40.856,0.9536,0.95412,3.75,2.85
2011.05.10 23:35:42.735,0.9536,0.95412,3.75,2.85
2011.05.10 23:35:42.955,0.9536,0.95412,3.75,2.85
2011.05.10 23:35:43.066,0.95356,0.95412,3.75,6.60
2011.05.10 23:35:44.164,0.95356,0.95412,3.75,6.60
2011.05.10 23:35:44.944,0.95356,0.9541,3.75,4.50
2011.05.10 23:35:45.164,0.95353,0.95402,3.75,2.85
2011.05.10 23:35:45.493,0.95352,0.95402,3.75,2.85
2011.05.10 23:35:46.584,0.95349,0.95402,3.75,2.85
2011.05.10 23:35:47.503,0.95349,0.95402,3.75,2.85
2011.05.10 23:35:48.153,0.95348,0.95402,2.10,2.85
2011.05.10 23:35:49.225,0.95348,0.95402,2.10,2.85
2011.05.10 23:35:50.484,0.95348,0.95402,2.10,2.85
2011.05.10 23:35:50.994,0.9535,0.95402,3.75,2.85
2011.05.10 23:35:52.744,0.9535,0.95402,3.75,2.85
2011.05.10 23:35:53.734,0.9535,0.95402,4.50,2.85
2011.05.10 23:35:54.283,0.95348,0.95399,2.10,4.50
2011.05.10 23:35:55.704,0.95348,0.95399,2.10,4.50
2011.05.10 23:35:56.024,0.95348,0.95399,2.10,4.50
2011.05.10 23:35:56.134,0.95341,0.95393,3.75,2.85
2011.05.10 23:35:59.564,0.95341,0.95393,3.75,2.85
2011.05.10 23:36:00.556,0.95341,0.95393,3.75,2.85
2011.05.10 23:36:00.965,0.95349,0.95403,3.75,4.88
2011.05.10 23:36:01.184,0.95349,0.95403,3.75,3.75
2011.05.10 23:36:01.623,0.95355,0.95408,3.75,1.35
2011.05.10 23:36:02.454,0.95355,0.95411,3.75,4.50
2011.05.10 23:36:03.745,0.95355,0.95411,3.75,4.50
2011.05.10 23:36:16.673,0.95355,0.95411,4.50,3.75
2011.05.10 23:36:17.026,0.95368,0.95421,2.10,4.50
2011.05.10 23:36:19.624,0.95372,0.95422,3.75,2.85
2011.05.10 23:36:20.406,0.95372,0.95422,3.75,2.85
2011.05.10 23:36:20.514,0.95372,0.95422,4.13,2.85
2011.05.10 23:36:20.845,0.95388,0.95426,2.70,3.75
2011.05.10 23:36:21.174,0.95388,0.95442,6.45,6.60
2011.05.10 23:36:21.475,0.95388,0.95442,6.45,6.60
2011.05.10 23:36:21.585,0.95392,0.95442,3.75,2.85
2011.05.10 23:36:23.727,0.95392,0.95448,3.75,4.50
2011.05.10 23:36:24.513,0.95396,0.95452,3.75,4.50
2011.05.10 23:36:25.150,0.95397,0.95452,2.10,4.50
2011.05.10 23:36:25.773,0.95397,0.95452,2.10,4.50
2011.05.10 23:36:26.575,0.95397,0.95452,2.10,4.50
2011.05.10 23:36:27.246,0.95397,0.95452,2.10,4.50
2011.05.10 23:36:28.516,0.95397,0.95452,2.10,4.50
2011.05.10 23:36:29.115,0.95397,0.95448,2.10,4.50
2011.05.10 23:36:29.225,0.95394,0.95433,3.75,2.85
2011.05.10 23:36:29.555,0.95391,0.95442,3.75,2.85
2011.05.10 23:36:29.993,0.95388,0.95442,6.45,6.60
2011.05.10 23:36:31.646,0.95388,0.95442,6.45,6.60
2011.05.10 23:36:32.526,0.95387,0.95432,4.35,2.85
2011.05.10 23:36:33.114,0.95388,0.95432,4.35,2.85
2011.05.10 23:36:33.688,0.95388,0.95432,4.35,2.85
2011.05.10 23:36:34.724,0.95388,0.95432,4.35,2.85
2011.05.10 23:36:35.304,0.95385,0.95432,3.75,2.85
2011.05.10 23:36:35.414,0.95378,0.95426,2.70,4.50
2011.05.10 23:36:35.525,0.9537,0.9542,3.75,1.35
2011.05.10 23:36:35.634,0.95368,0.9542,2.10,1.35
2011.05.10 23:36:36.184,0.95363,0.9541,3.75,1.35
2011.05.10 23:36:36.294,0.95354,0.95408,3.75,4.50
2011.05.10 23:36:36.404,0.95352,0.95406,4.50,4.50
2011.05.10 23:36:36.514,0.95356,0.9541,3.75,4.50
2011.05.10 23:36:37.355,0.95354,0.9541,3.75,4.50
2011.05.10 23:36:37.644,0.95355,0.95411,3.75,4.50
2011.05.10 23:36:38.583,0.95355,0.95411,3.75,4.50
2011.05.10 23:36:39.284,0.95351,0.95407,4.50,4.50
2011.05.10 23:36:40.294,0.95368,0.95407,2.10,3.75
2011.05.10 23:36:40.404,0.95368,0.95418,2.10,4.50
2011.05.10 23:36:41.884,0.95363,0.95412,3.75,2.10
2011.05.10 23:36:42.385,0.95357,0.95413,6.60,3.75
2011.05.10 23:36:42.716,0.9536,0.95414,3.75,4.50
2011.05.10 23:36:42.983,0.95357,0.95413,5.85,6.60
2011.05.10 23:36:45.685,0.95357,0.95413,6.60,6.60
2011.05.10 23:36:48.494,0.95357,0.95408,2.85,3.75
2011.05.10 23:36:48.604,0.95348,0.95399,2.85,3.75
2011.05.10 23:36:49.419,0.95348,0.95398,2.85,3.75
2011.05.10 23:36:50.728,0.95348,0.95398,2.85,4.50
2011.05.10 23:36:51.175,0.95348,0.95398,2.85,3.75
2011.05.10 23:36:51.729,0.95348,0.95398,2.85,4.50
2011.05.10 23:36:53.534,0.95357,0.95398,2.85,4.50
2011.05.10 23:36:53.754,0.95357,0.95404,2.85,4.50
2011.05.10 23:36:53.974,0.95358,0.95408,2.85,4.50
2011.05.10 23:36:54.303,0.95368,0.95411,2.10,4.50
2011.05.10 23:36:55.743,0.95368,0.95411,2.10,4.50
2011.05.10 23:36:56.292,0.95368,0.95411,2.85,4.50
2011.05.10 23:36:56.734,0.95372,0.95422,3.75,2.85
2011.05.10 23:36:56.846,0.95377,0.95429,2.10,1.35
2011.05.10 23:36:57.064,0.95378,0.95429,2.10,4.50
2011.05.10 23:36:57.765,0.95378,0.95431,2.10,5.10
2011.05.10 23:36:58.243,0.95388,0.95431,2.10,5.10
2011.05.10 23:36:58.464,0.95388,0.95431,2.10,1.35
2011.05.10 23:36:58.684,0.95388,0.95435,2.10,4.50
2011.05.10 23:36:58.795,0.95381,0.95435,3.75,4.50
2011.05.10 23:36:59.014,0.95378,0.95434,3.75,4.50
2011.05.10 23:37:00.064,0.95372,0.95428,3.75,4.50
2011.05.10 23:37:00.738,0.95372,0.95423,3.75,2.85
2011.05.10 23:37:00.847,0.95372,0.95423,3.75,2.85
2011.05.10 23:37:00.954,0.95371,0.95423,3.75,2.85
2011.05.10 23:37:01.174,0.95367,0.95423,5.85,6.60
2011.05.10 23:37:01.285,0.95367,0.95413,3.75,2.85
2011.05.10 23:37:01.394,0.95362,0.95412,3.75,2.85
2011.05.10 23:37:01.615,0.9536,0.95412,3.75,2.85
2011.05.10 23:37:02.055,0.95356,0.95412,3.75,6.60
2011.05.10 23:37:03.925,0.95356,0.95412,3.75,6.60
2011.05.10 23:37:04.944,0.95359,0.95412,3.75,2.85
2011.05.10 23:37:05.954,0.95359,0.95412,3.75,2.85
2011.05.10 23:37:06.064,0.95355,0.95411,3.75,4.50
2011.05.10 23:37:06.174,0.95352,0.95403,3.75,2.85
2011.05.10 23:37:07.666,0.95352,0.95403,3.75,2.85
2011.05.10 23:37:08.039,0.95352,0.95403,3.75,2.85
2011.05.10 23:37:08.254,0.95353,0.95403,3.75,2.85
2011.05.10 23:37:08.475,0.95361,0.95403,3.75,2.85
2011.05.10 23:37:08.803,0.95367,0.9542,2.10,4.50
2011.05.10 23:37:09.634,0.95367,0.9542,2.10,4.50
2011.05.10 23:37:10.883,0.95367,0.9542,2.10,4.50
2011.05.10 23:37:11.334,0.95367,0.95418,2.85,4.50
2011.05.10 23:37:12.915,0.95362,0.95418,3.75,4.50
2011.05.10 23:37:13.024,0.95358,0.95413,2.10,4.50
2011.05.10 23:37:13.134,0.95358,0.95412,2.10,2.85
2011.05.10 23:37:13.981,0.95359,0.95413,3.75,2.85
2011.05.10 23:37:14.096,0.95349,0.95405,3.75,4.50
2011.05.10 23:37:14.705,0.95349,0.95405,3.75,4.50
2011.05.10 23:37:19.735,0.95344,0.95398,3.75,4.50
2011.05.10 23:37:19.844,0.95344,0.95398,3.75,4.50
2011.05.10 23:37:20.065,0.9534,0.95396,4.50,3.75
2011.05.10 23:37:20.626,0.95357,0.95396,2.10,3.75
2011.05.10 23:37:20.740,0.95341,0.95397,3.75,3.75
2011.05.10 23:37:21.747,0.95341,0.95397,3.75,4.50
2011.05.10 23:37:22.688,0.95341,0.95397,3.75,4.50
2011.05.10 23:37:25.135,0.95341,0.95397,3.75,4.50
2011.05.10 23:37:25.354,0.95343,0.95399,3.75,4.50
2011.05.10 23:37:25.464,0.95344,0.954,3.75,4.50
2011.05.10 23:37:27.684,0.95344,0.954,3.75,4.50
2011.05.10 23:37:27.934,0.95344,0.954,3.75,4.50
2011.05.10 23:37:28.044,0.95348,0.95403,3.75,2.85
2011.05.10 23:37:28.375,0.95352,0.95408,3.75,4.50
2011.05.10 23:37:28.815,0.95354,0.9541,3.75,4.50
2011.05.10 23:37:28.927,0.95352,0.95408,3.75,4.50
2011.05.10 23:37:29.255,0.95351,0.95407,3.75,4.50
2011.05.10 23:37:29.584,0.95348,0.95402,3.75,2.85
2011.05.10 23:37:29.803,0.95348,0.95402,3.75,6.60
2011.05.10 23:37:29.914,0.95348,0.95402,3.75,6.60
2011.05.10 23:37:30.133,0.95348,0.95402,3.75,6.60
2011.05.10 23:37:30.446,0.95348,0.95402,3.75,6.60
2011.05.10 23:37:32.007,0.95348,0.95402,3.75,6.60
2011.05.10 23:37:32.434,0.95348,0.95402,3.75,5.85
2011.05.10 23:37:32.544,0.95348,0.95402,4.50,5.85
2011.05.10 23:37:32.874,0.95355,0.95403,3.75,2.85
2011.05.10 23:37:32.983,0.95349,0.95403,3.75,2.85
2011.05.10 23:37:33.605,0.9535,0.95403,3.75,2.85
2011.05.10 23:37:33.824,0.95344,0.95398,3.75,4.50
2011.05.10 23:37:34.154,0.95344,0.95398,3.75,4.50
2011.05.10 23:37:34.264,0.95341,0.95395,3.75,4.50
2011.05.10 23:37:34.374,0.95341,0.95395,3.75,4.50
2011.05.10 23:37:35.076,0.95341,0.95395,3.75,4.50
2011.05.10 23:37:35.514,0.95339,0.95395,3.75,4.50
2011.05.10 23:37:36.404,0.9534,0.95396,3.75,4.50
2011.05.10 23:37:36.625,0.95343,0.95397,3.75,4.50
2011.05.10 23:37:40.240,0.95343,0.95397,3.75,4.50
2011.05.10 23:37:40.474,0.95365,0.95412,3.75,2.85
2011.05.10 23:37:41.686,0.95365,0.95412,3.75,2.85
2011.05.10 23:37:42.905,0.95353,0.95403,3.75,2.85
2011.05.10 23:37:43.574,0.95348,0.95402,4.50,4.50
2011.05.10 23:37:44.094,0.95341,0.95395,4.50,4.50
2011.05.10 23:37:45.389,0.95341,0.95395,3.75,4.50
2011.05.10 23:37:45.776,0.95341,0.95395,3.75,4.50
2011.05.10 23:37:45.885,0.95349,0.95405,3.75,4.50
2011.05.10 23:37:46.236,0.95354,0.95408,3.75,4.50
2011.05.10 23:37:46.345,0.95357,0.95408,2.10,4.50
2011.05.10 23:37:46.897,0.95358,0.95413,2.10,4.50
2011.05.10 23:37:47.115,0.95362,0.95416,3.75,4.50
2011.05.10 23:37:47.443,0.95363,0.95419,3.75,4.50
2011.05.10 23:37:47.994,0.95364,0.9542,3.75,4.50
2011.05.10 23:37:48.104,0.95362,0.95416,3.75,3.75
2011.05.10 23:37:51.654,0.95359,0.95413,3.75,3.75
2011.05.10 23:37:52.167,0.95364,0.9542,3.75,3.75
2011.05.10 23:37:52.275,0.95362,0.95418,3.75,3.75
2011.05.10 23:37:52.662,0.95367,0.95423,3.75,3.75
2011.05.10 23:37:52.993,0.95364,0.9542,3.75,3.75
2011.05.10 23:37:53.454,0.95367,0.95423,3.75,3.75
2011.05.10 23:37:54.287,0.95365,0.95419,3.75,3.75
2011.05.10 23:37:55.515,0.9537,0.95424,3.75,3.75
2011.05.10 23:37:55.844,0.95367,0.95423,3.75,3.75
2011.05.10 23:37:56.175,0.95365,0.95419,3.75,3.75
2011.05.10 23:37:56.985,0.95366,0.9542,3.75,3.75
2011.05.10 23:37:57.494,0.95366,0.9542,3.75,4.50
2011.05.10 23:37:57.604,0.95358,0.95412,3.75,3.75
2011.05.10 23:37:58.094,0.95353,0.95409,3.75,3.75
2011.05.10 23:37:59.394,0.95356,0.95412,3.75,4.50
2011.05.10 23:37:59.716,0.95356,0.95412,3.75,4.50
2011.05.10 23:37:59.836,0.95356,0.95412,3.75,4.50
2011.05.10 23:37:59.946,0.95356,0.95412,3.75,3.75
2011.05.10 23:38:00.055,0.95359,0.95415,3.75,3.75
2011.05.10 23:38:00.384,0.95363,0.95417,3.75,3.75
2011.05.10 23:38:01.045,0.95363,0.95417,3.75,4.50
2011.05.10 23:38:01.384,0.9536,0.95416,3.75,4.50
2011.05.10 23:38:01.494,0.95348,0.95404,4.50,3.75
2011.05.10 23:38:01.844,0.95349,0.95405,4.50,3.75
2011.05.10 23:38:01.954,0.95355,0.95409,3.75,4.50
2011.05.10 23:38:02.717,0.95354,0.95408,4.50,3.75
2011.05.10 23:38:03.325,0.95349,0.95405,3.75,4.50
2011.05.10 23:38:03.435,0.95354,0.95408,3.75,4.50
2011.05.10 23:38:03.764,0.95357,0.95411,3.75,4.50
2011.05.10 23:38:04.714,0.95357,0.95411,3.75,3.75
2011.05.10 23:38:05.154,0.95356,0.95412,3.75,4.50
2011.05.10 23:38:05.264,0.95354,0.9541,3.75,4.50
2011.05.10 23:38:05.714,0.95354,0.9541,4.50,4.50
2011.05.10 23:38:08.454,0.95354,0.9541,3.75,4.50
2011.05.10 23:38:08.565,0.95348,0.95404,6.60,4.50
2011.05.10 23:38:08.784,0.95352,0.95406,4.50,3.75
2011.05.10 23:38:09.225,0.95352,0.95406,4.50,3.75
2011.05.10 23:38:09.665,0.95366,0.9542,3.75,3.75
2011.05.10 23:38:09.775,0.95364,0.9542,3.75,3.75
2011.05.10 23:38:09.885,0.95369,0.95425,3.75,3.75
2011.05.10 23:38:11.361,0.95368,0.95424,3.75,3.75
2011.05.10 23:38:11.694,0.95359,0.95415,3.75,3.75
2011.05.10 23:38:12.024,0.95364,0.95418,3.75,3.75
2011.05.10 23:38:12.594,0.95356,0.95412,3.75,3.75
2011.05.10 23:38:12.815,0.95361,0.95415,3.75,3.75
2011.05.10 23:38:13.145,0.95364,0.95418,3.75,3.75
2011.05.10 23:38:13.875,0.95365,0.95419,3.75,3.75
2011.05.10 23:38:14.984,0.95365,0.95419,3.75,4.50
2011.05.10 23:38:15.724,0.95364,0.95418,3.75,4.50
2011.05.10 23:38:16.704,0.95364,0.95418,3.75,3.75
2011.05.10 23:38:18.845,0.9536,0.95414,3.75,4.50
2011.05.10 23:38:19.647,0.95359,0.95413,3.75,4.50
2011.05.10 23:38:20.756,0.95359,0.95413,3.75,4.50
2011.05.10 23:38:23.014,0.95352,0.95406,4.50,4.50
2011.05.10 23:38:23.235,0.95351,0.95405,4.50,3.75
2011.05.10 23:38:23.564,0.95356,0.9541,3.75,3.75
2011.05.10 23:38:24.646,0.95358,0.95414,3.75,4.50
2011.05.10 23:38:24.755,0.9536,0.95416,3.75,4.50
2011.05.10 23:38:25.275,0.95361,0.95417,3.75,4.50
2011.05.10 23:38:25.614,0.95364,0.95418,3.75,4.50
2011.05.10 23:38:25.725,0.95361,0.95417,3.75,4.50
2011.05.10 23:38:25.944,0.95358,0.95414,3.75,4.50
2011.05.10 23:38:26.054,0.95358,0.95414,3.75,4.50
2011.05.10 23:38:26.617,0.95358,0.95414,3.75,4.50
2011.05.10 23:38:27.495,0.95351,0.95407,3.75,4.50
2011.05.10 23:38:27.604,0.95354,0.95408,3.75,4.50
2011.05.10 23:38:28.474,0.95354,0.95408,3.75,4.50
2011.05.10 23:38:28.694,0.95351,0.95405,3.75,3.75
2011.05.10 23:38:29.245,0.95373,0.95413,3.75,2.10
2011.05.10 23:38:29.464,0.95373,0.95429,3.75,4.50
2011.05.10 23:38:29.684,0.95377,0.95432,3.75,2.85
2011.05.10 23:38:29.795,0.95377,0.95432,3.75,2.85
2011.05.10 23:38:29.904,0.95377,0.95431,3.75,4.50
2011.05.10 23:38:30.454,0.9538,0.95436,3.75,4.50
2011.05.10 23:38:32.044,0.95378,0.95429,2.10,4.50
2011.05.10 23:38:32.265,0.9538,0.95432,3.75,2.85
2011.05.10 23:38:32.374,0.95378,0.95431,2.10,4.50
2011.05.10 23:38:33.784,0.95381,0.95432,3.75,2.85
2011.05.10 23:38:34.114,0.95381,0.95435,3.75,4.50
2011.05.10 23:38:34.224,0.95381,0.95435,4.50,4.50
2011.05.10 23:38:34.554,0.95386,0.95442,3.75,4.50
2011.05.10 23:38:35.115,0.95381,0.95437,4.50,4.50
2011.05.10 23:38:36.024,0.9539,0.95442,3.75,2.85
2011.05.10 23:38:37.195,0.9539,0.95442,3.75,2.85
2011.05.10 23:38:38.254,0.9539,0.95442,4.35,2.10
2011.05.10 23:38:38.364,0.95398,0.95442,3.75,2.10
2011.05.10 23:38:38.751,0.95398,0.95453,3.75,2.85
2011.05.10 23:38:38.955,0.95398,0.95453,3.75,2.85
2011.05.10 23:38:39.105,0.95398,0.95453,3.75,2.85
2011.05.10 23:38:40.923,0.95398,0.95451,5.85,1.35
2011.05.10 23:38:41.198,0.95398,0.95451,5.85,1.35
2011.05.10 23:38:43.736,0.95398,0.95451,5.85,1.35
2011.05.10 23:38:46.604,0.95402,0.95451,3.75,1.35
2011.05.10 23:38:46.715,0.95398,0.95451,2.10,5.10
2011.05.10 23:38:46.935,0.95404,0.95453,4.35,2.85
2011.05.10 23:38:47.155,0.95402,0.95453,3.75,3.45
2011.05.10 23:38:47.594,0.95402,0.95458,4.50,5.10
2011.05.10 23:38:48.667,0.954,0.95454,5.10,1.35
2011.05.10 23:38:49.332,0.954,0.95453,5.10,1.35
2011.05.10 23:38:49.448,0.954,0.95453,5.10,1.35
2011.05.10 23:38:49.721,0.954,0.95453,5.10,1.35
2011.05.10 23:38:50.064,0.954,0.95443,4.35,2.85
2011.05.10 23:38:50.175,0.95395,0.95443,3.75,2.85
2011.05.10 23:38:50.284,0.95392,0.95446,4.50,4.50
2011.05.10 23:38:50.725,0.9539,0.95444,4.50,4.50
2011.05.10 23:38:51.833,0.9539,0.95446,4.50,4.50
2011.05.10 23:38:52.635,0.9539,0.95446,3.75,4.50
2011.05.10 23:38:52.854,0.95393,0.95449,3.75,4.50
2011.05.10 23:38:53.186,0.95391,0.95445,3.75,4.50
2011.05.10 23:38:53.296,0.95384,0.95432,3.75,2.10
2011.05.10 23:38:53.734,0.95381,0.95437,3.75,3.75
2011.05.10 23:38:53.954,0.95384,0.9544,3.75,4.50
2011.05.10 23:38:54.647,0.95384,0.95433,3.75,2.10
2011.05.10 23:38:55.196,0.95385,0.95432,3.75,2.85
2011.05.10 23:38:55.745,0.95378,0.95428,2.10,4.50
2011.05.10 23:38:56.266,0.95378,0.95432,2.10,6.60
2011.05.10 23:38:57.355,0.95378,0.95426,2.10,1.35
2011.05.10 23:38:57.463,0.95368,0.95422,6.60,6.60
2011.05.10 23:38:57.684,0.95368,0.95422,3.75,4.50
2011.05.10 23:38:58.178,0.95355,0.95411,4.50,4.50
2011.05.10 23:38:58.285,0.95355,0.95411,3.75,4.50
2011.05.10 23:38:58.504,0.95348,0.95404,3.75,3.75
2011.05.10 23:38:58.724,0.95348,0.95402,3.75,3.75
2011.05.10 23:38:59.874,0.95349,0.95403,3.75,3.75
2011.05.10 23:39:00.204,0.95353,0.95407,3.75,3.75
2011.05.10 23:39:00.314,0.95354,0.9541,3.75,4.50
2011.05.10 23:39:01.680,0.95354,0.9541,4.50,4.50
2011.05.10 23:39:03.744,0.95354,0.9541,4.50,3.75
2011.05.10 23:39:03.854,0.95354,0.9541,4.50,3.75
2011.05.10 23:39:04.614,0.95354,0.9541,4.50,3.75
2011.05.10 23:39:04.835,0.95353,0.95409,4.50,4.50
2011.05.10 23:39:05.205,0.9535,0.95406,4.50,3.75
2011.05.10 23:39:06.803,0.9535,0.95406,4.50,4.50
2011.05.10 23:39:07.264,0.9535,0.95406,4.50,4.50
2011.05.10 23:39:07.507,0.95349,0.95405,3.75,4.50
2011.05.10 23:39:07.617,0.95349,0.95405,3.75,4.50
2011.05.10 23:39:07.907,0.95349,0.95405,3.75,4.50
2011.05.10 23:39:08.514,0.95349,0.95405,4.50,3.75
2011.05.10 23:39:08.624,0.95349,0.95405,3.75,4.50
2011.05.10 23:39:08.734,0.95349,0.95405,4.50,3.75
2011.05.10 23:39:09.284,0.95349,0.95405,4.50,4.50
2011.05.10 23:39:09.707,0.95349,0.95405,3.75,4.50
2011.05.10 23:39:10.397,0.95349,0.95405,4.50,3.75
2011.05.10 23:39:11.385,0.95349,0.95405,3.75,4.50
2011.05.10 23:39:11.604,0.95345,0.95399,3.75,4.50
2011.05.10 23:39:11.934,0.95348,0.95402,3.75,5.85
2011.05.10 23:39:12.706,0.95348,0.95402,3.75,6.60
2011.05.10 23:39:13.696,0.95348,0.95402,3.75,6.60
2011.05.10 23:39:14.630,0.95347,0.95401,3.75,4.50
2011.05.10 23:39:17.065,0.95344,0.95398,3.75,4.50
2011.05.10 23:39:17.615,0.9534,0.95396,3.75,4.50
2011.05.10 23:39:18.375,0.95342,0.95396,3.75,4.50
2011.05.10 23:39:18.970,0.95342,0.95396,3.75,4.50
2011.05.10 23:39:19.615,0.95348,0.95396,2.10,4.50
2011.05.10 23:39:19.724,0.95346,0.95402,3.75,6.60
2011.05.10 23:39:20.274,0.95347,0.95402,2.10,4.50
2011.05.10 23:39:20.941,0.95347,0.95402,2.10,4.50
2011.05.10 23:39:21.824,0.95347,0.95402,2.10,4.50
2011.05.10 23:39:25.485,0.95347,0.954,2.10,4.50
2011.05.10 23:39:25.595,0.95343,0.95397,3.75,4.50
2011.05.10 23:39:25.705,0.95343,0.95392,3.75,2.85
2011.05.10 23:39:25.815,0.95341,0.95392,4.50,2.85
2011.05.10 23:39:27.615,0.9534,0.95392,4.50,2.85
2011.05.10 23:39:30.140,0.95358,0.95392,3.75,2.85
2011.05.10 23:39:30.245,0.95358,0.95392,3.75,2.10
2011.05.10 23:39:30.354,0.95358,0.95392,3.75,2.85
2011.05.10 23:39:30.885,0.95338,0.95392,7.20,2.10
2011.05.10 23:39:33.496,0.95338,0.95392,7.20,2.85
2011.05.10 23:39:36.685,0.95338,0.95392,7.20,2.10
2011.05.10 23:39:42.297,0.95338,0.95392,7.20,2.85
2011.05.10 23:39:44.705,0.95338,0.95392,7.20,2.85
2011.05.10 23:39:45.334,0.95338,0.95392,7.20,2.10
2011.05.10 23:39:45.444,0.95338,0.95392,7.20,2.10
2011.05.10 23:39:45.664,0.95341,0.95397,4.50,3.75
2011.05.10 23:39:46.215,0.95343,0.95399,4.50,5.10
2011.05.10 23:39:46.544,0.95342,0.95398,4.50,4.50
2011.05.10 23:39:47.055,0.95342,0.95398,4.50,3.75
2011.05.10 23:39:47.984,0.95342,0.95398,4.50,3.75
2011.05.10 23:39:48.544,0.95348,0.95402,6.60,6.45
2011.05.10 23:39:48.765,0.95348,0.95399,4.50,1.35
2011.05.10 23:39:49.135,0.95342,0.95398,4.50,3.75
2011.05.10 23:39:49.684,0.95348,0.95402,2.85,2.70
2011.05.10 23:39:50.237,0.95348,0.95399,2.85,1.35
2011.05.10 23:39:50.567,0.95348,0.95399,2.85,1.35
2011.05.10 23:39:51.186,0.95348,0.95399,2.85,1.35
2011.05.10 23:39:53.214,0.95348,0.95399,2.85,1.35
2011.05.10 23:39:58.377,0.95348,0.95399,2.85,1.35
2011.05.10 23:40:02.675,0.95348,0.95399,2.85,1.35
2011.05.10 23:40:03.395,0.95357,0.95399,2.10,1.35
2011.05.10 23:40:05.747,0.95357,0.95409,2.85,4.50
2011.05.10 23:40:05.854,0.95357,0.95409,3.83,4.50
2011.05.10 23:40:06.184,0.95372,0.95423,3.75,2.85
2011.05.10 23:40:06.515,0.9538,0.95427,3.75,1.35
2011.05.10 23:40:06.624,0.9538,0.95428,3.75,1.35
2011.05.10 23:40:07.665,0.9538,0.95436,4.50,4.50
2011.05.10 23:40:08.744,0.9538,0.95436,3.75,4.50
2011.05.10 23:40:08.855,0.9538,0.95423,3.75,2.85
2011.05.10 23:40:08.964,0.95368,0.95422,4.50,3.75
2011.05.10 23:40:09.646,0.95368,0.95422,4.50,4.50
2011.05.10 23:40:10.764,0.95368,0.95422,4.50,4.50
2011.05.10 23:40:11.234,0.9537,0.95423,4.50,2.85
2011.05.10 23:40:11.564,0.95377,0.95424,2.10,4.50
2011.05.10 23:40:11.675,0.95378,0.95431,3.75,1.35
2011.05.10 23:40:12.225,0.95383,0.95431,3.75,1.35
2011.05.10 23:40:12.734,0.95389,0.95442,3.75,2.85
2011.05.10 23:40:19.984,0.95392,0.95446,3.75,4.50
2011.05.10 23:40:22.805,0.95392,0.95446,4.50,4.50
2011.05.10 23:40:25.550,0.95393,0.95449,3.75,4.50
2011.05.10 23:40:25.875,0.95393,0.95449,4.50,4.50
2011.05.10 23:40:27.684,0.95393,0.95449,3.75,4.50
2011.05.10 23:40:28.455,0.95378,0.95433,4.88,2.10
2011.05.10 23:40:28.565,0.95388,0.95434,2.10,4.50
2011.05.10 23:40:28.895,0.95389,0.95442,4.50,3.45
2011.05.10 23:40:31.706,0.95391,0.95445,3.75,4.50
2011.05.10 23:40:31.815,0.95387,0.95441,2.10,4.50
2011.05.10 23:40:31.925,0.95385,0.95433,3.75,2.85
2011.05.10 23:40:32.035,0.95381,0.95432,3.75,2.85
2011.05.10 23:40:32.636,0.95368,0.95419,2.48,4.50
2011.05.10 23:40:32.964,0.95361,0.95416,1.13,4.50
2011.05.10 23:40:33.947,0.95363,0.95419,4.13,4.50
2011.05.10 23:40:34.055,0.95363,0.95419,3.75,4.50
2011.05.10 23:40:34.566,0.95363,0.95419,3.75,4.50
2011.05.10 23:40:35.165,0.95362,0.95412,4.50,2.85
2011.05.10 23:40:36.266,0.95362,0.95412,3.75,2.85
2011.05.10 23:40:37.944,0.95358,0.95412,5.85,6.60
2011.05.10 23:40:38.524,0.95353,0.95407,4.50,4.50
2011.05.10 23:40:38.744,0.95353,0.95407,4.50,4.50
2011.05.10 23:40:39.455,0.95353,0.95407,3.75,4.50
2011.05.10 23:40:39.784,0.95348,0.95391,2.85,3.75
2011.05.10 23:40:40.657,0.95348,0.95391,2.85,4.50
2011.05.10 23:40:43.815,0.95351,0.95391,1.35,3.75
2011.05.10 23:40:43.925,0.95355,0.95402,1.35,2.10
2011.05.10 23:40:44.144,0.95352,0.95402,4.50,2.85
2011.05.10 23:40:44.254,0.95348,0.95394,2.85,3.75
2011.05.10 23:40:44.584,0.95348,0.95391,2.85,3.75
2011.05.10 23:40:46.640,0.95348,0.95391,2.85,4.50
2011.05.10 23:40:47.154,0.95351,0.95402,4.50,2.85
2011.05.10 23:40:47.484,0.95353,0.95406,3.75,1.35
2011.05.10 23:40:50.765,0.95357,0.95411,3.75,4.50
2011.05.10 23:40:50.874,0.95357,0.95411,3.75,4.50
2011.05.10 23:40:51.424,0.95355,0.95411,4.50,4.50
2011.05.10 23:40:51.646,0.95357,0.95411,4.50,4.50
2011.05.10 23:40:54.244,0.95355,0.95411,4.50,4.50
2011.05.10 23:40:55.264,0.95352,0.95403,3.75,2.85
2011.05.10 23:40:55.485,0.95352,0.95403,3.75,2.85
2011.05.10 23:40:56.034,0.95354,0.95408,3.75,4.50
2011.05.10 23:40:56.700,0.95354,0.9541,4.50,4.50
2011.05.10 23:40:58.368,0.9535,0.95404,4.50,4.50
2011.05.10 23:40:58.584,0.95354,0.9541,3.75,4.50
2011.05.10 23:40:59.347,0.95354,0.9541,4.50,4.50
2011.05.10 23:40:59.784,0.95353,0.95409,3.75,4.50
2011.05.10 23:41:00.655,0.95353,0.95409,4.50,4.50
2011.05.10 23:41:02.486,0.95353,0.95409,4.50,4.50
2011.05.10 23:41:03.086,0.95354,0.9541,4.50,4.50
2011.05.10 23:41:05.564,0.95354,0.95408,3.75,4.50
2011.05.10 23:41:06.060,0.95352,0.95406,3.75,4.50
2011.05.10 23:41:06.275,0.95352,0.95408,3.75,4.50
2011.05.10 23:41:06.495,0.95349,0.95405,3.75,4.50
2011.05.10 23:41:09.384,0.95349,0.95405,3.75,4.50
2011.05.10 23:41:13.004,0.95353,0.95407,3.75,4.50
2011.05.10 23:41:13.995,0.95353,0.95407,3.75,4.50
2011.05.10 23:41:14.545,0.95352,0.95408,4.50,4.50
2011.05.10 23:41:15.455,0.95352,0.95408,4.50,4.50
2011.05.10 23:41:15.784,0.95359,0.95412,3.75,2.85
2011.05.10 23:41:17.014,0.95362,0.95418,3.75,4.50
2011.05.10 23:41:18.264,0.95366,0.95422,3.75,4.50
2011.05.10 23:41:18.835,0.95367,0.95422,2.10,4.50
2011.05.10 23:41:19.696,0.95367,0.95422,2.10,4.50
2011.05.10 23:41:24.294,0.95366,0.95422,3.75,6.60
2011.05.10 23:41:28.931,0.95366,0.95422,3.75,6.60
2011.05.10 23:41:30.140,0.95366,0.95422,3.75,6.60
2011.05.10 23:41:30.394,0.95366,0.95422,3.75,6.60
2011.05.10 23:41:31.294,0.95366,0.95422,3.75,6.60
2011.05.10 23:41:31.895,0.95366,0.95422,3.75,6.60
2011.05.10 23:41:32.265,0.95372,0.95422,3.75,2.85
2011.05.10 23:41:34.145,0.95372,0.95422,3.75,2.85
2011.05.10 23:41:34.255,0.95372,0.95422,3.75,2.85
2011.05.10 23:41:34.365,0.95372,0.95422,5.10,2.10
2011.05.10 23:41:34.694,0.95377,0.95426,2.10,4.50
2011.05.10 23:41:35.455,0.95377,0.95426,2.10,3.75
2011.05.10 23:41:35.565,0.95387,0.95426,2.10,3.75
2011.05.10 23:41:36.735,0.95387,0.95441,2.10,5.10
2011.05.10 23:41:38.534,0.95387,0.95441,3.45,4.50
2011.05.10 23:41:41.564,0.95387,0.95441,2.70,4.50
2011.05.10 23:41:44.226,0.95388,0.9544,2.70,4.50
2011.05.10 23:41:44.564,0.95388,0.9544,2.70,4.50
2011.05.10 23:41:56.325,0.95388,0.95438,2.70,4.50
2011.05.10 23:41:56.545,0.95382,0.95423,3.75,1.35
2011.05.10 23:41:56.654,0.9538,0.95423,3.75,1.35
2011.05.10 23:41:56.764,0.95371,0.95422,1.35,4.50
2011.05.10 23:41:57.315,0.95368,0.95419,2.10,1.35
2011.05.10 23:41:59.065,0.95372,0.95419,3.75,1.35
2011.05.10 23:41:59.625,0.95372,0.95419,3.75,1.35
2011.05.10 23:42:00.177,0.95372,0.95419,3.75,1.35
2011.05.10 23:42:01.337,0.95372,0.95419,4.50,1.35
2011.05.10 23:42:03.121,0.95378,0.95419,2.10,1.35
2011.05.10 23:42:03.235,0.95378,0.95426,2.10,4.50
2011.05.10 23:42:04.975,0.95378,0.95429,2.85,4.50
2011.05.10 23:42:05.084,0.95378,0.95429,2.10,4.50
2011.05.10 23:42:06.098,0.95378,0.95429,2.10,4.50
2011.05.10 23:42:06.425,0.95378,0.95426,2.10,4.50
2011.05.10 23:42:06.535,0.9537,0.95423,3.75,2.85
2011.05.10 23:42:06.755,0.9536,0.95414,3.75,4.50
2011.05.10 23:42:07.224,0.9536,0.95414,3.75,4.50
2011.05.10 23:42:07.714,0.9536,0.95414,3.75,4.50
2011.05.10 23:42:07.824,0.95364,0.95418,3.75,4.50
2011.05.10 23:42:08.154,0.95368,0.95418,2.10,4.50
2011.05.10 23:42:08.647,0.95368,0.95418,2.10,4.50
2011.05.10 23:42:09.594,0.95363,0.95417,3.75,4.50
2011.05.10 23:42:10.315,0.95383,0.95423,3.75,2.85
2011.05.10 23:42:10.427,0.95367,0.9542,2.70,4.50
2011.05.10 23:42:10.645,0.95368,0.95422,4.35,3.75
2011.05.10 23:42:10.754,0.95368,0.95422,5.85,3.75
2011.05.10 23:42:10.865,0.95377,0.95433,4.35,4.50
2011.05.10 23:42:10.975,0.95378,0.95433,2.70,4.50
2011.05.10 23:42:11.634,0.95382,0.95438,4.35,3.75
2011.05.10 23:42:12.282,0.95383,0.95439,3.75,4.50
2011.05.10 23:42:13.365,0.95387,0.95441,3.75,3.75
2011.05.10 23:42:13.507,0.95387,0.95443,3.75,3.75
2011.05.10 23:42:14.396,0.95389,0.95443,3.75,3.75
2011.05.10 23:42:14.725,0.95417,0.95459,2.10,3.75
2011.05.10 23:42:15.276,0.95417,0.95464,2.10,3.75
2011.05.10 23:42:15.494,0.95417,0.95473,5.85,4.50
2011.05.10 23:42:16.696,0.95417,0.95473,6.60,4.50
2011.05.10 23:42:17.686,0.95417,0.95473,6.60,4.50
2011.05.10 23:42:18.189,0.95417,0.95473,6.60,4.50
2011.05.10 23:42:18.734,0.95417,0.95467,2.85,3.75
2011.05.10 23:42:19.075,0.95418,0.95467,2.85,3.75
2011.05.10 23:42:19.407,0.95418,0.95473,2.85,3.75
2011.05.10 23:42:19.626,0.95421,0.95475,4.50,3.75
2011.05.10 23:42:19.845,0.95428,0.95482,3.75,3.75
2011.05.10 23:42:19.956,0.95426,0.95482,4.50,4.50
2011.05.10 23:42:20.284,0.95428,0.95482,4.50,3.75
2011.05.10 23:42:21.646,0.95425,0.95479,4.50,3.75
2011.05.10 23:42:21.995,0.95427,0.95483,4.50,3.75
2011.05.10 23:42:23.494,0.95427,0.95483,4.50,4.50
2011.05.10 23:42:23.605,0.95431,0.95485,3.75,4.50
2011.05.10 23:42:24.056,0.95432,0.95486,3.75,3.75
2011.05.10 23:42:24.708,0.95432,0.95486,4.50,4.50
2011.05.10 23:42:25.194,0.95438,0.95486,2.10,3.75
2011.05.10 23:42:25.305,0.95438,0.95491,2.10,4.50
2011.05.10 23:42:25.489,0.95438,0.95491,2.10,3.75
2011.05.10 23:42:25.707,0.95438,0.95491,2.10,4.50
2011.05.10 23:42:26.014,0.95438,0.95491,2.10,4.50
2011.05.10 23:42:26.374,0.95442,0.95496,3.75,4.50
2011.05.10 23:42:26.924,0.95442,0.95496,3.75,4.50
2011.05.10 23:42:28.165,0.95439,0.95493,3.75,3.75
2011.05.10 23:42:29.616,0.95439,0.95493,4.50,4.50
2011.05.10 23:42:29.996,0.95439,0.95493,3.75,4.50
2011.05.10 23:42:30.325,0.95437,0.95465,2.70,3.75
2011.05.10 23:42:30.434,0.95437,0.95491,2.70,3.75
2011.05.10 23:42:30.764,0.95439,0.95491,1.35,3.75
2011.05.10 23:42:31.095,0.95447,0.955,2.70,4.50
2011.05.10 23:42:32.469,0.95448,0.95504,3.75,4.50
2011.05.10 23:42:33.014,0.95448,0.95504,3.75,4.50
2011.05.10 23:42:33.864,0.95461,0.95515,3.75,4.50
2011.05.10 23:42:34.194,0.95468,0.95519,2.10,4.50
2011.05.10 23:42:34.775,0.95468,0.95519,2.10,4.50
2011.05.10 23:42:34.884,0.95471,0.95525,3.75,4.50
2011.05.10 23:42:34.995,0.95468,0.95521,2.10,4.50
2011.05.10 23:42:35.587,0.95467,0.95519,2.10,4.50
2011.05.10 23:42:36.376,0.95467,0.95519,2.10,4.50
2011.05.10 23:42:37.696,0.95467,0.95519,2.10,4.50
2011.05.10 23:42:40.644,0.95467,0.95509,2.10,4.50
2011.05.10 23:42:41.135,0.95455,0.95509,3.75,4.50
2011.05.10 23:42:41.244,0.95457,0.95511,3.75,4.50
2011.05.10 23:42:41.465,0.95457,0.95511,3.75,4.50
2011.05.10 23:42:41.575,0.95455,0.95509,4.50,4.50
2011.05.10 23:42:41.685,0.95455,0.95509,4.50,3.75
2011.05.10 23:42:41.795,0.95457,0.95513,4.50,3.75
2011.05.10 23:42:42.015,0.95455,0.95509,4.50,3.75
2011.05.10 23:42:42.234,0.95455,0.95509,4.50,4.50
2011.05.10 23:42:42.957,0.9546,0.95514,3.75,4.50
2011.05.10 23:42:43.077,0.95455,0.95509,4.50,4.50
2011.05.10 23:42:43.394,0.95458,0.95514,3.75,4.50
2011.05.10 23:42:43.834,0.95461,0.95517,4.50,4.50
2011.05.10 23:42:44.054,0.95457,0.95509,2.10,4.50
2011.05.10 23:42:45.300,0.95456,0.95512,4.50,4.50
2011.05.10 23:42:45.625,0.9546,0.95516,3.75,4.50
2011.05.10 23:42:45.734,0.95455,0.95511,4.50,4.50
2011.05.10 23:42:46.454,0.95455,0.95511,4.50,4.50
2011.05.10 23:42:46.894,0.9545,0.95504,5.10,4.50
2011.05.10 23:42:47.524,0.95448,0.95504,6.45,4.50
2011.05.10 23:42:47.636,0.95435,0.95489,3.75,4.50
2011.05.10 23:42:47.855,0.95437,0.95491,3.75,4.50
2011.05.10 23:42:48.074,0.95434,0.9549,3.75,4.50
2011.05.10 23:42:48.185,0.95434,0.9549,3.75,4.50
2011.05.10 23:42:48.295,0.95429,0.95483,4.35,4.50
2011.05.10 23:42:50.066,0.95429,0.95483,3.75,4.50
2011.05.10 23:42:50.175,0.95427,0.95481,3.75,4.50
2011.05.10 23:42:50.724,0.95426,0.95482,3.75,4.50
2011.05.10 23:42:51.535,0.95426,0.95482,3.75,4.50
2011.05.10 23:42:51.764,0.95426,0.95482,3.75,4.50
2011.05.10 23:42:52.715,0.95423,0.95477,3.75,4.50
2011.05.10 23:42:52.934,0.95418,0.95473,2.10,4.50
2011.05.10 23:42:53.044,0.95417,0.95473,3.75,4.50
2011.05.10 23:42:53.374,0.9542,0.95474,3.75,4.50
2011.05.10 23:42:53.594,0.95415,0.95471,3.75,4.50
2011.05.10 23:42:54.165,0.95415,0.95471,3.75,4.50
2011.05.10 23:42:56.264,0.95415,0.95469,3.75,4.50
2011.05.10 23:42:56.625,0.95415,0.95469,3.75,4.50
2011.05.10 23:42:56.845,0.95413,0.95469,3.75,4.50
2011.05.10 23:42:57.765,0.95414,0.95468,3.75,4.50
2011.05.10 23:42:58.736,0.95414,0.9547,3.75,4.50
2011.05.10 23:42:59.404,0.95413,0.95467,3.75,4.50
2011.05.10 23:42:59.515,0.95413,0.95467,3.75,4.50
2011.05.10 23:42:59.625,0.95408,0.95462,5.85,4.50
2011.05.10 23:42:59.954,0.95408,0.95462,3.75,4.50
2011.05.10 23:43:00.064,0.95411,0.95465,3.75,4.50
2011.05.10 23:43:00.284,0.95408,0.95464,3.75,4.50
2011.05.10 23:43:00.535,0.95407,0.95463,3.75,4.50
2011.05.10 23:43:00.644,0.95407,0.95463,3.75,4.50
2011.05.10 23:43:01.557,0.95401,0.95457,4.50,3.75
2011.05.10 23:43:02.691,0.95401,0.95457,3.75,4.50
2011.05.10 23:43:05.666,0.95401,0.95457,3.75,3.75
2011.05.10 23:43:05.774,0.95405,0.95459,3.75,4.50
2011.05.10 23:43:06.546,0.95405,0.95459,3.75,4.50
2011.05.10 23:43:06.654,0.95405,0.95459,3.75,4.50
2011.05.10 23:43:08.687,0.95405,0.95459,3.75,4.50
2011.05.10 23:43:09.026,0.95409,0.95463,3.75,4.50
2011.05.10 23:43:09.554,0.9541,0.95464,3.75,4.50
2011.05.10 23:43:09.884,0.95415,0.95469,3.75,4.50
2011.05.10 23:43:09.995,0.95412,0.95468,3.75,4.50
2011.05.10 23:43:10.215,0.95404,0.9546,3.75,3.75
2011.05.10 23:43:10.793,0.95405,0.95461,3.75,3.75
2011.05.10 23:43:11.021,0.95403,0.95459,3.75,3.75
2011.05.10 23:43:11.535,0.95403,0.95459,3.75,4.50
2011.05.10 23:43:13.936,0.95397,0.95451,3.75,4.50
2011.05.10 23:43:14.045,0.95392,0.95446,4.35,4.50
2011.05.10 23:43:15.397,0.95395,0.95451,3.75,4.50
2011.05.10 23:43:15.506,0.95395,0.95451,3.75,3.75
2011.05.10 23:43:15.614,0.95397,0.95451,3.75,3.75
2011.05.10 23:43:15.945,0.95402,0.95458,3.75,4.50
2011.05.10 23:43:16.275,0.95408,0.95462,3.75,4.50
2011.05.10 23:43:16.385,0.95406,0.95462,3.75,4.50
2011.05.10 23:43:17.514,0.95397,0.95453,5.85,3.75
2011.05.10 23:43:17.625,0.95397,0.95449,2.10,3.75
2011.05.10 23:43:17.845,0.95395,0.95449,3.75,3.75
2011.05.10 23:43:18.520,0.95394,0.95448,3.75,3.75
2011.05.10 23:43:19.656,0.95394,0.95448,3.75,4.50
2011.05.10 23:43:20.746,0.95394,0.95448,3.75,4.50
2011.05.10 23:43:21.748,0.95393,0.95447,3.75,3.75
2011.05.10 23:43:26.175,0.95391,0.95447,4.50,3.75
2011.05.10 23:43:26.505,0.9539,0.95446,3.75,4.50
2011.05.10 23:43:28.055,0.95386,0.9544,3.75,3.75
2011.05.10 23:43:28.164,0.95382,0.95438,3.75,3.75
2011.05.10 23:43:28.384,0.95382,0.95436,3.75,3.75
2011.05.10 23:43:30.655,0.95382,0.95436,3.75,4.50
2011.05.10 23:43:32.764,0.95382,0.95436,3.75,3.75
2011.05.10 23:43:32.874,0.95388,0.95442,3.75,4.50
2011.05.10 23:43:32.984,0.95388,0.95442,3.75,3.75
2011.05.10 23:43:33.205,0.95382,0.95438,3.75,3.75
2011.05.10 23:43:33.644,0.95385,0.95439,3.75,3.75
2011.05.10 23:43:34.385,0.95383,0.95437,3.75,4.50
2011.05.10 23:43:34.714,0.95378,0.95432,5.85,4.50
2011.05.10 23:43:34.825,0.95378,0.95432,2.10,3.75
2011.05.10 23:43:35.554,0.95378,0.95432,5.85,4.50
2011.05.10 23:43:37.154,0.95378,0.95432,3.75,4.50
2011.05.10 23:43:37.547,0.95373,0.95429,3.75,4.50
2011.05.10 23:43:37.767,0.95371,0.95425,3.75,4.50
2011.05.10 23:43:37.875,0.95371,0.95425,3.75,4.50
2011.05.10 23:43:38.485,0.95371,0.95425,3.75,4.50
2011.05.10 23:43:38.704,0.95374,0.95428,3.75,4.50
2011.05.10 23:43:39.775,0.9537,0.95426,3.75,4.50
2011.05.10 23:43:40.744,0.9537,0.95426,3.75,4.50
2011.05.10 23:43:41.074,0.95377,0.95426,2.10,4.50
2011.05.10 23:43:42.160,0.95377,0.95428,2.70,4.50
2011.05.10 23:43:42.265,0.95377,0.95428,2.70,3.75
2011.05.10 23:43:42.485,0.95387,0.95441,3.75,4.88
2011.05.10 23:43:42.814,0.95376,0.95432,3.75,6.60
2011.05.10 23:43:42.925,0.95372,0.95426,4.50,4.50
2011.05.10 23:43:44.716,0.95371,0.95425,4.50,4.50
2011.05.10 23:43:46.156,0.95371,0.95425,3.75,4.50
2011.05.10 23:43:46.374,0.95371,0.95425,4.50,4.50
2011.05.10 23:43:46.935,0.95371,0.95425,3.75,4.50
2011.05.10 23:43:47.044,0.95368,0.95424,5.85,4.50
2011.05.10 23:43:47.945,0.95364,0.95418,4.35,3.75
2011.05.10 23:43:48.274,0.95361,0.95414,1.35,3.75
2011.05.10 23:43:48.686,0.9536,0.95414,4.35,4.50
2011.05.10 23:43:49.407,0.9536,0.95414,4.35,4.50
2011.05.10 23:43:49.624,0.9536,0.95414,3.75,4.50
2011.05.10 23:43:50.274,0.9536,0.95414,4.50,4.50
2011.05.10 23:43:50.666,0.9536,0.95414,3.75,4.50
2011.05.10 23:43:51.217,0.95368,0.95419,2.10,4.50
2011.05.10 23:43:51.764,0.95369,0.95423,3.75,4.50
2011.05.10 23:43:52.198,0.95369,0.95423,3.75,4.50
2011.05.10 23:43:52.907,0.95368,0.95423,2.10,4.50
2011.05.10 23:43:53.346,0.95368,0.95424,5.85,4.50
2011.05.10 23:43:53.565,0.95368,0.95424,5.85,4.50
2011.05.10 23:43:54.116,0.95369,0.95423,3.75,4.50
2011.05.10 23:43:56.134,0.95369,0.95423,3.75,6.60
2011.05.10 23:43:56.886,0.95367,0.9542,2.10,4.50
2011.05.10 23:43:57.707,0.95367,0.95418,2.10,4.50
2011.05.10 23:43:58.235,0.95371,0.95423,3.75,2.85
2011.05.10 23:43:58.455,0.95368,0.95423,3.75,2.85
2011.05.10 23:43:59.636,0.95368,0.95422,5.85,2.85
2011.05.10 23:43:59.855,0.95368,0.95419,2.10,4.50
2011.05.10 23:44:00.255,0.95368,0.95416,2.10,4.50
2011.05.10 23:44:00.365,0.95361,0.95412,1.35,2.10
2011.05.10 23:44:00.876,0.95362,0.95412,1.35,2.85
2011.05.10 23:44:02.184,0.95362,0.95412,1.35,2.85
2011.05.10 23:44:02.404,0.95368,0.95416,2.10,4.50
2011.05.10 23:44:02.516,0.95372,0.95422,3.75,2.85
2011.05.10 23:44:03.417,0.95372,0.95422,3.75,2.85
2011.05.10 23:44:04.072,0.95372,0.95422,3.75,2.85
2011.05.10 23:44:04.185,0.95372,0.95422,4.35,2.85
2011.05.10 23:44:04.295,0.95372,0.95422,4.35,2.85
2011.05.10 23:44:04.516,0.95381,0.95432,4.35,2.85
2011.05.10 23:44:04.846,0.95383,0.95432,3.75,2.85
2011.05.10 23:44:05.185,0.95383,0.95432,3.75,2.85
2011.05.10 23:44:06.194,0.95382,0.95432,3.75,2.85
2011.05.10 23:44:06.665,0.95382,0.95432,3.75,2.85
2011.05.10 23:44:06.884,0.95373,0.95427,4.35,4.50
2011.05.10 23:44:07.387,0.95373,0.95427,4.35,4.50
2011.05.10 23:44:07.497,0.95373,0.95427,3.75,4.50
2011.05.10 23:44:08.725,0.95373,0.95427,3.75,4.50
2011.05.10 23:44:09.795,0.95372,0.95426,3.75,4.50
2011.05.10 23:44:10.235,0.95367,0.95423,6.45,6.60
2011.05.10 23:44:10.676,0.95367,0.95421,2.10,4.50
2011.05.10 23:44:10.785,0.95367,0.95421,2.10,4.50
2011.05.10 23:44:11.116,0.95367,0.95416,2.10,4.50
2011.05.10 23:44:11.225,0.95362,0.95412,3.75,2.85
2011.05.10 23:44:12.666,0.95362,0.95412,3.75,2.85
2011.05.10 23:44:12.995,0.95358,0.95412,2.10,2.85
2011.05.10 23:44:13.105,0.95358,0.95412,2.10,2.85
2011.05.10 23:44:13.414,0.95362,0.95412,3.75,2.85
2011.05.10 23:44:14.646,0.95362,0.95412,3.75,2.85
2011.05.10 23:44:18.244,0.95361,0.95412,4.50,2.85
2011.05.10 23:44:31.234,0.95373,0.95423,3.75,1.13
2011.05.10 23:44:32.114,0.95363,0.95419,4.35,4.50
2011.05.10 23:44:32.334,0.95358,0.95412,7.20,2.85
2011.05.10 23:44:34.127,0.95358,0.95412,2.70,2.85
2011.05.10 23:44:34.667,0.95358,0.95412,3.45,2.85
2011.05.10 23:44:34.995,0.95357,0.95411,3.75,4.50
2011.05.10 23:44:36.634,0.95357,0.95411,3.75,4.50
2011.05.10 23:44:37.417,0.95358,0.95411,2.10,4.50
2011.05.10 23:44:39.234,0.95358,0.95411,2.70,4.50
2011.05.10 23:44:39.565,0.95375,0.95419,3.75,1.35
2011.05.10 23:44:39.784,0.95375,0.95419,3.75,1.35
2011.05.10 23:44:40.005,0.95366,0.95419,3.75,1.35
2011.05.10 23:44:40.115,0.95372,0.95419,3.75,1.35
2011.05.10 23:44:40.444,0.95368,0.95424,4.50,4.50
2011.05.10 23:44:40.554,0.95364,0.95418,4.50,3.75
2011.05.10 23:44:40.774,0.95373,0.95429,3.75,3.75
2011.05.10 23:44:40.884,0.95373,0.95427,3.75,3.75
2011.05.10 23:44:41.285,0.95375,0.95431,3.75,3.75
2011.05.10 23:44:41.705,0.95373,0.95427,3.75,3.75
2011.05.10 23:44:45.960,0.95379,0.95435,3.75,4.50
2011.05.10 23:44:46.284,0.95383,0.95439,3.75,4.50
2011.05.10 23:44:47.705,0.95383,0.95439,3.75,4.50
2011.05.10 23:44:48.955,0.95383,0.95439,4.50,4.50
2011.05.10 23:44:49.853,0.95375,0.95431,4.50,3.75
2011.05.10 23:44:49.973,0.95373,0.95427,4.50,3.75
2011.05.10 23:44:50.085,0.95368,0.95422,4.50,3.75
2011.05.10 23:44:50.196,0.95368,0.95422,4.50,3.75
2011.05.10 23:44:50.416,0.95373,0.95427,3.75,3.75
2011.05.10 23:44:50.526,0.95375,0.95431,3.75,3.75
2011.05.10 23:44:51.474,0.95375,0.95431,4.50,4.50
2011.05.10 23:44:52.431,0.95372,0.95428,4.50,3.75
2011.05.10 23:44:52.916,0.95372,0.95428,4.50,3.75
2011.05.10 23:44:53.244,0.95377,0.95431,4.50,4.50
2011.05.10 23:44:53.574,0.95377,0.95431,4.50,3.75
2011.05.10 23:44:53.795,0.95379,0.95432,4.50,2.85
2011.05.10 23:44:54.674,0.95379,0.95433,4.50,3.75
2011.05.10 23:44:55.739,0.95379,0.95433,4.50,3.75
2011.05.10 23:44:57.094,0.95382,0.95438,4.50,4.50
2011.05.10 23:44:59.126,0.95388,0.95441,2.48,4.50
2011.05.10 23:44:59.236,0.95391,0.95444,1.35,3.75
2011.05.10 23:44:59.344,0.95398,0.95452,3.75,4.50
2011.05.10 23:44:59.565,0.954,0.95456,3.75,4.50
2011.05.10 23:45:00.113,0.954,0.95456,3.75,4.50
2011.05.10 23:45:00.697,0.954,0.95456,4.50,4.50
2011.05.10 23:45:01.895,0.954,0.95456,3.75,4.50
2011.05.10 23:45:02.115,0.95403,0.95459,3.75,4.50
2011.05.10 23:45:02.664,0.95404,0.9546,3.75,4.50
2011.05.10 23:45:03.727,0.95404,0.9546,3.75,4.50
2011.05.10 23:45:06.145,0.95408,0.95462,3.75,4.50
2011.05.10 23:45:10.025,0.95397,0.95451,3.23,4.50
2011.05.10 23:45:10.135,0.95397,0.95451,1.13,4.50
2011.05.10 23:45:10.355,0.95398,0.95451,1.13,4.50
2011.05.10 23:45:10.465,0.95404,0.95453,3.75,3.45
2011.05.10 23:45:10.794,0.95407,0.95453,3.75,2.85
2011.05.10 23:45:11.365,0.95412,0.95464,3.75,1.35
2011.05.10 23:45:11.474,0.95412,0.95464,3.75,1.35
2011.05.10 23:45:12.044,0.95412,0.95464,3.75,1.35
2011.05.10 23:45:12.375,0.95416,0.95472,3.75,4.50
2011.05.10 23:45:12.705,0.95421,0.95475,3.75,4.50
2011.05.10 23:45:13.145,0.95411,0.95467,3.75,4.50
2011.05.10 23:45:13.365,0.95413,0.95469,3.75,4.50
2011.05.10 23:45:13.804,0.95411,0.95467,4.50,4.50
2011.05.10 23:45:14.364,0.95411,0.95467,3.75,4.50
2011.05.10 23:45:14.717,0.95411,0.95467,3.75,4.50
2011.05.10 23:45:15.045,0.95415,0.95471,3.75,4.50
2011.05.10 23:45:16.035,0.95413,0.95467,3.75,4.50
2011.05.10 23:45:16.254,0.95413,0.95467,3.75,4.50
2011.05.10 23:45:16.365,0.95411,0.95465,3.75,4.50
2011.05.10 23:45:16.474,0.95411,0.95463,3.75,2.85
2011.05.10 23:45:16.585,0.95404,0.9546,4.50,4.50
2011.05.10 23:45:17.174,0.95409,0.95465,3.75,4.50
2011.05.10 23:45:17.685,0.95409,0.95463,4.50,4.50
2011.05.10 23:45:18.255,0.95409,0.95463,3.75,3.75
2011.05.10 23:45:18.475,0.95409,0.95463,3.75,6.60
2011.05.10 23:45:18.584,0.954,0.95456,4.50,3.75
2011.05.10 23:45:19.661,0.954,0.95456,4.50,4.50
2011.05.10 23:45:20.107,0.954,0.95456,4.50,3.75
2011.05.10 23:45:20.214,0.954,0.95456,4.50,4.50
2011.05.10 23:45:20.884,0.954,0.95456,4.50,3.75
2011.05.10 23:45:21.315,0.954,0.95456,4.50,3.75
2011.05.10 23:45:21.425,0.954,0.95456,4.50,3.75
2011.05.10 23:45:21.755,0.95396,0.95452,4.50,3.75
2011.05.10 23:45:22.566,0.95399,0.95455,4.50,3.75
2011.05.10 23:45:22.676,0.95403,0.95457,4.50,3.75
2011.05.10 23:45:22.785,0.95406,0.9546,4.50,3.75
2011.05.10 23:45:23.005,0.95409,0.95465,3.75,4.50
2011.05.10 23:45:23.744,0.95409,0.95465,4.50,4.50
2011.05.10 23:45:25.716,0.95409,0.95465,4.50,4.50
2011.05.10 23:45:26.805,0.95405,0.95459,4.50,3.75
2011.05.10 23:45:27.717,0.95405,0.95459,4.50,4.50
2011.05.10 23:45:27.933,0.95405,0.95459,4.50,3.75
2011.05.10 23:45:28.265,0.95405,0.95459,4.50,4.50
2011.05.10 23:45:28.776,0.95402,0.95456,4.50,3.75
2011.05.10 23:45:29.418,0.95401,0.95455,4.50,3.75
2011.05.10 23:45:29.635,0.95398,0.95454,4.50,4.50
2011.05.10 23:45:30.194,0.95398,0.95454,4.50,3.75
2011.05.10 23:45:30.304,0.95398,0.95452,4.50,3.75
2011.05.10 23:45:31.345,0.95393,0.95447,4.50,3.75
2011.05.10 23:45:32.636,0.95393,0.95447,4.50,3.75
2011.05.10 23:45:32.744,0.95397,0.95447,2.85,3.75
2011.05.10 23:45:33.388,0.95392,0.95448,4.50,4.50
2011.05.10 23:45:33.605,0.95396,0.95452,4.50,3.75
2011.05.10 23:45:33.824,0.95398,0.95452,3.75,3.75
2011.05.10 23:45:34.645,0.95398,0.95452,4.50,3.75
2011.05.10 23:45:38.265,0.95401,0.95457,4.50,3.75
2011.05.10 23:45:38.485,0.95405,0.95459,3.75,4.50
2011.05.10 23:45:39.239,0.95406,0.95462,3.75,4.50
2011.05.10 23:45:39.674,0.95404,0.95458,3.75,3.75
2011.05.10 23:45:40.697,0.95404,0.95458,4.50,4.50
2011.05.10 23:45:42.734,0.95404,0.95458,3.75,4.50
2011.05.10 23:45:42.954,0.95409,0.95463,3.75,4.50
2011.05.10 23:45:43.284,0.95409,0.95463,3.75,4.50
2011.05.10 23:45:43.394,0.95412,0.95466,3.75,4.50
2011.05.10 23:45:43.936,0.9541,0.95466,3.75,4.50
2011.05.10 23:45:44.636,0.9541,0.95466,3.75,4.50
2011.05.10 23:45:45.635,0.9541,0.95466,3.75,4.50
2011.05.10 23:45:46.605,0.9541,0.95466,3.75,4.50
2011.05.10 23:45:46.718,0.95408,0.95462,2.10,4.50
2011.05.10 23:45:48.834,0.95406,0.95462,4.50,4.50
2011.05.10 23:45:49.055,0.95406,0.95462,3.75,4.50
2011.05.10 23:45:49.165,0.95401,0.95455,4.50,4.50
2011.05.10 23:45:49.605,0.95405,0.95461,3.75,4.50
2011.05.10 23:45:50.385,0.95405,0.95461,3.75,4.50
2011.05.10 23:45:50.718,0.95409,0.95465,3.75,4.50
2011.05.10 23:45:50.827,0.95409,0.95465,3.75,4.50
2011.05.10 23:45:50.935,0.95409,0.95465,3.75,4.50
2011.05.10 23:45:51.549,0.95409,0.95465,3.75,4.50
2011.05.10 23:45:51.666,0.95409,0.95465,3.75,4.50
2011.05.10 23:45:51.777,0.95409,0.95465,4.73,4.50
2011.05.10 23:45:51.886,0.95421,0.95473,3.75,2.85
2011.05.10 23:45:52.217,0.95408,0.95464,3.75,4.50
2011.05.10 23:45:52.325,0.95407,0.95463,6.60,4.50
2011.05.10 23:45:52.545,0.95416,0.95468,3.75,1.35
2011.05.10 23:45:52.655,0.95416,0.95469,3.75,1.35
2011.05.10 23:45:53.174,0.95418,0.95472,3.75,4.50
2011.05.10 23:45:53.286,0.95421,0.95475,3.75,4.50
2011.05.10 23:45:56.794,0.95421,0.95475,4.50,4.50
2011.05.10 23:45:56.905,0.95427,0.95477,2.10,4.50
2011.05.10 23:45:58.746,0.95427,0.95479,2.10,4.50
2011.05.10 23:45:59.774,0.95427,0.95479,2.85,4.50
2011.05.10 23:46:00.454,0.95432,0.95486,3.75,4.50
2011.05.10 23:46:01.574,0.95432,0.95486,3.75,4.50
2011.05.10 23:46:01.690,0.95427,0.95481,4.50,4.50
2011.05.10 23:46:02.696,0.95433,0.95487,3.75,4.50
2011.05.10 23:46:03.245,0.95433,0.95487,3.75,4.50
2011.05.10 23:46:03.356,0.95429,0.95483,3.75,4.50
2011.05.10 23:46:03.465,0.95431,0.95487,3.75,4.50
2011.05.10 23:46:03.684,0.95432,0.95488,3.75,4.50
2011.05.10 23:46:03.796,0.95437,0.95491,3.75,4.50
2011.05.10 23:46:04.282,0.95437,0.95491,3.75,4.50
2011.05.10 23:46:05.566,0.95437,0.95486,3.75,1.35
2011.05.10 23:46:05.675,0.95433,0.95486,3.75,1.35
2011.05.10 23:46:05.786,0.95427,0.95481,3.75,4.50
2011.05.10 23:46:06.225,0.95425,0.95481,3.75,4.50
2011.05.10 23:46:06.755,0.95422,0.95476,4.50,4.50
2011.05.10 23:46:06.867,0.95417,0.95473,4.50,4.50
2011.05.10 23:46:07.436,0.95416,0.95472,4.50,3.75
2011.05.10 23:46:08.697,0.95416,0.95472,4.50,4.50
2011.05.10 23:46:09.354,0.95419,0.95475,3.75,4.50
2011.05.10 23:46:09.575,0.95408,0.95463,2.10,3.75
2011.05.10 23:46:09.684,0.95408,0.95463,2.85,3.75
2011.05.10 23:46:10.284,0.95407,0.95462,2.85,3.75
2011.05.10 23:46:12.715,0.95407,0.95462,2.85,4.50
2011.05.10 23:46:14.504,0.95407,0.95462,2.85,3.75
2011.05.10 23:46:14.834,0.95402,0.95456,4.50,3.75
2011.05.10 23:46:15.416,0.95402,0.95456,4.50,3.75
2011.05.10 23:46:15.635,0.95407,0.95461,2.85,3.75
2011.05.10 23:46:15.965,0.95423,0.95479,4.35,4.50
2011.05.10 23:46:16.755,0.95417,0.95466,1.35,4.50
2011.05.10 23:46:17.708,0.95417,0.95466,1.35,4.50
2011.05.10 23:46:19.947,0.95412,0.95466,1.35,4.50
2011.05.10 23:46:20.385,0.95406,0.95458,1.35,4.50
2011.05.10 23:46:20.689,0.95412,0.95458,1.35,4.50
2011.05.10 23:46:20.794,0.95407,0.95458,1.35,4.50
2011.05.10 23:46:21.665,0.95406,0.95458,1.35,4.50
2011.05.10 23:46:22.664,0.95412,0.95458,1.35,4.50
2011.05.10 23:46:23.997,0.95416,0.95472,3.75,6.60
2011.05.10 23:46:24.105,0.95416,0.95472,3.75,4.50
2011.05.10 23:46:24.214,0.95416,0.95472,3.75,4.50
2011.05.10 23:46:24.544,0.95407,0.9546,1.35,4.50
2011.05.10 23:46:25.726,0.95407,0.95458,1.35,4.50
2011.05.10 23:46:29.127,0.95411,0.95458,2.10,4.50
2011.05.10 23:46:29.235,0.95417,0.95471,4.35,4.50
2011.05.10 23:46:32.754,0.95418,0.95472,6.45,4.50
2011.05.10 23:46:32.975,0.95411,0.95463,1.35,4.50
2011.05.10 23:46:33.614,0.95411,0.95463,1.35,4.50
2011.05.10 23:46:34.075,0.95411,0.95463,1.35,4.50
2011.05.10 23:46:34.185,0.95408,0.95459,2.70,4.50
2011.05.10 23:46:34.514,0.95408,0.95459,2.10,4.50
2011.05.10 23:46:35.059,0.95408,0.95455,2.10,3.75
2011.05.10 23:46:35.165,0.95408,0.95455,2.85,3.75
2011.05.10 23:46:35.495,0.9541,0.9546,1.35,3.75
2011.05.10 23:46:35.715,0.95419,0.95473,3.75,4.50
2011.05.10 23:46:36.197,0.95422,0.95476,4.35,4.50
2011.05.10 23:46:36.306,0.95423,0.95477,4.35,3.75
2011.05.10 23:46:36.855,0.95426,0.9548,4.35,4.50
2011.05.10 23:46:36.965,0.95427,0.9548,1.35,3.75
2011.05.10 23:46:37.355,0.95427,0.95482,1.35,3.75
2011.05.10 23:46:37.875,0.95427,0.95481,1.35,3.75
2011.05.10 23:46:39.025,0.95425,0.95481,4.35,4.50
2011.05.10 23:46:39.404,0.95425,0.95481,3.75,4.50
2011.05.10 23:46:39.734,0.95425,0.95481,4.13,4.50
2011.05.10 23:46:40.064,0.95435,0.95491,4.35,4.50
2011.05.10 23:46:41.554,0.95435,0.95491,4.35,4.50
2011.05.10 23:46:41.664,0.95433,0.95487,4.35,3.75
2011.05.10 23:46:42.305,0.95436,0.9549,3.75,4.50
2011.05.10 23:46:42.414,0.95436,0.9549,3.75,4.50
2011.05.10 23:46:43.906,0.95436,0.9549,3.75,4.50
2011.05.10 23:46:44.797,0.95436,0.9549,4.50,4.50
2011.05.10 23:46:44.904,0.95436,0.9549,3.75,4.50
2011.05.10 23:46:45.125,0.95435,0.95486,2.48,3.75
2011.05.10 23:46:45.235,0.95439,0.95493,4.73,3.75
2011.05.10 23:46:45.785,0.95442,0.95498,4.35,4.50
2011.05.10 23:46:45.896,0.95442,0.95498,4.35,3.75
2011.05.10 23:46:47.795,0.95449,0.95505,4.73,4.50
2011.05.10 23:46:47.905,0.95452,0.95505,2.10,4.50
2011.05.10 23:46:49.894,0.95456,0.9551,4.35,4.50
2011.05.10 23:46:50.445,0.95456,0.95508,3.75,1.35
2011.05.10 23:46:50.555,0.95447,0.95492,2.10,3.75
2011.05.10 23:46:50.885,0.95447,0.95501,4.50,4.50
2011.05.10 23:46:50.995,0.95449,0.95501,2.10,3.75
2011.05.10 23:46:51.104,0.95454,0.9551,4.35,4.50
2011.05.10 23:46:51.214,0.95452,0.95506,4.35,3.75
2011.05.10 23:46:51.656,0.95451,0.95505,4.35,4.50
2011.05.10 23:46:51.797,0.95451,0.95505,3.75,4.50
2011.05.10 23:46:52.636,0.95451,0.95505,3.75,4.50
2011.05.10 23:46:53.244,0.95447,0.95503,6.45,4.50
2011.05.10 23:46:53.465,0.9543,0.95486,4.35,3.75
2011.05.10 23:46:53.684,0.95426,0.9548,5.10,3.75
2011.05.10 23:46:55.345,0.9543,0.95486,4.35,4.50
2011.05.10 23:46:55.455,0.9543,0.95486,4.35,4.50
2011.05.10 23:46:55.565,0.95433,0.95489,3.75,4.50
2011.05.10 23:46:57.708,0.95435,0.95489,4.50,4.50
2011.05.10 23:46:58.699,0.95435,0.95489,4.50,4.50
2011.05.10 23:47:02.355,0.95436,0.95489,1.35,4.50
2011.05.10 23:47:05.835,0.95431,0.95487,4.35,4.50
2011.05.10 23:47:06.164,0.95424,0.95479,2.10,4.50
2011.05.10 23:47:06.636,0.95422,0.95478,4.35,4.50
2011.05.10 23:47:08.716,0.95417,0.95473,4.50,4.50
2011.05.10 23:47:13.307,0.95412,0.95466,4.50,4.50
2011.05.10 23:47:13.416,0.95422,0.95478,4.35,4.50
2011.05.10 23:47:13.524,0.95422,0.95478,4.35,4.50
2011.05.10 23:47:13.636,0.95426,0.9548,3.75,4.50
2011.05.10 23:47:14.183,0.95423,0.95477,4.35,4.50
2011.05.10 23:47:14.295,0.95423,0.95477,4.35,4.50
2011.05.10 23:47:14.407,0.95417,0.95468,1.35,4.50
2011.05.10 23:47:15.065,0.95419,0.95466,1.35,3.75
2011.05.10 23:47:15.176,0.95419,0.95464,1.35,3.75
2011.05.10 23:47:15.285,0.95417,0.95464,1.35,4.50
2011.05.10 23:47:16.825,0.95417,0.95469,1.35,4.50
2011.05.10 23:47:25.874,0.95413,0.95469,4.35,4.50
2011.05.10 23:47:26.128,0.95417,0.95469,1.35,4.50
2011.05.10 23:47:27.666,0.95417,0.95467,1.35,4.50
2011.05.10 23:47:28.165,0.95419,0.95467,1.35,4.50
2011.05.10 23:47:28.385,0.95426,0.9548,3.75,4.50
2011.05.10 23:47:29.874,0.95419,0.95473,4.35,4.50
2011.05.10 23:47:30.315,0.95416,0.95468,1.35,4.50
2011.05.10 23:47:30.796,0.95416,0.95468,1.35,4.50
2011.05.10 23:47:31.017,0.95413,0.95467,3.75,4.50
2011.05.10 23:47:31.235,0.95407,0.9546,2.85,3.75
2011.05.10 23:47:31.457,0.95407,0.9546,2.85,4.50
2011.05.10 23:47:32.616,0.95407,0.95463,6.60,4.50
2011.05.10 23:47:33.171,0.95423,0.95479,3.75,4.50
2011.05.10 23:47:33.704,0.95417,0.95466,3.45,4.50
2011.05.10 23:47:36.138,0.95417,0.95466,1.35,3.75
2011.05.10 23:47:36.246,0.95434,0.95483,4.35,2.85
2011.05.10 23:47:36.355,0.95438,0.9549,2.70,4.50
2011.05.10 23:47:36.466,0.95434,0.9549,4.35,4.50
2011.05.10 23:47:37.015,0.95437,0.9549,2.70,3.75
2011.05.10 23:47:37.125,0.95444,0.955,4.35,4.50
2011.05.10 23:47:37.346,0.95447,0.95503,3.75,6.60
2011.05.10 23:47:37.675,0.95444,0.95498,4.35,4.50
2011.05.10 23:47:38.195,0.95444,0.95498,4.35,4.50
2011.05.10 23:47:39.255,0.95446,0.95502,3.75,4.50
2011.05.10 23:47:39.584,0.9545,0.95504,3.75,4.50
2011.05.10 23:47:39.914,0.9545,0.95506,3.75,4.50
2011.05.10 23:47:40.025,0.95456,0.9551,3.75,4.50
2011.05.10 23:47:40.356,0.95451,0.95505,3.75,4.50
2011.05.10 23:47:40.576,0.95448,0.95502,3.75,3.75
2011.05.10 23:47:40.905,0.95448,0.95502,3.75,4.50
2011.05.10 23:47:41.126,0.95446,0.95502,3.75,4.50
2011.05.10 23:47:41.846,0.95448,0.95502,3.08,4.50
2011.05.10 23:47:41.955,0.95457,0.95509,2.10,4.50
2011.05.10 23:47:42.176,0.95475,0.95529,3.75,4.50
2011.05.10 23:47:42.504,0.95481,0.95522,3.75,2.85
2011.05.10 23:47:43.025,0.95467,0.95522,3.75,2.85
2011.05.10 23:47:43.245,0.95467,0.95522,3.75,2.85
2011.05.10 23:47:43.355,0.95463,0.95522,3.75,2.85
2011.05.10 23:47:43.464,0.95463,0.95522,3.75,2.85
2011.05.10 23:47:43.794,0.95459,0.95522,3.75,2.85
2011.05.10 23:47:43.904,0.95459,0.95522,3.75,2.85
2011.05.10 23:47:44.815,0.95457,0.95522,3.75,2.85
2011.05.10 23:47:45.035,0.95454,0.95522,3.75,2.85
2011.05.10 23:47:45.256,0.95454,0.95522,3.75,2.85
2011.05.10 23:47:45.475,0.95454,0.95522,3.75,2.85
2011.05.10 23:47:45.915,0.95456,0.95523,3.75,2.85
2011.05.10 23:47:46.025,0.95456,0.95522,3.75,2.85
2011.05.10 23:47:46.244,0.95451,0.95522,3.75,6.60
2011.05.10 23:47:46.896,0.95451,0.95522,3.75,6.60
2011.05.10 23:47:47.739,0.95452,0.95522,3.75,2.85
2011.05.10 23:47:47.850,0.95452,0.95522,3.75,2.85
2011.05.10 23:47:47.956,0.95458,0.95508,3.75,1.50
2011.05.10 23:47:48.176,0.95432,0.95486,3.75,3.75
2011.05.10 23:47:48.508,0.95421,0.95477,4.50,3.75
2011.05.10 23:47:48.835,0.95418,0.95474,4.50,3.75
2011.05.10 23:47:49.055,0.95418,0.95474,4.50,3.75
2011.05.10 23:47:50.735,0.95418,0.95474,4.50,4.50
2011.05.10 23:47:51.155,0.95417,0.95473,6.60,4.50
2011.05.10 23:47:51.374,0.95417,0.9547,2.85,3.75
2011.05.10 23:47:51.967,0.95417,0.9547,2.85,3.75
2011.05.10 23:47:52.185,0.95418,0.95472,4.50,3.75
2011.05.10 23:47:52.515,0.95417,0.95466,2.85,3.75
2011.05.10 23:47:52.627,0.95417,0.95466,2.85,3.75
2011.05.10 23:47:52.736,0.95415,0.95469,4.50,3.75
2011.05.10 23:47:53.065,0.95418,0.95472,4.50,3.75
2011.05.10 23:47:53.616,0.95419,0.95473,4.50,4.50
2011.05.10 23:47:54.156,0.95411,0.95457,1.35,3.75
2011.05.10 23:47:54.265,0.95411,0.9546,1.35,3.75
2011.05.10 23:47:54.375,0.95411,0.95463,1.35,3.75
2011.05.10 23:47:54.705,0.95411,0.9546,1.35,3.75
2011.05.10 23:47:55.037,0.95411,0.95457,1.35,3.75
2011.05.10 23:47:55.255,0.95411,0.9546,1.35,3.75
2011.05.10 23:47:56.745,0.95402,0.95458,4.50,3.75
2011.05.10 23:47:57.184,0.95402,0.95458,4.50,3.75
2011.05.10 23:47:57.295,0.95395,0.9545,1.35,3.75
2011.05.10 23:47:57.404,0.95395,0.9545,1.35,4.50
2011.05.10 23:47:59.666,0.95395,0.9545,1.35,4.50
2011.05.10 23:48:00.246,0.95395,0.9545,1.35,4.50
2011.05.10 23:48:01.284,0.95394,0.9545,4.35,4.50
2011.05.10 23:48:01.505,0.95394,0.9545,4.35,4.50
2011.05.10 23:48:02.055,0.95396,0.9545,3.75,4.50
2011.05.10 23:48:02.579,0.95397,0.95451,3.75,4.50
2011.05.10 23:48:03.336,0.95397,0.95451,3.75,4.50
2011.05.10 23:48:03.737,0.95388,0.95442,4.50,3.75
2011.05.10 23:48:03.846,0.95394,0.9545,3.75,4.50
2011.05.10 23:48:04.176,0.95397,0.95453,3.75,3.75
2011.05.10 23:48:04.286,0.95401,0.95455,3.75,4.50
2011.05.10 23:48:04.754,0.95401,0.95455,3.75,4.50
2011.05.10 23:48:05.212,0.95401,0.95455,3.75,4.50
2011.05.10 23:48:05.614,0.95406,0.9546,3.75,4.50
2011.05.10 23:48:06.391,0.9541,0.95464,3.75,4.50
2011.05.10 23:48:08.205,0.95413,0.95467,3.75,4.50
2011.05.10 23:48:11.594,0.95413,0.95467,3.75,4.50
2011.05.10 23:48:13.298,0.95409,0.95463,3.75,4.50
2011.05.10 23:48:13.438,0.95409,0.95463,3.75,4.50
2011.05.10 23:48:14.455,0.95409,0.95463,4.50,4.50
2011.05.10 23:48:14.564,0.95407,0.95461,6.60,4.50
2011.05.10 23:48:15.005,0.95407,0.95461,3.75,4.50
2011.05.10 23:48:15.445,0.95402,0.95458,4.50,4.50
2011.05.10 23:48:15.696,0.95402,0.95458,3.75,4.50
2011.05.10 23:48:17.715,0.95397,0.95445,2.85,4.50
2011.05.10 23:48:20.537,0.95417,0.95467,2.70,4.50
2011.05.10 23:48:21.306,0.95417,0.95466,2.70,4.50
2011.05.10 23:48:22.016,0.95407,0.95451,3.45,3.75
2011.05.10 23:48:22.517,0.95401,0.95445,1.35,3.75
2011.05.10 23:48:22.945,0.95403,0.95457,4.35,4.50
2011.05.10 23:48:23.776,0.95403,0.95457,4.35,4.50
2011.05.10 23:48:24.656,0.95404,0.95457,1.35,4.50
2011.05.10 23:48:25.702,0.95403,0.95457,4.35,4.50
2011.05.10 23:48:26.145,0.95397,0.95451,6.45,4.50
2011.05.10 23:48:27.726,0.95397,0.95451,4.35,4.50
2011.05.10 23:48:27.969,0.95397,0.95451,5.10,4.50
2011.05.10 23:48:29.487,0.95397,0.95451,4.35,4.50
2011.05.10 23:48:30.455,0.95422,0.95462,3.75,2.85
2011.05.10 23:48:30.565,0.95422,0.95478,4.35,4.50
2011.05.10 23:48:31.005,0.95431,0.95485,3.75,4.50
2011.05.10 23:48:31.477,0.95419,0.95475,4.35,4.50
2011.05.10 23:48:31.587,0.95421,0.95475,4.35,4.50
2011.05.10 23:48:36.185,0.95422,0.95474,1.35,4.50
2011.05.10 23:48:36.295,0.9542,0.95474,4.50,4.50
2011.05.10 23:48:36.404,0.9542,0.95474,3.75,4.50
2011.05.10 23:48:36.845,0.95422,0.95476,3.75,3.75
2011.05.10 23:48:37.285,0.95417,0.95473,4.35,4.50
2011.05.10 23:48:37.394,0.95417,0.95471,4.35,3.75
2011.05.10 23:48:39.794,0.95417,0.95471,4.35,4.50
2011.05.10 23:48:40.429,0.95414,0.95468,4.35,3.75
2011.05.10 23:48:41.705,0.95414,0.95468,4.35,4.50
2011.05.10 23:48:43.005,0.95411,0.95467,4.35,4.50
2011.05.10 23:48:44.375,0.9541,0.95464,3.75,4.50
2011.05.10 23:48:44.955,0.95409,0.95463,3.75,4.50
2011.05.10 23:48:45.711,0.95409,0.95465,4.50,4.50
2011.05.10 23:48:46.431,0.95409,0.95465,3.75,4.50
2011.05.10 23:48:47.046,0.95407,0.95461,3.75,3.75
2011.05.10 23:48:47.645,0.95407,0.95461,4.50,4.50
2011.05.10 23:48:48.051,0.95407,0.95461,4.50,3.75
2011.05.10 23:48:48.847,0.95406,0.9546,4.50,3.75
2011.05.10 23:48:49.274,0.95406,0.9546,4.50,3.75
2011.05.10 23:48:49.384,0.95406,0.9546,4.50,3.75
2011.05.10 23:48:49.934,0.95405,0.95461,4.50,3.75
2011.05.10 23:48:50.836,0.95405,0.95461,4.50,4.50
2011.05.10 23:48:51.165,0.95406,0.95462,4.50,3.75
2011.05.10 23:48:51.424,0.95406,0.95462,4.50,3.75
2011.05.10 23:48:51.646,0.9541,0.95466,4.50,3.75
2011.05.10 23:48:51.975,0.95408,0.95462,4.50,3.75
2011.05.10 23:48:52.706,0.95408,0.95462,4.50,4.50
2011.05.10 23:48:54.091,0.95408,0.95462,4.50,4.50
2011.05.10 23:48:54.794,0.95408,0.95462,4.50,4.50
2011.05.10 23:48:55.364,0.95404,0.95458,4.50,3.75
2011.05.10 23:48:55.996,0.95404,0.95458,4.50,4.50
2011.05.10 23:48:57.106,0.95404,0.95458,4.50,4.50
2011.05.10 23:49:09.724,0.95403,0.95459,3.75,4.50
2011.05.10 23:49:09.836,0.95403,0.95459,3.75,4.50
2011.05.10 23:49:10.081,0.95403,0.95459,3.75,4.50
2011.05.10 23:49:11.726,0.95403,0.95459,4.50,4.50
2011.05.10 23:49:13.214,0.95403,0.95459,3.75,4.50
2011.05.10 23:49:14.106,0.95403,0.95459,4.50,4.50
2011.05.10 23:49:16.215,0.95402,0.95456,4.50,3.75
2011.05.10 23:49:16.324,0.95402,0.95456,4.50,3.75
2011.05.10 23:49:16.644,0.95408,0.95456,2.10,3.75
2011.05.10 23:49:16.798,0.95408,0.95456,2.85,3.75
2011.05.10 23:49:17.016,0.95407,0.95461,6.60,3.75
2011.05.10 23:49:17.676,0.95407,0.95461,6.60,3.75
2011.05.10 23:49:18.334,0.95407,0.95459,2.85,3.75
2011.05.10 23:49:18.664,0.95407,0.95457,2.85,3.75
2011.05.10 23:49:19.255,0.95407,0.95456,2.85,3.75
2011.05.10 23:49:19.825,0.95398,0.95453,2.85,3.75
2011.05.10 23:49:20.096,0.95398,0.95453,2.85,3.75
2011.05.10 23:49:20.765,0.95408,0.95455,2.85,3.75
2011.05.10 23:49:21.636,0.95408,0.95455,2.85,3.75
2011.05.10 23:49:24.027,0.95408,0.95457,2.85,3.75
2011.05.10 23:49:24.246,0.95408,0.95461,2.85,3.75
2011.05.10 23:49:25.708,0.95408,0.95461,2.85,4.50
2011.05.10 23:49:25.955,0.9541,0.95464,4.50,4.50
2011.05.10 23:49:26.285,0.95417,0.95456,2.10,3.75
2011.05.10 23:49:26.395,0.95405,0.95456,1.35,3.75
2011.05.10 23:49:26.505,0.95405,0.95454,1.35,3.75
2011.05.10 23:49:26.615,0.95407,0.95456,2.85,3.75
2011.05.10 23:49:26.945,0.95408,0.9546,2.85,3.75
2011.05.10 23:49:27.165,0.95408,0.95457,2.85,3.75
2011.05.10 23:49:27.276,0.95408,0.95457,2.10,4.50
2011.05.10 23:49:27.385,0.95408,0.95457,2.10,3.75
2011.05.10 23:49:27.495,0.95408,0.95454,2.10,3.75
2011.05.10 23:49:27.714,0.95402,0.95454,1.35,3.75
2011.05.10 23:49:28.677,0.95401,0.95454,1.35,4.50
2011.05.10 23:49:29.345,0.95401,0.95454,1.35,4.50
2011.05.10 23:49:29.846,0.95402,0.95454,1.35,4.50
2011.05.10 23:49:31.217,0.95405,0.95457,1.35,4.50
2011.05.10 23:49:31.977,0.95401,0.95457,5.10,4.50
2011.05.10 23:49:46.035,0.95405,0.95456,1.35,4.50
2011.05.10 23:49:48.657,0.95402,0.95456,4.35,4.50
2011.05.10 23:49:50.057,0.95405,0.95456,1.35,4.50
2011.05.10 23:49:58.355,0.95408,0.95456,2.10,4.50
2011.05.10 23:49:58.465,0.95412,0.95468,3.75,4.50
2011.05.10 23:49:59.416,0.95412,0.95468,4.35,4.50
2011.05.10 23:50:01.011,0.95412,0.95468,4.35,4.50
2011.05.10 23:50:01.126,0.95412,0.95468,5.10,4.50
2011.05.10 23:50:22.740,0.9542,0.95474,4.35,4.50
2011.05.10 23:50:26.646,0.9542,0.95474,4.35,4.50
2011.05.10 23:50:31.085,0.95421,0.95475,4.35,4.50
2011.05.10 23:50:31.676,0.95421,0.95475,5.10,4.50
2011.05.10 23:50:31.895,0.95426,0.95475,1.35,4.50
2011.05.10 23:50:32.560,0.95427,0.9548,1.35,4.50
2011.05.10 23:50:33.686,0.95426,0.9548,4.35,4.50
2011.05.10 23:50:33.905,0.95427,0.9548,1.35,4.50
2011.05.10 23:50:36.965,0.95437,0.95485,2.10,4.50
2011.05.10 23:50:37.478,0.95438,0.95494,4.35,4.50
2011.05.10 23:50:38.580,0.95437,0.9549,2.85,4.50
2011.05.10 23:50:45.506,0.95437,0.95488,1.35,1.35
2011.05.10 23:50:45.615,0.95432,0.95486,1.35,4.50
2011.05.10 23:50:46.667,0.95432,0.95486,1.35,4.50
2011.05.10 23:50:47.505,0.95432,0.95486,1.35,4.50
2011.05.10 23:50:57.745,0.95432,0.95486,1.35,4.50
2011.05.10 23:50:58.656,0.95431,0.95482,1.35,4.50
2011.05.10 23:51:11.785,0.95432,0.95485,1.35,4.50
2011.05.10 23:51:12.005,0.95437,0.95485,1.35,4.50
2011.05.10 23:51:12.516,0.95432,0.95482,1.35,4.50
2011.05.10 23:51:14.665,0.95431,0.9548,1.35,4.50
2011.05.10 23:51:23.733,0.95432,0.9548,1.35,4.50
2011.05.10 23:51:26.316,0.95429,0.9548,2.10,4.50
2011.05.10 23:51:26.426,0.95432,0.9548,1.35,4.50
2011.05.10 23:51:26.767,0.95432,0.9548,1.35,4.50
2011.05.10 23:51:26.985,0.95432,0.9548,1.35,4.50
2011.05.10 23:51:28.776,0.95436,0.95488,1.35,1.35
2011.05.10 23:51:29.679,0.95438,0.95488,1.35,1.35
2011.05.10 23:51:30.557,0.95438,0.95488,1.35,1.35
2011.05.10 23:51:30.665,0.95436,0.95488,1.35,1.35
2011.05.10 23:51:31.026,0.95437,0.95488,1.35,1.35
2011.05.10 23:51:31.217,0.95437,0.95488,1.35,1.35
2011.05.10 23:51:32.127,0.95436,0.95488,1.35,1.35
2011.05.10 23:51:32.236,0.95437,0.95488,1.35,1.35
2011.05.10 23:51:32.971,0.95431,0.95486,1.35,4.50
2011.05.10 23:51:34.738,0.95437,0.95486,1.35,4.50
2011.05.10 23:51:35.788,0.95431,0.95486,1.35,4.50
2011.05.10 23:51:36.048,0.95436,0.95486,1.35,4.50
2011.05.10 23:51:36.776,0.95432,0.95486,1.35,4.50
2011.05.10 23:51:36.995,0.95432,0.95481,1.35,3.75
2011.05.10 23:51:38.086,0.95432,0.95481,1.35,4.50
2011.05.10 23:51:38.716,0.95432,0.95481,1.35,4.50
2011.05.10 23:51:39.137,0.95437,0.95481,1.35,4.50
2011.05.10 23:51:40.545,0.95431,0.95481,1.35,4.50
2011.05.10 23:51:44.647,0.95432,0.95481,1.35,4.50
2011.05.10 23:51:45.797,0.95425,0.95481,4.50,4.50
2011.05.10 23:51:46.628,0.95425,0.95481,4.50,4.50
2011.05.10 23:51:46.735,0.95425,0.95481,4.50,4.50
2011.05.10 23:51:49.707,0.95425,0.95481,4.50,4.50
2011.05.10 23:51:50.038,0.95425,0.95481,3.75,4.50
2011.05.10 23:51:50.145,0.95422,0.95478,4.50,4.50
2011.05.10 23:51:50.734,0.95426,0.9548,3.75,4.50
2011.05.10 23:51:50.955,0.95426,0.9548,4.50,3.75
2011.05.10 23:51:51.065,0.95426,0.9548,3.75,4.50
2011.05.10 23:51:51.686,0.95426,0.9548,4.50,4.50
2011.05.10 23:51:52.676,0.95426,0.9548,4.50,4.50
2011.05.10 23:51:53.514,0.95426,0.9548,4.50,3.75
2011.05.10 23:51:53.626,0.9543,0.95484,4.50,4.50
2011.05.10 23:51:55.545,0.95426,0.95482,4.50,3.75
2011.05.10 23:51:56.908,0.95426,0.9548,4.50,3.75
2011.05.10 23:51:57.736,0.95426,0.9548,4.50,4.50
2011.05.10 23:51:59.707,0.95426,0.9548,4.50,4.50
2011.05.10 23:52:00.385,0.95426,0.9548,4.50,4.50
2011.05.10 23:52:01.365,0.95426,0.9548,4.50,4.50
2011.05.10 23:52:01.806,0.95426,0.9548,4.50,4.50
2011.05.10 23:52:03.626,0.95426,0.9548,4.50,4.50
2011.05.10 23:52:05.167,0.95426,0.9548,4.50,3.75
2011.05.10 23:52:05.275,0.9543,0.95484,4.50,4.50
2011.05.10 23:52:07.086,0.9543,0.95486,4.50,4.50
2011.05.10 23:52:13.135,0.95437,0.95493,3.75,3.75
2011.05.10 23:52:13.355,0.95437,0.95493,5.85,4.50
2011.05.10 23:52:13.685,0.95437,0.95493,5.10,4.50
2011.05.10 23:52:14.126,0.95442,0.95493,1.35,3.75
2011.05.10 23:52:15.020,0.95448,0.95493,2.10,3.75
2011.05.10 23:52:15.258,0.95448,0.95501,2.10,3.75
2011.05.10 23:52:15.378,0.95457,0.95511,4.35,4.50
2011.05.10 23:52:16.436,0.95457,0.95511,4.35,4.50
2011.05.10 23:52:16.826,0.95457,0.95511,4.35,4.50
2011.05.10 23:52:17.411,0.95461,0.95517,4.50,4.50
2011.05.10 23:52:19.078,0.95461,0.95517,4.50,4.50
2011.05.10 23:52:20.727,0.95461,0.95517,4.50,4.50
2011.05.10 23:52:21.716,0.95461,0.95517,4.50,4.50
2011.05.10 23:52:25.206,0.95461,0.95517,4.50,4.50
2011.05.10 23:52:28.735,0.9547,0.95506,1.35,3.75
2011.05.10 23:52:30.595,0.9547,0.95516,1.35,4.50
2011.05.10 23:52:31.515,0.95467,0.95516,1.35,4.50
2011.05.10 23:52:32.118,0.9547,0.95514,1.35,4.50
2011.05.10 23:52:34.918,0.95466,0.95514,1.35,4.50
2011.05.10 23:52:35.415,0.95467,0.95502,1.35,3.75
2011.05.10 23:52:37.996,0.95461,0.95502,1.35,3.75
2011.05.10 23:52:38.105,0.95461,0.95498,1.35,3.75
2011.05.10 23:52:39.665,0.95461,0.95498,1.35,3.75
2011.05.10 23:52:39.886,0.95462,0.95512,1.35,4.50
2011.05.10 23:52:40.325,0.95465,0.95512,1.35,4.50
2011.05.10 23:52:40.766,0.95465,0.95503,1.35,3.75
2011.05.10 23:52:42.135,0.95465,0.95505,1.35,3.75
2011.05.10 23:52:43.119,0.95465,0.95505,1.35,3.75
2011.05.10 23:52:43.356,0.95465,0.95505,1.35,3.75
2011.05.10 23:52:43.466,0.95465,0.95515,1.35,1.35
2011.05.10 23:52:43.767,0.95465,0.95515,1.35,1.35
2011.05.10 23:52:57.677,0.95465,0.95515,1.35,5.10
2011.05.10 23:53:02.149,0.95461,0.95515,5.10,5.10
2011.05.10 23:53:03.691,0.95462,0.95515,1.35,5.10
2011.05.10 23:53:04.795,0.95465,0.95515,1.35,5.10
2011.05.10 23:53:05.677,0.95465,0.95515,1.35,5.10
2011.05.10 23:53:05.900,0.95462,0.95515,1.35,5.10
2011.05.10 23:53:06.005,0.95465,0.95515,1.35,5.10
2011.05.10 23:53:06.207,0.95461,0.95515,5.10,5.10
2011.05.10 23:53:06.315,0.95461,0.95515,4.35,5.10
2011.05.10 23:53:06.536,0.95465,0.95515,4.35,1.35
2011.05.10 23:53:06.755,0.95465,0.95515,4.35,1.35
2011.05.10 23:53:07.699,0.95465,0.95515,5.10,1.35
2011.05.10 23:53:07.965,0.95465,0.95515,5.10,1.35
2011.05.10 23:53:08.187,0.95462,0.95515,1.35,1.35
2011.05.10 23:53:08.296,0.95465,0.95515,1.35,1.35
2011.05.10 23:53:09.563,0.95465,0.95515,1.35,1.35
2011.05.10 23:53:09.671,0.95465,0.95515,1.35,1.35
2011.05.10 23:53:09.985,0.95461,0.95516,1.35,4.35
2011.05.10 23:53:11.067,0.95465,0.95516,1.35,4.35
2011.05.10 23:53:12.253,0.95465,0.95515,1.35,1.35
2011.05.10 23:53:12.646,0.95465,0.95515,1.35,1.35
2011.05.10 23:53:13.409,0.95465,0.95515,1.35,1.35
2011.05.10 23:53:14.005,0.95461,0.95511,1.35,4.50
2011.05.10 23:53:14.144,0.95462,0.95511,1.35,3.75
2011.05.10 23:53:14.365,0.95465,0.95511,1.35,3.75
2011.05.10 23:53:14.729,0.95465,0.95511,1.35,4.50
2011.05.10 23:53:15.256,0.95461,0.95511,1.35,4.50
2011.05.10 23:53:16.278,0.95465,0.95515,1.35,1.35
2011.05.10 23:53:16.595,0.95465,0.95515,1.35,1.35
2011.05.10 23:53:17.647,0.95465,0.95515,1.35,1.35
2011.05.10 23:53:18.816,0.95465,0.95516,1.35,4.35
2011.05.10 23:53:19.035,0.95465,0.95515,5.10,1.35
2011.05.10 23:53:19.415,0.95465,0.95515,1.35,1.35
2011.05.10 23:53:20.420,0.95465,0.95515,1.35,1.35
2011.05.10 23:53:21.286,0.95465,0.95515,1.35,1.35
2011.05.10 23:53:21.727,0.95465,0.95515,1.35,1.35
2011.05.10 23:53:22.058,0.95465,0.95515,1.35,1.35
2011.05.10 23:53:22.165,0.95465,0.95515,1.35,1.35
2011.05.10 23:53:22.490,0.95465,0.95515,1.35,1.35
2011.05.10 23:53:28.217,0.95465,0.95515,1.35,1.35
2011.05.10 23:53:29.648,0.95465,0.95515,1.35,1.35
2011.05.10 23:53:29.885,0.95465,0.95515,1.35,1.35
2011.05.10 23:53:31.104,0.95465,0.95515,1.35,1.35
2011.05.10 23:53:31.694,0.95465,0.95515,1.35,1.35
2011.05.10 23:53:32.197,0.95465,0.95515,1.35,1.35
2011.05.10 23:53:32.527,0.95465,0.95515,1.35,1.35
2011.05.10 23:53:32.857,0.95465,0.95511,1.35,3.75
2011.05.10 23:53:33.569,0.95461,0.95511,1.35,3.75
2011.05.10 23:53:34.558,0.95461,0.95511,1.35,4.50
2011.05.10 23:53:34.679,0.95462,0.95511,1.35,3.75
2011.05.10 23:53:34.785,0.95457,0.95511,5.10,4.50
2011.05.10 23:53:35.307,0.95462,0.95506,1.35,3.75
2011.05.10 23:53:36.195,0.95457,0.95506,1.35,4.35
2011.05.10 23:53:36.599,0.95457,0.95506,1.35,5.10
2011.05.10 23:53:36.717,0.95456,0.95506,1.35,5.10
2011.05.10 23:53:36.977,0.95457,0.95506,1.35,5.10
2011.05.10 23:53:38.297,0.95456,0.95506,1.35,5.10
2011.05.10 23:53:38.652,0.95457,0.95506,1.35,5.10
2011.05.10 23:53:38.766,0.95456,0.95506,1.35,5.10
2011.05.10 23:53:39.759,0.95456,0.95506,1.35,5.10
2011.05.10 23:53:42.030,0.95457,0.95506,1.35,5.10
2011.05.10 23:53:42.363,0.95457,0.95506,1.35,5.10
2011.05.10 23:53:43.387,0.95457,0.95506,1.35,5.10
2011.05.10 23:53:45.887,0.95457,0.95506,1.35,5.10
2011.05.10 23:53:52.516,0.95456,0.95506,1.35,5.10
2011.05.10 23:53:55.635,0.95457,0.95511,1.35,4.35
2011.05.10 23:53:56.186,0.95457,0.95511,1.35,4.35
2011.05.10 23:53:56.516,0.95467,0.95521,4.35,4.35
2011.05.10 23:53:56.865,0.95469,0.95521,1.35,4.35
2011.05.10 23:53:57.085,0.95471,0.95526,1.35,3.75
2011.05.10 23:53:57.645,0.9547,0.95526,4.35,4.50
2011.05.10 23:53:58.835,0.95468,0.95524,4.35,4.50
2011.05.10 23:53:59.744,0.95463,0.95519,4.35,4.50
2011.05.10 23:54:00.156,0.95468,0.95522,4.35,3.75
2011.05.10 23:54:00.266,0.95471,0.95522,1.35,3.75
2011.05.10 23:54:00.376,0.95474,0.9553,4.35,4.50
2011.05.10 23:54:01.036,0.95472,0.95526,4.35,3.75
2011.05.10 23:54:01.695,0.95471,0.95525,5.10,3.75
2011.05.10 23:54:02.209,0.95476,0.95525,1.35,3.75
2011.05.10 23:54:02.536,0.95472,0.95517,1.35,3.75
2011.05.10 23:54:03.195,0.95471,0.9552,1.35,4.50
2011.05.10 23:54:03.966,0.95476,0.95526,1.35,4.50
2011.05.10 23:54:05.355,0.95472,0.95526,4.35,4.50
2011.05.10 23:54:05.466,0.95468,0.95524,4.35,4.50
2011.05.10 23:54:05.576,0.95467,0.95521,5.10,3.75
2011.05.10 23:54:06.623,0.95466,0.9552,4.35,4.50
2011.05.10 23:54:07.145,0.95465,0.95519,4.35,4.50
2011.05.10 23:54:07.645,0.95467,0.95519,1.35,4.50
2011.05.10 23:54:10.468,0.95471,0.95525,4.35,4.50
2011.05.10 23:54:13.549,0.95474,0.9553,4.35,4.50
2011.05.10 23:54:13.986,0.95474,0.9553,4.35,4.50
2011.05.10 23:54:16.585,0.95476,0.95529,1.35,4.50
2011.05.10 23:54:16.806,0.95474,0.9553,4.35,4.50
2011.05.10 23:54:17.135,0.95474,0.9553,4.35,4.50
2011.05.10 23:54:17.667,0.95484,0.95538,3.75,4.50
2011.05.10 23:54:17.776,0.95477,0.95533,3.75,4.50
2011.05.10 23:54:18.367,0.95475,0.95531,4.35,3.75
2011.05.10 23:54:19.708,0.95475,0.95531,4.35,4.50
2011.05.10 23:54:27.471,0.95475,0.95531,4.35,4.50
2011.05.10 23:54:31.036,0.95474,0.95528,4.35,3.75
2011.05.10 23:54:33.846,0.95468,0.95522,4.35,3.75
2011.05.10 23:54:35.726,0.95466,0.95522,4.35,4.50
2011.05.10 23:54:37.136,0.95463,0.95517,4.35,4.50
2011.05.10 23:54:37.246,0.95463,0.95517,4.35,4.50
2011.05.10 23:54:40.225,0.95462,0.95501,1.35,3.75
2011.05.10 23:54:43.477,0.95462,0.95501,1.35,3.75
2011.05.10 23:54:44.486,0.95456,0.95492,1.35,3.75
2011.05.10 23:54:44.707,0.95456,0.95491,1.35,3.75
2011.05.10 23:54:44.817,0.95456,0.95496,1.35,3.75
2011.05.10 23:54:44.925,0.95456,0.955,1.35,3.75
2011.05.10 23:54:45.037,0.95451,0.95495,1.35,3.75
2011.05.10 23:54:46.718,0.95456,0.95495,1.35,3.75
2011.05.10 23:54:48.266,0.95452,0.95495,1.35,4.50
2011.05.10 23:54:49.257,0.95456,0.95495,1.35,4.50
2011.05.10 23:54:50.546,0.95451,0.955,1.35,4.50
2011.05.10 23:54:52.306,0.95462,0.95513,2.10,4.50
2011.05.10 23:54:52.415,0.95462,0.95513,2.10,4.50
2011.05.10 23:54:52.526,0.95466,0.9552,4.35,3.75
2011.05.10 23:54:52.635,0.95466,0.9552,4.35,3.75
2011.05.10 23:54:52.746,0.95466,0.95522,4.35,3.75
2011.05.10 23:54:52.855,0.95466,0.95522,4.35,4.50
2011.05.10 23:54:53.185,0.9547,0.95526,4.35,4.50
2011.05.10 23:54:59.576,0.95467,0.95521,4.35,4.50
2011.05.10 23:55:00.706,0.95468,0.95524,4.35,4.50
2011.05.10 23:55:02.795,0.95461,0.95517,5.10,4.50
2011.05.10 23:55:04.657,0.95462,0.95517,1.35,4.50
2011.05.10 23:55:05.864,0.95461,0.95517,4.35,4.50
2011.05.10 23:55:09.076,0.95456,0.955,2.85,3.75
2011.05.10 23:55:11.556,0.95456,0.95502,2.85,3.75
2011.05.10 23:55:11.777,0.95458,0.95511,2.70,4.50
2011.05.10 23:55:11.995,0.95457,0.95511,1.35,4.50
2011.05.10 23:55:12.327,0.95461,0.95501,1.35,3.75
2011.05.10 23:55:12.436,0.95462,0.95518,4.35,4.50
2011.05.10 23:55:12.547,0.95468,0.95522,4.35,4.50
2011.05.10 23:55:12.656,0.95468,0.95522,4.35,3.75
2011.05.10 23:55:13.116,0.95472,0.95527,3.75,1.35
2011.05.10 23:55:13.657,0.95472,0.95528,4.35,4.50
2011.05.10 23:55:14.085,0.95472,0.95528,4.35,4.50
2011.05.10 23:55:14.555,0.95475,0.95529,4.35,4.50
2011.05.10 23:55:14.667,0.95475,0.95529,4.35,4.50
2011.05.10 23:55:20.927,0.95474,0.95528,4.35,4.50
2011.05.10 23:55:22.186,0.95471,0.95523,1.35,3.75
2011.05.10 23:55:27.202,0.95467,0.95523,4.35,4.50
2011.05.10 23:55:29.556,0.95467,0.95522,4.35,2.85
2011.05.10 23:55:29.666,0.95467,0.95521,3.75,4.50
2011.05.10 23:55:29.886,0.95464,0.9552,3.75,4.50
2011.05.10 23:55:30.727,0.95464,0.9552,3.75,4.50
2011.05.10 23:55:31.717,0.95464,0.9552,3.75,4.50
2011.05.10 23:55:32.400,0.95462,0.95518,5.10,4.50
2011.05.10 23:55:32.615,0.95462,0.95518,4.35,4.50
2011.05.10 23:55:34.145,0.95462,0.95518,5.10,4.50
2011.05.10 23:55:34.745,0.95459,0.95515,4.35,4.50
2011.05.10 23:55:35.677,0.95459,0.95515,4.35,4.50
2011.05.10 23:55:36.115,0.95459,0.95515,3.75,4.50
2011.05.10 23:55:36.715,0.95457,0.95513,4.35,4.50
2011.05.10 23:55:37.646,0.95457,0.95513,4.35,4.50
2011.05.10 23:55:38.647,0.95457,0.95513,4.35,4.50
2011.05.10 23:55:39.747,0.95457,0.95513,4.35,4.50
2011.05.10 23:55:40.346,0.95456,0.95512,4.35,4.50
2011.05.10 23:55:40.456,0.95456,0.95512,4.35,4.50
2011.05.10 23:55:41.727,0.95456,0.95512,4.35,4.50
2011.05.10 23:55:42.716,0.95456,0.95512,4.35,4.50
2011.05.10 23:55:43.655,0.95454,0.95508,4.35,4.50
2011.05.10 23:55:44.696,0.95454,0.95508,4.35,4.50
2011.05.10 23:55:45.705,0.95454,0.95508,4.35,4.50
2011.05.10 23:55:46.936,0.95457,0.95508,1.35,4.50
2011.05.10 23:55:47.045,0.95463,0.95516,3.75,1.13
2011.05.10 23:55:47.156,0.95453,0.95509,4.35,4.50
2011.05.10 23:55:47.376,0.95453,0.95509,5.10,3.75
2011.05.10 23:55:47.487,0.95455,0.95511,4.50,3.75
2011.05.10 23:55:48.148,0.95468,0.95522,3.75,4.50
2011.05.10 23:55:48.366,0.95466,0.95522,4.35,4.50
2011.05.10 23:55:49.888,0.95466,0.95522,4.35,3.75
2011.05.10 23:55:50.637,0.95466,0.95522,4.35,4.50
2011.05.10 23:55:50.965,0.95462,0.95516,4.35,4.50
2011.05.10 23:55:51.606,0.95462,0.95516,4.35,4.50
2011.05.10 23:55:52.046,0.95458,0.95512,3.75,4.50
2011.05.10 23:55:53.497,0.95458,0.95512,3.75,4.50
2011.05.10 23:55:54.701,0.95458,0.95512,3.75,4.50
2011.05.10 23:55:55.684,0.95458,0.95512,3.75,4.50
2011.05.10 23:56:02.444,0.95458,0.95512,3.75,4.50
2011.05.10 23:56:03.729,0.95458,0.95512,3.75,4.50
2011.05.10 23:56:04.055,0.95454,0.9551,3.75,4.50
2011.05.10 23:56:06.736,0.95454,0.9551,4.50,4.50
2011.05.10 23:56:06.847,0.95461,0.95517,3.75,4.88
2011.05.10 23:56:06.957,0.95454,0.9551,3.75,4.50
2011.05.10 23:56:07.067,0.95461,0.95514,3.75,1.35
2011.05.10 23:56:07.285,0.95455,0.95509,3.75,4.50
2011.05.10 23:56:10.286,0.95455,0.95509,4.50,4.50
2011.05.10 23:56:10.396,0.95461,0.95514,3.75,1.35
2011.05.10 23:56:10.616,0.95455,0.95509,3.75,4.50
2011.05.10 23:56:11.865,0.95454,0.95508,4.35,4.50
2011.05.10 23:56:17.086,0.95445,0.95501,4.50,5.10
2011.05.10 23:56:18.688,0.95445,0.95501,4.50,5.10
2011.05.10 23:56:19.495,0.95448,0.95501,2.85,5.10
2011.05.10 23:56:22.307,0.9545,0.95501,4.50,1.35
2011.05.10 23:56:22.745,0.95448,0.95501,4.50,1.35
2011.05.10 23:56:26.348,0.95451,0.95501,3.75,1.35
2011.05.10 23:56:26.456,0.95447,0.95501,5.85,5.10
2011.05.10 23:56:27.022,0.95445,0.95489,1.35,1.35
2011.05.10 23:56:28.805,0.95449,0.95502,4.35,2.85
2011.05.10 23:56:28.917,0.95451,0.95504,5.10,1.35
2011.05.10 23:56:29.028,0.95453,0.95505,2.10,4.50
2011.05.10 23:56:29.537,0.95456,0.9551,4.35,4.50
2011.05.10 23:56:34.366,0.95457,0.95504,1.35,3.75
2011.05.10 23:56:34.477,0.95453,0.95504,1.35,3.75
2011.05.10 23:56:37.889,0.95451,0.95504,1.35,4.50
2011.05.10 23:56:38.047,0.95451,0.95504,1.35,4.50
2011.05.10 23:56:40.117,0.95448,0.95504,4.35,4.50
2011.05.10 23:56:41.657,0.95451,0.95504,1.35,4.50
2011.05.10 23:56:42.338,0.95448,0.95504,4.35,4.50
2011.05.10 23:56:42.447,0.95452,0.95504,1.35,3.75
2011.05.10 23:56:42.560,0.95452,0.95504,1.35,4.50
2011.05.10 23:56:42.995,0.95451,0.95504,1.35,4.50
2011.05.10 23:56:43.327,0.95453,0.95504,1.35,3.75
2011.05.10 23:56:43.876,0.95462,0.95516,3.75,4.50
2011.05.10 23:56:43.986,0.95462,0.95516,3.75,4.50
2011.05.10 23:56:44.316,0.95462,0.95518,3.75,4.50
2011.05.10 23:56:45.006,0.95462,0.95516,3.75,4.50
2011.05.10 23:56:45.556,0.95463,0.95517,3.75,4.50
2011.05.10 23:56:47.496,0.95465,0.95519,3.75,4.50
2011.05.10 23:56:47.605,0.95465,0.95519,3.75,4.50
2011.05.10 23:56:48.718,0.95465,0.95519,4.50,4.50
2011.05.10 23:56:50.005,0.95465,0.95519,3.75,4.50
2011.05.10 23:56:50.226,0.95464,0.95518,4.50,4.50
2011.05.10 23:56:50.445,0.95465,0.95519,3.75,4.50
2011.05.10 23:56:50.556,0.95465,0.95519,3.75,4.50
2011.05.10 23:56:50.797,0.95464,0.95518,3.75,4.50
2011.05.10 23:56:51.136,0.95464,0.95518,3.75,4.50
2011.05.10 23:56:51.686,0.95459,0.95515,3.75,4.50
2011.05.10 23:56:52.277,0.95459,0.95515,4.35,4.50
2011.05.10 23:56:52.668,0.95459,0.95515,4.35,4.50
2011.05.10 23:56:52.994,0.95461,0.95515,1.35,4.50
2011.05.10 23:56:53.326,0.95462,0.95516,1.35,4.50
2011.05.10 23:56:54.646,0.9546,0.95514,4.35,4.50
2011.05.10 23:56:56.966,0.95457,0.95511,1.35,4.50
2011.05.10 23:56:59.066,0.95461,0.95509,1.35,3.75
2011.05.10 23:56:59.396,0.95461,0.95511,1.35,3.75
2011.05.10 23:56:59.727,0.95461,0.95513,1.35,3.75
2011.05.10 23:57:00.680,0.95459,0.95513,4.35,4.50
2011.05.10 23:57:01.017,0.95459,0.95512,4.35,2.85
2011.05.10 23:57:01.237,0.95455,0.95509,4.35,4.50
2011.05.10 23:57:01.785,0.95455,0.95509,4.35,4.50
2011.05.10 23:57:01.896,0.95458,0.95514,4.35,4.50
2011.05.10 23:57:02.506,0.9546,0.95514,4.35,4.50
2011.05.10 23:57:02.736,0.95463,0.95519,4.73,4.50
2011.05.10 23:57:03.066,0.95471,0.95527,3.75,4.50
2011.05.10 23:57:03.778,0.95471,0.95527,3.75,4.50
2011.05.10 23:57:04.656,0.95471,0.95527,3.75,4.50
2011.05.10 23:57:05.346,0.95471,0.95527,3.75,4.50
2011.05.10 23:57:05.756,0.95471,0.95527,3.75,4.50
2011.05.10 23:57:06.528,0.95471,0.95527,3.75,4.50
2011.05.10 23:57:06.973,0.95471,0.95527,3.75,4.50
2011.05.10 23:57:07.085,0.95471,0.95527,3.75,4.50
2011.05.10 23:57:07.195,0.95471,0.95527,3.75,4.50
2011.05.10 23:57:07.305,0.95471,0.95527,3.75,4.50
2011.05.10 23:57:10.807,0.95468,0.95521,2.10,4.50
2011.05.10 23:57:11.471,0.95467,0.95521,3.75,4.50
2011.05.10 23:57:11.697,0.95467,0.95521,3.75,4.50
2011.05.10 23:57:13.777,0.95467,0.95521,3.75,4.50
2011.05.10 23:57:18.681,0.95467,0.95521,3.75,4.50
2011.05.10 23:57:19.432,0.95467,0.95521,3.75,4.50
2011.05.10 23:57:23.056,0.95467,0.95522,1.35,4.50
2011.05.10 23:57:24.906,0.95467,0.95523,4.35,4.50
2011.05.10 23:57:25.496,0.95467,0.95523,5.10,4.50
2011.05.10 23:57:25.827,0.95471,0.95527,3.75,4.50
2011.05.10 23:57:26.918,0.95471,0.95527,3.75,4.50
2011.05.10 23:57:27.028,0.95467,0.95521,6.45,4.50
2011.05.10 23:57:28.682,0.95467,0.95521,5.10,4.50
2011.05.10 23:57:36.593,0.95467,0.95521,5.10,4.50
2011.05.10 23:57:37.686,0.95467,0.95521,5.10,4.50
2011.05.10 23:57:39.226,0.95467,0.95521,7.20,4.50
2011.05.10 23:57:39.336,0.95471,0.95525,3.75,4.50
2011.05.10 23:57:40.746,0.95471,0.95527,4.50,4.50
2011.05.10 23:57:41.876,0.95471,0.95527,3.75,4.50
2011.05.10 23:57:42.096,0.95467,0.95522,3.45,4.50
2011.05.10 23:57:43.826,0.95466,0.95522,5.10,4.50
2011.05.10 23:57:44.958,0.95467,0.95522,1.35,4.50
2011.05.10 23:57:48.977,0.95469,0.95523,3.75,6.60
2011.05.10 23:57:49.086,0.95466,0.95522,4.35,4.50
2011.05.10 23:57:49.786,0.95461,0.95517,5.10,4.50
2011.05.10 23:57:51.669,0.95462,0.95517,1.35,4.50
2011.05.10 23:57:51.996,0.95467,0.95514,1.35,4.50
2011.05.10 23:57:52.546,0.95461,0.95517,5.10,4.50
2011.05.10 23:57:52.887,0.95461,0.95517,5.10,4.50
2011.05.10 23:57:53.979,0.95462,0.95512,1.35,4.50
2011.05.10 23:57:54.306,0.95457,0.95512,5.10,2.85
2011.05.10 23:57:54.526,0.95456,0.95509,1.35,4.50
2011.05.10 23:57:54.739,0.95456,0.95509,1.35,4.50
2011.05.10 23:57:54.847,0.95455,0.95509,4.50,4.50
2011.05.10 23:57:54.957,0.9545,0.95503,1.35,3.75
2011.05.10 23:57:55.065,0.9545,0.95503,1.35,4.50
2011.05.10 23:57:55.176,0.9545,0.95503,1.35,4.50
2011.05.10 23:57:55.626,0.9545,0.95503,1.35,4.50
2011.05.10 23:57:59.597,0.9545,0.95503,1.35,4.50
2011.05.10 23:57:59.709,0.95449,0.95503,4.35,4.50
2011.05.10 23:58:01.457,0.95446,0.95501,1.35,4.50
2011.05.10 23:58:03.658,0.95446,0.95501,1.35,4.50
2011.05.10 23:58:04.867,0.95447,0.95498,1.35,4.50
2011.05.10 23:58:06.637,0.9545,0.95502,1.35,2.85
2011.05.10 23:58:15.017,0.9545,0.95498,1.35,3.75
2011.05.10 23:58:22.166,0.95447,0.95498,1.35,4.50
2011.05.10 23:58:23.677,0.9545,0.95498,1.35,4.50
2011.05.10 23:58:24.757,0.9545,0.95501,1.35,4.50
2011.05.10 23:58:28.036,0.95454,0.95502,3.75,2.85
2011.05.10 23:58:28.511,0.95454,0.95502,4.50,2.85
2011.05.10 23:58:29.729,0.95454,0.95502,3.75,2.85
2011.05.10 23:58:32.576,0.95454,0.95502,4.50,2.85
2011.05.10 23:58:34.386,0.95454,0.95502,3.75,2.85
2011.05.10 23:58:34.606,0.95452,0.95502,4.50,2.85
2011.05.10 23:58:35.156,0.95451,0.95502,4.50,2.85
2011.05.10 23:58:36.515,0.95454,0.95502,3.75,2.85
2011.05.10 23:58:41.305,0.9545,0.95502,5.10,2.85
2011.05.10 23:58:43.085,0.9545,0.95502,1.35,2.85
2011.05.10 23:58:43.416,0.95452,0.95502,3.75,2.85
2011.05.10 23:58:43.526,0.95452,0.95502,4.50,2.85
2011.05.10 23:58:43.635,0.95452,0.95502,3.75,2.85
2011.05.10 23:58:44.666,0.9545,0.95502,5.10,2.85
2011.05.10 23:58:46.243,0.9545,0.95502,5.10,2.85
2011.05.10 23:58:48.727,0.9545,0.95506,5.10,4.50
2011.05.10 23:58:49.988,0.9545,0.95506,5.10,4.50
2011.05.10 23:58:54.737,0.9545,0.95506,5.10,4.50
2011.05.10 23:58:54.957,0.95455,0.95509,3.75,4.50
2011.05.10 23:58:55.067,0.9545,0.95502,4.50,2.85
2011.05.10 23:58:55.285,0.9545,0.95502,4.50,2.85
2011.05.10 23:59:08.596,0.95449,0.95502,4.50,2.85
2011.05.10 23:59:10.440,0.95444,0.95498,4.50,4.50
2011.05.10 23:59:18.196,0.95444,0.955,4.50,4.50
2011.05.10 23:59:20.563,0.95442,0.95493,1.35,4.50
2011.05.10 23:59:20.678,0.95442,0.95493,1.35,4.50
2011.05.10 23:59:20.916,0.95443,0.95493,1.35,4.50
2011.05.10 23:59:24.538,0.95442,0.95493,1.35,4.50
2011.05.10 23:59:25.726,0.95443,0.95493,1.35,4.50
2011.05.10 23:59:28.704,0.95441,0.95493,1.35,4.50
2011.05.10 23:59:28.878,0.95443,0.95493,1.35,4.50
2011.05.10 23:59:29.446,0.95442,0.95493,1.35,4.50
2011.05.10 23:59:30.357,0.95443,0.95493,1.35,4.50
2011.05.10 23:59:31.013,0.95442,0.95493,1.35,4.50
2011.05.10 23:59:32.657,0.95443,0.95493,1.35,4.50
2011.05.10 23:59:36.217,0.95443,0.95493,1.35,4.50
2011.05.10 23:59:38.714,0.95443,0.95498,1.35,4.50
2011.05.10 23:59:39.652,0.95443,0.95498,1.35,4.50
2011.05.10 23:59:41.040,0.95443,0.95498,1.35,4.50
2011.05.10 23:59:41.383,0.95443,0.95498,1.35,4.50
2011.05.10 23:59:44.427,0.9544,0.95495,3.75,1.35
2011.05.10 23:59:44.646,0.95442,0.95493,3.75,2.85
2011.05.10 23:59:45.007,0.95436,0.95492,4.35,4.50
2011.05.10 23:59:45.116,0.95437,0.95493,5.10,6.60
2011.05.10 23:59:46.656,0.95437,0.95489,1.35,4.50
2011.05.10 23:59:47.407,0.95435,0.95489,4.50,4.50
2011.05.10 23:59:49.717,0.95436,0.9549,3.75,4.50
2011.05.10 23:59:49.986,0.95436,0.9549,3.75,4.50
2011.05.10 23:59:50.206,0.95431,0.95483,4.50,2.85
2011.05.10 23:59:51.526,0.95432,0.95483,3.75,2.85
2011.05.10 23:59:51.857,0.95432,0.95483,4.50,2.10
2011.05.10 23:59:51.966,0.95432,0.95483,4.50,2.10
2011.05.10 23:59:52.076,0.95432,0.95486,4.50,3.75
2011.05.10 23:59:52.186,0.95434,0.95488,4.50,3.75
2011.05.10 23:59:52.735,0.95438,0.95493,4.50,2.85
2011.05.10 23:59:53.677,0.95438,0.95493,4.50,2.85
2011.05.10 23:59:54.666,0.95438,0.95493,4.50,2.85
2011.05.10 23:59:55.207,0.95438,0.95493,4.50,2.85
2011.05.10 23:59:55.327,0.95438,0.95493,4.50,2.85
