2015.07.27 19:00:00.200,0.70089,0.70112,1.00,1.00
2015.07.27 19:00:00.250,0.70089,0.70109,1.00,1.00
2015.07.27 19:00:00.301,0.70089,0.70111,1.00,1.00
2015.07.27 19:00:00.352,0.70089,0.70109,1.00,1.00
2015.07.27 19:00:00.498,0.70089,0.70111,1.00,1.00
2015.07.27 19:00:01.036,0.70088,0.7011,1.00,1.00
2015.07.27 19:00:01.137,0.70087,0.70107,1.00,1.00
2015.07.27 19:00:01.297,0.70086,0.7011,1.00,1.00
2015.07.27 19:00:02.042,0.70085,0.7011,1.50,1.00
2015.07.27 19:00:04.349,0.70086,0.7011,1.00,1.00
2015.07.27 19:00:04.730,0.70088,0.70111,1.00,1.00
2015.07.27 19:00:05.386,0.70088,0.7011,1.00,1.00
2015.07.27 19:00:05.972,0.70089,0.7011,1.00,1.00
2015.07.27 19:00:06.023,0.7009,0.70114,1.00,1.00
2015.07.27 19:00:06.124,0.70093,0.70114,1.00,1.00
2015.07.27 19:00:06.332,0.70091,0.70114,1.50,1.00
2015.07.27 19:00:06.556,0.70093,0.70114,1.00,1.00
2015.07.27 19:00:07.086,0.70094,0.70115,1.00,1.00
2015.07.27 19:00:07.703,0.70093,0.70115,1.00,1.00
2015.07.27 19:00:08.290,0.70094,0.70115,1.00,1.00
2015.07.27 19:00:09.233,0.70093,0.70115,1.00,1.00
2015.07.27 19:00:09.748,0.70094,0.70115,1.00,1.00
2015.07.27 19:00:11.844,0.70093,0.70115,1.00,1.00
2015.07.27 19:00:11.947,0.70091,0.70114,1.50,1.00
2015.07.27 19:00:12.076,0.70093,0.70114,1.00,1.00
2015.07.27 19:00:21.063,0.70093,0.70116,1.50,1.00
2015.07.27 19:00:23.184,0.70093,0.70117,1.50,1.00
2015.07.27 19:00:24.138,0.70093,0.70116,1.50,1.00
2015.07.27 19:00:27.449,0.70092,0.70116,1.00,1.00
2015.07.27 19:00:27.984,0.70093,0.70116,1.00,1.00
2015.07.27 19:00:28.530,0.70093,0.70115,1.00,1.00
2015.07.27 19:00:28.683,0.70092,0.7011,1.00,1.00
2015.07.27 19:00:28.907,0.70092,0.70115,1.00,2.25
2015.07.27 19:00:31.588,0.70092,0.70114,1.00,1.00
2015.07.27 19:00:31.638,0.70091,0.70112,1.00,1.00
2015.07.27 19:00:32.175,0.70091,0.70113,1.00,1.00
2015.07.27 19:00:32.695,0.70091,0.70112,1.00,1.00
2015.07.27 19:00:32.746,0.70091,0.70114,1.00,1.50
2015.07.27 19:00:34.495,0.70091,0.70113,1.00,1.00
2015.07.27 19:00:35.016,0.7009,0.70112,1.50,1.00
2015.07.27 19:00:35.414,0.7009,0.70114,1.50,1.00
2015.07.27 19:00:36.304,0.7009,0.70113,1.50,1.00
2015.07.27 19:00:36.355,0.70095,0.70113,1.00,1.00
2015.07.27 19:00:36.406,0.70095,0.70115,1.00,1.00
2015.07.27 19:00:36.700,0.70093,0.70115,1.50,1.00
2015.07.27 19:00:40.481,0.70093,0.70116,1.50,1.00
2015.07.27 19:00:41.139,0.70095,0.70116,1.00,1.00
2015.07.27 19:00:41.795,0.70095,0.70117,1.00,1.00
2015.07.27 19:00:43.850,0.70095,0.70115,1.00,1.00
2015.07.27 19:00:49.650,0.70095,0.70117,1.00,1.00
2015.07.27 19:01:01.633,0.70091,0.70115,1.00,1.00
2015.07.27 19:01:01.684,0.70091,0.70113,1.00,1.00
2015.07.27 19:01:01.886,0.70084,0.70107,1.00,1.00
2015.07.27 19:01:01.987,0.70082,0.70107,1.00,1.50
2015.07.27 19:01:02.507,0.70083,0.70107,1.00,1.50
2015.07.27 19:01:03.028,0.70083,0.70106,1.00,1.50
2015.07.27 19:01:03.891,0.70082,0.70106,1.00,1.50
2015.07.27 19:01:04.413,0.70081,0.70105,1.00,1.00
2015.07.27 19:01:09.830,0.70081,0.70105,1.60,1.00
2015.07.27 19:01:09.931,0.70085,0.70106,1.00,1.50
2015.07.27 19:01:10.032,0.70083,0.70109,2.25,1.00
2015.07.27 19:01:10.083,0.70086,0.70109,1.00,1.00
2015.07.27 19:01:10.261,0.70086,0.70112,1.00,1.00
2015.07.27 19:01:10.312,0.70089,0.70109,1.00,1.00
2015.07.27 19:01:10.413,0.70082,0.70108,2.10,1.00
2015.07.27 19:01:10.514,0.70084,0.70108,1.00,1.00
2015.07.27 19:01:11.045,0.70084,0.70107,1.00,1.00
2015.07.27 19:01:11.095,0.70082,0.70107,1.00,1.00
2015.07.27 19:01:11.196,0.7008,0.70106,1.00,1.00
2015.07.27 19:01:11.297,0.7008,0.70104,1.50,1.00
2015.07.27 19:01:11.489,0.7008,0.70106,1.50,1.00
2015.07.27 19:01:11.800,0.70078,0.70106,2.25,1.00
2015.07.27 19:01:12.346,0.70078,0.70105,1.50,1.00
2015.07.27 19:01:12.866,0.70078,0.70106,1.50,1.50
2015.07.27 19:01:13.205,0.7008,0.70106,1.00,1.00
2015.07.27 19:01:16.855,0.7008,0.70105,1.00,1.00
2015.07.27 19:01:17.370,0.7008,0.70104,1.00,1.00
2015.07.27 19:01:17.930,0.7008,0.70106,1.00,1.00
2015.07.27 19:01:24.028,0.70079,0.70106,1.50,1.00
2015.07.27 19:01:27.939,0.7008,0.70106,1.00,1.00
2015.07.27 19:01:28.526,0.70079,0.70106,2.25,1.00
2015.07.27 19:01:29.047,0.7008,0.70107,1.50,1.00
2015.07.27 19:01:35.178,0.7008,0.70106,1.50,1.00
2015.07.27 19:01:42.728,0.7008,0.70107,1.00,1.50
2015.07.27 19:01:43.434,0.70079,0.70107,1.50,2.25
2015.07.27 19:01:44.158,0.70079,0.70106,1.00,1.00
2015.07.27 19:01:44.360,0.70078,0.70104,1.00,1.00
2015.07.27 19:01:44.669,0.70077,0.70099,1.00,1.00
2015.07.27 19:01:44.720,0.70074,0.70099,2.25,1.00
2015.07.27 19:01:44.871,0.70077,0.70102,1.50,1.00
2015.07.27 19:01:45.420,0.70076,0.70103,1.00,1.50
2015.07.27 19:01:47.506,0.70076,0.70102,1.50,1.00
2015.07.27 19:01:47.783,0.70077,0.70104,1.50,1.00
2015.07.27 19:01:47.834,0.70076,0.70102,1.50,1.00
2015.07.27 19:01:48.458,0.70075,0.70102,1.50,1.00
2015.07.27 19:01:48.775,0.70074,0.70099,1.00,1.00
2015.07.27 19:01:49.078,0.70079,0.70102,1.00,1.50
2015.07.27 19:01:49.598,0.7008,0.70102,1.00,1.00
2015.07.27 19:01:50.413,0.7008,0.70103,1.00,1.00
2015.07.27 19:01:50.987,0.7008,0.70104,1.00,1.50
2015.07.27 19:01:51.511,0.70075,0.70104,1.50,1.50
2015.07.27 19:01:52.022,0.70076,0.70104,1.00,1.50
2015.07.27 19:01:52.567,0.70076,0.70101,1.00,1.00
2015.07.27 19:01:52.718,0.70076,0.70103,1.50,1.00
2015.07.27 19:01:53.302,0.70077,0.70103,1.00,1.00
2015.07.27 19:01:54.458,0.70079,0.70102,1.00,1.00
2015.07.27 19:01:54.995,0.7008,0.70102,1.00,1.00
2015.07.27 19:01:55.704,0.7008,0.70104,1.50,1.00
2015.07.27 19:01:55.855,0.70083,0.70104,1.00,1.00
2015.07.27 19:01:56.308,0.70081,0.70104,1.00,1.00
2015.07.27 19:01:56.821,0.70081,0.70106,1.50,1.00
2015.07.27 19:01:59.778,0.70082,0.70106,1.00,1.00
2015.07.27 19:02:00.286,0.70081,0.70107,2.25,1.00
2015.07.27 19:02:07.766,0.70083,0.70107,1.00,1.00
2015.07.27 19:02:07.918,0.70085,0.70111,1.00,1.50
2015.07.27 19:02:08.170,0.70086,0.70113,1.00,1.50
2015.07.27 19:02:08.858,0.70087,0.70114,1.50,1.00
2015.07.27 19:02:09.725,0.70087,0.70113,1.00,1.00
2015.07.27 19:02:10.447,0.70087,0.70114,1.00,1.00
2015.07.27 19:02:10.598,0.70087,0.70112,1.00,1.00
2015.07.27 19:02:11.123,0.70087,0.70111,1.00,1.00
2015.07.27 19:02:15.071,0.70087,0.70112,1.00,1.00
2015.07.27 19:02:17.365,0.70087,0.70109,1.00,1.00
2015.07.27 19:02:17.516,0.70085,0.70109,1.00,1.00
2015.07.27 19:02:17.667,0.70084,0.70111,2.25,1.00
2015.07.27 19:02:17.919,0.70086,0.70112,1.00,1.50
2015.07.27 19:02:18.424,0.70087,0.70112,1.00,1.00
2015.07.27 19:02:19.568,0.70087,0.70113,1.50,1.50
2015.07.27 19:02:20.136,0.70088,0.70113,1.00,1.00
2015.07.27 19:02:20.742,0.70087,0.70113,1.00,1.50
2015.07.27 19:02:25.076,0.70088,0.70113,1.00,1.00
2015.07.27 19:02:25.847,0.70087,0.70113,1.00,1.00
2015.07.27 19:02:26.170,0.70087,0.70111,1.00,1.00
2015.07.27 19:02:26.221,0.70087,0.70113,1.50,1.00
2015.07.27 19:02:26.423,0.70091,0.70114,1.00,1.00
2015.07.27 19:02:26.474,0.70091,0.70117,1.00,1.00
2015.07.27 19:02:27.174,0.70092,0.70117,1.00,1.00
2015.07.27 19:02:30.512,0.70092,0.70115,1.00,1.00
2015.07.27 19:02:30.576,0.7009,0.70115,1.00,1.00
2015.07.27 19:02:31.957,0.70089,0.70115,1.00,1.00
2015.07.27 19:02:34.812,0.70088,0.70115,1.00,1.00
2015.07.27 19:02:35.481,0.70088,0.70117,1.00,1.50
2015.07.27 19:02:38.503,0.70088,0.70116,1.50,1.00
2015.07.27 19:02:39.033,0.70088,0.70115,1.00,1.00
2015.07.27 19:02:39.549,0.70088,0.70116,1.50,1.00
2015.07.27 19:02:40.728,0.70089,0.70117,1.00,1.50
2015.07.27 19:02:43.138,0.70088,0.70117,1.50,1.00
2015.07.27 19:02:43.558,0.7009,0.70117,1.00,1.00
2015.07.27 19:02:46.530,0.7009,0.70113,1.00,1.00
2015.07.27 19:02:46.580,0.70088,0.70113,1.00,1.00
2015.07.27 19:02:46.631,0.70088,0.70111,1.00,1.00
2015.07.27 19:02:46.945,0.70086,0.70111,1.00,1.00
2015.07.27 19:02:47.147,0.70087,0.70113,1.00,1.00
2015.07.27 19:02:47.198,0.70087,0.70115,2.25,1.50
2015.07.27 19:02:47.417,0.70089,0.70115,1.00,1.00
2015.07.27 19:02:47.952,0.70089,0.70116,2.25,1.00
2015.07.27 19:02:48.457,0.7009,0.70116,1.50,1.00
2015.07.27 19:02:48.996,0.7009,0.70117,2.25,1.00
2015.07.27 19:02:54.340,0.70091,0.70118,1.00,1.50
2015.07.27 19:03:00.580,0.70093,0.70118,1.00,1.00
2015.07.27 19:03:00.714,0.70091,0.70118,1.50,1.50
2015.07.27 19:03:00.765,0.7009,0.70116,1.00,1.00
2015.07.27 19:03:01.139,0.70089,0.70111,1.00,1.00
2015.07.27 19:03:01.191,0.70087,0.7011,1.00,1.00
2015.07.27 19:03:01.623,0.70087,0.70107,1.00,1.00
2015.07.27 19:03:01.825,0.70087,0.70109,1.00,1.00
2015.07.27 19:03:01.876,0.70085,0.70109,1.00,1.00
2015.07.27 19:03:02.035,0.70085,0.70112,1.00,1.50
2015.07.27 19:03:04.474,0.70085,0.70113,2.25,1.00
2015.07.27 19:03:05.006,0.70085,0.7011,1.50,1.00
2015.07.27 19:03:07.240,0.70085,0.70111,1.00,1.00
2015.07.27 19:03:07.535,0.70085,0.70113,1.00,1.50
2015.07.27 19:03:07.737,0.70087,0.70113,1.00,1.00
2015.07.27 19:03:08.296,0.70086,0.70112,1.00,1.00
2015.07.27 19:03:21.255,0.70086,0.70111,2.25,1.00
2015.07.27 19:03:21.357,0.70086,0.70113,3.00,1.00
2015.07.27 19:03:21.945,0.70086,0.70112,1.00,1.00
2015.07.27 19:03:22.489,0.70086,0.70111,1.00,1.00
2015.07.27 19:03:24.855,0.70086,0.70109,1.00,1.00
2015.07.27 19:03:24.906,0.70084,0.70109,1.00,1.00
2015.07.27 19:03:25.327,0.70083,0.70107,1.00,1.00
2015.07.27 19:03:25.527,0.70082,0.70109,1.00,1.50
2015.07.27 19:03:25.742,0.70084,0.70109,1.00,1.00
2015.07.27 19:03:26.128,0.70084,0.70111,1.50,1.50
2015.07.27 19:03:29.660,0.70084,0.7011,1.00,1.00
2015.07.27 19:03:29.811,0.70082,0.70109,1.00,1.00
2015.07.27 19:03:30.680,0.70081,0.70109,1.50,1.50
2015.07.27 19:03:30.934,0.7008,0.70106,2.25,1.00
2015.07.27 19:03:31.240,0.70082,0.70107,1.35,1.00
2015.07.27 19:03:31.902,0.70081,0.70107,1.50,1.00
2015.07.27 19:03:33.095,0.7008,0.70106,2.25,1.00
2015.07.27 19:03:33.146,0.70081,0.70108,1.00,1.50
2015.07.27 19:03:33.545,0.70081,0.70106,1.00,1.00
2015.07.27 19:03:34.063,0.70081,0.70107,1.50,1.50
2015.07.27 19:03:34.716,0.70081,0.70106,1.50,1.00
2015.07.27 19:03:36.058,0.70081,0.70107,1.00,1.50
2015.07.27 19:03:36.511,0.70078,0.70105,1.50,1.50
2015.07.27 19:03:36.696,0.70078,0.70103,1.00,1.00
2015.07.27 19:03:37.094,0.70078,0.701,1.00,1.00
2015.07.27 19:03:41.140,0.70075,0.701,1.50,1.00
2015.07.27 19:03:41.611,0.70075,0.70102,2.25,1.50
2015.07.27 19:03:41.826,0.70079,0.70102,1.00,1.00
2015.07.27 19:03:42.077,0.70079,0.70104,1.00,1.00
2015.07.27 19:03:42.286,0.70078,0.70101,1.50,1.00
2015.07.27 19:03:42.802,0.70078,0.70104,1.00,1.50
2015.07.27 19:03:42.953,0.70081,0.70104,1.00,1.00
2015.07.27 19:03:43.155,0.70078,0.70104,1.00,2.25
2015.07.27 19:03:43.662,0.70077,0.70104,1.00,1.50
2015.07.27 19:03:44.351,0.70079,0.70104,1.00,1.50
2015.07.27 19:03:45.870,0.70079,0.70102,1.00,1.00
2015.07.27 19:03:46.200,0.70079,0.70104,1.50,1.50
2015.07.27 19:03:46.250,0.70082,0.70104,1.00,1.00
2015.07.27 19:03:46.925,0.70082,0.70105,1.00,1.50
2015.07.27 19:03:47.239,0.70084,0.70106,1.00,1.50
2015.07.27 19:03:48.605,0.70084,0.70107,1.00,1.00
2015.07.27 19:03:49.199,0.70084,0.70108,1.00,1.00
2015.07.27 19:03:49.973,0.70085,0.70108,1.00,1.00
2015.07.27 19:04:21.433,0.70085,0.70109,1.00,1.50
2015.07.27 19:04:24.195,0.70084,0.70109,1.50,1.50
2015.07.27 19:04:31.361,0.70085,0.70109,1.00,1.50
2015.07.27 19:04:48.927,0.70086,0.70109,1.00,1.00
2015.07.27 19:04:49.801,0.70086,0.7011,1.00,1.50
2015.07.27 19:04:51.021,0.70085,0.7011,1.50,1.50
2015.07.27 19:04:52.042,0.70086,0.7011,1.00,1.00
2015.07.27 19:04:53.095,0.70087,0.7011,1.00,1.50
2015.07.27 19:04:54.233,0.70086,0.7011,1.00,1.00
2015.07.27 19:05:00.792,0.70088,0.7011,1.00,1.00
2015.07.27 19:05:01.325,0.70088,0.70111,1.00,1.50
2015.07.27 19:05:02.445,0.70087,0.70111,1.00,1.50
2015.07.27 19:05:02.804,0.70088,0.70113,1.00,1.00
2015.07.27 19:05:02.905,0.70092,0.70116,1.00,2.25
2015.07.27 19:05:03.428,0.70093,0.70117,1.00,1.00
2015.07.27 19:05:03.929,0.70093,0.70118,1.00,1.50
2015.07.27 19:05:04.482,0.70093,0.70117,1.00,1.00
2015.07.27 19:05:04.583,0.70091,0.70116,1.00,1.00
2015.07.27 19:05:04.859,0.70091,0.70114,1.50,1.00
2015.07.27 19:05:05.310,0.70093,0.70117,1.00,1.00
2015.07.27 19:05:06.003,0.70093,0.70118,1.00,1.50
2015.07.27 19:05:07.641,0.70094,0.70118,1.00,1.50
2015.07.27 19:05:10.366,0.70093,0.70118,1.00,1.50
2015.07.27 19:05:15.323,0.70094,0.70118,1.00,1.00
2015.07.27 19:05:15.980,0.70094,0.70119,1.00,1.50
2015.07.27 19:05:16.549,0.70095,0.70119,1.00,1.50
2015.07.27 19:05:17.810,0.70095,0.7012,1.00,2.25
2015.07.27 19:05:19.945,0.70097,0.7012,1.00,1.00
2015.07.27 19:05:20.447,0.70098,0.70124,2.25,1.00
2015.07.27 19:05:20.598,0.701,0.70124,1.00,1.00
2015.07.27 19:05:20.903,0.70099,0.70122,1.00,1.00
2015.07.27 19:05:27.936,0.70099,0.7012,1.00,1.00
2015.07.27 19:05:28.016,0.70099,0.70122,1.00,1.00
2015.07.27 19:05:29.329,0.701,0.70122,1.00,1.00
2015.07.27 19:05:31.888,0.701,0.70123,1.00,1.00
2015.07.27 19:05:31.939,0.701,0.70125,1.00,1.50
2015.07.27 19:05:40.541,0.70099,0.70124,1.00,1.00
2015.07.27 19:05:41.076,0.70098,0.70123,1.00,1.50
2015.07.27 19:05:41.838,0.70098,0.70124,1.50,1.50
2015.07.27 19:05:44.024,0.70098,0.70123,1.00,1.00
2015.07.27 19:05:44.175,0.70098,0.70121,1.00,1.00
2015.07.27 19:05:44.377,0.70094,0.7012,1.00,1.50
2015.07.27 19:05:44.950,0.70095,0.7012,1.00,1.00
2015.07.27 19:05:45.454,0.70095,0.70121,1.50,1.50
2015.07.27 19:05:45.962,0.70095,0.7012,1.00,1.00
2015.07.27 19:05:46.564,0.70095,0.70121,1.00,2.25
2015.07.27 19:05:49.859,0.70096,0.70121,1.00,1.50
2015.07.27 19:05:51.209,0.70095,0.70121,2.25,2.25
2015.07.27 19:05:51.461,0.70098,0.70122,1.00,1.00
2015.07.27 19:05:51.972,0.70099,0.70123,1.00,1.50
2015.07.27 19:05:55.134,0.70099,0.70124,1.00,1.50
2015.07.27 19:05:56.731,0.70098,0.70124,1.00,2.25
2015.07.27 19:06:02.222,0.70098,0.70123,1.00,1.00
2015.07.27 19:06:05.347,0.70097,0.7012,1.00,1.00
2015.07.27 19:06:05.398,0.70095,0.7012,1.00,1.00
2015.07.27 19:06:05.943,0.70094,0.7012,1.00,1.50
2015.07.27 19:06:14.220,0.70095,0.7012,1.00,1.50
2015.07.27 19:06:15.299,0.70094,0.7012,1.50,1.50
2015.07.27 19:06:16.259,0.70094,0.70119,1.50,1.00
2015.07.27 19:06:16.817,0.70094,0.7012,1.50,2.25
2015.07.27 19:06:17.039,0.70094,0.70118,1.00,1.00
2015.07.27 19:06:19.188,0.70094,0.70117,1.00,1.00
2015.07.27 19:06:22.199,0.70095,0.70117,1.00,1.00
2015.07.27 19:06:22.993,0.70095,0.70118,1.00,1.00
2015.07.27 19:06:23.523,0.70096,0.70118,1.00,1.00
2015.07.27 19:06:24.057,0.70097,0.70119,1.00,1.00
2015.07.27 19:06:31.886,0.70098,0.70119,1.00,1.00
2015.07.27 19:06:32.734,0.70098,0.70118,1.00,1.00
2015.07.27 19:06:34.416,0.70097,0.70117,1.00,1.00
2015.07.27 19:06:34.466,0.70095,0.70119,1.50,1.00
2015.07.27 19:06:34.617,0.70097,0.70119,1.00,1.00
2015.07.27 19:06:35.064,0.70097,0.70117,1.00,1.00
2015.07.27 19:06:38.604,0.70097,0.70116,1.00,1.00
2015.07.27 19:06:39.133,0.70097,0.70115,1.00,1.00
2015.07.27 19:06:39.196,0.70095,0.70115,1.00,1.00
2015.07.27 19:06:39.247,0.70093,0.70115,1.00,1.00
2015.07.27 19:06:39.404,0.70092,0.70113,1.00,1.00
2015.07.27 19:06:39.943,0.70091,0.70112,1.00,1.00
2015.07.27 19:06:40.914,0.70091,0.70111,1.00,1.00
2015.07.27 19:06:41.810,0.70089,0.70111,1.50,1.00
2015.07.27 19:06:42.354,0.70089,0.70109,1.00,1.00
2015.07.27 19:06:42.671,0.70089,0.70107,1.00,1.00
2015.07.27 19:06:43.201,0.70089,0.70109,1.00,1.00
2015.07.27 19:06:46.442,0.70087,0.70109,1.00,1.00
2015.07.27 19:06:47.386,0.70087,0.70108,1.00,1.00
2015.07.27 19:06:47.897,0.70088,0.70109,1.00,1.00
2015.07.27 19:06:48.399,0.70089,0.70109,1.00,1.00
2015.07.27 19:06:48.901,0.70089,0.7011,1.00,1.00
2015.07.27 19:06:55.412,0.70089,0.70109,1.00,1.00
2015.07.27 19:06:56.363,0.70091,0.70112,1.00,1.00
2015.07.27 19:06:56.898,0.70092,0.70112,1.00,1.00
2015.07.27 19:06:57.174,0.70089,0.70108,1.00,1.00
2015.07.27 19:07:15.148,0.70091,0.70108,1.00,1.00
2015.07.27 19:07:15.299,0.70089,0.70108,1.00,1.00
2015.07.27 19:07:16.948,0.70089,0.70107,1.00,1.00
2015.07.27 19:07:21.103,0.70086,0.70107,1.00,1.00
2015.07.27 19:07:21.204,0.70085,0.70105,1.00,1.00
2015.07.27 19:07:21.776,0.70085,0.70104,1.00,1.00
2015.07.27 19:07:23.459,0.70084,0.70104,1.00,1.00
2015.07.27 19:07:24.023,0.70083,0.70104,1.00,1.00
2015.07.27 19:07:27.279,0.70083,0.70106,1.00,1.00
2015.07.27 19:07:28.598,0.70083,0.70104,1.00,1.00
2015.07.27 19:07:31.384,0.70086,0.70104,1.00,1.00
2015.07.27 19:07:31.435,0.70086,0.70107,1.00,1.00
2015.07.27 19:07:36.383,0.70085,0.70107,1.50,1.00
2015.07.27 19:07:36.565,0.70085,0.70105,1.00,1.00
2015.07.27 19:07:37.488,0.70085,0.70107,1.00,1.00
2015.07.27 19:07:40.482,0.70087,0.70107,1.00,1.00
2015.07.27 19:07:54.079,0.70087,0.70108,1.00,1.00
2015.07.27 19:08:02.772,0.70087,0.70102,1.00,1.00
2015.07.27 19:08:02.873,0.70083,0.70101,1.50,1.00
2015.07.27 19:08:03.040,0.70083,0.70103,1.50,1.00
2015.07.27 19:08:08.441,0.70083,0.70104,1.50,1.00
2015.07.27 19:08:08.542,0.70085,0.70105,1.00,1.00
2015.07.27 19:08:09.162,0.70084,0.70103,1.00,1.00
2015.07.27 19:08:09.212,0.70082,0.70103,1.00,1.00
2015.07.27 19:08:15.357,0.70083,0.70105,1.00,1.00
2015.07.27 19:08:40.333,0.70082,0.70105,1.00,1.00
2015.07.27 19:08:40.955,0.70082,0.70104,1.00,1.00
2015.07.27 19:08:43.209,0.70083,0.70104,1.00,1.00
2015.07.27 19:08:43.730,0.70082,0.70104,1.00,1.00
2015.07.27 19:08:51.808,0.70083,0.70104,1.00,1.00
2015.07.27 19:08:59.737,0.70083,0.70106,1.00,1.00
2015.07.27 19:09:01.944,0.70085,0.70106,1.00,1.00
2015.07.27 19:09:04.931,0.70084,0.70106,1.00,1.00
2015.07.27 19:09:05.467,0.70085,0.70106,1.00,1.00
2015.07.27 19:09:07.571,0.70085,0.70105,1.00,1.00
2015.07.27 19:09:07.773,0.7008,0.70101,1.50,1.00
2015.07.27 19:09:11.296,0.7008,0.70102,1.00,1.00
2015.07.27 19:09:11.829,0.70079,0.70103,2.25,1.00
2015.07.27 19:09:15.869,0.7008,0.70103,1.00,1.00
2015.07.27 19:09:20.583,0.70079,0.70103,1.00,1.00
2015.07.27 19:09:25.661,0.70079,0.70102,1.00,1.00
2015.07.27 19:09:28.013,0.70078,0.70101,1.00,1.00
2015.07.27 19:09:30.471,0.70077,0.70101,1.00,1.50
2015.07.27 19:09:31.004,0.70076,0.70101,1.00,1.50
2015.07.27 19:09:34.475,0.70077,0.70101,1.00,1.00
2015.07.27 19:09:36.621,0.70077,0.70099,1.50,1.00
2015.07.27 19:09:36.722,0.70077,0.70101,1.50,1.00
2015.07.27 19:09:37.044,0.70079,0.70102,1.00,1.00
2015.07.27 19:09:37.612,0.70078,0.70102,1.00,1.00
2015.07.27 19:09:38.131,0.70079,0.70103,1.00,1.00
2015.07.27 19:09:40.217,0.70079,0.70104,1.00,1.00
2015.07.27 19:09:41.304,0.7008,0.70105,1.00,1.00
2015.07.27 19:09:42.665,0.7008,0.70104,1.00,1.00
2015.07.27 19:09:45.826,0.7008,0.70105,1.00,1.00
2015.07.27 19:09:57.426,0.7008,0.70106,1.00,2.25
2015.07.27 19:10:03.440,0.70081,0.70106,1.00,1.50
2015.07.27 19:10:04.762,0.70081,0.70104,1.00,1.00
2015.07.27 19:10:04.863,0.70077,0.70102,1.50,1.50
2015.07.27 19:10:05.396,0.70078,0.70101,1.00,1.00
2015.07.27 19:10:05.945,0.70077,0.70101,1.00,1.00
2015.07.27 19:10:07.082,0.70077,0.701,1.00,1.00
2015.07.27 19:10:07.619,0.70077,0.70101,1.00,1.00
2015.07.27 19:10:09.757,0.70079,0.70101,1.00,1.00
2015.07.27 19:10:10.359,0.70076,0.70101,1.50,1.00
2015.07.27 19:10:27.373,0.70078,0.70101,1.00,1.00
2015.07.27 19:10:33.122,0.70078,0.70102,1.00,1.00
2015.07.27 19:10:33.328,0.70078,0.70104,1.00,2.25
2015.07.27 19:10:33.580,0.70081,0.70105,1.00,1.50
2015.07.27 19:10:34.912,0.70079,0.70103,1.00,1.00
2015.07.27 19:10:37.216,0.7008,0.70104,1.00,1.00
2015.07.27 19:10:37.551,0.70082,0.70104,1.00,1.00
2015.07.27 19:10:38.099,0.70081,0.70103,1.00,1.00
2015.07.27 19:10:42.693,0.7008,0.70103,1.00,1.00
2015.07.27 19:10:42.744,0.70078,0.70103,1.50,1.00
2015.07.27 19:10:43.311,0.70078,0.70102,1.50,1.00
2015.07.27 19:10:54.679,0.70078,0.70101,1.00,1.00
2015.07.27 19:10:54.780,0.70078,0.70099,1.00,1.00
2015.07.27 19:10:54.830,0.70074,0.70099,2.25,1.00
2015.07.27 19:10:56.983,0.70074,0.701,2.25,1.00
2015.07.27 19:10:57.034,0.70077,0.701,1.00,1.00
2015.07.27 19:10:57.826,0.70077,0.70101,1.00,1.50
2015.07.27 19:10:59.245,0.70078,0.70101,1.00,1.50
2015.07.27 19:11:02.944,0.70076,0.70101,1.00,1.00
2015.07.27 19:11:07.957,0.70076,0.701,1.00,1.00
2015.07.27 19:11:11.030,0.70076,0.70101,1.00,1.00
2015.07.27 19:11:15.477,0.70076,0.70099,1.00,1.00
2015.07.27 19:11:23.434,0.70077,0.70099,1.00,1.00
2015.07.27 19:11:27.257,0.70079,0.70099,1.00,1.00
2015.07.27 19:11:27.467,0.70075,0.70098,1.50,1.00
2015.07.27 19:11:28.197,0.70076,0.70098,1.00,1.00
2015.07.27 19:11:36.976,0.70076,0.701,1.00,1.00
2015.07.27 19:11:51.998,0.70076,0.70101,1.00,1.00
2015.07.27 19:11:52.627,0.70076,0.701,1.00,1.00
2015.07.27 19:11:55.530,0.70076,0.70098,1.00,1.00
2015.07.27 19:11:55.681,0.70074,0.70099,1.00,1.00
2015.07.27 19:11:55.782,0.70076,0.70099,1.00,1.00
2015.07.27 19:11:57.725,0.70074,0.70099,1.00,1.00
2015.07.27 19:12:01.097,0.70075,0.70099,1.00,1.00
2015.07.27 19:12:01.608,0.70075,0.701,1.00,1.50
2015.07.27 19:12:03.503,0.70076,0.701,1.00,1.50
2015.07.27 19:12:10.132,0.70075,0.701,1.00,1.50
2015.07.27 19:12:17.904,0.70076,0.701,1.00,1.00
2015.07.27 19:12:20.838,0.70076,0.70101,1.00,1.50
2015.07.27 19:12:39.746,0.70078,0.70101,1.00,1.50
2015.07.27 19:12:41.080,0.70078,0.701,1.00,1.00
2015.07.27 19:12:41.181,0.70073,0.70098,1.50,1.00
2015.07.27 19:12:44.656,0.70075,0.70098,1.50,1.00
2015.07.27 19:12:44.766,0.70075,0.701,1.50,1.50
2015.07.27 19:12:56.917,0.70075,0.70101,1.50,1.00
2015.07.27 19:12:59.688,0.70075,0.70102,3.00,1.00
2015.07.27 19:13:00.192,0.70076,0.70102,1.00,1.00
2015.07.27 19:13:03.469,0.70078,0.70102,1.00,1.00
2015.07.27 19:13:05.011,0.70077,0.70102,1.00,1.00
2015.07.27 19:13:05.648,0.70077,0.70103,1.00,1.50
2015.07.27 19:13:11.908,0.70078,0.70103,1.00,1.00
2015.07.27 19:13:12.517,0.70078,0.70104,1.00,2.25
2015.07.27 19:13:32.035,0.70078,0.70101,1.50,1.00
2015.07.27 19:13:32.634,0.70077,0.70101,1.00,1.00
2015.07.27 19:13:32.978,0.70072,0.70098,1.50,1.00
2015.07.27 19:13:33.227,0.70074,0.70099,1.00,2.25
2015.07.27 19:13:34.493,0.70074,0.70098,1.00,1.00
2015.07.27 19:13:41.643,0.70074,0.70099,1.00,1.50
2015.07.27 19:13:47.732,0.70077,0.70099,1.00,1.00
2015.07.27 19:13:48.293,0.70077,0.701,1.00,1.00
2015.07.27 19:13:59.129,0.70077,0.70102,1.00,1.00
2015.07.27 19:13:59.283,0.70079,0.70103,1.00,1.00
2015.07.27 19:13:59.946,0.7008,0.70103,1.50,1.00
2015.07.27 19:14:05.906,0.70081,0.70103,1.00,1.00
2015.07.27 19:14:06.107,0.70084,0.70107,1.00,1.00
2015.07.27 19:14:07.866,0.70085,0.70107,1.00,1.00
2015.07.27 19:14:10.066,0.70083,0.70107,1.00,1.00
2015.07.27 19:14:10.199,0.70083,0.70105,1.00,1.00
2015.07.27 19:14:10.339,0.70081,0.70105,1.00,1.00
2015.07.27 19:14:10.650,0.70079,0.70106,1.00,1.50
2015.07.27 19:14:11.173,0.70079,0.70105,1.00,1.00
2015.07.27 19:14:13.586,0.70079,0.70106,1.50,1.50
2015.07.27 19:14:14.564,0.70079,0.70101,1.00,1.00
2015.07.27 19:14:14.715,0.70077,0.701,1.00,1.00
2015.07.27 19:14:15.258,0.70076,0.70101,2.10,1.50
2015.07.27 19:14:15.409,0.70078,0.70101,1.00,1.00
2015.07.27 19:14:16.150,0.70078,0.701,1.00,1.00
2015.07.27 19:14:16.945,0.70077,0.701,1.00,1.00
2015.07.27 19:14:19.966,0.70077,0.70101,1.00,1.00
2015.07.27 19:14:22.276,0.70077,0.701,1.00,1.00
2015.07.27 19:14:23.308,0.70078,0.701,1.00,1.00
2015.07.27 19:14:23.815,0.70079,0.701,1.00,1.00
2015.07.27 19:14:27.235,0.70082,0.70105,1.00,1.50
2015.07.27 19:14:27.560,0.70082,0.70109,1.00,2.25
2015.07.27 19:14:27.661,0.70084,0.7011,1.50,1.50
2015.07.27 19:14:28.170,0.70086,0.7011,1.00,1.00
2015.07.27 19:14:28.996,0.70086,0.70111,1.00,1.00
2015.07.27 19:14:29.198,0.70087,0.70113,1.00,1.50
2015.07.27 19:14:30.019,0.70088,0.70113,1.00,1.50
2015.07.27 19:14:30.546,0.70089,0.70113,1.00,1.00
2015.07.27 19:14:39.841,0.70089,0.70114,1.50,1.50
2015.07.27 19:14:40.347,0.70088,0.70114,1.00,2.25
2015.07.27 19:14:40.449,0.70087,0.70112,1.00,1.00
2015.07.27 19:14:40.753,0.70085,0.7011,1.50,1.00
2015.07.27 19:14:41.434,0.70085,0.70111,1.50,3.00
2015.07.27 19:14:42.070,0.70085,0.70109,1.50,1.00
2015.07.27 19:14:42.608,0.70084,0.70109,1.00,1.50
2015.07.27 19:14:47.705,0.70084,0.70105,1.00,1.00
2015.07.27 19:14:47.995,0.7007,0.70096,1.00,1.00
2015.07.27 19:14:48.097,0.70072,0.70095,1.00,1.00
2015.07.27 19:14:48.585,0.70074,0.70096,1.00,1.00
2015.07.27 19:14:48.635,0.70074,0.70098,1.00,1.50
2015.07.27 19:14:52.705,0.70075,0.70098,1.00,1.00
2015.07.27 19:14:52.980,0.70078,0.70098,1.00,1.00
2015.07.27 19:14:53.030,0.70078,0.701,1.00,1.50
2015.07.27 19:14:53.663,0.70078,0.70101,1.00,1.50
2015.07.27 19:14:55.228,0.70077,0.70101,1.00,1.50
2015.07.27 19:14:58.582,0.70079,0.70101,1.00,1.00
2015.07.27 19:14:58.683,0.7008,0.70105,1.00,1.00
2015.07.27 19:14:58.784,0.70082,0.70106,1.00,1.00
2015.07.27 19:14:58.834,0.70083,0.70108,1.50,1.00
2015.07.27 19:14:59.441,0.70084,0.70108,1.00,1.00
2015.07.27 19:15:01.617,0.70084,0.70109,1.00,1.50
2015.07.27 19:15:06.896,0.70084,0.70108,1.00,1.00
2015.07.27 19:15:07.438,0.70084,0.70109,1.00,1.50
2015.07.27 19:15:10.307,0.70084,0.70108,1.00,1.00
2015.07.27 19:15:10.358,0.70081,0.70107,1.00,1.00
2015.07.27 19:15:12.885,0.70081,0.70106,1.00,1.00
2015.07.27 19:15:24.166,0.70081,0.70107,1.00,1.50
2015.07.27 19:15:26.154,0.70081,0.70106,1.00,1.00
2015.07.27 19:15:26.510,0.70079,0.70103,1.00,1.00
2015.07.27 19:15:26.856,0.70076,0.701,1.00,1.50
2015.07.27 19:15:27.493,0.70076,0.70101,1.00,1.50
2015.07.27 19:15:28.496,0.70076,0.701,1.00,1.00
2015.07.27 19:15:31.873,0.70078,0.701,1.00,1.00
2015.07.27 19:15:43.493,0.70077,0.701,1.00,2.25
2015.07.27 19:15:49.415,0.70077,0.70099,1.00,1.00
2015.07.27 19:16:03.520,0.70076,0.70099,1.50,1.00
2015.07.27 19:16:23.444,0.70077,0.70099,1.00,1.00
2015.07.27 19:16:30.352,0.70075,0.70099,1.00,1.00
2015.07.27 19:16:32.452,0.70073,0.70098,1.00,1.00
2015.07.27 19:16:33.104,0.70072,0.70098,1.00,2.25
2015.07.27 19:16:34.685,0.70072,0.70097,1.00,1.00
2015.07.27 19:16:34.736,0.70072,0.70092,1.00,1.00
2015.07.27 19:16:34.786,0.7007,0.70092,1.00,1.00
2015.07.27 19:16:34.887,0.70067,0.70092,2.25,1.00
2015.07.27 19:16:35.195,0.70067,0.7009,1.50,1.00
2015.07.27 19:16:35.894,0.70065,0.7009,1.00,1.50
2015.07.27 19:16:36.096,0.70062,0.70088,1.00,1.00
2015.07.27 19:16:36.654,0.70063,0.70089,1.00,1.00
2015.07.27 19:16:37.065,0.70065,0.7009,1.00,1.00
2015.07.27 19:16:37.710,0.70066,0.70089,1.00,1.00
2015.07.27 19:16:40.385,0.70066,0.70091,1.00,1.50
2015.07.27 19:16:41.140,0.70066,0.70092,1.00,2.25
2015.07.27 19:16:41.692,0.70066,0.70091,1.00,1.00
2015.07.27 19:16:41.944,0.70066,0.70089,1.00,1.00
2015.07.27 19:16:42.693,0.70065,0.70089,1.50,1.00
2015.07.27 19:16:43.147,0.70065,0.70086,1.00,1.00
2015.07.27 19:16:43.199,0.70063,0.70086,1.00,1.00
2015.07.27 19:16:43.702,0.70064,0.70087,1.00,1.00
2015.07.27 19:16:44.453,0.70064,0.70088,1.00,1.50
2015.07.27 19:16:45.102,0.70065,0.70088,1.00,1.00
2015.07.27 19:16:45.203,0.70062,0.70088,1.50,1.50
2015.07.27 19:16:45.924,0.70064,0.70088,1.60,1.50
2015.07.27 19:16:46.457,0.70066,0.70088,1.00,1.00
2015.07.27 19:16:46.992,0.70065,0.70088,1.00,1.00
2015.07.27 19:16:48.374,0.70066,0.70088,1.00,1.00
2015.07.27 19:16:48.943,0.70066,0.70089,1.00,1.00
2015.07.27 19:16:49.402,0.70063,0.70089,1.50,1.50
2015.07.27 19:16:49.869,0.70062,0.70087,1.00,1.00
2015.07.27 19:16:50.429,0.70063,0.70088,1.50,1.00
2015.07.27 19:16:50.964,0.70064,0.70088,1.00,1.00
2015.07.27 19:16:51.539,0.70063,0.70087,1.00,1.00
2015.07.27 19:16:52.053,0.70063,0.70089,1.00,1.50
2015.07.27 19:16:56.492,0.70062,0.70088,1.50,1.00
2015.07.27 19:17:00.633,0.70062,0.70086,1.50,1.00
2015.07.27 19:17:02.934,0.70062,0.70085,1.00,1.00
2015.07.27 19:17:03.035,0.70059,0.70085,3.00,1.00
2015.07.27 19:17:05.079,0.70058,0.70085,2.25,1.00
2015.07.27 19:17:07.283,0.70058,0.70082,1.50,1.00
2015.07.27 19:17:07.578,0.70056,0.70081,1.00,1.00
2015.07.27 19:17:07.629,0.70055,0.70079,1.00,1.00
2015.07.27 19:17:08.151,0.70055,0.70078,1.00,1.00
2015.07.27 19:17:08.353,0.70051,0.70076,1.50,1.00
2015.07.27 19:17:09.055,0.70051,0.70075,1.50,1.00
2015.07.27 19:17:12.904,0.70051,0.70078,2.25,1.50
2015.07.27 19:17:13.063,0.70053,0.70078,1.00,1.00
2015.07.27 19:17:14.435,0.70055,0.70078,1.00,1.00
2015.07.27 19:17:15.250,0.70053,0.70078,1.00,1.50
2015.07.27 19:17:15.302,0.70053,0.70076,1.00,1.00
2015.07.27 19:17:15.829,0.70052,0.70076,1.00,1.00
2015.07.27 19:17:16.420,0.70052,0.70077,1.00,1.00
2015.07.27 19:17:17.296,0.70053,0.70077,1.00,1.00
2015.07.27 19:17:17.817,0.70053,0.70076,1.50,1.00
2015.07.27 19:17:18.782,0.70053,0.70077,1.50,1.00
2015.07.27 19:17:18.843,0.70053,0.70079,2.25,1.00
2015.07.27 19:17:21.354,0.70052,0.70078,1.50,1.00
2015.07.27 19:17:21.455,0.70054,0.7008,1.00,1.50
2015.07.27 19:17:22.305,0.70054,0.70079,1.00,1.50
2015.07.27 19:17:22.356,0.70052,0.70078,1.00,1.00
2015.07.27 19:17:22.899,0.70051,0.70079,2.25,2.25
2015.07.27 19:17:24.062,0.70051,0.70078,2.25,1.00
2015.07.27 19:17:25.162,0.70051,0.70079,3.00,3.00
2015.07.27 19:17:26.513,0.70051,0.70077,2.25,1.00
2015.07.27 19:17:27.124,0.70051,0.70076,1.00,1.00
2015.07.27 19:17:27.782,0.7005,0.70076,2.25,1.00
2015.07.27 19:17:30.362,0.7005,0.70073,1.00,1.00
2015.07.27 19:17:30.564,0.70046,0.7007,1.50,1.00
2015.07.27 19:17:31.084,0.70048,0.70071,1.00,1.50
2015.07.27 19:17:31.588,0.70047,0.70071,1.00,1.00
2015.07.27 19:17:32.384,0.70047,0.7007,1.00,1.00
2015.07.27 19:17:33.061,0.70047,0.70073,1.00,1.00
2015.07.27 19:17:33.235,0.7005,0.70073,1.00,1.00
2015.07.27 19:17:33.286,0.70053,0.70077,1.00,1.50
2015.07.27 19:17:33.803,0.70053,0.70078,1.00,1.50
2015.07.27 19:17:34.324,0.70054,0.70077,1.00,1.00
2015.07.27 19:17:36.072,0.70054,0.70076,1.00,1.00
2015.07.27 19:17:36.260,0.70052,0.70073,1.00,1.00
2015.07.27 19:17:36.361,0.70049,0.70073,1.00,1.00
2015.07.27 19:17:36.412,0.70049,0.70071,1.00,1.00
2015.07.27 19:17:36.913,0.70048,0.70071,1.00,1.00
2015.07.27 19:17:39.185,0.70045,0.70071,1.00,1.50
2015.07.27 19:17:40.281,0.70044,0.70071,1.50,2.25
2015.07.27 19:17:40.979,0.70044,0.7007,2.25,1.00
2015.07.27 19:17:43.269,0.70043,0.70068,1.50,1.00
2015.07.27 19:17:43.872,0.70042,0.70068,1.50,1.50
2015.07.27 19:17:45.396,0.70042,0.70067,1.00,1.00
2015.07.27 19:17:47.915,0.70042,0.70068,1.00,1.00
2015.07.27 19:17:51.155,0.70043,0.70068,1.00,1.00
2015.07.27 19:17:51.527,0.70045,0.7007,1.00,1.00
2015.07.27 19:17:51.829,0.70044,0.70067,1.50,1.00
2015.07.27 19:17:52.364,0.70044,0.70066,1.00,1.00
2015.07.27 19:17:52.554,0.70042,0.70066,1.00,1.00
2015.07.27 19:17:53.678,0.70042,0.70065,1.00,1.00
2015.07.27 19:17:59.818,0.70041,0.70065,1.00,1.00
2015.07.27 19:17:59.920,0.70041,0.70063,1.00,1.00
2015.07.27 19:18:00.732,0.70042,0.70063,1.00,1.00
2015.07.27 19:18:01.258,0.70042,0.70064,1.00,1.00
2015.07.27 19:18:03.423,0.70043,0.70064,1.00,1.00
2015.07.27 19:18:04.206,0.70042,0.70064,1.00,1.00
2015.07.27 19:18:13.651,0.70042,0.70065,1.00,1.00
2015.07.27 19:18:19.001,0.70042,0.70065,1.60,1.00
2015.07.27 19:18:19.203,0.70046,0.70069,1.00,1.00
2015.07.27 19:18:19.722,0.70046,0.7007,1.50,1.00
2015.07.27 19:18:19.773,0.70049,0.7007,1.00,1.00
2015.07.27 19:18:20.341,0.70049,0.70071,1.00,1.00
2015.07.27 19:18:21.360,0.70049,0.70072,1.00,1.00
2015.07.27 19:18:23.428,0.7005,0.70072,1.00,1.00
2015.07.27 19:18:25.261,0.7005,0.70072,1.60,1.00
2015.07.27 19:18:25.511,0.70054,0.70074,1.00,1.00
2015.07.27 19:18:32.946,0.70053,0.70074,1.00,1.00
2015.07.27 19:18:33.103,0.70052,0.70072,1.00,1.00
2015.07.27 19:18:42.951,0.70052,0.70074,1.50,1.00
2015.07.27 19:18:43.464,0.70054,0.70074,1.00,1.00
2015.07.27 19:18:55.072,0.70054,0.70076,1.00,1.00
2015.07.27 19:18:55.123,0.70054,0.70079,1.00,1.50
2015.07.27 19:18:55.173,0.70058,0.70079,1.00,1.00
2015.07.27 19:18:55.491,0.7006,0.70081,1.00,1.00
2015.07.27 19:18:55.882,0.70062,0.70082,1.00,1.00
2015.07.27 19:18:56.692,0.70061,0.70082,1.00,1.00
2015.07.27 19:18:58.812,0.70062,0.70082,1.00,1.00
2015.07.27 19:18:58.913,0.70059,0.70082,1.50,1.00
2015.07.27 19:18:59.223,0.70059,0.70078,2.25,1.00
2015.07.27 19:18:59.324,0.70056,0.70076,1.00,1.00
2015.07.27 19:19:01.700,0.70055,0.70076,1.00,1.00
2015.07.27 19:19:09.230,0.70055,0.70077,1.00,1.00
2015.07.27 19:19:10.747,0.70055,0.70078,1.00,1.00
2015.07.27 19:19:19.638,0.70056,0.70078,1.00,1.00
2015.07.27 19:19:23.528,0.70057,0.70078,1.00,1.00
2015.07.27 19:19:28.459,0.70057,0.70079,1.00,1.00
2015.07.27 19:19:28.661,0.7006,0.7008,1.00,1.00
2015.07.27 19:19:28.971,0.70063,0.70081,1.00,1.00
2015.07.27 19:19:29.619,0.70063,0.70082,1.00,1.00
2015.07.27 19:19:31.839,0.70062,0.70082,1.00,1.00
2015.07.27 19:19:35.971,0.70063,0.70082,1.00,1.00
2015.07.27 19:19:38.467,0.70062,0.70082,1.50,1.00
2015.07.27 19:19:38.631,0.7006,0.70082,1.00,1.00
2015.07.27 19:19:40.939,0.7006,0.7008,1.00,1.00
2015.07.27 19:19:43.456,0.70059,0.7008,1.50,1.00
2015.07.27 19:19:44.523,0.70059,0.70081,1.50,1.00
2015.07.27 19:19:51.350,0.70062,0.70081,1.00,1.00
2015.07.27 19:19:51.400,0.70063,0.70083,1.00,1.00
2015.07.27 19:19:51.760,0.7006,0.70082,1.00,1.00
2015.07.27 19:19:55.611,0.70064,0.70082,1.00,1.00
2015.07.27 19:19:56.190,0.70064,0.70083,1.00,1.00
2015.07.27 19:20:01.476,0.70063,0.70083,1.00,1.00
2015.07.27 19:20:01.810,0.70065,0.70083,1.00,1.00
2015.07.27 19:20:02.403,0.70065,0.70085,1.00,1.00
2015.07.27 19:20:02.922,0.70065,0.70083,1.00,1.00
2015.07.27 19:20:03.524,0.70064,0.70083,1.00,1.00
2015.07.27 19:20:04.136,0.70063,0.70083,1.00,1.00
2015.07.27 19:20:16.802,0.70062,0.70082,1.00,1.00
2015.07.27 19:20:16.954,0.7006,0.70082,1.00,1.00
2015.07.27 19:20:18.823,0.70062,0.70082,1.00,1.00
2015.07.27 19:20:19.200,0.7006,0.70082,1.00,1.00
2015.07.27 19:20:20.623,0.70062,0.70082,1.00,1.00
2015.07.27 19:20:21.431,0.70061,0.70082,1.00,1.00
2015.07.27 19:20:21.482,0.70059,0.70082,1.50,1.00
2015.07.27 19:20:24.032,0.70059,0.7008,1.00,1.00
2015.07.27 19:20:24.353,0.70061,0.70082,1.00,1.00
2015.07.27 19:20:27.820,0.70062,0.70082,1.00,1.00
2015.07.27 19:20:32.690,0.70062,0.70083,1.00,1.00
2015.07.27 19:20:33.208,0.70062,0.70084,1.00,1.00
2015.07.27 19:20:35.169,0.70062,0.70082,1.00,1.00
2015.07.27 19:20:35.519,0.7006,0.70081,1.00,1.00
2015.07.27 19:20:35.771,0.7006,0.70079,1.00,1.00
2015.07.27 19:20:36.351,0.7006,0.7008,1.00,1.00
2015.07.27 19:20:38.978,0.70059,0.7008,2.10,1.00
2015.07.27 19:20:39.581,0.70059,0.70079,2.10,1.00
2015.07.27 19:20:45.042,0.70058,0.70079,1.00,1.00
2015.07.27 19:20:45.344,0.70057,0.70077,1.00,1.00
2015.07.27 19:20:47.146,0.70057,0.70078,1.00,1.00
2015.07.27 19:20:47.247,0.7006,0.70082,1.00,1.00
2015.07.27 19:20:47.452,0.70063,0.70083,1.00,1.00
2015.07.27 19:20:47.669,0.70061,0.70083,1.00,1.00
2015.07.27 19:20:47.771,0.70064,0.70085,1.00,1.00
2015.07.27 19:20:50.174,0.70064,0.70086,1.00,1.00
2015.07.27 19:20:57.611,0.70063,0.70086,1.50,1.00
2015.07.27 19:21:09.231,0.70064,0.70086,1.00,1.00
2015.07.27 19:21:09.436,0.70065,0.70088,1.50,1.00
2015.07.27 19:21:11.852,0.70064,0.70088,2.25,1.00
2015.07.27 19:21:13.519,0.70065,0.70088,1.00,1.00
2015.07.27 19:21:17.152,0.70067,0.70088,1.00,1.00
2015.07.27 19:21:19.460,0.70066,0.70088,1.50,1.00
2015.07.27 19:21:20.059,0.70066,0.70089,1.50,1.00
2015.07.27 19:21:27.755,0.70066,0.70087,1.00,1.00
2015.07.27 19:21:37.043,0.70067,0.70087,1.00,1.00
2015.07.27 19:21:40.123,0.70067,0.70086,1.00,1.00
2015.07.27 19:21:40.325,0.70065,0.70086,1.00,1.00
2015.07.27 19:21:40.644,0.70064,0.70082,1.00,1.00
2015.07.27 19:21:40.896,0.70061,0.70082,1.00,1.00
2015.07.27 19:21:41.090,0.70059,0.70082,1.50,1.00
2015.07.27 19:21:41.613,0.7006,0.70082,1.00,1.00
2015.07.27 19:21:42.270,0.70059,0.70082,1.50,1.00
2015.07.27 19:21:45.049,0.7006,0.70082,1.00,1.00
2015.07.27 19:21:45.321,0.7006,0.7008,1.00,1.00
2015.07.27 19:21:48.928,0.70058,0.7008,1.00,1.00
2015.07.27 19:21:49.268,0.70061,0.7008,1.00,1.00
2015.07.27 19:21:52.111,0.7006,0.7008,1.00,1.00
2015.07.27 19:21:54.654,0.7006,0.70081,1.50,1.00
2015.07.27 19:21:55.479,0.70061,0.70082,1.50,1.00
2015.07.27 19:22:07.166,0.70059,0.70082,2.25,1.00
2015.07.27 19:22:07.726,0.7006,0.70082,1.00,1.00
2015.07.27 19:22:12.573,0.70061,0.70082,1.00,1.00
2015.07.27 19:22:23.792,0.70059,0.70081,1.00,1.00
2015.07.27 19:22:24.898,0.7006,0.70081,1.00,1.00
2015.07.27 19:22:24.999,0.7006,0.70079,1.00,1.00
2015.07.27 19:22:25.528,0.70059,0.70079,1.00,1.00
2015.07.27 19:22:29.010,0.70059,0.7008,1.00,1.00
2015.07.27 19:22:29.737,0.70059,0.70081,2.25,1.00
2015.07.27 19:22:32.190,0.70059,0.70082,2.25,1.00
2015.07.27 19:22:32.493,0.70065,0.70087,1.00,1.00
2015.07.27 19:22:34.470,0.70065,0.70088,1.00,1.00
2015.07.27 19:22:35.149,0.70067,0.70088,1.00,1.00
2015.07.27 19:22:42.137,0.70065,0.70088,1.00,1.00
2015.07.27 19:22:51.849,0.70066,0.70088,1.00,1.00
2015.07.27 19:23:04.618,0.70067,0.70088,1.50,1.00
2015.07.27 19:23:06.700,0.70067,0.70091,1.50,1.00
2015.07.27 19:23:15.051,0.70067,0.70093,1.50,1.00
2015.07.27 19:23:15.102,0.70071,0.70093,1.00,1.00
2015.07.27 19:23:15.611,0.70071,0.70092,1.00,1.00
2015.07.27 19:23:16.119,0.70071,0.70093,1.00,1.00
2015.07.27 19:23:17.230,0.70072,0.70093,1.00,1.00
2015.07.27 19:23:21.405,0.70072,0.70094,1.00,1.00
2015.07.27 19:23:29.920,0.70072,0.70096,1.00,1.00
2015.07.27 19:23:30.628,0.70072,0.70097,1.00,1.00
2015.07.27 19:23:34.208,0.70072,0.70094,1.00,1.00
2015.07.27 19:23:34.722,0.70072,0.70093,1.00,1.00
2015.07.27 19:23:43.488,0.70071,0.70093,1.00,1.00
2015.07.27 19:23:55.178,0.70071,0.70094,1.00,1.00
2015.07.27 19:24:00.639,0.70071,0.70093,1.00,1.00
2015.07.27 19:24:03.477,0.70072,0.70093,1.50,1.00
2015.07.27 19:24:06.249,0.70072,0.70092,1.50,1.00
2015.07.27 19:24:06.400,0.70072,0.70095,1.50,1.00
2015.07.27 19:24:06.996,0.70072,0.70096,1.50,1.00
2015.07.27 19:24:09.911,0.70072,0.70098,1.50,1.50
2015.07.27 19:24:12.250,0.70072,0.70099,2.25,1.50
2015.07.27 19:24:16.598,0.70076,0.70101,1.00,1.50
2015.07.27 19:24:30.149,0.70076,0.701,1.00,1.00
2015.07.27 19:24:37.367,0.70075,0.701,1.00,1.00
2015.07.27 19:24:41.745,0.70075,0.70101,2.25,1.50
2015.07.27 19:24:42.141,0.70077,0.70102,1.00,1.50
2015.07.27 19:24:49.889,0.70077,0.701,1.00,1.00
2015.07.27 19:24:58.897,0.70078,0.701,1.00,1.00
2015.07.27 19:24:58.998,0.70078,0.70103,1.00,1.00
2015.07.27 19:24:59.741,0.70078,0.70102,1.00,1.00
2015.07.27 19:25:01.834,0.70078,0.701,1.00,1.00
2015.07.27 19:25:02.384,0.70077,0.701,1.00,1.00
2015.07.27 19:25:12.277,0.70078,0.701,1.00,1.00
2015.07.27 19:25:12.328,0.70078,0.70102,1.00,1.00
2015.07.27 19:25:14.777,0.70079,0.70102,2.10,1.00
2015.07.27 19:25:14.828,0.7008,0.70104,1.60,1.00
2015.07.27 19:25:14.928,0.7008,0.70106,2.85,1.50
2015.07.27 19:25:15.044,0.7008,0.70106,1.50,1.50
2015.07.27 19:25:15.556,0.70081,0.70105,1.00,1.00
2015.07.27 19:25:25.817,0.70081,0.70106,1.00,1.00
2015.07.27 19:25:28.265,0.70081,0.70107,1.00,1.00
2015.07.27 19:25:31.948,0.70081,0.70108,1.00,1.50
2015.07.27 19:25:38.026,0.70081,0.70103,1.00,1.00
2015.07.27 19:25:38.577,0.7008,0.70102,1.50,1.00
2015.07.27 19:25:39.115,0.7008,0.70103,1.50,1.00
2015.07.27 19:25:42.315,0.7008,0.70101,1.50,1.00
2015.07.27 19:25:43.628,0.70078,0.70101,1.60,1.00
2015.07.27 19:25:49.614,0.70078,0.70102,1.00,1.00
2015.07.27 19:25:49.964,0.7008,0.70101,1.50,1.00
2015.07.27 19:25:50.668,0.7008,0.701,1.00,1.00
2015.07.27 19:25:53.320,0.70078,0.701,1.50,1.00
2015.07.27 19:25:53.690,0.70078,0.70102,1.50,1.00
2015.07.27 19:25:53.835,0.70081,0.70102,1.00,1.00
2015.07.27 19:25:54.274,0.70078,0.70102,1.50,1.00
2015.07.27 19:25:54.425,0.70075,0.701,2.85,1.00
2015.07.27 19:25:54.677,0.70077,0.70099,1.00,1.00
2015.07.27 19:25:54.874,0.70077,0.70101,1.00,1.00
2015.07.27 19:25:54.975,0.70077,0.70098,1.50,1.00
2015.07.27 19:25:55.076,0.70075,0.70098,1.00,1.00
2015.07.27 19:25:55.341,0.70075,0.70096,1.00,1.00
2015.07.27 19:25:55.903,0.70074,0.70096,1.00,1.00
2015.07.27 19:25:57.677,0.70074,0.70097,1.00,1.00
2015.07.27 19:25:57.832,0.70074,0.70099,1.00,1.00
2015.07.27 19:26:00.057,0.70074,0.70097,1.00,1.00
2015.07.27 19:26:02.686,0.70074,0.70095,1.00,1.00
2015.07.27 19:26:04.994,0.70074,0.70094,1.00,1.00
2015.07.27 19:26:09.925,0.70074,0.70095,1.00,1.00
2015.07.27 19:26:12.927,0.70074,0.70094,1.00,1.00
2015.07.27 19:26:18.771,0.70074,0.70095,1.00,1.00
2015.07.27 19:26:18.839,0.70072,0.70095,1.00,1.00
2015.07.27 19:26:23.041,0.70072,0.70093,1.00,1.00
2015.07.27 19:26:25.990,0.70072,0.70094,1.50,1.00
2015.07.27 19:26:32.713,0.70077,0.70095,1.00,1.00
2015.07.27 19:26:32.813,0.70078,0.701,1.35,1.00
2015.07.27 19:26:33.566,0.70079,0.701,1.00,1.00
2015.07.27 19:26:36.814,0.7008,0.70099,1.00,1.00
2015.07.27 19:26:37.018,0.7008,0.70102,1.00,1.00
2015.07.27 19:26:38.019,0.70079,0.70102,1.50,1.00
2015.07.27 19:26:38.323,0.70079,0.70099,1.00,1.00
2015.07.27 19:26:40.219,0.70075,0.70097,2.10,1.00
2015.07.27 19:26:50.221,0.70077,0.70097,1.00,1.00
2015.07.27 19:26:50.323,0.70077,0.701,2.25,1.00
2015.07.27 19:26:50.877,0.70077,0.70099,2.25,1.00
2015.07.27 19:26:59.264,0.70077,0.70099,2.85,1.00
2015.07.27 19:27:00.428,0.70077,0.701,2.85,1.00
2015.07.27 19:27:01.002,0.70079,0.701,1.00,1.00
2015.07.27 19:27:01.648,0.70078,0.701,1.35,1.00
2015.07.27 19:27:02.255,0.70079,0.701,1.00,1.00
2015.07.27 19:27:02.756,0.70078,0.701,1.35,1.00
2015.07.27 19:27:06.026,0.70078,0.70098,1.35,1.00
2015.07.27 19:27:06.528,0.70077,0.70099,1.60,1.00
2015.07.27 19:27:06.884,0.70077,0.70097,1.60,1.00
2015.07.27 19:27:09.634,0.70073,0.70096,1.60,1.00
2015.07.27 19:27:15.694,0.70073,0.70097,1.60,1.50
2015.07.27 19:27:18.675,0.70073,0.70096,1.60,1.00
2015.07.27 19:27:24.283,0.70074,0.70097,1.60,1.00
2015.07.27 19:27:28.382,0.70074,0.70096,1.60,1.00
2015.07.27 19:27:31.775,0.70074,0.70097,1.60,1.00
2015.07.27 19:27:34.493,0.70074,0.70096,1.60,1.00
2015.07.27 19:27:40.103,0.70074,0.70099,1.60,1.00
2015.07.27 19:27:42.966,0.70074,0.70101,2.85,1.50
2015.07.27 19:27:44.544,0.70075,0.701,1.60,1.00
2015.07.27 19:27:49.076,0.70072,0.70098,5.10,1.00
2015.07.27 19:27:50.198,0.70074,0.701,2.10,1.00
2015.07.27 19:27:56.529,0.70074,0.70099,1.60,1.00
2015.07.27 19:27:58.355,0.70073,0.70099,1.00,1.50
2015.07.27 19:27:58.406,0.70072,0.70097,1.00,1.00
2015.07.27 19:27:59.285,0.70072,0.70096,1.00,1.00
2015.07.27 19:28:01.106,0.70073,0.70098,1.00,1.00
2015.07.27 19:28:01.672,0.70073,0.70099,1.00,1.50
2015.07.27 19:28:03.143,0.70075,0.701,1.00,1.00
2015.07.27 19:28:03.244,0.70075,0.70102,1.00,3.00
2015.07.27 19:28:03.777,0.70076,0.70103,1.50,1.00
2015.07.27 19:28:04.601,0.70077,0.70103,1.00,1.00
2015.07.27 19:28:05.401,0.70077,0.70104,1.00,3.00
2015.07.27 19:28:12.188,0.70076,0.70103,3.00,1.00
2015.07.27 19:28:13.554,0.70076,0.70102,2.25,1.00
2015.07.27 19:28:14.179,0.70077,0.70102,1.00,1.00
2015.07.27 19:28:16.854,0.70077,0.70103,1.00,1.50
2015.07.27 19:28:17.642,0.70077,0.70102,1.00,1.00
2015.07.27 19:28:20.271,0.70077,0.70103,1.00,1.50
2015.07.27 19:28:23.662,0.70077,0.70102,1.00,1.00
2015.07.27 19:28:24.217,0.70078,0.70103,1.00,1.00
2015.07.27 19:28:32.242,0.70078,0.70102,1.50,1.00
2015.07.27 19:28:51.983,0.70076,0.70102,1.00,1.00
2015.07.27 19:28:52.537,0.70075,0.70101,1.00,1.00
2015.07.27 19:28:54.124,0.70075,0.701,1.00,1.00
2015.07.27 19:28:55.202,0.70076,0.70101,1.00,1.00
2015.07.27 19:28:55.353,0.70076,0.70103,1.50,2.25
2015.07.27 19:28:59.113,0.70076,0.701,1.00,1.00
2015.07.27 19:29:00.563,0.70075,0.701,1.50,1.00
2015.07.27 19:29:03.422,0.70074,0.701,1.50,1.50
2015.07.27 19:29:08.749,0.70074,0.70097,1.50,1.00
2015.07.27 19:29:12.657,0.70074,0.70099,1.50,1.00
2015.07.27 19:29:12.758,0.70074,0.70101,2.25,1.50
2015.07.27 19:29:12.809,0.70074,0.70099,1.50,1.00
2015.07.27 19:29:13.346,0.70073,0.70099,1.50,1.00
2015.07.27 19:29:16.038,0.70073,0.70098,1.00,1.00
2015.07.27 19:29:19.465,0.70074,0.70098,1.00,1.00
2015.07.27 19:29:22.692,0.70074,0.70096,1.00,1.00
2015.07.27 19:29:22.937,0.70072,0.70096,1.00,1.00
2015.07.27 19:29:23.821,0.70072,0.70097,1.00,1.00
2015.07.27 19:29:24.433,0.70074,0.70097,1.00,1.00
2015.07.27 19:29:24.744,0.70072,0.70096,1.00,1.00
2015.07.27 19:29:26.778,0.7007,0.70096,2.25,1.00
2015.07.27 19:29:29.902,0.7007,0.70095,1.50,1.50
2015.07.27 19:29:31.533,0.7007,0.70092,1.00,1.00
2015.07.27 19:29:31.785,0.70068,0.70092,1.00,1.00
2015.07.27 19:29:32.320,0.70069,0.70092,1.00,1.00
2015.07.27 19:29:33.281,0.70071,0.70092,1.00,1.00
2015.07.27 19:29:38.770,0.70069,0.70092,1.00,1.00
2015.07.27 19:29:39.775,0.70068,0.70092,1.00,1.00
2015.07.27 19:29:39.876,0.70067,0.70089,1.00,1.00
2015.07.27 19:29:40.078,0.70065,0.70089,1.00,1.00
2015.07.27 19:29:40.820,0.70064,0.70089,1.00,1.00
2015.07.27 19:29:42.283,0.70063,0.70089,1.50,1.00
2015.07.27 19:29:43.490,0.70064,0.70089,1.00,1.00
2015.07.27 19:29:44.029,0.70065,0.70089,1.00,1.00
2015.07.27 19:29:44.175,0.70065,0.70087,1.00,1.00
2015.07.27 19:29:44.598,0.70065,0.7009,1.00,1.50
2015.07.27 19:29:45.253,0.70064,0.70089,1.50,1.50
2015.07.27 19:29:47.086,0.70064,0.70088,1.50,1.00
2015.07.27 19:29:47.302,0.70062,0.70087,1.50,1.00
2015.07.27 19:29:51.762,0.70064,0.70088,1.00,1.00
2015.07.27 19:29:52.209,0.70062,0.70087,1.00,1.00
2015.07.27 19:29:55.599,0.70062,0.70088,1.00,2.25
2015.07.27 19:29:56.046,0.70064,0.70089,1.50,1.00
2015.07.27 19:29:56.605,0.70064,0.7009,1.50,1.50
2015.07.27 19:30:01.589,0.70064,0.70089,1.50,1.00
2015.07.27 19:30:03.859,0.70064,0.70086,1.50,1.00
2015.07.27 19:30:21.658,0.70064,0.70084,1.00,1.00
2015.07.27 19:30:23.635,0.70062,0.70084,1.50,1.00
2015.07.27 19:30:24.418,0.70062,0.70083,1.50,1.00
2015.07.27 19:30:28.689,0.7006,0.70083,1.00,1.00
2015.07.27 19:30:28.739,0.7006,0.70081,1.00,1.00
2015.07.27 19:30:28.790,0.70057,0.70079,1.00,1.00
2015.07.27 19:30:28.841,0.70057,0.70077,1.00,1.00
2015.07.27 19:30:28.891,0.70055,0.70077,2.25,1.00
2015.07.27 19:30:29.353,0.70057,0.70077,1.00,1.00
2015.07.27 19:30:42.413,0.70058,0.70077,1.00,1.00
2015.07.27 19:30:47.494,0.70056,0.70077,1.00,1.00
2015.07.27 19:30:47.995,0.70056,0.70076,1.00,1.00
2015.07.27 19:30:55.919,0.70056,0.70077,1.00,1.00
2015.07.27 19:31:00.579,0.70056,0.70079,1.00,1.00
2015.07.27 19:31:00.880,0.70056,0.70082,1.50,1.00
2015.07.27 19:31:01.929,0.70056,0.70083,1.50,1.00
2015.07.27 19:31:01.980,0.70058,0.70083,1.50,1.00
2015.07.27 19:31:02.131,0.70059,0.70085,1.00,1.00
2015.07.27 19:31:02.766,0.7006,0.70085,1.00,1.00
2015.07.27 19:31:02.817,0.70063,0.70086,1.00,1.00
2015.07.27 19:31:04.883,0.70065,0.70087,1.00,1.50
2015.07.27 19:31:05.034,0.70063,0.70087,1.00,1.00
2015.07.27 19:31:05.579,0.70063,0.70086,1.00,1.00
2015.07.27 19:31:10.038,0.70063,0.70087,1.00,1.50
2015.07.27 19:31:11.125,0.70063,0.70082,1.00,1.00
2015.07.27 19:31:11.228,0.70059,0.7008,1.00,1.00
2015.07.27 19:31:11.335,0.70056,0.7008,1.00,1.50
2015.07.27 19:31:12.594,0.70056,0.70081,1.00,1.50
2015.07.27 19:31:14.512,0.70056,0.7008,1.50,1.00
2015.07.27 19:31:15.310,0.70056,0.70081,1.50,1.00
2015.07.27 19:31:15.853,0.70058,0.70082,1.00,1.50
2015.07.27 19:31:16.371,0.70057,0.70082,2.25,1.00
2015.07.27 19:31:21.353,0.70057,0.7008,1.00,1.00
2015.07.27 19:31:23.550,0.70056,0.7008,1.00,1.00
2015.07.27 19:31:31.439,0.70056,0.70082,1.00,2.25
2015.07.27 19:31:32.011,0.70056,0.70081,1.00,1.00
2015.07.27 19:31:34.755,0.70056,0.7008,1.00,1.00
2015.07.27 19:31:34.856,0.70055,0.70078,1.00,1.00
2015.07.27 19:31:35.118,0.70053,0.70077,1.50,1.00
2015.07.27 19:31:35.657,0.70053,0.70076,1.50,1.00
2015.07.27 19:31:36.192,0.70053,0.70075,1.00,1.00
2015.07.27 19:31:36.293,0.70052,0.70073,1.00,1.00
2015.07.27 19:31:36.346,0.7005,0.70073,1.00,1.00
2015.07.27 19:31:36.649,0.70049,0.70071,1.50,1.00
2015.07.27 19:31:37.164,0.7005,0.70072,1.00,1.00
2015.07.27 19:31:37.684,0.70048,0.70072,1.00,1.00
2015.07.27 19:31:38.364,0.70047,0.70071,2.25,1.00
2015.07.27 19:31:39.382,0.70045,0.70071,1.50,1.50
2015.07.27 19:31:39.483,0.70045,0.70067,1.00,1.00
2015.07.27 19:31:39.585,0.70045,0.70071,1.00,2.25
2015.07.27 19:31:39.636,0.7005,0.70071,1.00,1.50
2015.07.27 19:31:40.092,0.70047,0.7007,1.50,1.00
2015.07.27 19:31:40.633,0.70047,0.70069,1.00,1.00
2015.07.27 19:31:40.684,0.70046,0.70067,1.00,1.00
2015.07.27 19:31:41.242,0.70045,0.70067,1.00,1.00
2015.07.27 19:31:41.786,0.70045,0.70064,1.00,1.00
2015.07.27 19:31:42.035,0.7004,0.70063,1.00,1.00
2015.07.27 19:31:42.547,0.7004,0.70062,1.00,1.00
2015.07.27 19:31:42.909,0.7004,0.7006,1.50,1.00
2015.07.27 19:31:43.054,0.7004,0.70062,1.00,1.50
2015.07.27 19:31:43.361,0.70037,0.7006,1.00,1.00
2015.07.27 19:31:43.891,0.70037,0.70058,1.00,1.00
2015.07.27 19:31:50.356,0.70037,0.70057,1.00,1.00
2015.07.27 19:31:50.407,0.70035,0.70057,1.00,1.00
2015.07.27 19:31:51.609,0.70035,0.70053,1.00,1.00
2015.07.27 19:31:51.781,0.70035,0.70057,1.00,1.00
2015.07.27 19:31:52.333,0.70034,0.70058,1.50,1.00
2015.07.27 19:31:52.863,0.70035,0.70058,1.00,1.50
2015.07.27 19:31:54.261,0.70034,0.70058,1.00,1.00
2015.07.27 19:31:55.301,0.70034,0.70059,1.00,1.50
2015.07.27 19:31:55.813,0.70034,0.70058,1.00,1.00
2015.07.27 19:31:56.352,0.70035,0.70058,1.00,1.00
2015.07.27 19:31:56.723,0.70034,0.70055,1.00,1.00
2015.07.27 19:31:56.881,0.7003,0.70055,1.50,1.50
2015.07.27 19:31:56.982,0.7003,0.70053,1.00,1.00
2015.07.27 19:31:57.516,0.7003,0.70052,1.00,1.00
2015.07.27 19:31:57.617,0.70028,0.70052,1.00,1.00
2015.07.27 19:31:57.718,0.70026,0.70052,1.50,1.00
2015.07.27 19:31:57.869,0.70026,0.70049,1.50,1.00
2015.07.27 19:31:58.455,0.70026,0.7005,1.50,1.00
2015.07.27 19:31:59.978,0.70028,0.7005,1.00,1.00
2015.07.27 19:32:00.079,0.70028,0.70054,1.00,1.00
2015.07.27 19:32:00.617,0.70029,0.70055,1.00,1.50
2015.07.27 19:32:00.668,0.70031,0.70055,1.00,1.00
2015.07.27 19:32:00.988,0.70034,0.70055,1.00,1.00
2015.07.27 19:32:02.147,0.70034,0.70057,1.00,1.00
2015.07.27 19:32:02.198,0.70039,0.70057,1.00,1.00
2015.07.27 19:32:02.248,0.7004,0.7006,1.00,1.50
2015.07.27 19:32:02.299,0.7004,0.70063,1.00,1.50
2015.07.27 19:32:03.102,0.70038,0.70063,1.00,1.50
2015.07.27 19:32:04.712,0.70041,0.70063,1.00,1.00
2015.07.27 19:32:04.813,0.70042,0.70066,1.00,1.00
2015.07.27 19:32:08.931,0.70043,0.70066,1.00,1.00
2015.07.27 19:32:09.461,0.70042,0.70065,1.00,1.50
2015.07.27 19:32:12.377,0.7004,0.70065,1.50,1.00
2015.07.27 19:32:15.258,0.70039,0.70064,1.00,1.00
2015.07.27 19:32:15.806,0.70039,0.70065,1.00,3.00
2015.07.27 19:32:16.492,0.70039,0.70062,1.00,1.00
2015.07.27 19:32:16.744,0.70035,0.70061,1.00,1.00
2015.07.27 19:32:16.845,0.70033,0.70059,1.00,1.00
2015.07.27 19:32:17.612,0.70034,0.70059,1.00,1.00
2015.07.27 19:32:17.915,0.70038,0.7006,1.00,1.00
2015.07.27 19:32:18.117,0.70038,0.70062,1.00,1.00
2015.07.27 19:32:18.703,0.70038,0.70063,1.00,1.50
2015.07.27 19:32:19.363,0.70038,0.70062,1.00,1.00
2015.07.27 19:32:20.400,0.70038,0.7006,1.00,1.50
2015.07.27 19:32:20.551,0.70032,0.70059,1.50,2.25
2015.07.27 19:32:28.144,0.70033,0.70059,1.00,1.50
2015.07.27 19:32:30.075,0.70035,0.7006,1.00,1.50
2015.07.27 19:32:30.379,0.70038,0.70063,1.00,2.25
2015.07.27 19:32:30.762,0.7004,0.70064,1.00,1.00
2015.07.27 19:32:31.601,0.7004,0.70063,1.00,1.00
2015.07.27 19:32:32.223,0.7004,0.70064,1.00,1.00
2015.07.27 19:32:33.042,0.7004,0.70065,1.00,1.50
2015.07.27 19:32:35.976,0.70039,0.70065,1.00,1.50
2015.07.27 19:32:40.441,0.70039,0.70066,1.00,2.25
2015.07.27 19:32:44.470,0.70039,0.70065,2.25,1.00
2015.07.27 19:32:45.460,0.70039,0.70066,1.50,2.25
2015.07.27 19:32:51.552,0.70039,0.70064,1.50,1.50
2015.07.27 19:32:51.855,0.70039,0.70061,1.00,1.00
2015.07.27 19:32:52.394,0.70038,0.70062,1.00,1.00
2015.07.27 19:32:53.347,0.70037,0.70062,1.00,1.00
2015.07.27 19:32:57.081,0.70036,0.70059,1.00,1.00
2015.07.27 19:32:57.182,0.7003,0.70055,2.10,1.00
2015.07.27 19:32:57.616,0.70032,0.70057,1.00,1.00
2015.07.27 19:32:58.615,0.7003,0.70054,1.50,1.00
2015.07.27 19:32:59.161,0.70029,0.70054,1.00,1.00
2015.07.27 19:32:59.212,0.70029,0.70056,1.00,2.25
2015.07.27 19:32:59.413,0.70029,0.70054,1.00,1.00
2015.07.27 19:33:05.347,0.70027,0.70052,1.00,1.00
2015.07.27 19:33:05.397,0.70025,0.70051,2.25,1.00
2015.07.27 19:33:06.492,0.70027,0.70051,1.00,1.00
2015.07.27 19:33:07.707,0.70028,0.70055,2.25,1.50
2015.07.27 19:33:08.217,0.70029,0.70055,1.00,1.00
2015.07.27 19:33:10.465,0.7003,0.70055,1.00,1.00
2015.07.27 19:33:11.676,0.7003,0.70056,1.50,1.50
2015.07.27 19:33:12.181,0.70033,0.70056,1.00,1.00
2015.07.27 19:33:12.429,0.70033,0.7006,1.00,3.00
2015.07.27 19:33:13.038,0.70034,0.70059,1.00,1.00
2015.07.27 19:33:13.546,0.70033,0.70059,1.00,1.35
2015.07.27 19:33:13.596,0.70033,0.70055,1.00,1.00
2015.07.27 19:33:13.647,0.70028,0.70054,1.00,1.00
2015.07.27 19:33:13.697,0.70028,0.70052,1.00,1.00
2015.07.27 19:33:13.748,0.70026,0.70052,2.25,1.00
2015.07.27 19:33:14.195,0.70028,0.70052,1.00,1.00
2015.07.27 19:33:14.745,0.70029,0.70052,1.00,1.00
2015.07.27 19:33:15.249,0.7003,0.70052,1.00,1.00
2015.07.27 19:33:15.616,0.70028,0.70049,1.00,1.00
2015.07.27 19:33:15.667,0.70026,0.70049,1.50,1.00
2015.07.27 19:33:16.308,0.70028,0.70049,1.00,1.00
2015.07.27 19:33:19.904,0.70028,0.7005,1.00,1.00
2015.07.27 19:33:20.206,0.70031,0.70051,1.00,1.00
2015.07.27 19:33:23.416,0.7003,0.70051,1.50,1.00
2015.07.27 19:33:24.095,0.70031,0.70051,1.00,1.00
2015.07.27 19:33:24.370,0.70029,0.70051,1.00,1.00
2015.07.27 19:33:29.261,0.70029,0.7005,1.00,1.00
2015.07.27 19:33:36.349,0.70029,0.70049,1.00,1.00
2015.07.27 19:33:40.167,0.7003,0.70049,1.00,1.00
2015.07.27 19:33:40.736,0.70029,0.70049,1.00,1.00
2015.07.27 19:33:41.469,0.70027,0.70049,1.00,1.00
2015.07.27 19:33:41.520,0.70024,0.70049,1.50,1.00
2015.07.27 19:33:41.570,0.70027,0.70049,1.00,1.00
2015.07.27 19:33:42.026,0.70023,0.70048,1.00,1.50
2015.07.27 19:33:42.637,0.70023,0.70047,1.00,1.00
2015.07.27 19:33:42.916,0.70021,0.70046,1.50,1.00
2015.07.27 19:33:43.446,0.70021,0.70044,1.00,1.00
2015.07.27 19:33:50.855,0.70021,0.70045,1.00,1.00
2015.07.27 19:33:51.356,0.70023,0.70046,1.00,1.00
2015.07.27 19:33:52.895,0.70023,0.70045,1.00,1.00
2015.07.27 19:33:54.996,0.70023,0.70047,1.00,1.00
2015.07.27 19:33:55.797,0.70023,0.70048,1.00,1.00
2015.07.27 19:33:56.309,0.70023,0.70047,1.00,1.00
2015.07.27 19:33:56.360,0.70025,0.70047,1.00,1.00
2015.07.27 19:33:57.524,0.70025,0.70048,1.00,1.00
2015.07.27 19:33:59.105,0.70025,0.70047,1.00,1.00
2015.07.27 19:34:01.949,0.70025,0.70046,1.00,1.00
2015.07.27 19:34:02.296,0.70023,0.70045,1.00,1.00
2015.07.27 19:34:03.068,0.70023,0.70046,1.00,1.00
2015.07.27 19:34:06.406,0.70023,0.70045,1.00,1.00
2015.07.27 19:34:14.289,0.70023,0.70044,1.00,1.00
2015.07.27 19:34:14.604,0.7002,0.70044,1.00,1.00
2015.07.27 19:34:15.380,0.70019,0.70043,1.50,1.00
2015.07.27 19:34:15.622,0.70023,0.70044,1.00,1.00
2015.07.27 19:34:16.176,0.70024,0.70044,1.00,1.00
2015.07.27 19:34:16.633,0.70024,0.70048,1.00,1.00
2015.07.27 19:34:17.149,0.70025,0.70047,2.25,1.00
2015.07.27 19:34:22.432,0.70025,0.7005,1.50,1.00
2015.07.27 19:34:22.534,0.70028,0.7005,1.00,1.00
2015.07.27 19:34:23.298,0.70027,0.7005,1.00,1.00
2015.07.27 19:34:23.996,0.70026,0.7005,1.00,1.00
2015.07.27 19:34:25.165,0.70026,0.70051,1.00,1.00
2015.07.27 19:34:25.712,0.70027,0.70051,1.00,1.00
2015.07.27 19:34:28.705,0.70027,0.70054,1.50,1.00
2015.07.27 19:34:29.314,0.70028,0.70054,1.00,1.00
2015.07.27 19:34:29.856,0.70028,0.70053,1.00,1.00
2015.07.27 19:34:30.209,0.70026,0.70052,1.00,1.00
2015.07.27 19:34:31.288,0.70027,0.70052,1.35,1.00
2015.07.27 19:34:31.388,0.70028,0.70054,1.00,1.50
2015.07.27 19:34:31.640,0.7003,0.70054,1.00,1.00
2015.07.27 19:34:32.079,0.70028,0.70054,1.50,1.00
2015.07.27 19:34:32.706,0.70028,0.70055,1.50,1.50
2015.07.27 19:34:32.862,0.7003,0.70056,1.00,1.50
2015.07.27 19:34:33.513,0.70032,0.70056,1.00,1.50
2015.07.27 19:34:33.614,0.70033,0.70058,1.00,1.00
2015.07.27 19:34:34.924,0.70034,0.70059,1.00,1.00
2015.07.27 19:34:35.916,0.70033,0.70058,1.00,1.50
2015.07.27 19:34:36.017,0.70033,0.70056,1.00,1.00
2015.07.27 19:34:36.118,0.7003,0.70056,1.00,2.25
2015.07.27 19:34:36.269,0.70029,0.70054,2.25,1.00
2015.07.27 19:34:36.778,0.70029,0.70055,2.25,1.50
2015.07.27 19:34:37.471,0.70031,0.70055,1.00,1.00
2015.07.27 19:34:37.523,0.70031,0.70057,1.50,1.50
2015.07.27 19:34:38.098,0.70032,0.70057,1.00,1.00
2015.07.27 19:34:42.465,0.70033,0.70057,1.00,1.00
2015.07.27 19:34:42.516,0.70031,0.70057,2.25,1.00
2015.07.27 19:34:43.654,0.70031,0.70056,1.00,1.00
2015.07.27 19:34:53.956,0.70032,0.70057,1.00,1.00
2015.07.27 19:34:54.502,0.70032,0.70058,1.00,1.50
2015.07.27 19:34:55.367,0.70032,0.70059,1.00,1.50
2015.07.27 19:34:55.657,0.70032,0.70056,1.00,1.00
2015.07.27 19:34:59.594,0.70035,0.70057,1.00,1.00
2015.07.27 19:35:05.487,0.70035,0.70056,1.00,1.00
2015.07.27 19:35:05.639,0.70032,0.70055,1.50,1.00
2015.07.27 19:35:05.941,0.70031,0.70052,1.00,1.00
2015.07.27 19:35:06.486,0.7003,0.70052,1.00,1.00
2015.07.27 19:35:08.955,0.70029,0.7005,1.00,1.50
2015.07.27 19:35:09.557,0.70029,0.70049,1.00,1.00
2015.07.27 19:35:11.868,0.70029,0.7005,1.00,1.50
2015.07.27 19:35:15.615,0.70029,0.70049,1.00,1.00
2015.07.27 19:35:15.665,0.70026,0.70049,1.00,1.00
2015.07.27 19:35:16.231,0.70025,0.70048,1.00,1.00
2015.07.27 19:35:16.968,0.70025,0.70047,1.00,1.00
2015.07.27 19:35:17.169,0.70024,0.70045,1.00,1.00
2015.07.27 19:35:17.694,0.70025,0.70045,1.00,1.00
2015.07.27 19:35:17.846,0.70023,0.70048,1.50,1.00
2015.07.27 19:35:17.947,0.70021,0.70046,1.50,1.00
2015.07.27 19:35:18.319,0.70024,0.70046,1.00,1.50
2015.07.27 19:35:18.638,0.70019,0.70043,2.25,1.00
2015.07.27 19:35:18.890,0.70018,0.70041,1.00,1.00
2015.07.27 19:35:19.343,0.7002,0.70041,1.00,1.00
2015.07.27 19:35:19.494,0.7002,0.70044,1.00,1.50
2015.07.27 19:35:19.809,0.70021,0.70047,1.50,1.50
2015.07.27 19:35:19.993,0.70019,0.70045,1.00,1.50
2015.07.27 19:35:20.295,0.7002,0.70041,1.00,1.00
2015.07.27 19:35:20.396,0.70019,0.70044,1.00,1.00
2015.07.27 19:35:21.042,0.70018,0.70044,1.50,1.50
2015.07.27 19:35:21.703,0.70018,0.70043,1.50,1.00
2015.07.27 19:35:22.189,0.7002,0.70045,1.00,1.00
2015.07.27 19:35:25.574,0.7002,0.70044,1.00,1.00
2015.07.27 19:35:30.085,0.7002,0.70045,1.00,1.50
2015.07.27 19:35:32.068,0.7002,0.70046,1.50,3.00
2015.07.27 19:35:32.370,0.70024,0.70049,1.00,1.00
2015.07.27 19:35:32.878,0.70024,0.7005,1.50,1.50
2015.07.27 19:35:33.384,0.70024,0.70049,1.50,1.00
2015.07.27 19:35:40.500,0.70024,0.7005,1.50,1.50
2015.07.27 19:35:49.654,0.70023,0.70048,1.00,1.00
2015.07.27 19:35:51.393,0.70023,0.70046,1.00,1.00
2015.07.27 19:35:52.731,0.70024,0.70046,1.00,1.00
2015.07.27 19:35:53.831,0.70025,0.70046,1.00,1.00
2015.07.27 19:35:55.773,0.70025,0.70047,1.50,1.00
2015.07.27 19:35:56.898,0.70024,0.70047,1.50,1.00
2015.07.27 19:35:57.200,0.70023,0.70045,1.00,1.00
2015.07.27 19:36:03.478,0.7002,0.70045,1.00,1.00
2015.07.27 19:36:08.280,0.7002,0.70042,1.00,1.00
2015.07.27 19:36:08.787,0.70017,0.70042,1.00,1.00
2015.07.27 19:36:08.929,0.70017,0.7004,1.00,1.00
2015.07.27 19:36:09.433,0.70016,0.70039,1.00,1.00
2015.07.27 19:36:11.951,0.70016,0.70041,1.50,1.00
2015.07.27 19:36:18.037,0.70015,0.70041,2.25,1.00
2015.07.27 19:36:20.203,0.70016,0.70042,1.00,1.00
2015.07.27 19:36:20.899,0.70017,0.70042,1.00,1.50
2015.07.27 19:36:21.061,0.70017,0.70044,1.50,2.25
2015.07.27 19:36:25.518,0.70018,0.70044,1.00,1.50
2015.07.27 19:36:40.098,0.70019,0.70044,1.00,1.00
2015.07.27 19:36:41.425,0.70018,0.70044,1.00,1.00
2015.07.27 19:36:41.526,0.70018,0.70042,1.00,1.00
2015.07.27 19:36:41.627,0.70018,0.70044,1.00,1.50
2015.07.27 19:36:41.819,0.7002,0.70043,1.00,1.00
2015.07.27 19:36:42.507,0.7002,0.70045,1.00,1.50
2015.07.27 19:36:44.154,0.7002,0.70046,1.00,1.50
2015.07.27 19:36:46.110,0.70021,0.70046,1.00,1.00
2015.07.27 19:36:46.939,0.70021,0.70048,2.25,1.50
2015.07.27 19:36:47.366,0.70021,0.70046,1.50,1.00
2015.07.27 19:36:47.914,0.70025,0.70047,1.00,1.00
2015.07.27 19:36:50.043,0.70025,0.70048,1.00,1.00
2015.07.27 19:36:51.669,0.70025,0.70049,1.00,1.00
2015.07.27 19:36:53.424,0.70025,0.70048,1.00,1.00
2015.07.27 19:36:53.926,0.70025,0.70049,1.00,1.00
2015.07.27 19:36:57.232,0.70024,0.7005,1.50,1.00
2015.07.27 19:36:57.745,0.70025,0.7005,1.50,1.00
2015.07.27 19:37:01.975,0.70025,0.70051,1.50,1.00
2015.07.27 19:37:03.430,0.70027,0.70051,1.00,1.00
2015.07.27 19:37:03.847,0.70032,0.70051,1.00,1.00
2015.07.27 19:37:03.898,0.70032,0.70058,1.00,1.50
2015.07.27 19:37:04.503,0.70033,0.70059,1.00,1.50
2015.07.27 19:37:07.585,0.70033,0.70056,1.00,1.00
2015.07.27 19:37:08.112,0.70033,0.70055,1.00,1.00
2015.07.27 19:37:08.566,0.70031,0.70053,1.00,1.00
2015.07.27 19:37:08.818,0.70024,0.7005,1.00,1.50
2015.07.27 19:37:08.919,0.70025,0.70048,1.00,1.00
2015.07.27 19:37:09.363,0.70025,0.7005,1.50,1.50
2015.07.27 19:37:09.769,0.70029,0.70051,1.00,1.00
2015.07.27 19:37:09.921,0.70029,0.70055,1.50,1.50
2015.07.27 19:37:10.449,0.7003,0.70055,2.25,1.50
2015.07.27 19:37:12.227,0.7003,0.70054,2.25,1.00
2015.07.27 19:37:12.623,0.70029,0.7005,1.00,1.00
2015.07.27 19:37:12.727,0.70025,0.70048,1.00,1.00
2015.07.27 19:37:12.778,0.70024,0.7005,1.50,2.25
2015.07.27 19:37:13.083,0.70026,0.70051,1.50,1.00
2015.07.27 19:37:13.418,0.70026,0.70048,1.00,1.00
2015.07.27 19:37:13.665,0.70026,0.7005,1.00,1.00
2015.07.27 19:37:14.296,0.70027,0.7005,1.00,1.00
2015.07.27 19:37:21.298,0.70027,0.70051,1.00,1.00
2015.07.27 19:37:21.823,0.70027,0.70052,1.00,1.50
2015.07.27 19:37:22.673,0.70027,0.70051,1.00,1.00
2015.07.27 19:37:24.795,0.70027,0.7005,1.00,1.00
2015.07.27 19:37:29.377,0.70028,0.7005,1.00,1.00
2015.07.27 19:37:29.914,0.70029,0.70051,1.00,1.00
2015.07.27 19:37:30.015,0.70029,0.70054,1.00,1.00
2015.07.27 19:37:30.543,0.7003,0.70055,1.00,1.00
2015.07.27 19:37:31.331,0.7003,0.70054,1.00,1.00
2015.07.27 19:37:31.482,0.70028,0.70054,1.00,1.00
2015.07.27 19:37:31.533,0.70028,0.70051,1.00,1.00
2015.07.27 19:37:32.115,0.70027,0.70051,1.00,1.00
2015.07.27 19:37:53.334,0.70027,0.7005,1.00,1.00
2015.07.27 19:37:53.860,0.70026,0.7005,1.50,1.00
2015.07.27 19:37:57.889,0.70027,0.7005,1.00,1.00
2015.07.27 19:37:58.491,0.70027,0.70052,1.00,1.00
2015.07.27 19:38:00.377,0.70027,0.7005,1.00,1.00
2015.07.27 19:38:00.528,0.70025,0.70049,1.00,1.00
2015.07.27 19:38:00.579,0.70023,0.70049,1.50,1.00
2015.07.27 19:38:06.061,0.70024,0.70049,1.00,1.00
2015.07.27 19:38:06.162,0.70028,0.7005,1.00,1.50
2015.07.27 19:38:06.314,0.70029,0.70055,1.50,1.50
2015.07.27 19:38:06.364,0.70031,0.70056,1.00,1.00
2015.07.27 19:38:06.697,0.70034,0.70057,1.00,1.00
2015.07.27 19:38:08.864,0.70032,0.70056,1.00,1.00
2015.07.27 19:38:09.400,0.70031,0.70056,1.00,1.00
2015.07.27 19:38:09.751,0.70031,0.70052,1.00,1.00
2015.07.27 19:38:09.853,0.70029,0.70052,1.00,1.50
2015.07.27 19:38:09.954,0.70027,0.70051,1.50,1.00
2015.07.27 19:38:11.701,0.70025,0.70051,1.00,1.00
2015.07.27 19:38:17.883,0.70025,0.7005,1.00,1.00
2015.07.27 19:38:17.984,0.70023,0.7005,1.00,2.25
2015.07.27 19:38:18.589,0.70023,0.70048,1.00,1.00
2015.07.27 19:38:27.355,0.70024,0.70049,1.00,1.00
2015.07.27 19:38:27.657,0.70026,0.7005,1.00,1.50
2015.07.27 19:38:27.708,0.70024,0.70049,1.00,1.00
2015.07.27 19:38:28.323,0.70023,0.70048,1.50,1.00
2015.07.27 19:38:29.404,0.7002,0.70047,1.50,1.00
2015.07.27 19:38:29.555,0.7002,0.70044,1.00,1.00
2015.07.27 19:38:30.144,0.70019,0.70044,1.50,1.00
2015.07.27 19:38:31.375,0.7002,0.70044,1.00,1.00
2015.07.27 19:38:31.936,0.70019,0.70045,1.50,2.25
2015.07.27 19:38:34.263,0.70019,0.70044,1.50,1.00
2015.07.27 19:38:36.243,0.70019,0.70045,1.00,3.00
2015.07.27 19:38:43.993,0.70021,0.70045,1.00,1.00
2015.07.27 19:38:44.163,0.70021,0.70047,1.00,1.50
2015.07.27 19:38:53.326,0.70024,0.70048,1.50,1.00
2015.07.27 19:38:53.645,0.70027,0.7005,1.00,1.50
2015.07.27 19:38:54.173,0.70027,0.70051,1.00,1.50
2015.07.27 19:38:55.641,0.70025,0.70049,1.00,1.00
2015.07.27 19:38:56.031,0.70021,0.70047,1.50,1.00
2015.07.27 19:38:56.082,0.70021,0.70045,1.50,1.00
2015.07.27 19:38:56.334,0.70018,0.70044,1.50,1.50
2015.07.27 19:38:56.745,0.7002,0.70044,1.00,1.00
2015.07.27 19:38:56.796,0.70021,0.70046,1.00,1.00
2015.07.27 19:38:57.348,0.7002,0.70045,1.50,2.25
2015.07.27 19:39:00.194,0.70019,0.70045,1.00,3.00
2015.07.27 19:39:01.655,0.70019,0.70044,1.00,1.00
2015.07.27 19:39:01.706,0.70017,0.70044,1.50,1.50
2015.07.27 19:39:02.241,0.70018,0.70043,1.00,1.00
2015.07.27 19:39:05.979,0.70018,0.70044,1.00,2.25
2015.07.27 19:39:11.903,0.70022,0.70047,1.00,2.25
2015.07.27 19:39:12.206,0.70027,0.7005,1.00,1.00
2015.07.27 19:39:14.543,0.70028,0.7005,1.00,1.00
2015.07.27 19:39:23.478,0.70027,0.7005,1.50,1.00
2015.07.27 19:39:23.680,0.70025,0.70051,1.35,1.50
2015.07.27 19:39:23.781,0.70027,0.70051,1.00,1.00
2015.07.27 19:39:27.740,0.70028,0.70051,1.00,1.50
2015.07.27 19:39:28.364,0.70026,0.70051,1.00,1.00
2015.07.27 19:39:28.886,0.70027,0.70051,1.00,1.00
2015.07.27 19:39:28.942,0.7003,0.70051,1.00,1.00
2015.07.27 19:39:30.244,0.70029,0.70051,1.50,1.00
2015.07.27 19:39:36.819,0.70029,0.70048,1.00,1.00
2015.07.27 19:39:36.870,0.70026,0.70048,1.00,1.00
2015.07.27 19:39:37.273,0.70026,0.7005,1.00,2.10
2015.07.27 19:39:58.639,0.70026,0.70049,1.00,1.00
2015.07.27 19:40:01.465,0.70026,0.70045,1.00,1.00
2015.07.27 19:40:03.495,0.70027,0.70045,1.00,1.00
2015.07.27 19:40:06.254,0.70024,0.70045,1.50,1.00
2015.07.27 19:40:08.766,0.70024,0.70051,2.25,2.10
2015.07.27 19:40:09.635,0.70027,0.7005,1.00,1.35
2015.07.27 19:40:22.586,0.70027,0.70053,1.50,1.50
2015.07.27 19:40:22.748,0.70034,0.70053,1.00,1.00
2015.07.27 19:40:22.850,0.70035,0.7006,1.50,1.50
2015.07.27 19:40:22.951,0.70039,0.7006,1.00,1.00
2015.07.27 19:40:23.052,0.70039,0.70062,1.00,1.00
2015.07.27 19:40:23.476,0.7004,0.7006,1.00,1.00
2015.07.27 19:40:23.795,0.70041,0.70064,1.00,1.00
2015.07.27 19:40:24.784,0.70041,0.7006,1.00,1.00
2015.07.27 19:40:25.386,0.70042,0.7006,1.00,1.00
2015.07.27 19:40:26.705,0.7004,0.7006,1.00,1.00
2015.07.27 19:40:27.314,0.7004,0.70064,1.00,1.00
2015.07.27 19:40:27.771,0.7004,0.70064,1.00,1.60
2015.07.27 19:40:27.955,0.70037,0.7006,1.00,1.00
2015.07.27 19:40:28.869,0.70037,0.70057,1.00,1.00
2015.07.27 19:40:29.071,0.70035,0.70057,1.00,1.00
2015.07.27 19:40:29.213,0.70033,0.70055,2.25,1.00
2015.07.27 19:40:38.454,0.70032,0.70055,1.00,1.50
2015.07.27 19:40:38.991,0.70032,0.70054,1.00,1.00
2015.07.27 19:40:40.468,0.70032,0.70055,1.00,1.00
2015.07.27 19:40:40.773,0.70037,0.7006,1.00,1.50
2015.07.27 19:40:41.284,0.70038,0.70062,1.00,1.00
2015.07.27 19:40:43.364,0.70038,0.70061,1.00,1.50
2015.07.27 19:40:43.516,0.70036,0.7006,1.00,1.00
2015.07.27 19:40:43.902,0.70036,0.70055,1.00,1.00
2015.07.27 19:40:44.203,0.70035,0.70053,1.00,1.00
2015.07.27 19:40:44.304,0.70032,0.70053,1.50,1.00
2015.07.27 19:40:44.433,0.70032,0.70051,1.50,1.00
2015.07.27 19:40:44.965,0.70034,0.70052,1.00,1.00
2015.07.27 19:40:45.016,0.70034,0.70056,1.00,1.50
2015.07.27 19:40:45.474,0.70035,0.70054,1.00,1.00
2015.07.27 19:40:46.033,0.70034,0.70055,1.00,1.00
2015.07.27 19:40:55.123,0.70034,0.70057,1.00,1.00
2015.07.27 19:40:55.509,0.70034,0.70053,1.00,1.00
2015.07.27 19:40:55.610,0.7003,0.70052,1.00,1.00
2015.07.27 19:40:55.661,0.7003,0.7005,1.00,1.00
2015.07.27 19:40:55.812,0.70027,0.70051,1.50,1.00
2015.07.27 19:40:56.776,0.70027,0.7005,1.00,1.00
2015.07.27 19:41:03.172,0.70027,0.70051,1.00,1.50
2015.07.27 19:41:03.743,0.70028,0.70051,1.00,1.00
2015.07.27 19:41:09.654,0.70028,0.70053,1.00,1.00
2015.07.27 19:41:09.903,0.70028,0.7005,1.00,1.00
2015.07.27 19:41:10.045,0.70026,0.7005,1.00,1.00
2015.07.27 19:41:12.026,0.70026,0.70051,1.00,1.50
2015.07.27 19:41:12.545,0.70026,0.7005,1.50,1.00
2015.07.27 19:41:21.035,0.70024,0.7005,1.00,3.00
2015.07.27 19:41:21.586,0.70025,0.7005,1.00,1.50
2015.07.27 19:41:21.636,0.70027,0.7005,1.00,1.50
2015.07.27 19:41:23.575,0.70026,0.7005,1.00,1.00
2015.07.27 19:41:28.184,0.70026,0.70051,1.00,1.00
2015.07.27 19:41:28.486,0.70031,0.70054,1.00,1.50
2015.07.27 19:41:28.587,0.70031,0.70056,1.00,1.00
2015.07.27 19:41:28.638,0.70033,0.70056,1.00,1.00
2015.07.27 19:41:28.936,0.70033,0.70058,1.00,1.50
2015.07.27 19:41:29.087,0.70033,0.70056,1.00,1.00
2015.07.27 19:41:29.687,0.70033,0.70055,1.00,1.00
2015.07.27 19:41:29.788,0.70031,0.70054,1.50,1.00
2015.07.27 19:41:42.513,0.70029,0.70052,1.00,1.00
2015.07.27 19:41:42.664,0.70026,0.7005,1.00,1.00
2015.07.27 19:41:43.213,0.70025,0.70051,1.50,1.50
2015.07.27 19:41:50.684,0.70027,0.70052,1.00,1.00
2015.07.27 19:41:50.734,0.70025,0.70053,2.25,2.25
2015.07.27 19:41:50.986,0.7003,0.70055,1.00,1.00
2015.07.27 19:41:51.532,0.70031,0.70056,1.00,1.00
2015.07.27 19:41:52.142,0.7003,0.70056,1.50,1.00
2015.07.27 19:41:52.572,0.7003,0.70052,1.00,1.00
2015.07.27 19:41:52.825,0.70024,0.70048,1.00,1.00
2015.07.27 19:41:53.127,0.70022,0.70048,1.50,1.00
2015.07.27 19:41:53.677,0.70021,0.70046,1.00,1.00
2015.07.27 19:41:54.192,0.70021,0.70045,1.00,1.00
2015.07.27 19:42:03.584,0.70021,0.70047,1.50,1.50
2015.07.27 19:42:04.146,0.70022,0.70047,1.50,1.00
2015.07.27 19:42:05.098,0.70025,0.70047,1.00,1.00
2015.07.27 19:42:05.600,0.70025,0.70048,1.00,1.00
2015.07.27 19:42:09.811,0.70025,0.7005,1.00,1.00
2015.07.27 19:42:09.862,0.70025,0.70052,1.50,2.25
2015.07.27 19:42:09.912,0.70027,0.70052,1.00,1.00
2015.07.27 19:42:10.246,0.70029,0.70054,1.00,1.00
2015.07.27 19:42:10.565,0.70031,0.70054,1.00,1.00
2015.07.27 19:42:11.615,0.70026,0.70051,1.00,1.50
2015.07.27 19:42:11.666,0.70024,0.7005,1.50,1.00
2015.07.27 19:42:11.716,0.70029,0.70045,1.00,1.00
2015.07.27 19:42:11.930,0.70022,0.70048,1.50,2.25
2015.07.27 19:42:12.030,0.70024,0.70048,1.00,1.00
2015.07.27 19:42:14.571,0.70024,0.7005,1.00,1.00
2015.07.27 19:42:14.621,0.70026,0.7005,1.00,1.00
2015.07.27 19:42:14.924,0.7003,0.70054,1.00,1.50
2015.07.27 19:42:15.310,0.70032,0.70055,1.00,1.00
2015.07.27 19:42:15.823,0.70032,0.70056,1.00,1.00
2015.07.27 19:42:16.133,0.70034,0.70058,1.50,1.00
2015.07.27 19:42:16.723,0.70035,0.70058,1.00,1.00
2015.07.27 19:42:17.272,0.70034,0.70058,1.50,1.00
2015.07.27 19:42:18.772,0.70034,0.70056,1.00,1.00
2015.07.27 19:42:19.320,0.70034,0.70055,1.00,1.00
2015.07.27 19:42:19.661,0.70034,0.70057,1.00,1.00
2015.07.27 19:42:20.401,0.70033,0.70057,1.00,1.00
2015.07.27 19:42:20.452,0.70031,0.70057,1.50,1.00
2015.07.27 19:42:20.790,0.70034,0.70058,1.00,1.00
2015.07.27 19:42:20.891,0.70034,0.7006,1.50,2.25
2015.07.27 19:42:22.238,0.70034,0.70057,1.50,1.00
2015.07.27 19:42:22.401,0.70034,0.70059,1.50,1.00
2015.07.27 19:42:26.100,0.70034,0.70054,1.50,1.00
2015.07.27 19:42:26.251,0.70031,0.70052,1.00,1.00
2015.07.27 19:42:26.453,0.7003,0.7005,1.00,1.00
2015.07.27 19:42:26.859,0.70026,0.7005,1.00,1.50
2015.07.27 19:42:29.919,0.70027,0.7005,1.00,2.10
2015.07.27 19:42:30.494,0.70028,0.7005,1.00,2.10
2015.07.27 19:42:32.648,0.70028,0.70051,1.00,1.50
2015.07.27 19:42:34.725,0.7003,0.70051,1.00,1.00
2015.07.27 19:42:37.540,0.7003,0.70052,1.00,1.00
2015.07.27 19:42:49.052,0.70029,0.70052,1.00,1.00
2015.07.27 19:42:49.411,0.70028,0.7005,1.00,1.00
2015.07.27 19:42:55.863,0.70027,0.7005,1.00,1.50
2015.07.27 19:42:55.914,0.70025,0.7005,1.00,1.50
2015.07.27 19:42:55.964,0.70023,0.70046,2.25,1.00
2015.07.27 19:42:57.710,0.70023,0.70047,2.25,1.00
2015.07.27 19:42:57.760,0.70023,0.70049,2.25,1.00
2015.07.27 19:42:58.360,0.70023,0.70048,2.25,1.00
2015.07.27 19:43:03.619,0.70025,0.70048,1.00,1.00
2015.07.27 19:43:04.687,0.70025,0.70049,1.00,1.00
2015.07.27 19:43:08.298,0.70025,0.7005,1.00,2.25
2015.07.27 19:43:08.901,0.70026,0.7005,1.00,1.00
2015.07.27 19:43:09.236,0.7003,0.70053,1.00,1.00
2015.07.27 19:43:09.856,0.70031,0.70053,1.00,1.00
2015.07.27 19:43:11.601,0.7003,0.70053,1.00,1.00
2015.07.27 19:43:12.932,0.70031,0.70053,1.00,1.00
2015.07.27 19:43:13.911,0.7003,0.70053,1.00,1.00
2015.07.27 19:43:14.671,0.70029,0.70053,1.00,1.00
2015.07.27 19:43:21.652,0.70029,0.70051,1.00,1.00
2015.07.27 19:43:38.159,0.70029,0.70049,1.00,1.00
2015.07.27 19:43:38.260,0.70023,0.70047,1.00,1.00
2015.07.27 19:43:38.362,0.70021,0.70047,1.00,1.00
2015.07.27 19:43:38.412,0.70019,0.70045,1.50,1.00
2015.07.27 19:43:39.963,0.70019,0.70044,1.50,1.00
2015.07.27 19:43:42.323,0.70019,0.70043,1.50,1.00
2015.07.27 19:43:44.661,0.70022,0.70045,1.00,1.00
2015.07.27 19:43:44.913,0.70024,0.7005,1.50,1.00
2015.07.27 19:43:44.964,0.70027,0.70051,1.00,1.50
2015.07.27 19:43:59.219,0.70027,0.7005,1.00,1.00
2015.07.27 19:44:00.959,0.70027,0.70049,1.00,1.00
2015.07.27 19:44:01.920,0.70027,0.7005,1.00,1.00
2015.07.27 19:44:06.880,0.70027,0.70049,1.00,1.00
2015.07.27 19:44:07.169,0.70025,0.70049,1.00,1.00
2015.07.27 19:44:07.220,0.70023,0.70049,2.25,1.00
2015.07.27 19:44:10.019,0.70023,0.7005,3.00,1.00
2015.07.27 19:44:10.120,0.70028,0.7005,1.00,1.00
2015.07.27 19:44:16.757,0.70028,0.70052,1.00,1.00
2015.07.27 19:44:17.650,0.70028,0.7005,1.00,1.00
2015.07.27 19:44:19.660,0.70028,0.70049,1.00,1.00
2015.07.27 19:44:20.437,0.70028,0.7005,1.00,1.50
2015.07.27 19:44:20.765,0.70028,0.70045,1.00,1.00
2015.07.27 19:44:20.939,0.70024,0.70045,1.00,1.00
2015.07.27 19:44:23.394,0.70025,0.70045,1.00,1.00
2015.07.27 19:44:24.506,0.70023,0.70045,1.00,1.00
2015.07.27 19:44:24.828,0.70017,0.7004,2.25,1.00
2015.07.27 19:44:26.593,0.70017,0.70041,1.00,1.00
2015.07.27 19:44:26.944,0.70018,0.70044,1.00,1.50
2015.07.27 19:44:27.145,0.70021,0.70044,1.00,1.00
2015.07.27 19:44:27.947,0.70022,0.70044,1.00,1.00
2015.07.27 19:44:28.597,0.70022,0.70045,1.00,1.50
2015.07.27 19:44:33.649,0.70023,0.70045,1.00,1.50
2015.07.27 19:44:37.289,0.70023,0.70043,1.00,1.00
2015.07.27 19:44:37.343,0.70021,0.70043,1.00,1.00
2015.07.27 19:44:37.680,0.70021,0.7004,1.00,1.00
2015.07.27 19:44:37.731,0.70016,0.7004,1.00,1.00
2015.07.27 19:44:37.832,0.70015,0.70036,1.00,1.00
2015.07.27 19:44:37.933,0.70013,0.70036,1.00,1.00
2015.07.27 19:44:38.615,0.70013,0.70035,1.00,1.00
2015.07.27 19:44:39.414,0.70013,0.70034,1.00,1.00
2015.07.27 19:44:39.918,0.70013,0.70035,1.00,1.50
2015.07.27 19:44:40.731,0.70009,0.70034,1.50,1.00
2015.07.27 19:44:41.442,0.7001,0.70034,1.00,1.00
2015.07.27 19:44:42.221,0.70009,0.70034,2.25,1.00
2015.07.27 19:44:45.530,0.7001,0.70034,1.00,1.00
2015.07.27 19:44:45.755,0.70008,0.70034,1.00,1.00
2015.07.27 19:44:46.643,0.70008,0.70035,1.50,3.00
2015.07.27 19:44:48.530,0.70008,0.70033,1.00,1.00
2015.07.27 19:44:50.534,0.70008,0.70032,1.00,1.00
2015.07.27 19:44:55.743,0.70008,0.70033,1.00,1.00
2015.07.27 19:44:56.543,0.70008,0.70034,1.00,1.00
2015.07.27 19:45:02.764,0.70017,0.70038,1.60,2.25
2015.07.27 19:45:02.865,0.70018,0.7004,2.10,1.00
2015.07.27 19:45:02.916,0.70018,0.70043,2.10,1.42
2015.07.27 19:45:02.966,0.7002,0.70045,1.00,2.17
2015.07.27 19:45:03.017,0.7002,0.70045,1.00,1.50
2015.07.27 19:45:04.712,0.70019,0.70045,1.50,1.50
2015.07.27 19:45:04.763,0.70022,0.70045,1.50,1.00
2015.07.27 19:45:04.813,0.70022,0.70047,1.50,1.00
2015.07.27 19:45:04.915,0.70022,0.70049,1.50,1.00
2015.07.27 19:45:07.084,0.70022,0.70048,1.00,1.00
2015.07.27 19:45:07.283,0.70022,0.70045,1.00,1.00
2015.07.27 19:45:08.604,0.70022,0.70046,1.00,1.00
2015.07.27 19:45:10.816,0.70022,0.70048,1.00,1.00
2015.07.27 19:45:11.683,0.70024,0.70048,1.00,1.00
2015.07.27 19:45:11.871,0.70025,0.7005,1.00,1.00
2015.07.27 19:45:11.922,0.70028,0.7005,1.00,1.00
2015.07.27 19:45:12.434,0.70028,0.70051,1.00,1.00
2015.07.27 19:45:16.763,0.70028,0.7005,1.00,1.00
2015.07.27 19:45:23.427,0.70026,0.7005,1.50,1.00
2015.07.27 19:45:33.152,0.70026,0.70052,2.25,1.00
2015.07.27 19:45:35.352,0.70027,0.70052,1.00,1.00
2015.07.27 19:45:36.145,0.70026,0.70052,3.00,1.00
2015.07.27 19:45:37.235,0.70029,0.70054,1.50,1.00
2015.07.27 19:45:43.463,0.70028,0.70054,1.50,1.00
2015.07.27 19:45:51.953,0.70031,0.70055,1.50,1.00
2015.07.27 19:45:52.281,0.70035,0.70057,1.50,1.00
2015.07.27 19:45:52.331,0.70035,0.70061,1.50,2.25
2015.07.27 19:45:53.006,0.70035,0.7006,1.50,1.50
2015.07.27 19:45:54.103,0.70035,0.70061,1.00,1.50
2015.07.27 19:45:56.514,0.70035,0.7006,1.00,1.00
2015.07.27 19:45:57.978,0.70033,0.7006,1.00,1.00
2015.07.27 19:45:58.133,0.70033,0.70058,1.00,1.00
2015.07.27 19:45:58.451,0.70032,0.70055,1.50,1.00
2015.07.27 19:45:59.002,0.70031,0.70054,1.00,1.00
2015.07.27 19:45:59.816,0.70031,0.70053,1.00,1.00
2015.07.27 19:45:59.967,0.70028,0.70051,1.35,1.00
2015.07.27 19:46:00.269,0.7003,0.70051,1.00,1.00
2015.07.27 19:46:00.794,0.7003,0.70052,1.50,1.00
2015.07.27 19:46:03.189,0.7003,0.7005,1.00,1.00
2015.07.27 19:46:03.728,0.70031,0.7005,1.00,1.00
2015.07.27 19:46:10.871,0.70026,0.7005,1.50,1.00
2015.07.27 19:46:12.916,0.70027,0.7005,1.00,1.00
2015.07.27 19:46:21.307,0.7003,0.7005,1.00,1.00
2015.07.27 19:46:30.201,0.7003,0.70049,1.00,1.00
2015.07.27 19:46:31.331,0.70029,0.70049,1.00,1.00
2015.07.27 19:46:31.860,0.70028,0.70049,1.00,1.00
2015.07.27 19:46:32.211,0.70028,0.70047,1.00,1.00
2015.07.27 19:46:32.312,0.70026,0.70047,1.00,1.00
2015.07.27 19:46:37.235,0.70026,0.70046,1.00,1.00
2015.07.27 19:46:39.948,0.70022,0.70046,1.50,1.00
2015.07.27 19:46:40.508,0.70022,0.70045,1.50,1.00
2015.07.27 19:46:41.396,0.70022,0.70044,1.00,1.00
2015.07.27 19:46:41.543,0.70019,0.70044,1.50,1.00
2015.07.27 19:46:41.644,0.70021,0.70044,1.00,1.00
2015.07.27 19:46:47.071,0.70021,0.70043,1.00,1.00
2015.07.27 19:46:47.581,0.70022,0.70043,1.00,1.00
2015.07.27 19:47:03.488,0.70021,0.70043,1.50,1.00
2015.07.27 19:47:23.512,0.70023,0.70043,1.00,1.00
2015.07.27 19:47:26.540,0.70023,0.70044,1.00,1.00
2015.07.27 19:47:28.171,0.70023,0.70039,1.00,1.00
2015.07.27 19:47:28.322,0.70016,0.70038,1.00,1.00
2015.07.27 19:47:28.373,0.70016,0.70033,1.00,1.00
2015.07.27 19:47:28.423,0.70013,0.70033,1.00,1.00
2015.07.27 19:47:40.909,0.70009,0.70033,1.00,1.50
2015.07.27 19:47:40.960,0.70009,0.70031,1.00,1.00
2015.07.27 19:47:41.262,0.70003,0.70024,1.00,1.00
2015.07.27 19:47:41.313,0.70001,0.70024,1.00,1.00
2015.07.27 19:47:41.414,0.70003,0.70024,1.00,1.50
2015.07.27 19:47:43.496,0.70003,0.70023,1.00,1.00
2015.07.27 19:47:48.108,0.70003,0.70021,1.00,1.00
2015.07.27 19:47:48.158,0.7,0.70021,1.00,1.00
2015.07.27 19:47:48.209,0.7,0.70019,1.00,1.00
2015.07.27 19:47:48.260,0.69995,0.70019,1.00,1.00
2015.07.27 19:47:48.779,0.69994,0.70019,1.00,1.50
2015.07.27 19:47:50.761,0.69994,0.70018,1.00,1.00
2015.07.27 19:47:51.416,0.69994,0.70017,1.00,1.00
2015.07.27 19:47:55.153,0.69994,0.70015,1.00,1.00
2015.07.27 19:48:00.270,0.6999,0.70015,1.50,1.00
2015.07.27 19:48:05.439,0.69992,0.70015,1.00,1.00
2015.07.27 19:48:05.959,0.69993,0.70015,1.00,1.00
2015.07.27 19:48:13.786,0.69993,0.70017,1.00,1.00
2015.07.27 19:48:28.590,0.69993,0.70018,1.00,1.00
2015.07.27 19:48:35.396,0.6999,0.70015,1.50,1.00
2015.07.27 19:48:35.598,0.69988,0.70015,1.00,2.25
2015.07.27 19:48:35.956,0.6999,0.70015,1.00,1.00
2015.07.27 19:48:36.515,0.6999,0.70016,1.00,1.00
2015.07.27 19:48:37.550,0.6999,0.70017,1.00,1.50
2015.07.27 19:48:38.208,0.69989,0.70016,2.25,1.00
2015.07.27 19:48:38.658,0.69989,0.70013,1.00,1.00
2015.07.27 19:48:38.709,0.69987,0.70013,2.25,1.50
2015.07.27 19:48:39.217,0.69987,0.70012,1.50,1.00
2015.07.27 19:48:40.859,0.69988,0.70012,1.00,1.00
2015.07.27 19:48:41.408,0.69988,0.70013,1.00,1.00
2015.07.27 19:48:44.660,0.69987,0.70013,1.00,1.50
2015.07.27 19:48:45.222,0.69987,0.70012,1.00,1.00
2015.07.27 19:48:50.047,0.69987,0.70013,1.00,1.50
2015.07.27 19:49:03.137,0.69987,0.70012,1.00,1.00
2015.07.27 19:49:05.778,0.69989,0.70012,1.00,1.00
2015.07.27 19:49:06.176,0.69987,0.70012,1.00,1.00
2015.07.27 19:49:16.012,0.69987,0.70013,1.00,1.50
2015.07.27 19:49:20.946,0.69988,0.70013,1.00,1.50
2015.07.27 19:49:22.291,0.6999,0.70014,1.00,1.00
2015.07.27 19:49:22.392,0.69992,0.70017,1.00,1.00
2015.07.27 19:49:22.928,0.69993,0.70017,1.00,1.00
2015.07.27 19:49:25.920,0.69993,0.70018,1.00,1.00
2015.07.27 19:49:32.109,0.69993,0.70017,1.50,1.00
2015.07.27 19:49:39.779,0.69993,0.70018,1.50,1.00
2015.07.27 19:49:41.018,0.69992,0.70017,1.50,1.00
2015.07.27 19:49:41.219,0.69993,0.70019,1.00,1.50
2015.07.27 19:49:41.384,0.69997,0.70019,1.00,1.00
2015.07.27 19:49:41.435,0.69997,0.70023,1.00,1.00
2015.07.27 19:49:41.678,0.69995,0.70022,1.00,1.00
2015.07.27 19:49:41.830,0.69995,0.7002,1.00,1.00
2015.07.27 19:49:42.137,0.7,0.70025,1.00,1.00
2015.07.27 19:49:42.438,0.70003,0.70025,1.00,1.00
2015.07.27 19:49:42.638,0.7,0.70025,1.50,1.00
2015.07.27 19:49:43.879,0.70005,0.70025,1.00,1.00
2015.07.27 19:49:44.295,0.70004,0.70027,1.50,1.00
2015.07.27 19:49:44.822,0.70004,0.70025,1.00,1.00
2015.07.27 19:49:46.059,0.70003,0.70025,1.50,1.00
2015.07.27 19:49:47.429,0.70002,0.70028,1.00,1.00
2015.07.27 19:49:47.480,0.7,0.70029,1.50,1.50
2015.07.27 19:49:47.531,0.7,0.70025,1.00,1.00
2015.07.27 19:49:47.833,0.7,0.70021,1.00,1.50
2015.07.27 19:49:48.135,0.7,0.70023,1.00,1.00
2015.07.27 19:49:48.480,0.70002,0.70024,1.00,1.00
2015.07.27 19:49:51.998,0.70001,0.70024,1.00,1.00
2015.07.27 19:49:53.292,0.70002,0.70024,1.00,1.00
2015.07.27 19:49:53.907,0.70003,0.70024,1.00,1.00
2015.07.27 19:49:54.008,0.70001,0.70024,1.00,1.00
2015.07.27 19:49:54.225,0.70003,0.70024,1.00,1.00
2015.07.27 19:49:54.326,0.70001,0.70024,1.00,1.00
2015.07.27 19:49:55.196,0.70002,0.70024,1.00,1.00
2015.07.27 19:49:55.297,0.7,0.70024,1.50,1.00
2015.07.27 19:49:55.977,0.70001,0.70024,1.00,1.00
2015.07.27 19:49:56.505,0.70002,0.70024,1.00,1.00
2015.07.27 19:49:57.925,0.70002,0.70025,1.00,1.00
2015.07.27 19:49:58.671,0.70003,0.70025,1.00,1.00
2015.07.27 19:50:00.895,0.70005,0.70026,1.00,1.00
2015.07.27 19:50:01.429,0.70005,0.70027,1.50,1.00
2015.07.27 19:50:02.432,0.70005,0.70028,1.50,1.00
2015.07.27 19:50:02.791,0.70008,0.70027,1.00,1.00
2015.07.27 19:50:02.892,0.70008,0.70029,1.00,1.00
2015.07.27 19:50:06.724,0.70008,0.70028,1.00,1.00
2015.07.27 19:50:07.261,0.70009,0.70028,1.00,1.00
2015.07.27 19:50:07.502,0.70007,0.70027,1.00,1.00
2015.07.27 19:50:08.037,0.70006,0.70027,1.00,1.00
2015.07.27 19:50:09.254,0.70006,0.70026,1.00,1.00
2015.07.27 19:50:11.618,0.70011,0.70026,1.00,1.00
2015.07.27 19:50:11.719,0.70012,0.70029,1.00,1.00
2015.07.27 19:50:11.819,0.70012,0.70034,1.00,1.00
2015.07.27 19:50:11.870,0.70015,0.70034,1.00,1.00
2015.07.27 19:50:11.921,0.70015,0.70037,1.50,1.00
2015.07.27 19:50:12.507,0.70016,0.70038,1.00,1.00
2015.07.27 19:50:18.829,0.70016,0.70039,1.00,1.00
2015.07.27 19:50:20.147,0.70018,0.70039,1.00,1.00
2015.07.27 19:50:21.352,0.70018,0.70038,1.00,1.00
2015.07.27 19:50:25.431,0.70018,0.70037,1.00,1.00
2015.07.27 19:50:27.733,0.70018,0.70038,1.00,1.00
2015.07.27 19:50:32.682,0.70018,0.70039,1.00,1.00
2015.07.27 19:50:33.235,0.70018,0.7004,1.00,1.00
2015.07.27 19:50:36.642,0.70018,0.70042,1.00,1.00
2015.07.27 19:50:40.195,0.70018,0.70043,1.00,1.00
2015.07.27 19:50:43.364,0.70018,0.70041,1.00,1.00
2015.07.27 19:50:47.909,0.70018,0.7004,1.00,1.00
2015.07.27 19:51:03.374,0.70018,0.70042,1.00,1.00
2015.07.27 19:51:03.921,0.70018,0.70041,1.00,1.00
2015.07.27 19:51:05.395,0.70023,0.70041,1.00,1.00
2015.07.27 19:51:05.697,0.70025,0.70042,1.00,1.00
2015.07.27 19:51:05.798,0.70025,0.70044,1.00,1.00
2015.07.27 19:51:06.339,0.70026,0.70045,1.00,1.00
2015.07.27 19:51:06.842,0.70026,0.70046,1.00,1.00
2015.07.27 19:51:12.608,0.70025,0.70046,1.00,1.00
2015.07.27 19:51:13.152,0.70025,0.70047,1.00,1.00
2015.07.27 19:51:14.968,0.70022,0.70045,1.00,1.00
2015.07.27 19:51:15.069,0.70021,0.70041,1.00,1.00
2015.07.27 19:51:15.170,0.70021,0.70043,1.00,1.00
2015.07.27 19:51:15.472,0.70022,0.70045,1.00,1.00
2015.07.27 19:51:16.021,0.70024,0.70045,1.00,1.00
2015.07.27 19:51:16.556,0.70024,0.70046,1.00,1.00
2015.07.27 19:51:19.184,0.70025,0.70046,1.00,1.00
2015.07.27 19:51:25.184,0.70024,0.70046,1.00,1.00
2015.07.27 19:51:29.671,0.70024,0.70047,1.00,1.00
2015.07.27 19:51:30.222,0.70023,0.70046,1.50,1.00
2015.07.27 19:51:30.723,0.70024,0.70047,1.00,1.00
2015.07.27 19:51:33.078,0.70023,0.70047,1.00,1.00
2015.07.27 19:51:37.390,0.70023,0.70048,1.00,1.00
2015.07.27 19:51:39.011,0.70023,0.70047,1.00,1.00
2015.07.27 19:51:43.487,0.70022,0.70047,1.50,1.00
2015.07.27 19:51:49.241,0.70022,0.70048,1.50,1.00
2015.07.27 19:51:49.781,0.70023,0.70048,1.00,1.00
2015.07.27 19:51:54.983,0.70023,0.70047,1.00,1.00
2015.07.27 19:51:55.529,0.70024,0.70047,1.00,1.00
2015.07.27 19:52:03.359,0.70024,0.70048,1.00,1.00
2015.07.27 19:52:05.108,0.70024,0.70047,1.00,1.00
2015.07.27 19:52:07.620,0.70024,0.70045,1.00,1.00
2015.07.27 19:52:07.721,0.70018,0.70043,1.00,1.00
2015.07.27 19:52:10.151,0.70018,0.70042,1.00,1.00
2015.07.27 19:52:10.789,0.70017,0.70042,1.50,1.00
2015.07.27 19:52:11.720,0.70017,0.70041,1.50,1.00
2015.07.27 19:52:12.365,0.70018,0.70041,1.00,1.00
2015.07.27 19:52:12.930,0.70017,0.70042,1.00,1.00
2015.07.27 19:52:13.549,0.70017,0.70041,1.50,1.00
2015.07.27 19:52:15.958,0.70018,0.70041,1.00,1.00
2015.07.27 19:52:17.609,0.70016,0.7004,1.00,2.25
2015.07.27 19:52:17.660,0.70013,0.7004,1.00,3.00
2015.07.27 19:52:17.761,0.70012,0.70035,1.00,1.00
2015.07.27 19:52:18.265,0.70011,0.70035,1.00,1.00
2015.07.27 19:52:19.060,0.70011,0.70034,1.00,1.00
2015.07.27 19:52:19.440,0.70009,0.70034,1.50,1.00
2015.07.27 19:52:19.490,0.70009,0.70032,1.00,1.00
2015.07.27 19:52:19.793,0.70012,0.70035,1.00,1.00
2015.07.27 19:52:20.045,0.70014,0.7004,1.00,1.00
2015.07.27 19:52:20.236,0.70016,0.7004,1.00,1.00
2015.07.27 19:52:20.773,0.70016,0.70039,1.00,1.00
2015.07.27 19:52:20.874,0.70014,0.70038,1.50,1.00
2015.07.27 19:52:21.172,0.70014,0.7004,1.00,1.50
2015.07.27 19:52:21.273,0.70016,0.70038,1.00,1.00
2015.07.27 19:52:21.374,0.70013,0.70038,1.00,1.50
2015.07.27 19:52:21.476,0.70011,0.70037,1.00,1.50
2015.07.27 19:52:21.705,0.7001,0.70033,1.00,1.00
2015.07.27 19:52:22.031,0.70012,0.70036,1.00,2.25
2015.07.27 19:52:22.283,0.70013,0.70038,1.00,1.50
2015.07.27 19:52:22.430,0.70015,0.70038,1.00,1.50
2015.07.27 19:52:23.883,0.70015,0.7004,1.00,1.50
2015.07.27 19:52:24.769,0.70015,0.70039,1.00,1.00
2015.07.27 19:52:26.131,0.70015,0.70038,1.00,1.00
2015.07.27 19:52:26.629,0.70012,0.70037,1.00,1.00
2015.07.27 19:52:26.680,0.70009,0.70035,1.00,1.00
2015.07.27 19:52:26.893,0.7001,0.70037,1.00,1.00
2015.07.27 19:52:27.232,0.70011,0.70035,1.00,1.00
2015.07.27 19:52:28.975,0.70011,0.70033,1.00,1.00
2015.07.27 19:52:29.076,0.70009,0.70033,1.00,1.00
2015.07.27 19:52:29.177,0.70008,0.70031,1.00,1.00
2015.07.27 19:52:29.328,0.70005,0.7003,1.50,1.00
2015.07.27 19:52:29.530,0.70004,0.70027,1.00,1.00
2015.07.27 19:52:32.867,0.70005,0.70027,1.00,1.00
2015.07.27 19:52:33.424,0.70004,0.70026,1.00,1.00
2015.07.27 19:52:34.724,0.70006,0.70026,1.00,1.00
2015.07.27 19:52:34.825,0.70001,0.70027,1.00,1.50
2015.07.27 19:52:34.926,0.70001,0.70025,1.00,1.50
2015.07.27 19:52:35.906,0.70001,0.70024,1.00,1.00
2015.07.27 19:52:37.422,0.7,0.70024,1.50,1.00
2015.07.27 19:52:38.190,0.7,0.70025,1.50,1.00
2015.07.27 19:52:41.324,0.70002,0.70025,1.00,1.00
2015.07.27 19:52:41.893,0.70001,0.70025,1.00,1.00
2015.07.27 19:52:42.211,0.70003,0.70026,1.00,1.00
2015.07.27 19:52:42.516,0.70005,0.70031,1.00,2.25
2015.07.27 19:52:43.029,0.70006,0.70032,1.00,1.50
2015.07.27 19:52:43.570,0.70007,0.70032,1.00,1.00
2015.07.27 19:52:44.074,0.70007,0.70033,1.00,1.50
2015.07.27 19:52:44.680,0.70007,0.70032,1.00,1.00
2015.07.27 19:52:45.278,0.70007,0.70031,1.00,1.00
2015.07.27 19:52:45.429,0.70007,0.70031,1.60,1.00
2015.07.27 19:52:45.581,0.7001,0.70034,2.25,1.00
2015.07.27 19:52:45.732,0.70011,0.70037,1.00,1.00
2015.07.27 19:52:46.282,0.7001,0.70037,2.25,1.50
2015.07.27 19:52:47.687,0.7001,0.70035,2.25,1.00
2015.07.27 19:52:50.179,0.7001,0.70036,1.50,2.25
2015.07.27 19:52:50.713,0.7001,0.70035,1.50,1.00
2015.07.27 19:52:53.502,0.70013,0.70035,1.00,1.00
2015.07.27 19:52:56.082,0.70011,0.70035,1.00,1.50
2015.07.27 19:53:02.325,0.70011,0.70036,1.00,1.00
2015.07.27 19:53:04.729,0.70012,0.70036,1.00,1.00
2015.07.27 19:53:06.919,0.70012,0.70037,1.50,1.00
2015.07.27 19:53:08.221,0.70012,0.70038,2.25,1.00
2015.07.27 19:53:08.272,0.70014,0.70038,1.00,1.00
2015.07.27 19:53:12.239,0.70015,0.70038,1.00,1.00
2015.07.27 19:53:12.935,0.70015,0.70039,1.50,1.00
2015.07.27 19:53:20.247,0.70015,0.70038,2.25,1.00
2015.07.27 19:53:31.315,0.70014,0.70038,1.50,1.00
2015.07.27 19:53:37.333,0.70015,0.70038,1.00,1.00
2015.07.27 19:53:37.384,0.70015,0.7004,1.00,1.50
2015.07.27 19:53:37.918,0.70014,0.70039,1.50,1.00
2015.07.27 19:53:38.425,0.70015,0.70039,1.00,1.00
2015.07.27 19:53:41.807,0.70015,0.7004,1.00,1.50
2015.07.27 19:53:46.199,0.70015,0.70041,1.50,2.25
2015.07.27 19:53:52.860,0.70017,0.70041,1.00,1.00
2015.07.27 19:53:53.367,0.70017,0.70042,1.50,1.00
2015.07.27 19:54:02.492,0.70019,0.70042,1.00,1.00
2015.07.27 19:54:02.552,0.70017,0.70042,1.50,1.00
2015.07.27 19:54:07.134,0.70017,0.70043,1.50,1.00
2015.07.27 19:54:08.057,0.70017,0.70042,1.50,1.00
2015.07.27 19:54:13.783,0.70017,0.70039,1.00,1.00
2015.07.27 19:54:14.378,0.70016,0.70039,1.00,1.00
2015.07.27 19:54:15.207,0.70016,0.70038,1.00,1.00
2015.07.27 19:54:15.501,0.70012,0.70037,1.00,1.00
2015.07.27 19:54:16.006,0.70012,0.70036,1.00,1.00
2015.07.27 19:54:19.056,0.70012,0.70035,1.00,1.00
2015.07.27 19:54:19.654,0.70013,0.70036,1.00,1.00
2015.07.27 19:54:23.505,0.70012,0.70037,1.00,1.50
2015.07.27 19:54:23.606,0.70012,0.70035,1.00,1.00
2015.07.27 19:54:24.962,0.70012,0.70037,1.00,1.00
2015.07.27 19:54:25.473,0.70013,0.70037,1.00,1.00
2015.07.27 19:54:29.976,0.70013,0.70038,1.00,1.50
2015.07.27 19:54:30.176,0.70018,0.70039,1.00,1.00
2015.07.27 19:54:30.369,0.70016,0.7004,1.50,1.00
2015.07.27 19:54:30.930,0.70014,0.7004,1.00,1.50
2015.07.27 19:54:32.042,0.70014,0.70039,1.00,1.00
2015.07.27 19:54:35.680,0.70013,0.70039,1.00,1.00
2015.07.27 19:54:36.436,0.70013,0.7004,1.00,1.50
2015.07.27 19:54:36.942,0.70013,0.70039,1.50,1.00
2015.07.27 19:54:36.992,0.70013,0.70037,1.50,1.00
2015.07.27 19:54:37.093,0.70011,0.70037,1.00,1.50
2015.07.27 19:54:37.598,0.7001,0.70036,1.50,1.00
2015.07.27 19:54:38.127,0.7001,0.70035,1.00,1.50
2015.07.27 19:54:39.449,0.7001,0.70034,1.00,1.00
2015.07.27 19:54:40.000,0.7001,0.70035,1.00,1.00
2015.07.27 19:54:42.158,0.7001,0.70036,1.00,1.50
2015.07.27 19:54:48.477,0.70011,0.70035,1.00,1.00
2015.07.27 19:54:48.629,0.70011,0.70037,1.00,1.50
2015.07.27 19:54:49.841,0.70011,0.70036,1.00,1.00
2015.07.27 19:54:51.685,0.70011,0.70035,1.00,1.00
2015.07.27 19:54:52.229,0.7001,0.70035,1.00,1.00
2015.07.27 19:54:52.717,0.70012,0.70035,1.00,1.00
2015.07.27 19:54:56.388,0.70012,0.70037,1.00,1.50
2015.07.27 19:54:57.038,0.70012,0.70036,1.00,1.00
2015.07.27 19:54:57.575,0.70012,0.70037,1.00,1.50
2015.07.27 19:54:58.244,0.7001,0.70035,1.50,1.00
2015.07.27 19:55:00.214,0.70008,0.70033,1.50,1.00
2015.07.27 19:55:01.435,0.70009,0.70033,1.00,1.50
2015.07.27 19:55:03.505,0.70009,0.70034,1.50,1.00
2015.07.27 19:55:05.159,0.70009,0.70035,1.50,1.00
2015.07.27 19:55:05.660,0.7001,0.70036,1.00,1.50
2015.07.27 19:55:06.017,0.70008,0.70035,1.00,3.75
2015.07.27 19:55:06.168,0.70008,0.70032,1.00,1.00
2015.07.27 19:55:06.713,0.70009,0.70032,1.00,1.00
2015.07.27 19:55:12.769,0.70008,0.70034,1.00,1.50
2015.07.27 19:55:13.229,0.70008,0.70032,1.00,1.00
2015.07.27 19:55:16.735,0.70008,0.7003,1.00,1.00
2015.07.27 19:55:17.251,0.70008,0.70031,1.00,1.00
2015.07.27 19:55:17.553,0.7001,0.70032,1.00,1.00
2015.07.27 19:55:18.088,0.7001,0.70033,1.00,1.00
2015.07.27 19:55:18.589,0.7001,0.70032,1.00,1.00
2015.07.27 19:55:19.125,0.7001,0.7003,1.00,1.00
2015.07.27 19:55:19.427,0.7001,0.70026,1.00,1.00
2015.07.27 19:55:19.477,0.7001,0.70029,1.00,1.00
2015.07.27 19:55:19.578,0.7001,0.70031,1.00,1.00
2015.07.27 19:55:20.274,0.70009,0.70031,1.00,1.00
2015.07.27 19:55:25.364,0.7001,0.70031,1.00,1.00
2015.07.27 19:55:25.925,0.70009,0.70031,1.00,1.00
2015.07.27 19:55:26.585,0.70009,0.70032,1.00,1.00
2015.07.27 19:55:26.947,0.70009,0.7003,1.00,1.00
2015.07.27 19:55:27.487,0.7001,0.7003,1.00,1.00
2015.07.27 19:55:36.799,0.7001,0.70028,1.00,1.00
2015.07.27 19:55:38.668,0.70005,0.70028,1.50,1.00
2015.07.27 19:55:40.061,0.70005,0.70029,1.50,1.50
2015.07.27 19:55:42.065,0.7001,0.70029,1.00,1.50
2015.07.27 19:55:42.600,0.7001,0.7003,1.00,1.50
2015.07.27 19:55:43.487,0.7001,0.70029,1.00,1.00
2015.07.27 19:55:45.725,0.70005,0.7003,1.00,1.50
2015.07.27 19:55:45.826,0.7001,0.70031,1.00,1.50
2015.07.27 19:55:48.164,0.7001,0.7003,1.00,1.00
2015.07.27 19:55:49.400,0.7001,0.70029,1.00,1.00
2015.07.27 19:55:49.666,0.70005,0.70029,1.50,1.00
2015.07.27 19:55:50.051,0.70005,0.70027,1.50,1.00
2015.07.27 19:55:54.017,0.70005,0.70029,1.50,1.50
2015.07.27 19:56:00.075,0.70005,0.70028,1.50,1.00
2015.07.27 19:56:04.554,0.70005,0.70029,1.50,1.50
2015.07.27 19:56:05.448,0.70006,0.70029,1.00,1.00
2015.07.27 19:56:05.975,0.70007,0.7003,1.00,1.00
2015.07.27 19:56:06.518,0.70008,0.70031,1.00,1.00
2015.07.27 19:56:09.536,0.70008,0.70032,1.00,1.00
2015.07.27 19:56:09.637,0.7001,0.70033,1.00,1.00
2015.07.27 19:56:10.182,0.7001,0.70032,1.00,1.00
2015.07.27 19:56:10.746,0.7001,0.70034,1.50,1.00
2015.07.27 19:56:11.415,0.7001,0.70033,1.50,1.00
2015.07.27 19:56:11.965,0.70009,0.70032,1.00,1.00
2015.07.27 19:56:12.492,0.7001,0.70031,1.00,1.00
2015.07.27 19:56:12.693,0.7001,0.70033,1.00,1.50
2015.07.27 19:56:14.564,0.7001,0.70032,1.00,1.00
2015.07.27 19:56:15.114,0.7001,0.70031,1.00,1.00
2015.07.27 19:56:19.323,0.7001,0.70032,1.00,1.00
2015.07.27 19:56:33.924,0.7001,0.70033,1.00,1.00
2015.07.27 19:56:34.663,0.7001,0.70032,1.00,1.00
2015.07.27 19:56:36.565,0.7001,0.70033,1.00,1.00
2015.07.27 19:56:36.666,0.70008,0.70033,1.50,1.00
2015.07.27 19:56:36.716,0.70008,0.70031,1.50,1.00
2015.07.27 19:56:37.805,0.70008,0.7003,1.00,1.00
2015.07.27 19:56:39.203,0.70008,0.70031,1.00,1.00
2015.07.27 19:56:41.794,0.7001,0.70031,1.00,1.00
2015.07.27 19:56:42.319,0.7001,0.70032,1.00,1.00
2015.07.27 19:56:42.648,0.70015,0.70037,1.50,1.00
2015.07.27 19:56:42.699,0.70015,0.70039,1.50,1.50
2015.07.27 19:56:42.868,0.70017,0.70039,1.00,1.00
2015.07.27 19:56:43.713,0.70017,0.70042,1.00,1.00
2015.07.27 19:56:43.866,0.70017,0.70038,1.00,1.00
2015.07.27 19:56:44.733,0.70017,0.7004,1.00,1.00
2015.07.27 19:56:51.997,0.70015,0.7004,1.50,1.50
2015.07.27 19:56:52.098,0.70015,0.70038,1.50,1.00
2015.07.27 19:56:52.713,0.70015,0.70039,1.50,1.00
2015.07.27 19:57:00.132,0.70015,0.70038,1.50,1.00
2015.07.27 19:57:00.448,0.70017,0.70039,1.00,1.00
2015.07.27 19:57:00.751,0.70019,0.70041,1.00,1.00
2015.07.27 19:57:01.401,0.7002,0.70042,1.00,1.00
2015.07.27 19:57:03.397,0.70017,0.70042,1.00,1.00
2015.07.27 19:57:04.042,0.70017,0.70041,1.00,1.00
2015.07.27 19:57:06.738,0.70017,0.70042,1.00,1.00
2015.07.27 19:57:06.789,0.70021,0.70042,1.00,1.00
2015.07.27 19:57:07.324,0.70021,0.70043,1.00,1.00
2015.07.27 19:57:08.074,0.70021,0.70044,1.00,1.50
2015.07.27 19:57:09.584,0.70021,0.70046,1.00,1.00
2015.07.27 19:57:10.112,0.70021,0.70047,1.00,1.50
2015.07.27 19:57:10.224,0.70021,0.70044,1.00,1.00
2015.07.27 19:57:13.214,0.7002,0.70044,1.50,1.00
2015.07.27 19:57:13.917,0.70021,0.70044,1.00,1.00
2015.07.27 19:57:14.675,0.7002,0.70044,1.50,1.00
2015.07.27 19:57:15.892,0.70021,0.70044,1.00,1.00
2015.07.27 19:57:16.462,0.70022,0.70044,1.00,1.00
2015.07.27 19:57:21.461,0.7002,0.70043,1.00,1.00
2015.07.27 19:57:24.172,0.70019,0.70043,1.00,1.50
2015.07.27 19:57:25.072,0.70019,0.70042,1.00,1.00
2015.07.27 19:57:27.138,0.7002,0.70042,1.00,1.00
2015.07.27 19:57:27.740,0.70021,0.70042,1.00,1.00
2015.07.27 19:57:31.217,0.70019,0.70042,1.00,1.00
2015.07.27 19:57:31.886,0.70019,0.70041,1.00,1.00
2015.07.27 19:57:32.928,0.70019,0.7004,1.00,1.00
2015.07.27 19:57:33.258,0.70017,0.7004,1.00,1.00
2015.07.27 19:57:33.359,0.70017,0.70038,1.00,1.00
2015.07.27 19:57:33.880,0.70014,0.70037,2.10,2.25
2015.07.27 19:57:35.125,0.70012,0.70036,1.60,1.00
2015.07.27 19:57:35.451,0.70015,0.70034,1.00,1.00
2015.07.27 19:57:36.792,0.70012,0.70034,1.00,1.00
2015.07.27 19:57:37.269,0.70015,0.70034,1.00,1.00
2015.07.27 19:57:37.420,0.70015,0.70036,1.00,1.00
2015.07.27 19:57:38.162,0.70015,0.70037,1.00,1.00
2015.07.27 19:57:40.312,0.70012,0.70037,1.00,1.00
2015.07.27 19:57:41.608,0.70012,0.70038,1.00,1.50
2015.07.27 19:57:43.318,0.70011,0.70037,1.50,1.00
2015.07.27 19:57:43.369,0.70011,0.70035,1.50,1.00
2015.07.27 19:57:45.221,0.70012,0.70035,1.00,1.00
2015.07.27 19:57:49.602,0.70012,0.70034,1.00,1.00
2015.07.27 19:57:50.737,0.7001,0.70034,2.25,1.00
2015.07.27 19:57:52.133,0.7001,0.70033,1.50,1.00
2015.07.27 19:57:55.891,0.7001,0.70034,1.50,1.00
2015.07.27 19:57:56.579,0.7001,0.70035,1.50,1.00
2015.07.27 19:57:57.185,0.7001,0.70034,2.25,1.00
2015.07.27 19:57:57.793,0.70011,0.70035,1.35,1.00
2015.07.27 19:57:58.462,0.70011,0.70036,1.35,1.00
2015.07.27 19:57:59.061,0.70011,0.70035,1.35,1.00
2015.07.27 19:57:59.598,0.70011,0.70036,1.35,1.00
2015.07.27 19:58:00.107,0.70013,0.70036,1.00,1.00
2015.07.27 19:58:02.031,0.70014,0.70036,1.00,1.00
2015.07.27 19:58:02.407,0.70013,0.70034,1.00,1.00
2015.07.27 19:58:06.571,0.70013,0.70035,1.00,1.00
2015.07.27 19:58:08.448,0.70013,0.70032,1.00,1.00
2015.07.27 19:58:09.394,0.70012,0.70032,1.00,1.00
2015.07.27 19:58:09.445,0.70012,0.70034,1.00,1.00
2015.07.27 19:58:09.646,0.70011,0.70032,1.35,1.00
2015.07.27 19:58:09.948,0.70015,0.70032,1.00,1.00
2015.07.27 19:58:10.458,0.70015,0.70031,1.00,1.00
2015.07.27 19:58:10.798,0.7001,0.7003,2.10,1.00
2015.07.27 19:58:11.612,0.7001,0.70029,1.50,1.00
2015.07.27 19:58:12.153,0.70011,0.7003,1.00,1.00
2015.07.27 19:58:13.818,0.70011,0.70036,1.00,1.00
2015.07.27 19:58:14.394,0.70012,0.70036,1.00,1.00
2015.07.27 19:58:17.725,0.70015,0.70036,1.00,1.00
2015.07.27 19:58:18.159,0.70012,0.70036,1.00,1.00
2015.07.27 19:58:18.262,0.70014,0.70036,1.00,1.00
2015.07.27 19:58:18.733,0.70012,0.70036,1.00,1.00
2015.07.27 19:58:19.692,0.70015,0.70036,1.00,1.00
2015.07.27 19:58:23.145,0.70014,0.70036,1.00,1.00
2015.07.27 19:58:23.717,0.70014,0.70037,1.00,1.00
2015.07.27 19:58:24.280,0.70014,0.70038,1.00,1.00
2015.07.27 19:58:25.560,0.70012,0.70038,1.00,1.00
2015.07.27 19:58:27.878,0.70011,0.70038,1.00,1.50
2015.07.27 19:58:28.467,0.70011,0.70037,1.50,1.00
2015.07.27 19:58:36.182,0.70013,0.70038,1.00,1.00
2015.07.27 19:58:36.384,0.70015,0.70042,1.50,1.50
2015.07.27 19:58:37.646,0.70015,0.70041,1.00,1.00
2015.07.27 19:58:42.947,0.70016,0.70041,1.00,1.00
2015.07.27 19:58:43.808,0.70017,0.70041,1.00,1.00
2015.07.27 19:58:45.816,0.70016,0.70041,1.00,1.00
2015.07.27 19:58:46.451,0.70016,0.7004,1.00,1.00
2015.07.27 19:58:46.707,0.70014,0.7004,1.50,1.50
2015.07.27 19:58:47.890,0.70015,0.7004,1.50,1.00
2015.07.27 19:58:48.208,0.70017,0.7004,1.00,1.00
2015.07.27 19:58:48.259,0.70017,0.70042,1.00,1.00
2015.07.27 19:58:48.398,0.70018,0.70044,1.00,1.50
2015.07.27 19:58:48.449,0.7002,0.70044,1.00,1.50
2015.07.27 19:58:48.601,0.70021,0.70046,1.00,1.00
2015.07.27 19:58:49.098,0.70022,0.70049,1.50,2.25
2015.07.27 19:58:51.950,0.70025,0.70049,1.00,1.00
2015.07.27 19:58:52.001,0.70027,0.70052,1.00,2.25
2015.07.27 19:58:52.318,0.7003,0.70054,1.00,1.00
2015.07.27 19:58:52.825,0.7003,0.70055,1.50,1.00
2015.07.27 19:58:53.313,0.7003,0.70057,1.00,1.00
2015.07.27 19:58:53.364,0.70035,0.70057,1.00,1.00
2015.07.27 19:58:53.878,0.70034,0.70058,1.00,2.25
2015.07.27 19:58:54.389,0.70035,0.70059,1.00,1.00
2015.07.27 19:58:55.560,0.70035,0.7006,1.00,1.50
2015.07.27 19:58:58.578,0.70035,0.70059,1.00,1.00
2015.07.27 19:59:00.391,0.70033,0.70059,1.50,1.00
2015.07.27 19:59:01.284,0.70034,0.7006,1.00,1.00
2015.07.27 19:59:02.256,0.70034,0.70059,1.00,1.00
2015.07.27 19:59:02.769,0.70033,0.70059,1.00,1.00
2015.07.27 19:59:03.131,0.70032,0.70057,1.00,1.00
2015.07.27 19:59:05.190,0.70032,0.70059,1.50,1.50
2015.07.27 19:59:05.880,0.70034,0.70059,1.00,1.00
2015.07.27 19:59:06.428,0.70033,0.70059,1.00,1.50
2015.07.27 19:59:12.820,0.70035,0.70059,1.00,1.00
2015.07.27 19:59:14.502,0.70033,0.70059,1.50,1.00
2015.07.27 19:59:16.010,0.70035,0.70059,1.00,1.00
2015.07.27 19:59:16.558,0.70035,0.70058,1.50,1.00
2015.07.27 19:59:18.464,0.70034,0.70058,1.50,1.00
2015.07.27 19:59:18.716,0.70036,0.70061,1.00,1.00
2015.07.27 19:59:19.218,0.70036,0.7006,1.50,1.00
2015.07.27 19:59:20.612,0.70036,0.70061,1.00,1.00
2015.07.27 19:59:21.240,0.70036,0.70062,1.50,1.50
2015.07.27 19:59:22.345,0.70036,0.70061,1.00,1.00
2015.07.27 19:59:23.533,0.70035,0.70061,2.25,1.50
2015.07.27 19:59:24.050,0.70035,0.7006,1.50,1.00
2015.07.27 19:59:24.236,0.70035,0.70058,1.00,1.00
2015.07.27 19:59:24.804,0.70034,0.70058,1.00,1.50
2015.07.27 19:59:25.411,0.70033,0.70058,1.00,1.50
2015.07.27 19:59:29.503,0.70033,0.70056,1.00,1.00
2015.07.27 19:59:30.141,0.70033,0.70057,1.00,1.00
2015.07.27 19:59:30.835,0.70034,0.70057,1.00,1.00
2015.07.27 19:59:33.435,0.70033,0.70057,1.50,1.00
2015.07.27 19:59:34.755,0.70035,0.70057,1.00,1.00
2015.07.27 19:59:35.316,0.70035,0.70058,1.00,1.00
2015.07.27 19:59:35.873,0.70035,0.70059,1.00,1.00
2015.07.27 19:59:38.296,0.70035,0.70057,1.50,1.00
2015.07.27 19:59:38.829,0.70035,0.70058,1.50,1.00
2015.07.27 19:59:39.500,0.70035,0.70057,1.50,1.00
2015.07.27 19:59:45.270,0.70033,0.70057,1.00,1.50
2015.07.27 19:59:48.805,0.70032,0.70057,1.00,1.50
2015.07.27 19:59:49.412,0.70031,0.70056,1.50,1.00
2015.07.27 19:59:49.984,0.7003,0.70055,1.50,1.50
2015.07.27 19:59:51.970,0.7003,0.70053,1.00,1.00
2015.07.27 19:59:52.970,0.70029,0.70053,1.00,1.00
2015.07.27 19:59:53.954,0.70029,0.70054,1.50,1.00
2015.07.27 19:59:54.468,0.7003,0.70055,1.50,2.25
2015.07.27 19:59:55.655,0.70031,0.70055,1.00,2.25
2015.07.27 19:59:56.163,0.7003,0.70055,1.00,3.00
2015.07.27 19:59:56.910,0.7003,0.70054,1.00,1.00
2015.07.27 19:59:57.437,0.70029,0.70054,1.00,1.00
2015.07.27 19:59:58.113,0.70029,0.70055,1.00,3.00
2015.07.27 19:59:58.690,0.70029,0.70054,1.00,1.00
2015.07.27 19:59:59.210,0.70029,0.70053,1.00,1.00
2015.07.27 19:59:59.720,0.70026,0.70052,1.50,2.25
