2018.03.12 09:00:00.102,0.74609,0.74626,1.12,1.57
2018.03.12 09:00:00.202,0.74611,0.74628,1.00,1.57
2018.03.12 09:00:00.546,0.74604,0.74623,1.75,1.50
2018.03.12 09:00:00.700,0.74607,0.74624,1.12,1.20
2018.03.12 09:00:00.954,0.74611,0.74628,1.00,1.07
2018.03.12 09:00:01.292,0.74613,0.7463,1.12,1.57
2018.03.12 09:00:01.935,0.74613,0.7463,1.12,1.95
2018.03.12 09:00:02.250,0.74611,0.74628,1.12,1.57
2018.03.12 09:00:02.301,0.74608,0.74625,1.12,1.20
2018.03.12 09:00:02.401,0.7461,0.74629,1.50,1.95
2018.03.12 09:00:02.846,0.74612,0.74628,1.00,1.07
2018.03.12 09:00:03.631,0.74611,0.74628,1.12,1.20
2018.03.12 09:00:04.262,0.74611,0.74628,1.12,1.20
2018.03.12 09:00:05.886,0.74612,0.74629,1.00,1.57
2018.03.12 09:00:06.486,0.74612,0.7463,1.50,1.57
2018.03.12 09:00:07.734,0.74612,0.7463,1.50,1.45
2018.03.12 09:00:08.275,0.74613,0.7463,1.12,1.57
2018.03.12 09:00:09.276,0.74612,0.7463,1.50,1.45
2018.03.12 09:00:11.027,0.74612,0.74629,1.50,1.20
2018.03.12 09:00:11.612,0.74614,0.74631,1.00,1.75
2018.03.12 09:00:11.714,0.74615,0.74633,1.50,2.32
2018.03.12 09:00:12.303,0.74615,0.74633,1.00,1.95
2018.03.12 09:00:15.592,0.74615,0.74633,1.50,2.32
2018.03.12 09:00:16.320,0.74618,0.74633,1.00,1.00
2018.03.12 09:00:16.472,0.74619,0.74638,1.75,1.20
2018.03.12 09:00:16.573,0.74619,0.74636,1.50,1.10
2018.03.12 09:00:16.624,0.74619,0.74635,1.00,1.07
2018.03.12 09:00:17.152,0.74617,0.74634,1.50,1.07
2018.03.12 09:00:18.101,0.74617,0.74634,1.50,1.10
2018.03.12 09:00:18.619,0.74617,0.74634,1.50,1.07
2018.03.12 09:00:18.964,0.74618,0.74635,1.12,1.12
2018.03.12 09:00:19.884,0.74617,0.74634,1.50,1.00
2018.03.12 09:00:20.468,0.74616,0.74633,1.20,1.00
2018.03.12 09:00:20.519,0.74617,0.74636,1.50,1.95
2018.03.12 09:00:20.823,0.74616,0.74633,1.47,1.12
2018.03.12 09:00:21.559,0.74617,0.74636,1.57,1.57
2018.03.12 09:00:21.610,0.74617,0.74636,1.50,1.95
2018.03.12 09:00:22.166,0.74617,0.74635,1.00,1.00
2018.03.12 09:00:22.916,0.74618,0.74635,1.00,1.00
2018.03.12 09:00:24.105,0.74619,0.74636,1.00,1.57
2018.03.12 09:00:24.795,0.74618,0.74635,1.00,1.10
2018.03.12 09:00:25.327,0.74617,0.74635,1.00,1.10
2018.03.12 09:00:25.960,0.74618,0.74635,1.00,1.10
2018.03.12 09:00:28.492,0.74617,0.74636,1.50,1.57
2018.03.12 09:00:28.944,0.7462,0.74637,1.50,1.20
2018.03.12 09:00:29.400,0.74624,0.74643,1.45,1.50
2018.03.12 09:00:29.703,0.74627,0.74644,1.12,1.50
2018.03.12 09:00:29.955,0.74623,0.7464,1.57,1.00
2018.03.12 09:00:30.472,0.74623,0.74641,1.10,1.50
2018.03.12 09:00:30.986,0.74623,0.7464,1.50,1.00
2018.03.12 09:00:31.260,0.74625,0.74642,1.50,1.20
2018.03.12 09:00:31.599,0.74627,0.74644,1.37,1.20
2018.03.12 09:00:31.802,0.74624,0.74641,1.50,1.12
2018.03.12 09:00:32.310,0.74623,0.7464,1.75,1.00
2018.03.12 09:00:33.457,0.74625,0.74642,1.12,1.57
2018.03.12 09:00:33.998,0.74626,0.74643,1.00,1.85
2018.03.12 09:00:34.376,0.74622,0.7464,1.50,1.50
2018.03.12 09:00:35.244,0.74622,0.7464,1.50,1.12
2018.03.12 09:00:35.776,0.74624,0.74641,1.12,1.20
2018.03.12 09:00:36.081,0.74621,0.7464,1.57,1.12
2018.03.12 09:00:37.375,0.74623,0.7464,1.00,1.12
2018.03.12 09:00:40.074,0.74622,0.74639,1.12,1.00
2018.03.12 09:00:40.697,0.74623,0.7464,1.00,1.12
2018.03.12 09:00:41.989,0.74624,0.74641,1.12,1.20
2018.03.12 09:00:42.727,0.74624,0.74641,1.12,1.20
2018.03.12 09:00:44.548,0.74624,0.74641,1.12,1.57
2018.03.12 09:00:44.650,0.74622,0.7464,1.00,1.20
2018.03.12 09:00:59.279,0.74622,0.74639,1.50,1.10
2018.03.12 09:01:02.520,0.74623,0.7464,1.12,1.57
2018.03.12 09:01:02.965,0.74626,0.74643,1.50,1.20
2018.03.12 09:01:03.117,0.74625,0.74642,1.12,1.12
2018.03.12 09:01:04.696,0.74625,0.74642,1.50,1.12
2018.03.12 09:01:05.268,0.74626,0.74643,1.50,1.12
2018.03.12 09:01:15.691,0.74624,0.74643,1.57,1.50
2018.03.12 09:01:15.742,0.74622,0.74639,1.85,1.00
2018.03.12 09:01:15.793,0.7462,0.74639,1.95,1.50
2018.03.12 09:01:15.844,0.74619,0.74636,1.95,1.00
2018.03.12 09:01:16.816,0.74619,0.74637,1.20,1.50
2018.03.12 09:01:17.463,0.74619,0.74637,1.57,1.00
2018.03.12 09:01:18.199,0.74619,0.74636,1.57,1.00
2018.03.12 09:01:22.989,0.74619,0.74636,1.57,1.00
2018.03.12 09:01:23.040,0.74618,0.74635,1.12,1.50
2018.03.12 09:01:23.578,0.74616,0.74633,1.82,1.00
2018.03.12 09:01:31.516,0.74617,0.74634,1.95,1.12
2018.03.12 09:01:33.330,0.7462,0.74637,1.20,1.12
2018.03.12 09:01:33.770,0.7462,0.74637,1.07,1.75
2018.03.12 09:01:34.808,0.74619,0.74636,1.20,1.50
2018.03.12 09:01:36.279,0.74619,0.74636,1.12,1.50
2018.03.12 09:01:40.177,0.74616,0.74634,3.67,1.00
2018.03.12 09:01:41.657,0.74618,0.74634,1.00,1.00
2018.03.12 09:01:42.626,0.74618,0.74635,1.37,1.37
2018.03.12 09:01:42.677,0.74618,0.74638,2.10,1.85
2018.03.12 09:01:43.099,0.74622,0.74639,1.12,1.57
2018.03.12 09:01:43.439,0.74624,0.74642,1.00,1.57
2018.03.12 09:01:43.491,0.74623,0.74642,2.55,1.20
2018.03.12 09:01:44.072,0.74622,0.74639,3.45,1.12
2018.03.12 09:01:44.799,0.74621,0.74638,2.25,1.00
2018.03.12 09:01:46.081,0.7462,0.74637,3.07,1.12
2018.03.12 09:01:55.189,0.74619,0.74636,1.75,1.00
2018.03.12 09:01:58.492,0.74618,0.74635,2.10,1.50
2018.03.12 09:02:00.318,0.74619,0.74636,1.50,1.20
2018.03.12 09:02:02.464,0.74618,0.74635,3.07,1.00
2018.03.12 09:02:03.389,0.74617,0.74635,1.05,1.75
2018.03.12 09:02:05.516,0.74617,0.74634,2.55,1.50
2018.03.12 09:02:06.914,0.74617,0.74635,1.05,1.75
2018.03.12 09:02:07.642,0.74617,0.74635,1.37,1.75
2018.03.12 09:02:08.303,0.74617,0.74634,2.55,1.50
2018.03.12 09:02:12.084,0.74617,0.74634,1.95,1.50
2018.03.12 09:02:12.207,0.74619,0.74636,1.12,1.12
2018.03.12 09:02:12.257,0.7462,0.74636,1.20,1.12
2018.03.12 09:02:12.308,0.74621,0.74638,1.20,1.12
2018.03.12 09:02:12.410,0.74623,0.7464,1.57,1.12
2018.03.12 09:02:13.234,0.74619,0.74632,1.07,1.50
2018.03.12 09:02:13.285,0.74614,0.7463,1.45,1.00
2018.03.12 09:02:13.913,0.74612,0.74631,2.70,1.12
2018.03.12 09:02:15.319,0.74613,0.7463,2.32,1.00
2018.03.12 09:02:16.127,0.74613,0.74631,1.82,1.12
2018.03.12 09:02:16.661,0.74613,0.7463,3.45,1.00
2018.03.12 09:02:17.319,0.74613,0.74631,1.95,1.12
2018.03.12 09:02:18.056,0.74613,0.7463,2.70,1.00
2018.03.12 09:02:19.096,0.74613,0.7463,1.07,1.50
2018.03.12 09:02:20.384,0.74613,0.74629,1.07,1.00
2018.03.12 09:02:27.983,0.74613,0.7463,1.57,1.50
2018.03.12 09:02:28.954,0.74613,0.7463,1.57,1.50
2018.03.12 09:02:29.385,0.74612,0.74629,1.57,1.00
2018.03.12 09:02:29.720,0.74612,0.7463,2.70,1.00
2018.03.12 09:02:30.435,0.74614,0.74631,1.95,1.12
2018.03.12 09:02:31.086,0.74614,0.7463,1.45,1.00
2018.03.12 09:02:31.595,0.74614,0.74631,1.45,1.12
2018.03.12 09:02:38.242,0.74613,0.7463,2.32,1.00
2018.03.12 09:02:46.113,0.74613,0.7463,2.32,1.00
2018.03.12 09:02:47.039,0.74613,0.7463,2.32,1.00
2018.03.12 09:02:49.302,0.74613,0.74629,1.57,1.00
2018.03.12 09:02:50.775,0.74613,0.7463,2.32,1.00
2018.03.12 09:02:51.501,0.74613,0.7463,2.32,1.00
2018.03.12 09:02:53.550,0.74613,0.7463,2.32,1.00
2018.03.12 09:02:56.311,0.74614,0.74631,1.00,1.50
2018.03.12 09:02:57.039,0.74615,0.74632,1.12,1.12
2018.03.12 09:02:57.612,0.74616,0.74633,1.10,1.37
2018.03.12 09:02:58.836,0.74617,0.74634,1.00,1.50
2018.03.12 09:02:58.886,0.74617,0.74634,1.12,1.12
2018.03.12 09:02:59.821,0.74618,0.74635,1.00,1.50
2018.03.12 09:02:59.871,0.74621,0.74638,1.00,1.75
2018.03.12 09:03:00.254,0.74619,0.74636,1.20,1.12
2018.03.12 09:03:04.456,0.74621,0.74638,1.12,1.37
2018.03.12 09:03:04.558,0.74623,0.7464,1.00,1.57
2018.03.12 09:03:05.363,0.74624,0.7464,1.00,1.00
2018.03.12 09:03:07.661,0.74622,0.7464,1.10,1.50
2018.03.12 09:03:07.762,0.7462,0.74638,3.30,1.00
2018.03.12 09:03:07.964,0.7462,0.74637,2.32,1.00
2018.03.12 09:03:08.257,0.74622,0.74638,1.00,1.00
2018.03.12 09:03:08.878,0.74622,0.74641,1.50,1.75
2018.03.12 09:03:09.429,0.74624,0.74641,1.00,1.75
2018.03.12 09:03:11.231,0.74623,0.74642,1.20,1.85
2018.03.12 09:03:11.846,0.74624,0.74641,1.00,1.75
2018.03.12 09:03:13.589,0.74621,0.74638,1.20,1.50
2018.03.12 09:03:14.092,0.74621,0.74638,1.20,1.50
2018.03.12 09:03:15.294,0.74619,0.74636,1.20,1.12
2018.03.12 09:03:15.816,0.74619,0.74636,1.20,1.12
2018.03.12 09:03:16.402,0.74618,0.74635,1.47,1.00
2018.03.12 09:03:20.318,0.74617,0.74634,1.10,1.50
2018.03.12 09:03:20.927,0.74615,0.74634,2.25,1.57
2018.03.12 09:03:26.112,0.74615,0.74632,2.25,1.00
2018.03.12 09:03:28.649,0.74614,0.74633,4.42,1.12
2018.03.12 09:03:29.499,0.74615,0.74632,2.32,1.00
2018.03.12 09:03:30.961,0.74614,0.74633,4.42,1.12
2018.03.12 09:03:31.267,0.7462,0.74639,1.50,1.82
2018.03.12 09:03:31.426,0.74622,0.74639,1.00,1.10
2018.03.12 09:03:31.953,0.74622,0.74641,1.75,1.95
2018.03.12 09:03:32.054,0.74625,0.74641,1.00,1.00
2018.03.12 09:03:32.577,0.74625,0.74642,1.50,1.10
2018.03.12 09:03:34.429,0.74626,0.74643,1.00,1.57
2018.03.12 09:03:35.218,0.74626,0.74644,1.50,1.07
2018.03.12 09:03:37.613,0.74626,0.74645,1.50,1.57
2018.03.12 09:03:53.494,0.74628,0.74645,1.12,1.12
2018.03.12 09:03:53.545,0.74632,0.74648,1.50,1.10
2018.03.12 09:03:54.087,0.74632,0.74649,1.50,1.20
2018.03.12 09:03:58.769,0.74636,0.74653,1.12,1.20
2018.03.12 09:03:59.305,0.74635,0.74652,1.57,1.00
2018.03.12 09:04:00.499,0.74635,0.74654,1.57,1.57
2018.03.12 09:04:00.550,0.74638,0.74655,1.12,1.57
2018.03.12 09:04:00.727,0.74636,0.74653,1.00,1.50
2018.03.12 09:04:00.780,0.74634,0.74651,1.20,1.50
2018.03.12 09:04:01.812,0.74633,0.74652,1.75,1.12
2018.03.12 09:04:06.099,0.74634,0.74651,1.57,1.00
2018.03.12 09:04:06.749,0.74634,0.74651,1.00,1.50
2018.03.12 09:04:09.621,0.74634,0.74651,1.37,1.12
2018.03.12 09:04:10.145,0.74634,0.74653,1.75,1.57
2018.03.12 09:04:12.217,0.74635,0.74652,1.50,1.20
2018.03.12 09:04:12.268,0.74634,0.74651,1.12,1.57
2018.03.12 09:04:12.319,0.74631,0.7465,1.57,1.57
2018.03.12 09:04:20.030,0.74633,0.7465,1.00,1.50
2018.03.12 09:04:20.692,0.74632,0.74651,1.20,1.85
2018.03.12 09:04:21.033,0.74634,0.74651,1.12,1.57
2018.03.12 09:04:22.439,0.74632,0.74649,1.12,1.37
2018.03.12 09:04:24.641,0.74632,0.74649,1.57,1.00
2018.03.12 09:04:24.966,0.74635,0.74653,1.12,1.85
2018.03.12 09:04:25.275,0.74636,0.74653,1.50,1.20
2018.03.12 09:04:43.826,0.74636,0.74654,1.00,1.50
2018.03.12 09:04:44.571,0.74634,0.74651,1.85,1.00
2018.03.12 09:04:44.723,0.74633,0.7465,1.50,1.12
2018.03.12 09:04:52.245,0.74636,0.74653,1.00,1.75
2018.03.12 09:04:52.295,0.74636,0.74653,1.50,1.12
2018.03.12 09:04:52.406,0.74634,0.74652,1.10,1.50
2018.03.12 09:04:52.457,0.74634,0.7465,1.57,1.00
2018.03.12 09:04:52.923,0.74632,0.74649,1.57,1.00
2018.03.12 09:04:53.449,0.74631,0.74648,1.42,1.00
2018.03.12 09:04:54.025,0.74631,0.74648,1.20,1.37
2018.03.12 09:04:54.681,0.7463,0.74649,1.57,1.50
2018.03.12 09:04:55.224,0.74631,0.74648,1.20,1.37
2018.03.12 09:04:57.691,0.74633,0.7465,1.00,1.50
2018.03.12 09:04:58.316,0.74633,0.7465,1.07,1.50
2018.03.12 09:05:00.116,0.74633,0.7465,1.10,1.50
2018.03.12 09:05:00.632,0.74632,0.74649,1.00,1.37
2018.03.12 09:05:01.157,0.74629,0.74648,1.57,1.12
2018.03.12 09:05:01.481,0.7463,0.74647,1.00,1.50
2018.03.12 09:05:02.021,0.74631,0.7465,1.12,1.82
2018.03.12 09:05:02.179,0.74633,0.74652,1.57,1.57
2018.03.12 09:05:02.381,0.74632,0.74648,1.00,1.00
2018.03.12 09:05:02.885,0.7463,0.74647,1.57,1.12
2018.03.12 09:05:12.365,0.74628,0.74646,1.57,1.00
2018.03.12 09:05:12.914,0.7463,0.74646,1.10,1.00
2018.03.12 09:05:13.015,0.74631,0.74648,1.50,1.12
2018.03.12 09:05:26.099,0.7463,0.74647,1.75,1.00
2018.03.12 09:05:30.780,0.74629,0.74648,1.85,1.12
2018.03.12 09:05:31.309,0.7463,0.74647,1.75,1.00
2018.03.12 09:05:32.345,0.7463,0.74647,1.00,1.50
2018.03.12 09:05:33.922,0.74629,0.74646,1.57,1.00
2018.03.12 09:05:35.613,0.74629,0.74647,1.07,1.50
2018.03.12 09:05:36.517,0.74629,0.74646,1.57,1.00
2018.03.12 09:05:37.196,0.74629,0.74646,1.50,1.00
2018.03.12 09:05:37.859,0.7463,0.74647,1.00,1.57
2018.03.12 09:05:38.471,0.7463,0.74647,1.00,1.57
2018.03.12 09:05:43.156,0.74629,0.74647,1.50,1.20
2018.03.12 09:05:43.749,0.7463,0.74647,1.00,1.95
2018.03.12 09:05:45.497,0.74629,0.74647,1.50,1.07
2018.03.12 09:05:46.053,0.74629,0.74646,1.00,1.57
2018.03.12 09:05:47.039,0.7463,0.74647,1.12,1.95
2018.03.12 09:05:53.191,0.74629,0.74646,1.50,1.57
2018.03.12 09:05:53.243,0.74626,0.74642,1.10,1.12
2018.03.12 09:05:53.347,0.74626,0.74644,2.85,1.57
2018.03.12 09:05:53.863,0.74627,0.74644,1.00,1.50
2018.03.12 09:05:54.163,0.74629,0.74646,1.12,1.20
2018.03.12 09:05:54.729,0.74629,0.74646,1.12,1.57
2018.03.12 09:05:58.356,0.74629,0.74646,1.12,1.20
2018.03.12 09:05:59.013,0.7463,0.74647,1.00,1.95
2018.03.12 09:05:59.562,0.74629,0.74647,1.12,1.45
2018.03.12 09:06:00.080,0.7463,0.74647,1.00,2.70
2018.03.12 09:06:00.589,0.74629,0.74646,1.12,1.20
2018.03.12 09:06:04.796,0.7463,0.74647,1.00,1.95
2018.03.12 09:06:05.625,0.74628,0.74645,2.85,1.00
2018.03.12 09:06:10.575,0.74629,0.74646,1.12,1.20
2018.03.12 09:06:22.531,0.74629,0.74646,1.12,1.20
2018.03.12 09:06:22.719,0.74624,0.74641,1.00,1.00
2018.03.12 09:06:23.287,0.74623,0.7464,1.50,1.10
2018.03.12 09:06:25.212,0.74623,0.74641,1.00,1.10
2018.03.12 09:06:26.549,0.74624,0.74641,2.25,1.10
2018.03.12 09:06:27.005,0.74623,0.74642,1.37,1.95
2018.03.12 09:06:34.295,0.74624,0.74641,1.50,1.10
2018.03.12 09:06:34.853,0.74624,0.74643,1.57,1.57
2018.03.12 09:06:35.013,0.74624,0.74641,1.57,1.00
2018.03.12 09:06:35.519,0.74623,0.7464,1.50,1.12
2018.03.12 09:06:35.803,0.74624,0.74643,1.50,1.57
2018.03.12 09:06:37.220,0.74625,0.74642,1.00,1.10
2018.03.12 09:06:44.026,0.74624,0.74643,1.50,2.32
2018.03.12 09:06:44.407,0.74623,0.74641,1.37,1.95
2018.03.12 09:06:45.848,0.74624,0.74641,1.37,1.00
2018.03.12 09:06:46.415,0.74623,0.74642,1.57,1.75
2018.03.12 09:07:02.276,0.74623,0.74639,1.50,2.25
2018.03.12 09:07:07.082,0.7462,0.74639,1.82,1.50
2018.03.12 09:07:09.342,0.74624,0.74641,1.00,1.07
2018.03.12 09:07:09.444,0.74622,0.74639,1.20,3.37
2018.03.12 09:07:10.621,0.74622,0.74639,1.50,1.12
2018.03.12 09:07:10.722,0.74621,0.74639,2.25,2.32
2018.03.12 09:07:10.959,0.74618,0.74635,1.87,1.12
2018.03.12 09:07:11.678,0.74618,0.74634,1.20,1.00
2018.03.12 09:07:12.522,0.74618,0.74635,1.95,1.12
2018.03.12 09:07:14.568,0.74618,0.74635,1.95,1.12
2018.03.12 09:07:15.076,0.74619,0.74636,1.57,1.00
2018.03.12 09:07:15.915,0.74616,0.74633,1.57,1.12
2018.03.12 09:07:18.475,0.74616,0.7463,1.50,1.00
2018.03.12 09:07:18.526,0.74614,0.74629,1.12,2.25
2018.03.12 09:07:18.628,0.74609,0.74625,1.07,1.00
2018.03.12 09:07:18.882,0.74608,0.74625,1.20,1.12
2018.03.12 09:07:19.415,0.74609,0.74626,1.00,1.50
2018.03.12 09:07:19.568,0.74609,0.74626,1.85,1.00
2018.03.12 09:07:19.720,0.74612,0.74629,1.50,1.20
2018.03.12 09:07:20.297,0.74611,0.74628,1.75,1.00
2018.03.12 09:07:21.161,0.74612,0.74629,1.50,1.12
2018.03.12 09:07:23.668,0.74612,0.74631,1.20,1.85
2018.03.12 09:07:24.222,0.7461,0.74627,1.57,1.12
2018.03.12 09:07:28.629,0.74609,0.74626,5.17,1.00
2018.03.12 09:07:29.139,0.74611,0.74628,1.20,1.50
2018.03.12 09:07:30.314,0.74609,0.74625,1.10,1.50
2018.03.12 09:07:30.873,0.74609,0.74625,1.07,1.50
2018.03.12 09:07:31.533,0.74608,0.74625,1.42,1.50
2018.03.12 09:07:32.243,0.74607,0.74624,1.57,1.00
2018.03.12 09:07:32.567,0.7461,0.74627,1.12,1.50
2018.03.12 09:07:33.204,0.74611,0.74628,1.10,1.75
2018.03.12 09:07:34.047,0.74611,0.74628,1.07,1.75
2018.03.12 09:07:35.545,0.74609,0.74628,1.95,1.75
2018.03.12 09:07:36.073,0.74607,0.74626,1.95,1.12
2018.03.12 09:07:37.077,0.74608,0.74625,1.82,1.00
2018.03.12 09:07:39.444,0.74607,0.74626,1.85,1.20
2018.03.12 09:07:39.830,0.74606,0.74623,2.32,1.12
2018.03.12 09:07:40.131,0.74604,0.74621,3.82,1.12
2018.03.12 09:07:40.655,0.74605,0.74622,1.57,1.12
2018.03.12 09:07:40.706,0.74607,0.74624,1.12,1.12
2018.03.12 09:07:41.287,0.74607,0.74622,1.12,1.00
2018.03.12 09:07:41.999,0.74604,0.74621,1.82,1.00
2018.03.12 09:07:42.102,0.74604,0.74621,1.12,1.12
2018.03.12 09:07:42.635,0.74605,0.74622,1.00,1.37
2018.03.12 09:07:43.568,0.74606,0.74623,1.12,1.50
2018.03.12 09:07:45.708,0.74607,0.74624,1.10,1.75
2018.03.12 09:07:45.809,0.74608,0.74625,1.12,1.50
2018.03.12 09:07:51.971,0.74608,0.74626,1.20,1.75
2018.03.12 09:07:52.228,0.74604,0.74623,1.95,1.50
2018.03.12 09:07:53.787,0.74603,0.74619,1.00,1.00
2018.03.12 09:07:53.838,0.74601,0.74618,1.10,1.00
2018.03.12 09:07:56.138,0.74601,0.74619,1.07,1.00
2018.03.12 09:07:57.211,0.74602,0.74621,1.85,1.57
2018.03.12 09:07:57.586,0.74602,0.74619,1.20,1.50
2018.03.12 09:07:58.589,0.746,0.74619,1.00,2.32
2018.03.12 09:07:59.151,0.74597,0.74616,2.70,1.50
2018.03.12 09:08:00.509,0.74601,0.74618,1.00,1.50
2018.03.12 09:08:01.127,0.746,0.74617,1.57,1.00
2018.03.12 09:08:01.718,0.746,0.74618,1.10,1.50
2018.03.12 09:08:02.291,0.746,0.74617,1.57,3.00
2018.03.12 09:08:03.542,0.746,0.74618,1.10,3.75
2018.03.12 09:08:03.644,0.74599,0.74614,1.00,1.00
2018.03.12 09:08:03.846,0.74596,0.74615,1.57,2.25
2018.03.12 09:08:04.428,0.74597,0.74612,1.20,1.00
2018.03.12 09:08:05.089,0.74597,0.74613,1.20,2.62
2018.03.12 09:08:06.699,0.74598,0.74617,1.50,2.32
2018.03.12 09:08:07.005,0.746,0.74617,1.07,1.50
2018.03.12 09:08:07.346,0.74598,0.74615,2.32,1.00
2018.03.12 09:08:07.598,0.74602,0.74617,1.00,1.50
2018.03.12 09:08:07.801,0.74606,0.74623,1.20,1.12
2018.03.12 09:08:07.953,0.74607,0.74624,1.07,1.50
2018.03.12 09:08:08.080,0.74608,0.74625,1.47,1.12
2018.03.12 09:08:12.772,0.74607,0.74624,1.57,1.00
2018.03.12 09:08:12.823,0.74607,0.74624,1.20,1.12
2018.03.12 09:08:12.925,0.74605,0.74622,3.45,1.12
2018.03.12 09:08:13.340,0.74609,0.74626,1.10,1.75
2018.03.12 09:08:15.067,0.74608,0.74627,1.95,1.50
2018.03.12 09:08:15.118,0.7461,0.74628,1.50,1.57
2018.03.12 09:08:31.065,0.74613,0.74631,1.12,1.85
2018.03.12 09:08:31.440,0.74614,0.74631,1.50,1.20
2018.03.12 09:08:31.694,0.7461,0.74627,1.00,1.00
2018.03.12 09:08:32.084,0.74609,0.74626,1.12,1.47
2018.03.12 09:08:32.704,0.74608,0.74625,1.12,1.12
2018.03.12 09:08:34.197,0.74607,0.74624,1.57,1.00
2018.03.12 09:08:34.748,0.74606,0.74625,1.85,1.12
2018.03.12 09:08:35.706,0.74607,0.74624,1.57,1.00
2018.03.12 09:08:39.101,0.74606,0.74625,1.95,1.12
2018.03.12 09:08:40.263,0.74606,0.74625,1.75,1.57
2018.03.12 09:08:41.450,0.74609,0.74625,1.00,1.07
2018.03.12 09:08:43.629,0.74609,0.74626,1.00,1.95
2018.03.12 09:08:44.426,0.74609,0.74626,1.00,1.95
2018.03.12 09:08:45.381,0.74609,0.74626,1.75,1.20
2018.03.12 09:08:48.056,0.74611,0.74628,1.12,1.95
2018.03.12 09:08:50.018,0.74611,0.74628,1.12,1.57
2018.03.12 09:08:52.481,0.74612,0.74629,1.00,1.85
2018.03.12 09:08:52.583,0.74613,0.74631,1.50,1.57
2018.03.12 09:08:52.817,0.74612,0.74629,1.12,1.50
2018.03.12 09:08:54.711,0.74613,0.7463,1.00,2.32
2018.03.12 09:08:55.130,0.7461,0.74629,1.50,2.32
2018.03.12 09:08:56.019,0.74609,0.74626,1.00,1.00
2018.03.12 09:08:56.635,0.7461,0.74628,1.50,1.57
2018.03.12 09:08:57.705,0.7461,0.74628,1.00,1.10
2018.03.12 09:09:00.136,0.74611,0.74628,1.00,1.00
2018.03.12 09:09:00.198,0.74611,0.74629,1.75,1.20
2018.03.12 09:09:01.415,0.74612,0.74629,1.50,1.20
2018.03.12 09:09:01.958,0.74612,0.74629,1.50,1.20
2018.03.12 09:09:04.469,0.7461,0.74627,1.50,1.12
2018.03.12 09:09:04.648,0.74608,0.74627,1.45,1.50
2018.03.12 09:09:05.259,0.7461,0.74627,1.00,1.50
2018.03.12 09:09:05.744,0.74609,0.74629,1.75,2.70
2018.03.12 09:09:06.245,0.74612,0.74629,1.00,2.32
2018.03.12 09:09:06.796,0.74611,0.74628,1.12,1.57
2018.03.12 09:09:13.898,0.74612,0.74629,1.50,1.20
2018.03.12 09:09:15.650,0.74611,0.74628,1.10,1.50
2018.03.12 09:09:16.188,0.7461,0.74627,1.57,1.00
2018.03.12 09:09:18.988,0.7461,0.74628,1.00,1.50
2018.03.12 09:09:19.562,0.7461,0.74627,1.57,1.00
2018.03.12 09:09:22.945,0.74609,0.74626,1.20,1.12
2018.03.12 09:09:23.478,0.74608,0.74625,1.57,1.00
2018.03.12 09:09:23.981,0.74611,0.74628,1.00,1.85
2018.03.12 09:09:24.031,0.74611,0.74628,1.20,1.12
2018.03.12 09:09:25.621,0.74612,0.74629,1.00,1.57
2018.03.12 09:09:26.214,0.74611,0.74628,1.12,1.12
2018.03.12 09:09:29.773,0.74612,0.74629,1.00,1.57
2018.03.12 09:09:30.277,0.74611,0.74628,1.12,1.20
2018.03.12 09:09:30.485,0.74611,0.74628,1.00,1.47
2018.03.12 09:09:31.089,0.74609,0.74626,1.50,1.12
2018.03.12 09:09:32.995,0.74608,0.74626,1.75,1.07
2018.03.12 09:09:34.536,0.74608,0.74626,1.75,1.07
2018.03.12 09:09:35.821,0.7461,0.74627,1.12,1.95
2018.03.12 09:09:36.320,0.7461,0.74627,1.75,1.20
2018.03.12 09:09:36.624,0.74612,0.74631,1.75,1.95
2018.03.12 09:09:36.726,0.74612,0.74628,1.12,1.07
2018.03.12 09:09:37.278,0.74612,0.74629,1.12,2.32
2018.03.12 09:09:37.808,0.74612,0.74628,1.12,1.07
2018.03.12 09:09:38.215,0.7461,0.74627,1.12,1.57
2018.03.12 09:09:38.437,0.74612,0.74629,1.12,1.57
2018.03.12 09:09:39.594,0.7461,0.74627,1.00,1.10
2018.03.12 09:09:39.645,0.74612,0.74628,1.12,1.07
2018.03.12 09:09:40.099,0.7461,0.74627,1.00,1.07
2018.03.12 09:09:40.756,0.74609,0.74628,1.50,1.95
2018.03.12 09:09:41.290,0.7461,0.74627,1.00,1.07
2018.03.12 09:09:42.157,0.74611,0.74628,1.00,1.95
2018.03.12 09:09:44.721,0.74611,0.74629,1.50,1.20
2018.03.12 09:09:46.092,0.74611,0.74628,1.12,1.57
2018.03.12 09:09:46.143,0.74609,0.74628,1.50,1.95
2018.03.12 09:09:47.058,0.74609,0.74626,1.50,1.20
2018.03.12 09:09:47.598,0.74609,0.74626,1.50,1.00
2018.03.12 09:09:48.259,0.74609,0.74627,1.00,1.10
2018.03.12 09:09:48.480,0.74609,0.74624,1.50,1.00
2018.03.12 09:09:49.250,0.74609,0.74625,1.50,1.00
2018.03.12 09:09:49.910,0.74609,0.74627,1.00,1.07
2018.03.12 09:09:50.817,0.7461,0.74627,1.00,1.10
2018.03.12 09:09:52.323,0.74611,0.74628,1.00,1.50
2018.03.12 09:09:53.089,0.7461,0.74628,1.10,1.00
2018.03.12 09:09:54.052,0.7461,0.74629,1.75,1.57
2018.03.12 09:09:56.292,0.74612,0.74629,1.50,1.37
2018.03.12 09:09:56.344,0.74613,0.7463,1.50,1.20
2018.03.12 09:09:56.845,0.74612,0.74629,1.75,1.00
2018.03.12 09:09:58.441,0.74611,0.7463,1.85,1.12
2018.03.12 09:09:59.160,0.74612,0.74629,1.75,1.00
2018.03.12 09:10:00.132,0.74613,0.7463,1.50,1.12
2018.03.12 09:10:01.236,0.74612,0.74629,1.12,1.50
2018.03.12 09:10:01.992,0.74613,0.7463,1.50,1.12
2018.03.12 09:10:03.626,0.74612,0.74629,1.12,1.50
2018.03.12 09:10:19.378,0.7461,0.74629,1.95,1.12
2018.03.12 09:10:29.157,0.74612,0.74631,2.17,1.12
2018.03.12 09:10:29.260,0.74616,0.74633,1.37,1.12
2018.03.12 09:10:29.770,0.74616,0.74633,1.37,1.95
2018.03.12 09:10:30.247,0.74615,0.74632,1.12,1.57
2018.03.12 09:10:34.050,0.74612,0.74629,1.57,1.12
2018.03.12 09:10:34.750,0.74614,0.74631,1.50,1.20
2018.03.12 09:10:35.053,0.74615,0.74632,1.95,1.00
2018.03.12 09:10:36.939,0.74615,0.74634,1.95,1.37
2018.03.12 09:10:37.456,0.74618,0.74635,1.00,1.57
2018.03.12 09:10:37.960,0.74616,0.74633,1.37,1.12
2018.03.12 09:10:42.552,0.74615,0.74632,2.32,1.00
2018.03.12 09:10:44.642,0.74616,0.74633,1.37,1.12
2018.03.12 09:10:46.381,0.74618,0.74635,1.12,1.20
2018.03.12 09:10:49.821,0.74617,0.74634,1.37,1.00
2018.03.12 09:10:49.923,0.74616,0.74633,1.00,1.57
2018.03.12 09:10:50.183,0.74613,0.7463,1.50,1.00
2018.03.12 09:10:52.069,0.74613,0.74631,1.00,1.57
2018.03.12 09:10:53.024,0.74614,0.74631,1.00,1.57
2018.03.12 09:10:58.344,0.74613,0.74631,1.50,1.00
2018.03.12 09:10:58.963,0.74613,0.7463,1.50,1.00
2018.03.12 09:11:00.140,0.74614,0.74629,1.00,1.00
2018.03.12 09:11:02.193,0.74613,0.7463,1.50,2.25
2018.03.12 09:11:03.340,0.74613,0.74629,1.50,1.00
2018.03.12 09:11:05.902,0.74611,0.7463,1.57,2.32
2018.03.12 09:11:06.319,0.74607,0.74623,1.12,1.12
2018.03.12 09:11:07.113,0.74607,0.74622,1.12,1.00
2018.03.12 09:11:08.199,0.74607,0.74624,1.12,2.32
2018.03.12 09:11:11.166,0.74607,0.74622,1.12,1.00
2018.03.12 09:11:12.398,0.74607,0.74624,1.12,2.32
2018.03.12 09:11:16.154,0.74608,0.74622,1.00,1.00
2018.03.12 09:11:16.255,0.74607,0.74625,1.50,1.20
2018.03.12 09:11:16.357,0.74607,0.74624,1.00,1.50
2018.03.12 09:11:17.852,0.74606,0.74625,1.12,1.20
2018.03.12 09:11:18.395,0.74607,0.74624,1.00,1.10
2018.03.12 09:11:18.778,0.74605,0.74622,1.47,1.12
2018.03.12 09:11:27.179,0.74603,0.7462,2.32,1.00
2018.03.12 09:11:27.778,0.74603,0.74621,1.57,1.00
2018.03.12 09:11:32.187,0.74603,0.7462,1.50,1.10
2018.03.12 09:11:32.491,0.74599,0.74616,1.50,1.12
2018.03.12 09:11:32.817,0.74596,0.74614,1.50,1.57
2018.03.12 09:11:33.122,0.746,0.74617,1.50,1.20
2018.03.12 09:11:33.598,0.74597,0.74614,2.32,1.00
2018.03.12 09:11:33.650,0.74596,0.74614,1.85,1.12
2018.03.12 09:11:34.621,0.74596,0.74611,1.75,1.00
2018.03.12 09:11:34.801,0.74596,0.74614,1.75,1.20
2018.03.12 09:11:35.688,0.74596,0.74611,1.75,1.00
2018.03.12 09:11:36.015,0.74596,0.74614,1.75,1.20
2018.03.12 09:11:36.267,0.74597,0.74611,1.50,1.00
2018.03.12 09:11:36.764,0.74595,0.74611,1.50,1.00
2018.03.12 09:11:39.222,0.74596,0.74612,1.12,1.12
2018.03.12 09:11:39.582,0.74596,0.74613,1.75,1.00
2018.03.12 09:11:40.254,0.74597,0.74614,1.50,1.12
2018.03.12 09:11:46.076,0.74599,0.74616,1.50,1.20
2018.03.12 09:11:46.382,0.74602,0.74619,1.12,1.57
2018.03.12 09:11:51.227,0.746,0.74618,1.75,1.57
2018.03.12 09:11:51.329,0.74596,0.74613,1.12,1.12
2018.03.12 09:11:52.038,0.74595,0.74612,1.50,1.00
2018.03.12 09:11:52.139,0.74594,0.74611,1.20,1.12
2018.03.12 09:11:52.445,0.74595,0.74614,1.37,1.57
2018.03.12 09:11:54.439,0.74599,0.74617,1.00,1.75
2018.03.12 09:11:54.541,0.74599,0.74617,1.50,1.57
2018.03.12 09:11:54.693,0.74599,0.74617,1.00,1.75
2018.03.12 09:11:54.897,0.74601,0.74618,1.50,1.12
2018.03.12 09:11:55.086,0.74604,0.74621,1.10,1.75
2018.03.12 09:11:55.137,0.74604,0.74621,1.57,1.12
2018.03.12 09:11:56.428,0.74606,0.74625,1.75,1.95
2018.03.12 09:11:58.145,0.74604,0.74621,1.47,1.12
2018.03.12 09:11:59.796,0.74606,0.74623,1.50,1.12
2018.03.12 09:12:00.142,0.74608,0.74625,1.37,1.20
2018.03.12 09:12:03.033,0.74607,0.74624,1.50,1.00
2018.03.12 09:12:03.134,0.74605,0.74624,1.82,2.25
2018.03.12 09:12:03.185,0.74604,0.74621,1.75,1.00
2018.03.12 09:12:03.236,0.74604,0.74621,1.00,1.50
2018.03.12 09:12:03.879,0.74604,0.74621,1.20,1.50
2018.03.12 09:12:04.152,0.74606,0.74624,1.50,1.12
2018.03.12 09:12:05.301,0.74607,0.74624,1.12,1.20
2018.03.12 09:12:05.663,0.74604,0.74623,1.50,1.50
2018.03.12 09:12:06.561,0.74606,0.74623,1.00,1.50
2018.03.12 09:12:08.650,0.74607,0.74624,1.00,1.10
2018.03.12 09:12:09.303,0.74607,0.74624,1.00,1.07
2018.03.12 09:12:11.669,0.74607,0.74624,1.00,1.00
2018.03.12 09:12:12.095,0.74606,0.74623,1.12,1.57
2018.03.12 09:12:14.680,0.74604,0.74621,1.75,1.00
2018.03.12 09:12:14.809,0.74602,0.7462,1.10,1.00
2018.03.12 09:12:16.650,0.74602,0.74619,1.00,1.10
2018.03.12 09:12:19.257,0.74602,0.7462,1.00,1.10
2018.03.12 09:12:19.308,0.74602,0.7462,1.00,1.20
2018.03.12 09:12:21.914,0.74602,0.7462,1.50,1.57
2018.03.12 09:12:22.617,0.74602,0.7462,1.50,1.57
2018.03.12 09:12:23.279,0.74602,0.7462,1.00,1.95
2018.03.12 09:12:24.228,0.74603,0.7462,1.00,1.95
2018.03.12 09:12:24.651,0.74602,0.7462,1.00,1.57
2018.03.12 09:12:24.782,0.74602,0.7462,1.00,1.95
2018.03.12 09:12:25.338,0.74603,0.7462,1.00,1.95
2018.03.12 09:12:25.985,0.74604,0.74621,1.50,1.57
2018.03.12 09:12:27.161,0.74603,0.74621,1.75,1.07
2018.03.12 09:12:28.066,0.74604,0.74621,1.50,2.32
2018.03.12 09:12:28.435,0.74602,0.7462,1.37,1.45
2018.03.12 09:12:30.453,0.74601,0.74621,1.50,1.95
2018.03.12 09:12:30.574,0.74603,0.74622,1.75,1.57
2018.03.12 09:12:31.240,0.74604,0.74621,1.50,1.57
2018.03.12 09:12:35.659,0.74604,0.74623,1.50,1.82
2018.03.12 09:12:36.464,0.74605,0.74622,1.12,1.95
2018.03.12 09:12:36.566,0.74602,0.7462,1.00,1.10
2018.03.12 09:12:36.668,0.746,0.74619,1.50,1.82
2018.03.12 09:12:38.125,0.74601,0.74619,1.37,1.57
2018.03.12 09:12:38.845,0.74602,0.7462,1.50,1.57
2018.03.12 09:12:40.647,0.74604,0.74621,1.50,1.10
2018.03.12 09:12:44.663,0.74605,0.74621,1.00,1.10
2018.03.12 09:12:45.634,0.74604,0.74622,1.50,1.57
2018.03.12 09:12:46.177,0.74604,0.74622,1.00,1.95
2018.03.12 09:12:50.299,0.74605,0.74621,1.00,1.07
2018.03.12 09:12:50.970,0.74605,0.7462,1.00,2.32
2018.03.12 09:12:51.020,0.74601,0.74618,1.75,1.07
2018.03.12 09:12:51.396,0.74601,0.74618,1.50,1.45
2018.03.12 09:12:51.550,0.746,0.74615,1.12,1.00
2018.03.12 09:12:52.157,0.74599,0.74616,1.00,1.57
2018.03.12 09:12:52.921,0.74598,0.74614,1.12,1.00
2018.03.12 09:12:53.488,0.74599,0.74616,1.00,1.57
2018.03.12 09:12:54.168,0.746,0.74616,1.00,1.57
2018.03.12 09:12:54.320,0.74598,0.74615,1.12,1.12
2018.03.12 09:12:54.371,0.74597,0.74614,1.00,1.57
2018.03.12 09:12:54.857,0.746,0.74617,1.12,1.57
2018.03.12 09:12:57.252,0.74599,0.74616,1.12,1.45
2018.03.12 09:12:57.303,0.74596,0.74615,1.37,1.57
2018.03.12 09:12:57.439,0.74595,0.74612,1.50,1.10
2018.03.12 09:12:57.490,0.74594,0.74611,1.50,1.00
2018.03.12 09:13:00.127,0.74596,0.74613,1.00,1.57
2018.03.12 09:13:00.283,0.74598,0.74615,2.25,1.20
2018.03.12 09:13:00.693,0.74601,0.74618,1.12,1.95
2018.03.12 09:13:04.211,0.74601,0.74618,1.12,1.95
2018.03.12 09:13:04.543,0.74598,0.74615,1.50,1.95
2018.03.12 09:13:04.889,0.746,0.74617,1.00,1.20
2018.03.12 09:13:06.332,0.74599,0.74615,1.12,1.07
2018.03.12 09:13:07.567,0.74599,0.74614,1.00,1.45
2018.03.12 09:13:08.773,0.74599,0.74614,1.00,1.95
2018.03.12 09:13:09.027,0.74596,0.74613,1.87,1.20
2018.03.12 09:13:09.545,0.74597,0.74613,1.00,1.20
2018.03.12 09:13:10.241,0.74597,0.74614,1.50,1.95
2018.03.12 09:13:10.828,0.74597,0.74615,1.00,1.95
2018.03.12 09:13:11.349,0.74596,0.74614,1.12,1.45
2018.03.12 09:13:11.874,0.74596,0.74613,1.87,1.07
2018.03.12 09:13:12.499,0.74597,0.74613,1.00,1.07
2018.03.12 09:13:13.016,0.74596,0.74612,1.12,1.10
2018.03.12 09:13:13.855,0.74594,0.74613,1.85,1.20
2018.03.12 09:13:18.099,0.74598,0.74615,1.12,1.20
2018.03.12 09:13:18.412,0.74595,0.74612,1.75,1.10
2018.03.12 09:13:18.463,0.74594,0.74611,1.50,1.12
2018.03.12 09:13:20.440,0.74595,0.74613,1.57,1.12
2018.03.12 09:13:22.544,0.74595,0.74614,1.82,1.12
2018.03.12 09:13:24.424,0.746,0.74617,1.50,1.20
2018.03.12 09:13:24.579,0.74597,0.74616,1.95,1.50
2018.03.12 09:13:25.136,0.74597,0.74614,1.82,1.00
2018.03.12 09:13:27.986,0.74596,0.74615,1.95,1.12
2018.03.12 09:13:28.868,0.74597,0.74614,1.85,1.00
2018.03.12 09:13:29.386,0.74599,0.74616,1.12,1.50
2018.03.12 09:13:33.541,0.74597,0.74614,1.82,1.00
2018.03.12 09:13:33.693,0.746,0.74617,1.12,1.20
2018.03.12 09:13:34.235,0.746,0.74617,1.12,1.12
2018.03.12 09:13:36.202,0.74599,0.74616,1.50,1.00
2018.03.12 09:13:36.394,0.74598,0.74615,1.00,1.00
2018.03.12 09:13:38.625,0.74599,0.74616,1.00,1.57
2018.03.12 09:13:38.788,0.74601,0.74617,1.12,1.20
2018.03.12 09:13:39.374,0.74601,0.74618,1.12,1.50
2018.03.12 09:13:39.704,0.746,0.74617,1.00,1.75
2018.03.12 09:13:40.981,0.74601,0.74618,1.12,1.50
2018.03.12 09:13:42.471,0.746,0.74616,1.50,1.00
2018.03.12 09:13:42.975,0.746,0.74617,1.50,1.12
2018.03.12 09:13:43.992,0.74599,0.74616,1.20,1.12
2018.03.12 09:13:46.144,0.74598,0.74615,1.57,1.00
2018.03.12 09:13:50.381,0.74599,0.74616,1.20,1.12
2018.03.12 09:13:51.459,0.74598,0.74615,1.57,1.00
2018.03.12 09:13:51.627,0.74596,0.74614,1.57,1.50
2018.03.12 09:14:00.488,0.74597,0.74614,1.07,1.50
2018.03.12 09:14:02.339,0.74598,0.74615,1.57,1.12
2018.03.12 09:14:03.130,0.74597,0.74613,1.07,1.00
2018.03.12 09:14:03.873,0.74598,0.74615,1.10,1.37
2018.03.12 09:14:05.244,0.74596,0.74613,1.57,1.00
2018.03.12 09:14:05.834,0.74597,0.74614,1.20,1.12
2018.03.12 09:14:07.506,0.74596,0.74613,1.47,1.00
2018.03.12 09:14:14.336,0.74595,0.74614,1.95,1.12
2018.03.12 09:14:15.554,0.74595,0.74612,1.57,1.12
2018.03.12 09:14:15.656,0.74598,0.74614,1.07,1.12
2018.03.12 09:14:15.708,0.74599,0.74616,1.20,1.12
2018.03.12 09:14:16.526,0.746,0.74617,1.10,1.37
2018.03.12 09:14:17.227,0.74599,0.74616,1.20,1.12
2018.03.12 09:14:17.790,0.74598,0.74615,1.57,1.00
2018.03.12 09:14:21.206,0.74599,0.74616,1.57,1.12
2018.03.12 09:14:21.257,0.74602,0.74619,1.50,1.95
2018.03.12 09:14:21.848,0.74601,0.74618,1.85,1.00
2018.03.12 09:14:25.628,0.74601,0.74618,1.57,1.37
2018.03.12 09:14:26.167,0.746,0.74617,1.95,1.12
2018.03.12 09:14:27.127,0.746,0.74617,1.95,1.00
2018.03.12 09:14:27.178,0.74602,0.74619,1.20,1.12
2018.03.12 09:14:27.444,0.74602,0.74621,1.95,1.50
2018.03.12 09:14:33.156,0.74602,0.74619,1.20,1.12
2018.03.12 09:14:33.658,0.74601,0.74619,1.45,1.12
2018.03.12 09:14:34.105,0.74601,0.74617,1.07,1.12
2018.03.12 09:14:34.473,0.74598,0.74615,1.95,1.00
2018.03.12 09:14:34.524,0.74597,0.74614,1.57,1.12
2018.03.12 09:14:34.625,0.74598,0.74617,2.70,1.50
2018.03.12 09:14:34.828,0.74597,0.74614,1.57,1.00
2018.03.12 09:14:35.459,0.74597,0.74615,1.10,1.50
2018.03.12 09:14:36.628,0.74597,0.74614,1.57,1.00
2018.03.12 09:14:38.201,0.74597,0.74614,1.57,1.00
2018.03.12 09:14:40.342,0.74599,0.74615,1.10,1.00
2018.03.12 09:14:40.443,0.746,0.74617,1.10,1.50
2018.03.12 09:14:43.747,0.74601,0.74618,1.12,1.12
2018.03.12 09:14:44.257,0.746,0.74617,1.50,1.00
2018.03.12 09:14:44.788,0.74599,0.74617,1.00,1.50
2018.03.12 09:14:49.871,0.74599,0.74616,1.57,1.00
2018.03.12 09:14:50.628,0.746,0.74617,1.10,1.50
2018.03.12 09:14:50.815,0.74602,0.74619,1.12,1.12
2018.03.12 09:14:51.340,0.74603,0.7462,1.00,1.50
2018.03.12 09:14:52.192,0.74602,0.74621,1.20,1.85
2018.03.12 09:14:52.933,0.74603,0.7462,1.00,1.50
2018.03.12 09:14:56.092,0.74603,0.7462,1.75,1.00
2018.03.12 09:14:56.762,0.74604,0.74621,1.57,1.12
2018.03.12 09:14:59.190,0.74606,0.74623,1.12,1.87
2018.03.12 09:14:59.444,0.74608,0.74625,1.00,1.75
2018.03.12 09:14:59.495,0.74608,0.74625,1.00,1.50
2018.03.12 09:15:05.137,0.74608,0.74625,1.07,1.00
2018.03.12 09:15:05.851,0.74609,0.74626,1.47,1.12
2018.03.12 09:15:07.142,0.74608,0.74625,1.57,1.12
2018.03.12 09:15:07.294,0.74605,0.74623,1.95,1.00
2018.03.12 09:15:07.621,0.74605,0.74622,1.20,1.50
2018.03.12 09:15:08.744,0.74605,0.74622,1.57,1.50
2018.03.12 09:15:10.015,0.74605,0.74622,1.20,1.50
2018.03.12 09:15:11.611,0.74605,0.74622,1.20,1.50
2018.03.12 09:15:16.189,0.74603,0.7462,1.20,1.12
2018.03.12 09:15:16.513,0.74602,0.74619,1.57,1.50
2018.03.12 09:15:16.666,0.74602,0.74619,1.20,1.50
2018.03.12 09:15:19.402,0.74601,0.74619,1.95,1.50
2018.03.12 09:15:21.520,0.74603,0.74619,1.12,1.00
2018.03.12 09:15:23.745,0.74603,0.74618,1.12,1.00
2018.03.12 09:15:24.724,0.74603,0.74617,1.12,1.00
2018.03.12 09:15:26.910,0.74603,0.74619,1.12,1.00
2018.03.12 09:15:27.121,0.74603,0.74617,1.12,1.00
2018.03.12 09:15:28.696,0.74603,0.74617,1.20,1.00
2018.03.12 09:15:29.293,0.74603,0.74618,1.20,1.00
2018.03.12 09:15:34.506,0.74604,0.74617,1.10,1.00
2018.03.12 09:15:35.013,0.74603,0.7462,1.20,1.87
2018.03.12 09:15:35.064,0.74605,0.74622,1.00,1.50
2018.03.12 09:15:35.855,0.74604,0.74622,1.50,1.00
2018.03.12 09:15:37.333,0.74605,0.74622,1.00,1.50
2018.03.12 09:15:37.886,0.74604,0.74622,1.50,1.00
2018.03.12 09:15:38.444,0.74605,0.74622,1.00,1.50
2018.03.12 09:15:40.340,0.74606,0.74623,1.50,1.20
2018.03.12 09:15:47.045,0.74607,0.74624,1.50,1.10
2018.03.12 09:15:49.110,0.74606,0.74623,1.00,1.50
2018.03.12 09:15:49.610,0.74608,0.74625,1.12,1.95
2018.03.12 09:15:50.356,0.74609,0.74625,1.00,1.20
2018.03.12 09:15:51.778,0.74608,0.74625,1.12,1.95
2018.03.12 09:15:55.179,0.74607,0.74624,1.50,1.00
2018.03.12 09:15:58.378,0.74605,0.74623,1.57,1.50
2018.03.12 09:16:00.510,0.74604,0.74621,1.12,1.12
2018.03.12 09:16:04.208,0.74604,0.74621,1.57,1.12
2018.03.12 09:16:04.259,0.74605,0.74624,1.50,2.92
2018.03.12 09:16:04.606,0.74607,0.74624,1.00,1.57
2018.03.12 09:16:04.979,0.74609,0.74626,1.50,1.95
2018.03.12 09:16:06.122,0.74608,0.74625,1.12,1.20
2018.03.12 09:16:07.207,0.74608,0.74625,1.12,2.32
2018.03.12 09:16:07.950,0.74606,0.74623,1.50,1.12
2018.03.12 09:16:09.856,0.74608,0.74624,1.12,1.00
2018.03.12 09:16:13.455,0.74608,0.74627,1.12,1.82
2018.03.12 09:16:13.573,0.74606,0.74623,1.82,1.00
2018.03.12 09:16:13.942,0.74606,0.74623,1.20,1.12
2018.03.12 09:16:18.235,0.74607,0.74624,1.00,1.50
2018.03.12 09:16:18.764,0.74606,0.74625,1.20,1.85
2018.03.12 09:16:21.105,0.74607,0.74624,1.00,1.50
2018.03.12 09:16:22.825,0.74606,0.74623,1.20,1.12
2018.03.12 09:16:24.861,0.74607,0.74624,1.00,1.50
2018.03.12 09:16:26.365,0.74605,0.74624,2.17,1.50
2018.03.12 09:16:26.870,0.74605,0.74624,2.55,1.50
2018.03.12 09:16:27.501,0.74606,0.74623,1.20,1.12
2018.03.12 09:16:29.092,0.74608,0.74625,1.12,1.50
2018.03.12 09:16:35.034,0.74609,0.74626,1.00,1.85
2018.03.12 09:16:39.039,0.74608,0.74627,1.12,1.75
2018.03.12 09:16:39.491,0.74608,0.74628,1.75,1.85
2018.03.12 09:16:41.166,0.74608,0.74625,1.20,1.12
2018.03.12 09:16:41.292,0.74606,0.74623,1.57,1.00
2018.03.12 09:16:41.343,0.74606,0.74623,1.20,1.12
2018.03.12 09:16:44.817,0.74607,0.74624,1.00,1.50
2018.03.12 09:16:45.357,0.74607,0.74624,1.37,1.50
2018.03.12 09:16:47.483,0.74609,0.74626,1.00,1.50
2018.03.12 09:16:47.585,0.7461,0.74627,1.12,2.32
2018.03.12 09:16:47.945,0.74608,0.74625,1.12,1.37
2018.03.12 09:16:54.711,0.74606,0.74623,1.10,1.00
2018.03.12 09:16:55.485,0.74607,0.74624,1.00,1.12
2018.03.12 09:16:59.542,0.74606,0.74625,1.00,1.50
2018.03.12 09:17:01.530,0.74607,0.74624,1.00,1.12
2018.03.12 09:17:08.986,0.74605,0.74622,1.12,1.00
2018.03.12 09:17:09.316,0.74609,0.74626,1.12,1.57
2018.03.12 09:17:09.620,0.74607,0.74624,1.12,1.12
2018.03.12 09:17:11.140,0.74608,0.74625,1.00,1.50
2018.03.12 09:17:15.434,0.74607,0.74624,1.12,1.12
2018.03.12 09:17:16.057,0.74609,0.74626,1.00,1.12
2018.03.12 09:17:18.162,0.7461,0.74627,1.00,1.57
2018.03.12 09:17:18.512,0.74612,0.74629,1.12,1.37
2018.03.12 09:17:35.542,0.74608,0.74625,1.20,1.00
2018.03.12 09:17:35.845,0.74607,0.74624,1.12,1.20
2018.03.12 09:17:36.242,0.74606,0.74625,1.12,1.95
2018.03.12 09:17:36.570,0.74605,0.74622,1.87,1.37
2018.03.12 09:17:37.194,0.74604,0.74621,1.20,1.50
2018.03.12 09:17:48.406,0.74605,0.74622,1.00,2.32
2018.03.12 09:17:49.900,0.74604,0.74622,1.95,1.75
2018.03.12 09:17:50.204,0.74606,0.74623,1.12,1.50
2018.03.12 09:17:51.320,0.74606,0.74624,1.47,1.12
2018.03.12 09:17:56.000,0.74606,0.74623,1.37,1.00
2018.03.12 09:18:10.526,0.74605,0.74624,1.57,1.12
2018.03.12 09:18:14.061,0.74609,0.74626,1.00,1.57
2018.03.12 09:18:15.176,0.74608,0.74626,1.50,1.00
2018.03.12 09:18:15.787,0.74608,0.74625,1.50,1.00
2018.03.12 09:18:22.614,0.74608,0.74625,1.12,1.37
2018.03.12 09:18:22.664,0.74605,0.74624,1.57,1.50
2018.03.12 09:18:24.698,0.74606,0.74621,1.00,1.00
2018.03.12 09:18:25.274,0.74604,0.74621,1.07,1.00
2018.03.12 09:18:29.216,0.74603,0.74619,1.07,1.00
2018.03.12 09:18:29.412,0.74602,0.74618,1.57,1.12
2018.03.12 09:18:29.935,0.74602,0.74619,1.57,1.50
2018.03.12 09:18:30.806,0.74603,0.7462,1.10,1.00
2018.03.12 09:18:30.857,0.74605,0.74621,1.07,1.00
2018.03.12 09:18:30.958,0.74606,0.74623,1.57,1.50
2018.03.12 09:18:31.473,0.74606,0.74623,1.10,1.50
2018.03.12 09:18:32.038,0.74607,0.74623,1.57,1.00
2018.03.12 09:18:32.089,0.74609,0.74626,2.70,1.12
2018.03.12 09:18:32.588,0.74613,0.7463,1.00,1.75
2018.03.12 09:18:32.639,0.74613,0.7463,1.12,1.12
2018.03.12 09:18:32.971,0.74616,0.74631,1.10,1.50
2018.03.12 09:18:33.022,0.74616,0.74633,1.57,1.50
2018.03.12 09:18:33.124,0.74619,0.74636,1.12,1.50
2018.03.12 09:18:43.339,0.74617,0.74634,1.07,1.00
2018.03.12 09:18:45.703,0.74616,0.74635,1.57,1.12
2018.03.12 09:18:49.810,0.74619,0.74636,1.12,1.12
2018.03.12 09:18:57.274,0.7462,0.74637,1.00,1.50
2018.03.12 09:19:00.494,0.74618,0.74635,1.57,1.00
2018.03.12 09:19:06.092,0.74618,0.74635,1.20,1.12
2018.03.12 09:19:11.505,0.74619,0.74636,1.00,1.50
2018.03.12 09:19:12.188,0.74618,0.74635,1.20,1.12
2018.03.12 09:19:18.264,0.74617,0.74634,1.57,1.00
2018.03.12 09:19:18.596,0.74614,0.74631,1.57,1.00
2018.03.12 09:19:20.140,0.74613,0.7463,1.57,1.12
2018.03.12 09:19:21.488,0.74613,0.74631,1.45,1.50
2018.03.12 09:19:23.128,0.74613,0.7463,1.57,1.12
2018.03.12 09:19:26.091,0.74613,0.7463,1.00,1.50
2018.03.12 09:19:26.864,0.74611,0.7463,1.45,1.50
2018.03.12 09:19:55.887,0.74614,0.74632,1.00,2.32
2018.03.12 09:19:57.403,0.74614,0.74632,1.00,2.25
2018.03.12 09:20:00.112,0.74614,0.74631,1.57,1.00
2018.03.12 09:20:00.245,0.74616,0.74633,1.87,1.20
2018.03.12 09:20:00.547,0.74619,0.74635,1.00,1.12
2018.03.12 09:20:02.837,0.7462,0.74636,1.00,2.32
2018.03.12 09:20:03.311,0.74618,0.74637,1.95,2.32
2018.03.12 09:20:03.362,0.7462,0.74637,1.12,2.32
2018.03.12 09:20:06.017,0.74618,0.74635,1.12,1.50
2018.03.12 09:20:18.959,0.74616,0.74633,1.80,1.12
2018.03.12 09:20:19.496,0.74616,0.74632,1.30,1.00
2018.03.12 09:20:21.069,0.74617,0.74632,1.00,1.00
2018.03.12 09:20:21.688,0.74617,0.74634,1.57,1.50
2018.03.12 09:20:22.898,0.74616,0.74634,1.80,1.50
2018.03.12 09:20:23.659,0.74617,0.74634,1.50,1.50
2018.03.12 09:20:26.867,0.74618,0.74635,1.00,1.00
2018.03.12 09:20:27.295,0.74619,0.74637,1.50,1.57
2018.03.12 09:20:39.844,0.74621,0.74638,1.00,1.75
2018.03.12 09:20:40.880,0.7462,0.74637,1.20,1.50
2018.03.12 09:20:42.698,0.7462,0.74637,2.70,1.50
2018.03.12 09:20:43.379,0.7462,0.74638,3.82,1.50
2018.03.12 09:20:52.884,0.74622,0.74638,1.35,1.50
2018.03.12 09:20:52.936,0.74623,0.74642,2.17,1.50
2018.03.12 09:20:53.543,0.74623,0.7464,2.17,1.00
2018.03.12 09:20:54.304,0.74624,0.74641,1.57,1.12
2018.03.12 09:20:55.186,0.74622,0.74639,2.92,1.12
2018.03.12 09:20:58.008,0.74623,0.74642,1.20,1.75
2018.03.12 09:20:58.117,0.74623,0.74642,1.57,1.50
2018.03.12 09:20:58.851,0.74625,0.74642,1.00,1.50
2018.03.12 09:21:09.575,0.74624,0.74641,1.12,1.12
2018.03.12 09:21:10.184,0.74623,0.7464,1.50,1.00
2018.03.12 09:21:10.846,0.74622,0.74641,1.75,1.12
2018.03.12 09:21:17.742,0.74623,0.7464,1.50,1.00
2018.03.12 09:21:17.844,0.74622,0.74639,1.12,1.50
2018.03.12 09:21:23.551,0.74617,0.74633,1.20,1.00
2018.03.12 09:21:23.755,0.74615,0.74632,1.50,1.12
2018.03.12 09:21:29.083,0.74614,0.74631,1.12,3.30
2018.03.12 09:21:29.270,0.74609,0.74626,1.50,1.12
2018.03.12 09:21:36.877,0.74608,0.74625,1.85,1.00
2018.03.12 09:21:37.437,0.74607,0.74626,1.82,1.12
2018.03.12 09:21:38.236,0.74608,0.74625,1.82,1.00
2018.03.12 09:21:38.464,0.74612,0.74629,1.57,1.12
2018.03.12 09:21:38.566,0.74615,0.74633,1.50,2.17
2018.03.12 09:21:38.922,0.74618,0.74634,1.00,1.95
2018.03.12 09:21:39.442,0.74618,0.74635,1.12,3.07
2018.03.12 09:21:40.130,0.74618,0.74635,1.12,2.55
2018.03.12 09:21:40.640,0.74619,0.74635,1.00,1.37
2018.03.12 09:21:42.135,0.74619,0.74635,1.00,2.17
2018.03.12 09:21:42.706,0.74619,0.74635,1.00,1.80
2018.03.12 09:21:43.612,0.74619,0.74635,1.00,1.80
2018.03.12 09:21:44.794,0.74618,0.74635,1.12,1.95
2018.03.12 09:21:46.626,0.74617,0.74634,1.37,1.00
2018.03.12 09:21:51.757,0.74616,0.74635,1.50,1.20
2018.03.12 09:21:52.500,0.74617,0.74634,1.37,1.10
2018.03.12 09:21:53.603,0.74617,0.74636,1.37,1.80
2018.03.12 09:21:54.141,0.74617,0.74634,1.12,1.12
2018.03.12 09:21:54.680,0.74616,0.74633,1.50,1.00
2018.03.12 09:22:00.324,0.74615,0.74634,1.85,1.20
2018.03.12 09:22:01.829,0.74616,0.74633,1.50,1.00
2018.03.12 09:22:04.308,0.74615,0.74634,1.85,1.20
2018.03.12 09:22:05.253,0.74616,0.74633,1.50,1.00
2018.03.12 09:22:05.787,0.74617,0.74634,1.87,1.12
2018.03.12 09:22:06.293,0.74618,0.74635,1.00,1.57
2018.03.12 09:22:06.820,0.74618,0.74635,1.50,1.12
2018.03.12 09:22:07.658,0.7462,0.74637,1.00,1.85
2018.03.12 09:22:07.709,0.7462,0.74637,1.20,1.12
2018.03.12 09:22:07.923,0.74618,0.74635,1.57,1.00
2018.03.12 09:22:08.568,0.74619,0.74636,1.00,1.50
2018.03.12 09:22:09.270,0.74618,0.74636,1.00,1.57
2018.03.12 09:22:10.443,0.74618,0.74634,1.00,1.00
2018.03.12 09:22:10.749,0.74619,0.74636,1.00,1.57
2018.03.12 09:22:12.799,0.74618,0.74636,1.50,1.57
2018.03.12 09:22:12.951,0.74617,0.74634,1.12,1.12
2018.03.12 09:22:13.458,0.74618,0.74635,1.00,2.32
2018.03.12 09:22:15.313,0.74618,0.74636,1.50,1.57
2018.03.12 09:22:15.508,0.7462,0.74637,1.12,1.20
2018.03.12 09:22:16.226,0.74619,0.74636,2.25,1.00
2018.03.12 09:22:16.415,0.74621,0.7464,1.75,2.32
2018.03.12 09:22:16.947,0.74622,0.74639,1.50,1.20
2018.03.12 09:22:17.340,0.74621,0.74638,1.12,1.47
2018.03.12 09:22:24.800,0.74622,0.74639,1.00,1.50
2018.03.12 09:22:24.851,0.74622,0.74639,1.50,1.12
2018.03.12 09:22:30.080,0.74623,0.74639,1.50,1.20
2018.03.12 09:22:30.630,0.74624,0.74641,1.50,1.20
2018.03.12 09:22:33.171,0.74623,0.7464,1.12,1.47
2018.03.12 09:22:36.508,0.7462,0.74639,1.57,1.85
2018.03.12 09:22:39.223,0.74621,0.74638,1.00,1.75
2018.03.12 09:22:39.376,0.74619,0.74636,1.20,1.12
2018.03.12 09:22:39.477,0.74619,0.74636,1.10,1.75
2018.03.12 09:22:40.041,0.74618,0.74633,1.10,1.00
2018.03.12 09:22:41.265,0.74617,0.74634,1.95,1.12
2018.03.12 09:22:49.624,0.74618,0.74635,1.47,1.37
2018.03.12 09:22:49.675,0.7462,0.74637,1.12,1.20
2018.03.12 09:22:50.401,0.74621,0.74638,1.50,2.25
2018.03.12 09:22:50.553,0.74622,0.74639,1.00,1.57
2018.03.12 09:22:52.421,0.74621,0.74638,1.57,1.00
2018.03.12 09:22:53.027,0.74621,0.74639,1.00,1.57
2018.03.12 09:22:53.609,0.74621,0.74638,1.50,1.00
2018.03.12 09:22:54.148,0.7462,0.74637,1.12,1.12
2018.03.12 09:22:55.375,0.74617,0.74636,2.92,1.50
2018.03.12 09:22:55.850,0.7462,0.74637,1.00,1.00
2018.03.12 09:22:56.358,0.74621,0.74638,1.00,1.10
2018.03.12 09:22:57.500,0.74622,0.74639,1.00,3.07
2018.03.12 09:22:59.246,0.7462,0.74637,1.50,1.00
2018.03.12 09:22:59.771,0.7462,0.74638,1.10,1.00
2018.03.12 09:23:02.224,0.74622,0.74639,1.00,1.57
2018.03.12 09:23:05.097,0.74622,0.74639,1.00,1.57
2018.03.12 09:23:06.884,0.74621,0.74639,1.00,1.07
2018.03.12 09:23:07.937,0.74622,0.74639,1.00,2.32
2018.03.12 09:23:09.437,0.74622,0.74639,1.00,2.32
2018.03.12 09:23:11.816,0.74621,0.74639,1.00,1.10
2018.03.12 09:23:12.275,0.74623,0.7464,1.12,1.57
2018.03.12 09:23:17.845,0.74624,0.74641,1.12,2.70
2018.03.12 09:23:19.364,0.74623,0.7464,1.50,1.07
2018.03.12 09:23:20.907,0.74623,0.7464,1.50,1.10
2018.03.12 09:23:21.317,0.74621,0.7464,1.50,1.82
2018.03.12 09:23:32.811,0.7462,0.74637,1.75,1.00
2018.03.12 09:23:33.402,0.74621,0.7464,1.50,3.30
2018.03.12 09:23:38.154,0.74621,0.74638,1.00,1.57
2018.03.12 09:23:38.763,0.74622,0.74638,1.00,1.00
2018.03.12 09:23:39.475,0.7462,0.74637,1.50,1.10
2018.03.12 09:23:39.576,0.74619,0.74636,1.12,1.47
2018.03.12 09:23:50.785,0.74619,0.74636,1.50,1.00
2018.03.12 09:23:51.362,0.7462,0.74637,1.37,1.20
2018.03.12 09:23:55.529,0.74622,0.74639,1.00,1.57
2018.03.12 09:23:56.164,0.74621,0.7464,1.12,1.82
2018.03.12 09:24:06.151,0.7462,0.74637,1.12,1.12
2018.03.12 09:24:08.196,0.74619,0.74636,1.57,1.00
2018.03.12 09:24:08.926,0.7462,0.74637,1.12,1.12
2018.03.12 09:24:09.408,0.74618,0.74635,1.45,1.12
2018.03.12 09:24:19.338,0.7462,0.74637,1.12,1.20
2018.03.12 09:24:25.487,0.74621,0.74637,1.00,1.12
2018.03.12 09:24:26.015,0.7462,0.74638,1.20,1.50
2018.03.12 09:24:26.560,0.74621,0.74637,1.00,1.12
2018.03.12 09:24:28.541,0.74622,0.74638,1.00,1.50
2018.03.12 09:24:28.592,0.7462,0.74639,1.20,1.85
2018.03.12 09:24:28.882,0.74621,0.7464,1.50,2.32
2018.03.12 09:24:39.171,0.7462,0.74637,1.87,1.12
2018.03.12 09:24:39.425,0.74621,0.7464,1.50,1.57
2018.03.12 09:24:40.794,0.74621,0.7464,1.12,1.57
2018.03.12 09:24:41.390,0.74619,0.74638,1.57,1.50
2018.03.12 09:24:41.718,0.74621,0.7464,1.95,1.75
2018.03.12 09:24:50.939,0.74622,0.74639,1.20,1.50
2018.03.12 09:24:51.927,0.74622,0.74639,1.20,1.50
2018.03.12 09:24:58.789,0.74622,0.74639,1.57,1.00
2018.03.12 09:24:59.262,0.74624,0.74641,1.10,1.00
2018.03.12 09:24:59.364,0.74625,0.74643,1.57,1.50
2018.03.12 09:24:59.466,0.74627,0.74643,1.00,1.00
2018.03.12 09:24:59.517,0.74627,0.74645,1.50,1.20
2018.03.12 09:25:01.651,0.74629,0.74646,1.00,2.25
2018.03.12 09:25:02.178,0.74629,0.74646,1.50,1.00
2018.03.12 09:25:04.187,0.74629,0.74647,1.07,1.00
2018.03.12 09:25:04.793,0.74629,0.74647,1.57,1.50
2018.03.12 09:25:06.113,0.74629,0.74646,1.57,1.00
2018.03.12 09:25:08.585,0.74629,0.74646,1.10,1.75
2018.03.12 09:25:09.123,0.74628,0.74645,1.20,1.50
2018.03.12 09:25:11.230,0.74629,0.74646,1.00,1.75
2018.03.12 09:25:11.740,0.74629,0.74646,1.07,1.75
2018.03.12 09:25:17.794,0.74629,0.74646,1.00,1.75
2018.03.12 09:25:18.372,0.74626,0.74642,1.20,1.00
2018.03.12 09:25:18.423,0.74626,0.74644,1.20,1.12
2018.03.12 09:25:18.524,0.74625,0.74642,1.20,1.50
2018.03.12 09:25:19.043,0.74625,0.74642,1.10,1.50
2018.03.12 09:25:19.664,0.74625,0.74642,1.20,1.50
2018.03.12 09:25:21.262,0.74625,0.74642,1.20,1.50
2018.03.12 09:25:21.514,0.74625,0.74642,1.10,1.50
2018.03.12 09:25:21.614,0.74625,0.74642,1.20,1.50
2018.03.12 09:25:22.808,0.74625,0.74642,1.20,1.50
2018.03.12 09:25:23.351,0.74625,0.74642,1.20,1.50
2018.03.12 09:25:24.077,0.74625,0.74642,1.20,1.50
2018.03.12 09:25:24.804,0.74625,0.74642,1.45,1.50
2018.03.12 09:25:25.352,0.74626,0.74643,1.57,1.00
2018.03.12 09:25:25.792,0.74627,0.74644,1.20,1.50
2018.03.12 09:25:26.322,0.74628,0.74645,1.20,1.12
2018.03.12 09:25:26.860,0.74627,0.74644,1.57,1.00
2018.03.12 09:25:27.835,0.74626,0.74643,1.95,1.00
2018.03.12 09:25:28.071,0.74628,0.74645,1.20,1.12
2018.03.12 09:25:28.811,0.74627,0.74646,1.95,1.50
2018.03.12 09:25:29.218,0.74629,0.74648,1.95,1.75
2018.03.12 09:25:30.359,0.7463,0.74647,1.20,1.50
2018.03.12 09:25:32.815,0.74629,0.74645,1.45,1.00
2018.03.12 09:25:33.346,0.74631,0.7465,1.45,1.75
2018.03.12 09:25:33.838,0.7463,0.74646,1.07,1.00
2018.03.12 09:25:34.380,0.7463,0.74647,1.57,1.12
2018.03.12 09:25:35.076,0.7463,0.74647,1.57,1.12
2018.03.12 09:25:35.649,0.7463,0.74647,1.20,1.12
2018.03.12 09:25:36.269,0.74629,0.74646,1.95,1.00
2018.03.12 09:25:36.622,0.74629,0.74644,1.07,1.00
2018.03.12 09:25:36.674,0.74629,0.74646,1.57,1.12
2018.03.12 09:25:38.088,0.7463,0.74647,1.57,1.50
2018.03.12 09:25:38.435,0.74631,0.74648,1.57,1.37
2018.03.12 09:25:39.201,0.74632,0.74648,1.07,1.00
2018.03.12 09:25:39.770,0.74632,0.7465,1.07,1.37
2018.03.12 09:25:41.900,0.74632,0.74649,1.57,1.12
2018.03.12 09:25:42.430,0.74634,0.74652,1.57,1.75
2018.03.12 09:25:43.040,0.74634,0.74652,1.20,1.75
2018.03.12 09:25:44.924,0.74634,0.74652,1.57,1.75
2018.03.12 09:25:45.426,0.74634,0.74652,1.20,2.25
2018.03.12 09:25:46.115,0.74634,0.74651,1.12,1.50
2018.03.12 09:25:49.722,0.74634,0.74651,1.57,1.50
2018.03.12 09:25:51.221,0.74634,0.74651,1.20,1.50
2018.03.12 09:25:51.685,0.74635,0.74652,1.57,1.12
2018.03.12 09:25:51.991,0.74633,0.7465,1.57,1.12
2018.03.12 09:25:52.539,0.74634,0.74651,1.45,1.50
2018.03.12 09:25:54.456,0.74633,0.7465,1.57,1.12
2018.03.12 09:25:54.987,0.74632,0.74649,1.95,1.00
2018.03.12 09:25:55.549,0.74632,0.74649,1.95,1.37
2018.03.12 09:25:56.150,0.74631,0.74648,1.95,1.12
2018.03.12 09:25:58.953,0.74631,0.74648,1.95,1.12
2018.03.12 09:25:59.604,0.74631,0.74647,1.45,1.00
2018.03.12 09:26:00.139,0.74631,0.74647,1.45,1.00
2018.03.12 09:26:03.366,0.7463,0.74648,1.20,1.12
2018.03.12 09:26:04.788,0.74629,0.74648,1.95,1.50
2018.03.12 09:26:05.591,0.74629,0.74647,1.45,1.00
2018.03.12 09:26:11.486,0.7463,0.74647,1.10,1.50
2018.03.12 09:26:11.783,0.7463,0.74647,1.20,1.50
2018.03.12 09:26:13.012,0.7463,0.74647,1.20,1.50
2018.03.12 09:26:32.431,0.74632,0.74649,1.20,1.12
2018.03.12 09:26:39.309,0.7463,0.74647,1.95,1.12
2018.03.12 09:26:45.827,0.7463,0.74649,1.95,1.12
2018.03.12 09:26:47.749,0.74633,0.74651,1.07,1.75
2018.03.12 09:26:48.366,0.74633,0.7465,1.20,1.50
2018.03.12 09:26:49.097,0.74633,0.7465,1.57,1.50
2018.03.12 09:26:49.685,0.74629,0.74648,1.95,1.50
2018.03.12 09:26:50.040,0.74629,0.74648,1.57,1.50
2018.03.12 09:26:50.541,0.74631,0.74648,1.00,1.57
2018.03.12 09:26:53.643,0.74633,0.7465,1.50,1.12
2018.03.12 09:26:59.943,0.74633,0.7465,1.50,1.20
2018.03.12 09:27:00.448,0.74633,0.7465,1.00,1.20
2018.03.12 09:27:01.715,0.74633,0.7465,1.00,1.20
2018.03.12 09:27:03.186,0.74633,0.7465,1.00,1.20
2018.03.12 09:27:03.237,0.7463,0.74649,1.57,1.10
2018.03.12 09:27:03.289,0.7463,0.74647,1.50,1.12
2018.03.12 09:27:10.044,0.7463,0.74647,1.50,1.20
2018.03.12 09:27:12.762,0.7463,0.74647,1.50,1.20
2018.03.12 09:27:14.814,0.74632,0.74649,1.37,1.57
2018.03.12 09:27:18.876,0.74632,0.74649,1.37,1.20
2018.03.12 09:27:19.003,0.74631,0.74648,1.12,1.57
2018.03.12 09:27:31.637,0.74629,0.74646,1.95,1.00
2018.03.12 09:27:31.789,0.74627,0.74646,1.95,1.37
2018.03.12 09:27:33.398,0.74627,0.74644,1.20,1.12
2018.03.12 09:27:33.500,0.74625,0.74642,1.07,1.50
2018.03.12 09:27:33.702,0.74626,0.74643,1.57,1.12
2018.03.12 09:27:34.503,0.74627,0.74646,1.95,1.75
2018.03.12 09:27:35.626,0.74628,0.74645,1.20,1.50
2018.03.12 09:27:35.973,0.74629,0.74646,1.57,1.12
2018.03.12 09:27:38.219,0.74631,0.74648,1.00,1.75
2018.03.12 09:27:38.794,0.7463,0.74647,1.20,1.50
2018.03.12 09:27:41.073,0.74629,0.74646,1.95,1.12
2018.03.12 09:27:41.812,0.74629,0.74646,1.95,1.12
2018.03.12 09:27:47.882,0.74629,0.74645,1.45,1.00
2018.03.12 09:27:48.102,0.74626,0.74643,1.45,1.00
2018.03.12 09:27:48.700,0.74626,0.74642,1.07,1.12
2018.03.12 09:27:52.735,0.74624,0.74643,1.95,1.50
2018.03.12 09:28:02.691,0.74625,0.74642,2.55,1.00
2018.03.12 09:28:02.793,0.74629,0.74646,1.57,1.12
2018.03.12 09:28:04.403,0.74629,0.74645,1.45,1.00
2018.03.12 09:28:04.931,0.74629,0.74645,1.45,1.00
2018.03.12 09:28:06.092,0.74628,0.74645,1.57,1.37
2018.03.12 09:28:07.095,0.74626,0.74646,3.30,1.50
2018.03.12 09:28:08.473,0.74626,0.74646,3.30,1.50
2018.03.12 09:28:25.012,0.74626,0.74644,1.75,1.50
2018.03.12 09:28:26.113,0.74626,0.74643,2.17,1.12
2018.03.12 09:28:26.215,0.74626,0.74643,1.57,1.12
2018.03.12 09:28:26.723,0.74626,0.74645,1.57,1.75
2018.03.12 09:28:35.268,0.74627,0.74644,1.45,1.50
2018.03.12 09:28:36.327,0.74627,0.74644,1.45,1.50
2018.03.12 09:28:37.717,0.74626,0.74643,1.57,1.12
2018.03.12 09:28:38.264,0.74626,0.74643,1.57,1.12
2018.03.12 09:28:38.779,0.74625,0.74643,1.20,1.12
2018.03.12 09:28:39.393,0.74625,0.74643,1.20,1.12
2018.03.12 09:28:39.923,0.74625,0.74643,1.20,1.12
2018.03.12 09:28:40.800,0.74626,0.74643,1.07,1.12
2018.03.12 09:28:40.915,0.74624,0.74641,1.95,1.00
2018.03.12 09:28:45.186,0.74624,0.74642,1.20,1.50
2018.03.12 09:28:45.694,0.74624,0.74641,1.95,1.00
2018.03.12 09:28:46.244,0.74624,0.74641,1.57,1.00
2018.03.12 09:28:47.192,0.74624,0.74641,1.95,1.00
2018.03.12 09:28:49.714,0.74624,0.74642,1.45,1.50
2018.03.12 09:28:54.447,0.74625,0.74642,1.45,1.50
2018.03.12 09:29:00.191,0.74626,0.74643,1.57,1.87
2018.03.12 09:29:01.713,0.74626,0.74642,1.07,1.00
2018.03.12 09:29:02.290,0.74626,0.74644,1.07,1.50
2018.03.12 09:29:09.900,0.74626,0.74643,1.57,1.12
2018.03.12 09:29:12.505,0.74627,0.74644,1.20,1.50
2018.03.12 09:29:13.067,0.74626,0.74645,1.57,1.75
2018.03.12 09:29:14.031,0.74626,0.74643,2.17,1.12
2018.03.12 09:29:14.931,0.74623,0.74643,1.95,2.25
2018.03.12 09:29:14.982,0.74623,0.74641,1.95,1.12
2018.03.12 09:29:15.293,0.74623,0.7464,1.12,1.12
2018.03.12 09:29:15.833,0.74623,0.7464,1.57,2.62
2018.03.12 09:29:16.386,0.74623,0.7464,1.20,1.87
2018.03.12 09:29:16.607,0.74623,0.7464,1.10,2.25
2018.03.12 09:29:17.128,0.74621,0.74636,1.45,1.00
2018.03.12 09:29:21.353,0.74622,0.74638,1.20,1.00
2018.03.12 09:29:21.651,0.74622,0.74639,1.57,1.12
2018.03.12 09:29:31.820,0.74623,0.74639,1.10,1.12
2018.03.12 09:29:32.859,0.74622,0.74638,1.07,1.00
2018.03.12 09:29:33.634,0.74621,0.74638,1.95,1.00
2018.03.12 09:29:34.779,0.7462,0.74637,1.95,1.00
2018.03.12 09:29:35.434,0.74621,0.74637,1.10,1.00
2018.03.12 09:29:35.972,0.74621,0.74636,1.00,1.00
2018.03.12 09:29:36.493,0.7462,0.74636,1.57,1.00
2018.03.12 09:29:43.002,0.74618,0.74635,1.07,2.25
2018.03.12 09:29:48.495,0.74617,0.74634,1.95,1.12
2018.03.12 09:29:50.948,0.74617,0.74634,1.95,1.12
2018.03.12 09:29:56.182,0.74616,0.74633,1.45,1.50
2018.03.12 09:29:57.006,0.74615,0.74633,2.55,1.50
2018.03.12 09:29:57.717,0.74616,0.74634,1.95,1.12
2018.03.12 09:29:59.040,0.74617,0.74634,1.95,1.87
2018.03.12 09:29:59.652,0.74617,0.74634,1.95,1.12
2018.03.12 09:30:00.159,0.74618,0.74634,1.07,1.12
2018.03.12 09:30:03.091,0.74617,0.74635,1.45,2.25
2018.03.12 09:30:03.847,0.74617,0.74634,1.95,1.12
2018.03.12 09:30:06.136,0.74617,0.74634,1.45,1.12
2018.03.12 09:30:06.456,0.74616,0.74633,1.20,1.87
2018.03.12 09:30:06.600,0.74616,0.74633,1.00,2.25
2018.03.12 09:30:07.132,0.74614,0.74632,1.45,1.50
2018.03.12 09:30:12.606,0.74615,0.74632,1.07,1.50
2018.03.12 09:30:13.132,0.74614,0.74632,1.45,1.50
2018.03.12 09:30:14.629,0.74614,0.74631,1.57,1.37
2018.03.12 09:30:14.952,0.7461,0.74628,1.45,1.00
2018.03.12 09:30:15.665,0.7461,0.74627,1.95,1.00
2018.03.12 09:30:16.405,0.74611,0.74628,1.45,1.00
2018.03.12 09:30:17.320,0.7461,0.74627,1.95,1.00
2018.03.12 09:30:17.371,0.74612,0.74629,1.20,1.50
2018.03.12 09:30:17.878,0.74613,0.7463,1.20,1.37
2018.03.12 09:30:18.392,0.74613,0.7463,1.57,1.37
2018.03.12 09:30:18.989,0.74615,0.74632,1.07,2.25
2018.03.12 09:30:19.040,0.74617,0.74632,1.20,1.00
2018.03.12 09:30:19.091,0.74617,0.74634,1.95,1.50
2018.03.12 09:30:19.656,0.74617,0.74634,1.50,1.57
2018.03.12 09:30:29.534,0.74617,0.74635,1.00,2.32
2018.03.12 09:30:30.060,0.74618,0.74635,1.00,2.25
2018.03.12 09:30:38.045,0.74617,0.74635,1.57,1.50
2018.03.12 09:30:40.938,0.74618,0.74635,1.00,1.50
2018.03.12 09:30:42.052,0.74617,0.74635,1.57,1.00
2018.03.12 09:30:43.286,0.74618,0.74636,1.00,1.57
2018.03.12 09:30:43.836,0.74619,0.74636,1.00,1.57
2018.03.12 09:30:44.797,0.74618,0.74635,1.50,1.00
2018.03.12 09:30:45.094,0.7462,0.74636,1.00,1.10
2018.03.12 09:30:49.965,0.74619,0.74636,1.00,1.10
2018.03.12 09:30:53.502,0.7462,0.74636,1.00,1.10
2018.03.12 09:31:03.669,0.7462,0.74637,1.50,1.20
2018.03.12 09:31:24.788,0.74621,0.74638,1.57,1.87
2018.03.12 09:31:26.102,0.7462,0.74637,1.95,1.00
2018.03.12 09:31:32.113,0.74623,0.7464,1.00,1.85
2018.03.12 09:31:32.215,0.74625,0.74642,1.12,1.12
2018.03.12 09:31:32.317,0.74626,0.74645,1.50,2.32
2018.03.12 09:31:32.641,0.74634,0.74651,1.00,1.75
2018.03.12 09:31:32.692,0.74635,0.74652,1.57,1.12
2018.03.12 09:31:32.743,0.74637,0.74654,1.20,1.75
2018.03.12 09:31:32.794,0.74638,0.74655,1.57,1.12
2018.03.12 09:31:32.895,0.74638,0.74657,1.95,2.62
2018.03.12 09:31:33.428,0.74639,0.74656,1.57,1.00
2018.03.12 09:31:33.666,0.74638,0.74653,1.50,1.00
2018.03.12 09:31:33.768,0.74635,0.74651,1.10,1.00
2018.03.12 09:31:36.753,0.74635,0.74652,1.00,2.25
2018.03.12 09:31:37.375,0.74634,0.74651,1.20,1.50
2018.03.12 09:32:11.622,0.74634,0.74651,1.20,1.50
2018.03.12 09:32:12.824,0.74635,0.74652,1.57,1.12
2018.03.12 09:32:13.356,0.74635,0.74651,1.37,1.12
2018.03.12 09:32:13.407,0.74636,0.74653,1.57,1.12
2018.03.12 09:32:15.852,0.74636,0.74653,1.20,1.12
2018.03.12 09:32:16.553,0.74637,0.74654,1.00,1.50
2018.03.12 09:32:18.118,0.74638,0.74654,1.12,1.12
2018.03.12 09:32:19.658,0.74637,0.74653,1.05,1.00
2018.03.12 09:32:19.760,0.74636,0.74653,1.57,1.75
2018.03.12 09:32:21.270,0.74634,0.7465,1.00,1.50
2018.03.12 09:32:21.597,0.7463,0.74647,2.55,1.50
2018.03.12 09:32:22.319,0.74631,0.74648,1.07,1.75
2018.03.12 09:32:23.223,0.74631,0.74648,1.10,1.75
2018.03.12 09:32:23.576,0.74632,0.74649,1.47,1.12
2018.03.12 09:32:23.883,0.74634,0.74653,1.37,1.57
2018.03.12 09:32:24.087,0.74633,0.7465,1.12,1.12
2018.03.12 09:32:24.260,0.74633,0.74653,1.85,1.82
2018.03.12 09:32:26.258,0.74634,0.74652,1.95,1.50
2018.03.12 09:32:36.205,0.74635,0.74651,1.07,1.12
2018.03.12 09:32:37.410,0.74635,0.74652,1.20,1.50
2018.03.12 09:32:37.920,0.74635,0.74652,1.57,1.50
2018.03.12 09:32:38.065,0.74636,0.74653,1.20,1.12
2018.03.12 09:32:40.537,0.74636,0.74653,1.57,1.12
2018.03.12 09:32:41.281,0.74635,0.74654,1.95,1.12
2018.03.12 09:32:43.597,0.74637,0.74655,1.95,3.00
2018.03.12 09:32:45.095,0.74637,0.74655,1.57,2.25
2018.03.12 09:32:47.240,0.74638,0.74655,1.20,2.25
2018.03.12 09:32:47.442,0.7464,0.74657,1.12,1.87
2018.03.12 09:32:48.085,0.74639,0.74656,1.57,1.00
2018.03.12 09:32:50.412,0.74638,0.74657,1.82,1.87
2018.03.12 09:32:51.830,0.74641,0.74658,1.12,1.00
2018.03.12 09:32:52.512,0.7464,0.74657,1.20,1.12
2018.03.12 09:32:52.985,0.7464,0.74657,1.45,1.00
2018.03.12 09:32:53.086,0.74643,0.7466,1.12,1.20
2018.03.12 09:32:53.342,0.74645,0.74662,1.12,1.00
2018.03.12 09:32:53.646,0.7464,0.74659,1.45,2.25
2018.03.12 09:32:55.335,0.74642,0.74658,1.00,1.37
2018.03.12 09:32:55.748,0.74642,0.74659,1.50,1.00
2018.03.12 09:32:55.927,0.74643,0.7466,1.47,1.12
2018.03.12 09:32:56.325,0.7464,0.74659,1.57,2.32
2018.03.12 09:33:09.170,0.74641,0.74658,1.12,3.45
2018.03.12 09:33:09.322,0.74638,0.74657,1.57,1.50
2018.03.12 09:33:12.282,0.74639,0.74656,1.47,1.00
2018.03.12 09:33:12.795,0.7464,0.74658,1.12,1.95
2018.03.12 09:33:12.946,0.74637,0.74654,1.95,1.12
2018.03.12 09:33:16.056,0.74637,0.74654,1.20,1.12
2018.03.12 09:33:17.626,0.74637,0.74654,1.20,1.12
2018.03.12 09:33:18.338,0.74637,0.74654,1.20,1.12
2018.03.12 09:33:26.243,0.74638,0.74655,1.00,1.50
2018.03.12 09:33:30.901,0.74637,0.74656,1.20,1.85
2018.03.12 09:33:31.453,0.74638,0.74655,1.00,1.50
2018.03.12 09:33:33.956,0.74637,0.74656,1.20,1.85
2018.03.12 09:33:35.374,0.74638,0.74655,1.00,1.50
2018.03.12 09:33:36.563,0.74637,0.74656,1.20,1.85
2018.03.12 09:33:37.481,0.74638,0.74655,1.00,1.50
2018.03.12 09:33:40.189,0.74637,0.74656,1.20,1.85
2018.03.12 09:33:46.098,0.74638,0.74655,1.00,1.37
2018.03.12 09:33:48.555,0.74637,0.74656,1.12,1.57
2018.03.12 09:33:50.016,0.74638,0.74655,1.00,1.47
2018.03.12 09:33:51.463,0.74639,0.74656,1.12,1.57
2018.03.12 09:33:55.134,0.7464,0.74657,1.00,2.92
2018.03.12 09:33:55.654,0.74639,0.74657,1.12,2.55
2018.03.12 09:34:05.711,0.7464,0.74657,1.00,4.05
2018.03.12 09:34:06.523,0.74639,0.74657,1.12,2.55
2018.03.12 09:34:07.779,0.7464,0.74657,1.00,3.30
2018.03.12 09:34:08.503,0.74638,0.74655,1.50,1.12
2018.03.12 09:34:11.676,0.74642,0.74659,1.00,2.70
2018.03.12 09:34:11.726,0.74642,0.74659,1.00,1.00
2018.03.12 09:34:12.294,0.74642,0.74661,1.50,3.45
2018.03.12 09:34:12.397,0.7464,0.74658,1.12,1.20
2018.03.12 09:34:12.499,0.74638,0.74655,1.12,1.12
2018.03.12 09:34:19.122,0.7464,0.74657,1.12,2.32
2018.03.12 09:34:19.638,0.74641,0.74658,1.12,2.55
2018.03.12 09:34:21.008,0.74639,0.74656,1.12,1.37
2018.03.12 09:34:24.804,0.74637,0.74656,1.50,1.57
2018.03.12 09:34:26.183,0.74638,0.74655,1.37,1.12
2018.03.12 09:34:40.607,0.74638,0.74655,1.37,1.20
2018.03.12 09:34:40.665,0.74636,0.74654,1.00,1.57
2018.03.12 09:34:41.364,0.74636,0.74652,1.00,1.00
2018.03.12 09:34:41.948,0.74636,0.74653,1.00,1.00
2018.03.12 09:34:43.638,0.74636,0.74652,1.00,1.00
2018.03.12 09:34:44.085,0.74636,0.74654,1.00,1.50
2018.03.12 09:34:45.554,0.74634,0.74651,1.57,1.12
2018.03.12 09:34:49.607,0.74634,0.74651,1.95,1.12
2018.03.12 09:34:50.281,0.74634,0.74651,1.57,1.12
2018.03.12 09:34:50.583,0.74634,0.74651,1.10,1.50
2018.03.12 09:34:50.685,0.74634,0.74651,1.47,1.00
2018.03.12 09:34:50.737,0.74631,0.74648,2.32,1.00
2018.03.12 09:34:50.788,0.74631,0.74648,1.07,1.50
2018.03.12 09:34:51.078,0.74631,0.74648,1.47,1.12
2018.03.12 09:34:51.606,0.7463,0.74647,1.20,1.50
2018.03.12 09:34:53.022,0.74632,0.74649,1.12,2.32
2018.03.12 09:35:00.026,0.74632,0.74648,1.12,1.07
2018.03.12 09:35:01.081,0.74632,0.74649,1.12,1.57
2018.03.12 09:35:01.888,0.74632,0.74649,1.12,1.45
2018.03.12 09:35:02.494,0.74633,0.74649,1.00,1.45
2018.03.12 09:35:06.743,0.74633,0.74649,1.00,1.45
2018.03.12 09:35:10.520,0.74632,0.74649,1.12,1.95
2018.03.12 09:35:14.631,0.74633,0.7465,1.37,1.57
2018.03.12 09:35:15.368,0.74633,0.7465,1.37,1.57
2018.03.12 09:35:16.528,0.74633,0.7465,1.37,1.20
2018.03.12 09:35:17.587,0.74633,0.7465,1.37,1.57
2018.03.12 09:35:19.625,0.74633,0.7465,1.37,1.12
2018.03.12 09:35:22.425,0.74633,0.7465,1.37,1.20
2018.03.12 09:35:22.954,0.74635,0.74652,1.00,1.57
2018.03.12 09:35:23.056,0.74635,0.74653,1.50,1.45
2018.03.12 09:35:23.227,0.74635,0.74654,1.75,1.20
2018.03.12 09:35:23.989,0.74636,0.74654,1.75,1.07
2018.03.12 09:35:26.414,0.74635,0.74654,1.85,1.20
2018.03.12 09:35:33.452,0.74637,0.74654,1.50,1.57
2018.03.12 09:35:34.177,0.74638,0.74655,1.12,2.70
2018.03.12 09:35:34.747,0.74638,0.74654,1.12,1.07
2018.03.12 09:35:36.770,0.74638,0.74654,1.12,1.07
2018.03.12 09:35:37.525,0.74638,0.74655,1.12,1.95
2018.03.12 09:35:38.355,0.74636,0.74654,1.75,1.07
2018.03.12 09:35:38.406,0.74636,0.74654,1.50,1.20
2018.03.12 09:35:38.975,0.74636,0.74654,1.50,1.20
2018.03.12 09:35:39.588,0.74637,0.74654,1.00,1.95
2018.03.12 09:35:40.080,0.74635,0.74652,1.12,1.12
2018.03.12 09:35:40.957,0.74634,0.74651,1.50,1.00
2018.03.12 09:35:41.641,0.74633,0.7465,1.50,1.12
2018.03.12 09:35:51.231,0.74632,0.74649,1.20,1.12
2018.03.12 09:35:51.333,0.74633,0.7465,1.37,1.50
2018.03.12 09:35:54.123,0.74632,0.74649,1.12,1.12
2018.03.12 09:36:01.297,0.74633,0.7465,1.00,1.50
2018.03.12 09:36:06.458,0.74631,0.7465,1.50,2.25
2018.03.12 09:36:07.361,0.74631,0.74648,1.57,1.00
2018.03.12 09:36:19.672,0.7463,0.74649,1.75,1.95
2018.03.12 09:36:19.775,0.74631,0.74648,1.50,1.57
2018.03.12 09:36:20.298,0.74629,0.74648,1.50,2.32
2018.03.12 09:36:21.115,0.74629,0.74648,1.50,1.95
2018.03.12 09:36:22.542,0.74632,0.74648,1.50,1.00
2018.03.12 09:36:22.645,0.74634,0.74652,1.00,2.17
2018.03.12 09:36:22.753,0.74634,0.74648,1.00,1.10
2018.03.12 09:36:22.803,0.74629,0.74646,1.20,1.50
2018.03.12 09:36:22.904,0.7463,0.74647,1.57,1.12
2018.03.12 09:36:23.132,0.74632,0.74649,1.12,1.20
2018.03.12 09:36:25.460,0.7463,0.74647,1.12,1.12
2018.03.12 09:36:27.544,0.74631,0.74648,1.00,2.25
2018.03.12 09:36:28.057,0.7463,0.74648,1.20,1.50
2018.03.12 09:36:34.613,0.7463,0.74649,1.20,2.25
2018.03.12 09:36:35.028,0.74631,0.7465,1.57,1.37
2018.03.12 09:36:35.350,0.74638,0.74654,1.00,1.57
2018.03.12 09:36:36.838,0.74636,0.74653,1.00,1.00
2018.03.12 09:36:38.835,0.74635,0.74654,1.57,2.25
2018.03.12 09:36:39.443,0.74636,0.74653,1.10,1.00
2018.03.12 09:36:40.016,0.74637,0.74654,1.00,2.70
2018.03.12 09:36:44.148,0.74638,0.74654,1.12,1.45
2018.03.12 09:36:44.753,0.74638,0.74654,1.12,1.07
2018.03.12 09:36:45.802,0.74639,0.74655,1.50,1.20
2018.03.12 09:36:46.777,0.74639,0.74656,1.00,1.45
2018.03.12 09:36:48.568,0.74638,0.74656,1.75,1.45
2018.03.12 09:36:48.720,0.74641,0.74658,1.00,1.95
2018.03.12 09:36:49.686,0.74641,0.74658,1.00,1.20
2018.03.12 09:36:49.960,0.74641,0.74658,1.37,1.20
2018.03.12 09:37:08.326,0.74642,0.74659,1.00,2.70
2018.03.12 09:37:09.036,0.74641,0.74658,1.12,1.57
2018.03.12 09:37:10.212,0.7464,0.74657,1.50,1.20
2018.03.12 09:37:12.406,0.7464,0.74657,1.50,1.20
2018.03.12 09:37:14.311,0.74638,0.74656,1.50,1.95
2018.03.12 09:37:33.133,0.74637,0.74654,1.00,1.57
2018.03.12 09:37:33.184,0.74636,0.74652,1.00,1.00
2018.03.12 09:37:33.855,0.74634,0.74652,1.50,1.57
2018.03.12 09:37:35.839,0.74634,0.74652,1.50,1.95
2018.03.12 09:37:38.512,0.74634,0.74651,1.00,1.95
2018.03.12 09:37:39.215,0.74633,0.7465,1.12,1.95
2018.03.12 09:37:39.880,0.74633,0.7465,1.12,1.95
2018.03.12 09:37:40.534,0.74633,0.74649,1.12,1.07
2018.03.12 09:37:42.602,0.74633,0.7465,1.12,1.95
2018.03.12 09:37:43.646,0.74632,0.74649,1.50,1.07
2018.03.12 09:37:44.163,0.74633,0.7465,1.12,1.95
2018.03.12 09:37:44.850,0.74632,0.74649,1.50,1.07
2018.03.12 09:37:44.900,0.74631,0.74648,1.12,1.20
2018.03.12 09:37:44.952,0.74628,0.74648,2.10,1.57
2018.03.12 09:37:49.610,0.7463,0.74647,1.50,1.10
2018.03.12 09:37:50.925,0.74629,0.74648,2.32,1.20
2018.03.12 09:37:51.434,0.7463,0.74647,2.25,1.00
2018.03.12 09:37:56.639,0.7463,0.74647,1.00,1.20
2018.03.12 09:37:57.387,0.74631,0.74648,1.00,1.50
2018.03.12 09:37:59.550,0.74632,0.74649,1.50,1.57
2018.03.12 09:38:00.067,0.74632,0.7465,1.00,1.57
2018.03.12 09:38:01.345,0.74633,0.7465,1.00,1.57
2018.03.12 09:38:01.885,0.74634,0.74651,1.12,2.32
2018.03.12 09:38:02.674,0.74634,0.74651,1.12,1.95
2018.03.12 09:38:03.335,0.74634,0.74651,1.12,2.32
2018.03.12 09:38:04.146,0.74634,0.74651,1.12,1.95
2018.03.12 09:38:04.670,0.74633,0.74652,1.50,2.32
2018.03.12 09:38:05.150,0.74632,0.7465,1.50,1.10
2018.03.12 09:38:05.657,0.74632,0.7465,1.50,1.07
2018.03.12 09:38:06.268,0.74632,0.7465,1.50,1.10
2018.03.12 09:38:07.558,0.74633,0.7465,1.00,1.57
2018.03.12 09:38:12.758,0.74633,0.7465,1.00,1.57
2018.03.12 09:38:14.806,0.74634,0.7465,1.00,1.07
2018.03.12 09:38:15.563,0.74633,0.7465,1.00,1.10
2018.03.12 09:38:18.352,0.74634,0.7465,1.00,1.10
2018.03.12 09:38:18.873,0.74633,0.7465,1.00,1.10
2018.03.12 09:38:19.539,0.74633,0.7465,1.00,1.20
2018.03.12 09:38:22.014,0.74633,0.7465,1.00,1.10
2018.03.12 09:38:23.221,0.74635,0.74652,1.12,1.95
2018.03.12 09:38:23.824,0.74635,0.74652,1.12,1.20
2018.03.12 09:38:27.239,0.74637,0.74654,1.12,2.32
2018.03.12 09:38:30.486,0.74637,0.74656,1.75,1.95
2018.03.12 09:38:31.088,0.74638,0.74657,1.50,2.70
2018.03.12 09:38:33.197,0.74639,0.74656,1.12,1.95
2018.03.12 09:38:33.716,0.74638,0.74656,1.50,1.57
2018.03.12 09:38:35.025,0.74637,0.74655,1.12,1.85
2018.03.12 09:38:39.919,0.74636,0.74652,1.00,1.00
2018.03.12 09:38:40.436,0.74637,0.74654,1.00,1.50
2018.03.12 09:38:41.010,0.74636,0.74653,1.50,1.00
2018.03.12 09:38:41.671,0.74637,0.74654,1.00,1.57
2018.03.12 09:38:42.331,0.74636,0.74654,1.50,1.07
2018.03.12 09:38:42.990,0.74637,0.74654,1.00,1.57
2018.03.12 09:38:43.652,0.74637,0.74654,1.00,1.57
2018.03.12 09:38:45.748,0.74636,0.74654,1.57,1.00
2018.03.12 09:38:45.825,0.74636,0.74655,1.85,1.20
2018.03.12 09:38:47.007,0.74639,0.74658,1.37,1.57
2018.03.12 09:38:47.612,0.74638,0.74655,1.50,1.12
2018.03.12 09:38:49.054,0.74639,0.74658,1.57,1.50
2018.03.12 09:38:49.545,0.74642,0.74659,1.12,1.50
2018.03.12 09:38:52.244,0.74644,0.74661,1.50,1.95
2018.03.12 09:38:52.346,0.74642,0.7466,1.50,1.57
2018.03.12 09:39:08.331,0.74642,0.7466,1.00,1.42
2018.03.12 09:39:08.382,0.74642,0.74656,1.00,1.00
2018.03.12 09:39:08.433,0.74639,0.74657,1.57,2.25
2018.03.12 09:39:08.535,0.74637,0.74655,1.57,1.00
2018.03.12 09:39:10.883,0.74637,0.74654,1.50,1.00
2018.03.12 09:39:11.425,0.74635,0.74654,1.57,1.50
2018.03.12 09:39:14.022,0.74635,0.74651,1.50,1.00
2018.03.12 09:39:14.228,0.74629,0.74646,1.57,1.12
2018.03.12 09:39:16.120,0.74629,0.74648,1.57,1.50
2018.03.12 09:39:17.055,0.74631,0.74648,1.37,1.57
2018.03.12 09:39:17.566,0.74632,0.74648,1.12,1.57
2018.03.12 09:39:18.151,0.7463,0.74648,1.50,1.57
2018.03.12 09:39:18.359,0.7463,0.74648,1.57,1.12
2018.03.12 09:39:19.417,0.74631,0.74648,1.00,2.25
2018.03.12 09:39:20.138,0.7463,0.74647,1.20,1.12
2018.03.12 09:39:21.149,0.74629,0.74646,1.57,1.50
2018.03.12 09:39:21.704,0.74627,0.74645,1.85,1.12
2018.03.12 09:39:24.094,0.74626,0.74645,1.45,2.25
2018.03.12 09:39:24.646,0.74628,0.74645,1.00,2.25
2018.03.12 09:39:25.615,0.74628,0.74645,1.50,1.87
2018.03.12 09:39:26.132,0.74627,0.74644,1.82,1.00
2018.03.12 09:39:26.674,0.74629,0.74645,1.12,1.12
2018.03.12 09:39:43.171,0.74627,0.74644,1.47,1.12
2018.03.12 09:39:47.408,0.74628,0.74645,1.20,1.37
2018.03.12 09:39:47.459,0.7463,0.74647,1.00,1.50
2018.03.12 09:39:48.075,0.74629,0.74647,1.57,1.00
2018.03.12 09:39:48.630,0.74629,0.74646,1.57,1.00
2018.03.12 09:39:48.863,0.74631,0.74647,1.00,1.00
2018.03.12 09:39:53.484,0.7463,0.74647,1.00,1.50
2018.03.12 09:39:54.021,0.74631,0.74647,1.00,1.50
2018.03.12 09:39:55.307,0.74631,0.74646,1.00,1.00
2018.03.12 09:39:55.893,0.74631,0.74647,1.00,1.50
2018.03.12 09:40:03.250,0.74631,0.74646,1.00,1.00
2018.03.12 09:40:05.522,0.74629,0.74645,1.00,1.00
2018.03.12 09:40:05.624,0.74626,0.74643,1.20,1.12
2018.03.12 09:40:06.192,0.74628,0.74644,1.00,1.37
2018.03.12 09:40:06.913,0.74628,0.74644,1.12,1.12
2018.03.12 09:40:21.270,0.74629,0.74645,1.00,1.37
2018.03.12 09:40:21.323,0.74629,0.74646,1.12,1.12
2018.03.12 09:40:21.424,0.74631,0.74648,1.00,2.25
2018.03.12 09:40:22.028,0.74631,0.74648,1.12,2.32
2018.03.12 09:40:28.359,0.74629,0.74646,1.20,1.12
2018.03.12 09:40:29.082,0.74629,0.74646,1.12,1.12
2018.03.12 09:40:31.209,0.74628,0.74645,1.57,1.00
2018.03.12 09:40:31.821,0.74627,0.74646,1.85,1.87
2018.03.12 09:40:32.379,0.74628,0.74645,1.00,2.25
2018.03.12 09:40:34.078,0.74627,0.74645,1.57,1.50
2018.03.12 09:40:34.739,0.74627,0.74644,1.57,1.00
2018.03.12 09:40:38.545,0.74625,0.74642,1.50,1.12
2018.03.12 09:40:39.066,0.74624,0.74641,1.82,1.00
2018.03.12 09:40:43.628,0.74625,0.74642,1.57,1.12
2018.03.12 09:40:43.953,0.74627,0.74644,1.07,2.25
2018.03.12 09:40:44.607,0.74627,0.74644,1.10,1.75
2018.03.12 09:40:46.578,0.74627,0.74644,1.07,2.25
2018.03.12 09:40:47.498,0.74627,0.74644,1.57,1.87
2018.03.12 09:40:48.076,0.74628,0.74645,1.20,1.50
2018.03.12 09:40:49.395,0.74629,0.74646,1.10,2.10
2018.03.12 09:40:50.204,0.74629,0.74645,1.10,1.00
2018.03.12 09:40:50.411,0.74631,0.74647,1.12,1.12
2018.03.12 09:40:50.916,0.74631,0.74646,1.12,1.00
2018.03.12 09:40:51.400,0.74628,0.74645,1.20,1.12
2018.03.12 09:40:51.451,0.74627,0.74643,1.45,1.00
2018.03.12 09:40:51.603,0.74627,0.74644,1.00,1.50
2018.03.12 09:40:53.772,0.74625,0.74642,1.50,1.00
2018.03.12 09:40:55.256,0.74624,0.74641,1.57,1.12
2018.03.12 09:40:55.307,0.74622,0.7464,1.57,1.37
2018.03.12 09:40:55.503,0.7462,0.74637,1.57,1.12
2018.03.12 09:40:59.960,0.74618,0.74634,1.12,1.00
2018.03.12 09:41:00.297,0.74613,0.7463,1.37,1.20
2018.03.12 09:41:01.094,0.74613,0.7463,1.37,1.20
2018.03.12 09:41:04.255,0.74615,0.74632,1.12,1.57
2018.03.12 09:41:04.794,0.74614,0.74631,1.50,1.10
2018.03.12 09:41:05.430,0.74613,0.74632,1.75,1.20
2018.03.12 09:41:05.933,0.74614,0.74631,1.50,1.00
2018.03.12 09:41:07.534,0.74614,0.74631,1.50,1.07
2018.03.12 09:41:08.681,0.74614,0.74631,1.50,1.57
2018.03.12 09:41:09.023,0.74613,0.74629,1.37,1.45
2018.03.12 09:41:10.158,0.74613,0.74629,1.37,1.45
2018.03.12 09:41:10.461,0.74612,0.74626,1.12,1.45
2018.03.12 09:41:12.252,0.7461,0.74627,1.75,1.20
2018.03.12 09:41:13.477,0.7461,0.74627,1.75,1.45
2018.03.12 09:41:13.806,0.7461,0.74627,1.00,1.07
2018.03.12 09:41:14.341,0.74609,0.74628,1.50,2.70
2018.03.12 09:41:14.852,0.7461,0.74627,1.00,1.20
2018.03.12 09:41:15.084,0.74607,0.74624,1.50,1.00
2018.03.12 09:41:15.642,0.74608,0.74625,1.00,1.95
2018.03.12 09:41:16.171,0.74607,0.74625,1.00,1.95
2018.03.12 09:41:18.054,0.74607,0.74625,1.50,1.20
2018.03.12 09:41:18.873,0.74607,0.74625,2.25,1.57
2018.03.12 09:41:19.289,0.74607,0.74623,1.00,1.20
2018.03.12 09:41:19.831,0.74605,0.74622,1.50,1.57
2018.03.12 09:41:24.402,0.74605,0.74622,1.50,1.57
2018.03.12 09:41:24.722,0.74603,0.74621,1.50,1.07
2018.03.12 09:41:25.560,0.74603,0.7462,1.50,1.20
2018.03.12 09:41:26.101,0.74605,0.74622,1.00,1.95
2018.03.12 09:41:28.954,0.74605,0.74622,1.00,1.95
2018.03.12 09:41:29.514,0.74604,0.74621,1.12,1.57
2018.03.12 09:41:30.793,0.74604,0.74621,1.12,1.57
2018.03.12 09:41:31.118,0.74601,0.74619,1.75,1.07
2018.03.12 09:41:31.219,0.746,0.74618,1.50,1.45
2018.03.12 09:41:31.718,0.74598,0.74617,1.50,1.95
2018.03.12 09:41:33.396,0.74598,0.74617,1.50,2.70
2018.03.12 09:41:33.715,0.746,0.74617,1.00,1.95
2018.03.12 09:41:34.513,0.746,0.74617,1.00,1.50
2018.03.12 09:41:34.814,0.74601,0.74618,1.50,1.12
2018.03.12 09:41:35.224,0.746,0.74617,1.12,1.50
2018.03.12 09:41:37.295,0.74601,0.74618,1.00,1.85
2018.03.12 09:41:42.820,0.74601,0.74618,1.50,1.12
2018.03.12 09:41:43.343,0.746,0.74617,1.75,1.00
2018.03.12 09:41:44.087,0.74601,0.7462,1.57,1.85
2018.03.12 09:41:44.190,0.74599,0.74618,1.57,1.50
2018.03.12 09:41:45.745,0.74601,0.74618,1.00,1.57
2018.03.12 09:41:47.316,0.74599,0.74618,1.50,1.57
2018.03.12 09:41:47.866,0.746,0.74619,1.75,1.20
2018.03.12 09:42:01.823,0.74602,0.74619,1.50,1.00
2018.03.12 09:42:02.044,0.74606,0.74623,1.12,1.50
2018.03.12 09:42:06.062,0.74606,0.74623,1.37,1.87
2018.03.12 09:42:06.943,0.74607,0.74624,1.50,1.20
2018.03.12 09:42:09.730,0.74608,0.74625,1.37,1.12
2018.03.12 09:42:10.397,0.74609,0.74626,1.12,1.12
2018.03.12 09:42:13.918,0.74611,0.74628,1.00,1.57
2018.03.12 09:42:14.427,0.74612,0.74629,1.50,1.10
2018.03.12 09:42:16.322,0.74614,0.7463,1.00,1.10
2018.03.12 09:42:16.775,0.74615,0.74632,1.50,1.20
2018.03.12 09:42:18.799,0.74615,0.74632,1.12,1.37
2018.03.12 09:42:19.215,0.74612,0.74629,1.00,1.75
2018.03.12 09:42:19.759,0.74611,0.74628,1.12,1.57
2018.03.12 09:42:20.941,0.74611,0.74628,1.37,1.20
2018.03.12 09:42:21.767,0.74614,0.7463,1.00,1.45
2018.03.12 09:42:22.306,0.74611,0.7463,1.75,1.50
2018.03.12 09:42:23.916,0.74614,0.74631,1.00,1.95
2018.03.12 09:42:24.956,0.74615,0.74632,1.12,1.95
2018.03.12 09:42:25.814,0.74615,0.74632,1.37,1.20
2018.03.12 09:42:26.356,0.74614,0.74631,1.37,1.12
2018.03.12 09:42:27.311,0.74614,0.74631,1.37,1.57
2018.03.12 09:42:27.842,0.74616,0.74632,1.12,1.45
2018.03.12 09:42:28.436,0.74613,0.74631,1.75,1.57
2018.03.12 09:42:29.149,0.74615,0.74631,1.12,1.57
2018.03.12 09:42:30.334,0.74615,0.74631,1.12,1.57
2018.03.12 09:42:35.439,0.74615,0.74632,1.12,1.95
2018.03.12 09:42:36.560,0.74615,0.74631,1.12,1.57
2018.03.12 09:42:42.897,0.74615,0.74631,1.12,1.07
2018.03.12 09:42:46.453,0.74615,0.74631,1.50,1.45
2018.03.12 09:42:46.827,0.74611,0.74627,1.50,1.45
2018.03.12 09:42:47.393,0.74611,0.74627,1.00,1.45
2018.03.12 09:42:47.929,0.74615,0.7463,1.00,1.57
2018.03.12 09:42:48.368,0.74613,0.74628,1.50,1.45
2018.03.12 09:42:50.017,0.74613,0.7463,1.50,1.57
2018.03.12 09:42:50.118,0.74611,0.7463,1.50,1.95
2018.03.12 09:42:50.912,0.74612,0.74628,1.00,1.45
2018.03.12 09:42:51.052,0.74613,0.74629,1.12,1.07
2018.03.12 09:42:51.382,0.74611,0.74628,1.12,1.20
2018.03.12 09:42:52.487,0.74611,0.74628,1.12,1.20
2018.03.12 09:42:52.967,0.74612,0.74629,1.37,1.07
2018.03.12 09:42:53.607,0.74613,0.7463,1.12,1.57
2018.03.12 09:42:54.229,0.74611,0.74628,1.12,1.12
2018.03.12 09:42:55.496,0.74609,0.74626,1.20,1.12
2018.03.12 09:42:55.807,0.74609,0.74626,1.00,1.75
2018.03.12 09:42:55.858,0.74606,0.74623,1.12,1.95
2018.03.12 09:42:56.417,0.74607,0.74624,1.00,1.95
2018.03.12 09:42:57.569,0.74605,0.74622,1.50,1.12
2018.03.12 09:42:58.386,0.74607,0.74623,1.00,1.45
2018.03.12 09:42:59.230,0.74608,0.74625,1.50,1.20
2018.03.12 09:42:59.756,0.74606,0.74625,1.50,1.95
2018.03.12 09:43:00.101,0.74607,0.74622,1.12,1.45
2018.03.12 09:43:00.625,0.74606,0.74623,1.50,2.32
2018.03.12 09:43:04.815,0.74608,0.74623,1.00,1.57
2018.03.12 09:43:05.352,0.74607,0.74623,1.12,1.57
2018.03.12 09:43:05.403,0.74605,0.74622,1.12,2.32
2018.03.12 09:43:05.541,0.74605,0.74621,1.12,1.45
2018.03.12 09:43:07.071,0.74606,0.7462,1.00,1.45
2018.03.12 09:43:07.414,0.74607,0.74621,1.50,1.45
2018.03.12 09:43:08.258,0.74606,0.74621,1.12,1.45
2018.03.12 09:43:12.308,0.74606,0.74623,1.12,1.57
2018.03.12 09:43:12.529,0.74607,0.74624,1.50,1.57
2018.03.12 09:43:12.969,0.74606,0.74623,1.75,1.10
2018.03.12 09:43:13.864,0.74604,0.74621,1.50,1.10
2018.03.12 09:43:14.555,0.74604,0.74621,1.00,1.10
2018.03.12 09:43:15.756,0.74606,0.74622,1.12,1.07
2018.03.12 09:43:16.690,0.74603,0.74622,1.50,1.95
2018.03.12 09:43:17.196,0.74605,0.74622,1.00,1.95
2018.03.12 09:43:18.467,0.74604,0.74621,1.12,1.20
2018.03.12 09:43:18.995,0.74605,0.74622,1.00,1.95
2018.03.12 09:43:19.548,0.74606,0.74622,1.12,1.07
2018.03.12 09:43:21.349,0.74603,0.7462,1.50,1.20
2018.03.12 09:43:21.615,0.74606,0.74622,1.12,1.07
2018.03.12 09:43:23.173,0.74604,0.74621,1.12,1.20
2018.03.12 09:43:24.794,0.74605,0.74622,1.00,1.95
2018.03.12 09:43:26.344,0.74603,0.7462,1.50,1.10
2018.03.12 09:43:26.751,0.74603,0.7462,1.50,1.20
2018.03.12 09:43:28.185,0.74603,0.7462,1.50,1.20
2018.03.12 09:43:28.661,0.74603,0.74622,1.50,1.95
2018.03.12 09:43:29.274,0.74605,0.74622,1.00,1.95
2018.03.12 09:43:29.941,0.74604,0.74621,1.12,1.57
2018.03.12 09:43:30.372,0.74603,0.7462,1.00,1.45
2018.03.12 09:43:30.928,0.74602,0.74619,1.50,1.45
2018.03.12 09:43:31.588,0.74602,0.74619,1.50,1.20
2018.03.12 09:43:35.601,0.74602,0.74619,1.50,1.45
2018.03.12 09:43:35.753,0.74599,0.74616,1.12,1.12
2018.03.12 09:43:36.036,0.74601,0.74618,1.00,1.85
2018.03.12 09:43:36.565,0.74601,0.74618,1.12,1.50
2018.03.12 09:43:40.930,0.74601,0.7462,1.50,1.57
2018.03.12 09:43:40.983,0.74603,0.7462,1.00,1.57
2018.03.12 09:43:41.559,0.74603,0.7462,1.00,1.57
2018.03.12 09:43:41.711,0.74601,0.7462,1.57,1.57
2018.03.12 09:43:42.654,0.74601,0.74618,1.50,1.00
2018.03.12 09:43:43.096,0.74601,0.74618,1.00,1.85
2018.03.12 09:43:43.868,0.74598,0.74617,1.85,1.57
2018.03.12 09:43:49.458,0.74601,0.74616,1.00,1.00
2018.03.12 09:43:49.560,0.74599,0.74616,1.12,1.12
2018.03.12 09:43:50.078,0.74598,0.74615,1.50,1.00
2018.03.12 09:43:52.740,0.74598,0.74613,1.50,1.00
2018.03.12 09:43:53.439,0.74598,0.74615,1.12,2.32
2018.03.12 09:43:57.400,0.74599,0.74615,1.00,1.00
2018.03.12 09:43:57.947,0.74597,0.74614,1.50,1.12
2018.03.12 09:43:58.293,0.74595,0.74614,1.57,1.75
2018.03.12 09:43:58.696,0.74593,0.7461,1.47,1.12
2018.03.12 09:43:59.051,0.74594,0.74613,1.57,1.57
2018.03.12 09:43:59.661,0.74593,0.7461,1.57,1.12
2018.03.12 09:44:08.672,0.74594,0.74611,1.12,1.95
2018.03.12 09:44:10.146,0.74592,0.74609,1.12,1.20
2018.03.12 09:44:14.261,0.7459,0.74607,1.00,1.50
2018.03.12 09:44:15.042,0.74589,0.74606,1.12,1.20
2018.03.12 09:44:18.934,0.7459,0.74607,1.00,1.57
2018.03.12 09:44:20.456,0.74589,0.74606,1.12,1.12
2018.03.12 09:44:20.761,0.74586,0.74603,1.12,1.57
2018.03.12 09:44:23.613,0.74587,0.74604,1.12,1.10
2018.03.12 09:44:25.136,0.74586,0.74603,1.00,1.50
2018.03.12 09:44:25.939,0.74585,0.74602,1.50,1.00
2018.03.12 09:44:26.562,0.74583,0.74602,1.57,1.50
2018.03.12 09:44:27.476,0.74583,0.74601,1.50,1.12
2018.03.12 09:44:27.578,0.74581,0.746,1.57,1.75
2018.03.12 09:44:27.919,0.74582,0.74601,1.57,1.37
2018.03.12 09:44:29.938,0.74586,0.74603,1.00,1.50
2018.03.12 09:44:30.465,0.74587,0.74604,1.50,1.10
2018.03.12 09:44:31.220,0.74587,0.74605,1.50,1.10
2018.03.12 09:44:32.208,0.74587,0.74606,1.50,1.57
2018.03.12 09:44:32.667,0.74591,0.74608,1.50,1.00
2018.03.12 09:44:33.203,0.7459,0.74607,1.50,1.12
2018.03.12 09:44:36.782,0.74589,0.74606,1.12,1.20
2018.03.12 09:44:37.496,0.74588,0.74605,1.50,1.00
2018.03.12 09:44:41.348,0.74587,0.74604,1.50,1.12
2018.03.12 09:44:41.605,0.7459,0.74607,1.37,1.12
2018.03.12 09:44:42.479,0.74588,0.74608,1.75,1.57
2018.03.12 09:44:43.022,0.74589,0.74608,1.50,1.45
2018.03.12 09:44:43.227,0.74592,0.74609,1.12,1.20
2018.03.12 09:44:43.820,0.74592,0.74609,1.00,1.85
2018.03.12 09:44:43.871,0.74589,0.74606,1.57,1.00
2018.03.12 09:44:44.161,0.74586,0.74603,1.57,1.12
2018.03.12 09:44:47.004,0.74587,0.74604,1.20,1.50
2018.03.12 09:44:47.373,0.74585,0.74602,1.57,1.50
2018.03.12 09:44:47.577,0.74589,0.74607,1.95,1.50
2018.03.12 09:44:48.929,0.74587,0.74606,1.95,1.50
2018.03.12 09:44:49.626,0.74589,0.74606,1.45,1.50
2018.03.12 09:44:56.419,0.74589,0.74606,1.20,1.50
2018.03.12 09:44:56.521,0.74587,0.74604,1.57,1.50
2018.03.12 09:44:56.673,0.74584,0.74603,2.32,1.37
2018.03.12 09:44:57.222,0.74585,0.74602,1.57,1.12
2018.03.12 09:44:58.998,0.74586,0.74605,1.20,1.75
2018.03.12 09:45:00.969,0.74588,0.74605,1.57,1.12
2018.03.12 09:45:01.586,0.74588,0.74605,1.57,1.12
2018.03.12 09:45:01.687,0.74588,0.74605,1.20,1.87
2018.03.12 09:45:02.157,0.74588,0.74606,1.57,1.50
2018.03.12 09:45:02.921,0.74588,0.74605,1.57,1.12
2018.03.12 09:45:06.376,0.74589,0.74606,1.20,1.50
2018.03.12 09:45:07.056,0.74589,0.74606,1.20,1.50
2018.03.12 09:45:10.041,0.74588,0.74605,1.57,1.12
2018.03.12 09:45:10.662,0.74588,0.74605,1.57,1.12
2018.03.12 09:45:17.239,0.74588,0.74605,1.57,1.12
2018.03.12 09:45:18.823,0.74588,0.74605,1.57,2.62
2018.03.12 09:45:19.660,0.74588,0.74605,1.57,1.12
2018.03.12 09:45:19.710,0.74588,0.74605,1.20,1.12
2018.03.12 09:45:23.236,0.74589,0.74606,1.12,1.12
2018.03.12 09:45:29.114,0.74591,0.74608,1.12,1.20
2018.03.12 09:45:34.865,0.7459,0.74607,1.37,1.00
2018.03.12 09:45:35.377,0.74589,0.74606,2.17,1.12
2018.03.12 09:45:35.596,0.74591,0.74608,1.00,1.00
2018.03.12 09:45:41.023,0.74592,0.74609,1.00,1.20
2018.03.12 09:45:43.820,0.74589,0.74608,2.17,1.75
2018.03.12 09:45:44.162,0.74594,0.7461,1.42,1.50
2018.03.12 09:45:45.009,0.74593,0.7461,2.17,1.50
2018.03.12 09:45:45.558,0.74591,0.74608,1.45,1.00
2018.03.12 09:45:45.609,0.7459,0.74608,2.70,1.00
2018.03.12 09:45:45.808,0.74591,0.74609,1.07,1.75
2018.03.12 09:45:46.391,0.74589,0.74606,1.80,1.12
2018.03.12 09:45:47.824,0.74589,0.74606,1.80,1.12
2018.03.12 09:45:47.989,0.74589,0.74606,1.42,1.12
2018.03.12 09:45:49.046,0.74589,0.74607,1.80,1.50
2018.03.12 09:45:52.799,0.74589,0.74607,1.80,1.50
2018.03.12 09:45:53.333,0.74591,0.74607,1.07,1.12
2018.03.12 09:45:56.001,0.74592,0.74609,1.95,1.12
2018.03.12 09:45:56.053,0.7459,0.74607,3.07,1.12
2018.03.12 09:45:56.722,0.74591,0.74608,1.07,1.37
2018.03.12 09:45:58.164,0.7459,0.74607,2.32,1.12
2018.03.12 09:45:58.705,0.74591,0.74607,1.07,1.12
2018.03.12 09:45:58.806,0.74594,0.74611,1.00,1.75
2018.03.12 09:45:58.857,0.74593,0.74612,1.82,1.50
2018.03.12 09:45:58.908,0.74592,0.74609,1.95,1.00
2018.03.12 09:45:58.959,0.74591,0.74608,1.57,1.12
2018.03.12 09:45:59.622,0.74591,0.74608,1.95,1.12
2018.03.12 09:46:00.960,0.74591,0.74608,1.57,1.12
2018.03.12 09:46:01.674,0.7459,0.74607,2.70,1.00
2018.03.12 09:46:03.094,0.74592,0.74608,1.05,1.12
2018.03.12 09:46:04.708,0.74592,0.74608,1.07,1.12
2018.03.12 09:46:05.096,0.74591,0.74608,1.95,1.12
2018.03.12 09:46:05.197,0.74594,0.7461,1.07,1.12
2018.03.12 09:46:05.248,0.74594,0.74613,1.57,1.75
2018.03.12 09:46:05.298,0.74596,0.74613,1.07,1.50
2018.03.12 09:46:05.965,0.74596,0.74612,1.07,1.12
2018.03.12 09:46:06.627,0.74596,0.74612,1.07,1.12
2018.03.12 09:46:07.195,0.74595,0.74612,1.95,1.12
2018.03.12 09:46:07.763,0.74595,0.74611,1.20,1.00
2018.03.12 09:46:08.115,0.74594,0.74611,1.45,1.50
2018.03.12 09:46:08.267,0.74592,0.7461,2.92,1.37
2018.03.12 09:46:08.469,0.74594,0.74611,1.95,1.12
2018.03.12 09:46:09.048,0.74595,0.7461,1.07,1.00
2018.03.12 09:46:09.654,0.74595,0.7461,1.07,1.00
2018.03.12 09:46:10.177,0.74592,0.74609,2.55,1.12
2018.03.12 09:46:10.648,0.74595,0.74611,1.07,1.12
2018.03.12 09:46:10.800,0.74596,0.74613,1.57,1.12
2018.03.12 09:46:11.586,0.74596,0.74613,1.57,1.12
2018.03.12 09:46:12.249,0.74596,0.74613,1.57,1.12
2018.03.12 09:46:23.670,0.74596,0.74613,1.20,1.12
2018.03.12 09:46:24.902,0.74595,0.74612,1.57,1.00
2018.03.12 09:46:26.359,0.74595,0.74612,1.95,1.12
2018.03.12 09:46:27.168,0.74596,0.74612,1.07,1.12
2018.03.12 09:46:30.364,0.74595,0.74612,1.95,1.12
2018.03.12 09:46:35.321,0.74596,0.74612,1.57,1.12
2018.03.12 09:46:35.831,0.74596,0.74613,2.32,1.50
2018.03.12 09:46:36.936,0.74596,0.74613,2.32,1.50
2018.03.12 09:46:37.037,0.74596,0.74613,1.07,1.50
2018.03.12 09:46:37.145,0.74593,0.7461,1.82,1.12
2018.03.12 09:46:37.197,0.74592,0.74608,1.45,1.00
2018.03.12 09:46:37.247,0.74591,0.74605,1.45,1.12
2018.03.12 09:46:37.453,0.74589,0.74606,1.57,1.50
2018.03.12 09:46:38.253,0.74589,0.74606,1.57,1.50
2018.03.12 09:46:39.136,0.74589,0.74605,1.07,1.12
2018.03.12 09:46:39.238,0.74588,0.74604,1.20,1.37
2018.03.12 09:46:39.891,0.74586,0.74605,3.07,1.50
2018.03.12 09:46:39.942,0.74587,0.74604,1.57,1.37
2018.03.12 09:46:40.043,0.74589,0.74606,2.32,1.50
2018.03.12 09:46:40.994,0.74589,0.74604,1.20,1.50
2018.03.12 09:46:42.249,0.74587,0.74603,1.45,1.00
2018.03.12 09:46:42.782,0.74587,0.74604,1.45,1.00
2018.03.12 09:46:45.878,0.74587,0.74604,1.07,1.00
2018.03.12 09:46:46.133,0.74589,0.74606,1.00,1.50
2018.03.12 09:46:46.745,0.74588,0.74606,1.57,1.00
2018.03.12 09:46:47.362,0.74588,0.74606,1.57,1.00
2018.03.12 09:46:47.899,0.74589,0.74606,1.07,1.50
2018.03.12 09:46:52.326,0.7459,0.74607,1.57,1.12
2018.03.12 09:46:52.769,0.74593,0.7461,1.12,1.12
2018.03.12 09:46:53.685,0.7459,0.74607,1.95,1.12
2018.03.12 09:46:55.740,0.74591,0.74608,1.57,1.50
2018.03.12 09:46:56.291,0.74591,0.74608,1.20,1.50
2018.03.12 09:46:56.798,0.74591,0.74608,1.57,1.50
2018.03.12 09:46:59.354,0.74591,0.74608,1.20,1.50
2018.03.12 09:47:00.009,0.7459,0.74607,1.57,1.12
2018.03.12 09:47:00.878,0.74589,0.74606,1.20,1.50
2018.03.12 09:47:01.433,0.74589,0.74606,1.20,1.50
2018.03.12 09:47:03.317,0.74586,0.74603,1.82,1.00
2018.03.12 09:47:03.369,0.74587,0.74604,1.10,1.50
2018.03.12 09:47:03.420,0.7459,0.74604,1.00,1.00
2018.03.12 09:47:03.471,0.7459,0.74607,1.12,1.20
2018.03.12 09:47:03.987,0.74589,0.74606,1.10,1.00
2018.03.12 09:47:04.038,0.7459,0.74607,1.50,1.12
2018.03.12 09:47:04.361,0.74589,0.74606,1.20,1.50
2018.03.12 09:47:05.208,0.74589,0.74606,1.20,1.50
2018.03.12 09:47:05.867,0.74589,0.74606,1.20,1.50
2018.03.12 09:47:07.290,0.74591,0.74608,1.00,2.25
2018.03.12 09:47:07.341,0.74591,0.74608,1.12,1.87
2018.03.12 09:47:07.929,0.7459,0.74607,1.57,1.00
2018.03.12 09:47:09.340,0.74592,0.7461,1.57,1.50
2018.03.12 09:47:11.217,0.74593,0.7461,1.07,1.50
2018.03.12 09:47:11.727,0.74593,0.7461,1.45,1.50
2018.03.12 09:47:12.492,0.74591,0.74608,1.45,1.00
2018.03.12 09:47:14.513,0.7459,0.74607,1.95,1.00
2018.03.12 09:47:15.120,0.74588,0.74608,2.70,1.50
2018.03.12 09:47:29.336,0.74591,0.74608,1.57,1.12
2018.03.12 09:47:30.021,0.74591,0.74608,1.57,1.12
2018.03.12 09:47:31.183,0.74593,0.7461,1.20,1.75
2018.03.12 09:47:31.706,0.74592,0.74609,1.45,1.50
2018.03.12 09:47:32.341,0.74592,0.74609,1.45,1.50
2018.03.12 09:47:38.758,0.74592,0.74609,1.45,1.50
2018.03.12 09:47:39.284,0.74591,0.74608,3.45,1.00
2018.03.12 09:47:41.142,0.74591,0.74608,3.45,1.00
2018.03.12 09:47:44.796,0.74591,0.74609,2.70,1.00
2018.03.12 09:47:52.451,0.74594,0.74611,2.55,1.12
2018.03.12 09:48:01.497,0.74593,0.74609,1.80,1.12
2018.03.12 09:48:02.026,0.74593,0.74608,1.80,1.00
2018.03.12 09:48:02.550,0.74593,0.7461,2.55,1.37
2018.03.12 09:48:04.023,0.74593,0.74609,1.80,1.12
2018.03.12 09:48:05.727,0.74593,0.7461,2.55,1.37
2018.03.12 09:48:06.514,0.74593,0.74608,1.80,1.00
2018.03.12 09:48:10.015,0.74592,0.74608,1.80,1.00
2018.03.12 09:48:11.185,0.74592,0.74609,2.55,1.12
2018.03.12 09:48:20.472,0.74592,0.74609,1.57,1.12
2018.03.12 09:48:27.533,0.74592,0.74609,1.57,1.12
2018.03.12 09:48:33.929,0.74593,0.7461,1.20,1.50
2018.03.12 09:48:34.031,0.74595,0.74612,1.57,1.12
2018.03.12 09:48:35.717,0.74592,0.74609,1.20,1.50
2018.03.12 09:48:36.010,0.74593,0.7461,1.47,1.12
2018.03.12 09:48:37.295,0.74592,0.74609,1.07,1.50
2018.03.12 09:48:37.577,0.74594,0.74611,1.50,1.12
2018.03.12 09:48:38.010,0.74597,0.74614,1.12,1.57
2018.03.12 09:48:40.559,0.74594,0.74611,1.82,1.00
2018.03.12 09:48:40.610,0.74592,0.74609,1.20,1.00
2018.03.12 09:48:41.252,0.74591,0.7461,1.95,1.50
2018.03.12 09:48:42.932,0.74592,0.74609,1.07,1.00
2018.03.12 09:48:42.983,0.74594,0.74611,1.12,1.12
2018.03.12 09:48:43.156,0.74596,0.74613,1.12,1.57
2018.03.12 09:48:45.405,0.74593,0.7461,1.00,1.00
2018.03.12 09:48:45.459,0.74591,0.74608,1.20,1.12
2018.03.12 09:48:46.102,0.74592,0.74609,1.00,1.37
2018.03.12 09:48:48.397,0.74594,0.74611,1.12,1.50
2018.03.12 09:48:51.018,0.74592,0.74609,1.75,1.00
2018.03.12 09:48:51.069,0.74592,0.74609,1.12,1.12
2018.03.12 09:48:51.668,0.74591,0.74608,1.47,1.00
2018.03.12 09:48:52.276,0.74592,0.74609,1.00,1.00
2018.03.12 09:48:53.808,0.74591,0.7461,1.50,1.57
2018.03.12 09:48:54.584,0.74592,0.74609,1.00,1.10
2018.03.12 09:48:55.258,0.74591,0.7461,1.50,1.57
2018.03.12 09:48:55.910,0.74591,0.7461,1.57,1.57
2018.03.12 09:48:55.960,0.74593,0.7461,1.00,1.57
2018.03.12 09:48:56.579,0.74594,0.74611,1.12,1.57
2018.03.12 09:48:58.133,0.74592,0.74609,1.20,1.12
2018.03.12 09:48:58.283,0.74593,0.74612,1.50,1.82
2018.03.12 09:48:58.627,0.74592,0.74609,1.20,1.12
2018.03.12 09:49:01.777,0.74591,0.74608,1.47,1.00
2018.03.12 09:49:02.243,0.74595,0.74612,1.00,2.32
2018.03.12 09:49:02.294,0.74593,0.7461,1.00,1.37
2018.03.12 09:49:02.982,0.74592,0.74609,1.12,1.12
2018.03.12 09:49:05.175,0.74593,0.7461,1.00,1.47
2018.03.12 09:49:06.105,0.74592,0.74609,1.12,1.12
2018.03.12 09:49:24.676,0.74592,0.74609,1.00,1.37
2018.03.12 09:49:25.179,0.74591,0.74608,1.20,1.12
2018.03.12 09:49:29.815,0.7459,0.74607,1.57,1.00
2018.03.12 09:49:31.482,0.74589,0.74608,1.85,1.20
2018.03.12 09:49:33.205,0.7459,0.74607,1.50,1.00
2018.03.12 09:49:35.365,0.74592,0.74609,1.00,1.57
2018.03.12 09:49:36.129,0.74591,0.74608,1.12,1.20
2018.03.12 09:49:48.540,0.7459,0.74607,1.50,1.00
2018.03.12 09:49:51.107,0.74589,0.74608,1.85,1.12
2018.03.12 09:49:51.637,0.74591,0.74608,1.75,1.00
2018.03.12 09:49:51.738,0.74589,0.74608,1.45,1.50
2018.03.12 09:49:54.795,0.74588,0.74605,1.20,1.12
2018.03.12 09:49:59.279,0.74587,0.74604,1.50,1.00
2018.03.12 09:49:59.830,0.74587,0.74604,1.00,1.85
2018.03.12 09:50:00.350,0.74586,0.74603,1.12,1.50
2018.03.12 09:50:01.000,0.74587,0.74604,1.12,1.00
2018.03.12 09:50:02.957,0.74586,0.74605,1.50,1.12
2018.03.12 09:50:03.883,0.74587,0.74604,1.20,1.00
2018.03.12 09:50:06.766,0.74586,0.74605,1.95,1.12
2018.03.12 09:50:07.100,0.74587,0.74604,1.57,1.00
2018.03.12 09:50:07.710,0.74588,0.74605,1.20,1.12
2018.03.12 09:50:10.731,0.74587,0.74604,1.20,1.00
2018.03.12 09:50:11.629,0.74588,0.74605,1.10,1.12
2018.03.12 09:50:12.727,0.74587,0.74606,1.57,1.50
2018.03.12 09:50:16.855,0.74587,0.74606,1.57,1.50
2018.03.12 09:50:17.356,0.74587,0.74604,1.57,1.12
2018.03.12 09:50:19.761,0.7459,0.74607,1.50,1.00
2018.03.12 09:50:20.207,0.7459,0.74607,1.10,1.75
2018.03.12 09:50:20.785,0.74588,0.74606,1.07,1.50
2018.03.12 09:50:34.942,0.74587,0.74604,1.95,1.00
2018.03.12 09:50:35.647,0.74588,0.74605,1.20,1.12
2018.03.12 09:50:36.310,0.74588,0.74605,1.57,1.12
2018.03.12 09:50:36.636,0.74594,0.74612,1.57,1.50
2018.03.12 09:50:42.090,0.74596,0.74612,1.00,1.75
2018.03.12 09:50:42.345,0.74593,0.7461,1.12,1.57
2018.03.12 09:50:42.549,0.74594,0.74613,1.75,1.95
2018.03.12 09:50:42.599,0.74598,0.74615,1.00,1.80
2018.03.12 09:50:43.241,0.74598,0.74615,1.00,1.80
2018.03.12 09:50:45.708,0.74598,0.74616,1.00,3.07
2018.03.12 09:50:50.045,0.74598,0.74615,1.37,1.10
2018.03.12 09:50:50.667,0.74599,0.74616,1.12,1.10
2018.03.12 09:50:55.179,0.74598,0.74617,1.50,1.20
2018.03.12 09:50:55.717,0.74599,0.74616,1.12,1.00
2018.03.12 09:50:57.627,0.74598,0.74617,1.50,1.20
2018.03.12 09:50:58.308,0.746,0.74617,1.00,1.20
2018.03.12 09:50:58.358,0.746,0.74618,1.75,1.95
2018.03.12 09:50:58.810,0.74597,0.74617,1.82,1.85
2018.03.12 09:51:01.209,0.74597,0.74614,1.75,1.00
2018.03.12 09:51:02.534,0.74599,0.74616,1.12,3.07
2018.03.12 09:51:19.220,0.74598,0.74615,1.12,1.12
2018.03.12 09:51:19.846,0.74599,0.74616,1.00,1.50
2018.03.12 09:51:26.245,0.74598,0.74615,1.12,1.12
2018.03.12 09:51:30.823,0.74597,0.74616,1.47,1.85
2018.03.12 09:51:31.422,0.74598,0.74615,1.50,1.12
2018.03.12 09:51:39.459,0.74597,0.74614,1.75,1.00
2018.03.12 09:51:39.599,0.74597,0.74614,1.12,1.37
2018.03.12 09:51:40.314,0.74597,0.74614,1.37,1.00
2018.03.12 09:51:40.903,0.74598,0.74615,1.12,1.12
2018.03.12 09:51:43.693,0.74597,0.74614,1.50,1.00
2018.03.12 09:51:43.846,0.74592,0.74611,2.32,1.00
2018.03.12 09:51:43.897,0.74594,0.74611,1.12,1.50
2018.03.12 09:51:47.441,0.74592,0.74609,1.95,1.00
2018.03.12 09:51:47.667,0.74592,0.74609,1.20,1.50
2018.03.12 09:51:53.913,0.74592,0.74609,1.75,1.00
2018.03.12 09:51:53.964,0.74594,0.74611,1.50,1.20
2018.03.12 09:51:55.923,0.74594,0.74611,1.37,1.57
2018.03.12 09:51:55.974,0.74592,0.74609,1.57,1.12
2018.03.12 09:51:59.840,0.74595,0.74612,1.12,1.00
2018.03.12 09:51:59.891,0.74596,0.74615,1.75,1.57
2018.03.12 09:52:24.788,0.74597,0.74614,1.57,1.00
2018.03.12 09:52:25.317,0.74597,0.74615,1.10,1.50
2018.03.12 09:52:26.203,0.74598,0.74615,1.00,1.57
2018.03.12 09:52:30.397,0.74598,0.74615,1.00,1.57
2018.03.12 09:52:38.448,0.74597,0.74615,1.50,1.10
2018.03.12 09:52:44.788,0.74597,0.74615,1.50,1.10
2018.03.12 09:52:47.614,0.74597,0.74616,1.50,2.70
2018.03.12 09:52:48.449,0.74597,0.74616,1.50,2.32
2018.03.12 09:52:49.764,0.746,0.74617,1.12,1.95
2018.03.12 09:52:49.968,0.74602,0.74621,1.50,2.70
2018.03.12 09:52:50.668,0.74603,0.7462,1.12,1.20
2018.03.12 09:52:53.021,0.74604,0.74621,1.00,1.57
2018.03.12 09:52:55.924,0.74601,0.7462,1.50,2.85
2018.03.12 09:52:56.473,0.74603,0.7462,1.00,1.57
2018.03.12 09:52:57.135,0.74603,0.7462,1.50,1.20
2018.03.12 09:52:57.699,0.74603,0.7462,1.50,1.20
2018.03.12 09:52:58.271,0.74602,0.7462,1.85,1.12
2018.03.12 09:52:59.407,0.74602,0.74619,1.12,1.37
2018.03.12 09:52:59.786,0.74602,0.7462,1.85,1.00
2018.03.12 09:53:00.094,0.74608,0.74626,1.12,1.57
2018.03.12 09:53:00.195,0.74606,0.74623,1.12,1.50
2018.03.12 09:53:02.169,0.74607,0.74624,1.00,1.85
2018.03.12 09:53:02.684,0.74606,0.74625,1.12,1.82
2018.03.12 09:53:07.682,0.74606,0.74625,1.50,1.57
2018.03.12 09:53:08.151,0.74609,0.74626,1.50,1.57
2018.03.12 09:53:08.326,0.74608,0.74625,1.12,1.57
2018.03.12 09:53:20.579,0.74608,0.74627,1.75,2.32
2018.03.12 09:53:21.072,0.74607,0.74625,1.50,1.10
2018.03.12 09:53:21.777,0.74609,0.74626,1.87,1.20
2018.03.12 09:53:22.082,0.7461,0.74629,1.50,2.32
2018.03.12 09:53:23.689,0.74613,0.74629,1.12,1.20
2018.03.12 09:53:24.439,0.74613,0.74629,1.12,1.20
2018.03.12 09:53:26.160,0.74611,0.74628,1.75,1.57
2018.03.12 09:53:26.211,0.74611,0.74628,1.12,1.95
2018.03.12 09:53:27.908,0.74611,0.74628,1.12,1.20
2018.03.12 09:53:30.139,0.7461,0.74627,1.50,1.00
2018.03.12 09:53:30.780,0.7461,0.74627,1.12,1.37
2018.03.12 09:53:46.143,0.74609,0.74626,1.20,1.12
2018.03.12 09:54:02.627,0.74611,0.74628,1.12,1.57
2018.03.12 09:54:03.058,0.74611,0.7463,1.50,1.45
2018.03.12 09:54:14.558,0.74613,0.74632,1.50,1.50
2018.03.12 09:54:15.126,0.74614,0.74631,1.00,1.00
2018.03.12 09:54:17.895,0.74613,0.7463,1.50,1.00
2018.03.12 09:54:18.487,0.74614,0.74631,1.00,1.07
2018.03.12 09:54:19.923,0.74614,0.74631,1.00,1.00
2018.03.12 09:54:23.980,0.74613,0.7463,1.50,1.00
2018.03.12 09:54:25.353,0.74613,0.74632,1.50,1.57
2018.03.12 09:54:25.404,0.74613,0.74632,1.50,1.95
2018.03.12 09:54:25.963,0.74614,0.74631,1.00,1.07
2018.03.12 09:54:26.530,0.74612,0.74629,1.50,1.57
2018.03.12 09:54:26.845,0.7461,0.74627,1.12,1.12
2018.03.12 09:54:26.896,0.74611,0.74628,2.10,1.57
2018.03.12 09:54:26.997,0.74614,0.74631,1.00,1.82
2018.03.12 09:54:27.153,0.74614,0.74631,1.87,1.20
2018.03.12 09:54:34.454,0.74615,0.74632,1.50,1.57
2018.03.12 09:54:34.994,0.74615,0.74632,1.50,1.12
2018.03.12 09:54:37.329,0.74613,0.7463,1.20,1.12
2018.03.12 09:54:37.431,0.74612,0.74629,1.12,1.50
2018.03.12 09:54:51.831,0.74612,0.74629,1.00,1.57
2018.03.12 09:54:51.947,0.7461,0.74627,1.12,1.50
2018.03.12 09:54:52.048,0.74607,0.74624,2.92,1.12
2018.03.12 09:54:52.378,0.74607,0.74627,2.92,1.12
2018.03.12 09:54:52.750,0.74607,0.74626,2.17,1.37
2018.03.12 09:55:02.162,0.74608,0.74625,1.10,1.50
2018.03.12 09:55:02.986,0.74607,0.74625,1.05,1.50
2018.03.12 09:55:06.012,0.74609,0.74626,1.00,1.57
2018.03.12 09:55:06.622,0.7461,0.74626,1.00,1.00
2018.03.12 09:55:09.427,0.74611,0.74628,1.12,1.47
2018.03.12 09:55:11.277,0.74613,0.7463,1.12,2.55
2018.03.12 09:55:11.910,0.74613,0.7463,1.12,1.57
2018.03.12 09:55:12.502,0.74614,0.74631,1.00,1.95
2018.03.12 09:55:13.959,0.74611,0.74628,1.75,1.00
2018.03.12 09:55:14.010,0.74611,0.74628,1.12,1.50
2018.03.12 09:55:14.845,0.74613,0.7463,1.12,2.32
2018.03.12 09:55:16.933,0.74614,0.74632,1.50,2.32
2018.03.12 09:55:21.629,0.74613,0.7463,1.12,1.57
2018.03.12 09:55:21.680,0.74611,0.74628,1.00,1.50
2018.03.12 09:55:23.028,0.74609,0.74626,1.12,1.37
2018.03.12 09:55:28.025,0.7461,0.74627,1.00,1.57
2018.03.12 09:55:28.076,0.74611,0.74627,1.00,1.00
2018.03.12 09:55:28.786,0.74609,0.74628,1.57,1.20
2018.03.12 09:55:29.061,0.74612,0.74629,1.00,1.57
2018.03.12 09:55:32.193,0.74612,0.74631,1.50,1.82
2018.03.12 09:55:33.978,0.74613,0.7463,1.00,1.57
2018.03.12 09:55:34.029,0.74611,0.74628,1.12,1.12
2018.03.12 09:55:35.514,0.74612,0.74629,1.00,1.50
2018.03.12 09:55:37.421,0.74611,0.7463,1.87,1.75
2018.03.12 09:55:38.016,0.74612,0.74629,1.10,1.50
2018.03.12 09:55:39.099,0.74612,0.74629,1.07,1.50
2018.03.12 09:55:39.150,0.74613,0.7463,1.57,1.00
2018.03.12 09:55:39.328,0.74615,0.74631,1.00,1.00
2018.03.12 09:55:39.842,0.74615,0.74634,1.50,1.85
2018.03.12 09:55:48.065,0.74614,0.74631,1.85,1.00
2018.03.12 09:55:48.480,0.74613,0.7463,1.00,1.00
2018.03.12 09:55:48.683,0.74618,0.74633,1.12,1.45
2018.03.12 09:55:48.735,0.74617,0.74636,1.50,2.70
2018.03.12 09:55:48.786,0.74616,0.74633,1.12,1.12
2018.03.12 09:55:48.889,0.74613,0.74632,1.45,1.37
2018.03.12 09:55:49.609,0.74615,0.74632,1.00,1.47
2018.03.12 09:55:50.452,0.74616,0.74633,1.12,1.20
2018.03.12 09:55:50.707,0.74612,0.74632,1.00,2.32
2018.03.12 09:55:50.921,0.74609,0.74626,1.20,1.50
2018.03.12 09:55:51.295,0.74611,0.74628,1.12,1.50
2018.03.12 09:55:51.649,0.74612,0.74629,1.37,1.12
2018.03.12 09:55:55.091,0.7461,0.74628,1.85,1.00
2018.03.12 09:55:55.142,0.7461,0.74628,1.57,1.50
2018.03.12 09:55:55.991,0.7461,0.74627,1.50,1.00
2018.03.12 09:55:56.142,0.74608,0.74625,1.12,1.20
2018.03.12 09:55:56.491,0.74606,0.74623,1.12,1.50
2018.03.12 09:55:58.642,0.74607,0.74624,1.10,1.75
2018.03.12 09:56:02.385,0.74606,0.74625,1.20,1.85
2018.03.12 09:56:02.874,0.74607,0.74624,1.57,1.12
2018.03.12 09:56:13.040,0.74609,0.74625,1.00,1.50
2018.03.12 09:56:13.627,0.74607,0.74624,2.25,1.12
2018.03.12 09:56:16.381,0.7461,0.74624,1.00,1.12
2018.03.12 09:56:16.484,0.74606,0.74625,2.70,1.50
2018.03.12 09:56:16.960,0.74611,0.74626,1.00,1.75
2018.03.12 09:56:17.048,0.74609,0.74626,1.00,1.75
2018.03.12 09:56:17.578,0.7461,0.74626,1.00,1.75
2018.03.12 09:56:17.801,0.7461,0.74626,1.00,1.00
2018.03.12 09:56:18.408,0.74609,0.74627,2.32,1.00
2018.03.12 09:56:18.859,0.74609,0.74628,1.57,1.57
2018.03.12 09:56:19.400,0.74611,0.74628,1.50,1.12
2018.03.12 09:56:23.343,0.74611,0.74627,1.50,1.00
2018.03.12 09:56:24.949,0.74612,0.74628,1.12,1.12
2018.03.12 09:56:30.163,0.74612,0.74627,1.12,1.00
2018.03.12 09:56:30.817,0.74612,0.74629,1.12,1.50
2018.03.12 09:56:33.018,0.74613,0.7463,1.50,1.75
2018.03.12 09:56:33.571,0.74615,0.74632,1.00,1.57
2018.03.12 09:56:34.258,0.74614,0.74631,1.12,1.47
2018.03.12 09:56:34.845,0.74615,0.74632,1.00,1.57
2018.03.12 09:56:36.475,0.74615,0.74632,1.37,1.57
2018.03.12 09:56:41.352,0.74613,0.74632,1.57,1.85
2018.03.12 09:56:44.476,0.74615,0.74632,1.00,1.85
2018.03.12 09:56:46.100,0.74614,0.74631,1.12,1.50
2018.03.12 09:56:46.779,0.74614,0.74631,1.37,1.12
2018.03.12 09:56:47.290,0.74616,0.74633,1.12,1.95
2018.03.12 09:56:47.419,0.74614,0.74631,1.00,1.50
2018.03.12 09:56:47.950,0.74613,0.74631,1.50,1.00
2018.03.12 09:56:50.148,0.74614,0.74631,1.00,1.50
2018.03.12 09:56:52.907,0.74615,0.74631,1.00,1.00
2018.03.12 09:56:54.654,0.74613,0.7463,1.57,1.00
2018.03.12 09:56:55.166,0.74611,0.74628,1.57,1.00
2018.03.12 09:56:56.312,0.74613,0.7463,1.00,1.50
2018.03.12 09:57:00.213,0.74612,0.74629,1.12,1.12
2018.03.12 09:57:00.552,0.7461,0.74628,1.37,1.37
2018.03.12 09:57:00.890,0.74611,0.7463,1.75,1.57
2018.03.12 09:57:01.432,0.7461,0.74628,1.75,1.00
2018.03.12 09:57:01.483,0.7461,0.74628,1.12,1.12
2018.03.12 09:57:04.287,0.74611,0.74628,1.00,1.12
2018.03.12 09:57:06.092,0.74611,0.74628,1.87,1.00
2018.03.12 09:57:06.599,0.74612,0.74629,1.12,1.12
2018.03.12 09:57:09.415,0.74611,0.74628,1.37,1.10
2018.03.12 09:57:09.947,0.7461,0.74627,1.50,1.12
2018.03.12 09:57:10.662,0.74608,0.74625,1.85,1.00
2018.03.12 09:57:10.717,0.74608,0.74625,1.57,1.12
2018.03.12 09:57:12.107,0.74612,0.74629,1.12,1.57
2018.03.12 09:57:12.427,0.7461,0.74627,1.20,1.50
2018.03.12 09:57:13.641,0.7461,0.74628,1.47,1.50
2018.03.12 09:57:14.516,0.74611,0.74628,1.57,1.12
2018.03.12 09:57:15.044,0.74613,0.7463,1.50,1.75
2018.03.12 09:57:15.190,0.74613,0.7463,2.32,1.12
2018.03.12 09:57:15.242,0.74614,0.74631,1.75,1.00
2018.03.12 09:57:15.757,0.74615,0.74633,1.50,1.57
2018.03.12 09:57:16.059,0.74612,0.74629,1.50,1.00
2018.03.12 09:57:16.501,0.74611,0.74628,1.20,1.12
2018.03.12 09:57:17.444,0.74611,0.74628,2.32,1.00
2018.03.12 09:57:17.496,0.74614,0.74631,1.12,1.20
2018.03.12 09:57:24.201,0.74614,0.74631,1.00,1.50
2018.03.12 09:57:24.403,0.74611,0.74628,1.12,1.20
2018.03.12 09:57:28.589,0.7461,0.74628,1.37,1.20
2018.03.12 09:57:30.237,0.74612,0.74628,1.00,1.10
2018.03.12 09:57:31.255,0.7461,0.74628,1.50,1.57
2018.03.12 09:57:35.546,0.74612,0.74629,1.00,1.82
2018.03.12 09:57:36.050,0.74611,0.7463,1.37,2.32
2018.03.12 09:57:37.276,0.74613,0.7463,1.00,1.95
2018.03.12 09:57:37.428,0.74615,0.74631,1.12,1.07
2018.03.12 09:57:37.995,0.74615,0.74631,1.12,1.10
2018.03.12 09:57:38.340,0.74612,0.74629,1.12,1.20
2018.03.12 09:57:39.831,0.74612,0.74629,1.12,1.57
2018.03.12 09:57:40.480,0.74612,0.74629,1.12,1.20
2018.03.12 09:57:40.985,0.74612,0.74629,1.12,1.57
2018.03.12 09:57:41.495,0.74612,0.74629,1.12,1.20
2018.03.12 09:57:45.414,0.74612,0.74629,1.12,1.57
2018.03.12 09:57:50.297,0.74611,0.74628,1.50,1.00
2018.03.12 09:57:50.947,0.74612,0.7463,1.12,1.57
2018.03.12 09:57:53.752,0.74612,0.7463,1.12,1.85
2018.03.12 09:57:58.544,0.7461,0.74629,1.37,1.50
2018.03.12 09:57:59.312,0.7461,0.74627,1.00,1.00
2018.03.12 09:58:00.634,0.74611,0.74628,1.00,1.50
2018.03.12 09:58:01.104,0.74613,0.7463,1.00,1.00
2018.03.12 09:58:01.774,0.74612,0.74629,1.57,1.00
2018.03.12 09:58:03.804,0.74612,0.7463,1.10,1.00
2018.03.12 09:58:04.343,0.74612,0.74629,1.57,1.00
2018.03.12 09:58:08.038,0.74613,0.7463,1.00,1.00
2018.03.12 09:58:12.717,0.74612,0.74631,1.50,1.57
2018.03.12 09:58:13.346,0.74613,0.7463,1.00,1.00
2018.03.12 09:58:15.455,0.74613,0.74631,1.00,1.10
2018.03.12 09:58:15.989,0.74614,0.74631,1.00,1.57
2018.03.12 09:58:19.991,0.74613,0.7463,1.50,1.12
2018.03.12 09:58:20.486,0.74615,0.74632,1.12,1.20
2018.03.12 09:58:22.234,0.74615,0.74628,1.00,1.00
2018.03.12 09:58:22.285,0.74611,0.74628,1.75,1.00
2018.03.12 09:58:22.336,0.74611,0.74628,1.50,1.50
2018.03.12 09:58:22.467,0.74609,0.74626,1.50,1.00
2018.03.12 09:58:22.773,0.74611,0.74629,1.75,1.20
2018.03.12 09:58:23.104,0.7461,0.74627,1.75,1.00
2018.03.12 09:58:24.014,0.74612,0.74629,1.12,1.50
2018.03.12 09:58:24.216,0.7461,0.74629,1.87,1.12
2018.03.12 09:58:24.535,0.7461,0.74627,1.12,1.00
2018.03.12 09:58:26.133,0.7461,0.74629,1.12,2.32
2018.03.12 09:58:26.923,0.7461,0.74627,1.12,1.00
2018.03.12 09:58:27.470,0.74611,0.74628,1.00,1.12
2018.03.12 09:58:28.000,0.7461,0.74627,1.12,1.00
2018.03.12 09:58:28.381,0.74609,0.74626,1.20,1.50
2018.03.12 09:58:29.552,0.7461,0.74627,1.00,1.75
2018.03.12 09:58:29.604,0.7461,0.74627,1.50,1.12
2018.03.12 09:58:30.829,0.74609,0.74626,1.12,1.50
2018.03.12 09:58:31.167,0.7461,0.74627,1.57,1.12
2018.03.12 09:58:32.670,0.74611,0.74629,1.75,1.20
2018.03.12 09:58:33.002,0.74611,0.74628,1.12,1.47
2018.03.12 09:58:33.703,0.74609,0.74626,1.12,1.50
2018.03.12 09:58:34.260,0.74607,0.74624,1.95,1.12
2018.03.12 09:58:34.691,0.7461,0.74627,1.50,1.20
2018.03.12 09:58:35.534,0.74612,0.74629,1.00,1.75
2018.03.12 09:58:35.706,0.74613,0.7463,1.12,1.57
2018.03.12 09:58:36.841,0.74614,0.74631,1.50,1.20
2018.03.12 09:58:37.423,0.74613,0.7463,1.75,1.00
2018.03.12 09:58:38.353,0.74612,0.74629,1.12,1.50
2018.03.12 09:58:38.559,0.74615,0.74632,1.12,1.20
2018.03.12 09:58:39.085,0.74616,0.74633,1.00,1.57
2018.03.12 09:58:39.917,0.74615,0.74634,1.12,1.95
2018.03.12 09:58:40.222,0.74613,0.7463,1.50,1.20
2018.03.12 09:58:40.274,0.74611,0.7463,1.57,1.57
2018.03.12 09:58:40.377,0.74611,0.74628,1.50,1.00
2018.03.12 09:58:40.895,0.74612,0.74629,1.00,1.10
2018.03.12 09:58:41.868,0.74611,0.74628,1.50,1.00
2018.03.12 09:58:42.186,0.74614,0.74631,1.12,1.45
2018.03.12 09:58:42.687,0.74613,0.7463,1.37,1.20
2018.03.12 09:58:42.738,0.74612,0.74629,1.12,1.57
2018.03.12 09:58:43.127,0.74608,0.74627,2.70,1.75
2018.03.12 09:58:43.654,0.74608,0.74627,2.32,1.85
2018.03.12 09:58:44.648,0.74609,0.74626,2.32,1.50
2018.03.12 09:58:45.507,0.74608,0.74625,1.45,1.50
2018.03.12 09:58:46.142,0.7461,0.74627,2.32,1.12
2018.03.12 09:58:46.996,0.74609,0.74626,1.57,1.12
2018.03.12 09:58:47.526,0.7461,0.74627,1.50,1.12
2018.03.12 09:58:48.058,0.74612,0.74629,1.10,1.75
2018.03.12 09:58:48.109,0.74613,0.74628,1.20,1.00
2018.03.12 09:58:48.227,0.74613,0.7463,1.95,1.00
2018.03.12 09:58:48.902,0.74613,0.74629,1.45,1.00
2018.03.12 09:58:48.953,0.74613,0.7463,1.20,1.12
2018.03.12 09:58:49.092,0.74611,0.74628,1.75,1.00
2018.03.12 09:58:49.296,0.74613,0.74632,1.50,1.82
2018.03.12 09:58:51.430,0.74613,0.7463,1.50,1.75
2018.03.12 09:58:51.633,0.74612,0.74631,1.85,1.57
2018.03.12 09:58:56.604,0.74614,0.7463,1.07,1.12
2018.03.12 09:59:00.877,0.74613,0.7463,1.95,1.12
2018.03.12 09:59:02.035,0.74612,0.74629,1.10,1.50
2018.03.12 09:59:02.596,0.74611,0.74629,1.57,1.00
2018.03.12 09:59:03.137,0.74612,0.74629,1.00,1.50
2018.03.12 09:59:03.927,0.74612,0.74629,1.50,1.00
2018.03.12 09:59:04.817,0.74613,0.7463,1.37,1.20
2018.03.12 09:59:06.391,0.74614,0.74631,1.57,1.37
2018.03.12 09:59:07.636,0.74613,0.7463,1.57,1.12
2018.03.12 09:59:08.987,0.74614,0.7463,1.07,1.12
2018.03.12 09:59:10.461,0.74615,0.74633,1.07,1.37
2018.03.12 09:59:10.769,0.74617,0.74635,1.07,1.12
2018.03.12 09:59:11.032,0.74616,0.74633,1.95,1.00
2018.03.12 09:59:11.335,0.7462,0.74637,1.10,1.50
2018.03.12 09:59:11.859,0.7462,0.74637,1.07,1.50
2018.03.12 09:59:12.206,0.74619,0.74636,1.10,1.00
2018.03.12 09:59:12.307,0.74619,0.74637,1.20,1.50
2018.03.12 09:59:12.820,0.74619,0.74638,1.95,1.12
2018.03.12 09:59:13.324,0.74616,0.74633,3.45,1.12
2018.03.12 09:59:13.375,0.74616,0.74634,1.45,1.50
2018.03.12 09:59:13.495,0.74615,0.74632,1.57,1.37
2018.03.12 09:59:17.246,0.74616,0.74633,1.07,1.50
2018.03.12 09:59:17.763,0.74616,0.74633,1.10,1.50
2018.03.12 09:59:18.368,0.74614,0.74631,1.57,1.12
2018.03.12 09:59:20.344,0.74613,0.74632,1.95,1.37
2018.03.12 09:59:20.938,0.74614,0.74631,1.57,1.12
2018.03.12 09:59:21.595,0.74616,0.74633,1.10,1.50
2018.03.12 09:59:22.253,0.74613,0.74632,1.95,1.37
2018.03.12 09:59:22.689,0.74615,0.74632,1.57,1.00
2018.03.12 09:59:22.739,0.74613,0.74632,1.57,1.37
2018.03.12 09:59:23.504,0.74615,0.74632,1.50,2.70
2018.03.12 09:59:23.555,0.74612,0.74631,1.95,1.50
2018.03.12 09:59:23.857,0.74613,0.7463,1.20,1.75
2018.03.12 09:59:25.152,0.74612,0.74628,1.07,1.12
2018.03.12 09:59:25.689,0.74609,0.74628,1.95,1.75
2018.03.12 09:59:27.280,0.7461,0.74627,1.20,1.50
2018.03.12 09:59:27.792,0.74611,0.74628,1.10,1.75
2018.03.12 09:59:28.380,0.74609,0.74626,1.95,1.12
2018.03.12 09:59:29.570,0.7461,0.74628,1.07,1.75
2018.03.12 09:59:29.937,0.74606,0.74624,1.57,1.00
2018.03.12 09:59:29.988,0.74606,0.74622,1.10,1.50
2018.03.12 09:59:30.291,0.74601,0.74619,1.95,1.00
2018.03.12 09:59:30.507,0.74605,0.74622,1.00,1.50
2018.03.12 09:59:30.558,0.74606,0.74622,1.07,1.00
2018.03.12 09:59:31.059,0.74605,0.74623,1.95,1.12
2018.03.12 09:59:32.112,0.74604,0.74621,1.57,1.50
2018.03.12 09:59:32.572,0.74602,0.74619,1.57,1.50
2018.03.12 09:59:32.623,0.74604,0.74621,1.57,1.50
2018.03.12 09:59:33.763,0.74603,0.7462,1.57,1.12
2018.03.12 09:59:34.376,0.74602,0.74619,1.57,1.12
2018.03.12 09:59:34.907,0.746,0.74619,1.57,1.12
2018.03.12 09:59:35.008,0.74599,0.74616,1.57,1.12
2018.03.12 09:59:35.340,0.74601,0.74618,1.12,1.12
2018.03.12 09:59:40.363,0.74601,0.74618,1.20,1.12
2018.03.12 09:59:41.030,0.74601,0.74618,1.57,1.12
2018.03.12 09:59:42.165,0.74601,0.74619,1.07,1.50
2018.03.12 09:59:42.682,0.746,0.74619,1.95,1.50
2018.03.12 09:59:43.225,0.746,0.74619,1.95,1.50
2018.03.12 09:59:43.773,0.746,0.74619,1.95,1.50
2018.03.12 09:59:46.417,0.74601,0.74618,1.57,1.12
2018.03.12 09:59:46.495,0.74602,0.7462,1.95,1.50
2018.03.12 09:59:47.040,0.74603,0.7462,1.45,1.50
2018.03.12 09:59:48.156,0.74603,0.7462,1.45,1.50
2018.03.12 09:59:48.493,0.74605,0.74622,1.45,1.12
2018.03.12 09:59:50.853,0.74606,0.74623,1.57,1.37
2018.03.12 09:59:52.615,0.74606,0.74623,1.20,1.37
2018.03.12 09:59:53.131,0.74604,0.74622,1.57,1.50
2018.03.12 09:59:53.329,0.74606,0.74623,1.12,1.12
2018.03.12 09:59:53.432,0.74605,0.74624,1.95,1.50
2018.03.12 09:59:53.635,0.74605,0.74622,1.95,1.00
2018.03.12 09:59:54.142,0.74605,0.74623,1.95,1.00
2018.03.12 09:59:54.279,0.74604,0.74621,1.57,1.12
2018.03.12 09:59:54.667,0.74606,0.74622,1.07,1.12
2018.03.12 09:59:55.211,0.74604,0.74621,1.57,1.12
2018.03.12 09:59:55.835,0.74603,0.7462,1.95,1.00
2018.03.12 09:59:56.557,0.74603,0.74621,1.20,1.12
2018.03.12 09:59:56.873,0.74603,0.7462,1.20,1.50
2018.03.12 09:59:57.295,0.74603,0.7462,1.45,1.50
2018.03.12 09:59:57.830,0.74603,0.74622,1.95,1.37
2018.03.12 09:59:58.508,0.74605,0.74621,1.07,1.12
2018.03.12 09:59:58.559,0.74606,0.74623,1.57,1.12
2018.03.12 09:59:58.923,0.74608,0.74625,1.20,1.12
2018.03.12 09:59:59.444,0.74608,0.74626,1.07,1.50
