2012.02.21 09:00:00.078,0.97432,0.9745,1.50,3.00
2012.02.21 09:00:00.818,0.97431,0.97449,1.50,1.50
2012.02.21 09:00:00.897,0.9743,0.97448,1.50,1.88
2012.02.21 09:00:01.218,0.97426,0.97443,2.25,1.50
2012.02.21 09:00:01.527,0.97424,0.9744,3.00,1.50
2012.02.21 09:00:01.788,0.97426,0.97443,1.50,1.50
2012.02.21 09:00:02.436,0.97428,0.97446,1.50,1.50
2012.02.21 09:00:02.520,0.97431,0.97447,1.50,1.50
2012.02.21 09:00:03.038,0.97431,0.97448,1.50,1.50
2012.02.21 09:00:03.293,0.97427,0.97445,1.50,1.50
2012.02.21 09:00:03.816,0.97426,0.97444,1.50,1.50
2012.02.21 09:00:04.348,0.97429,0.97445,1.50,1.50
2012.02.21 09:00:04.690,0.97427,0.97443,1.50,1.50
2012.02.21 09:00:05.709,0.97425,0.97443,1.50,1.50
2012.02.21 09:00:06.480,0.9743,0.97448,1.50,1.88
2012.02.21 09:00:06.554,0.97424,0.97441,1.50,1.50
2012.02.21 09:00:06.628,0.97428,0.97443,1.50,1.50
2012.02.21 09:00:06.767,0.97428,0.97446,1.50,1.50
2012.02.21 09:00:07.087,0.97427,0.97443,1.50,1.50
2012.02.21 09:00:07.276,0.97424,0.97442,1.50,1.88
2012.02.21 09:00:07.528,0.97429,0.97445,1.50,1.88
2012.02.21 09:00:08.378,0.9743,0.97446,1.50,1.50
2012.02.21 09:00:08.454,0.97428,0.97444,1.50,1.50
2012.02.21 09:00:08.529,0.97426,0.97444,1.50,1.50
2012.02.21 09:00:09.701,0.97429,0.97445,1.50,1.88
2012.02.21 09:00:10.690,0.97433,0.97449,1.50,1.88
2012.02.21 09:00:10.878,0.97433,0.97451,1.50,1.50
2012.02.21 09:00:11.384,0.97432,0.9745,1.50,1.50
2012.02.21 09:00:11.516,0.97434,0.9745,1.50,1.50
2012.02.21 09:00:12.546,0.97436,0.97451,1.50,2.25
2012.02.21 09:00:12.627,0.97436,0.97454,1.50,1.88
2012.02.21 09:00:12.757,0.97436,0.97452,1.50,1.50
2012.02.21 09:00:13.092,0.97436,0.97454,1.50,1.88
2012.02.21 09:00:13.220,0.97433,0.97451,1.50,1.50
2012.02.21 09:00:13.680,0.97432,0.97448,1.50,1.50
2012.02.21 09:00:14.315,0.97431,0.97448,1.50,1.50
2012.02.21 09:00:14.641,0.97436,0.97452,1.50,1.50
2012.02.21 09:00:15.444,0.97435,0.97453,1.50,1.50
2012.02.21 09:00:16.129,0.97436,0.97454,1.50,1.50
2012.02.21 09:00:16.713,0.97434,0.9745,1.50,1.50
2012.02.21 09:00:17.396,0.97434,0.97452,1.50,3.38
2012.02.21 09:00:17.838,0.97436,0.97452,1.50,1.88
2012.02.21 09:00:18.748,0.97434,0.97452,1.50,5.48
2012.02.21 09:00:18.816,0.97434,0.9745,1.50,1.50
2012.02.21 09:00:19.186,0.97436,0.9745,1.50,1.50
2012.02.21 09:00:19.317,0.97438,0.97456,1.50,1.88
2012.02.21 09:00:19.857,0.97439,0.97457,1.50,3.38
2012.02.21 09:00:19.931,0.97439,0.97453,1.50,2.10
2012.02.21 09:00:20.114,0.9744,0.97458,1.50,3.38
2012.02.21 09:00:20.891,0.97441,0.97456,1.50,1.50
2012.02.21 09:00:20.967,0.97437,0.97453,1.50,1.50
2012.02.21 09:00:21.480,0.97438,0.97454,1.50,1.50
2012.02.21 09:00:22.004,0.97439,0.97455,1.50,1.50
2012.02.21 09:00:22.316,0.97437,0.97455,3.60,1.50
2012.02.21 09:00:22.387,0.97445,0.97463,1.50,1.50
2012.02.21 09:00:23.051,0.97446,0.97464,1.50,1.50
2012.02.21 09:00:23.356,0.97444,0.9746,1.50,1.50
2012.02.21 09:00:23.835,0.97444,0.97462,1.50,1.50
2012.02.21 09:00:24.508,0.97443,0.97461,1.50,1.50
2012.02.21 09:00:25.700,0.97449,0.97462,1.50,1.50
2012.02.21 09:00:25.771,0.97447,0.97465,1.50,1.50
2012.02.21 09:00:26.022,0.97445,0.9746,3.00,1.50
2012.02.21 09:00:26.088,0.97446,0.97462,1.50,1.50
2012.02.21 09:00:26.339,0.97443,0.97461,3.00,1.50
2012.02.21 09:00:27.055,0.97442,0.97459,1.50,1.50
2012.02.21 09:00:27.447,0.97444,0.9746,1.50,1.88
2012.02.21 09:00:27.887,0.97442,0.97458,1.50,1.50
2012.02.21 09:00:28.187,0.97444,0.9746,1.50,1.88
2012.02.21 09:00:30.773,0.97441,0.97459,1.50,1.50
2012.02.21 09:00:31.268,0.97444,0.9746,1.50,3.38
2012.02.21 09:00:32.595,0.97444,0.97459,1.50,1.50
2012.02.21 09:00:32.666,0.9744,0.97458,1.50,1.50
2012.02.21 09:00:32.913,0.97439,0.97455,1.50,1.50
2012.02.21 09:00:32.984,0.97439,0.97457,1.50,1.50
2012.02.21 09:00:33.113,0.97442,0.9746,1.50,1.88
2012.02.21 09:00:33.455,0.97444,0.9746,1.50,1.88
2012.02.21 09:00:33.706,0.9744,0.97458,1.50,1.50
2012.02.21 09:00:34.673,0.97446,0.97464,1.50,1.88
2012.02.21 09:00:35.041,0.9745,0.97466,1.50,2.63
2012.02.21 09:00:35.293,0.9745,0.97468,1.50,1.88
2012.02.21 09:00:35.412,0.97452,0.97468,1.50,1.88
2012.02.21 09:00:35.671,0.9745,0.97466,3.00,1.88
2012.02.21 09:00:36.231,0.97448,0.97464,1.50,1.50
2012.02.21 09:00:36.558,0.97445,0.97461,1.50,1.50
2012.02.21 09:00:36.896,0.97445,0.97462,1.50,2.25
2012.02.21 09:00:37.368,0.97448,0.97464,1.50,2.25
2012.02.21 09:00:37.435,0.97445,0.97463,1.50,1.88
2012.02.21 09:00:38.087,0.97445,0.97463,1.50,1.88
2012.02.21 09:00:38.163,0.97447,0.97465,1.50,2.25
2012.02.21 09:00:42.164,0.97447,0.97465,1.50,1.88
2012.02.21 09:00:42.475,0.97447,0.97462,2.10,1.50
2012.02.21 09:00:43.108,0.97448,0.97464,1.50,1.50
2012.02.21 09:00:43.634,0.97447,0.97463,1.50,1.50
2012.02.21 09:00:44.166,0.97447,0.97464,1.50,1.50
2012.02.21 09:00:45.384,0.97446,0.97461,3.00,1.50
2012.02.21 09:00:45.914,0.97445,0.97462,1.50,1.50
2012.02.21 09:00:47.507,0.97443,0.97461,1.50,1.50
2012.02.21 09:00:48.032,0.97442,0.97458,3.75,1.50
2012.02.21 09:00:48.080,0.97441,0.97459,2.25,1.50
2012.02.21 09:00:48.614,0.97443,0.97459,1.50,1.50
2012.02.21 09:00:49.856,0.9744,0.97458,3.00,1.50
2012.02.21 09:00:49.986,0.9744,0.97456,1.50,1.50
2012.02.21 09:00:50.598,0.97442,0.97458,1.50,1.50
2012.02.21 09:00:50.909,0.9744,0.97456,3.00,1.50
2012.02.21 09:00:51.157,0.97441,0.97458,1.50,1.88
2012.02.21 09:00:51.227,0.9744,0.97455,1.50,1.50
2012.02.21 09:00:51.844,0.97442,0.97458,1.50,1.50
2012.02.21 09:00:52.382,0.97444,0.97459,1.50,1.50
2012.02.21 09:00:52.455,0.97443,0.97461,1.50,1.50
2012.02.21 09:00:52.957,0.97443,0.97459,1.50,1.50
2012.02.21 09:00:53.394,0.97441,0.97459,1.50,1.50
2012.02.21 09:00:53.527,0.97443,0.97459,1.50,1.50
2012.02.21 09:00:53.660,0.9744,0.97458,1.50,1.50
2012.02.21 09:00:54.352,0.97442,0.97459,1.50,3.00
2012.02.21 09:00:54.694,0.97442,0.97457,1.50,1.50
2012.02.21 09:00:54.764,0.9744,0.97458,1.50,3.00
2012.02.21 09:00:55.433,0.97441,0.97457,1.50,1.50
2012.02.21 09:00:57.339,0.97442,0.97458,1.50,1.50
2012.02.21 09:00:57.620,0.97442,0.9746,1.50,1.50
2012.02.21 09:00:58.196,0.97443,0.9746,1.50,1.50
2012.02.21 09:00:58.529,0.97445,0.97463,3.00,1.50
2012.02.21 09:00:59.050,0.97447,0.97463,1.50,1.50
2012.02.21 09:00:59.431,0.97443,0.97458,1.50,1.50
2012.02.21 09:00:59.764,0.97445,0.97461,1.50,1.50
2012.02.21 09:01:00.352,0.97444,0.97462,1.50,1.50
2012.02.21 09:01:01.982,0.97446,0.97464,1.50,3.00
2012.02.21 09:01:02.364,0.97446,0.97464,1.50,1.88
2012.02.21 09:01:02.885,0.97443,0.97458,1.50,1.50
2012.02.21 09:01:03.014,0.97441,0.97459,1.50,1.50
2012.02.21 09:01:03.905,0.97442,0.9746,1.50,1.88
2012.02.21 09:01:04.081,0.97445,0.97461,1.50,1.88
2012.02.21 09:01:05.369,0.97445,0.97461,1.50,1.50
2012.02.21 09:01:05.832,0.97448,0.97465,1.50,2.25
2012.02.21 09:01:06.725,0.97447,0.97463,1.50,3.75
2012.02.21 09:01:06.789,0.97445,0.97462,1.50,1.88
2012.02.21 09:01:07.610,0.97447,0.97465,1.50,1.88
2012.02.21 09:01:07.803,0.9745,0.97466,3.00,1.50
2012.02.21 09:01:08.050,0.97453,0.97469,1.50,2.25
2012.02.21 09:01:08.570,0.97452,0.97468,1.50,2.25
2012.02.21 09:01:09.509,0.97455,0.97467,1.50,1.50
2012.02.21 09:01:09.575,0.97456,0.97473,1.50,1.88
2012.02.21 09:01:09.639,0.97454,0.9747,3.00,1.50
2012.02.21 09:01:10.180,0.97449,0.97469,1.50,1.50
2012.02.21 09:01:10.310,0.97447,0.97465,2.10,1.50
2012.02.21 09:01:10.380,0.97445,0.97465,1.50,1.50
2012.02.21 09:01:10.513,0.97448,0.97468,1.50,1.88
2012.02.21 09:01:11.258,0.97449,0.97471,1.50,2.63
2012.02.21 09:01:12.487,0.97451,0.97473,1.50,1.88
2012.02.21 09:01:13.121,0.9745,0.97471,1.50,1.88
2012.02.21 09:01:13.378,0.97448,0.9747,1.50,1.88
2012.02.21 09:01:14.568,0.97445,0.97465,2.43,1.50
2012.02.21 09:01:14.952,0.97449,0.97469,1.50,1.50
2012.02.21 09:01:16.319,0.97448,0.9747,1.50,1.50
2012.02.21 09:01:19.185,0.97448,0.97468,1.50,1.50
2012.02.21 09:01:20.133,0.97449,0.97471,1.88,1.88
2012.02.21 09:01:20.209,0.97449,0.97471,1.88,1.50
2012.02.21 09:01:20.275,0.97449,0.97467,1.88,1.50
2012.02.21 09:01:20.812,0.97452,0.97467,1.50,3.00
2012.02.21 09:01:22.023,0.9745,0.97468,1.50,1.50
2012.02.21 09:01:22.098,0.97453,0.97471,1.50,1.50
2012.02.21 09:01:22.404,0.97451,0.97469,1.50,1.50
2012.02.21 09:01:22.971,0.97452,0.97469,1.50,1.50
2012.02.21 09:01:23.723,0.97451,0.97469,3.00,1.50
2012.02.21 09:01:24.273,0.97452,0.97467,1.50,1.50
2012.02.21 09:01:24.761,0.9745,0.97466,3.00,1.50
2012.02.21 09:01:24.953,0.97452,0.97468,1.50,1.50
2012.02.21 09:01:25.170,0.9745,0.97468,1.50,1.50
2012.02.21 09:01:25.370,0.9745,0.97465,1.50,1.50
2012.02.21 09:01:25.946,0.9745,0.97465,2.25,1.50
2012.02.21 09:01:26.714,0.9745,0.97466,2.25,1.50
2012.02.21 09:01:27.978,0.9745,0.97466,1.50,1.50
2012.02.21 09:01:28.358,0.9745,0.97468,2.25,1.50
2012.02.21 09:01:28.890,0.97453,0.97469,1.50,1.50
2012.02.21 09:01:29.401,0.97451,0.97467,2.25,1.50
2012.02.21 09:01:30.111,0.97455,0.97471,1.50,1.50
2012.02.21 09:01:30.676,0.97454,0.97472,1.50,1.50
2012.02.21 09:01:30.749,0.97451,0.97467,1.50,1.50
2012.02.21 09:01:31.180,0.97453,0.97469,1.50,1.50
2012.02.21 09:01:31.662,0.97451,0.97468,1.50,1.50
2012.02.21 09:01:32.592,0.97452,0.9747,1.50,1.50
2012.02.21 09:01:32.889,0.9745,0.97468,1.50,1.50
2012.02.21 09:01:33.228,0.97447,0.97463,1.50,1.50
2012.02.21 09:01:33.757,0.97447,0.97464,1.50,1.50
2012.02.21 09:01:34.264,0.97448,0.97466,1.50,1.50
2012.02.21 09:01:34.867,0.97453,0.97469,1.50,1.50
2012.02.21 09:01:35.233,0.97451,0.97467,1.50,1.50
2012.02.21 09:01:35.541,0.97448,0.97464,1.50,1.50
2012.02.21 09:01:35.671,0.97448,0.97466,1.50,1.50
2012.02.21 09:01:35.743,0.97451,0.97467,1.50,1.50
2012.02.21 09:01:36.414,0.9745,0.97466,1.50,1.50
2012.02.21 09:01:36.490,0.9745,0.97468,1.50,1.88
2012.02.21 09:01:37.097,0.97451,0.97467,1.50,1.50
2012.02.21 09:01:38.652,0.9745,0.97468,1.50,1.50
2012.02.21 09:01:38.746,0.97449,0.97465,1.50,1.50
2012.02.21 09:01:39.039,0.97447,0.97465,1.50,1.50
2012.02.21 09:01:39.170,0.9745,0.97466,1.50,3.00
2012.02.21 09:01:40.142,0.97448,0.97464,3.00,1.50
2012.02.21 09:01:40.894,0.9745,0.97466,1.50,1.50
2012.02.21 09:01:41.243,0.9745,0.97462,1.50,2.10
2012.02.21 09:01:41.313,0.9745,0.97467,1.50,1.50
2012.02.21 09:01:41.853,0.97448,0.97465,1.50,1.50
2012.02.21 09:01:42.437,0.97448,0.97466,1.50,1.50
2012.02.21 09:01:42.760,0.9745,0.97466,1.50,1.50
2012.02.21 09:01:43.419,0.97451,0.97467,1.50,1.50
2012.02.21 09:01:44.480,0.97448,0.97465,1.50,1.50
2012.02.21 09:01:44.562,0.97448,0.97463,1.50,1.88
2012.02.21 09:01:44.933,0.97443,0.97461,1.50,1.50
2012.02.21 09:01:45.418,0.97445,0.97461,1.50,1.50
2012.02.21 09:01:45.769,0.97449,0.97462,1.50,2.10
2012.02.21 09:01:46.021,0.97447,0.97462,1.50,2.10
2012.02.21 09:01:46.720,0.97446,0.97461,3.00,1.50
2012.02.21 09:01:46.805,0.97451,0.97466,1.50,1.50
2012.02.21 09:01:47.301,0.97449,0.97467,1.50,1.50
2012.02.21 09:01:47.371,0.97452,0.97468,1.50,1.50
2012.02.21 09:01:49.893,0.97453,0.97471,1.50,1.50
2012.02.21 09:01:49.994,0.97455,0.97473,1.50,5.10
2012.02.21 09:01:50.826,0.97455,0.97472,1.50,2.10
2012.02.21 09:01:50.898,0.97453,0.97471,1.50,1.50
2012.02.21 09:01:51.881,0.97456,0.97472,1.50,1.50
2012.02.21 09:01:52.008,0.97454,0.97472,1.50,1.50
2012.02.21 09:01:53.042,0.97454,0.97471,1.50,1.50
2012.02.21 09:01:53.114,0.97452,0.97468,1.50,1.50
2012.02.21 09:01:53.345,0.97452,0.9747,1.50,1.50
2012.02.21 09:01:53.409,0.97451,0.97468,1.50,1.50
2012.02.21 09:01:53.938,0.97452,0.97468,1.50,1.50
2012.02.21 09:01:54.249,0.9745,0.97466,1.50,1.50
2012.02.21 09:01:54.550,0.97453,0.97471,1.50,2.25
2012.02.21 09:01:55.176,0.97455,0.97471,1.50,2.25
2012.02.21 09:01:55.242,0.97453,0.97471,1.50,2.25
2012.02.21 09:01:55.693,0.97453,0.97463,1.50,2.10
2012.02.21 09:01:55.822,0.97453,0.97471,1.50,2.25
2012.02.21 09:01:56.253,0.97451,0.97467,1.50,2.25
2012.02.21 09:01:57.209,0.9745,0.97466,1.50,1.88
2012.02.21 09:01:57.501,0.97448,0.97466,1.50,1.88
2012.02.21 09:01:57.569,0.97447,0.97463,1.50,1.50
2012.02.21 09:01:58.093,0.97446,0.97464,1.50,1.50
2012.02.21 09:01:58.427,0.97445,0.97461,1.50,1.50
2012.02.21 09:01:59.580,0.97442,0.9746,1.50,1.50
2012.02.21 09:01:59.951,0.9744,0.97458,1.88,1.50
2012.02.21 09:02:00.264,0.97442,0.9746,3.00,1.50
2012.02.21 09:02:00.795,0.97443,0.97459,1.50,1.50
2012.02.21 09:02:01.459,0.97445,0.97461,1.50,1.50
2012.02.21 09:02:01.780,0.97438,0.97454,1.50,1.50
2012.02.21 09:02:02.121,0.97436,0.97452,1.50,1.50
2012.02.21 09:02:03.754,0.97435,0.97453,1.50,1.88
2012.02.21 09:02:04.250,0.97434,0.97452,1.50,1.50
2012.02.21 09:02:04.563,0.97434,0.9745,1.50,1.50
2012.02.21 09:02:05.061,0.97432,0.97448,1.50,1.50
2012.02.21 09:02:05.962,0.97433,0.97448,1.50,1.88
2012.02.21 09:02:06.297,0.9743,0.97448,3.75,1.50
2012.02.21 09:02:06.601,0.97433,0.9745,1.50,1.88
2012.02.21 09:02:06.793,0.97428,0.97446,1.50,1.88
2012.02.21 09:02:06.864,0.97423,0.9744,1.50,1.50
2012.02.21 09:02:07.597,0.97425,0.97442,1.50,1.50
2012.02.21 09:02:08.022,0.9742,0.97438,1.50,1.50
2012.02.21 09:02:08.090,0.97416,0.97434,1.50,1.50
2012.02.21 09:02:08.420,0.9742,0.97436,1.50,1.50
2012.02.21 09:02:08.553,0.9742,0.97438,1.50,1.50
2012.02.21 09:02:09.111,0.97421,0.97439,1.50,1.50
2012.02.21 09:02:10.448,0.9742,0.97436,3.00,1.50
2012.02.21 09:02:11.001,0.97419,0.97431,1.50,1.50
2012.02.21 09:02:11.073,0.97419,0.97437,1.50,3.00
2012.02.21 09:02:11.143,0.97417,0.97429,3.60,1.50
2012.02.21 09:02:11.214,0.97419,0.97435,1.50,1.50
2012.02.21 09:02:11.888,0.97417,0.97429,1.50,1.50
2012.02.21 09:02:11.948,0.97415,0.97431,1.50,1.50
2012.02.21 09:02:12.170,0.97416,0.97433,1.50,1.50
2012.02.21 09:02:12.308,0.97415,0.97431,1.50,1.50
2012.02.21 09:02:12.501,0.9741,0.97428,1.50,1.50
2012.02.21 09:02:12.754,0.97409,0.97425,1.50,1.50
2012.02.21 09:02:12.883,0.97412,0.9743,1.50,1.50
2012.02.21 09:02:13.536,0.97416,0.97431,1.88,1.50
2012.02.21 09:02:14.060,0.97416,0.97432,1.13,1.50
2012.02.21 09:02:14.602,0.97417,0.97433,2.25,3.00
2012.02.21 09:02:15.632,0.97414,0.9743,3.93,1.50
2012.02.21 09:02:15.820,0.97414,0.9743,1.50,1.50
2012.02.21 09:02:16.171,0.97414,0.97432,1.50,1.50
2012.02.21 09:02:16.719,0.97417,0.97433,1.50,1.50
2012.02.21 09:02:17.764,0.97416,0.97434,1.50,1.50
2012.02.21 09:02:18.090,0.97416,0.97432,1.50,1.50
2012.02.21 09:02:18.221,0.97416,0.97434,1.50,1.50
2012.02.21 09:02:18.805,0.97417,0.97433,1.50,1.50
2012.02.21 09:02:18.991,0.97417,0.97435,1.50,1.50
2012.02.21 09:02:19.673,0.97416,0.97434,1.50,1.50
2012.02.21 09:02:20.167,0.97417,0.97435,1.50,1.50
2012.02.21 09:02:20.311,0.97416,0.97432,1.50,1.50
2012.02.21 09:02:20.968,0.97415,0.97433,1.50,1.50
2012.02.21 09:02:21.499,0.97418,0.97436,3.60,1.50
2012.02.21 09:02:22.060,0.97421,0.97436,1.50,1.50
2012.02.21 09:02:22.137,0.97413,0.97429,1.88,1.50
2012.02.21 09:02:22.332,0.97413,0.97431,1.88,1.50
2012.02.21 09:02:22.458,0.97413,0.97429,1.50,1.50
2012.02.21 09:02:22.919,0.97413,0.97431,1.50,1.50
2012.02.21 09:02:23.294,0.97417,0.97432,1.50,1.50
2012.02.21 09:02:23.368,0.97417,0.97434,1.50,1.50
2012.02.21 09:02:23.620,0.97416,0.97432,3.00,3.60
2012.02.21 09:02:24.318,0.97416,0.97428,1.50,1.50
2012.02.21 09:02:24.399,0.97412,0.9743,1.50,1.50
2012.02.21 09:02:24.772,0.97415,0.97431,1.50,1.50
2012.02.21 09:02:24.901,0.9741,0.97428,1.50,1.50
2012.02.21 09:02:24.981,0.97415,0.97433,1.50,1.50
2012.02.21 09:02:25.302,0.97412,0.97429,1.50,1.50
2012.02.21 09:02:26.025,0.97414,0.97429,1.50,1.50
2012.02.21 09:02:26.361,0.97416,0.97432,1.50,3.00
2012.02.21 09:02:26.822,0.97413,0.97429,1.50,1.50
2012.02.21 09:02:27.149,0.97411,0.97427,1.50,1.50
2012.02.21 09:02:27.342,0.97411,0.97429,1.50,1.50
2012.02.21 09:02:28.039,0.9741,0.97426,1.50,1.50
2012.02.21 09:02:28.344,0.97412,0.97428,1.50,1.50
2012.02.21 09:02:28.869,0.97411,0.97429,1.50,1.50
2012.02.21 09:02:29.242,0.97409,0.97425,1.50,1.50
2012.02.21 09:02:29.863,0.97407,0.97423,2.10,1.50
2012.02.21 09:02:30.403,0.97407,0.97424,2.10,1.50
2012.02.21 09:02:30.812,0.97408,0.97426,1.50,1.50
2012.02.21 09:02:31.062,0.9741,0.97426,1.50,1.50
2012.02.21 09:02:31.906,0.97408,0.97424,1.50,1.50
2012.02.21 09:02:31.978,0.97409,0.97427,1.50,1.50
2012.02.21 09:02:32.691,0.97412,0.9743,1.50,3.00
2012.02.21 09:02:33.245,0.97412,0.97429,1.50,1.50
2012.02.21 09:02:33.937,0.97412,0.9743,1.50,1.50
2012.02.21 09:02:34.440,0.97411,0.97429,1.50,1.50
2012.02.21 09:02:34.750,0.97413,0.97431,1.50,1.50
2012.02.21 09:02:35.585,0.97413,0.97429,1.50,1.50
2012.02.21 09:02:35.657,0.97411,0.97429,1.50,1.50
2012.02.21 09:02:35.841,0.97413,0.97431,1.50,1.50
2012.02.21 09:02:36.301,0.97415,0.97431,1.50,1.50
2012.02.21 09:02:36.841,0.97413,0.9743,1.50,1.50
2012.02.21 09:02:37.436,0.97414,0.9743,1.50,1.50
2012.02.21 09:02:37.503,0.97417,0.97433,1.50,3.00
2012.02.21 09:02:37.831,0.97419,0.97435,1.50,1.50
2012.02.21 09:02:38.495,0.97416,0.97432,1.50,1.50
2012.02.21 09:02:39.190,0.97417,0.97433,1.50,1.50
2012.02.21 09:02:39.926,0.97415,0.97432,1.50,1.50
2012.02.21 09:02:40.007,0.97417,0.97434,1.50,1.50
2012.02.21 09:02:40.072,0.97413,0.97431,1.50,1.50
2012.02.21 09:02:40.517,0.97412,0.97429,3.00,1.50
2012.02.21 09:02:40.833,0.97412,0.97427,1.50,1.50
2012.02.21 09:02:41.567,0.97411,0.97427,1.50,1.50
2012.02.21 09:02:41.636,0.97413,0.97431,1.50,1.50
2012.02.21 09:02:41.952,0.97415,0.97431,1.50,1.50
2012.02.21 09:02:42.347,0.97413,0.97429,1.50,1.50
2012.02.21 09:02:42.651,0.97415,0.97431,1.50,1.50
2012.02.21 09:02:43.344,0.97412,0.9743,1.50,1.50
2012.02.21 09:02:43.859,0.97413,0.97429,1.50,1.50
2012.02.21 09:02:43.998,0.97413,0.97431,1.50,1.50
2012.02.21 09:02:44.130,0.97416,0.97431,1.50,1.50
2012.02.21 09:02:44.199,0.97414,0.97432,3.00,3.60
2012.02.21 09:02:44.609,0.97413,0.97429,1.50,1.50
2012.02.21 09:02:46.023,0.97413,0.9743,1.50,1.50
2012.02.21 09:02:46.521,0.97414,0.9743,1.50,1.50
2012.02.21 09:02:46.589,0.97414,0.97432,1.50,1.50
2012.02.21 09:02:46.660,0.97412,0.97429,3.00,1.50
2012.02.21 09:02:47.224,0.97411,0.97427,3.00,1.50
2012.02.21 09:02:47.290,0.97409,0.97426,1.50,1.50
2012.02.21 09:02:47.822,0.97411,0.97427,1.50,1.50
2012.02.21 09:02:48.378,0.97414,0.9743,1.50,1.50
2012.02.21 09:02:48.451,0.97412,0.97429,1.50,1.50
2012.02.21 09:02:49.022,0.9741,0.97426,1.50,1.50
2012.02.21 09:02:49.149,0.97408,0.97426,1.50,1.50
2012.02.21 09:02:49.930,0.97409,0.97427,1.50,1.50
2012.02.21 09:02:50.620,0.97411,0.97428,1.50,1.50
2012.02.21 09:02:51.442,0.97411,0.97429,1.50,3.00
2012.02.21 09:02:51.891,0.9741,0.97426,1.50,1.50
2012.02.21 09:02:52.512,0.97406,0.97421,1.50,1.50
2012.02.21 09:02:52.645,0.97413,0.97429,1.50,1.50
2012.02.21 09:02:52.710,0.97415,0.97431,1.50,1.50
2012.02.21 09:02:53.303,0.97419,0.97434,1.50,1.50
2012.02.21 09:02:53.621,0.97418,0.9743,2.10,1.50
2012.02.21 09:02:53.762,0.97414,0.9743,1.50,1.50
2012.02.21 09:02:54.417,0.97413,0.97431,1.50,1.50
2012.02.21 09:02:54.539,0.97415,0.9743,1.50,1.50
2012.02.21 09:02:54.861,0.97417,0.97433,1.50,1.50
2012.02.21 09:02:55.518,0.97407,0.97425,1.50,1.50
2012.02.21 09:02:56.040,0.97408,0.97425,3.60,1.50
2012.02.21 09:02:56.231,0.97405,0.9742,1.50,1.50
2012.02.21 09:02:57.191,0.97402,0.97418,1.50,1.50
2012.02.21 09:02:57.269,0.97405,0.97423,1.50,1.50
2012.02.21 09:02:57.589,0.97408,0.97423,1.50,1.50
2012.02.21 09:02:58.121,0.97408,0.97424,1.50,1.50
2012.02.21 09:02:58.431,0.97406,0.97422,1.50,1.50
2012.02.21 09:02:59.356,0.97407,0.97424,1.50,3.00
2012.02.21 09:02:59.848,0.97405,0.97423,1.50,1.50
2012.02.21 09:02:59.982,0.97404,0.97421,1.50,1.50
2012.02.21 09:03:00.510,0.97405,0.97421,1.50,1.50
2012.02.21 09:03:01.519,0.97405,0.97423,1.50,1.50
2012.02.21 09:03:01.648,0.97407,0.97425,1.50,1.50
2012.02.21 09:03:02.031,0.97406,0.97423,1.50,1.50
2012.02.21 09:03:02.103,0.97404,0.97422,1.50,1.50
2012.02.21 09:03:02.473,0.97408,0.97422,2.10,1.50
2012.02.21 09:03:02.674,0.97403,0.97421,1.50,1.50
2012.02.21 09:03:02.751,0.97406,0.97423,1.50,1.50
2012.02.21 09:03:03.298,0.97406,0.97424,1.50,1.50
2012.02.21 09:03:03.887,0.97407,0.97425,1.50,1.88
2012.02.21 09:03:04.325,0.9741,0.97427,1.50,2.63
2012.02.21 09:03:04.633,0.97402,0.97418,1.50,1.50
2012.02.21 09:03:05.277,0.97401,0.97419,1.50,1.50
2012.02.21 09:03:05.348,0.97406,0.97422,1.50,1.50
2012.02.21 09:03:07.569,0.97409,0.97424,3.00,1.50
2012.02.21 09:03:07.646,0.9741,0.97428,1.50,1.88
2012.02.21 09:03:09.474,0.97408,0.97426,1.50,1.50
2012.02.21 09:03:10.002,0.97408,0.97424,2.10,1.50
2012.02.21 09:03:10.400,0.97409,0.97427,1.50,1.50
2012.02.21 09:03:10.532,0.97411,0.97429,1.50,1.50
2012.02.21 09:03:11.574,0.97411,0.97426,1.50,1.50
2012.02.21 09:03:12.100,0.9741,0.97426,1.50,1.50
2012.02.21 09:03:12.294,0.97405,0.97423,1.50,1.88
2012.02.21 09:03:12.420,0.97405,0.97422,1.50,2.48
2012.02.21 09:03:12.551,0.97397,0.97415,1.50,1.50
2012.02.21 09:03:12.620,0.97402,0.9742,1.50,1.88
2012.02.21 09:03:12.932,0.97404,0.97422,3.00,1.88
2012.02.21 09:03:13.661,0.97415,0.97431,1.50,2.63
2012.02.21 09:03:13.857,0.97413,0.97428,1.50,1.50
2012.02.21 09:03:14.241,0.97414,0.9743,1.50,1.50
2012.02.21 09:03:14.314,0.97409,0.97427,1.50,1.50
2012.02.21 09:03:14.616,0.97411,0.97428,1.50,3.00
2012.02.21 09:03:14.919,0.97409,0.97427,1.50,1.50
2012.02.21 09:03:14.993,0.97412,0.97428,1.50,1.50
2012.02.21 09:03:15.691,0.97412,0.97429,1.50,1.50
2012.02.21 09:03:16.079,0.97414,0.9743,1.50,1.50
2012.02.21 09:03:16.697,0.97413,0.9743,1.50,1.88
2012.02.21 09:03:17.620,0.97414,0.9743,1.50,1.88
2012.02.21 09:03:17.941,0.97416,0.97431,1.50,1.88
2012.02.21 09:03:18.251,0.97419,0.97432,1.50,2.48
2012.02.21 09:03:18.479,0.97419,0.97435,1.50,1.88
2012.02.21 09:03:18.609,0.97418,0.97435,1.50,1.50
2012.02.21 09:03:19.493,0.97416,0.97434,1.50,1.50
2012.02.21 09:03:20.268,0.97419,0.97435,1.50,1.50
2012.02.21 09:03:21.174,0.97418,0.97434,1.50,1.50
2012.02.21 09:03:21.246,0.97419,0.97437,1.50,3.00
2012.02.21 09:03:21.840,0.97416,0.97432,1.50,1.88
2012.02.21 09:03:22.159,0.97412,0.97428,1.50,1.50
2012.02.21 09:03:22.480,0.97414,0.97429,1.50,1.50
2012.02.21 09:03:22.792,0.97412,0.97427,1.50,1.50
2012.02.21 09:03:23.875,0.97412,0.97428,1.50,1.50
2012.02.21 09:03:24.191,0.97422,0.97437,1.50,1.50
2012.02.21 09:03:24.711,0.97423,0.9744,1.50,1.50
2012.02.21 09:03:24.802,0.97423,0.9744,1.50,1.88
2012.02.21 09:03:25.667,0.97421,0.97439,1.50,2.25
2012.02.21 09:03:25.736,0.9742,0.97436,1.50,1.50
2012.02.21 09:03:26.689,0.97419,0.97435,1.50,1.50
2012.02.21 09:03:27.122,0.97428,0.97434,1.50,1.50
2012.02.21 09:03:27.370,0.97426,0.97434,1.50,1.50
2012.02.21 09:03:28.015,0.97424,0.97441,1.50,1.50
2012.02.21 09:03:28.091,0.97433,0.97449,1.50,1.50
2012.02.21 09:03:28.402,0.97424,0.97441,1.50,2.25
2012.02.21 09:03:28.730,0.97422,0.97438,3.00,1.50
2012.02.21 09:03:29.579,0.97423,0.97441,1.50,2.25
2012.02.21 09:03:29.657,0.97427,0.97441,1.50,1.50
2012.02.21 09:03:29.981,0.9743,0.97446,1.50,1.88
2012.02.21 09:03:30.054,0.97428,0.97446,1.50,1.88
2012.02.21 09:03:30.123,0.97428,0.97446,1.50,1.50
2012.02.21 09:03:30.251,0.9743,0.97446,1.50,1.50
2012.02.21 09:03:30.440,0.97428,0.97446,1.50,1.50
2012.02.21 09:03:30.857,0.97427,0.97443,1.50,1.50
2012.02.21 09:03:31.515,0.97428,0.97444,1.50,1.50
2012.02.21 09:03:31.652,0.97425,0.97443,1.50,1.50
2012.02.21 09:03:32.199,0.97426,0.97444,1.50,1.50
2012.02.21 09:03:32.384,0.97426,0.97442,1.50,1.50
2012.02.21 09:03:33.543,0.97427,0.97445,1.50,1.50
2012.02.21 09:03:33.639,0.9743,0.97448,1.50,1.88
2012.02.21 09:03:33.955,0.97424,0.97441,1.50,1.50
2012.02.21 09:03:34.301,0.97425,0.97439,1.50,1.50
2012.02.21 09:03:34.372,0.9743,0.97445,1.50,1.50
2012.02.21 09:03:35.321,0.97426,0.97444,1.50,1.50
2012.02.21 09:03:35.461,0.97427,0.97443,1.50,3.00
2012.02.21 09:03:35.532,0.97425,0.9744,1.50,1.50
2012.02.21 09:03:35.601,0.97422,0.9744,1.88,1.50
2012.02.21 09:03:35.940,0.97424,0.9744,1.50,1.50
2012.02.21 09:03:36.613,0.97425,0.97443,1.50,3.00
2012.02.21 09:03:36.870,0.97428,0.97443,3.60,1.50
2012.02.21 09:03:37.581,0.97437,0.9745,1.50,1.88
2012.02.21 09:03:37.664,0.9744,0.97456,1.50,1.13
2012.02.21 09:03:37.980,0.97438,0.97456,3.00,2.63
2012.02.21 09:03:38.110,0.97438,0.97456,1.50,2.25
2012.02.21 09:03:38.621,0.97439,0.97455,1.50,1.50
2012.02.21 09:03:39.165,0.97438,0.97456,1.50,1.88
2012.02.21 09:03:39.421,0.9744,0.97458,1.50,2.25
2012.02.21 09:03:40.148,0.97441,0.97457,1.50,1.88
2012.02.21 09:03:40.453,0.97439,0.97457,1.50,1.50
2012.02.21 09:03:40.902,0.97442,0.97459,1.50,2.25
2012.02.21 09:03:41.449,0.97442,0.97457,1.50,1.50
2012.02.21 09:03:41.522,0.9744,0.97458,1.50,1.50
2012.02.21 09:03:41.593,0.9744,0.97456,1.50,1.50
2012.02.21 09:03:42.357,0.97441,0.97457,1.50,1.50
2012.02.21 09:03:42.679,0.97447,0.97463,1.50,1.88
2012.02.21 09:03:42.749,0.97447,0.97463,1.50,1.50
2012.02.21 09:03:42.823,0.97445,0.97461,1.50,1.50
2012.02.21 09:03:43.012,0.97443,0.9746,3.00,1.50
2012.02.21 09:03:43.142,0.97443,0.97457,1.50,1.50
2012.02.21 09:03:43.213,0.97441,0.97457,1.50,1.50
2012.02.21 09:03:43.280,0.97439,0.97455,1.88,1.50
2012.02.21 09:03:44.036,0.97438,0.97456,1.50,1.50
2012.02.21 09:03:44.609,0.97438,0.97454,1.50,1.50
2012.02.21 09:03:44.944,0.97438,0.97456,3.00,1.50
2012.02.21 09:03:45.074,0.97442,0.97458,1.50,1.50
2012.02.21 09:03:45.142,0.9744,0.97458,1.50,1.50
2012.02.21 09:03:46.007,0.97439,0.97455,1.50,1.50
2012.02.21 09:03:46.824,0.97437,0.97455,1.50,1.50
2012.02.21 09:03:47.009,0.97439,0.97454,1.50,1.50
2012.02.21 09:03:47.357,0.97436,0.97454,1.50,1.50
2012.02.21 09:03:47.931,0.97438,0.97454,2.10,1.50
2012.02.21 09:03:48.812,0.97439,0.97454,3.00,1.50
2012.02.21 09:03:49.183,0.97437,0.97452,1.50,2.10
2012.02.21 09:03:49.255,0.97429,0.97445,1.68,1.50
2012.02.21 09:03:49.570,0.97431,0.97449,1.50,1.50
2012.02.21 09:03:49.780,0.97434,0.9745,1.50,1.50
2012.02.21 09:03:50.392,0.97435,0.97451,1.50,1.88
2012.02.21 09:03:51.025,0.97434,0.9745,1.50,1.50
2012.02.21 09:03:51.536,0.97435,0.97451,1.50,1.88
2012.02.21 09:03:51.868,0.97429,0.97445,1.50,1.50
2012.02.21 09:03:52.404,0.97431,0.97449,1.50,1.50
2012.02.21 09:03:52.648,0.97433,0.97449,1.50,1.50
2012.02.21 09:03:53.420,0.97435,0.97453,1.50,1.88
2012.02.21 09:03:53.495,0.97434,0.9745,1.50,1.50
2012.02.21 09:03:53.769,0.97434,0.97452,1.50,1.50
2012.02.21 09:03:54.082,0.97436,0.97452,1.50,1.50
2012.02.21 09:03:54.394,0.97438,0.97456,1.50,2.25
2012.02.21 09:03:54.830,0.97436,0.97452,1.50,1.50
2012.02.21 09:03:55.332,0.97435,0.97451,1.50,1.50
2012.02.21 09:03:55.404,0.97437,0.97455,1.50,1.88
2012.02.21 09:03:55.966,0.97439,0.97455,1.50,1.50
2012.02.21 09:03:56.045,0.97439,0.97457,1.50,1.88
2012.02.21 09:03:56.482,0.97438,0.97454,1.50,1.50
2012.02.21 09:03:56.751,0.97435,0.97453,1.50,1.50
2012.02.21 09:03:56.882,0.97435,0.97451,1.50,1.50
2012.02.21 09:03:57.132,0.97438,0.97455,1.50,1.50
2012.02.21 09:03:57.828,0.9744,0.97456,1.50,1.50
2012.02.21 09:03:57.893,0.97438,0.97456,1.50,1.50
2012.02.21 09:03:58.662,0.97439,0.97457,1.50,1.88
2012.02.21 09:03:59.189,0.97438,0.97456,1.50,1.50
2012.02.21 09:03:59.265,0.97438,0.97454,1.50,1.50
2012.02.21 09:03:59.801,0.97439,0.97455,1.50,1.50
2012.02.21 09:04:00.419,0.9744,0.97456,1.50,1.50
2012.02.21 09:04:01.203,0.9744,0.97458,1.50,1.50
2012.02.21 09:04:01.312,0.9744,0.97456,1.50,1.50
2012.02.21 09:04:01.759,0.9744,0.97458,1.50,3.00
2012.02.21 09:04:02.421,0.97439,0.97457,3.00,1.50
2012.02.21 09:04:03.210,0.9744,0.97456,1.50,1.50
2012.02.21 09:04:03.561,0.9744,0.97458,1.50,1.50
2012.02.21 09:04:03.889,0.97442,0.97458,1.50,1.50
2012.02.21 09:04:04.748,0.9744,0.97458,1.50,1.50
2012.02.21 09:04:04.826,0.97434,0.97451,1.50,1.50
2012.02.21 09:04:05.147,0.97436,0.97451,1.50,1.50
2012.02.21 09:04:05.675,0.97436,0.97452,2.25,1.50
2012.02.21 09:04:05.890,0.97436,0.97454,2.25,1.50
2012.02.21 09:04:06.459,0.97436,0.97454,1.50,1.50
2012.02.21 09:04:06.961,0.97435,0.97453,2.25,1.50
2012.02.21 09:04:07.151,0.97434,0.97452,1.50,1.50
2012.02.21 09:04:07.742,0.97439,0.97457,1.50,2.63
2012.02.21 09:04:08.636,0.97438,0.97456,1.50,2.25
2012.02.21 09:04:08.948,0.9744,0.97456,1.50,2.25
2012.02.21 09:04:09.081,0.97442,0.97458,1.50,2.25
2012.02.21 09:04:09.739,0.97441,0.97459,1.50,2.25
2012.02.21 09:04:10.624,0.9744,0.97458,1.50,1.88
2012.02.21 09:04:10.698,0.97437,0.97451,1.50,1.50
2012.02.21 09:04:10.759,0.97434,0.97451,1.50,1.50
2012.02.21 09:04:10.829,0.97438,0.97453,1.50,1.50
2012.02.21 09:04:11.300,0.9744,0.97456,1.50,2.25
2012.02.21 09:04:12.078,0.97439,0.97455,1.50,1.50
2012.02.21 09:04:12.147,0.97439,0.97457,1.50,1.88
2012.02.21 09:04:13.483,0.97442,0.9746,1.50,2.25
2012.02.21 09:04:16.003,0.97441,0.97457,1.50,1.50
2012.02.21 09:04:16.134,0.97441,0.97459,1.50,1.50
2012.02.21 09:04:17.900,0.97443,0.97459,1.50,1.50
2012.02.21 09:04:18.279,0.97438,0.97456,1.50,1.50
2012.02.21 09:04:18.705,0.97438,0.97452,2.10,1.50
2012.02.21 09:04:20.377,0.97436,0.97452,1.50,1.50
2012.02.21 09:04:20.447,0.97436,0.97454,1.50,1.50
2012.02.21 09:04:21.948,0.97435,0.97453,1.50,1.50
2012.02.21 09:04:22.540,0.97435,0.97451,1.50,1.50
2012.02.21 09:04:25.062,0.97436,0.97453,1.50,1.88
2012.02.21 09:04:25.761,0.97438,0.97454,2.10,3.00
2012.02.21 09:04:26.091,0.97434,0.9745,1.50,1.50
2012.02.21 09:04:26.461,0.97437,0.9745,1.50,1.50
2012.02.21 09:04:26.537,0.9744,0.97456,1.50,1.50
2012.02.21 09:04:27.300,0.97439,0.97452,1.50,1.50
2012.02.21 09:04:27.550,0.9744,0.97455,1.50,1.88
2012.02.21 09:04:27.943,0.97436,0.97452,1.50,1.50
2012.02.21 09:04:28.129,0.97438,0.97452,2.10,1.50
2012.02.21 09:04:28.450,0.97438,0.97454,2.10,1.50
2012.02.21 09:04:28.519,0.9744,0.97455,1.50,1.50
2012.02.21 09:04:28.649,0.97438,0.97454,3.60,1.50
2012.02.21 09:04:28.782,0.97438,0.97451,2.10,1.50
2012.02.21 09:04:29.350,0.97438,0.97452,2.10,1.50
2012.02.21 09:04:29.920,0.97438,0.97456,3.60,1.50
2012.02.21 09:04:30.450,0.97437,0.97454,1.50,1.50
2012.02.21 09:04:30.974,0.97438,0.97454,1.50,1.50
2012.02.21 09:04:31.899,0.97439,0.97457,1.50,1.50
2012.02.21 09:04:32.030,0.97437,0.97453,1.50,1.50
2012.02.21 09:04:32.333,0.97435,0.97453,1.50,1.50
2012.02.21 09:04:32.461,0.97433,0.97451,3.00,1.50
2012.02.21 09:04:32.801,0.97435,0.97451,1.50,1.50
2012.02.21 09:04:33.801,0.97436,0.97452,1.50,1.50
2012.02.21 09:04:33.897,0.97432,0.9745,1.50,1.50
2012.02.21 09:04:34.360,0.97435,0.97452,1.50,1.50
2012.02.21 09:04:35.031,0.97434,0.97452,1.50,1.50
2012.02.21 09:04:35.795,0.97438,0.97454,1.50,1.88
2012.02.21 09:04:36.048,0.97437,0.97455,1.50,1.50
2012.02.21 09:04:36.291,0.97437,0.97453,1.50,1.50
2012.02.21 09:04:36.738,0.97437,0.97455,1.50,1.50
2012.02.21 09:04:36.812,0.97438,0.97453,1.50,1.50
2012.02.21 09:04:37.332,0.97436,0.97453,1.50,1.50
2012.02.21 09:04:38.109,0.97438,0.97455,1.50,1.50
2012.02.21 09:04:38.501,0.97438,0.97453,1.50,1.50
2012.02.21 09:04:39.030,0.97437,0.97454,1.50,1.50
2012.02.21 09:04:39.450,0.97439,0.97454,1.50,1.50
2012.02.21 09:04:41.377,0.97438,0.97453,1.50,1.50
2012.02.21 09:04:41.932,0.97438,0.97454,2.10,1.50
2012.02.21 09:04:42.423,0.97437,0.97453,1.50,1.88
2012.02.21 09:04:42.565,0.97431,0.97448,1.50,1.50
2012.02.21 09:04:42.695,0.97431,0.97446,1.50,1.50
2012.02.21 09:04:43.328,0.9743,0.97447,1.50,1.50
2012.02.21 09:04:43.705,0.97432,0.97447,1.50,1.50
2012.02.21 09:04:44.072,0.97431,0.97449,1.50,1.50
2012.02.21 09:04:44.139,0.97437,0.97449,1.50,1.50
2012.02.21 09:04:44.213,0.97432,0.97448,1.50,1.50
2012.02.21 09:04:44.286,0.97435,0.97451,1.50,1.88
2012.02.21 09:04:44.601,0.97433,0.97449,1.50,1.50
2012.02.21 09:04:45.204,0.97433,0.97451,1.50,1.50
2012.02.21 09:04:45.273,0.97435,0.97451,1.50,1.50
2012.02.21 09:04:45.468,0.97433,0.97451,1.50,1.50
2012.02.21 09:04:45.600,0.97433,0.97449,1.50,1.50
2012.02.21 09:04:46.361,0.97431,0.97449,2.25,1.50
2012.02.21 09:04:46.911,0.97428,0.97446,4.35,1.50
2012.02.21 09:04:47.594,0.97428,0.97446,3.60,1.50
2012.02.21 09:04:48.618,0.9743,0.97447,1.50,1.50
2012.02.21 09:04:49.458,0.9743,0.97446,1.50,1.50
2012.02.21 09:04:50.373,0.97432,0.97448,1.50,1.50
2012.02.21 09:04:50.450,0.9743,0.97448,1.50,1.50
2012.02.21 09:04:50.521,0.9743,0.97447,2.25,1.50
2012.02.21 09:04:51.388,0.97428,0.97446,4.35,1.50
2012.02.21 09:04:52.048,0.97428,0.97446,3.60,1.50
2012.02.21 09:04:52.522,0.97428,0.97444,3.60,1.50
2012.02.21 09:04:53.553,0.97421,0.97437,2.63,1.50
2012.02.21 09:04:53.804,0.97424,0.97442,1.50,1.50
2012.02.21 09:04:53.992,0.97426,0.97444,2.25,1.50
2012.02.21 09:04:54.312,0.97424,0.97442,1.50,1.50
2012.02.21 09:04:54.502,0.97425,0.97442,2.25,1.50
2012.02.21 09:04:54.690,0.97427,0.97444,2.85,1.50
2012.02.21 09:04:55.416,0.97429,0.97443,1.50,1.50
2012.02.21 09:04:55.509,0.9743,0.97446,1.50,1.88
2012.02.21 09:04:55.939,0.97427,0.97443,1.50,1.50
2012.02.21 09:04:56.135,0.97429,0.97447,1.50,1.50
2012.02.21 09:04:56.452,0.97428,0.97444,1.50,1.50
2012.02.21 09:04:56.920,0.97431,0.97447,1.50,1.50
2012.02.21 09:04:57.482,0.97429,0.97447,1.50,1.50
2012.02.21 09:04:59.120,0.97429,0.97445,1.50,1.50
2012.02.21 09:04:59.421,0.9743,0.97448,1.50,1.50
2012.02.21 09:05:00.408,0.9743,0.97448,1.50,1.88
2012.02.21 09:05:01.403,0.97429,0.97445,1.50,1.50
2012.02.21 09:05:01.722,0.97424,0.97442,2.25,1.88
2012.02.21 09:05:02.366,0.97428,0.97443,2.10,2.25
2012.02.21 09:05:02.492,0.97428,0.97446,3.60,1.88
2012.02.21 09:05:03.044,0.97429,0.97445,1.50,2.25
2012.02.21 09:05:03.473,0.97427,0.97445,1.50,2.25
2012.02.21 09:05:04.270,0.97426,0.97444,3.75,1.88
2012.02.21 09:05:04.347,0.97426,0.97442,2.25,1.50
2012.02.21 09:05:04.688,0.9742,0.97438,2.25,1.50
2012.02.21 09:05:04.820,0.97423,0.97438,1.50,1.50
2012.02.21 09:05:04.889,0.97425,0.97443,1.50,1.50
2012.02.21 09:05:05.084,0.97428,0.97446,1.50,1.88
2012.02.21 09:05:05.482,0.97428,0.97446,3.38,1.50
2012.02.21 09:05:05.793,0.97436,0.97448,1.50,1.50
2012.02.21 09:05:05.858,0.97436,0.97452,1.50,1.50
2012.02.21 09:05:05.994,0.97435,0.97453,1.50,1.88
2012.02.21 09:05:06.621,0.97432,0.9745,1.50,1.88
2012.02.21 09:05:07.232,0.97433,0.97451,1.50,2.25
2012.02.21 09:05:07.772,0.97434,0.97452,1.50,2.63
2012.02.21 09:05:08.837,0.97436,0.97452,1.50,2.63
2012.02.21 09:05:09.550,0.97434,0.97452,1.50,2.63
2012.02.21 09:05:10.145,0.97433,0.97451,1.50,2.63
2012.02.21 09:05:10.329,0.97435,0.97451,1.50,2.63
2012.02.21 09:05:10.957,0.97436,0.97451,1.50,1.13
2012.02.21 09:05:11.488,0.97437,0.97452,1.50,1.13
2012.02.21 09:05:12.030,0.97437,0.97452,1.50,1.13
2012.02.21 09:05:12.549,0.97435,0.97453,3.00,2.25
2012.02.21 09:05:13.062,0.97436,0.97454,1.50,2.25
2012.02.21 09:05:13.807,0.97437,0.97453,1.50,2.25
2012.02.21 09:05:14.581,0.97435,0.97453,1.50,2.25
2012.02.21 09:05:14.768,0.97437,0.97453,1.50,2.25
2012.02.21 09:05:15.081,0.97435,0.97453,1.50,2.25
2012.02.21 09:05:15.640,0.97437,0.97453,1.50,2.25
2012.02.21 09:05:16.189,0.97436,0.97454,1.50,2.25
2012.02.21 09:05:16.545,0.97435,0.97449,1.50,1.50
2012.02.21 09:05:16.668,0.97433,0.97449,1.50,1.50
2012.02.21 09:05:18.536,0.97432,0.97448,1.50,1.50
2012.02.21 09:05:18.658,0.9743,0.97447,1.50,1.50
2012.02.21 09:05:19.080,0.97428,0.97444,3.60,1.50
2012.02.21 09:05:19.154,0.97429,0.97447,1.50,1.50
2012.02.21 09:05:19.221,0.97429,0.97445,1.50,1.50
2012.02.21 09:05:19.559,0.97426,0.97442,1.50,1.50
2012.02.21 09:05:20.163,0.97427,0.97442,1.50,1.50
2012.02.21 09:05:21.100,0.97426,0.97442,1.50,1.50
2012.02.21 09:05:21.628,0.97427,0.97442,1.50,1.50
2012.02.21 09:05:21.699,0.97428,0.97446,1.50,1.88
2012.02.21 09:05:21.768,0.97426,0.97443,3.00,1.50
2012.02.21 09:05:21.902,0.97422,0.9744,1.50,1.50
2012.02.21 09:05:22.361,0.97425,0.97442,1.50,1.50
2012.02.21 09:05:22.939,0.97426,0.97443,1.50,1.50
2012.02.21 09:05:25.062,0.97426,0.97441,1.50,1.50
2012.02.21 09:05:25.610,0.97427,0.97442,1.50,1.50
2012.02.21 09:05:26.366,0.97434,0.97451,1.50,1.88
2012.02.21 09:05:26.700,0.97434,0.97452,1.50,1.50
2012.02.21 09:05:27.203,0.97435,0.97451,1.50,1.50
2012.02.21 09:05:27.797,0.97436,0.97452,1.50,1.50
2012.02.21 09:05:28.158,0.97439,0.97455,1.50,3.75
2012.02.21 09:05:28.749,0.97437,0.97455,1.50,1.50
2012.02.21 09:05:29.061,0.97437,0.97452,1.50,1.50
2012.02.21 09:05:29.280,0.97435,0.97453,3.00,1.50
2012.02.21 09:05:31.183,0.97437,0.97452,1.50,1.50
2012.02.21 09:05:31.804,0.97436,0.97452,1.50,1.50
2012.02.21 09:05:32.328,0.97437,0.97452,1.50,1.50
2012.02.21 09:05:33.223,0.97437,0.97453,1.50,1.50
2012.02.21 09:05:33.629,0.97435,0.97451,1.50,1.50
2012.02.21 09:05:33.999,0.97435,0.97453,1.50,1.50
2012.02.21 09:05:34.974,0.97434,0.97452,1.50,1.50
2012.02.21 09:05:35.328,0.97434,0.9745,1.50,1.50
2012.02.21 09:05:35.841,0.97435,0.97451,1.50,1.50
2012.02.21 09:05:36.688,0.97436,0.97452,1.50,1.50
2012.02.21 09:05:38.878,0.97433,0.9745,1.50,1.50
2012.02.21 09:05:39.509,0.97431,0.97448,1.50,1.50
2012.02.21 09:05:41.025,0.9743,0.97448,1.50,1.88
2012.02.21 09:05:41.329,0.97436,0.97454,1.50,1.50
2012.02.21 09:05:41.884,0.97437,0.97454,1.50,1.50
2012.02.21 09:05:42.452,0.97436,0.97454,1.50,1.50
2012.02.21 09:05:43.952,0.97437,0.97455,1.50,1.50
2012.02.21 09:05:44.369,0.97437,0.97453,1.50,1.50
2012.02.21 09:05:44.892,0.97435,0.97453,1.50,1.50
2012.02.21 09:05:45.018,0.97438,0.97453,1.50,1.50
2012.02.21 09:05:45.222,0.97439,0.97456,1.50,1.50
2012.02.21 09:05:45.988,0.97437,0.97453,1.50,1.50
2012.02.21 09:05:47.157,0.97433,0.97451,1.50,1.50
2012.02.21 09:05:47.712,0.97435,0.97453,1.50,3.00
2012.02.21 09:05:48.270,0.9744,0.97454,1.50,1.50
2012.02.21 09:05:48.461,0.97439,0.97456,1.50,2.25
2012.02.21 09:05:49.062,0.97436,0.97454,1.50,1.50
2012.02.21 09:05:49.634,0.97438,0.97454,1.50,1.50
2012.02.21 09:05:49.704,0.97435,0.97453,1.50,1.50
2012.02.21 09:05:50.271,0.97434,0.97452,1.50,1.50
2012.02.21 09:05:50.912,0.97433,0.97449,1.50,1.50
2012.02.21 09:05:52.367,0.97434,0.97451,1.50,1.13
2012.02.21 09:05:52.433,0.97429,0.97445,1.50,1.50
2012.02.21 09:05:52.979,0.9743,0.97447,1.50,1.13
2012.02.21 09:05:53.519,0.97428,0.97446,1.50,2.63
2012.02.21 09:05:54.009,0.9743,0.97446,1.50,2.25
2012.02.21 09:05:54.823,0.97426,0.97444,1.50,1.50
2012.02.21 09:05:54.897,0.97425,0.97442,1.50,1.50
2012.02.21 09:05:55.491,0.97428,0.97444,1.50,3.00
2012.02.21 09:05:56.004,0.97429,0.97445,1.50,1.50
2012.02.21 09:05:56.654,0.9743,0.97445,1.50,1.50
2012.02.21 09:05:56.966,0.9743,0.97439,1.50,1.88
2012.02.21 09:05:57.511,0.97421,0.97436,1.50,1.50
2012.02.21 09:05:57.604,0.97425,0.97441,1.50,1.88
2012.02.21 09:05:57.845,0.97422,0.97438,1.50,1.50
2012.02.21 09:05:58.030,0.97423,0.9744,1.50,3.00
2012.02.21 09:05:58.226,0.97424,0.97442,1.50,1.50
2012.02.21 09:05:58.357,0.97426,0.97442,1.50,1.50
2012.02.21 09:05:58.481,0.97427,0.97445,1.50,3.38
2012.02.21 09:05:59.190,0.97428,0.97446,3.60,1.88
2012.02.21 09:05:59.268,0.97428,0.97443,2.10,1.50
2012.02.21 09:05:59.798,0.97431,0.97446,1.50,1.50
2012.02.21 09:05:59.926,0.97429,0.97447,1.50,1.50
2012.02.21 09:06:00.140,0.97432,0.97447,1.50,1.50
2012.02.21 09:06:00.690,0.97431,0.97448,1.50,1.50
2012.02.21 09:06:01.251,0.97429,0.97446,1.50,1.50
2012.02.21 09:06:02.038,0.97429,0.97445,1.50,1.50
2012.02.21 09:06:02.305,0.97425,0.97443,1.50,1.50
2012.02.21 09:06:02.372,0.97427,0.97445,1.50,1.50
2012.02.21 09:06:02.680,0.9743,0.97446,1.50,2.25
2012.02.21 09:06:03.551,0.97425,0.97441,1.50,1.50
2012.02.21 09:06:04.107,0.97424,0.97442,1.50,1.50
2012.02.21 09:06:04.649,0.97425,0.97441,1.50,1.50
2012.02.21 09:06:05.171,0.97429,0.97444,1.50,1.50
2012.02.21 09:06:06.004,0.97427,0.97443,1.50,1.50
2012.02.21 09:06:06.191,0.97427,0.97443,1.50,2.10
2012.02.21 09:06:06.438,0.97418,0.97436,1.50,1.88
2012.02.21 09:06:06.514,0.97417,0.97434,1.50,1.50
2012.02.21 09:06:06.828,0.9742,0.97438,1.50,2.25
2012.02.21 09:06:07.140,0.97423,0.97439,1.50,2.25
2012.02.21 09:06:08.281,0.97419,0.97437,1.50,2.25
2012.02.21 09:06:08.414,0.97421,0.97439,1.50,2.25
2012.02.21 09:06:08.851,0.97421,0.97439,1.50,1.88
2012.02.21 09:06:08.981,0.97425,0.9744,1.50,1.88
2012.02.21 09:06:09.054,0.97425,0.97442,1.50,1.50
2012.02.21 09:06:09.121,0.97427,0.97444,1.50,1.50
2012.02.21 09:06:09.255,0.97429,0.97447,1.50,3.00
2012.02.21 09:06:09.324,0.97431,0.97446,1.50,1.50
2012.02.21 09:06:09.572,0.97428,0.97446,3.00,1.50
2012.02.21 09:06:10.388,0.9743,0.97448,1.50,1.50
2012.02.21 09:06:11.150,0.9743,0.97446,1.50,1.50
2012.02.21 09:06:11.531,0.97428,0.97446,3.60,1.50
2012.02.21 09:06:12.496,0.97432,0.97447,1.50,1.50
2012.02.21 09:06:12.583,0.97429,0.97447,1.50,1.50
2012.02.21 09:06:15.315,0.97428,0.97446,1.50,3.00
2012.02.21 09:06:15.814,0.97429,0.97445,1.50,1.50
2012.02.21 09:06:17.130,0.97428,0.97446,1.50,1.50
2012.02.21 09:06:17.391,0.97428,0.97444,1.50,1.50
2012.02.21 09:06:17.519,0.97429,0.97446,1.50,1.50
2012.02.21 09:06:18.255,0.97429,0.97447,1.50,1.50
2012.02.21 09:06:18.326,0.97436,0.97454,1.50,3.00
2012.02.21 09:06:18.831,0.97434,0.9745,3.00,1.50
2012.02.21 09:06:19.790,0.97432,0.9745,1.50,1.50
2012.02.21 09:06:20.102,0.97432,0.97448,1.50,1.50
2012.02.21 09:06:20.717,0.97429,0.97447,1.68,1.50
2012.02.21 09:06:21.730,0.97431,0.97446,1.50,1.50
2012.02.21 09:06:21.805,0.97432,0.97448,1.50,1.50
2012.02.21 09:06:22.218,0.97433,0.97451,1.50,1.50
2012.02.21 09:06:24.303,0.97432,0.9745,1.50,1.50
2012.02.21 09:06:24.373,0.97429,0.97447,1.50,1.50
2012.02.21 09:06:24.881,0.9743,0.97448,1.50,1.50
2012.02.21 09:06:25.199,0.97425,0.97441,1.50,1.50
2012.02.21 09:06:25.523,0.97426,0.97443,1.50,1.50
2012.02.21 09:06:26.133,0.97427,0.97444,1.50,1.50
2012.02.21 09:06:26.199,0.97432,0.97448,1.50,1.50
2012.02.21 09:06:26.403,0.97428,0.97446,1.50,1.50
2012.02.21 09:06:26.936,0.97429,0.97447,1.50,1.50
2012.02.21 09:06:27.400,0.97428,0.97443,1.50,1.50
2012.02.21 09:06:27.532,0.97427,0.97445,3.00,1.50
2012.02.21 09:06:27.661,0.9743,0.97446,1.50,3.00
2012.02.21 09:06:27.733,0.97428,0.97445,1.50,1.50
2012.02.21 09:06:27.801,0.97434,0.97446,1.50,1.50
2012.02.21 09:06:27.870,0.97434,0.97452,1.50,3.60
2012.02.21 09:06:28.554,0.97433,0.97449,1.50,1.50
2012.02.21 09:06:29.080,0.97434,0.9745,1.50,1.50
2012.02.21 09:06:29.541,0.97431,0.97448,1.50,1.50
2012.02.21 09:06:29.623,0.97429,0.97447,3.00,1.50
2012.02.21 09:06:30.029,0.97432,0.97447,1.50,1.50
2012.02.21 09:06:30.294,0.97428,0.97446,3.60,1.50
2012.02.21 09:06:30.364,0.97428,0.97444,3.60,1.50
2012.02.21 09:06:30.690,0.97432,0.97447,1.50,1.88
2012.02.21 09:06:31.936,0.97429,0.97447,1.50,1.88
2012.02.21 09:06:32.061,0.97431,0.97447,1.50,1.88
2012.02.21 09:06:32.875,0.9743,0.97447,1.50,1.88
2012.02.21 09:06:33.425,0.97431,0.97447,1.50,1.88
2012.02.21 09:06:33.493,0.97429,0.97447,1.50,1.88
2012.02.21 09:06:34.152,0.97432,0.97448,1.50,2.25
2012.02.21 09:06:34.218,0.9743,0.97448,1.50,2.25
2012.02.21 09:06:34.734,0.97431,0.97447,1.50,1.50
2012.02.21 09:06:35.124,0.97436,0.97452,1.50,2.63
2012.02.21 09:06:35.252,0.97428,0.97446,1.50,1.50
2012.02.21 09:06:35.574,0.97431,0.97447,1.50,2.25
2012.02.21 09:06:35.890,0.97429,0.97447,1.50,2.25
2012.02.21 09:06:36.539,0.9743,0.97448,1.50,2.25
2012.02.21 09:06:36.655,0.97425,0.97443,1.50,1.50
2012.02.21 09:06:37.170,0.9743,0.97447,1.50,1.50
2012.02.21 09:06:37.673,0.97431,0.97448,1.50,1.50
2012.02.21 09:06:37.741,0.97433,0.97451,1.50,1.50
2012.02.21 09:06:38.276,0.97432,0.9745,1.50,1.50
2012.02.21 09:06:38.353,0.9743,0.97448,1.50,1.50
2012.02.21 09:06:39.221,0.97433,0.97449,1.50,3.00
2012.02.21 09:06:39.291,0.97429,0.97447,1.50,1.50
2012.02.21 09:06:39.445,0.97428,0.97443,1.50,1.50
2012.02.21 09:06:39.630,0.9743,0.97446,1.50,1.50
2012.02.21 09:06:39.829,0.97432,0.97448,1.50,2.25
2012.02.21 09:06:40.486,0.97427,0.97443,1.50,1.50
2012.02.21 09:06:41.006,0.97426,0.97442,1.50,1.50
2012.02.21 09:06:41.432,0.97428,0.97444,1.50,1.50
2012.02.21 09:06:42.153,0.97427,0.97443,1.50,1.50
2012.02.21 09:06:42.341,0.97425,0.97443,1.50,1.50
2012.02.21 09:06:43.214,0.97426,0.97444,1.50,1.50
2012.02.21 09:06:43.334,0.97426,0.97442,1.50,1.50
2012.02.21 09:06:43.826,0.97428,0.97444,1.50,1.50
2012.02.21 09:06:44.180,0.97426,0.97442,1.50,1.50
2012.02.21 09:06:45.504,0.97425,0.97441,1.50,1.50
2012.02.21 09:06:46.138,0.97426,0.97442,1.50,1.50
2012.02.21 09:06:46.508,0.97427,0.97445,1.50,3.00
2012.02.21 09:06:46.780,0.97426,0.97442,1.50,1.50
2012.02.21 09:06:46.850,0.97424,0.97442,1.50,1.50
2012.02.21 09:06:47.264,0.97423,0.9744,1.88,1.50
2012.02.21 09:06:47.860,0.97427,0.9744,1.50,1.50
2012.02.21 09:06:47.938,0.97424,0.9744,1.50,1.50
2012.02.21 09:06:48.195,0.97422,0.97438,1.88,1.50
2012.02.21 09:06:48.373,0.97423,0.97441,1.88,3.00
2012.02.21 09:06:48.994,0.97423,0.9744,1.88,1.50
2012.02.21 09:06:49.553,0.97424,0.9744,1.50,1.50
2012.02.21 09:06:50.345,0.97422,0.9744,1.50,1.50
2012.02.21 09:06:50.909,0.97423,0.97439,1.50,1.50
2012.02.21 09:06:51.710,0.97421,0.97439,2.25,1.50
2012.02.21 09:06:51.903,0.97424,0.9744,1.50,1.50
2012.02.21 09:06:52.674,0.97426,0.97442,1.50,2.25
2012.02.21 09:06:52.918,0.97423,0.97441,1.50,1.88
2012.02.21 09:06:53.409,0.97426,0.97441,1.50,1.50
2012.02.21 09:06:53.490,0.97423,0.97439,1.50,1.50
2012.02.21 09:06:53.824,0.97421,0.97439,3.00,1.50
2012.02.21 09:06:55.302,0.97425,0.9744,1.50,1.50
2012.02.21 09:06:55.809,0.97425,0.97441,1.50,1.50
2012.02.21 09:06:55.886,0.97423,0.9744,1.50,1.50
2012.02.21 09:06:56.654,0.97419,0.97437,1.50,1.50
2012.02.21 09:06:56.862,0.97419,0.97437,2.25,1.50
2012.02.21 09:06:57.434,0.97419,0.97436,3.00,1.50
2012.02.21 09:06:57.502,0.97421,0.97436,1.50,1.50
2012.02.21 09:06:59.193,0.97423,0.97439,1.50,1.50
2012.02.21 09:07:00.018,0.97423,0.97438,1.50,1.50
2012.02.21 09:07:01.611,0.97423,0.9744,1.50,1.50
2012.02.21 09:07:01.682,0.97422,0.97438,1.50,1.50
2012.02.21 09:07:02.215,0.97421,0.97438,1.50,1.50
2012.02.21 09:07:03.078,0.97421,0.97437,1.50,1.50
2012.02.21 09:07:03.855,0.97422,0.97437,1.50,1.50
2012.02.21 09:07:04.713,0.97422,0.9744,1.50,3.00
2012.02.21 09:07:05.262,0.97424,0.97441,1.50,1.50
2012.02.21 09:07:06.019,0.97424,0.97442,1.50,3.60
2012.02.21 09:07:06.452,0.97422,0.9744,1.50,1.50
2012.02.21 09:07:06.831,0.97424,0.97439,1.50,1.50
2012.02.21 09:07:07.370,0.97423,0.97439,1.50,3.00
2012.02.21 09:07:08.332,0.97422,0.9744,1.50,1.50
2012.02.21 09:07:08.949,0.97422,0.97438,1.50,1.50
2012.02.21 09:07:09.047,0.97423,0.97441,1.50,1.50
2012.02.21 09:07:11.022,0.97425,0.97442,1.50,2.10
2012.02.21 09:07:11.712,0.97424,0.9744,1.50,1.50
2012.02.21 09:07:15.056,0.97422,0.9744,3.00,1.50
2012.02.21 09:07:15.179,0.97424,0.9744,1.50,1.50
2012.02.21 09:07:15.443,0.97422,0.97439,1.50,1.50
2012.02.21 09:07:15.999,0.97426,0.97443,1.50,1.50
2012.02.21 09:07:16.609,0.97425,0.97443,1.50,1.50
2012.02.21 09:07:17.138,0.97426,0.97443,1.50,1.50
2012.02.21 09:07:18.021,0.97426,0.97442,1.50,1.50
2012.02.21 09:07:18.212,0.9743,0.97448,1.50,1.50
2012.02.21 09:07:18.342,0.97433,0.97449,1.50,1.50
2012.02.21 09:07:18.932,0.97432,0.97448,1.50,1.50
2012.02.21 09:07:19.287,0.97429,0.97447,1.50,1.50
2012.02.21 09:07:20.075,0.97432,0.97448,1.50,1.50
2012.02.21 09:07:20.404,0.97429,0.97447,1.50,1.50
2012.02.21 09:07:20.477,0.97431,0.97447,1.50,1.50
2012.02.21 09:07:20.624,0.97428,0.97446,1.88,1.50
2012.02.21 09:07:20.923,0.97427,0.97443,1.88,1.50
2012.02.21 09:07:21.052,0.9743,0.97448,1.50,1.50
2012.02.21 09:07:21.973,0.97435,0.97452,1.50,1.88
2012.02.21 09:07:22.483,0.97431,0.97449,2.25,1.50
2012.02.21 09:07:23.029,0.97432,0.97448,2.25,1.50
2012.02.21 09:07:23.161,0.97432,0.9745,2.25,1.50
2012.02.21 09:07:23.786,0.97437,0.97454,1.50,1.50
2012.02.21 09:07:24.161,0.97436,0.97451,1.88,1.50
2012.02.21 09:07:24.611,0.97438,0.97453,1.50,1.50
2012.02.21 09:07:25.543,0.97437,0.97454,1.50,1.50
2012.02.21 09:07:28.168,0.97439,0.97456,1.50,1.50
2012.02.21 09:07:28.760,0.97439,0.97455,1.50,1.50
2012.02.21 09:07:28.898,0.97436,0.97454,1.50,1.50
2012.02.21 09:07:29.611,0.97434,0.97452,1.50,1.50
2012.02.21 09:07:29.950,0.97431,0.97448,1.50,1.50
2012.02.21 09:07:30.260,0.97434,0.9745,1.50,3.00
2012.02.21 09:07:30.329,0.97435,0.97453,1.50,1.50
2012.02.21 09:07:30.640,0.97435,0.97451,1.50,1.50
2012.02.21 09:07:30.953,0.97437,0.97453,1.50,1.50
2012.02.21 09:07:31.803,0.97436,0.97452,1.50,1.50
2012.02.21 09:07:32.202,0.97434,0.97452,3.00,1.50
2012.02.21 09:07:32.762,0.97435,0.97451,1.50,1.50
2012.02.21 09:07:33.090,0.97435,0.97453,1.50,3.00
2012.02.21 09:07:33.162,0.97435,0.97451,1.50,1.50
2012.02.21 09:07:33.361,0.97435,0.97453,1.50,1.50
2012.02.21 09:07:34.007,0.97434,0.97452,1.50,1.50
2012.02.21 09:07:34.430,0.97432,0.9745,2.05,1.50
2012.02.21 09:07:36.932,0.97432,0.9745,2.65,1.50
2012.02.21 09:07:37.003,0.97438,0.97456,3.00,1.50
2012.02.21 09:07:37.504,0.97437,0.97452,1.50,1.50
2012.02.21 09:07:37.631,0.97434,0.9745,3.98,1.50
2012.02.21 09:07:42.901,0.97432,0.97448,1.88,1.50
2012.02.21 09:07:43.210,0.97423,0.97439,2.43,1.50
2012.02.21 09:07:43.343,0.97426,0.97444,1.50,1.50
2012.02.21 09:07:43.561,0.97429,0.97445,1.50,1.50
2012.02.21 09:07:44.268,0.97427,0.97443,1.50,1.50
2012.02.21 09:07:44.580,0.97423,0.97439,1.50,1.50
2012.02.21 09:07:44.891,0.97423,0.97441,1.50,1.50
2012.02.21 09:07:45.800,0.97423,0.97439,1.50,1.50
2012.02.21 09:07:46.395,0.97422,0.9744,1.50,1.50
2012.02.21 09:07:46.880,0.97422,0.97438,1.50,1.50
2012.02.21 09:07:47.135,0.9742,0.97438,1.50,1.50
2012.02.21 09:07:47.300,0.9742,0.97436,1.50,1.50
2012.02.21 09:07:48.304,0.9742,0.97437,1.50,1.50
2012.02.21 09:07:48.614,0.97419,0.97434,1.50,1.50
2012.02.21 09:07:48.975,0.97414,0.97432,1.50,1.50
2012.02.21 09:07:49.108,0.97418,0.97436,1.50,1.50
2012.02.21 09:07:49.553,0.9742,0.97436,1.50,1.50
2012.02.21 09:07:50.088,0.97422,0.9744,1.50,1.88
2012.02.21 09:07:50.591,0.97421,0.97439,1.50,1.50
2012.02.21 09:07:51.412,0.97423,0.97439,1.50,1.50
2012.02.21 09:07:51.968,0.97421,0.97439,1.50,1.88
2012.02.21 09:07:52.262,0.97421,0.97437,1.50,1.50
2012.02.21 09:07:52.332,0.97419,0.97437,1.50,1.50
2012.02.21 09:07:52.860,0.97419,0.97436,1.50,1.50
2012.02.21 09:07:52.995,0.97419,0.97432,1.50,1.50
2012.02.21 09:07:53.064,0.97414,0.97432,1.50,1.50
2012.02.21 09:07:53.494,0.97413,0.97429,1.50,1.50
2012.02.21 09:07:54.064,0.97411,0.97426,1.50,1.50
2012.02.21 09:07:54.128,0.97413,0.97429,1.50,3.00
2012.02.21 09:07:55.420,0.97414,0.9743,1.50,1.88
2012.02.21 09:07:56.764,0.97413,0.97431,3.00,1.88
2012.02.21 09:07:57.420,0.97412,0.9743,2.25,1.50
2012.02.21 09:07:57.870,0.97415,0.97431,1.50,1.50
2012.02.21 09:07:58.088,0.97413,0.97431,1.50,1.50
2012.02.21 09:07:58.160,0.97415,0.97433,1.50,1.50
2012.02.21 09:07:58.793,0.97413,0.97431,3.00,1.50
2012.02.21 09:07:59.882,0.97414,0.97432,1.50,1.50
2012.02.21 09:08:00.180,0.97417,0.97433,1.50,1.50
2012.02.21 09:08:00.669,0.97418,0.97436,1.50,3.00
2012.02.21 09:08:00.804,0.9742,0.97436,1.50,2.25
2012.02.21 09:08:00.992,0.97422,0.9744,1.50,1.50
2012.02.21 09:08:01.752,0.97422,0.97438,1.50,1.50
2012.02.21 09:08:01.969,0.97419,0.97437,1.50,1.50
2012.02.21 09:08:02.520,0.97419,0.97435,1.50,1.50
2012.02.21 09:08:03.168,0.97418,0.97436,3.00,1.50
2012.02.21 09:08:04.017,0.97415,0.97431,1.50,1.50
2012.02.21 09:08:04.570,0.97416,0.97432,1.50,1.50
2012.02.21 09:08:04.882,0.97413,0.97431,3.00,1.50
2012.02.21 09:08:05.324,0.97416,0.97432,1.50,1.50
2012.02.21 09:08:05.393,0.97416,0.97434,3.00,1.50
2012.02.21 09:08:05.946,0.97418,0.97436,1.50,1.50
2012.02.21 09:08:06.502,0.97418,0.97436,1.50,2.63
2012.02.21 09:08:07.052,0.97419,0.97436,1.50,1.13
2012.02.21 09:08:07.592,0.97418,0.97436,1.50,2.25
2012.02.21 09:08:08.659,0.97418,0.97436,1.50,1.50
2012.02.21 09:08:08.729,0.9742,0.97436,1.50,1.50
2012.02.21 09:08:08.864,0.97417,0.97435,1.50,1.50
2012.02.21 09:08:09.094,0.97419,0.97435,1.50,1.50
2012.02.21 09:08:09.359,0.9742,0.97438,1.50,3.00
2012.02.21 09:08:09.680,0.9742,0.97438,1.50,1.88
2012.02.21 09:08:09.929,0.97418,0.97436,3.00,2.25
2012.02.21 09:08:10.680,0.97418,0.97436,1.50,1.88
2012.02.21 09:08:10.813,0.97417,0.97432,1.50,1.50
2012.02.21 09:08:11.803,0.97419,0.97435,1.50,1.88
2012.02.21 09:08:12.063,0.97419,0.97433,1.50,1.50
2012.02.21 09:08:12.132,0.97416,0.97431,1.50,3.00
2012.02.21 09:08:12.205,0.97413,0.97429,1.50,1.50
2012.02.21 09:08:12.273,0.97413,0.97429,2.25,1.50
2012.02.21 09:08:12.345,0.97414,0.97431,1.50,1.50
2012.02.21 09:08:12.414,0.97413,0.97428,1.50,1.50
2012.02.21 09:08:12.683,0.97414,0.97431,1.50,1.50
2012.02.21 09:08:14.053,0.97415,0.97431,1.50,1.50
2012.02.21 09:08:14.659,0.97416,0.97432,1.50,1.50
2012.02.21 09:08:16.091,0.97418,0.97434,1.50,1.50
2012.02.21 09:08:16.376,0.97418,0.97436,1.50,1.50
2012.02.21 09:08:16.968,0.97416,0.97433,3.00,1.50
2012.02.21 09:08:17.066,0.97419,0.97435,1.50,1.50
2012.02.21 09:08:17.637,0.97419,0.97435,1.50,1.88
2012.02.21 09:08:18.155,0.97418,0.97435,1.50,3.75
2012.02.21 09:08:18.220,0.97416,0.97434,1.50,1.88
2012.02.21 09:08:18.290,0.97419,0.97434,1.50,1.88
2012.02.21 09:08:19.312,0.97419,0.97434,1.50,1.88
2012.02.21 09:08:20.021,0.9742,0.97435,1.50,1.88
2012.02.21 09:08:20.687,0.97419,0.97434,1.50,1.88
2012.02.21 09:08:21.531,0.9742,0.97435,1.50,1.88
2012.02.21 09:08:21.601,0.97415,0.9743,1.50,1.50
2012.02.21 09:08:21.673,0.97416,0.97433,1.50,1.88
2012.02.21 09:08:22.507,0.97419,0.97434,1.50,1.50
2012.02.21 09:08:22.812,0.97425,0.97441,1.50,1.13
2012.02.21 09:08:23.374,0.97425,0.97441,1.50,2.63
2012.02.21 09:08:23.841,0.97423,0.97439,1.50,1.50
2012.02.21 09:08:23.971,0.97421,0.97439,1.50,1.50
2012.02.21 09:08:24.597,0.97422,0.97438,1.50,1.50
2012.02.21 09:08:25.523,0.97421,0.97439,1.50,1.50
2012.02.21 09:08:25.710,0.97423,0.97441,1.50,1.50
2012.02.21 09:08:26.552,0.97426,0.97444,1.50,1.50
2012.02.21 09:08:26.974,0.97425,0.97442,1.50,1.50
2012.02.21 09:08:27.530,0.97426,0.97443,1.50,1.50
2012.02.21 09:08:28.019,0.97424,0.9744,1.50,1.50
2012.02.21 09:08:28.771,0.97423,0.97441,3.00,2.63
2012.02.21 09:08:29.119,0.97425,0.97441,1.50,2.63
2012.02.21 09:08:29.939,0.97425,0.97441,1.50,2.25
2012.02.21 09:08:30.013,0.97425,0.97441,1.50,1.88
2012.02.21 09:08:30.492,0.97429,0.97445,1.50,2.25
2012.02.21 09:08:30.589,0.97427,0.97445,3.00,2.25
2012.02.21 09:08:31.303,0.97431,0.97446,1.50,2.25
2012.02.21 09:08:31.375,0.97428,0.97444,3.00,1.50
2012.02.21 09:08:32.354,0.97426,0.97444,1.50,1.50
2012.02.21 09:08:32.611,0.97428,0.97444,2.10,1.50
2012.02.21 09:08:33.292,0.9743,0.97446,1.50,1.50
2012.02.21 09:08:33.614,0.97427,0.97443,1.50,1.88
2012.02.21 09:08:33.981,0.9743,0.97445,1.50,3.38
2012.02.21 09:08:34.293,0.97427,0.97443,3.00,1.50
2012.02.21 09:08:34.890,0.97429,0.97445,1.50,1.50
2012.02.21 09:08:35.089,0.97428,0.97444,1.50,1.50
2012.02.21 09:08:35.160,0.97428,0.97446,1.50,1.50
2012.02.21 09:08:35.384,0.97426,0.97444,1.50,1.50
2012.02.21 09:08:35.701,0.97428,0.97444,1.50,1.50
2012.02.21 09:08:36.073,0.97426,0.97442,1.50,1.50
2012.02.21 09:08:36.769,0.97424,0.97439,1.50,1.50
2012.02.21 09:08:37.035,0.9742,0.97436,1.50,1.13
2012.02.21 09:08:37.105,0.97415,0.97433,3.00,1.50
2012.02.21 09:08:37.630,0.97416,0.97433,1.50,1.50
2012.02.21 09:08:37.702,0.97417,0.97435,1.50,1.50
2012.02.21 09:08:37.770,0.97419,0.97435,1.50,1.50
2012.02.21 09:08:37.838,0.97417,0.97435,1.50,1.50
2012.02.21 09:08:39.739,0.97416,0.97434,1.50,1.50
2012.02.21 09:08:44.332,0.97416,0.97432,1.50,2.10
2012.02.21 09:08:44.651,0.97414,0.97428,1.50,1.50
2012.02.21 09:08:44.722,0.97411,0.97428,1.50,1.50
2012.02.21 09:08:44.849,0.97412,0.9743,1.50,1.50
2012.02.21 09:08:45.004,0.97414,0.9743,1.50,1.50
2012.02.21 09:08:45.220,0.97412,0.9743,3.00,1.50
2012.02.21 09:08:45.407,0.97414,0.9743,1.50,1.50
2012.02.21 09:08:45.972,0.97413,0.97429,1.50,1.50
2012.02.21 09:08:46.509,0.97412,0.9743,1.50,1.50
2012.02.21 09:08:46.891,0.97414,0.9743,1.50,1.50
2012.02.21 09:08:47.983,0.97412,0.97428,1.50,1.50
2012.02.21 09:08:49.166,0.9741,0.97426,1.50,1.50
2012.02.21 09:08:50.350,0.97412,0.97428,1.50,1.50
2012.02.21 09:08:51.033,0.97411,0.97429,1.50,1.50
2012.02.21 09:08:51.394,0.97413,0.97431,1.50,1.50
2012.02.21 09:08:52.297,0.97415,0.97433,1.50,2.25
2012.02.21 09:08:52.602,0.97412,0.97428,1.50,1.50
2012.02.21 09:08:52.941,0.97413,0.97431,1.50,1.50
2012.02.21 09:08:53.010,0.97412,0.97428,1.50,1.50
2012.02.21 09:08:54.361,0.97414,0.9743,1.50,1.50
2012.02.21 09:08:54.432,0.97415,0.97433,1.50,1.88
2012.02.21 09:08:54.901,0.97414,0.9743,1.50,1.50
2012.02.21 09:08:55.331,0.97416,0.97432,3.00,1.50
2012.02.21 09:08:55.705,0.97419,0.97434,1.50,1.50
2012.02.21 09:08:56.590,0.97418,0.97434,1.50,1.50
2012.02.21 09:08:56.984,0.97416,0.97432,1.50,1.50
2012.02.21 09:08:57.583,0.97415,0.97431,1.50,1.50
2012.02.21 09:08:57.659,0.97417,0.97434,1.50,1.50
2012.02.21 09:08:57.732,0.97419,0.97434,1.50,1.50
2012.02.21 09:08:58.043,0.97421,0.97437,1.50,1.50
2012.02.21 09:08:58.173,0.97418,0.97434,3.00,1.50
2012.02.21 09:08:58.721,0.97421,0.97436,1.50,1.50
2012.02.21 09:08:58.798,0.97418,0.97434,1.50,1.50
2012.02.21 09:08:59.342,0.97417,0.97432,1.50,1.50
2012.02.21 09:08:59.672,0.97421,0.97435,1.50,1.50
2012.02.21 09:08:59.803,0.97421,0.97437,1.50,1.50
2012.02.21 09:08:59.869,0.97423,0.97439,1.50,1.50
2012.02.21 09:09:01.491,0.97424,0.97441,1.50,1.50
2012.02.21 09:09:01.832,0.97422,0.97438,1.50,1.50
2012.02.21 09:09:03.005,0.97423,0.97439,1.50,1.50
2012.02.21 09:09:04.536,0.97425,0.9744,1.50,1.50
2012.02.21 09:09:05.441,0.9742,0.97438,1.50,1.50
2012.02.21 09:09:06.850,0.97422,0.97438,1.50,1.50
2012.02.21 09:09:09.530,0.97423,0.97438,1.50,1.50
2012.02.21 09:09:10.723,0.97421,0.97437,1.50,1.50
2012.02.21 09:09:10.789,0.97419,0.97437,1.50,1.50
2012.02.21 09:09:11.644,0.9742,0.97435,1.50,1.50
2012.02.21 09:09:11.982,0.97418,0.97433,1.50,1.13
2012.02.21 09:09:12.054,0.97408,0.97423,2.65,1.50
2012.02.21 09:09:12.179,0.97405,0.97423,2.43,1.50
2012.02.21 09:09:12.431,0.97413,0.97428,1.50,1.50
2012.02.21 09:09:12.515,0.97415,0.97428,1.50,1.50
2012.02.21 09:09:12.580,0.97421,0.97435,1.50,1.50
2012.02.21 09:09:12.650,0.97421,0.97437,1.50,1.50
2012.02.21 09:09:12.832,0.97419,0.97437,3.00,1.50
2012.02.21 09:09:12.901,0.97418,0.97435,1.50,1.50
2012.02.21 09:09:13.304,0.97417,0.97433,1.50,1.50
2012.02.21 09:09:13.882,0.97416,0.97433,1.50,1.50
2012.02.21 09:09:14.483,0.97416,0.97434,1.50,1.88
2012.02.21 09:09:14.985,0.97417,0.97435,1.50,1.88
2012.02.21 09:09:16.168,0.97421,0.97437,1.50,1.88
2012.02.21 09:09:16.291,0.97417,0.97433,1.50,1.50
2012.02.21 09:09:16.661,0.97419,0.97436,1.50,1.13
2012.02.21 09:09:19.297,0.9742,0.97436,1.50,2.63
2012.02.21 09:09:19.882,0.9742,0.97436,1.50,2.25
2012.02.21 09:09:20.443,0.9742,0.97435,1.50,1.50
2012.02.21 09:09:22.825,0.97421,0.97437,1.50,1.50
2012.02.21 09:09:23.709,0.97419,0.97435,1.50,1.50
2012.02.21 09:09:24.134,0.97417,0.97433,1.50,1.50
2012.02.21 09:09:24.200,0.97418,0.97436,1.50,1.50
2012.02.21 09:09:26.292,0.97418,0.97435,1.50,1.50
2012.02.21 09:09:26.360,0.97416,0.97434,1.50,1.50
2012.02.21 09:09:26.850,0.97418,0.97434,1.50,1.50
2012.02.21 09:09:27.169,0.97421,0.97439,1.50,1.88
2012.02.21 09:09:27.242,0.97419,0.97437,1.50,1.50
2012.02.21 09:09:28.038,0.97418,0.97436,1.50,1.50
2012.02.21 09:09:28.556,0.97419,0.97437,1.50,1.50
2012.02.21 09:09:29.316,0.9742,0.97438,1.50,1.50
2012.02.21 09:09:30.801,0.9742,0.97436,1.50,1.50
2012.02.21 09:09:30.950,0.97416,0.97434,1.50,1.50
2012.02.21 09:09:31.884,0.97417,0.97434,1.50,1.50
2012.02.21 09:09:32.010,0.9742,0.97436,1.50,1.50
2012.02.21 09:09:32.484,0.97418,0.97434,1.50,1.50
2012.02.21 09:09:33.140,0.97419,0.97435,1.50,1.50
2012.02.21 09:09:33.219,0.97421,0.97439,1.50,1.88
2012.02.21 09:09:33.602,0.97421,0.97437,1.50,1.50
2012.02.21 09:09:33.912,0.97423,0.97439,1.50,1.88
2012.02.21 09:09:34.312,0.97425,0.97441,1.50,2.25
2012.02.21 09:09:35.339,0.97424,0.97442,1.50,2.63
2012.02.21 09:09:36.617,0.97424,0.97442,1.50,2.63
2012.02.21 09:09:37.236,0.97424,0.97441,1.50,1.13
2012.02.21 09:09:39.001,0.97425,0.97443,1.50,3.98
2012.02.21 09:09:39.073,0.97426,0.97443,1.50,2.10
2012.02.21 09:09:39.480,0.97428,0.97444,1.50,1.50
2012.02.21 09:09:39.550,0.97424,0.97442,1.50,1.50
2012.02.21 09:09:39.942,0.97426,0.97442,1.50,1.50
2012.02.21 09:09:40.511,0.97425,0.97441,1.50,1.50
2012.02.21 09:09:41.790,0.97425,0.97443,1.50,1.50
2012.02.21 09:09:41.860,0.97429,0.97446,1.50,1.88
2012.02.21 09:09:42.540,0.97431,0.97448,1.50,2.25
2012.02.21 09:09:42.848,0.97434,0.9745,1.50,2.25
2012.02.21 09:09:43.791,0.97432,0.97448,1.50,2.25
2012.02.21 09:09:43.870,0.9743,0.97447,3.00,1.50
2012.02.21 09:09:43.940,0.97433,0.97449,1.50,1.50
2012.02.21 09:09:44.873,0.9743,0.97448,3.00,1.50
2012.02.21 09:09:45.195,0.97432,0.9745,1.50,3.75
2012.02.21 09:09:45.690,0.97434,0.97452,1.50,1.88
2012.02.21 09:09:45.764,0.97433,0.97447,1.50,1.50
2012.02.21 09:09:45.829,0.9743,0.97447,1.50,1.50
2012.02.21 09:09:46.467,0.97431,0.97446,1.50,1.50
2012.02.21 09:09:49.359,0.97433,0.9745,1.50,1.50
2012.02.21 09:09:49.549,0.97433,0.97448,3.00,1.50
2012.02.21 09:09:49.808,0.97434,0.9745,1.50,1.50
2012.02.21 09:09:49.879,0.97434,0.97452,1.50,1.88
2012.02.21 09:09:50.250,0.97436,0.97452,1.50,1.50
2012.02.21 09:09:50.561,0.97432,0.97446,1.50,1.50
2012.02.21 09:09:50.632,0.9743,0.97446,1.50,1.50
2012.02.21 09:09:50.701,0.97427,0.97445,1.50,1.50
2012.02.21 09:09:50.772,0.97426,0.97442,1.50,1.50
2012.02.21 09:09:51.737,0.97432,0.97447,1.50,2.25
2012.02.21 09:09:51.922,0.97429,0.97445,1.50,1.88
2012.02.21 09:09:52.049,0.97431,0.97446,1.50,1.13
2012.02.21 09:09:52.288,0.97429,0.97447,1.50,2.63
2012.02.21 09:09:53.953,0.97427,0.97443,3.00,1.50
2012.02.21 09:09:54.021,0.97426,0.97444,1.50,1.50
2012.02.21 09:09:54.339,0.97428,0.97444,1.50,1.50
2012.02.21 09:09:54.649,0.97435,0.97451,1.50,1.50
2012.02.21 09:09:55.070,0.97434,0.9745,1.50,3.38
2012.02.21 09:09:55.142,0.97428,0.97444,1.50,1.50
2012.02.21 09:09:55.387,0.97425,0.97443,1.88,1.50
2012.02.21 09:09:55.628,0.97428,0.97444,1.50,1.50
2012.02.21 09:09:56.466,0.97425,0.97443,1.50,1.50
2012.02.21 09:09:58.662,0.97427,0.97443,1.50,1.50
2012.02.21 09:09:59.010,0.97424,0.9744,1.50,1.50
2012.02.21 09:09:59.831,0.97426,0.97442,1.50,3.00
2012.02.21 09:10:00.151,0.97428,0.97444,1.50,1.50
2012.02.21 09:10:00.502,0.9743,0.97446,1.50,1.13
2012.02.21 09:10:00.922,0.97427,0.97445,1.50,1.50
2012.02.21 09:10:00.992,0.97429,0.97445,1.50,1.50
2012.02.21 09:10:01.571,0.97431,0.97449,1.50,3.00
2012.02.21 09:10:01.662,0.97429,0.97445,1.50,1.50
2012.02.21 09:10:02.172,0.97428,0.97446,1.50,1.50
2012.02.21 09:10:02.933,0.97427,0.97445,1.50,1.50
2012.02.21 09:10:03.180,0.97429,0.97447,1.50,1.88
2012.02.21 09:10:04.204,0.97429,0.97445,1.50,1.88
2012.02.21 09:10:04.282,0.97426,0.97442,1.50,1.50
2012.02.21 09:10:04.779,0.97425,0.97442,1.50,1.50
2012.02.21 09:10:04.913,0.97426,0.97444,1.50,1.88
2012.02.21 09:10:05.440,0.97426,0.97444,1.50,1.88
2012.02.21 09:10:06.299,0.97426,0.97442,1.50,1.50
2012.02.21 09:10:06.428,0.97424,0.9744,1.50,1.50
2012.02.21 09:10:06.562,0.97421,0.97439,1.50,1.50
2012.02.21 09:10:07.434,0.97423,0.97441,1.50,1.50
2012.02.21 09:10:07.762,0.97427,0.97443,1.50,1.88
2012.02.21 09:10:09.401,0.97423,0.97439,1.50,1.50
2012.02.21 09:10:10.053,0.97425,0.97441,1.50,2.25
2012.02.21 09:10:10.604,0.97425,0.97436,1.50,1.50
2012.02.21 09:10:10.675,0.97417,0.97433,1.50,1.50
2012.02.21 09:10:10.799,0.97413,0.97431,1.50,1.50
2012.02.21 09:10:10.928,0.97416,0.97432,1.50,1.50
2012.02.21 09:10:11.251,0.97418,0.97433,1.50,1.50
2012.02.21 09:10:14.485,0.97421,0.97437,1.50,1.50
2012.02.21 09:10:15.978,0.97422,0.97437,1.50,1.50
2012.02.21 09:10:16.530,0.97421,0.97437,1.50,1.50
2012.02.21 09:10:21.818,0.97422,0.97437,1.50,1.50
2012.02.21 09:10:23.903,0.9742,0.97438,1.50,1.50
2012.02.21 09:10:24.031,0.9742,0.97436,1.50,1.50
2012.02.21 09:10:24.952,0.97421,0.97437,1.50,1.50
2012.02.21 09:10:25.021,0.97418,0.97436,3.60,1.50
2012.02.21 09:10:25.302,0.97421,0.97437,1.50,1.88
2012.02.21 09:10:25.881,0.97423,0.97439,1.50,2.25
2012.02.21 09:10:25.954,0.97421,0.97437,1.50,1.88
2012.02.21 09:10:28.651,0.97422,0.9744,1.50,1.88
2012.02.21 09:10:29.438,0.97421,0.97438,1.50,1.13
2012.02.21 09:10:30.054,0.9742,0.97438,1.50,2.63
2012.02.21 09:10:30.367,0.97414,0.97431,3.00,1.50
2012.02.21 09:10:31.226,0.97416,0.97433,1.50,2.25
2012.02.21 09:10:31.565,0.97417,0.97432,1.50,2.63
2012.02.21 09:10:31.806,0.97413,0.97431,1.50,2.25
2012.02.21 09:10:32.104,0.97414,0.97429,1.50,1.13
2012.02.21 09:10:32.234,0.97408,0.97426,1.50,2.25
2012.02.21 09:10:32.850,0.97411,0.97426,1.50,1.88
2012.02.21 09:10:32.972,0.97417,0.97432,1.50,1.50
2012.02.21 09:10:33.054,0.97416,0.97434,1.50,1.50
2012.02.21 09:10:33.350,0.97415,0.97431,1.50,1.50
2012.02.21 09:10:33.742,0.97415,0.97431,1.50,1.88
2012.02.21 09:10:33.870,0.97413,0.97429,1.50,1.88
2012.02.21 09:10:34.667,0.97412,0.97429,3.75,1.50
2012.02.21 09:10:34.733,0.97415,0.97432,1.50,1.50
2012.02.21 09:10:34.799,0.97417,0.97435,1.50,1.50
2012.02.21 09:10:34.870,0.97417,0.97432,1.50,1.50
2012.02.21 09:10:35.302,0.97418,0.97434,1.50,1.50
2012.02.21 09:10:35.439,0.97421,0.97437,1.50,2.25
2012.02.21 09:10:35.659,0.97419,0.97435,1.50,1.50
2012.02.21 09:10:36.163,0.97419,0.97437,1.50,2.25
2012.02.21 09:10:36.854,0.97417,0.97435,1.50,1.50
2012.02.21 09:10:36.922,0.97419,0.97435,1.50,1.50
2012.02.21 09:10:37.245,0.97419,0.97431,1.50,2.10
2012.02.21 09:10:37.316,0.97417,0.97428,1.50,2.48
2012.02.21 09:10:37.407,0.9741,0.97428,1.50,2.48
2012.02.21 09:10:37.528,0.9741,0.97422,1.50,1.50
2012.02.21 09:10:37.721,0.97412,0.97429,1.50,1.88
2012.02.21 09:10:38.386,0.97412,0.9743,1.50,1.50
2012.02.21 09:10:38.894,0.97413,0.97426,1.50,1.50
2012.02.21 09:10:38.961,0.97408,0.97425,1.50,1.50
2012.02.21 09:10:39.353,0.97411,0.97426,1.50,1.50
2012.02.21 09:10:39.809,0.97412,0.97428,1.50,1.50
2012.02.21 09:10:40.553,0.97411,0.97427,1.50,1.50
2012.02.21 09:10:41.348,0.97407,0.97425,4.35,1.50
2012.02.21 09:10:41.426,0.97407,0.97425,4.35,1.88
2012.02.21 09:10:41.962,0.97405,0.97422,1.50,1.13
2012.02.21 09:10:42.767,0.97405,0.97423,1.50,3.00
2012.02.21 09:10:43.501,0.97404,0.97422,3.00,1.50
2012.02.21 09:10:43.883,0.97404,0.9742,1.50,1.50
2012.02.21 09:10:43.952,0.97401,0.97419,1.50,1.50
2012.02.21 09:10:44.079,0.97403,0.97419,1.50,1.50
2012.02.21 09:10:44.778,0.97402,0.97418,1.50,1.50
2012.02.21 09:10:44.843,0.97402,0.9742,1.50,1.50
2012.02.21 09:10:45.394,0.97402,0.97419,1.50,1.50
2012.02.21 09:10:45.670,0.974,0.97418,1.50,3.00
2012.02.21 09:10:45.741,0.97398,0.97412,1.50,1.50
2012.02.21 09:10:45.872,0.97393,0.97411,2.25,1.50
2012.02.21 09:10:46.003,0.97393,0.97411,1.50,1.50
2012.02.21 09:10:46.119,0.97398,0.97411,2.10,1.50
2012.02.21 09:10:46.251,0.97395,0.97413,1.50,1.50
2012.02.21 09:10:46.923,0.9739,0.97407,1.50,1.50
2012.02.21 09:10:47.079,0.97393,0.97411,1.50,1.50
2012.02.21 09:10:47.226,0.974,0.97416,1.50,1.13
2012.02.21 09:10:47.807,0.97399,0.97416,1.50,1.88
2012.02.21 09:10:48.558,0.97399,0.97414,1.50,1.50
2012.02.21 09:10:48.884,0.97397,0.97415,3.00,1.50
2012.02.21 09:10:49.011,0.97399,0.97415,1.50,1.50
2012.02.21 09:10:49.481,0.97396,0.97414,3.00,1.50
2012.02.21 09:10:50.444,0.97396,0.97412,1.50,1.50
2012.02.21 09:10:50.782,0.97398,0.97416,1.50,2.25
2012.02.21 09:10:51.281,0.974,0.97416,1.50,2.25
2012.02.21 09:10:51.419,0.97398,0.97414,1.50,1.88
2012.02.21 09:10:52.239,0.97396,0.97412,1.50,1.50
2012.02.21 09:10:52.992,0.97396,0.97412,1.50,4.35
2012.02.21 09:10:53.065,0.97394,0.9741,1.50,2.25
2012.02.21 09:10:54.034,0.97393,0.9741,1.50,2.25
2012.02.21 09:10:54.350,0.97396,0.97411,1.50,2.63
2012.02.21 09:10:55.582,0.97396,0.97411,1.50,1.13
2012.02.21 09:10:55.894,0.97396,0.97411,1.50,1.50
2012.02.21 09:10:56.560,0.97393,0.97408,1.50,1.88
2012.02.21 09:10:56.761,0.97393,0.97409,1.50,1.88
2012.02.21 09:10:57.513,0.97393,0.97409,1.50,2.25
2012.02.21 09:10:59.317,0.97391,0.97407,1.50,1.13
2012.02.21 09:10:59.868,0.97393,0.97407,1.50,1.13
2012.02.21 09:11:00.301,0.9739,0.97406,1.50,1.88
2012.02.21 09:11:01.010,0.97392,0.97407,1.50,2.63
2012.02.21 09:11:01.441,0.9739,0.97406,1.50,1.13
2012.02.21 09:11:01.570,0.97387,0.97403,1.50,1.50
2012.02.21 09:11:01.914,0.97389,0.97406,1.50,1.13
2012.02.21 09:11:02.954,0.97394,0.97407,1.50,1.13
2012.02.21 09:11:03.037,0.97391,0.97406,1.50,2.63
2012.02.21 09:11:03.136,0.97388,0.97406,3.60,2.25
2012.02.21 09:11:08.285,0.97398,0.97413,1.50,1.50
2012.02.21 09:11:08.492,0.97397,0.97415,1.50,1.50
2012.02.21 09:11:09.583,0.97397,0.97413,1.50,1.50
2012.02.21 09:11:10.099,0.97394,0.9741,1.50,1.50
2012.02.21 09:11:10.415,0.97394,0.97411,1.50,1.13
2012.02.21 09:11:10.488,0.97392,0.97405,1.50,1.50
2012.02.21 09:11:11.119,0.97386,0.97404,1.50,2.63
2012.02.21 09:11:11.190,0.97384,0.974,1.50,2.25
2012.02.21 09:11:12.082,0.97385,0.97402,1.50,1.88
2012.02.21 09:11:12.151,0.97385,0.97402,1.50,1.50
2012.02.21 09:11:12.852,0.97385,0.97403,1.50,2.25
2012.02.21 09:11:12.938,0.97387,0.97405,1.50,1.88
2012.02.21 09:11:13.240,0.97391,0.97407,1.50,2.25
2012.02.21 09:11:13.375,0.97389,0.97405,1.50,2.25
2012.02.21 09:11:13.823,0.97391,0.97407,1.50,2.63
2012.02.21 09:11:14.717,0.97388,0.97406,1.50,2.63
2012.02.21 09:11:15.172,0.9739,0.97407,1.50,1.13
2012.02.21 09:11:15.833,0.97389,0.97404,1.50,2.25
2012.02.21 09:11:16.662,0.97389,0.97407,1.50,2.63
2012.02.21 09:11:16.737,0.97387,0.97404,1.50,2.25
2012.02.21 09:11:16.804,0.97386,0.97402,1.50,2.10
2012.02.21 09:11:16.872,0.97381,0.97399,1.50,1.50
2012.02.21 09:11:17.123,0.97383,0.97401,1.50,1.50
2012.02.21 09:11:17.461,0.97388,0.97404,1.50,1.50
2012.02.21 09:11:19.131,0.97387,0.97403,1.50,1.50
2012.02.21 09:11:19.433,0.97382,0.97397,1.50,1.50
2012.02.21 09:11:19.743,0.97386,0.97401,3.00,1.88
2012.02.21 09:11:19.995,0.97387,0.97405,1.50,2.25
2012.02.21 09:11:20.126,0.97387,0.97402,1.50,2.85
2012.02.21 09:11:20.711,0.97385,0.974,1.50,2.25
2012.02.21 09:11:21.037,0.97382,0.974,1.50,1.88
2012.02.21 09:11:21.641,0.97382,0.974,1.50,1.50
2012.02.21 09:11:21.781,0.97382,0.97398,1.50,1.50
2012.02.21 09:11:22.796,0.97383,0.97399,1.50,1.50
2012.02.21 09:11:22.870,0.97385,0.97402,1.50,1.50
2012.02.21 09:11:23.179,0.97384,0.97399,1.50,1.50
2012.02.21 09:11:23.349,0.97384,0.97401,1.50,1.50
2012.02.21 09:11:23.914,0.97383,0.97401,1.50,1.50
2012.02.21 09:11:24.343,0.97382,0.97398,1.50,1.50
2012.02.21 09:11:25.003,0.97382,0.974,1.50,1.50
2012.02.21 09:11:25.542,0.97381,0.97397,1.50,1.50
2012.02.21 09:11:25.675,0.97381,0.97399,1.50,1.50
2012.02.21 09:11:26.759,0.97382,0.97398,1.50,1.50
2012.02.21 09:11:26.866,0.97375,0.97391,1.50,1.50
2012.02.21 09:11:27.123,0.97369,0.97387,1.50,1.50
2012.02.21 09:11:27.663,0.9737,0.97388,1.50,1.88
2012.02.21 09:11:28.284,0.97371,0.97387,1.50,1.50
2012.02.21 09:11:28.511,0.97367,0.97385,1.50,1.50
2012.02.21 09:11:28.718,0.97369,0.97385,1.50,1.50
2012.02.21 09:11:29.001,0.97365,0.97383,1.50,1.50
2012.02.21 09:11:29.151,0.97365,0.97381,1.50,1.50
2012.02.21 09:11:30.013,0.97363,0.97381,1.50,1.50
2012.02.21 09:11:30.087,0.97363,0.97381,1.50,2.63
2012.02.21 09:11:30.835,0.97361,0.97379,1.50,1.88
2012.02.21 09:11:31.512,0.97362,0.97379,1.50,1.50
2012.02.21 09:11:31.769,0.97364,0.9738,1.50,1.88
2012.02.21 09:11:32.322,0.97363,0.97378,1.50,1.88
2012.02.21 09:11:33.542,0.97363,0.97378,1.50,2.25
2012.02.21 09:11:33.999,0.97361,0.97379,3.00,2.25
2012.02.21 09:11:34.618,0.97363,0.97379,1.50,2.25
2012.02.21 09:11:35.162,0.97362,0.97378,2.25,2.25
2012.02.21 09:11:36.186,0.97357,0.97373,1.50,1.50
2012.02.21 09:11:37.284,0.97359,0.97373,1.50,1.50
2012.02.21 09:11:37.423,0.97361,0.97377,2.25,1.88
2012.02.21 09:11:37.501,0.97364,0.97379,1.50,2.25
2012.02.21 09:11:37.566,0.97364,0.97382,1.50,2.63
2012.02.21 09:11:37.635,0.97366,0.97382,1.50,1.13
2012.02.21 09:11:38.276,0.97364,0.97381,1.50,2.25
2012.02.21 09:11:38.919,0.97363,0.97379,1.50,1.50
2012.02.21 09:11:39.195,0.97363,0.97381,1.50,3.75
2012.02.21 09:11:40.131,0.97364,0.97382,1.50,2.63
2012.02.21 09:11:40.210,0.97363,0.97381,1.50,2.25
2012.02.21 09:11:40.487,0.97363,0.97381,1.50,1.88
2012.02.21 09:11:40.613,0.97363,0.97381,1.50,2.25
2012.02.21 09:11:40.937,0.97366,0.97379,1.50,1.88
2012.02.21 09:11:41.018,0.97362,0.9738,1.50,1.88
2012.02.21 09:11:41.752,0.97362,0.97375,1.50,1.35
2012.02.21 09:11:42.074,0.97349,0.97367,1.50,1.88
2012.02.21 09:11:42.281,0.97349,0.97367,2.25,1.88
2012.02.21 09:11:42.405,0.97349,0.97367,2.25,1.88
2012.02.21 09:11:42.473,0.97358,0.97373,1.50,2.48
2012.02.21 09:11:43.284,0.97358,0.97373,1.50,2.10
2012.02.21 09:11:43.363,0.97354,0.9737,1.50,1.88
2012.02.21 09:11:43.943,0.97353,0.97371,1.50,2.25
2012.02.21 09:11:44.077,0.97351,0.97369,3.00,1.50
2012.02.21 09:11:44.718,0.97358,0.97374,1.50,1.50
2012.02.21 09:11:45.046,0.97353,0.97367,1.50,1.50
2012.02.21 09:11:45.115,0.97351,0.97367,1.50,1.50
2012.02.21 09:11:46.556,0.97349,0.97367,3.00,1.50
2012.02.21 09:11:46.630,0.97354,0.9737,1.50,1.50
2012.02.21 09:11:46.997,0.97352,0.9737,3.00,1.50
2012.02.21 09:11:47.063,0.97354,0.9737,1.50,1.50
2012.02.21 09:11:47.376,0.97356,0.97372,1.50,1.50
2012.02.21 09:11:48.075,0.97358,0.97374,1.50,1.50
2012.02.21 09:11:48.216,0.97353,0.97371,3.00,1.50
2012.02.21 09:11:48.405,0.97356,0.97372,1.50,1.50
2012.02.21 09:11:48.476,0.97357,0.97375,1.50,1.50
2012.02.21 09:11:48.800,0.97356,0.97371,1.50,1.50
2012.02.21 09:11:48.935,0.97355,0.97373,1.50,3.00
2012.02.21 09:11:49.643,0.97357,0.97373,1.50,1.50
2012.02.21 09:11:49.960,0.9736,0.97376,1.50,1.50
2012.02.21 09:11:50.275,0.97361,0.97377,4.15,1.50
2012.02.21 09:11:50.347,0.97363,0.97379,2.10,1.50
2012.02.21 09:11:50.476,0.97366,0.97384,1.50,1.50
2012.02.21 09:11:50.547,0.9737,0.97385,1.50,1.50
2012.02.21 09:11:50.618,0.9737,0.97388,1.50,1.50
2012.02.21 09:11:51.228,0.9737,0.97388,1.50,2.25
2012.02.21 09:11:51.865,0.97372,0.9739,1.50,2.25
2012.02.21 09:11:51.938,0.97372,0.9739,1.50,2.25
2012.02.21 09:11:52.263,0.97371,0.97386,1.50,1.50
2012.02.21 09:11:52.516,0.9737,0.97388,1.50,1.88
2012.02.21 09:11:53.133,0.97371,0.97389,1.50,3.38
2012.02.21 09:11:53.269,0.9737,0.97385,1.50,1.50
2012.02.21 09:11:53.695,0.97369,0.97383,1.50,1.50
2012.02.21 09:11:54.005,0.97365,0.97382,1.50,1.88
2012.02.21 09:11:54.570,0.97364,0.9738,1.50,1.88
2012.02.21 09:11:54.906,0.97366,0.97382,1.50,2.63
2012.02.21 09:11:55.302,0.97366,0.97381,1.50,1.13
2012.02.21 09:11:56.066,0.97367,0.97382,1.50,2.63
2012.02.21 09:11:56.855,0.97369,0.97382,1.50,1.13
2012.02.21 09:11:57.045,0.97366,0.97384,1.50,1.88
2012.02.21 09:11:57.173,0.97366,0.97384,1.50,1.50
2012.02.21 09:11:57.422,0.9737,0.97386,1.50,1.50
2012.02.21 09:11:57.733,0.97365,0.97381,1.50,1.50
2012.02.21 09:11:58.295,0.97359,0.97377,3.18,1.50
2012.02.21 09:11:58.367,0.97359,0.97375,1.50,1.50
2012.02.21 09:11:58.693,0.97361,0.97377,1.50,1.50
2012.02.21 09:11:59.223,0.97361,0.97377,1.50,1.88
2012.02.21 09:12:00.100,0.97363,0.97379,1.50,1.88
2012.02.21 09:12:00.469,0.97366,0.97381,1.50,2.25
2012.02.21 09:12:00.835,0.97364,0.97379,1.50,1.88
2012.02.21 09:12:01.033,0.97366,0.97384,1.50,2.25
2012.02.21 09:12:01.283,0.97363,0.97379,1.50,1.50
2012.02.21 09:12:01.355,0.97364,0.97382,1.50,1.88
2012.02.21 09:12:02.184,0.97366,0.97384,3.00,1.50
2012.02.21 09:12:02.491,0.97369,0.97384,1.50,1.50
2012.02.21 09:12:02.561,0.97371,0.97387,1.50,1.50
2012.02.21 09:12:02.693,0.97371,0.97389,1.50,1.50
2012.02.21 09:12:03.061,0.97369,0.97387,1.50,3.00
2012.02.21 09:12:03.387,0.97368,0.97384,1.50,1.50
2012.02.21 09:12:04.041,0.97369,0.97385,1.50,1.50
2012.02.21 09:12:04.362,0.97371,0.97387,1.50,1.50
2012.02.21 09:12:04.640,0.97368,0.97386,1.50,1.50
2012.02.21 09:12:04.953,0.97372,0.97388,1.50,1.50
2012.02.21 09:12:05.640,0.97369,0.97387,1.50,1.50
2012.02.21 09:12:06.232,0.9737,0.97388,1.50,1.88
2012.02.21 09:12:06.760,0.97369,0.97387,1.50,1.50
2012.02.21 09:12:06.831,0.97374,0.97389,1.50,1.88
2012.02.21 09:12:07.410,0.97373,0.97389,1.50,1.88
2012.02.21 09:12:08.260,0.97373,0.97389,1.50,1.88
2012.02.21 09:12:09.052,0.97373,0.97389,1.50,2.25
2012.02.21 09:12:09.689,0.97373,0.97389,1.50,1.50
2012.02.21 09:12:09.772,0.97371,0.97389,1.50,1.50
2012.02.21 09:12:09.964,0.97373,0.97391,1.50,1.88
2012.02.21 09:12:10.280,0.97371,0.97389,1.50,2.63
2012.02.21 09:12:10.622,0.97376,0.97389,1.50,1.13
2012.02.21 09:12:10.752,0.97376,0.97394,1.50,2.25
2012.02.21 09:12:10.943,0.97378,0.97396,1.50,2.25
2012.02.21 09:12:11.507,0.97377,0.97394,1.50,3.38
2012.02.21 09:12:11.772,0.97377,0.97394,1.50,1.50
2012.02.21 09:12:12.105,0.97374,0.97388,1.50,1.50
2012.02.21 09:12:12.293,0.97369,0.97387,1.50,1.50
2012.02.21 09:12:12.547,0.97371,0.97389,1.50,1.50
2012.02.21 09:12:13.187,0.97373,0.97391,1.50,1.50
2012.02.21 09:12:13.863,0.97372,0.97388,3.00,1.50
2012.02.21 09:12:14.111,0.97372,0.9739,1.50,1.50
2012.02.21 09:12:14.198,0.97372,0.97388,1.50,1.50
2012.02.21 09:12:14.861,0.97373,0.97389,1.50,1.50
2012.02.21 09:12:15.493,0.97374,0.9739,1.50,1.50
2012.02.21 09:12:15.560,0.97372,0.9739,3.00,1.50
2012.02.21 09:12:16.156,0.97373,0.97391,1.50,1.50
2012.02.21 09:12:16.671,0.97377,0.97392,1.50,1.50
2012.02.21 09:12:17.968,0.97373,0.97391,1.50,1.50
2012.02.21 09:12:18.291,0.97372,0.97388,1.50,1.50
2012.02.21 09:12:19.381,0.97375,0.9739,1.50,1.50
2012.02.21 09:12:19.638,0.97381,0.97397,1.50,1.50
2012.02.21 09:12:19.885,0.97385,0.97399,1.50,1.50
2012.02.21 09:12:19.954,0.97385,0.97403,1.50,1.50
2012.02.21 09:12:20.668,0.97386,0.97404,1.50,1.88
2012.02.21 09:12:20.791,0.97388,0.97406,1.50,1.50
2012.02.21 09:12:21.124,0.97386,0.97402,1.50,1.50
2012.02.21 09:12:21.561,0.97386,0.97404,1.50,1.50
2012.02.21 09:12:22.194,0.97386,0.97404,1.50,3.38
2012.02.21 09:12:23.208,0.97386,0.97402,1.50,1.50
2012.02.21 09:12:23.276,0.97383,0.97401,1.50,1.50
2012.02.21 09:12:23.935,0.97384,0.97401,1.50,1.50
2012.02.21 09:12:24.196,0.97383,0.97399,1.50,1.50
2012.02.21 09:12:24.794,0.97381,0.97397,1.50,1.50
2012.02.21 09:12:25.102,0.97378,0.97395,1.50,1.50
2012.02.21 09:12:26.017,0.97377,0.97394,3.60,1.50
2012.02.21 09:12:26.081,0.97379,0.97394,1.50,1.50
2012.02.21 09:12:26.153,0.9738,0.97396,1.50,1.88
2012.02.21 09:12:26.283,0.97378,0.97395,1.50,1.50
2012.02.21 09:12:26.912,0.97378,0.97394,1.50,1.50
2012.02.21 09:12:27.470,0.97379,0.97394,1.50,1.50
2012.02.21 09:12:28.595,0.97376,0.97392,1.50,1.50
2012.02.21 09:12:29.140,0.97375,0.97391,1.50,1.50
2012.02.21 09:12:29.394,0.9738,0.97396,1.50,1.88
2012.02.21 09:12:29.460,0.9738,0.97396,1.50,1.50
2012.02.21 09:12:30.301,0.97378,0.97396,1.50,1.50
2012.02.21 09:12:31.439,0.97387,0.97403,1.50,1.50
2012.02.21 09:12:31.670,0.97385,0.97403,1.50,1.50
2012.02.21 09:12:34.315,0.97384,0.974,1.50,1.50
2012.02.21 09:12:34.514,0.97386,0.97404,1.50,1.88
2012.02.21 09:12:34.721,0.97384,0.97402,1.50,1.50
2012.02.21 09:12:35.134,0.97383,0.97399,1.50,1.50
2012.02.21 09:12:36.236,0.97382,0.97398,1.50,1.50
2012.02.21 09:12:36.430,0.97379,0.97397,1.50,1.50
2012.02.21 09:12:36.560,0.97377,0.97395,1.50,1.50
2012.02.21 09:12:36.915,0.97377,0.97392,1.50,1.50
2012.02.21 09:12:37.404,0.97377,0.97395,1.50,1.50
2012.02.21 09:12:38.120,0.97382,0.97397,1.50,1.50
2012.02.21 09:12:38.198,0.97379,0.97397,3.00,1.50
2012.02.21 09:12:38.320,0.97381,0.97398,1.50,1.50
2012.02.21 09:12:39.442,0.97382,0.97397,1.50,1.50
2012.02.21 09:12:39.762,0.97377,0.97393,1.50,1.50
2012.02.21 09:12:40.439,0.97378,0.97394,1.50,1.50
2012.02.21 09:12:40.975,0.97378,0.97395,1.50,1.50
2012.02.21 09:12:41.046,0.97376,0.97393,1.88,1.50
2012.02.21 09:12:41.546,0.97375,0.97391,3.55,1.50
2012.02.21 09:12:41.617,0.97377,0.97394,1.88,1.50
2012.02.21 09:12:42.388,0.97375,0.97393,2.05,1.50
2012.02.21 09:12:42.468,0.97378,0.97395,1.50,1.50
2012.02.21 09:12:42.768,0.97377,0.97392,3.00,1.50
2012.02.21 09:12:43.330,0.97377,0.97394,1.50,1.50
2012.02.21 09:12:43.582,0.9738,0.97396,1.50,1.50
2012.02.21 09:12:43.650,0.97381,0.97399,1.50,1.50
2012.02.21 09:12:43.784,0.9738,0.97396,3.00,1.50
2012.02.21 09:12:44.402,0.97379,0.9739,1.50,1.50
2012.02.21 09:12:44.535,0.97376,0.9739,1.50,1.50
2012.02.21 09:12:44.600,0.9738,0.97398,1.50,3.00
2012.02.21 09:12:44.671,0.97376,0.9739,1.50,1.50
2012.02.21 09:12:44.740,0.97374,0.9739,1.50,1.50
2012.02.21 09:12:45.142,0.97379,0.97392,1.50,1.50
2012.02.21 09:12:45.213,0.97379,0.97394,1.50,1.50
2012.02.21 09:12:45.591,0.97376,0.97391,1.50,1.50
2012.02.21 09:12:46.376,0.97378,0.97394,1.50,1.50
2012.02.21 09:12:46.892,0.97377,0.97394,1.50,1.50
2012.02.21 09:12:47.418,0.97376,0.97394,1.50,1.50
2012.02.21 09:12:47.480,0.97376,0.97392,1.50,1.50
2012.02.21 09:12:48.170,0.97377,0.97395,1.50,1.50
2012.02.21 09:12:49.134,0.97376,0.97394,1.50,1.50
2012.02.21 09:12:50.115,0.97378,0.97396,1.50,1.50
2012.02.21 09:12:50.949,0.97381,0.97397,1.50,1.50
2012.02.21 09:12:51.463,0.97379,0.97395,1.50,1.50
2012.02.21 09:12:51.733,0.97379,0.97397,1.50,1.50
2012.02.21 09:12:52.181,0.97378,0.97393,1.50,1.50
2012.02.21 09:12:53.264,0.97378,0.97394,1.50,1.50
2012.02.21 09:12:53.911,0.97379,0.97397,1.50,1.50
2012.02.21 09:12:54.729,0.97378,0.97396,1.50,1.50
2012.02.21 09:12:54.802,0.97379,0.97394,1.50,1.50
2012.02.21 09:12:55.660,0.97377,0.97395,1.50,1.50
2012.02.21 09:12:56.837,0.97378,0.97396,1.50,1.88
2012.02.21 09:12:56.911,0.97376,0.97392,1.50,2.10
2012.02.21 09:12:57.261,0.97381,0.97397,1.50,1.13
2012.02.21 09:12:57.337,0.97378,0.97393,1.50,1.50
2012.02.21 09:12:57.405,0.97375,0.97391,1.50,1.50
2012.02.21 09:12:58.346,0.97379,0.97393,1.50,3.98
2012.02.21 09:12:58.420,0.97379,0.97397,1.50,1.88
2012.02.21 09:12:59.030,0.97378,0.97394,1.50,1.50
2012.02.21 09:12:59.622,0.97379,0.97394,1.50,1.50
2012.02.21 09:12:59.691,0.97379,0.97397,1.50,1.88
2012.02.21 09:12:59.972,0.97383,0.97399,1.50,2.25
2012.02.21 09:13:00.688,0.97382,0.974,3.00,2.25
2012.02.21 09:13:00.777,0.97378,0.97395,1.50,1.50
2012.02.21 09:13:01.322,0.97379,0.97396,1.50,1.50
2012.02.21 09:13:01.634,0.97379,0.97393,1.50,1.50
2012.02.21 09:13:02.318,0.97381,0.97398,1.50,1.50
2012.02.21 09:13:02.882,0.97382,0.97398,1.50,1.50
2012.02.21 09:13:03.150,0.97378,0.97396,1.50,1.50
2012.02.21 09:13:03.525,0.97377,0.97394,1.50,1.50
2012.02.21 09:13:04.460,0.97378,0.97395,1.50,1.50
2012.02.21 09:13:04.710,0.9738,0.97398,1.50,1.50
2012.02.21 09:13:05.222,0.9738,0.97398,1.50,1.88
2012.02.21 09:13:05.532,0.9738,0.97398,1.50,2.25
2012.02.21 09:13:06.355,0.97382,0.97398,1.50,1.50
2012.02.21 09:13:06.430,0.97381,0.97397,1.50,1.50
2012.02.21 09:13:06.571,0.97381,0.97399,1.50,1.50
2012.02.21 09:13:06.882,0.97381,0.97397,1.50,1.50
2012.02.21 09:13:07.134,0.97378,0.97396,1.50,1.50
2012.02.21 09:13:07.263,0.97378,0.97394,1.50,1.50
2012.02.21 09:13:07.627,0.97381,0.97396,1.50,1.50
2012.02.21 09:13:08.364,0.97388,0.97403,1.50,1.88
2012.02.21 09:13:08.574,0.97386,0.97403,1.50,1.88
2012.02.21 09:13:08.706,0.97383,0.97399,1.50,1.50
2012.02.21 09:13:08.954,0.97384,0.97402,1.50,1.50
2012.02.21 09:13:09.204,0.97384,0.974,1.50,1.88
2012.02.21 09:13:10.831,0.97373,0.9739,1.30,1.88
2012.02.21 09:13:10.923,0.97375,0.9739,1.50,1.88
2012.02.21 09:13:11.024,0.97377,0.97395,1.50,2.25
2012.02.21 09:13:11.560,0.97376,0.97392,1.50,1.88
2012.02.21 09:13:12.449,0.97377,0.97393,1.50,1.50
2012.02.21 09:13:12.962,0.97378,0.97396,1.50,1.50
2012.02.21 09:13:13.038,0.97382,0.97398,1.50,1.50
2012.02.21 09:13:13.170,0.97384,0.97401,1.50,1.50
2012.02.21 09:13:13.894,0.9738,0.97398,1.50,1.50
2012.02.21 09:13:14.024,0.97383,0.97401,1.50,1.50
2012.02.21 09:13:14.489,0.97383,0.974,1.50,1.50
2012.02.21 09:13:14.977,0.97386,0.97402,1.50,1.50
2012.02.21 09:13:15.647,0.97386,0.97401,1.50,1.50
2012.02.21 09:13:16.192,0.97385,0.97402,2.25,1.50
2012.02.21 09:13:16.510,0.97385,0.97402,1.50,1.50
2012.02.21 09:13:16.582,0.97387,0.97402,1.50,1.50
2012.02.21 09:13:16.892,0.97389,0.97405,1.50,1.88
2012.02.21 09:13:17.682,0.9739,0.97406,1.50,2.25
2012.02.21 09:13:18.190,0.97389,0.97406,1.50,2.25
2012.02.21 09:13:18.261,0.97387,0.97404,1.50,1.50
2012.02.21 09:13:18.339,0.97389,0.97404,1.50,1.50
2012.02.21 09:13:18.641,0.97392,0.97406,1.50,1.88
2012.02.21 09:13:19.381,0.97395,0.97408,1.50,1.88
2012.02.21 09:13:19.498,0.97396,0.97414,1.50,1.50
2012.02.21 09:13:19.573,0.97396,0.97411,1.50,1.50
2012.02.21 09:13:19.966,0.97398,0.97411,1.50,1.50
2012.02.21 09:13:20.032,0.974,0.97418,1.50,1.50
2012.02.21 09:13:20.976,0.97401,0.97417,1.50,1.50
2012.02.21 09:13:21.055,0.97396,0.97414,1.50,1.88
2012.02.21 09:13:21.241,0.97399,0.97415,1.50,1.88
2012.02.21 09:13:21.432,0.97399,0.97417,1.50,2.25
2012.02.21 09:13:21.568,0.97401,0.97419,1.50,1.50
2012.02.21 09:13:21.801,0.97403,0.97418,1.50,1.50
2012.02.21 09:13:22.825,0.97401,0.97416,1.50,1.50
2012.02.21 09:13:23.091,0.97395,0.97411,1.50,1.50
2012.02.21 09:13:23.345,0.97398,0.97414,1.50,3.00
2012.02.21 09:13:23.653,0.97397,0.97412,1.50,1.50
2012.02.21 09:13:24.676,0.97394,0.97412,1.50,1.50
2012.02.21 09:13:25.102,0.97394,0.97409,1.50,1.50
2012.02.21 09:13:25.561,0.97392,0.97408,2.25,1.50
2012.02.21 09:13:25.629,0.97392,0.9741,2.25,1.50
2012.02.21 09:13:25.901,0.97394,0.9741,1.50,1.50
2012.02.21 09:13:26.702,0.97394,0.97411,1.50,1.50
2012.02.21 09:13:27.027,0.97394,0.97409,1.50,3.00
2012.02.21 09:13:27.095,0.9739,0.97408,1.50,1.50
2012.02.21 09:13:27.223,0.97392,0.97408,1.50,1.50
2012.02.21 09:13:27.761,0.97393,0.97409,1.50,1.88
2012.02.21 09:13:28.618,0.97392,0.9741,1.50,1.88
2012.02.21 09:13:29.315,0.97393,0.97411,1.50,3.38
2012.02.21 09:13:29.443,0.97393,0.97411,1.50,1.88
2012.02.21 09:13:29.772,0.97393,0.97409,1.50,1.50
2012.02.21 09:13:30.554,0.9739,0.97408,1.50,1.50
2012.02.21 09:13:30.651,0.97389,0.97405,1.50,1.50
2012.02.21 09:13:30.901,0.9739,0.97408,1.50,1.50
2012.02.21 09:13:31.286,0.97392,0.97408,1.50,1.50
2012.02.21 09:13:32.434,0.97397,0.97411,1.50,1.50
2012.02.21 09:13:32.510,0.97397,0.97413,1.50,1.50
2012.02.21 09:13:32.952,0.97398,0.97416,1.50,1.50
2012.02.21 09:13:33.140,0.97395,0.97413,1.50,1.50
2012.02.21 09:13:33.479,0.97394,0.97409,2.10,1.50
2012.02.21 09:13:34.273,0.97398,0.97416,1.50,1.50
2012.02.21 09:13:34.589,0.974,0.97416,1.50,1.50
2012.02.21 09:13:34.904,0.97399,0.97415,1.50,1.88
2012.02.21 09:13:34.972,0.97399,0.97415,1.50,1.50
2012.02.21 09:13:35.047,0.97397,0.97409,1.50,1.50
2012.02.21 09:13:35.116,0.97393,0.97409,1.50,1.50
2012.02.21 09:13:35.364,0.97395,0.97412,1.50,1.50
2012.02.21 09:13:36.022,0.97396,0.97412,3.00,1.50
2012.02.21 09:13:36.531,0.97395,0.97413,1.50,1.50
2012.02.21 09:13:37.094,0.97395,0.97412,1.50,1.50
2012.02.21 09:13:37.856,0.97394,0.97412,1.50,1.50
2012.02.21 09:13:38.454,0.97397,0.97413,1.50,3.00
2012.02.21 09:13:38.764,0.97392,0.9741,1.50,1.50
2012.02.21 09:13:39.420,0.97392,0.97409,1.50,1.50
2012.02.21 09:13:40.060,0.97393,0.97411,1.50,1.50
2012.02.21 09:13:40.139,0.97391,0.97409,1.50,1.50
2012.02.21 09:13:40.471,0.97388,0.97405,1.50,1.88
2012.02.21 09:13:40.785,0.97385,0.97401,1.50,1.50
2012.02.21 09:13:41.617,0.97386,0.974,1.50,1.50
2012.02.21 09:13:41.703,0.97387,0.97405,1.50,1.50
2012.02.21 09:13:41.902,0.97386,0.97402,1.50,1.50
2012.02.21 09:13:42.284,0.97384,0.974,1.50,1.50
2012.02.21 09:13:42.813,0.97384,0.97402,1.50,1.88
2012.02.21 09:13:43.597,0.9739,0.97406,1.50,1.50
2012.02.21 09:13:44.125,0.97391,0.97408,1.50,1.88
2012.02.21 09:13:44.442,0.9739,0.97406,1.50,1.88
2012.02.21 09:13:45.480,0.97392,0.97407,3.00,1.13
2012.02.21 09:13:45.743,0.9739,0.97406,3.00,2.63
2012.02.21 09:13:46.330,0.9739,0.97406,1.50,2.25
2012.02.21 09:13:46.803,0.97391,0.97409,1.50,1.50
2012.02.21 09:13:47.594,0.97392,0.97408,1.50,1.50
2012.02.21 09:13:47.670,0.97392,0.9741,1.50,1.88
2012.02.21 09:13:48.103,0.9739,0.97406,1.50,1.50
2012.02.21 09:13:48.521,0.97396,0.97412,1.50,1.50
2012.02.21 09:13:48.986,0.97398,0.97414,1.50,1.50
2012.02.21 09:13:49.310,0.974,0.97415,1.50,1.88
2012.02.21 09:13:50.565,0.974,0.97415,1.50,2.25
2012.02.21 09:13:50.636,0.97398,0.97416,1.50,2.63
2012.02.21 09:13:50.821,0.97396,0.97412,1.50,1.88
2012.02.21 09:13:51.056,0.97394,0.97412,3.00,1.88
2012.02.21 09:13:51.241,0.97392,0.9741,3.00,1.50
2012.02.21 09:13:51.310,0.97392,0.97408,3.00,1.50
2012.02.21 09:13:51.440,0.97393,0.97411,1.50,1.88
2012.02.21 09:13:52.149,0.9739,0.97406,3.00,1.50
2012.02.21 09:13:52.464,0.97389,0.97405,1.50,1.88
2012.02.21 09:13:52.735,0.97392,0.9741,1.50,1.50
2012.02.21 09:13:52.923,0.97395,0.97411,1.50,1.88
2012.02.21 09:13:53.721,0.9739,0.97406,3.00,1.50
2012.02.21 09:13:54.182,0.97388,0.97406,1.50,1.50
2012.02.21 09:13:54.372,0.97387,0.97404,1.50,1.50
2012.02.21 09:13:54.843,0.9739,0.97405,1.50,1.50
2012.02.21 09:13:55.830,0.9739,0.97407,1.50,1.50
2012.02.21 09:13:56.024,0.97395,0.97411,1.50,2.63
2012.02.21 09:13:56.575,0.97395,0.97411,1.50,1.88
2012.02.21 09:13:56.881,0.97393,0.9741,1.50,1.88
2012.02.21 09:13:57.407,0.97392,0.9741,3.00,1.88
2012.02.21 09:13:58.060,0.97395,0.97411,1.50,1.88
2012.02.21 09:13:58.139,0.97389,0.97406,1.50,1.50
2012.02.21 09:13:58.480,0.9739,0.97408,1.50,1.88
2012.02.21 09:13:58.553,0.97393,0.97409,1.50,1.88
2012.02.21 09:13:58.991,0.97395,0.97413,1.50,2.63
2012.02.21 09:13:59.182,0.97394,0.97412,1.50,1.88
2012.02.21 09:13:59.725,0.97395,0.97411,1.50,1.88
2012.02.21 09:13:59.794,0.97398,0.97413,1.50,2.25
2012.02.21 09:14:00.422,0.97398,0.97413,1.50,1.50
2012.02.21 09:14:00.495,0.974,0.97416,1.50,1.50
2012.02.21 09:14:00.682,0.97399,0.97414,1.50,1.50
2012.02.21 09:14:01.190,0.97398,0.97413,1.50,1.50
2012.02.21 09:14:01.903,0.974,0.97416,1.50,1.88
2012.02.21 09:14:02.097,0.97398,0.97416,1.50,1.88
2012.02.21 09:14:03.477,0.97399,0.97417,1.50,1.50
2012.02.21 09:14:03.551,0.97402,0.97418,1.50,1.50
2012.02.21 09:14:03.744,0.974,0.97418,1.50,1.50
2012.02.21 09:14:03.812,0.97401,0.97416,1.50,1.50
2012.02.21 09:14:04.512,0.97398,0.97416,3.60,1.50
2012.02.21 09:14:04.582,0.974,0.97415,1.50,1.50
2012.02.21 09:14:05.268,0.97401,0.97416,1.50,1.50
2012.02.21 09:14:05.594,0.97403,0.97419,1.50,1.88
2012.02.21 09:14:06.163,0.97403,0.97419,1.50,1.88
2012.02.21 09:14:06.620,0.97401,0.97416,1.50,1.50
2012.02.21 09:14:07.280,0.97404,0.9742,1.50,1.50
2012.02.21 09:14:07.351,0.97404,0.97422,1.50,1.50
2012.02.21 09:14:07.422,0.97403,0.97419,3.00,1.50
2012.02.21 09:14:07.629,0.97403,0.97421,1.50,1.50
2012.02.21 09:14:08.654,0.97403,0.97419,1.50,1.50
2012.02.21 09:14:08.976,0.97401,0.97417,1.50,1.50
2012.02.21 09:14:09.879,0.97404,0.97421,1.50,1.50
2012.02.21 09:14:10.035,0.97404,0.97421,1.50,2.25
2012.02.21 09:14:10.174,0.97396,0.97416,1.50,1.88
2012.02.21 09:14:10.245,0.97392,0.97415,1.50,1.50
2012.02.21 09:14:10.595,0.97394,0.97417,1.50,1.88
2012.02.21 09:14:11.388,0.97392,0.97415,1.50,1.50
2012.02.21 09:14:11.457,0.97397,0.97419,1.50,1.88
2012.02.21 09:14:11.859,0.97395,0.97417,1.50,1.50
2012.02.21 09:14:12.171,0.97397,0.97419,1.50,1.88
2012.02.21 09:14:12.482,0.974,0.97422,1.50,4.73
2012.02.21 09:14:13.271,0.97403,0.97422,1.50,2.85
2012.02.21 09:14:13.340,0.97405,0.97421,1.50,1.50
2012.02.21 09:14:13.897,0.97404,0.97422,1.50,1.50
2012.02.21 09:14:14.352,0.97402,0.9742,1.50,1.50
2012.02.21 09:14:14.698,0.97404,0.97422,1.50,1.50
2012.02.21 09:14:15.124,0.97406,0.97422,1.50,1.50
2012.02.21 09:14:15.349,0.97404,0.97422,1.50,1.50
2012.02.21 09:14:15.980,0.97398,0.97416,1.50,1.50
2012.02.21 09:14:16.694,0.97402,0.97418,1.50,1.50
2012.02.21 09:14:17.244,0.97395,0.97413,1.50,1.50
2012.02.21 09:14:17.311,0.97399,0.97415,1.50,3.00
2012.02.21 09:14:17.965,0.97397,0.97419,1.50,1.50
2012.02.21 09:14:18.502,0.97397,0.97419,3.00,2.25
2012.02.21 09:14:18.630,0.97394,0.97416,1.50,1.88
2012.02.21 09:14:18.967,0.97396,0.97417,1.50,1.88
2012.02.21 09:14:19.611,0.97397,0.97417,2.10,1.50
2012.02.21 09:14:19.694,0.97404,0.97423,1.50,2.48
2012.02.21 09:14:20.063,0.97401,0.97422,1.50,1.88
2012.02.21 09:14:20.700,0.97401,0.97421,1.50,2.25
2012.02.21 09:14:21.469,0.97402,0.97422,1.50,4.73
2012.02.21 09:14:21.538,0.97402,0.97421,1.50,1.13
2012.02.21 09:14:22.090,0.97403,0.97422,1.50,2.48
2012.02.21 09:14:22.162,0.97401,0.97422,1.50,2.48
2012.02.21 09:14:22.294,0.97396,0.97422,1.50,2.48
2012.02.21 09:14:22.481,0.97399,0.97422,1.50,2.48
2012.02.21 09:14:22.793,0.97408,0.97428,2.10,1.88
2012.02.21 09:14:23.421,0.97409,0.97437,1.50,1.13
2012.02.21 09:14:24.024,0.97406,0.97434,1.50,1.88
2012.02.21 09:14:24.155,0.97408,0.97437,1.50,2.63
2012.02.21 09:14:24.700,0.97408,0.97434,2.10,1.13
2012.02.21 09:14:25.364,0.97406,0.97433,2.05,2.85
2012.02.21 09:14:25.566,0.97408,0.97437,1.68,1.13
2012.02.21 09:14:25.764,0.97412,0.97432,1.50,1.88
2012.02.21 09:14:26.223,0.97412,0.97432,1.50,4.35
2012.02.21 09:14:26.351,0.97409,0.97427,1.50,1.88
2012.02.21 09:14:26.424,0.97411,0.9743,1.50,3.38
2012.02.21 09:14:27.067,0.97411,0.9743,1.50,2.63
2012.02.21 09:14:27.141,0.97404,0.97424,1.50,1.50
2012.02.21 09:14:27.663,0.97405,0.9742,1.50,1.50
2012.02.21 09:14:27.912,0.97408,0.97425,1.50,1.50
2012.02.21 09:14:28.897,0.97407,0.97425,1.50,1.50
2012.02.21 09:14:30.541,0.97408,0.97425,1.50,1.50
2012.02.21 09:14:30.733,0.9741,0.97426,1.50,1.50
2012.02.21 09:14:30.941,0.97415,0.97432,1.50,1.50
2012.02.21 09:14:31.681,0.97413,0.9743,1.50,1.50
2012.02.21 09:14:32.113,0.97416,0.97431,1.50,1.50
2012.02.21 09:14:32.633,0.97415,0.97432,1.50,1.50
2012.02.21 09:14:33.254,0.97416,0.97433,1.50,1.50
2012.02.21 09:14:33.860,0.97417,0.97433,1.50,1.50
2012.02.21 09:14:35.523,0.97415,0.97431,1.50,1.50
2012.02.21 09:14:35.686,0.97416,0.97433,1.50,1.50
2012.02.21 09:14:36.191,0.97416,0.97434,1.50,1.50
2012.02.21 09:14:36.268,0.97416,0.97431,1.50,1.50
2012.02.21 09:14:37.170,0.97417,0.97435,1.50,1.50
2012.02.21 09:14:37.855,0.97417,0.97435,1.88,1.50
2012.02.21 09:14:37.923,0.9742,0.97436,1.50,1.50
2012.02.21 09:14:38.574,0.97416,0.97432,2.05,3.00
2012.02.21 09:14:38.883,0.97416,0.9743,2.05,1.50
2012.02.21 09:14:39.403,0.97413,0.97429,2.43,1.50
2012.02.21 09:14:39.683,0.97415,0.97432,2.05,1.50
2012.02.21 09:14:40.234,0.97415,0.97433,2.05,1.50
2012.02.21 09:14:40.313,0.97413,0.97431,2.43,1.50
2012.02.21 09:14:40.851,0.97416,0.97432,1.50,1.50
2012.02.21 09:14:41.081,0.97413,0.97431,2.43,1.50
2012.02.21 09:14:41.803,0.97413,0.97429,2.43,1.50
2012.02.21 09:14:42.366,0.97413,0.97429,1.50,1.50
2012.02.21 09:14:42.893,0.97411,0.97425,2.05,1.50
2012.02.21 09:14:43.023,0.97409,0.97425,1.88,1.50
2012.02.21 09:14:44.278,0.97409,0.97427,1.50,1.50
2012.02.21 09:14:45.048,0.97409,0.97425,1.50,1.50
2012.02.21 09:14:45.362,0.9741,0.97425,1.13,1.50
2012.02.21 09:14:45.434,0.97411,0.97427,2.25,1.50
2012.02.21 09:14:45.504,0.97414,0.97432,1.88,1.50
2012.02.21 09:14:46.184,0.97416,0.97432,1.50,1.50
2012.02.21 09:14:46.854,0.97414,0.97432,2.25,1.50
2012.02.21 09:14:47.704,0.97414,0.9743,2.05,1.50
2012.02.21 09:14:48.170,0.97415,0.97433,1.88,1.50
2012.02.21 09:14:48.792,0.97417,0.97434,1.50,1.50
2012.02.21 09:14:49.223,0.97414,0.97432,2.05,1.50
2012.02.21 09:14:50.023,0.97405,0.97423,2.05,1.50
2012.02.21 09:14:50.335,0.97408,0.97424,1.50,1.50
2012.02.21 09:14:50.930,0.9741,0.97426,1.50,1.50
2012.02.21 09:14:51.143,0.97408,0.97426,1.50,1.50
2012.02.21 09:14:51.291,0.97406,0.97424,1.50,1.50
2012.02.21 09:14:52.085,0.97406,0.97423,1.50,1.50
2012.02.21 09:14:52.428,0.97408,0.97425,1.50,2.25
2012.02.21 09:14:52.734,0.97404,0.9742,1.50,1.50
2012.02.21 09:14:53.779,0.97406,0.97421,1.50,1.50
2012.02.21 09:14:53.975,0.97409,0.97425,1.50,1.88
2012.02.21 09:14:54.421,0.97407,0.97423,1.50,1.50
2012.02.21 09:14:54.491,0.97405,0.97423,1.50,1.50
2012.02.21 09:14:54.564,0.97405,0.9742,1.50,1.50
2012.02.21 09:14:55.450,0.97404,0.97422,1.50,1.50
2012.02.21 09:14:55.596,0.97406,0.97421,1.50,1.50
2012.02.21 09:14:55.724,0.97402,0.97419,1.50,1.50
2012.02.21 09:14:56.285,0.97403,0.9742,1.50,1.88
2012.02.21 09:14:57.068,0.97412,0.97426,1.50,1.13
2012.02.21 09:14:57.602,0.97411,0.97429,1.50,2.25
2012.02.21 09:14:57.672,0.97413,0.97428,1.50,1.50
2012.02.21 09:14:57.863,0.97411,0.97428,1.50,1.50
2012.02.21 09:14:58.053,0.9741,0.97425,1.50,1.50
2012.02.21 09:14:58.122,0.97411,0.97427,1.50,1.50
2012.02.21 09:14:58.810,0.97412,0.97428,1.50,1.50
2012.02.21 09:14:58.961,0.97414,0.9743,1.50,3.00
2012.02.21 09:14:59.483,0.97414,0.97429,1.50,1.50
2012.02.21 09:14:59.791,0.97418,0.97434,1.50,2.25
2012.02.21 09:15:00.102,0.97414,0.97432,1.50,1.50
2012.02.21 09:15:00.649,0.97413,0.97429,1.50,1.50
2012.02.21 09:15:00.728,0.97411,0.97429,1.50,1.50
2012.02.21 09:15:00.917,0.9741,0.97426,1.50,1.50
2012.02.21 09:15:00.986,0.97411,0.97429,1.50,3.00
2012.02.21 09:15:01.056,0.97413,0.97429,1.50,1.50
2012.02.21 09:15:01.554,0.97412,0.97427,1.50,1.50
2012.02.21 09:15:02.358,0.97413,0.97431,1.50,2.63
2012.02.21 09:15:02.663,0.97408,0.97423,1.50,1.88
2012.02.21 09:15:03.099,0.97409,0.97426,3.00,1.50
2012.02.21 09:15:03.231,0.97412,0.97428,1.50,1.50
2012.02.21 09:15:03.301,0.97412,0.9743,1.50,3.00
2012.02.21 09:15:03.374,0.97414,0.9743,1.50,1.50
2012.02.21 09:15:03.774,0.97412,0.97427,1.50,1.50
2012.02.21 09:15:04.353,0.97409,0.97427,1.50,1.50
2012.02.21 09:15:04.429,0.97409,0.97426,1.50,1.50
2012.02.21 09:15:04.628,0.97407,0.97422,1.50,1.50
2012.02.21 09:15:04.757,0.97408,0.97425,1.50,1.50
2012.02.21 09:15:05.004,0.97406,0.97424,1.50,1.50
2012.02.21 09:15:05.431,0.9741,0.97426,1.50,1.50
2012.02.21 09:15:06.053,0.97407,0.97423,1.50,1.50
2012.02.21 09:15:06.369,0.97408,0.97426,1.50,3.38
2012.02.21 09:15:06.851,0.97411,0.97427,1.50,3.38
2012.02.21 09:15:07.242,0.97409,0.97425,1.50,1.50
2012.02.21 09:15:07.660,0.97413,0.97428,1.50,1.88
2012.02.21 09:15:08.314,0.97413,0.97429,1.50,1.50
2012.02.21 09:15:08.827,0.97412,0.97428,1.50,2.25
2012.02.21 09:15:08.952,0.97409,0.97427,1.50,1.50
2012.02.21 09:15:09.083,0.97407,0.97424,1.50,1.50
2012.02.21 09:15:09.453,0.97407,0.97422,1.50,1.50
2012.02.21 09:15:09.580,0.97407,0.97424,1.50,1.50
2012.02.21 09:15:10.508,0.97408,0.97424,1.50,1.50
2012.02.21 09:15:10.935,0.97409,0.97426,1.50,1.50
2012.02.21 09:15:11.145,0.97408,0.97424,1.50,1.50
2012.02.21 09:15:11.521,0.97411,0.97426,1.50,1.50
2012.02.21 09:15:12.387,0.97411,0.97429,1.50,1.50
2012.02.21 09:15:12.514,0.97413,0.97429,1.50,1.50
2012.02.21 09:15:13.063,0.97414,0.97432,1.50,1.50
2012.02.21 09:15:13.490,0.97416,0.97431,1.50,1.50
2012.02.21 09:15:13.722,0.97417,0.97433,1.50,1.50
2012.02.21 09:15:14.285,0.97416,0.97434,1.50,3.00
2012.02.21 09:15:14.359,0.97423,0.97439,1.50,1.50
2012.02.21 09:15:14.671,0.97416,0.97432,1.50,1.50
2012.02.21 09:15:16.095,0.97419,0.97432,1.50,1.50
2012.02.21 09:15:16.254,0.97419,0.97435,1.50,1.50
2012.02.21 09:15:16.693,0.97418,0.97434,1.50,1.50
2012.02.21 09:15:17.698,0.97419,0.97435,1.50,1.50
2012.02.21 09:15:17.778,0.97417,0.97435,1.50,1.50
2012.02.21 09:15:18.308,0.97418,0.97434,1.50,1.50
2012.02.21 09:15:18.383,0.97418,0.97436,1.50,1.50
2012.02.21 09:15:18.570,0.97416,0.97433,1.88,1.50
2012.02.21 09:15:19.479,0.97419,0.97434,1.50,3.00
2012.02.21 09:15:19.558,0.97421,0.97437,1.50,1.50
2012.02.21 09:15:19.913,0.97423,0.9744,1.50,1.50
2012.02.21 09:15:20.055,0.9742,0.97438,1.50,1.50
2012.02.21 09:15:20.304,0.97423,0.97439,1.50,1.50
2012.02.21 09:15:20.371,0.97423,0.97441,1.50,1.50
2012.02.21 09:15:21.408,0.97422,0.97438,1.50,1.50
2012.02.21 09:15:21.793,0.97422,0.9744,1.50,1.50
2012.02.21 09:15:22.179,0.97424,0.9744,1.50,1.50
2012.02.21 09:15:22.381,0.97425,0.97443,3.00,1.88
2012.02.21 09:15:22.770,0.97425,0.97441,1.50,1.50
2012.02.21 09:15:23.550,0.97427,0.97443,1.50,1.50
2012.02.21 09:15:23.740,0.97428,0.97446,1.50,3.00
2012.02.21 09:15:23.813,0.97428,0.97444,1.50,1.50
2012.02.21 09:15:24.422,0.97426,0.97444,1.50,1.50
2012.02.21 09:15:24.962,0.97425,0.97441,1.50,1.50
2012.02.21 09:15:25.591,0.97425,0.9744,1.50,1.50
2012.02.21 09:15:25.667,0.97421,0.97437,1.50,1.50
2012.02.21 09:15:26.055,0.97421,0.97439,1.50,1.50
2012.02.21 09:15:26.300,0.97423,0.97438,1.50,1.50
2012.02.21 09:15:26.652,0.97421,0.97439,1.50,1.88
2012.02.21 09:15:27.440,0.97427,0.97443,1.50,1.50
2012.02.21 09:15:27.994,0.9743,0.97446,1.50,1.50
2012.02.21 09:15:28.562,0.97427,0.97445,3.00,1.50
2012.02.21 09:15:28.632,0.9743,0.97446,1.50,1.50
2012.02.21 09:15:29.413,0.97427,0.97444,1.50,1.50
2012.02.21 09:15:29.539,0.97429,0.97447,1.50,1.50
2012.02.21 09:15:29.638,0.97427,0.97444,3.00,1.50
2012.02.21 09:15:30.121,0.97429,0.97445,1.50,1.50
2012.02.21 09:15:30.415,0.97427,0.97445,1.50,1.50
2012.02.21 09:15:30.544,0.97429,0.97445,1.50,1.50
2012.02.21 09:15:30.746,0.97426,0.97444,1.50,1.50
2012.02.21 09:15:31.359,0.97428,0.97446,1.50,3.00
2012.02.21 09:15:31.675,0.97429,0.97444,1.50,1.88
2012.02.21 09:15:31.744,0.97427,0.97443,1.50,1.50
2012.02.21 09:15:31.992,0.9743,0.97446,1.50,1.88
2012.02.21 09:15:32.063,0.97428,0.97444,1.50,1.88
2012.02.21 09:15:32.253,0.97429,0.97447,1.50,1.88
2012.02.21 09:15:32.322,0.97432,0.97448,1.50,1.88
2012.02.21 09:15:32.630,0.9743,0.97446,1.50,1.50
2012.02.21 09:15:33.229,0.97429,0.97445,1.50,1.88
2012.02.21 09:15:34.060,0.97428,0.97446,1.50,1.88
2012.02.21 09:15:34.131,0.97428,0.97446,1.50,1.50
2012.02.21 09:15:34.207,0.97427,0.97443,1.50,1.50
2012.02.21 09:15:34.453,0.97427,0.97445,1.50,1.50
2012.02.21 09:15:34.581,0.97429,0.97446,1.50,1.50
2012.02.21 09:15:35.196,0.9743,0.97448,1.50,3.00
2012.02.21 09:15:36.411,0.97429,0.97447,1.50,1.50
2012.02.21 09:15:37.359,0.9743,0.97448,1.50,1.50
2012.02.21 09:15:37.876,0.9743,0.97447,1.50,1.88
2012.02.21 09:15:37.972,0.97429,0.97445,1.50,1.50
2012.02.21 09:15:38.479,0.9743,0.97446,1.50,1.50
2012.02.21 09:15:39.461,0.97431,0.97449,1.50,3.75
2012.02.21 09:15:40.983,0.97431,0.97449,1.50,1.88
2012.02.21 09:15:42.801,0.9743,0.97446,1.50,1.50
2012.02.21 09:15:43.028,0.97432,0.97449,1.50,1.50
2012.02.21 09:15:43.406,0.97431,0.97446,1.50,1.50
2012.02.21 09:15:43.530,0.9743,0.97448,1.50,1.50
2012.02.21 09:15:44.344,0.97429,0.97447,1.50,1.50
2012.02.21 09:15:44.843,0.97427,0.97443,3.00,1.50
2012.02.21 09:15:46.233,0.97428,0.97443,1.50,1.50
2012.02.21 09:15:46.309,0.97428,0.97446,1.50,1.50
2012.02.21 09:15:46.386,0.9743,0.97447,1.50,1.50
2012.02.21 09:15:46.696,0.97433,0.97449,1.50,1.88
2012.02.21 09:15:47.044,0.97433,0.97451,1.50,1.88
2012.02.21 09:15:47.174,0.97431,0.97448,1.50,1.50
2012.02.21 09:15:48.172,0.97428,0.97446,1.50,1.50
2012.02.21 09:15:48.249,0.97432,0.97448,1.50,1.50
2012.02.21 09:15:48.318,0.9743,0.97448,1.50,1.50
2012.02.21 09:15:48.443,0.97432,0.97448,1.50,1.50
2012.02.21 09:15:48.513,0.97432,0.9745,1.50,1.50
2012.02.21 09:15:48.643,0.97435,0.9745,1.50,1.50
2012.02.21 09:15:48.893,0.97436,0.97452,1.50,3.00
2012.02.21 09:15:48.968,0.97437,0.97455,1.50,1.50
2012.02.21 09:15:49.372,0.9744,0.97456,1.50,3.00
2012.02.21 09:15:49.985,0.97438,0.97456,1.50,1.50
2012.02.21 09:15:50.185,0.97441,0.97458,1.50,1.50
2012.02.21 09:15:50.490,0.97445,0.97463,1.50,1.88
2012.02.21 09:15:50.619,0.97447,0.97465,1.50,1.50
2012.02.21 09:15:51.092,0.97449,0.97467,1.50,3.00
2012.02.21 09:15:51.824,0.9745,0.97466,1.50,1.50
2012.02.21 09:15:52.380,0.97451,0.97467,1.50,1.50
2012.02.21 09:15:52.454,0.97449,0.97467,1.50,1.50
2012.02.21 09:15:53.003,0.9745,0.97466,1.50,1.50
2012.02.21 09:15:53.910,0.97449,0.97467,1.50,1.50
2012.02.21 09:15:53.988,0.97452,0.97468,1.50,1.50
2012.02.21 09:15:54.229,0.97452,0.9747,1.50,1.50
2012.02.21 09:15:54.300,0.97452,0.97468,1.50,1.50
2012.02.21 09:15:54.759,0.97449,0.97467,1.50,1.50
2012.02.21 09:15:55.315,0.97452,0.97468,1.50,1.50
2012.02.21 09:15:56.120,0.97451,0.97469,1.50,1.50
2012.02.21 09:15:56.442,0.97453,0.97471,1.50,3.00
2012.02.21 09:15:56.758,0.9745,0.97466,1.50,1.88
2012.02.21 09:15:57.061,0.97443,0.9746,1.50,1.50
2012.02.21 09:15:57.136,0.97445,0.9746,1.50,1.50
2012.02.21 09:15:57.899,0.97447,0.97465,1.50,1.50
2012.02.21 09:15:58.036,0.97444,0.97461,1.50,1.50
2012.02.21 09:15:58.412,0.97442,0.97459,1.50,1.50
2012.02.21 09:15:58.724,0.97446,0.97463,1.50,1.88
2012.02.21 09:15:59.398,0.9744,0.97458,1.50,1.50
2012.02.21 09:15:59.506,0.97438,0.97456,3.60,1.50
2012.02.21 09:15:59.814,0.97445,0.97461,1.50,4.13
2012.02.21 09:15:59.882,0.97443,0.97459,1.50,2.25
2012.02.21 09:15:59.951,0.97443,0.97459,1.50,3.75
2012.02.21 09:16:00.024,0.97439,0.97457,1.50,1.50
2012.02.21 09:16:00.226,0.97437,0.97455,3.00,1.50
2012.02.21 09:16:00.976,0.97436,0.97452,1.50,1.50
2012.02.21 09:16:01.290,0.97438,0.97454,1.50,3.00
2012.02.21 09:16:01.480,0.97439,0.97457,1.50,1.88
2012.02.21 09:16:02.344,0.97439,0.97457,1.50,1.50
2012.02.21 09:16:02.411,0.97438,0.97454,1.50,1.50
2012.02.21 09:16:02.958,0.97437,0.97453,1.50,1.50
2012.02.21 09:16:03.240,0.97439,0.97457,1.50,1.50
2012.02.21 09:16:03.981,0.97443,0.97458,1.50,1.50
2012.02.21 09:16:04.415,0.9744,0.97458,1.50,1.50
2012.02.21 09:16:05.103,0.97445,0.97463,1.50,1.50
2012.02.21 09:16:05.649,0.97446,0.97462,1.50,1.50
2012.02.21 09:16:05.841,0.97444,0.97462,1.50,1.50
2012.02.21 09:16:08.796,0.97445,0.97461,1.50,1.50
2012.02.21 09:16:09.607,0.97444,0.97459,1.50,1.50
2012.02.21 09:16:09.860,0.97444,0.97461,1.50,3.00
2012.02.21 09:16:10.356,0.97446,0.97461,1.50,1.50
2012.02.21 09:16:10.911,0.97447,0.97462,1.50,1.50
2012.02.21 09:16:11.509,0.97445,0.97461,1.50,1.50
2012.02.21 09:16:11.576,0.97445,0.97463,1.50,1.50
2012.02.21 09:16:11.666,0.97445,0.97461,1.50,1.50
2012.02.21 09:16:11.980,0.97442,0.9746,1.50,1.50
2012.02.21 09:16:12.053,0.97444,0.9746,1.50,1.50
2012.02.21 09:16:12.478,0.97444,0.97462,1.50,3.00
2012.02.21 09:16:13.805,0.97446,0.97464,1.50,3.00
2012.02.21 09:16:14.108,0.97444,0.97461,1.50,1.50
2012.02.21 09:16:14.718,0.97445,0.97461,1.50,1.50
2012.02.21 09:16:14.872,0.97442,0.9746,1.50,1.50
2012.02.21 09:16:15.676,0.97445,0.97461,1.50,3.00
2012.02.21 09:16:15.980,0.97443,0.97461,3.00,1.50
2012.02.21 09:16:16.169,0.97446,0.97463,1.50,1.50
2012.02.21 09:16:16.582,0.97444,0.9746,1.50,1.50
2012.02.21 09:16:17.172,0.97445,0.97461,1.50,1.50
2012.02.21 09:16:17.248,0.97446,0.97463,1.50,1.88
2012.02.21 09:16:17.371,0.97448,0.97464,1.50,1.88
2012.02.21 09:16:18.091,0.97445,0.97463,1.50,1.88
2012.02.21 09:16:18.604,0.97444,0.97462,1.50,1.50
2012.02.21 09:16:18.853,0.97447,0.97462,1.50,1.50
2012.02.21 09:16:19.805,0.97446,0.97463,1.50,1.50
2012.02.21 09:16:22.474,0.97447,0.97463,1.50,1.50
2012.02.21 09:16:23.080,0.97448,0.97466,1.50,2.25
2012.02.21 09:16:23.306,0.97442,0.97458,1.50,1.50
2012.02.21 09:16:23.378,0.97442,0.97454,1.50,1.50
2012.02.21 09:16:23.446,0.97436,0.97452,2.25,1.50
2012.02.21 09:16:23.574,0.9744,0.97458,1.50,1.50
2012.02.21 09:16:23.833,0.9744,0.97456,1.50,1.50
2012.02.21 09:16:24.734,0.97439,0.97457,1.50,1.50
2012.02.21 09:16:25.141,0.97443,0.97459,1.50,1.50
2012.02.21 09:16:25.703,0.97443,0.97461,1.50,1.50
2012.02.21 09:16:27.810,0.97442,0.9746,1.50,1.50
2012.02.21 09:16:28.555,0.97443,0.97459,1.50,1.50
2012.02.21 09:16:32.526,0.97441,0.97456,1.50,1.50
2012.02.21 09:16:33.433,0.9744,0.97457,1.50,3.00
2012.02.21 09:16:36.849,0.97443,0.97459,1.50,1.88
2012.02.21 09:16:37.329,0.97444,0.9746,1.50,2.25
2012.02.21 09:16:38.068,0.97443,0.97459,1.50,1.88
2012.02.21 09:16:38.314,0.9744,0.97457,1.50,1.50
2012.02.21 09:16:39.012,0.97442,0.97459,1.50,3.38
2012.02.21 09:16:39.141,0.9744,0.97457,3.00,1.50
2012.02.21 09:16:40.441,0.97441,0.97459,1.50,1.50
2012.02.21 09:16:40.706,0.97439,0.97457,3.00,1.50
2012.02.21 09:16:41.040,0.97439,0.97455,1.50,1.50
2012.02.21 09:16:41.343,0.97449,0.97465,3.00,2.25
2012.02.21 09:16:41.652,0.97449,0.97465,1.50,2.25
2012.02.21 09:16:41.871,0.97448,0.97464,1.50,1.88
2012.02.21 09:16:42.428,0.97444,0.97462,1.50,1.50
2012.02.21 09:16:42.683,0.97445,0.9746,1.50,1.50
2012.02.21 09:16:42.753,0.97442,0.97458,2.25,1.50
2012.02.21 09:16:43.161,0.97442,0.9746,2.25,3.00
2012.02.21 09:16:43.465,0.97441,0.97457,2.25,1.50
2012.02.21 09:16:43.593,0.97443,0.97461,1.50,1.50
2012.02.21 09:16:44.133,0.97443,0.97459,1.50,1.50
2012.02.21 09:16:44.948,0.97434,0.97463,1.13,2.48
2012.02.21 09:16:45.009,0.97431,0.97463,1.68,2.48
2012.02.21 09:16:45.083,0.97441,0.97457,1.50,1.50
2012.02.21 09:16:45.321,0.97442,0.9746,1.50,1.50
2012.02.21 09:16:46.501,0.97444,0.9746,1.50,1.50
2012.02.21 09:16:47.022,0.97439,0.97457,2.05,1.50
2012.02.21 09:16:47.824,0.97442,0.97458,1.50,1.50
2012.02.21 09:16:48.330,0.97444,0.9746,1.50,1.50
2012.02.21 09:16:48.791,0.97442,0.9746,1.50,1.50
2012.02.21 09:16:49.310,0.97441,0.97459,1.50,1.50
2012.02.21 09:16:49.624,0.97441,0.97457,1.50,1.50
2012.02.21 09:16:50.329,0.9744,0.97456,1.50,1.50
2012.02.21 09:16:51.045,0.97445,0.97461,1.50,1.50
2012.02.21 09:16:51.353,0.97441,0.97457,1.50,1.50
2012.02.21 09:16:52.129,0.97444,0.97462,1.50,1.50
2012.02.21 09:16:52.669,0.97447,0.97463,1.50,3.60
2012.02.21 09:16:52.800,0.97441,0.97459,2.25,1.50
2012.02.21 09:16:53.312,0.97444,0.97459,1.50,1.50
2012.02.21 09:16:53.441,0.97446,0.97462,1.50,1.50
2012.02.21 09:16:54.252,0.97445,0.97461,1.50,1.50
2012.02.21 09:16:55.380,0.97444,0.9746,1.50,1.50
2012.02.21 09:16:55.681,0.97442,0.97458,1.50,1.50
2012.02.21 09:16:55.881,0.97444,0.97462,1.50,1.50
2012.02.21 09:16:57.038,0.97442,0.9746,1.50,1.50
2012.02.21 09:16:57.383,0.97444,0.97459,1.50,1.50
2012.02.21 09:16:57.951,0.97445,0.9746,1.50,1.50
2012.02.21 09:16:58.261,0.97443,0.97458,1.50,1.50
2012.02.21 09:17:02.054,0.97445,0.97461,3.00,1.50
2012.02.21 09:17:02.188,0.97446,0.97464,1.50,1.50
2012.02.21 09:17:03.023,0.97447,0.97463,1.50,1.50
2012.02.21 09:17:03.093,0.97444,0.9746,1.50,1.50
2012.02.21 09:17:03.341,0.97448,0.97466,1.50,1.50
2012.02.21 09:17:03.991,0.97449,0.97464,1.50,1.50
2012.02.21 09:17:04.600,0.97444,0.97462,1.50,1.50
2012.02.21 09:17:05.340,0.97447,0.97463,1.50,1.50
2012.02.21 09:17:06.911,0.97448,0.97466,1.50,3.00
2012.02.21 09:17:06.980,0.97447,0.97463,1.50,1.50
2012.02.21 09:17:07.283,0.97449,0.97465,1.50,3.00
2012.02.21 09:17:08.063,0.97447,0.97461,1.50,1.50
2012.02.21 09:17:08.131,0.97445,0.97461,1.88,1.50
2012.02.21 09:17:09.031,0.97445,0.97463,1.50,1.50
2012.02.21 09:17:09.109,0.97444,0.9746,1.50,1.50
2012.02.21 09:17:09.421,0.97442,0.97458,1.50,1.50
2012.02.21 09:17:09.831,0.97444,0.97462,1.50,1.50
2012.02.21 09:17:10.143,0.97446,0.97463,1.50,1.50
2012.02.21 09:17:10.217,0.97447,0.97465,1.50,1.50
2012.02.21 09:17:10.282,0.97447,0.97463,1.50,1.50
2012.02.21 09:17:10.359,0.97443,0.97461,1.50,1.50
2012.02.21 09:17:10.951,0.97452,0.9747,1.50,1.50
2012.02.21 09:17:11.293,0.97453,0.97468,1.50,1.50
2012.02.21 09:17:11.932,0.97454,0.97469,1.50,1.50
2012.02.21 09:17:12.063,0.97455,0.97471,1.50,1.88
2012.02.21 09:17:12.250,0.97452,0.9747,3.00,1.50
2012.02.21 09:17:13.044,0.97451,0.97466,1.50,1.50
2012.02.21 09:17:13.114,0.97456,0.97472,1.50,1.50
2012.02.21 09:17:13.532,0.97454,0.97469,1.50,1.50
2012.02.21 09:17:13.627,0.97452,0.97469,1.50,1.50
2012.02.21 09:17:13.869,0.97454,0.97469,1.50,1.50
2012.02.21 09:17:14.420,0.97453,0.97468,1.50,1.50
2012.02.21 09:17:14.551,0.97451,0.97469,2.25,1.50
2012.02.21 09:17:14.740,0.9745,0.97466,2.63,1.50
2012.02.21 09:17:14.934,0.97453,0.97469,1.50,1.50
2012.02.21 09:17:15.978,0.97453,0.9747,1.50,1.50
2012.02.21 09:17:16.026,0.97451,0.97466,1.50,1.50
2012.02.21 09:17:16.526,0.97449,0.97467,2.25,1.50
2012.02.21 09:17:17.082,0.97451,0.97469,1.50,1.50
2012.02.21 09:17:17.152,0.97451,0.97467,1.50,1.50
2012.02.21 09:17:17.829,0.97455,0.97471,1.50,1.50
2012.02.21 09:17:18.023,0.97452,0.9747,1.50,1.50
2012.02.21 09:17:18.095,0.97452,0.97468,1.50,1.50
2012.02.21 09:17:18.161,0.97449,0.97467,1.68,1.50
2012.02.21 09:17:21.862,0.9745,0.97465,1.50,1.50
2012.02.21 09:17:22.391,0.9745,0.97466,1.50,1.50
2012.02.21 09:17:23.883,0.97452,0.97469,1.50,1.50
2012.02.21 09:17:24.095,0.97452,0.97467,1.50,1.50
2012.02.21 09:17:24.345,0.97449,0.97465,1.50,1.50
2012.02.21 09:17:24.547,0.97453,0.97468,1.50,1.13
2012.02.21 09:17:25.391,0.97453,0.97463,1.50,1.50
2012.02.21 09:17:25.469,0.97445,0.97463,1.50,1.50
2012.02.21 09:17:25.974,0.97446,0.97462,1.50,1.50
2012.02.21 09:17:26.522,0.97445,0.97462,1.50,1.50
2012.02.21 09:17:26.593,0.97443,0.97461,1.50,1.50
2012.02.21 09:17:27.650,0.97444,0.97461,2.25,1.50
2012.02.21 09:17:27.732,0.97448,0.97466,2.05,1.50
2012.02.21 09:17:28.257,0.9745,0.97466,1.50,1.50
2012.02.21 09:17:28.775,0.97449,0.97465,1.50,1.50
2012.02.21 09:17:28.846,0.97446,0.97463,1.88,1.50
2012.02.21 09:17:28.914,0.97448,0.97463,1.50,1.50
2012.02.21 09:17:29.714,0.97447,0.97465,1.50,3.00
2012.02.21 09:17:30.075,0.97446,0.97462,1.88,1.50
2012.02.21 09:17:30.387,0.97448,0.97464,1.50,3.00
2012.02.21 09:17:30.512,0.97446,0.97464,1.88,3.00
2012.02.21 09:17:30.783,0.9745,0.97465,1.50,1.50
2012.02.21 09:17:31.530,0.97449,0.97467,1.50,1.50
2012.02.21 09:17:31.600,0.97447,0.97462,1.50,2.10
2012.02.21 09:17:31.731,0.97443,0.97461,1.50,1.50
2012.02.21 09:17:32.257,0.97446,0.97462,1.50,3.60
2012.02.21 09:17:32.567,0.97442,0.9746,2.25,1.50
2012.02.21 09:17:32.638,0.97442,0.9746,2.80,1.50
2012.02.21 09:17:33.356,0.97449,0.9746,1.50,1.50
2012.02.21 09:17:33.437,0.97445,0.97459,1.68,1.50
2012.02.21 09:17:33.517,0.97441,0.97457,1.50,1.50
2012.02.21 09:17:33.823,0.97444,0.97457,1.50,1.50
2012.02.21 09:17:33.893,0.97444,0.9746,3.00,1.50
2012.02.21 09:17:34.081,0.97446,0.97462,1.50,1.50
2012.02.21 09:17:34.488,0.97445,0.97457,1.50,1.50
2012.02.21 09:17:35.051,0.97438,0.97454,1.88,1.50
2012.02.21 09:17:36.025,0.9744,0.97457,1.50,1.50
2012.02.21 09:17:36.273,0.97441,0.97459,1.50,1.50
2012.02.21 09:17:37.436,0.97442,0.97458,1.50,1.50
2012.02.21 09:17:37.864,0.97443,0.97461,1.50,3.00
2012.02.21 09:17:39.534,0.97446,0.97462,1.50,3.60
2012.02.21 09:17:40.143,0.97448,0.97464,1.50,1.50
2012.02.21 09:17:40.216,0.97446,0.97464,1.88,1.50
2012.02.21 09:17:40.533,0.97446,0.97462,2.05,1.50
2012.02.21 09:17:45.425,0.97447,0.97463,1.50,1.50
2012.02.21 09:17:46.221,0.97446,0.97464,1.88,1.50
2012.02.21 09:17:49.580,0.97447,0.97465,1.50,1.50
2012.02.21 09:17:50.102,0.97447,0.97465,1.88,1.50
2012.02.21 09:17:51.243,0.9745,0.97466,1.50,1.50
2012.02.21 09:17:55.471,0.97452,0.97467,1.50,1.50
2012.02.21 09:17:55.643,0.9745,0.97468,1.50,1.50
2012.02.21 09:17:56.182,0.9745,0.97467,1.50,1.50
2012.02.21 09:17:56.550,0.97452,0.97468,1.50,1.50
2012.02.21 09:17:57.153,0.97452,0.97469,1.50,1.50
2012.02.21 09:17:57.363,0.9745,0.97468,1.88,1.50
2012.02.21 09:17:58.301,0.97451,0.97466,1.50,1.50
2012.02.21 09:17:59.380,0.97453,0.97468,1.50,1.50
2012.02.21 09:17:59.724,0.97451,0.97468,1.50,1.50
2012.02.21 09:18:00.019,0.97453,0.97471,1.50,1.50
2012.02.21 09:18:01.619,0.97451,0.97468,3.00,1.50
2012.02.21 09:18:02.052,0.97449,0.97465,1.88,1.50
2012.02.21 09:18:02.832,0.97452,0.97467,1.50,1.50
2012.02.21 09:18:04.871,0.97454,0.9747,1.50,3.00
2012.02.21 09:18:05.274,0.97457,0.97473,1.50,3.00
2012.02.21 09:18:05.961,0.97457,0.97473,1.50,4.13
2012.02.21 09:18:06.214,0.97452,0.97468,1.50,1.50
2012.02.21 09:18:06.504,0.9745,0.97467,1.50,1.50
2012.02.21 09:18:07.066,0.97449,0.97467,1.50,1.50
2012.02.21 09:18:07.138,0.97452,0.9747,1.50,1.50
2012.02.21 09:18:07.452,0.97454,0.9747,1.50,1.50
2012.02.21 09:18:07.583,0.97454,0.97472,1.50,2.25
2012.02.21 09:18:07.654,0.97456,0.97472,1.50,1.88
2012.02.21 09:18:08.367,0.97457,0.97473,1.50,2.85
2012.02.21 09:18:08.912,0.97455,0.9747,1.50,1.50
2012.02.21 09:18:08.998,0.97453,0.97471,1.50,1.50
2012.02.21 09:18:09.590,0.97456,0.97472,1.50,1.50
2012.02.21 09:18:10.293,0.97454,0.9747,1.50,1.50
2012.02.21 09:18:10.364,0.97455,0.97473,1.50,3.60
2012.02.21 09:18:10.552,0.97453,0.97471,1.50,1.50
2012.02.21 09:18:10.860,0.97455,0.97473,1.50,3.60
2012.02.21 09:18:11.437,0.97458,0.97474,1.50,1.50
2012.02.21 09:18:11.741,0.97461,0.97474,1.88,1.50
2012.02.21 09:18:11.811,0.97464,0.97482,1.50,1.50
2012.02.21 09:18:12.589,0.97464,0.9748,1.50,1.50
2012.02.21 09:18:12.969,0.97467,0.97482,1.50,1.50
2012.02.21 09:18:13.620,0.97469,0.97483,1.50,1.50
2012.02.21 09:18:13.705,0.97472,0.97488,1.50,1.50
2012.02.21 09:18:13.777,0.9747,0.97488,1.50,1.50
2012.02.21 09:18:14.084,0.97469,0.97486,3.00,1.50
2012.02.21 09:18:14.387,0.97471,0.97488,1.50,1.50
2012.02.21 09:18:16.259,0.97469,0.97485,3.00,1.50
2012.02.21 09:18:16.390,0.97466,0.97484,3.00,1.50
2012.02.21 09:18:16.834,0.97469,0.97485,1.50,1.50
2012.02.21 09:18:17.901,0.9747,0.97485,1.50,1.50
2012.02.21 09:18:18.032,0.97468,0.97485,1.50,1.50
2012.02.21 09:18:18.900,0.97465,0.97483,1.50,1.50
2012.02.21 09:18:18.981,0.9747,0.97487,1.50,1.50
2012.02.21 09:18:19.413,0.97469,0.97484,1.50,1.50
2012.02.21 09:18:19.606,0.97465,0.97483,1.50,1.50
2012.02.21 09:18:19.793,0.97467,0.97483,1.50,1.50
2012.02.21 09:18:19.923,0.97464,0.97482,1.50,1.50
2012.02.21 09:18:20.549,0.97464,0.97482,1.68,1.50
2012.02.21 09:18:20.620,0.97466,0.97484,2.25,1.50
2012.02.21 09:18:20.995,0.97468,0.97484,1.50,1.50
2012.02.21 09:18:21.363,0.97466,0.97484,1.50,1.50
2012.02.21 09:18:21.791,0.97469,0.97485,1.50,1.50
2012.02.21 09:18:22.731,0.97467,0.97483,1.50,1.50
2012.02.21 09:18:23.039,0.9747,0.97485,1.50,1.50
2012.02.21 09:18:23.111,0.97467,0.97483,1.50,1.50
2012.02.21 09:18:23.303,0.97469,0.97485,1.50,1.50
2012.02.21 09:18:23.856,0.9747,0.97486,1.50,1.50
2012.02.21 09:18:28.840,0.97469,0.97485,1.50,1.50
2012.02.21 09:18:29.261,0.97467,0.97485,1.50,1.50
2012.02.21 09:18:29.882,0.9747,0.97486,1.50,1.50
2012.02.21 09:18:31.466,0.97468,0.97485,1.50,1.50
2012.02.21 09:18:32.181,0.97469,0.97486,1.50,3.00
2012.02.21 09:18:32.372,0.97467,0.97485,1.50,1.50
2012.02.21 09:18:34.922,0.97469,0.97485,1.50,1.50
2012.02.21 09:18:35.864,0.97468,0.97484,1.50,1.50
2012.02.21 09:18:36.050,0.97471,0.97489,1.50,1.50
2012.02.21 09:18:36.693,0.97471,0.97487,1.50,1.50
2012.02.21 09:18:37.030,0.9747,0.97485,1.50,1.50
2012.02.21 09:18:37.625,0.97473,0.97485,1.50,1.50
2012.02.21 09:18:37.697,0.97474,0.97492,1.50,1.50
2012.02.21 09:18:37.766,0.9748,0.97493,1.50,3.60
2012.02.21 09:18:38.547,0.97484,0.975,1.50,1.88
2012.02.21 09:18:38.636,0.97486,0.97502,1.50,1.88
2012.02.21 09:18:38.820,0.97484,0.975,1.50,1.50
2012.02.21 09:18:39.133,0.97482,0.975,1.50,1.50
2012.02.21 09:18:39.498,0.97485,0.97501,1.50,1.50
2012.02.21 09:18:40.501,0.97484,0.975,1.50,1.50
2012.02.21 09:18:40.642,0.97484,0.97502,1.50,1.50
2012.02.21 09:18:40.881,0.97482,0.975,1.50,1.50
2012.02.21 09:18:41.210,0.97481,0.97497,1.50,1.50
2012.02.21 09:18:41.522,0.97484,0.975,1.88,1.50
2012.02.21 09:18:42.439,0.97484,0.97499,1.50,1.50
2012.02.21 09:18:42.520,0.97481,0.97497,1.50,1.50
2012.02.21 09:18:42.974,0.97479,0.97495,1.88,1.50
2012.02.21 09:18:43.461,0.97479,0.97497,1.50,1.50
2012.02.21 09:18:43.963,0.9748,0.97498,1.50,1.50
2012.02.21 09:18:44.622,0.97478,0.97496,3.75,1.50
2012.02.21 09:18:44.999,0.97477,0.97494,1.88,1.50
2012.02.21 09:18:46.669,0.97476,0.97494,2.43,1.50
2012.02.21 09:18:47.974,0.97481,0.97495,1.50,1.50
2012.02.21 09:18:48.754,0.97481,0.97499,1.50,1.50
2012.02.21 09:18:49.340,0.9748,0.97498,1.50,1.50
2012.02.21 09:18:49.485,0.97483,0.97499,1.50,1.50
2012.02.21 09:18:50.035,0.97485,0.97502,1.50,3.00
2012.02.21 09:18:50.224,0.9748,0.97498,1.50,1.50
2012.02.21 09:18:50.760,0.97482,0.975,1.50,1.50
2012.02.21 09:18:51.311,0.97482,0.97498,1.50,1.50
2012.02.21 09:18:53.748,0.97496,0.97514,1.50,1.50
2012.02.21 09:18:54.172,0.97496,0.97506,1.50,1.50
2012.02.21 09:18:54.245,0.97487,0.97505,1.68,1.50
2012.02.21 09:18:54.489,0.97488,0.97505,1.50,1.50
2012.02.21 09:18:54.620,0.9749,0.97507,1.50,3.00
2012.02.21 09:18:54.942,0.97488,0.97504,1.50,1.50
2012.02.21 09:18:57.383,0.97489,0.97504,1.50,1.50
2012.02.21 09:18:57.461,0.9749,0.97507,1.50,1.50
2012.02.21 09:18:57.844,0.97493,0.97509,1.50,1.50
2012.02.21 09:18:59.125,0.97492,0.97508,1.50,1.50
2012.02.21 09:18:59.252,0.9749,0.97508,1.50,1.50
2012.02.21 09:18:59.398,0.97492,0.97508,1.50,1.50
2012.02.21 09:18:59.522,0.9749,0.97507,1.50,1.50
2012.02.21 09:18:59.763,0.97488,0.97506,3.00,1.50
2012.02.21 09:18:59.954,0.9749,0.97508,1.50,3.00
2012.02.21 09:19:00.435,0.9749,0.97506,1.50,1.50
2012.02.21 09:19:01.026,0.97488,0.97504,1.50,1.50
2012.02.21 09:19:01.090,0.97485,0.97503,1.50,1.50
2012.02.21 09:19:01.162,0.97487,0.97505,1.50,1.50
2012.02.21 09:19:01.543,0.97487,0.97503,1.50,1.50
2012.02.21 09:19:02.080,0.97486,0.97504,1.50,1.50
2012.02.21 09:19:02.744,0.97486,0.97502,1.50,1.50
2012.02.21 09:19:05.522,0.97485,0.97503,1.50,1.50
2012.02.21 09:19:06.069,0.97485,0.97501,1.50,1.50
2012.02.21 09:19:06.601,0.97486,0.97502,1.50,1.50
2012.02.21 09:19:06.734,0.97481,0.97498,1.50,1.50
2012.02.21 09:19:07.120,0.97479,0.97497,1.88,1.50
2012.02.21 09:19:08.215,0.97476,0.97492,1.50,1.50
2012.02.21 09:19:08.633,0.97477,0.97495,1.50,3.00
2012.02.21 09:19:08.702,0.97475,0.97493,1.50,1.50
2012.02.21 09:19:09.014,0.97477,0.97493,1.50,1.50
2012.02.21 09:19:09.083,0.97478,0.97495,1.50,1.50
2012.02.21 09:19:09.395,0.9748,0.97495,1.50,1.50
2012.02.21 09:19:10.109,0.97483,0.97498,1.50,1.50
2012.02.21 09:19:10.180,0.97483,0.97501,1.50,1.50
2012.02.21 09:19:10.671,0.97484,0.975,1.50,1.50
2012.02.21 09:19:12.115,0.97484,0.97499,1.50,1.50
2012.02.21 09:19:12.242,0.97481,0.97499,1.50,1.50
2012.02.21 09:19:12.974,0.97481,0.97495,1.50,1.50
2012.02.21 09:19:13.809,0.97484,0.97494,1.50,1.50
2012.02.21 09:19:13.903,0.97483,0.97501,1.50,1.50
2012.02.21 09:19:14.040,0.97482,0.97498,1.88,1.50
2012.02.21 09:19:14.257,0.9748,0.97498,1.50,1.50
2012.02.21 09:19:14.504,0.97485,0.97499,1.50,1.50
2012.02.21 09:19:14.632,0.97478,0.97496,1.50,1.50
2012.02.21 09:19:15.075,0.97481,0.97497,1.50,1.50
2012.02.21 09:19:15.666,0.97482,0.97497,1.50,1.50
2012.02.21 09:19:15.732,0.97481,0.97499,1.50,1.88
2012.02.21 09:19:16.505,0.97481,0.97498,1.50,1.50
2012.02.21 09:19:17.115,0.97478,0.97496,1.50,1.50
2012.02.21 09:19:17.686,0.97478,0.97491,1.50,1.50
2012.02.21 09:19:17.761,0.97476,0.97491,1.50,1.50
2012.02.21 09:19:17.866,0.97474,0.9749,1.50,1.50
2012.02.21 09:19:17.993,0.97472,0.97488,1.50,1.50
2012.02.21 09:19:18.306,0.97476,0.97492,1.50,1.50
2012.02.21 09:19:18.610,0.97473,0.97488,2.05,1.50
2012.02.21 09:19:19.401,0.97474,0.9749,1.50,3.00
2012.02.21 09:19:19.477,0.97472,0.97489,1.50,1.50
2012.02.21 09:19:19.979,0.97472,0.9749,1.88,1.50
2012.02.21 09:19:20.233,0.97472,0.97487,1.88,1.50
2012.02.21 09:19:20.360,0.97472,0.97489,1.88,1.50
2012.02.21 09:19:20.930,0.97472,0.9749,1.50,1.50
2012.02.21 09:19:21.936,0.97468,0.97484,3.00,1.50
2012.02.21 09:19:22.008,0.9747,0.97488,1.50,1.50
2012.02.21 09:19:22.077,0.97473,0.97489,1.50,1.50
2012.02.21 09:19:22.202,0.97474,0.97492,1.50,3.00
2012.02.21 09:19:22.750,0.97476,0.97492,1.50,1.50
2012.02.21 09:19:23.242,0.9747,0.97486,1.68,1.50
2012.02.21 09:19:23.922,0.97471,0.97487,2.05,1.50
2012.02.21 09:19:24.200,0.97469,0.97487,1.50,1.50
2012.02.21 09:19:25.086,0.97472,0.97488,1.50,1.50
2012.02.21 09:19:25.396,0.97475,0.97491,1.50,3.00
2012.02.21 09:19:26.099,0.97478,0.97493,1.50,1.50
2012.02.21 09:19:26.413,0.97478,0.97489,1.50,1.50
2012.02.21 09:19:26.484,0.97469,0.97487,1.50,1.50
2012.02.21 09:19:28.059,0.97468,0.97484,1.50,1.50
2012.02.21 09:19:28.662,0.97468,0.97484,1.88,1.50
2012.02.21 09:19:28.850,0.97468,0.97486,1.88,3.00
2012.02.21 09:19:28.980,0.97468,0.97483,1.88,1.50
2012.02.21 09:19:29.516,0.97468,0.97482,1.88,1.50
2012.02.21 09:19:29.761,0.9747,0.97485,1.50,1.50
2012.02.21 09:19:30.496,0.97472,0.97487,1.50,1.50
2012.02.21 09:19:31.132,0.97472,0.97488,1.50,1.50
2012.02.21 09:19:31.720,0.97472,0.97487,1.50,1.50
2012.02.21 09:19:34.261,0.97471,0.97489,1.50,1.50
2012.02.21 09:19:34.391,0.97475,0.97489,1.50,1.50
2012.02.21 09:19:34.460,0.97476,0.97491,1.50,1.50
2012.02.21 09:19:34.713,0.97471,0.97487,1.50,1.50
2012.02.21 09:19:35.052,0.97473,0.9749,1.50,1.50
2012.02.21 09:19:35.622,0.97473,0.97491,1.50,1.50
2012.02.21 09:19:36.744,0.97472,0.9749,3.00,1.50
2012.02.21 09:19:36.871,0.97471,0.97488,1.50,1.50
2012.02.21 09:19:37.180,0.97471,0.97486,1.50,1.50
2012.02.21 09:19:37.601,0.97472,0.97489,1.50,3.00
2012.02.21 09:19:39.406,0.97472,0.97487,1.50,1.50
2012.02.21 09:19:39.791,0.97472,0.9749,1.50,1.50
2012.02.21 09:19:40.066,0.97472,0.97488,1.50,1.50
2012.02.21 09:19:41.295,0.97471,0.97489,1.50,3.00
2012.02.21 09:19:41.843,0.97471,0.97489,1.88,1.50
2012.02.21 09:19:42.163,0.97479,0.97495,1.50,1.50
2012.02.21 09:19:42.512,0.97477,0.97494,1.50,1.50
2012.02.21 09:19:42.794,0.97479,0.97495,1.50,1.50
2012.02.21 09:19:43.224,0.9748,0.97498,1.50,3.38
2012.02.21 09:19:45.945,0.9748,0.97497,1.50,1.50
2012.02.21 09:19:46.010,0.97479,0.97495,1.50,1.50
2012.02.21 09:19:46.590,0.97477,0.97493,1.50,1.50
2012.02.21 09:19:46.721,0.97479,0.97497,1.50,1.50
2012.02.21 09:19:47.475,0.97479,0.97495,1.50,1.50
2012.02.21 09:19:47.541,0.97477,0.97495,1.50,1.50
2012.02.21 09:19:47.611,0.97479,0.97497,1.50,1.50
2012.02.21 09:19:48.042,0.97482,0.97498,1.50,1.50
2012.02.21 09:19:52.344,0.97483,0.97501,1.50,1.50
2012.02.21 09:19:54.122,0.97482,0.97499,1.50,1.50
2012.02.21 09:19:54.925,0.97481,0.97499,1.50,1.50
2012.02.21 09:19:55.660,0.97483,0.97501,1.50,3.00
2012.02.21 09:19:56.167,0.97484,0.97501,1.50,1.50
2012.02.21 09:19:56.291,0.97482,0.975,1.50,1.50
2012.02.21 09:19:56.422,0.97478,0.97496,2.43,1.50
2012.02.21 09:19:57.006,0.97479,0.97495,2.05,1.50
2012.02.21 09:19:58.420,0.9748,0.97496,1.50,1.50
2012.02.21 09:20:00.210,0.97477,0.97495,2.25,1.50
2012.02.21 09:20:01.160,0.97478,0.97495,1.50,1.50
2012.02.21 09:20:01.229,0.97479,0.97497,1.50,1.50
2012.02.21 09:20:01.699,0.97477,0.97495,2.25,1.50
2012.02.21 09:20:02.389,0.9748,0.97496,1.50,1.50
2012.02.21 09:20:02.726,0.97478,0.97494,1.50,1.50
2012.02.21 09:20:02.974,0.97479,0.97497,1.50,1.50
2012.02.21 09:20:03.225,0.97478,0.97493,1.50,1.50
2012.02.21 09:20:03.357,0.97474,0.97491,1.50,1.50
2012.02.21 09:20:03.486,0.97474,0.9749,2.25,1.50
2012.02.21 09:20:04.063,0.97472,0.9749,3.75,1.50
2012.02.21 09:20:04.156,0.97479,0.97497,3.00,1.50
2012.02.21 09:20:04.534,0.97477,0.97493,2.25,1.50
2012.02.21 09:20:04.603,0.97477,0.97495,2.25,1.50
2012.02.21 09:20:05.145,0.97478,0.97496,1.50,1.50
2012.02.21 09:20:05.750,0.97479,0.97495,1.50,1.50
2012.02.21 09:20:06.130,0.97478,0.97493,2.10,1.50
2012.02.21 09:20:06.587,0.97479,0.97495,1.50,3.00
2012.02.21 09:20:07.213,0.9748,0.97498,1.50,1.50
2012.02.21 09:20:07.650,0.97482,0.97499,1.50,1.50
2012.02.21 09:20:07.884,0.97479,0.97497,1.50,1.50
2012.02.21 09:20:08.569,0.9748,0.97497,1.50,1.50
2012.02.21 09:20:08.632,0.97482,0.97499,1.50,1.50
2012.02.21 09:20:09.004,0.9748,0.97497,1.88,1.50
2012.02.21 09:20:09.552,0.97481,0.97497,1.50,1.50
2012.02.21 09:20:09.772,0.97482,0.97499,1.50,1.50
2012.02.21 09:20:09.841,0.97484,0.975,1.50,1.50
2012.02.21 09:20:09.912,0.97484,0.97502,1.50,1.50
2012.02.21 09:20:09.982,0.97483,0.975,1.50,1.50
2012.02.21 09:20:10.567,0.97483,0.97501,1.50,1.50
2012.02.21 09:20:11.102,0.97482,0.975,1.50,1.50
2012.02.21 09:20:11.526,0.9748,0.97498,1.50,1.50
2012.02.21 09:20:11.833,0.97482,0.975,3.00,1.50
2012.02.21 09:20:12.465,0.97482,0.97497,1.50,1.88
2012.02.21 09:20:12.540,0.97479,0.97497,1.50,1.88
2012.02.21 09:20:12.734,0.97477,0.97494,1.50,1.50
2012.02.21 09:20:13.224,0.9748,0.97498,1.50,2.25
2012.02.21 09:20:13.610,0.9748,0.97498,1.50,2.25
2012.02.21 09:20:13.684,0.97482,0.97498,1.50,2.25
2012.02.21 09:20:14.310,0.97484,0.97501,1.50,2.25
2012.02.21 09:20:14.613,0.97487,0.97502,1.50,3.00
2012.02.21 09:20:15.282,0.97487,0.97502,1.50,2.63
2012.02.21 09:20:15.660,0.97487,0.97501,1.50,1.13
2012.02.21 09:20:16.210,0.97488,0.97501,1.50,1.13
2012.02.21 09:20:16.883,0.97487,0.97502,1.50,1.13
2012.02.21 09:20:16.958,0.97488,0.97502,1.50,1.13
2012.02.21 09:20:17.475,0.97489,0.97501,3.00,1.13
2012.02.21 09:20:17.662,0.97487,0.97501,1.50,1.13
2012.02.21 09:20:18.172,0.97487,0.97503,1.50,2.25
2012.02.21 09:20:18.246,0.97488,0.97506,1.50,2.25
2012.02.21 09:20:18.562,0.97486,0.97504,1.50,2.25
2012.02.21 09:20:19.160,0.97484,0.97502,1.50,2.25
2012.02.21 09:20:19.281,0.97485,0.97501,1.50,1.50
2012.02.21 09:20:19.886,0.97485,0.97502,1.50,2.25
2012.02.21 09:20:21.290,0.97485,0.97502,1.50,2.63
2012.02.21 09:20:21.541,0.97483,0.97499,1.50,1.88
2012.02.21 09:20:21.985,0.97481,0.97499,1.50,1.88
2012.02.21 09:20:22.572,0.97482,0.975,1.50,1.50
2012.02.21 09:20:23.398,0.97481,0.97497,1.50,1.50
2012.02.21 09:20:23.942,0.9748,0.97498,1.50,2.25
2012.02.21 09:20:24.717,0.97479,0.97496,1.50,1.88
2012.02.21 09:20:25.122,0.97477,0.97493,1.50,1.50
2012.02.21 09:20:25.324,0.97471,0.97489,1.50,1.50
2012.02.21 09:20:25.743,0.97474,0.97488,1.50,1.50
2012.02.21 09:20:25.825,0.97475,0.97493,1.50,3.98
2012.02.21 09:20:26.406,0.97476,0.97493,1.50,3.60
2012.02.21 09:20:26.616,0.97472,0.9749,1.50,1.50
2012.02.21 09:20:27.042,0.97474,0.9749,1.50,1.50
2012.02.21 09:20:28.878,0.97474,0.9749,1.50,1.88
2012.02.21 09:20:29.382,0.97473,0.97491,3.00,1.88
2012.02.21 09:20:29.711,0.97477,0.97492,1.50,2.10
2012.02.21 09:20:30.241,0.97476,0.97492,1.50,3.60
2012.02.21 09:20:30.804,0.97478,0.97492,1.50,2.10
2012.02.21 09:20:30.936,0.97476,0.97492,1.50,3.60
2012.02.21 09:20:31.552,0.97478,0.97494,1.50,1.88
2012.02.21 09:20:33.609,0.97477,0.97495,1.50,1.88
2012.02.21 09:20:34.333,0.97477,0.97495,1.50,1.50
2012.02.21 09:20:36.956,0.97477,0.97492,1.50,1.50
2012.02.21 09:20:37.081,0.97473,0.97491,1.50,1.50
2012.02.21 09:20:44.654,0.97474,0.97489,1.50,1.50
2012.02.21 09:20:44.974,0.97471,0.97487,1.50,2.63
2012.02.21 09:20:45.314,0.97473,0.97486,1.50,1.13
2012.02.21 09:20:45.563,0.97474,0.97492,1.50,2.25
2012.02.21 09:20:45.721,0.97477,0.97493,1.50,4.35
2012.02.21 09:20:46.616,0.97477,0.97493,1.50,3.98
2012.02.21 09:20:46.876,0.97475,0.97492,1.50,1.50
2012.02.21 09:20:47.011,0.97472,0.9749,1.50,1.50
2012.02.21 09:20:47.533,0.97473,0.97491,1.50,1.50
2012.02.21 09:20:47.602,0.97473,0.97489,1.50,1.50
2012.02.21 09:20:48.264,0.97476,0.97491,1.50,1.50
2012.02.21 09:20:48.341,0.97478,0.97494,1.50,1.88
2012.02.21 09:20:48.412,0.97476,0.97494,1.50,1.88
2012.02.21 09:20:49.310,0.97478,0.97494,1.50,1.88
2012.02.21 09:20:50.012,0.97478,0.97493,1.50,1.50
2012.02.21 09:20:50.081,0.97474,0.9749,1.50,1.50
2012.02.21 09:20:51.076,0.97474,0.9749,1.50,1.88
2012.02.21 09:20:53.845,0.97473,0.97491,1.50,2.63
2012.02.21 09:20:55.300,0.97472,0.9749,3.00,1.88
2012.02.21 09:20:57.041,0.97472,0.97487,1.50,1.50
2012.02.21 09:20:57.352,0.97475,0.97491,1.50,2.25
2012.02.21 09:20:57.987,0.97475,0.97491,1.50,1.50
2012.02.21 09:20:58.110,0.97475,0.97491,1.50,1.88
2012.02.21 09:20:58.929,0.97474,0.9749,1.50,2.25
2012.02.21 09:20:59.136,0.97476,0.97494,1.50,1.50
2012.02.21 09:20:59.523,0.97479,0.97495,1.50,1.88
2012.02.21 09:20:59.841,0.97478,0.97492,1.50,2.10
2012.02.21 09:21:00.163,0.97476,0.9749,1.50,1.50
2012.02.21 09:21:00.232,0.97472,0.9749,1.50,1.50
2012.02.21 09:21:00.895,0.97475,0.97491,1.50,1.88
2012.02.21 09:21:01.562,0.97474,0.9749,1.50,2.25
2012.02.21 09:21:02.164,0.97475,0.97491,1.50,2.25
2012.02.21 09:21:02.483,0.97478,0.97493,1.50,1.13
2012.02.21 09:21:02.731,0.97476,0.97492,1.50,1.88
2012.02.21 09:21:02.862,0.97473,0.97491,3.00,1.88
2012.02.21 09:21:02.991,0.97473,0.97491,1.50,1.88
2012.02.21 09:21:03.651,0.97472,0.97488,1.50,1.88
2012.02.21 09:21:03.805,0.97473,0.97491,1.50,1.88
2012.02.21 09:21:04.126,0.97471,0.97489,1.50,1.50
2012.02.21 09:21:04.490,0.97469,0.97485,3.00,1.50
2012.02.21 09:21:04.746,0.97464,0.97482,1.50,1.50
2012.02.21 09:21:04.814,0.97466,0.97482,1.50,1.50
2012.02.21 09:21:05.467,0.97468,0.97486,1.50,1.50
2012.02.21 09:21:06.242,0.9747,0.97486,1.50,1.50
2012.02.21 09:21:06.700,0.97474,0.9749,1.50,2.25
2012.02.21 09:21:07.198,0.97471,0.97487,1.50,1.50
2012.02.21 09:21:07.320,0.97467,0.97482,1.50,1.50
2012.02.21 09:21:08.335,0.97468,0.97486,1.50,1.50
2012.02.21 09:21:08.445,0.9747,0.97486,1.50,1.50
2012.02.21 09:21:08.642,0.97468,0.97486,1.50,1.50
2012.02.21 09:21:09.221,0.97469,0.97485,3.00,1.50
2012.02.21 09:21:09.289,0.97471,0.97488,1.50,1.88
2012.02.21 09:21:09.762,0.97469,0.97487,1.50,1.88
2012.02.21 09:21:09.831,0.97472,0.97487,1.50,1.88
2012.02.21 09:21:10.142,0.97475,0.97491,1.50,2.25
2012.02.21 09:21:10.663,0.97474,0.97492,1.50,3.00
2012.02.21 09:21:10.849,0.97474,0.97492,1.50,1.88
2012.02.21 09:21:11.392,0.97475,0.97493,1.50,2.25
2012.02.21 09:21:11.651,0.97473,0.97491,1.50,1.50
2012.02.21 09:21:12.218,0.97474,0.9749,1.50,1.50
2012.02.21 09:21:15.224,0.97472,0.97488,1.50,1.50
2012.02.21 09:21:15.718,0.97473,0.97489,1.50,1.50
2012.02.21 09:21:16.622,0.97474,0.97492,3.00,1.88
2012.02.21 09:21:16.754,0.97477,0.97493,1.50,2.25
2012.02.21 09:21:17.280,0.97477,0.97493,1.50,1.50
2012.02.21 09:21:17.993,0.97483,0.975,1.50,2.25
2012.02.21 09:21:18.305,0.97484,0.97492,1.50,2.10
2012.02.21 09:21:18.372,0.97477,0.97492,1.50,2.10
2012.02.21 09:21:18.563,0.97477,0.97495,1.50,1.88
2012.02.21 09:21:18.632,0.97482,0.97496,1.50,2.63
2012.02.21 09:21:19.193,0.97482,0.97498,1.50,2.63
2012.02.21 09:21:19.810,0.97482,0.97498,1.50,1.88
2012.02.21 09:21:19.890,0.97497,0.97512,1.50,1.13
2012.02.21 09:21:20.771,0.97497,0.97513,1.50,1.88
2012.02.21 09:21:20.959,0.97493,0.97509,1.50,1.50
2012.02.21 09:21:21.092,0.97497,0.97512,1.50,1.88
2012.02.21 09:21:21.222,0.97492,0.9751,1.50,1.50
2012.02.21 09:21:21.297,0.97496,0.97512,1.50,1.88
2012.02.21 09:21:23.178,0.97496,0.97505,1.50,1.50
2012.02.21 09:21:23.300,0.97485,0.97503,1.50,1.50
2012.02.21 09:21:23.765,0.97487,0.97502,1.50,1.50
2012.02.21 09:21:23.832,0.97488,0.97506,1.50,1.50
2012.02.21 09:21:23.983,0.97488,0.97504,1.50,1.50
2012.02.21 09:21:24.052,0.97485,0.97503,3.00,1.50
2012.02.21 09:21:24.573,0.97487,0.97504,1.50,1.50
2012.02.21 09:21:25.738,0.97487,0.97503,1.50,1.50
2012.02.21 09:21:26.502,0.97489,0.97505,1.50,3.00
2012.02.21 09:21:27.341,0.97486,0.97504,3.38,1.50
2012.02.21 09:21:27.944,0.97488,0.97504,3.00,1.50
2012.02.21 09:21:28.072,0.97491,0.97507,1.50,1.50
2012.02.21 09:21:28.296,0.97488,0.97506,1.50,1.50
2012.02.21 09:21:28.367,0.97486,0.97503,1.50,1.50
2012.02.21 09:21:29.494,0.97488,0.97506,1.50,1.50
2012.02.21 09:21:29.568,0.97492,0.97508,1.50,1.50
2012.02.21 09:21:30.143,0.97491,0.97507,1.50,1.50
2012.02.21 09:21:30.751,0.97488,0.97504,2.05,1.50
2012.02.21 09:21:31.415,0.97488,0.97506,2.05,1.50
2012.02.21 09:21:32.874,0.97488,0.97504,1.50,1.50
2012.02.21 09:21:34.351,0.97487,0.97503,1.50,1.50
2012.02.21 09:21:34.734,0.97485,0.97501,1.50,1.50
2012.02.21 09:21:35.005,0.97485,0.97503,1.50,1.50
2012.02.21 09:21:37.908,0.97485,0.97501,1.50,1.50
2012.02.21 09:21:38.761,0.97486,0.97502,1.50,1.50
2012.02.21 09:21:39.074,0.97486,0.97492,1.50,2.10
2012.02.21 09:21:39.824,0.97486,0.97501,1.50,1.13
2012.02.21 09:21:39.901,0.97476,0.97492,3.00,1.50
2012.02.21 09:21:40.032,0.97477,0.97494,1.50,1.50
2012.02.21 09:21:40.103,0.97479,0.97494,1.50,1.50
2012.02.21 09:21:40.290,0.97476,0.97494,3.00,1.50
2012.02.21 09:21:43.582,0.97477,0.97494,1.50,1.50
2012.02.21 09:21:43.792,0.97475,0.97492,1.50,1.50
2012.02.21 09:21:44.694,0.97474,0.97489,1.50,1.50
2012.02.21 09:21:44.930,0.97473,0.97491,1.50,1.50
2012.02.21 09:21:45.496,0.97474,0.97491,1.50,1.50
2012.02.21 09:21:45.619,0.97476,0.97491,1.50,1.50
2012.02.21 09:21:45.842,0.97481,0.97497,1.50,1.50
2012.02.21 09:21:46.535,0.97479,0.97493,1.50,1.50
2012.02.21 09:21:46.600,0.97474,0.97492,1.50,1.50
2012.02.21 09:21:47.153,0.97478,0.97494,1.50,1.50
2012.02.21 09:21:48.581,0.97476,0.97494,1.50,1.50
2012.02.21 09:21:48.648,0.97478,0.97494,1.50,1.50
2012.02.21 09:21:48.963,0.97476,0.97491,1.50,1.50
2012.02.21 09:21:49.274,0.97474,0.9749,3.00,1.50
2012.02.21 09:21:49.404,0.97477,0.97492,1.50,1.50
2012.02.21 09:21:49.533,0.97477,0.97495,1.50,1.50
2012.02.21 09:21:49.951,0.97482,0.975,1.50,1.88
2012.02.21 09:21:50.588,0.97484,0.975,1.50,1.50
2012.02.21 09:21:54.746,0.97484,0.97495,1.50,1.50
2012.02.21 09:21:54.819,0.97478,0.97495,1.50,1.50
2012.02.21 09:21:55.002,0.97476,0.97492,1.50,1.50
2012.02.21 09:21:55.134,0.97477,0.97495,1.50,1.50
2012.02.21 09:21:55.345,0.97474,0.97492,1.50,1.50
2012.02.21 09:21:55.798,0.97473,0.97489,1.50,1.50
2012.02.21 09:21:55.861,0.97474,0.97492,1.50,1.50
2012.02.21 09:21:56.673,0.97476,0.97493,1.50,1.50
2012.02.21 09:21:57.029,0.97473,0.97491,1.50,1.50
2012.02.21 09:21:57.891,0.97473,0.97491,1.88,1.50
2012.02.21 09:21:58.049,0.97473,0.97489,1.88,1.50
2012.02.21 09:21:58.111,0.97474,0.97492,1.88,1.50
2012.02.21 09:21:58.519,0.97474,0.9749,1.88,1.50
2012.02.21 09:22:00.707,0.97471,0.97489,2.05,1.50
2012.02.21 09:22:01.222,0.97473,0.97489,1.50,1.50
2012.02.21 09:22:02.001,0.97472,0.97488,1.50,1.50
2012.02.21 09:22:03.002,0.97469,0.97486,1.88,1.50
2012.02.21 09:22:03.276,0.97469,0.97487,1.88,1.50
2012.02.21 09:22:03.581,0.97473,0.97489,3.00,1.50
2012.02.21 09:22:03.770,0.97475,0.97492,1.50,1.50
2012.02.21 09:22:03.901,0.97472,0.9749,1.50,1.50
2012.02.21 09:22:04.815,0.97469,0.97485,2.43,1.50
2012.02.21 09:22:05.139,0.97469,0.97485,1.50,1.50
2012.02.21 09:22:05.259,0.97467,0.97485,1.50,1.50
2012.02.21 09:22:05.695,0.97469,0.97485,1.50,1.50
2012.02.21 09:22:05.823,0.97473,0.97491,1.50,1.50
2012.02.21 09:22:05.892,0.97477,0.97495,1.50,1.50
2012.02.21 09:22:06.599,0.97477,0.97493,1.50,1.50
2012.02.21 09:22:08.066,0.97478,0.97494,1.50,1.50
2012.02.21 09:22:08.132,0.97476,0.97494,1.50,1.50
2012.02.21 09:22:09.044,0.97476,0.97492,1.50,1.50
2012.02.21 09:22:09.593,0.97476,0.9749,1.50,1.50
2012.02.21 09:22:09.660,0.97472,0.97489,1.88,1.50
2012.02.21 09:22:10.071,0.97476,0.9749,1.50,1.50
2012.02.21 09:22:10.140,0.97476,0.97492,1.50,1.50
2012.02.21 09:22:10.946,0.97476,0.97494,1.50,1.50
2012.02.21 09:22:11.664,0.97475,0.97493,1.88,1.50
2012.02.21 09:22:12.341,0.97476,0.97494,1.50,1.50
2012.02.21 09:22:16.873,0.97475,0.97492,1.88,1.50
2012.02.21 09:22:18.449,0.97476,0.97492,2.25,1.50
2012.02.21 09:22:18.962,0.97475,0.97491,2.43,1.50
2012.02.21 09:22:19.764,0.97476,0.97492,2.25,1.50
2012.02.21 09:22:20.387,0.97481,0.97496,1.50,1.50
2012.02.21 09:22:24.785,0.97478,0.97495,1.50,1.50
2012.02.21 09:22:25.342,0.97477,0.97495,3.60,1.50
2012.02.21 09:22:25.980,0.97478,0.97495,2.10,1.50
2012.02.21 09:22:26.263,0.97478,0.97492,2.10,1.50
2012.02.21 09:22:26.331,0.97478,0.97494,2.10,1.50
2012.02.21 09:22:26.461,0.9748,0.97495,1.50,1.50
2012.02.21 09:22:27.259,0.97479,0.97497,1.50,3.00
2012.02.21 09:22:27.338,0.97477,0.97495,1.50,1.50
2012.02.21 09:22:27.640,0.97475,0.97491,1.50,1.50
2012.02.21 09:22:28.516,0.97475,0.97489,1.50,1.50
2012.02.21 09:22:28.585,0.97469,0.97487,1.68,1.50
2012.02.21 09:22:28.651,0.97469,0.97487,1.50,1.50
2012.02.21 09:22:28.966,0.97473,0.97489,1.50,1.50
2012.02.21 09:22:29.495,0.97475,0.9749,1.50,1.50
2012.02.21 09:22:29.799,0.97472,0.97487,1.50,1.50
2012.02.21 09:22:30.969,0.97474,0.9749,1.50,1.50
2012.02.21 09:22:31.295,0.97473,0.97488,1.50,1.50
2012.02.21 09:22:31.422,0.9747,0.97487,2.25,1.50
2012.02.21 09:22:32.134,0.9747,0.97486,2.25,1.50
2012.02.21 09:22:32.335,0.97473,0.97489,1.50,1.50
2012.02.21 09:22:32.842,0.97472,0.97489,2.25,1.50
2012.02.21 09:22:33.809,0.97473,0.97488,1.50,1.50
2012.02.21 09:22:33.932,0.97471,0.97486,1.50,1.50
2012.02.21 09:22:34.470,0.9747,0.97488,2.25,1.50
2012.02.21 09:22:35.110,0.97469,0.97487,2.80,1.50
2012.02.21 09:22:35.494,0.97473,0.97489,1.50,3.00
2012.02.21 09:22:35.940,0.97473,0.97491,1.50,1.50
2012.02.21 09:22:36.350,0.97473,0.97489,1.50,1.50
2012.02.21 09:22:37.269,0.97474,0.9749,1.50,1.50
2012.02.21 09:22:37.792,0.97473,0.97489,1.50,1.50
2012.02.21 09:22:38.353,0.97474,0.9749,1.50,1.50
2012.02.21 09:22:39.190,0.97473,0.97489,1.50,1.50
2012.02.21 09:22:39.761,0.97471,0.97487,1.50,1.50
2012.02.21 09:22:40.499,0.97468,0.97486,3.93,1.50
2012.02.21 09:22:40.872,0.97467,0.97483,1.68,1.50
2012.02.21 09:22:42.097,0.97467,0.97483,1.68,1.50
2012.02.21 09:22:42.621,0.97468,0.97484,1.88,1.50
2012.02.21 09:22:42.695,0.97473,0.97486,1.50,1.50
2012.02.21 09:22:42.764,0.97467,0.97484,5.10,1.50
2012.02.21 09:22:42.897,0.97469,0.97485,1.50,1.50
2012.02.21 09:22:42.967,0.97469,0.97487,1.50,1.50
2012.02.21 09:22:43.035,0.97472,0.97487,1.50,1.50
2012.02.21 09:22:43.607,0.9747,0.97488,1.50,1.50
2012.02.21 09:22:47.156,0.97468,0.97486,1.50,1.50
2012.02.21 09:22:50.308,0.97468,0.97482,1.50,2.10
2012.02.21 09:22:50.554,0.97462,0.97478,1.88,1.50
2012.02.21 09:22:50.741,0.9746,0.97477,1.50,1.50
2012.02.21 09:22:50.992,0.97462,0.97478,1.50,1.50
2012.02.21 09:22:52.929,0.97463,0.97479,1.50,1.50
2012.02.21 09:22:53.542,0.97464,0.9748,1.50,1.50
2012.02.21 09:22:53.871,0.97462,0.97478,1.50,1.50
2012.02.21 09:22:54.722,0.97461,0.97477,2.25,1.50
2012.02.21 09:22:54.992,0.97462,0.9748,1.50,1.50
2012.02.21 09:22:55.391,0.97464,0.9748,1.50,1.50
2012.02.21 09:22:56.129,0.97463,0.97478,1.50,1.50
2012.02.21 09:22:56.680,0.9746,0.97478,2.25,1.50
2012.02.21 09:22:57.230,0.97463,0.97479,1.50,1.50
2012.02.21 09:22:57.742,0.97461,0.97479,2.25,1.50
2012.02.21 09:22:58.583,0.97462,0.9748,1.50,1.50
2012.02.21 09:22:59.205,0.97462,0.9748,2.63,1.50
2012.02.21 09:22:59.970,0.97464,0.9748,1.13,1.50
2012.02.21 09:23:00.354,0.97467,0.97482,1.50,1.50
2012.02.21 09:23:00.482,0.97464,0.9748,1.13,1.50
2012.02.21 09:23:00.555,0.97462,0.9748,2.63,1.50
2012.02.21 09:23:00.620,0.97462,0.97478,1.13,1.50
2012.02.21 09:23:00.930,0.97462,0.97475,1.13,1.50
2012.02.21 09:23:01.122,0.9746,0.97476,2.25,1.50
2012.02.21 09:23:01.646,0.97458,0.97474,1.88,1.50
2012.02.21 09:23:02.291,0.97459,0.97477,1.50,1.50
2012.02.21 09:23:03.152,0.97459,0.97476,1.50,1.50
2012.02.21 09:23:03.404,0.97458,0.97474,3.38,1.50
2012.02.21 09:23:03.471,0.97459,0.97476,1.50,1.50
2012.02.21 09:23:03.609,0.97461,0.97479,1.50,1.50
2012.02.21 09:23:03.673,0.97461,0.97479,1.50,1.88
2012.02.21 09:23:03.807,0.97458,0.97473,2.10,1.50
2012.02.21 09:23:04.327,0.97455,0.97473,1.50,1.50
2012.02.21 09:23:04.404,0.97452,0.97467,1.50,1.50
2012.02.21 09:23:04.477,0.97455,0.97473,1.50,1.50
2012.02.21 09:23:04.811,0.97461,0.97475,1.50,1.50
2012.02.21 09:23:04.945,0.97463,0.97478,1.50,1.50
2012.02.21 09:23:05.013,0.97464,0.9748,1.50,1.50
2012.02.21 09:23:05.312,0.97462,0.97479,1.50,1.50
2012.02.21 09:23:05.499,0.97463,0.97481,1.50,1.50
2012.02.21 09:23:06.088,0.97463,0.9748,1.50,1.50
2012.02.21 09:23:06.669,0.97462,0.97478,1.50,1.50
2012.02.21 09:23:07.031,0.97464,0.97479,1.50,1.50
2012.02.21 09:23:07.100,0.9746,0.97478,1.50,1.50
2012.02.21 09:23:07.274,0.97462,0.97478,1.50,1.50
2012.02.21 09:23:07.870,0.97463,0.97479,1.50,1.50
2012.02.21 09:23:08.687,0.97459,0.97475,1.50,1.50
2012.02.21 09:23:08.760,0.97461,0.97479,1.88,1.50
2012.02.21 09:23:08.891,0.97466,0.97482,1.50,1.50
2012.02.21 09:23:09.706,0.97468,0.97484,1.50,1.50
2012.02.21 09:23:09.772,0.97468,0.97486,1.50,1.50
2012.02.21 09:23:09.841,0.97473,0.97489,1.50,1.50
2012.02.21 09:23:10.151,0.97469,0.97485,1.50,3.00
2012.02.21 09:23:10.833,0.97465,0.97483,1.88,1.50
2012.02.21 09:23:10.911,0.97471,0.97489,1.50,1.50
2012.02.21 09:23:10.986,0.9747,0.97484,1.50,1.50
2012.02.21 09:23:11.054,0.97468,0.97484,1.50,1.50
2012.02.21 09:23:11.483,0.97472,0.97487,1.50,1.50
2012.02.21 09:23:11.610,0.9747,0.97487,1.50,1.50
2012.02.21 09:23:11.970,0.97472,0.97487,1.50,1.50
2012.02.21 09:23:12.482,0.97471,0.97486,1.50,1.50
2012.02.21 09:23:13.202,0.97469,0.97485,1.50,1.50
2012.02.21 09:23:13.279,0.97467,0.97485,1.50,1.50
2012.02.21 09:23:13.813,0.97469,0.97485,1.50,1.50
2012.02.21 09:23:14.462,0.97468,0.97485,1.50,1.50
2012.02.21 09:23:15.382,0.97467,0.97485,2.25,1.50
2012.02.21 09:23:16.593,0.97469,0.97486,1.50,1.50
2012.02.21 09:23:16.928,0.97471,0.97488,1.50,1.50
2012.02.21 09:23:17.240,0.97473,0.97488,1.50,1.50
2012.02.21 09:23:17.409,0.97471,0.97488,1.50,1.50
2012.02.21 09:23:18.513,0.97472,0.97487,1.50,1.50
2012.02.21 09:23:19.357,0.97469,0.97486,1.50,1.50
2012.02.21 09:23:19.904,0.9747,0.97485,1.50,1.50
2012.02.21 09:23:21.254,0.9747,0.97486,1.50,1.50
2012.02.21 09:23:21.326,0.97472,0.97487,1.50,1.50
2012.02.21 09:23:21.394,0.97472,0.97489,1.50,1.50
2012.02.21 09:23:22.486,0.97472,0.9749,1.50,1.50
2012.02.21 09:23:27.363,0.97473,0.9749,1.50,1.50
2012.02.21 09:23:27.881,0.97472,0.97487,1.50,1.50
2012.02.21 09:23:27.949,0.9747,0.97487,1.50,1.50
2012.02.21 09:23:28.450,0.9747,0.97486,1.50,1.50
2012.02.21 09:23:28.581,0.97467,0.97483,1.88,1.50
2012.02.21 09:23:29.623,0.97466,0.97482,2.80,1.50
2012.02.21 09:23:29.691,0.97466,0.97482,2.80,1.50
2012.02.21 09:23:30.445,0.97468,0.97484,1.50,1.50
2012.02.21 09:23:30.987,0.97468,0.97484,2.25,1.50
2012.02.21 09:23:31.051,0.97469,0.97485,1.50,1.50
2012.02.21 09:23:31.183,0.9747,0.97488,1.50,1.50
2012.02.21 09:23:31.476,0.97469,0.97486,1.50,1.50
2012.02.21 09:23:31.784,0.97466,0.97484,2.63,1.50
2012.02.21 09:23:31.863,0.97466,0.97482,2.63,1.50
2012.02.21 09:23:33.112,0.97466,0.97484,2.25,1.50
2012.02.21 09:23:33.571,0.97464,0.9748,2.63,1.50
2012.02.21 09:23:34.103,0.97466,0.97482,2.25,3.00
2012.02.21 09:23:35.043,0.97464,0.97481,1.88,1.50
2012.02.21 09:23:35.229,0.97461,0.97477,3.18,1.50
2012.02.21 09:23:35.540,0.97463,0.9748,2.05,1.50
2012.02.21 09:23:36.684,0.97463,0.97478,1.50,1.50
2012.02.21 09:23:37.594,0.97462,0.9748,1.50,1.50
2012.02.21 09:23:38.041,0.9746,0.97478,1.88,1.50
2012.02.21 09:23:38.345,0.97462,0.9748,1.50,1.50
2012.02.21 09:23:39.291,0.97463,0.97479,1.50,1.50
2012.02.21 09:23:40.682,0.97465,0.97483,1.50,1.50
2012.02.21 09:23:41.217,0.97464,0.97482,1.50,1.50
2012.02.21 09:23:41.282,0.97466,0.97482,1.50,1.50
2012.02.21 09:23:41.791,0.97467,0.97483,1.50,1.50
2012.02.21 09:23:42.103,0.97464,0.9748,2.05,1.50
2012.02.21 09:23:42.676,0.97461,0.97479,2.05,1.50
2012.02.21 09:23:42.741,0.97463,0.97481,1.50,1.50
2012.02.21 09:23:43.085,0.97466,0.97482,1.50,1.50
2012.02.21 09:23:43.463,0.97464,0.9748,3.55,1.50
2012.02.21 09:23:43.971,0.97462,0.97478,2.43,1.50
2012.02.21 09:23:44.360,0.97462,0.97478,2.05,1.50
2012.02.21 09:23:44.932,0.97462,0.9748,1.50,1.50
2012.02.21 09:23:45.721,0.97464,0.97482,1.50,1.50
2012.02.21 09:23:46.273,0.97463,0.97479,1.50,1.50
2012.02.21 09:23:46.820,0.97462,0.9748,1.50,1.50
2012.02.21 09:23:47.534,0.97463,0.97481,1.50,1.50
2012.02.21 09:23:47.855,0.97462,0.97478,1.50,1.50
2012.02.21 09:23:49.353,0.97464,0.9748,1.50,1.50
2012.02.21 09:23:49.601,0.97459,0.97477,1.88,1.50
2012.02.21 09:23:49.673,0.97459,0.97474,1.50,1.50
2012.02.21 09:23:49.744,0.97454,0.97472,1.50,1.50
2012.02.21 09:23:49.812,0.97454,0.97469,1.50,1.50
2012.02.21 09:23:50.120,0.97451,0.97467,1.88,3.00
2012.02.21 09:23:50.871,0.97451,0.97469,1.50,1.50
2012.02.21 09:23:50.941,0.97453,0.97469,1.50,1.50
2012.02.21 09:23:51.520,0.97451,0.97469,3.00,1.50
2012.02.21 09:23:51.701,0.97454,0.9747,1.50,3.00
2012.02.21 09:23:51.774,0.97454,0.97472,1.50,3.60
2012.02.21 09:23:52.551,0.97455,0.9747,1.50,1.50
2012.02.21 09:23:53.182,0.97458,0.9747,1.50,1.50
2012.02.21 09:23:53.251,0.9746,0.97476,1.50,1.50
2012.02.21 09:23:53.321,0.9746,0.97478,1.88,1.50
2012.02.21 09:23:53.514,0.97462,0.9748,1.50,1.88
2012.02.21 09:23:53.820,0.97457,0.97473,1.68,1.50
2012.02.21 09:23:53.951,0.97455,0.97473,1.50,1.50
2012.02.21 09:23:54.385,0.97457,0.97473,1.50,1.50
2012.02.21 09:23:54.451,0.97458,0.97476,1.50,3.00
2012.02.21 09:23:55.077,0.97457,0.97475,3.38,1.50
2012.02.21 09:23:55.610,0.97458,0.97474,1.50,1.50
2012.02.21 09:23:55.822,0.97459,0.97477,1.50,3.00
2012.02.21 09:23:56.236,0.97457,0.97475,3.00,1.50
2012.02.21 09:23:57.124,0.97456,0.97474,1.50,1.50
2012.02.21 09:23:57.422,0.97456,0.97472,1.50,1.50
2012.02.21 09:23:57.964,0.97457,0.97474,1.88,1.50
2012.02.21 09:23:58.481,0.97458,0.97474,1.50,1.50
2012.02.21 09:23:59.062,0.97453,0.9747,2.05,1.50
2012.02.21 09:23:59.137,0.97452,0.9747,1.88,1.50
2012.02.21 09:23:59.386,0.97452,0.97468,1.88,1.50
2012.02.21 09:23:59.701,0.97457,0.9747,2.05,1.50
2012.02.21 09:23:59.771,0.97457,0.97475,2.05,1.50
2012.02.21 09:24:00.082,0.97454,0.97472,2.43,1.50
2012.02.21 09:24:00.645,0.97454,0.97472,1.68,1.50
2012.02.21 09:24:01.265,0.97453,0.97471,1.50,1.50
2012.02.21 09:24:01.905,0.97453,0.97471,1.88,1.50
2012.02.21 09:24:02.252,0.97457,0.97473,1.50,1.50
2012.02.21 09:24:02.325,0.97457,0.97475,1.50,1.50
2012.02.21 09:24:02.395,0.97459,0.97477,1.50,1.50
2012.02.21 09:24:02.713,0.97461,0.97477,1.50,1.50
2012.02.21 09:24:03.467,0.97464,0.9748,1.50,1.50
2012.02.21 09:24:04.181,0.97466,0.9748,1.50,1.50
2012.02.21 09:24:04.316,0.97466,0.97482,1.50,1.50
2012.02.21 09:24:04.565,0.97463,0.97479,1.88,1.50
2012.02.21 09:24:05.298,0.97464,0.9748,1.50,1.50
2012.02.21 09:24:05.550,0.97464,0.97482,1.50,1.50
2012.02.21 09:24:05.775,0.97462,0.9748,1.50,1.50
2012.02.21 09:24:06.802,0.97464,0.97482,1.50,3.60
2012.02.21 09:24:07.730,0.97462,0.97478,1.50,1.50
2012.02.21 09:24:08.492,0.97463,0.97478,1.50,1.50
2012.02.21 09:24:08.801,0.97461,0.97479,1.50,1.50
2012.02.21 09:24:10.401,0.97459,0.97476,3.00,1.50
2012.02.21 09:24:11.313,0.97459,0.97475,1.50,1.50
2012.02.21 09:24:11.876,0.97458,0.97474,1.50,1.50
2012.02.21 09:24:12.646,0.97459,0.97476,1.50,1.50
2012.02.21 09:24:12.895,0.97462,0.97479,1.50,2.63
2012.02.21 09:24:13.339,0.97466,0.97482,1.50,1.50
2012.02.21 09:24:13.464,0.97461,0.97479,2.05,1.50
2012.02.21 09:24:14.237,0.97461,0.97479,2.05,1.50
2012.02.21 09:24:14.336,0.97456,0.97472,1.68,1.50
2012.02.21 09:24:14.685,0.97458,0.97472,2.48,1.50
2012.02.21 09:24:14.998,0.97463,0.97479,1.50,1.50
2012.02.21 09:24:15.068,0.97461,0.97475,1.50,1.50
2012.02.21 09:24:15.642,0.97454,0.9747,1.88,1.50
2012.02.21 09:24:15.724,0.97459,0.97474,1.50,1.50
2012.02.21 09:24:15.998,0.97459,0.97477,1.88,1.50
2012.02.21 09:24:16.312,0.97459,0.97475,1.88,1.50
2012.02.21 09:24:17.369,0.97459,0.97475,2.25,1.50
2012.02.21 09:24:17.457,0.97462,0.97478,1.88,1.50
2012.02.21 09:24:17.528,0.97462,0.9748,1.88,1.50
2012.02.21 09:24:17.666,0.97461,0.97477,3.38,1.50
2012.02.21 09:24:18.381,0.9746,0.97478,2.43,1.50
2012.02.21 09:24:18.456,0.9746,0.97478,1.50,1.50
2012.02.21 09:24:19.745,0.97459,0.97474,1.68,1.50
2012.02.21 09:24:19.874,0.97453,0.97471,1.50,1.50
2012.02.21 09:24:20.341,0.97457,0.97472,1.50,3.00
2012.02.21 09:24:20.826,0.97457,0.97475,1.50,1.50
2012.02.21 09:24:20.954,0.97459,0.97477,1.50,1.50
2012.02.21 09:24:21.275,0.97463,0.97479,1.50,1.88
2012.02.21 09:24:21.840,0.97461,0.97479,3.00,1.50
2012.02.21 09:24:22.371,0.97461,0.97478,1.50,1.50
2012.02.21 09:24:22.683,0.97461,0.97476,1.50,1.50
2012.02.21 09:24:22.752,0.97457,0.97473,1.50,1.50
2012.02.21 09:24:22.883,0.97459,0.97475,1.50,1.50
2012.02.21 09:24:23.797,0.97458,0.97474,1.50,1.50
2012.02.21 09:24:24.344,0.97459,0.97475,1.50,1.50
2012.02.21 09:24:24.971,0.97458,0.97474,1.50,1.50
2012.02.21 09:24:26.073,0.9746,0.97476,1.50,1.50
2012.02.21 09:24:27.413,0.97458,0.97474,1.50,1.50
2012.02.21 09:24:28.164,0.97459,0.97475,1.50,1.50
2012.02.21 09:24:29.821,0.97458,0.97474,1.50,1.50
2012.02.21 09:24:30.148,0.9746,0.97476,1.50,1.50
2012.02.21 09:24:30.485,0.97462,0.97478,1.50,1.50
2012.02.21 09:24:31.064,0.97465,0.97482,1.50,2.48
2012.02.21 09:24:31.507,0.97464,0.9748,1.50,1.50
2012.02.21 09:24:31.834,0.97466,0.97482,1.50,3.60
2012.02.21 09:24:32.193,0.97464,0.9748,1.50,1.50
2012.02.21 09:24:32.517,0.97464,0.97482,1.50,3.60
2012.02.21 09:24:33.323,0.97466,0.97482,1.50,5.10
2012.02.21 09:24:33.645,0.97464,0.97482,1.50,1.50
2012.02.21 09:24:33.993,0.97466,0.97482,1.50,2.10
2012.02.21 09:24:35.726,0.97465,0.97481,1.50,1.50
2012.02.21 09:24:36.888,0.97465,0.97479,1.50,1.50
2012.02.21 09:24:36.951,0.9746,0.97478,1.50,1.50
2012.02.21 09:24:37.079,0.97463,0.97479,1.50,1.50
2012.02.21 09:24:38.581,0.97464,0.97481,1.50,1.50
2012.02.21 09:24:39.895,0.97464,0.97482,1.50,3.60
2012.02.21 09:24:39.961,0.97463,0.97479,1.50,1.50
2012.02.21 09:24:40.272,0.97462,0.97478,1.50,2.25
2012.02.21 09:24:40.796,0.97463,0.97481,1.50,1.88
2012.02.21 09:24:41.192,0.97458,0.97476,1.50,1.50
2012.02.21 09:24:41.260,0.9746,0.97475,1.50,1.50
2012.02.21 09:24:41.671,0.97461,0.97477,1.50,1.50
2012.02.21 09:24:43.765,0.97462,0.97477,1.50,1.50
2012.02.21 09:24:46.641,0.97459,0.97475,1.50,1.50
2012.02.21 09:24:48.522,0.97459,0.97475,1.50,2.10
2012.02.21 09:24:48.593,0.97459,0.97475,1.50,1.50
2012.02.21 09:24:48.662,0.97449,0.97462,1.88,1.50
2012.02.21 09:24:48.732,0.97451,0.97469,2.10,1.50
2012.02.21 09:24:49.001,0.97454,0.9747,1.50,1.50
2012.02.21 09:24:49.613,0.97454,0.97469,1.50,1.50
2012.02.21 09:24:50.421,0.97454,0.97471,1.50,1.50
2012.02.21 09:24:50.883,0.97454,0.9747,1.50,1.88
2012.02.21 09:24:51.017,0.9745,0.97466,1.50,1.50
2012.02.21 09:24:51.157,0.97452,0.97466,1.50,1.50
2012.02.21 09:24:51.224,0.97455,0.97471,1.50,1.50
2012.02.21 09:24:52.016,0.97453,0.97469,1.88,1.50
2012.02.21 09:24:52.092,0.97456,0.97472,1.50,1.50
2012.02.21 09:24:52.451,0.97457,0.97474,1.50,1.50
2012.02.21 09:24:53.973,0.97454,0.9747,1.88,1.50
2012.02.21 09:24:54.669,0.97456,0.97473,1.50,1.50
2012.02.21 09:24:54.865,0.97455,0.97471,1.50,1.50
2012.02.21 09:24:54.931,0.97453,0.97471,1.88,1.50
2012.02.21 09:24:55.062,0.97455,0.97471,1.50,1.50
2012.02.21 09:24:55.295,0.97453,0.97471,3.38,1.50
2012.02.21 09:24:56.304,0.97453,0.97471,1.88,1.50
2012.02.21 09:24:56.954,0.97457,0.97471,1.50,1.50
2012.02.21 09:24:57.028,0.97458,0.97476,1.50,1.50
2012.02.21 09:24:57.223,0.9746,0.97476,1.50,1.50
2012.02.21 09:24:57.535,0.97452,0.9747,2.05,1.50
2012.02.21 09:24:58.721,0.97451,0.97466,3.55,1.50
2012.02.21 09:24:59.366,0.9745,0.97468,1.50,1.50
2012.02.21 09:24:59.491,0.97451,0.97466,1.50,1.50
2012.02.21 09:25:00.055,0.97451,0.97467,1.50,1.50
2012.02.21 09:25:00.373,0.97451,0.97469,1.50,1.50
2012.02.21 09:25:01.839,0.97452,0.97468,1.50,1.50
2012.02.21 09:25:02.353,0.9745,0.97468,1.50,1.50
2012.02.21 09:25:02.423,0.97452,0.97468,1.50,1.50
2012.02.21 09:25:02.801,0.97453,0.97471,1.50,1.50
2012.02.21 09:25:03.303,0.97454,0.97471,1.50,1.50
2012.02.21 09:25:03.372,0.97452,0.97468,1.50,1.50
2012.02.21 09:25:03.983,0.97451,0.97469,1.88,1.50
2012.02.21 09:25:04.284,0.9745,0.97467,1.68,1.50
2012.02.21 09:25:07.184,0.9745,0.97467,1.88,1.50
2012.02.21 09:25:07.553,0.97451,0.97469,2.05,1.50
2012.02.21 09:25:07.686,0.9745,0.97467,3.55,1.50
2012.02.21 09:25:08.212,0.9745,0.97465,2.05,1.50
2012.02.21 09:25:08.342,0.9745,0.97467,2.05,1.50
2012.02.21 09:25:08.513,0.97449,0.97466,1.50,1.50
2012.02.21 09:25:08.703,0.97447,0.97463,2.80,1.50
2012.02.21 09:25:09.343,0.97451,0.97466,1.50,1.50
2012.02.21 09:25:09.602,0.97446,0.97464,3.55,1.50
2012.02.21 09:25:09.732,0.97445,0.97462,2.05,1.50
2012.02.21 09:25:10.334,0.97445,0.97461,2.05,1.50
2012.02.21 09:25:10.522,0.97447,0.97463,1.50,1.50
2012.02.21 09:25:11.331,0.97446,0.97464,1.50,1.50
2012.02.21 09:25:11.411,0.97448,0.97466,1.50,1.50
2012.02.21 09:25:11.723,0.97446,0.97464,1.50,1.50
2012.02.21 09:25:12.043,0.97452,0.97468,1.50,1.50
2012.02.21 09:25:12.462,0.97449,0.97465,1.50,1.50
2012.02.21 09:25:12.533,0.97449,0.97467,1.50,1.50
2012.02.21 09:25:13.173,0.97452,0.97468,1.50,1.50
2012.02.21 09:25:13.570,0.97447,0.97465,1.50,1.50
2012.02.21 09:25:13.866,0.9745,0.97466,1.50,1.50
2012.02.21 09:25:13.991,0.97447,0.97465,1.50,1.50
2012.02.21 09:25:14.513,0.97446,0.97462,3.38,1.50
2012.02.21 09:25:15.278,0.97447,0.97465,1.50,1.50
2012.02.21 09:25:17.048,0.97446,0.97462,1.88,1.50
2012.02.21 09:25:17.869,0.97448,0.97464,1.50,1.50
2012.02.21 09:25:17.935,0.97446,0.97464,1.88,1.50
2012.02.21 09:25:20.152,0.97446,0.97463,1.50,1.50
2012.02.21 09:25:20.792,0.97446,0.97464,3.00,1.50
2012.02.21 09:25:20.878,0.97448,0.97466,1.50,1.50
2012.02.21 09:25:21.182,0.97445,0.9746,1.50,1.50
2012.02.21 09:25:21.730,0.97446,0.97462,1.50,1.50
2012.02.21 09:25:23.162,0.97444,0.97462,1.50,1.50
2012.02.21 09:25:23.230,0.97444,0.97462,1.50,2.85
2012.02.21 09:25:23.483,0.97437,0.97453,1.50,2.10
2012.02.21 09:25:23.555,0.97435,0.97451,1.50,1.50
2012.02.21 09:25:24.185,0.97436,0.97452,1.50,1.50
2012.02.21 09:25:24.623,0.97437,0.97454,1.50,3.00
2012.02.21 09:25:24.751,0.97439,0.97455,1.50,1.50
2012.02.21 09:25:25.315,0.97438,0.97456,1.50,1.50
2012.02.21 09:25:25.980,0.97439,0.97456,1.50,1.50
2012.02.21 09:25:26.486,0.97441,0.97457,1.50,1.50
2012.02.21 09:25:26.792,0.97437,0.97453,1.50,2.10
2012.02.21 09:25:27.111,0.97437,0.97455,3.00,1.50
2012.02.21 09:25:27.303,0.97439,0.97457,1.50,1.88
2012.02.21 09:25:27.819,0.97439,0.97457,1.50,1.50
2012.02.21 09:25:28.433,0.97441,0.97457,1.50,1.50
2012.02.21 09:25:29.373,0.9744,0.97456,1.50,1.50
2012.02.21 09:25:29.447,0.9744,0.97458,1.50,1.50
2012.02.21 09:25:31.451,0.97439,0.97455,1.50,1.50
2012.02.21 09:25:31.522,0.97437,0.97455,1.50,1.50
2012.02.21 09:25:32.324,0.97438,0.97454,3.00,1.50
2012.02.21 09:25:32.391,0.97439,0.97457,1.50,1.50
2012.02.21 09:25:33.440,0.97439,0.97456,1.50,1.50
2012.02.21 09:25:33.585,0.97442,0.9746,1.50,1.50
2012.02.21 09:25:33.852,0.97444,0.9746,1.50,1.50
2012.02.21 09:25:34.605,0.97443,0.97459,1.50,1.50
2012.02.21 09:25:35.242,0.97443,0.97461,1.50,1.50
2012.02.21 09:25:35.311,0.97442,0.97458,1.50,1.50
2012.02.21 09:25:35.381,0.9744,0.97458,1.50,1.50
2012.02.21 09:25:35.453,0.97439,0.97454,1.50,1.50
2012.02.21 09:25:35.523,0.97437,0.97454,1.50,1.88
2012.02.21 09:25:35.590,0.97437,0.97452,1.50,2.10
2012.02.21 09:25:35.722,0.97435,0.97452,3.00,2.10
2012.02.21 09:25:35.852,0.97438,0.97456,1.50,1.88
2012.02.21 09:25:36.172,0.97444,0.9746,1.50,1.88
2012.02.21 09:25:36.246,0.97441,0.97459,3.00,1.88
2012.02.21 09:25:36.314,0.97441,0.97459,3.00,1.50
2012.02.21 09:25:36.501,0.97441,0.97457,1.50,1.50
2012.02.21 09:25:36.703,0.97439,0.97457,3.00,1.50
2012.02.21 09:25:38.142,0.97442,0.97458,1.50,1.50
2012.02.21 09:25:38.833,0.97443,0.97459,1.50,1.50
2012.02.21 09:25:39.188,0.97447,0.97465,1.50,1.88
2012.02.21 09:25:39.340,0.97445,0.97463,1.50,1.88
2012.02.21 09:25:39.470,0.97445,0.97461,1.50,1.50
2012.02.21 09:25:40.807,0.97446,0.97464,1.50,1.50
2012.02.21 09:25:41.903,0.97448,0.97466,1.50,1.50
2012.02.21 09:25:42.259,0.97446,0.97462,1.50,1.50
2012.02.21 09:25:43.038,0.97444,0.97462,3.00,1.50
2012.02.21 09:25:43.580,0.97442,0.9746,1.50,1.50
2012.02.21 09:25:44.383,0.97444,0.9746,1.50,1.50
2012.02.21 09:25:46.573,0.97446,0.97462,1.50,3.60
2012.02.21 09:25:46.881,0.97444,0.9746,1.50,1.50
2012.02.21 09:25:47.132,0.97441,0.97458,3.00,1.50
2012.02.21 09:25:47.322,0.97443,0.97458,1.50,1.50
2012.02.21 09:25:47.392,0.97442,0.9746,1.50,1.50
2012.02.21 09:25:47.461,0.9744,0.97456,3.00,1.50
2012.02.21 09:25:48.013,0.97441,0.97457,1.50,1.50
2012.02.21 09:25:49.006,0.97443,0.97461,1.50,1.50
2012.02.21 09:25:49.081,0.97442,0.97459,1.50,1.50
2012.02.21 09:25:49.400,0.97437,0.97453,1.50,2.10
2012.02.21 09:25:49.710,0.97439,0.97453,1.50,2.10
2012.02.21 09:25:50.715,0.97438,0.97453,1.50,2.10
2012.02.21 09:25:54.774,0.97439,0.97453,1.50,2.10
2012.02.21 09:25:54.938,0.97439,0.97456,1.50,1.50
2012.02.21 09:25:55.065,0.97439,0.97454,1.50,1.50
2012.02.21 09:25:55.133,0.97437,0.97455,1.50,1.50
2012.02.21 09:25:55.201,0.97437,0.97453,1.50,2.10
2012.02.21 09:25:55.752,0.97438,0.97453,1.50,2.10
2012.02.21 09:25:55.825,0.97435,0.97453,1.50,3.60
2012.02.21 09:25:56.702,0.97437,0.97453,1.50,2.10
2012.02.21 09:25:59.759,0.97436,0.97452,1.50,1.50
2012.02.21 09:26:00.332,0.97436,0.97453,1.50,2.10
2012.02.21 09:26:01.219,0.97436,0.97452,1.50,1.50
2012.02.21 09:26:01.723,0.97435,0.97452,1.50,1.50
2012.02.21 09:26:02.030,0.97432,0.9745,1.50,1.50
2012.02.21 09:26:02.439,0.97435,0.9745,1.50,1.50
2012.02.21 09:26:04.875,0.97434,0.97452,1.50,1.50
2012.02.21 09:26:05.091,0.97435,0.9745,1.50,1.50
2012.02.21 09:26:07.281,0.97435,0.97448,1.50,1.50
2012.02.21 09:26:07.350,0.97428,0.97442,1.50,2.10
2012.02.21 09:26:07.601,0.97425,0.97441,1.50,1.50
2012.02.21 09:26:07.806,0.97427,0.97442,1.50,2.10
2012.02.21 09:26:08.572,0.97428,0.97442,1.50,2.10
2012.02.21 09:26:10.156,0.97429,0.97442,1.50,2.10
2012.02.21 09:26:10.392,0.97427,0.97442,1.50,2.10
2012.02.21 09:26:10.522,0.97427,0.97439,1.50,1.50
2012.02.21 09:26:10.595,0.97419,0.97437,1.88,1.50
2012.02.21 09:26:10.666,0.97419,0.97432,1.50,2.10
2012.02.21 09:26:10.862,0.9742,0.97435,1.50,1.50
2012.02.21 09:26:11.231,0.97418,0.97433,1.50,1.50
2012.02.21 09:26:11.371,0.97422,0.97438,1.50,1.50
2012.02.21 09:26:12.113,0.97417,0.97435,1.50,1.50
2012.02.21 09:26:12.384,0.9742,0.97436,1.50,1.50
2012.02.21 09:26:12.452,0.97421,0.97439,1.50,1.50
2012.02.21 09:26:12.732,0.9742,0.97437,1.50,1.50
2012.02.21 09:26:13.058,0.97422,0.97438,1.50,1.50
2012.02.21 09:26:13.957,0.97422,0.97438,1.50,2.10
2012.02.21 09:26:14.262,0.97411,0.97427,1.68,1.50
2012.02.21 09:26:14.334,0.97415,0.97429,1.50,1.50
2012.02.21 09:26:14.527,0.97416,0.97431,1.50,1.88
2012.02.21 09:26:15.013,0.97417,0.97435,1.50,1.50
2012.02.21 09:26:15.141,0.97419,0.97437,1.50,1.50
2012.02.21 09:26:15.914,0.97415,0.97432,1.50,3.00
2012.02.21 09:26:16.482,0.97415,0.97433,1.50,5.10
2012.02.21 09:26:16.801,0.97412,0.97428,1.50,1.50
2012.02.21 09:26:17.002,0.97412,0.9743,1.50,1.50
2012.02.21 09:26:17.541,0.97413,0.9743,1.50,1.50
2012.02.21 09:26:17.687,0.97415,0.97432,1.50,1.50
2012.02.21 09:26:19.871,0.97412,0.9743,1.50,1.50
2012.02.21 09:26:19.942,0.97412,0.97428,1.50,1.50
2012.02.21 09:26:20.250,0.9741,0.97426,1.50,1.50
2012.02.21 09:26:20.510,0.97408,0.97426,1.50,1.50
2012.02.21 09:26:20.713,0.9741,0.97426,1.50,1.50
2012.02.21 09:26:21.375,0.97408,0.9742,1.50,1.50
2012.02.21 09:26:21.506,0.97406,0.9742,1.50,1.50
2012.02.21 09:26:22.091,0.97406,0.97422,1.50,1.50
2012.02.21 09:26:22.351,0.97406,0.97424,1.50,1.50
2012.02.21 09:26:22.486,0.97406,0.97419,1.50,1.50
2012.02.21 09:26:22.731,0.97402,0.97417,1.50,1.50
2012.02.21 09:26:22.807,0.97406,0.97417,1.50,1.50
2012.02.21 09:26:22.876,0.97407,0.97425,1.50,2.85
2012.02.21 09:26:23.005,0.97407,0.97423,1.50,2.48
2012.02.21 09:26:23.077,0.97401,0.97419,1.50,1.50
2012.02.21 09:26:23.930,0.97401,0.97418,1.50,1.50
2012.02.21 09:26:24.466,0.97405,0.97421,1.50,1.88
2012.02.21 09:26:24.593,0.97402,0.9742,1.50,1.50
2012.02.21 09:26:24.899,0.97405,0.97421,1.50,1.50
2012.02.21 09:26:25.710,0.97405,0.97423,1.50,5.10
2012.02.21 09:26:25.784,0.97407,0.97425,1.50,1.50
2012.02.21 09:26:26.768,0.97408,0.97426,1.50,1.50
2012.02.21 09:26:27.083,0.97405,0.97423,1.50,1.88
2012.02.21 09:26:27.397,0.97407,0.97425,1.50,1.88
2012.02.21 09:26:27.524,0.97409,0.97427,1.50,1.50
2012.02.21 09:26:27.593,0.97413,0.97431,1.50,2.25
2012.02.21 09:26:28.532,0.97411,0.97427,1.50,1.50
2012.02.21 09:26:29.081,0.97412,0.97429,1.50,1.88
2012.02.21 09:26:29.533,0.97414,0.97431,1.50,1.50
2012.02.21 09:26:30.163,0.97412,0.97429,1.50,1.50
2012.02.21 09:26:30.958,0.97411,0.97428,1.50,1.88
2012.02.21 09:26:31.411,0.97409,0.97427,1.50,1.50
2012.02.21 09:26:31.556,0.97408,0.97425,1.50,1.50
2012.02.21 09:26:31.985,0.97406,0.97421,1.50,1.50
2012.02.21 09:26:32.521,0.97405,0.97421,1.50,1.50
2012.02.21 09:26:33.089,0.97406,0.97424,1.50,1.50
2012.02.21 09:26:34.415,0.97409,0.97424,1.50,1.50
2012.02.21 09:26:34.722,0.97412,0.97428,1.50,1.35
2012.02.21 09:26:34.913,0.97404,0.97419,1.50,1.50
2012.02.21 09:26:35.512,0.97399,0.97416,1.50,1.50
2012.02.21 09:26:35.588,0.97401,0.97417,1.50,1.50
2012.02.21 09:26:35.716,0.97401,0.97419,1.50,1.50
2012.02.21 09:26:35.845,0.974,0.97416,1.50,1.50
2012.02.21 09:26:37.730,0.97404,0.97416,1.50,1.50
2012.02.21 09:26:37.799,0.97401,0.97417,1.50,1.50
2012.02.21 09:26:38.350,0.97401,0.97417,1.50,2.25
2012.02.21 09:26:40.098,0.97402,0.97416,1.50,1.13
2012.02.21 09:26:40.169,0.97404,0.97416,1.50,1.13
2012.02.21 09:26:40.577,0.97405,0.97421,1.50,1.13
2012.02.21 09:26:40.703,0.97403,0.9742,1.50,1.88
2012.02.21 09:26:40.989,0.97394,0.97412,2.25,1.50
2012.02.21 09:26:41.342,0.97398,0.97414,1.50,1.50
2012.02.21 09:26:41.530,0.97395,0.97413,1.50,1.50
2012.02.21 09:26:42.245,0.97399,0.97415,1.50,1.50
2012.02.21 09:26:42.706,0.97402,0.97418,1.50,1.50
2012.02.21 09:26:43.062,0.974,0.97416,1.50,1.50
2012.02.21 09:26:43.641,0.97402,0.97418,1.50,1.50
2012.02.21 09:26:43.939,0.97402,0.9742,1.50,1.88
2012.02.21 09:26:44.242,0.97404,0.9742,1.50,1.50
2012.02.21 09:26:44.472,0.97404,0.97422,1.50,1.50
2012.02.21 09:26:44.660,0.97402,0.9742,1.50,1.50
2012.02.21 09:26:45.388,0.97404,0.9742,1.50,1.50
2012.02.21 09:26:45.703,0.97402,0.97418,1.50,1.50
2012.02.21 09:26:46.243,0.97401,0.97417,1.50,1.50
2012.02.21 09:26:47.870,0.97401,0.97416,1.50,1.50
2012.02.21 09:26:48.069,0.97396,0.97414,1.50,1.50
2012.02.21 09:26:48.133,0.97394,0.97411,1.50,1.50
2012.02.21 09:26:48.205,0.97392,0.9741,3.00,1.50
2012.02.21 09:26:48.330,0.97391,0.97407,1.50,1.50
2012.02.21 09:26:48.402,0.97389,0.97407,1.50,1.50
2012.02.21 09:26:48.472,0.97392,0.97408,1.50,3.00
2012.02.21 09:26:49.141,0.97394,0.9741,1.50,1.50
2012.02.21 09:26:49.465,0.97399,0.97415,1.50,1.50
2012.02.21 09:26:50.020,0.97397,0.97413,1.50,1.50
2012.02.21 09:26:50.331,0.97395,0.97413,1.88,1.50
2012.02.21 09:26:50.400,0.97398,0.97415,1.50,1.50
2012.02.21 09:26:51.385,0.97398,0.97416,1.50,1.50
2012.02.21 09:26:51.719,0.97396,0.97414,1.50,1.50
2012.02.21 09:26:52.170,0.97398,0.97414,1.50,1.50
2012.02.21 09:26:52.240,0.97398,0.97416,1.50,3.00
2012.02.21 09:26:52.372,0.97398,0.97414,1.50,1.50
2012.02.21 09:26:52.874,0.97399,0.97416,1.50,1.50
2012.02.21 09:26:53.570,0.97398,0.97416,1.50,1.50
2012.02.21 09:26:54.033,0.97398,0.97413,1.50,2.10
2012.02.21 09:26:54.101,0.97395,0.97413,3.00,3.60
2012.02.21 09:26:54.630,0.97396,0.97413,1.50,2.10
2012.02.21 09:26:55.141,0.97395,0.97413,1.50,1.50
2012.02.21 09:26:55.950,0.97396,0.97412,1.50,1.50
2012.02.21 09:26:59.080,0.97397,0.97413,1.50,1.50
2012.02.21 09:26:59.546,0.97395,0.97412,1.50,1.50
2012.02.21 09:27:00.524,0.97396,0.97411,1.50,1.50
2012.02.21 09:27:00.791,0.97395,0.97413,1.50,1.50
2012.02.21 09:27:01.321,0.97396,0.97411,1.50,1.50
2012.02.21 09:27:01.543,0.97395,0.97413,1.50,1.50
2012.02.21 09:27:02.069,0.97396,0.97414,1.50,1.50
2012.02.21 09:27:02.191,0.97395,0.97412,1.50,1.50
2012.02.21 09:27:02.744,0.97396,0.97411,1.50,1.50
2012.02.21 09:27:03.696,0.97388,0.97406,1.50,1.50
2012.02.21 09:27:03.761,0.97387,0.97403,1.50,1.50
2012.02.21 09:27:04.015,0.97389,0.97407,1.50,2.63
2012.02.21 09:27:04.322,0.97392,0.97407,1.50,1.50
2012.02.21 09:27:04.575,0.97396,0.97412,1.50,2.10
2012.02.21 09:27:05.726,0.97395,0.97408,1.50,1.88
2012.02.21 09:27:05.790,0.97392,0.97408,1.50,1.88
2012.02.21 09:27:06.377,0.97395,0.9741,1.50,2.25
2012.02.21 09:27:06.632,0.97398,0.97412,1.50,2.10
2012.02.21 09:27:06.701,0.97398,0.97415,1.50,1.50
2012.02.21 09:27:07.092,0.97397,0.97413,1.50,1.50
2012.02.21 09:27:07.572,0.97395,0.97411,1.50,1.50
2012.02.21 09:27:08.082,0.97396,0.97412,1.50,3.98
2012.02.21 09:27:08.396,0.97394,0.97412,1.50,1.88
2012.02.21 09:27:09.361,0.97395,0.97413,1.50,5.10
2012.02.21 09:27:09.872,0.97396,0.97413,1.50,3.98
2012.02.21 09:27:10.384,0.97396,0.97412,1.50,1.50
2012.02.21 09:27:12.231,0.97398,0.97413,1.50,1.50
2012.02.21 09:27:12.741,0.97397,0.97412,1.50,1.50
2012.02.21 09:27:14.355,0.97397,0.97414,1.50,3.00
2012.02.21 09:27:15.406,0.97402,0.9742,1.50,3.00
2012.02.21 09:27:15.487,0.97399,0.97419,1.50,1.50
2012.02.21 09:27:15.623,0.97402,0.9742,1.50,1.50
2012.02.21 09:27:16.201,0.97401,0.97421,1.50,1.50
2012.02.21 09:27:16.567,0.97401,0.97419,1.50,1.88
2012.02.21 09:27:17.712,0.97399,0.97416,3.00,1.50
2012.02.21 09:27:18.034,0.97405,0.97421,1.50,1.13
2012.02.21 09:27:18.375,0.97404,0.97422,1.50,1.13
2012.02.21 09:27:18.634,0.97405,0.97421,1.50,2.25
2012.02.21 09:27:19.003,0.97408,0.97422,1.50,1.13
2012.02.21 09:27:19.720,0.97406,0.97422,1.50,2.63
2012.02.21 09:27:21.284,0.97407,0.97422,1.50,1.13
2012.02.21 09:27:22.751,0.97409,0.97422,1.50,1.13
2012.02.21 09:27:23.193,0.97406,0.97422,3.00,2.63
2012.02.21 09:27:24.207,0.97391,0.97422,1.30,3.23
2012.02.21 09:27:24.705,0.97392,0.97422,1.30,3.23
2012.02.21 09:27:24.898,0.97391,0.97422,1.30,3.23
2012.02.21 09:27:25.680,0.97392,0.97422,1.15,3.23
2012.02.21 09:27:25.749,0.97393,0.97422,1.35,2.85
2012.02.21 09:27:25.930,0.97399,0.97432,1.30,3.23
2012.02.21 09:27:26.737,0.97397,0.97431,3.03,1.13
2012.02.21 09:27:26.800,0.97397,0.97429,3.03,1.13
2012.02.21 09:27:27.328,0.97403,0.97433,1.53,3.23
2012.02.21 09:27:27.391,0.97403,0.97433,1.53,2.48
2012.02.21 09:27:27.976,0.97408,0.97441,2.65,1.73
2012.02.21 09:27:28.240,0.97408,0.97438,4.38,1.13
2012.02.21 09:27:28.427,0.97401,0.97432,2.48,3.23
2012.02.21 09:27:28.609,0.97407,0.97441,2.85,1.13
2012.02.21 09:27:28.917,0.97407,0.97441,3.03,1.13
2012.02.21 09:27:29.582,0.97405,0.97433,1.53,2.10
2012.02.21 09:27:29.831,0.97408,0.97441,2.65,1.13
2012.02.21 09:27:30.168,0.97408,0.97441,2.65,1.50
2012.02.21 09:27:30.688,0.97407,0.97441,1.68,1.13
2012.02.21 09:27:30.931,0.97408,0.97441,2.85,1.13
2012.02.21 09:27:31.698,0.97408,0.97442,2.85,3.45
2012.02.21 09:27:31.767,0.97409,0.97442,1.53,2.48
2012.02.21 09:27:32.101,0.97418,0.97446,2.10,1.13
2012.02.21 09:27:32.529,0.97418,0.97446,2.10,1.13
2012.02.21 09:27:33.359,0.97418,0.97448,2.10,1.13
2012.02.21 09:27:33.564,0.97418,0.97448,2.48,1.13
2012.02.21 09:27:33.931,0.97412,0.97447,1.30,1.35
2012.02.21 09:27:34.061,0.97408,0.97442,1.15,1.13
2012.02.21 09:27:34.978,0.97407,0.97441,3.40,1.13
2012.02.21 09:27:35.708,0.97407,0.97442,3.23,1.50
2012.02.21 09:27:35.948,0.97411,0.97441,1.13,1.13
2012.02.21 09:27:36.009,0.97411,0.97442,1.30,1.13
2012.02.21 09:27:37.375,0.97413,0.97446,1.13,1.13
2012.02.21 09:27:37.444,0.97417,0.97446,1.13,1.13
2012.02.21 09:27:39.213,0.97417,0.97443,1.13,2.10
2012.02.21 09:27:39.521,0.97411,0.97442,1.50,1.35
2012.02.21 09:27:40.180,0.97412,0.97442,1.13,1.73
2012.02.21 09:27:40.881,0.9741,0.97442,1.30,1.13
2012.02.21 09:27:41.409,0.97407,0.97442,3.78,1.13
2012.02.21 09:27:41.712,0.9741,0.97442,1.13,1.13
2012.02.21 09:27:42.274,0.97411,0.97441,1.13,1.13
2012.02.21 09:27:42.344,0.97411,0.97441,1.13,1.13
2012.02.21 09:27:43.049,0.9741,0.97441,1.13,1.13
2012.02.21 09:27:43.948,0.9741,0.97442,1.13,1.13
2012.02.21 09:27:44.072,0.97412,0.97442,1.13,1.13
2012.02.21 09:27:44.740,0.97412,0.97443,1.30,2.85
2012.02.21 09:27:46.920,0.97411,0.97443,1.30,2.85
2012.02.21 09:27:48.209,0.97407,0.97442,3.78,1.13
2012.02.21 09:27:49.259,0.97411,0.97442,1.13,1.13
2012.02.21 09:27:50.360,0.97407,0.97442,3.78,1.13
2012.02.21 09:27:50.420,0.97411,0.97442,1.30,1.13
2012.02.21 09:27:51.569,0.97407,0.97443,3.78,3.98
2012.02.21 09:27:52.248,0.9741,0.97444,1.30,1.13
2012.02.21 09:27:52.395,0.9741,0.97444,1.30,1.13
2012.02.21 09:27:52.690,0.97411,0.97447,1.30,1.13
2012.02.21 09:27:53.792,0.97408,0.97443,3.03,1.13
2012.02.21 09:27:54.117,0.97407,0.97441,3.78,1.13
2012.02.21 09:27:54.835,0.97417,0.97441,2.10,1.13
2012.02.21 09:27:54.963,0.97411,0.97445,1.30,1.13
2012.02.21 09:27:56.003,0.97408,0.97443,1.30,1.13
2012.02.21 09:27:56.538,0.97408,0.97443,1.30,1.13
2012.02.21 09:27:58.485,0.97408,0.97444,1.90,1.13
2012.02.21 09:27:59.040,0.97411,0.97449,2.05,1.88
2012.02.21 09:27:59.884,0.97418,0.97449,2.48,1.13
2012.02.21 09:28:00.860,0.97417,0.97452,3.40,1.13
2012.02.21 09:28:01.312,0.97417,0.97451,3.03,1.13
2012.02.21 09:28:01.439,0.97417,0.97453,3.03,3.23
2012.02.21 09:28:02.741,0.97417,0.97451,3.78,1.13
2012.02.21 09:28:06.650,0.97421,0.97453,1.30,4.58
2012.02.21 09:28:09.530,0.97421,0.97453,1.30,4.58
2012.02.21 09:28:09.721,0.97417,0.97448,4.15,2.10
2012.02.21 09:28:10.169,0.97417,0.97449,4.15,1.13
2012.02.21 09:28:10.538,0.97417,0.97454,1.30,1.50
2012.02.21 09:28:11.051,0.97417,0.9745,1.30,1.13
2012.02.21 09:28:11.732,0.97417,0.97453,4.15,5.33
2012.02.21 09:28:12.158,0.97417,0.9745,1.50,1.35
2012.02.21 09:28:13.454,0.97414,0.97449,1.30,1.88
2012.02.21 09:28:13.521,0.97412,0.97444,2.28,1.13
2012.02.21 09:28:13.741,0.97414,0.97449,1.30,1.88
2012.02.21 09:28:14.780,0.97417,0.97449,2.10,1.88
2012.02.21 09:28:14.989,0.97417,0.97449,2.10,1.50
2012.02.21 09:28:17.256,0.97417,0.97449,2.65,1.13
2012.02.21 09:28:20.029,0.97417,0.97449,2.65,1.13
2012.02.21 09:28:21.009,0.97413,0.97443,1.30,2.10
2012.02.21 09:28:21.564,0.97408,0.97443,1.90,2.48
2012.02.21 09:28:25.318,0.97408,0.97443,1.90,2.48
2012.02.21 09:28:28.998,0.97408,0.9744,1.90,1.13
2012.02.21 09:28:29.488,0.97402,0.97439,1.30,1.13
2012.02.21 09:28:29.548,0.97402,0.97439,1.30,1.50
2012.02.21 09:28:30.731,0.97402,0.97438,1.68,1.88
2012.02.21 09:28:31.770,0.97406,0.97437,1.13,1.13
2012.02.21 09:28:31.838,0.97406,0.97438,1.30,1.13
2012.02.21 09:28:33.094,0.97406,0.97441,1.30,1.73
2012.02.21 09:28:33.490,0.97407,0.97441,1.13,1.13
2012.02.21 09:28:34.921,0.97412,0.97443,1.13,2.85
2012.02.21 09:28:35.568,0.97407,0.97443,3.98,3.60
2012.02.21 09:28:35.630,0.97407,0.97441,3.23,1.50
2012.02.21 09:28:36.659,0.97401,0.97438,1.68,1.13
2012.02.21 09:28:36.777,0.97401,0.97436,1.30,1.50
2012.02.21 09:28:37.850,0.97397,0.97432,3.78,1.13
2012.02.21 09:28:38.267,0.97399,0.97432,1.13,1.50
2012.02.21 09:28:38.588,0.97398,0.97432,2.48,1.50
2012.02.21 09:28:38.711,0.97394,0.97429,1.30,1.13
2012.02.21 09:28:39.218,0.97398,0.97426,2.10,1.35
2012.02.21 09:28:39.408,0.97394,0.97426,1.30,1.35
2012.02.21 09:28:39.467,0.97391,0.97426,1.68,1.35
2012.02.21 09:28:39.652,0.97394,0.97426,1.30,1.35
2012.02.21 09:28:40.179,0.97392,0.97426,1.30,1.73
2012.02.21 09:28:41.010,0.97393,0.97426,1.30,1.35
2012.02.21 09:28:41.190,0.97392,0.97426,1.30,1.35
2012.02.21 09:28:42.570,0.97397,0.97426,2.10,1.73
2012.02.21 09:28:43.564,0.97391,0.97426,1.30,1.73
2012.02.21 09:28:44.330,0.97391,0.97426,1.30,1.73
2012.02.21 09:28:48.819,0.97386,0.97412,1.30,2.10
2012.02.21 09:28:48.950,0.97386,0.97412,1.30,2.10
2012.02.21 09:28:49.194,0.97386,0.97419,1.30,1.13
2012.02.21 09:28:50.085,0.97385,0.97417,1.13,1.13
2012.02.21 09:28:50.268,0.97381,0.97417,1.68,1.13
2012.02.21 09:28:52.141,0.97381,0.97416,1.68,1.50
2012.02.21 09:28:53.419,0.97381,0.97416,1.68,1.13
2012.02.21 09:28:54.922,0.97381,0.97415,1.30,1.13
2012.02.21 09:28:55.554,0.97377,0.97409,1.13,1.13
2012.02.21 09:28:55.634,0.97376,0.97403,1.13,2.10
2012.02.21 09:28:55.877,0.97373,0.97403,1.30,2.85
2012.02.21 09:28:55.998,0.97367,0.97401,3.23,1.50
2012.02.21 09:28:56.179,0.97367,0.97401,1.13,1.50
2012.02.21 09:28:56.870,0.97366,0.97399,1.30,1.35
2012.02.21 09:28:59.130,0.97364,0.97396,1.30,1.50
2012.02.21 09:28:59.202,0.97362,0.97396,1.68,1.50
2012.02.21 09:28:59.827,0.97368,0.97395,2.10,1.13
2012.02.21 09:29:00.234,0.97368,0.97401,3.23,1.13
2012.02.21 09:29:01.000,0.97371,0.97401,1.13,1.13
2012.02.21 09:29:01.509,0.97367,0.974,2.65,1.13
2012.02.21 09:29:02.189,0.97367,0.97401,3.03,2.63
2012.02.21 09:29:02.698,0.97367,0.97398,2.48,1.88
2012.02.21 09:29:03.208,0.97362,0.97398,2.10,1.50
2012.02.21 09:29:03.370,0.97362,0.97395,1.35,1.50
2012.02.21 09:29:03.498,0.97358,0.97394,1.53,1.50
2012.02.21 09:29:03.680,0.97359,0.97391,1.13,1.88
2012.02.21 09:29:03.747,0.97357,0.97391,3.83,1.88
2012.02.21 09:29:04.239,0.97359,0.97392,1.13,2.25
2012.02.21 09:29:04.475,0.9736,0.97392,1.13,1.88
2012.02.21 09:29:05.150,0.97357,0.97392,2.48,1.13
2012.02.21 09:29:05.217,0.9736,0.97392,1.13,1.13
2012.02.21 09:29:05.520,0.97362,0.97393,1.13,2.85
2012.02.21 09:29:05.589,0.97362,0.97393,1.13,2.85
2012.02.21 09:29:06.168,0.97362,0.97396,1.13,1.13
2012.02.21 09:29:06.449,0.97362,0.97393,1.13,1.13
2012.02.21 09:29:06.983,0.97362,0.97393,1.13,1.13
2012.02.21 09:29:07.163,0.97363,0.97393,1.13,1.13
2012.02.21 09:29:08.199,0.97366,0.97394,1.13,1.13
2012.02.21 09:29:08.729,0.97363,0.97394,1.13,1.13
2012.02.21 09:29:10.069,0.97367,0.97396,2.10,1.50
2012.02.21 09:29:10.598,0.97363,0.97396,1.13,1.50
2012.02.21 09:29:11.634,0.97361,0.97396,1.30,1.13
2012.02.21 09:29:11.773,0.97366,0.97393,1.13,2.10
2012.02.21 09:29:11.964,0.97367,0.974,2.10,1.50
2012.02.21 09:29:12.512,0.97361,0.974,2.05,1.50
2012.02.21 09:29:12.847,0.97361,0.97402,2.05,3.60
2012.02.21 09:29:13.032,0.97367,0.97403,3.03,3.60
2012.02.21 09:29:13.991,0.97371,0.97403,1.30,3.60
2012.02.21 09:29:14.601,0.97371,0.97403,1.30,3.60
2012.02.21 09:29:15.192,0.97369,0.97402,1.30,1.13
2012.02.21 09:29:15.318,0.97367,0.97401,3.60,1.13
2012.02.21 09:29:15.378,0.97367,0.97401,3.23,1.13
2012.02.21 09:29:17.179,0.97365,0.97397,1.30,1.13
2012.02.21 09:29:17.998,0.97365,0.97397,1.30,1.13
2012.02.21 09:29:18.675,0.97361,0.97396,1.68,1.50
2012.02.21 09:29:19.178,0.97361,0.97393,1.68,2.10
2012.02.21 09:29:19.241,0.9736,0.97397,1.30,1.13
2012.02.21 09:29:20.037,0.97359,0.97397,1.30,1.13
2012.02.21 09:29:20.664,0.97361,0.97395,1.68,1.13
2012.02.21 09:29:22.239,0.97364,0.97396,1.50,1.13
2012.02.21 09:29:25.618,0.97362,0.97395,1.68,1.50
2012.02.21 09:29:25.685,0.97359,0.97396,1.30,1.13
2012.02.21 09:29:26.331,0.97362,0.97395,1.68,1.50
2012.02.21 09:29:26.689,0.97362,0.97394,1.68,1.13
2012.02.21 09:29:27.081,0.97361,0.97398,1.30,1.50
2012.02.21 09:29:27.900,0.97367,0.97397,2.65,1.13
2012.02.21 09:29:27.967,0.97367,0.97399,3.03,1.88
2012.02.21 09:29:28.092,0.97367,0.97402,3.03,1.88
2012.02.21 09:29:28.573,0.97368,0.97404,3.03,1.13
2012.02.21 09:29:28.645,0.97367,0.97403,1.68,2.85
2012.02.21 09:29:29.475,0.97366,0.97403,2.05,2.48
2012.02.21 09:29:29.723,0.97371,0.97407,1.13,1.50
2012.02.21 09:29:30.032,0.97371,0.97408,1.68,1.13
2012.02.21 09:29:30.938,0.97367,0.97407,4.15,1.50
2012.02.21 09:29:31.036,0.97368,0.97402,3.03,2.48
2012.02.21 09:29:31.231,0.97372,0.97402,1.13,2.48
2012.02.21 09:29:31.480,0.97371,0.97403,1.30,2.85
2012.02.21 09:29:32.028,0.9737,0.97403,1.30,2.85
2012.02.21 09:29:32.613,0.97366,0.97402,1.68,1.13
2012.02.21 09:29:32.799,0.97364,0.974,1.30,1.50
2012.02.21 09:29:33.004,0.97367,0.97401,1.68,1.13
2012.02.21 09:29:33.341,0.97367,0.974,1.30,1.13
2012.02.21 09:29:33.800,0.97365,0.97397,1.13,1.13
2012.02.21 09:29:34.587,0.97361,0.97397,1.68,1.13
2012.02.21 09:29:34.828,0.97361,0.97397,1.30,1.13
2012.02.21 09:29:35.207,0.97363,0.97397,1.30,1.13
2012.02.21 09:29:35.823,0.97368,0.97396,2.10,1.13
2012.02.21 09:29:36.775,0.97368,0.97396,2.85,1.13
2012.02.21 09:29:37.043,0.97368,0.97398,2.10,1.13
2012.02.21 09:29:37.169,0.97368,0.97402,2.48,3.23
2012.02.21 09:29:38.040,0.97366,0.97402,1.30,1.13
2012.02.21 09:29:38.786,0.97368,0.97405,3.03,1.13
2012.02.21 09:29:38.865,0.97361,0.97396,1.30,1.13
2012.02.21 09:29:39.080,0.97363,0.97392,1.13,2.48
2012.02.21 09:29:39.209,0.97361,0.97396,1.13,1.13
2012.02.21 09:29:39.761,0.97358,0.97392,1.30,2.10
2012.02.21 09:29:41.289,0.97362,0.97393,1.30,2.48
2012.02.21 09:29:41.378,0.97359,0.97392,1.68,1.13
2012.02.21 09:29:41.758,0.97357,0.97391,1.68,1.13
2012.02.21 09:29:42.321,0.97359,0.97391,1.68,1.13
2012.02.21 09:29:42.389,0.97356,0.97391,1.68,1.13
2012.02.21 09:29:44.054,0.97351,0.97389,1.68,1.13
2012.02.21 09:29:44.122,0.97351,0.97389,1.68,1.50
2012.02.21 09:29:44.312,0.97355,0.97383,1.13,2.10
2012.02.21 09:29:44.919,0.97352,0.97383,1.68,1.13
2012.02.21 09:29:45.473,0.97352,0.97384,1.68,1.13
2012.02.21 09:29:46.238,0.97356,0.97386,1.13,1.13
2012.02.21 09:29:47.461,0.97356,0.97387,1.13,1.13
2012.02.21 09:29:48.633,0.97358,0.97387,2.10,1.13
2012.02.21 09:29:48.967,0.97358,0.97389,2.48,1.13
2012.02.21 09:29:50.209,0.97361,0.97392,1.13,2.85
2012.02.21 09:29:50.268,0.97361,0.97392,1.30,2.48
2012.02.21 09:29:51.209,0.97361,0.97392,1.30,2.48
2012.02.21 09:29:51.994,0.97363,0.97392,1.13,2.48
2012.02.21 09:29:52.452,0.97367,0.97397,2.48,1.13
2012.02.21 09:29:52.579,0.97367,0.97398,2.48,1.13
2012.02.21 09:29:53.368,0.97367,0.97399,2.85,1.13
2012.02.21 09:29:53.553,0.97367,0.97403,3.40,2.85
2012.02.21 09:29:54.556,0.97367,0.97403,3.40,2.85
2012.02.21 09:29:55.744,0.97368,0.97404,3.40,1.50
2012.02.21 09:29:55.869,0.97378,0.97409,2.65,1.50
2012.02.21 09:29:56.705,0.97378,0.97409,2.48,1.50
2012.02.21 09:30:01.729,0.97378,0.97411,3.40,1.88
2012.02.21 09:30:04.130,0.97378,0.97411,3.40,1.13
2012.02.21 09:30:04.410,0.97378,0.97411,3.40,1.13
2012.02.21 09:30:06.257,0.97378,0.97412,3.40,2.48
2012.02.21 09:30:06.520,0.97379,0.97412,1.30,2.10
2012.02.21 09:30:07.068,0.97382,0.97415,1.30,1.13
2012.02.21 09:30:07.631,0.97383,0.97417,1.30,1.50
2012.02.21 09:30:07.763,0.97383,0.97418,1.30,1.88
2012.02.21 09:30:08.345,0.97385,0.97418,1.30,1.13
2012.02.21 09:30:08.416,0.97385,0.97418,1.30,1.13
2012.02.21 09:30:09.523,0.97387,0.97419,3.03,1.13
2012.02.21 09:30:11.423,0.97387,0.97419,3.03,1.13
2012.02.21 09:30:12.106,0.97385,0.97419,1.30,1.13
2012.02.21 09:30:12.534,0.97383,0.97416,1.30,1.13
2012.02.21 09:30:13.079,0.97383,0.97416,1.30,1.13
2012.02.21 09:30:16.261,0.97383,0.97416,1.30,1.13
2012.02.21 09:30:16.431,0.97383,0.97418,1.30,1.50
2012.02.21 09:30:17.213,0.97377,0.97413,3.78,1.13
2012.02.21 09:30:17.279,0.97377,0.97412,3.78,1.13
2012.02.21 09:30:18.481,0.97381,0.97413,1.50,2.85
2012.02.21 09:30:18.608,0.97388,0.97419,2.48,1.88
2012.02.21 09:30:19.180,0.97388,0.97419,3.03,1.50
2012.02.21 09:30:19.549,0.97388,0.97422,3.03,3.23
2012.02.21 09:30:19.768,0.97388,0.97422,3.03,3.23
2012.02.21 09:30:19.952,0.97388,0.97421,3.03,1.50
2012.02.21 09:30:21.008,0.97388,0.97421,3.03,1.88
2012.02.21 09:30:25.143,0.97388,0.97421,3.03,2.48
2012.02.21 09:30:26.050,0.97388,0.97421,3.03,2.10
2012.02.21 09:30:26.748,0.97388,0.97421,3.03,1.50
2012.02.21 09:30:27.221,0.97393,0.97421,1.35,1.13
2012.02.21 09:30:27.290,0.97394,0.97422,1.53,2.10
2012.02.21 09:30:27.483,0.97394,0.97428,1.53,1.50
2012.02.21 09:30:28.149,0.97394,0.97428,1.90,1.13
2012.02.21 09:30:28.452,0.97397,0.9743,3.03,1.13
2012.02.21 09:30:29.059,0.97387,0.97422,1.68,2.85
2012.02.21 09:30:29.178,0.97384,0.97413,1.90,2.10
2012.02.21 09:30:29.360,0.97384,0.97413,1.53,2.10
2012.02.21 09:30:31.563,0.97382,0.97413,1.30,2.10
2012.02.21 09:30:32.446,0.97379,0.97413,1.30,2.48
2012.02.21 09:30:32.630,0.97379,0.97412,1.30,1.13
2012.02.21 09:30:32.969,0.97377,0.97411,1.30,1.50
2012.02.21 09:30:33.905,0.97376,0.97407,1.13,1.13
2012.02.21 09:30:34.558,0.97372,0.97403,1.68,2.10
2012.02.21 09:30:34.739,0.97376,0.97406,1.30,1.13
2012.02.21 09:30:35.182,0.97372,0.97406,1.68,1.50
2012.02.21 09:30:36.230,0.97377,0.97406,2.10,1.50
2012.02.21 09:30:36.652,0.97377,0.97409,2.65,1.73
2012.02.21 09:30:36.900,0.97367,0.97398,1.68,1.13
2012.02.21 09:30:37.381,0.97367,0.97397,1.30,1.13
2012.02.21 09:30:38.575,0.97364,0.97397,1.30,1.50
2012.02.21 09:30:38.860,0.97368,0.97406,1.30,1.13
2012.02.21 09:30:40.459,0.97371,0.97407,1.30,1.13
2012.02.21 09:30:41.172,0.97373,0.97406,1.13,1.13
2012.02.21 09:30:41.305,0.97371,0.97403,1.30,2.48
2012.02.21 09:30:41.374,0.97367,0.97402,1.68,2.85
2012.02.21 09:30:41.502,0.97367,0.97401,1.30,1.13
2012.02.21 09:30:42.071,0.97367,0.97392,1.30,2.10
2012.02.21 09:30:43.389,0.97366,0.97402,1.30,3.60
2012.02.21 09:30:43.448,0.97366,0.97402,1.68,3.23
2012.02.21 09:30:44.251,0.97368,0.97393,1.30,2.10
2012.02.21 09:30:44.365,0.97368,0.97403,1.30,3.60
2012.02.21 09:30:44.433,0.97367,0.97403,1.68,3.98
2012.02.21 09:30:45.133,0.97363,0.97402,1.90,1.13
2012.02.21 09:30:45.870,0.97367,0.97403,3.03,2.85
2012.02.21 09:30:45.941,0.97367,0.97403,3.03,2.48
2012.02.21 09:30:46.470,0.9737,0.97403,1.30,2.85
2012.02.21 09:30:47.413,0.97369,0.97402,1.15,3.23
2012.02.21 09:30:48.130,0.97367,0.97402,1.68,1.13
2012.02.21 09:30:48.750,0.97376,0.97403,1.30,2.10
2012.02.21 09:30:48.818,0.97376,0.97409,1.30,2.10
2012.02.21 09:30:52.160,0.97372,0.97409,1.53,2.10
2012.02.21 09:30:53.244,0.97376,0.97407,1.13,1.13
2012.02.21 09:30:54.214,0.97377,0.97407,1.13,1.13
2012.02.21 09:30:55.100,0.97376,0.97411,1.90,1.13
2012.02.21 09:30:55.621,0.97377,0.97411,1.13,1.13
2012.02.21 09:30:56.058,0.97373,0.97407,1.30,1.13
2012.02.21 09:30:57.547,0.97371,0.97407,1.68,1.13
2012.02.21 09:30:57.871,0.97371,0.97402,1.68,2.10
2012.02.21 09:30:58.181,0.97371,0.97402,1.30,2.48
2012.02.21 09:30:58.669,0.97368,0.97402,1.15,1.13
2012.02.21 09:30:59.240,0.9737,0.97401,1.53,1.13
2012.02.21 09:30:59.880,0.97367,0.97401,1.90,1.13
2012.02.21 09:31:00.388,0.9737,0.97406,1.15,1.13
2012.02.21 09:31:02.887,0.97372,0.97408,1.50,1.50
2012.02.21 09:31:03.084,0.97379,0.97413,1.15,2.48
2012.02.21 09:31:04.408,0.97379,0.97413,1.35,2.85
2012.02.21 09:31:04.464,0.97378,0.97413,1.53,2.85
2012.02.21 09:31:04.781,0.97374,0.97406,1.30,1.35
2012.02.21 09:31:04.969,0.97369,0.97402,2.10,3.23
2012.02.21 09:31:05.092,0.97369,0.97401,1.53,1.13
2012.02.21 09:31:05.339,0.97367,0.974,1.30,1.35
2012.02.21 09:31:05.826,0.97367,0.97401,1.13,1.73
2012.02.21 09:31:06.657,0.97364,0.97397,1.15,1.13
2012.02.21 09:31:07.616,0.97362,0.97397,1.90,1.13
2012.02.21 09:31:07.682,0.97362,0.97397,1.90,1.50
2012.02.21 09:31:09.171,0.97361,0.97392,3.03,2.48
2012.02.21 09:31:11.460,0.97365,0.97392,1.35,2.48
2012.02.21 09:31:12.021,0.9736,0.97392,1.30,2.48
2012.02.21 09:31:14.372,0.97359,0.97393,1.53,3.23
2012.02.21 09:31:15.500,0.97359,0.97391,1.53,1.13
2012.02.21 09:31:16.445,0.97359,0.97391,1.35,1.13
2012.02.21 09:31:18.228,0.97361,0.97391,1.35,1.50
2012.02.21 09:31:21.970,0.97361,0.97391,1.35,1.50
2012.02.21 09:31:22.224,0.97362,0.97391,1.13,1.13
2012.02.21 09:31:22.288,0.97362,0.97393,1.13,3.23
2012.02.21 09:31:23.074,0.97362,0.97396,1.13,1.50
2012.02.21 09:31:23.199,0.97362,0.97396,1.13,1.50
2012.02.21 09:31:23.861,0.97368,0.97397,1.35,1.50
2012.02.21 09:31:24.143,0.97363,0.97397,1.13,1.50
2012.02.21 09:31:24.613,0.97365,0.97397,1.13,1.13
2012.02.21 09:31:28.889,0.97365,0.97396,1.13,1.13
2012.02.21 09:31:32.238,0.97362,0.97393,1.90,1.13
2012.02.21 09:31:32.559,0.97362,0.97392,1.53,2.48
2012.02.21 09:31:32.879,0.97362,0.97392,1.35,3.23
2012.02.21 09:31:34.001,0.97362,0.97391,1.35,1.13
2012.02.21 09:31:34.923,0.97362,0.97391,1.35,1.13
2012.02.21 09:31:34.989,0.97362,0.97391,1.53,1.13
2012.02.21 09:31:37.512,0.97362,0.97392,1.35,3.60
2012.02.21 09:31:38.519,0.97362,0.97392,1.35,3.60
2012.02.21 09:31:38.579,0.97362,0.97392,1.13,3.23
2012.02.21 09:31:38.758,0.97362,0.97392,1.30,2.48
2012.02.21 09:31:38.883,0.97366,0.97393,1.50,2.10
2012.02.21 09:31:39.192,0.97369,0.97396,1.13,1.13
2012.02.21 09:31:39.320,0.97363,0.97393,1.13,2.48
2012.02.21 09:31:39.484,0.97363,0.97393,1.13,2.85
2012.02.21 09:31:39.668,0.97371,0.97401,1.13,1.35
2012.02.21 09:31:40.321,0.97366,0.97401,2.05,1.73
2012.02.21 09:31:41.079,0.97361,0.97401,1.68,2.10
2012.02.21 09:31:41.200,0.97361,0.97397,1.30,1.13
2012.02.21 09:31:42.110,0.97362,0.97397,1.30,1.13
2012.02.21 09:31:42.232,0.97365,0.97397,1.13,1.13
2012.02.21 09:31:42.730,0.97365,0.97397,1.13,1.13
2012.02.21 09:31:43.268,0.97372,0.97403,1.13,3.60
2012.02.21 09:31:43.327,0.97372,0.97403,1.13,3.60
2012.02.21 09:31:44.601,0.97372,0.97402,1.13,2.48
2012.02.21 09:31:46.849,0.97372,0.97402,1.13,2.10
2012.02.21 09:31:47.390,0.97375,0.97402,1.13,2.10
2012.02.21 09:31:50.874,0.97372,0.97402,1.30,2.10
2012.02.21 09:31:51.417,0.97372,0.97405,1.30,1.35
2012.02.21 09:31:51.538,0.97372,0.97405,1.30,1.35
2012.02.21 09:31:52.042,0.97375,0.97405,1.13,1.35
2012.02.21 09:31:52.686,0.97374,0.97405,1.13,1.35
2012.02.21 09:31:53.549,0.97374,0.97407,1.30,1.13
2012.02.21 09:31:54.081,0.97377,0.97407,1.13,1.13
2012.02.21 09:31:54.770,0.97377,0.97407,1.13,1.13
2012.02.21 09:31:54.842,0.97376,0.97406,1.13,1.35
2012.02.21 09:31:55.030,0.97372,0.97403,1.30,2.10
2012.02.21 09:31:55.161,0.97372,0.97406,1.30,1.35
2012.02.21 09:31:56.136,0.97375,0.9741,1.30,1.73
2012.02.21 09:31:56.691,0.9737,0.97407,1.30,1.13
2012.02.21 09:31:57.028,0.9737,0.97407,1.30,1.13
2012.02.21 09:31:57.720,0.97375,0.97406,1.13,1.13
2012.02.21 09:31:58.431,0.97374,0.97406,1.30,1.50
2012.02.21 09:31:58.561,0.97372,0.97406,1.68,1.13
2012.02.21 09:31:59.860,0.97372,0.97406,1.50,1.13
2012.02.21 09:32:00.802,0.97372,0.97403,1.13,2.85
2012.02.21 09:32:01.222,0.97373,0.97403,1.13,2.48
2012.02.21 09:32:02.008,0.97372,0.97403,1.30,2.48
2012.02.21 09:32:05.220,0.97372,0.97403,1.13,3.60
2012.02.21 09:32:05.659,0.97372,0.97403,1.13,2.85
2012.02.21 09:32:07.710,0.97371,0.97403,1.30,2.85
2012.02.21 09:32:08.938,0.97368,0.97403,1.68,3.23
2012.02.21 09:32:09.208,0.97365,0.97398,1.15,1.50
2012.02.21 09:32:09.332,0.97367,0.97403,1.68,2.85
2012.02.21 09:32:10.019,0.97373,0.97408,1.30,1.13
2012.02.21 09:32:10.196,0.97373,0.97406,1.30,1.13
2012.02.21 09:32:10.443,0.97365,0.97402,1.53,2.48
2012.02.21 09:32:11.291,0.97365,0.97399,1.53,1.13
2012.02.21 09:32:12.644,0.97366,0.97399,1.68,1.13
2012.02.21 09:32:13.534,0.97366,0.97399,1.68,1.13
2012.02.21 09:32:15.783,0.97365,0.97398,1.53,1.13
2012.02.21 09:32:17.708,0.97367,0.97398,1.68,1.73
2012.02.21 09:32:17.769,0.97367,0.97398,1.13,2.10
2012.02.21 09:32:17.828,0.97367,0.97392,1.13,2.10
2012.02.21 09:32:18.860,0.97368,0.97398,1.13,1.35
2012.02.21 09:32:18.934,0.97366,0.97398,1.13,1.35
2012.02.21 09:32:19.067,0.97366,0.97399,1.30,1.73
2012.02.21 09:32:19.129,0.97366,0.97399,2.05,1.35
2012.02.21 09:32:19.782,0.97367,0.97402,1.68,3.23
2012.02.21 09:32:20.103,0.97367,0.97401,1.68,1.13
2012.02.21 09:32:20.339,0.97367,0.97401,1.30,1.50
2012.02.21 09:32:21.477,0.97367,0.97398,1.30,1.50
2012.02.21 09:32:21.543,0.97366,0.97393,1.30,2.10
2012.02.21 09:32:21.850,0.97367,0.97398,1.73,1.50
2012.02.21 09:32:21.921,0.97367,0.97392,1.73,2.10
2012.02.21 09:32:22.319,0.97362,0.97392,1.13,2.48
2012.02.21 09:32:22.751,0.97361,0.97392,1.73,2.85
2012.02.21 09:32:22.879,0.9736,0.9739,1.53,1.13
2012.02.21 09:32:23.469,0.97362,0.97392,1.13,2.85
2012.02.21 09:32:23.758,0.97361,0.97391,1.13,1.13
2012.02.21 09:32:24.569,0.97361,0.97392,1.30,2.85
2012.02.21 09:32:25.132,0.97362,0.97392,1.30,2.48
2012.02.21 09:32:26.776,0.97358,0.97391,1.30,1.13
2012.02.21 09:32:27.203,0.97356,0.97383,1.68,2.10
2012.02.21 09:32:27.510,0.97352,0.97383,1.30,2.85
2012.02.21 09:32:28.090,0.97352,0.97383,2.05,2.85
2012.02.21 09:32:29.060,0.97348,0.97383,1.30,1.13
2012.02.21 09:32:29.220,0.97348,0.97383,1.30,3.60
2012.02.21 09:32:30.668,0.97348,0.97381,3.40,1.13
2012.02.21 09:32:34.271,0.97348,0.97378,3.03,1.13
2012.02.21 09:32:35.167,0.97347,0.97378,1.68,1.13
2012.02.21 09:32:35.490,0.97342,0.97377,2.05,1.13
2012.02.21 09:32:36.619,0.97346,0.97373,1.13,2.10
2012.02.21 09:32:36.739,0.97346,0.97377,1.13,1.13
2012.02.21 09:32:36.904,0.97346,0.97372,1.13,2.10
2012.02.21 09:32:37.152,0.97346,0.97377,1.13,1.13
2012.02.21 09:32:37.720,0.97346,0.97377,1.13,1.13
2012.02.21 09:32:38.297,0.97346,0.97377,1.13,1.13
2012.02.21 09:32:42.359,0.97344,0.97376,1.68,1.13
2012.02.21 09:32:42.417,0.97342,0.97376,1.68,1.13
2012.02.21 09:32:43.500,0.97344,0.97376,1.53,1.13
2012.02.21 09:32:43.630,0.97347,0.9738,1.53,1.13
2012.02.21 09:32:44.225,0.97342,0.97377,2.65,1.13
2012.02.21 09:32:44.294,0.97346,0.97376,1.35,1.13
2012.02.21 09:32:44.441,0.97347,0.97379,1.13,1.13
2012.02.21 09:32:44.509,0.97348,0.97381,2.65,1.13
2012.02.21 09:32:44.568,0.97348,0.97381,3.03,1.13
2012.02.21 09:32:45.149,0.97351,0.97381,1.13,1.13
2012.02.21 09:32:45.208,0.97351,0.97381,1.13,1.13
2012.02.21 09:32:45.509,0.97351,0.97384,1.30,1.88
2012.02.21 09:32:45.963,0.97351,0.97382,1.13,1.13
2012.02.21 09:32:48.432,0.97347,0.97379,1.68,1.13
2012.02.21 09:32:53.729,0.97347,0.97378,1.30,1.50
2012.02.21 09:32:53.849,0.97347,0.9737,1.13,1.73
2012.02.21 09:32:53.910,0.97337,0.97362,3.23,2.10
2012.02.21 09:32:54.456,0.97341,0.97368,1.35,1.50
2012.02.21 09:32:54.524,0.97342,0.97374,1.30,1.13
2012.02.21 09:32:55.111,0.97341,0.97373,2.28,2.48
2012.02.21 09:32:55.178,0.97341,0.97371,1.90,1.13
2012.02.21 09:32:57.447,0.97341,0.97371,1.15,1.88
2012.02.21 09:32:57.726,0.97345,0.97373,1.30,2.85
2012.02.21 09:32:58.079,0.97337,0.97373,2.05,2.48
2012.02.21 09:32:58.139,0.97337,0.97373,2.05,2.85
2012.02.21 09:32:59.148,0.97342,0.97372,1.30,2.48
2012.02.21 09:32:59.689,0.97342,0.97372,1.30,2.48
2012.02.21 09:33:00.231,0.97341,0.97372,1.30,2.48
2012.02.21 09:33:00.793,0.97341,0.97372,1.13,3.23
2012.02.21 09:33:01.658,0.97341,0.97372,1.13,2.85
2012.02.21 09:33:01.849,0.97334,0.97364,1.15,1.50
2012.02.21 09:33:02.378,0.97335,0.97366,1.13,1.13
2012.02.21 09:33:03.442,0.9733,0.97368,1.30,1.88
2012.02.21 09:33:03.511,0.97333,0.97368,1.30,1.50
2012.02.21 09:33:04.067,0.97331,0.97364,1.68,1.13
2012.02.21 09:33:04.691,0.97336,0.97369,1.13,1.35
2012.02.21 09:33:05.003,0.9734,0.97373,1.35,3.23
2012.02.21 09:33:05.074,0.9734,0.97373,1.73,3.23
2012.02.21 09:33:05.143,0.9734,0.97373,1.73,2.48
2012.02.21 09:33:05.211,0.9734,0.97373,1.35,2.48
2012.02.21 09:33:05.961,0.97339,0.97372,1.53,2.48
2012.02.21 09:33:06.248,0.97338,0.97371,1.30,1.13
2012.02.21 09:33:06.393,0.97336,0.97368,1.30,1.13
2012.02.21 09:33:06.710,0.97336,0.97363,1.53,2.10
2012.02.21 09:33:06.779,0.97336,0.97369,1.53,1.13
2012.02.21 09:33:07.825,0.97336,0.97369,1.90,1.13
2012.02.21 09:33:08.720,0.97336,0.97369,2.28,1.13
2012.02.21 09:33:10.661,0.97342,0.97373,1.50,2.25
2012.02.21 09:33:11.152,0.97346,0.97378,1.30,1.50
2012.02.21 09:33:11.699,0.97346,0.97378,1.30,1.50
2012.02.21 09:33:12.407,0.97346,0.97377,1.30,1.13
2012.02.21 09:33:12.706,0.97346,0.97378,1.13,1.13
2012.02.21 09:33:13.013,0.97341,0.97372,1.68,2.48
2012.02.21 09:33:13.406,0.97341,0.97372,1.30,2.48
2012.02.21 09:33:14.613,0.97341,0.97372,1.68,2.10
2012.02.21 09:33:14.684,0.97343,0.97376,1.30,1.13
2012.02.21 09:33:15.408,0.97343,0.97378,1.30,1.13
2012.02.21 09:33:16.243,0.97342,0.9737,1.53,1.13
2012.02.21 09:33:16.309,0.97338,0.9737,3.03,1.13
2012.02.21 09:33:17.400,0.97337,0.9737,1.30,1.88
2012.02.21 09:33:19.423,0.97337,0.9737,2.05,1.88
2012.02.21 09:33:19.731,0.97339,0.97371,1.90,1.50
2012.02.21 09:33:20.548,0.97342,0.97372,2.05,2.85
2012.02.21 09:33:20.889,0.97342,0.97372,1.68,2.10
2012.02.21 09:33:21.011,0.9734,0.97373,1.30,3.60
2012.02.21 09:33:21.561,0.9734,0.97373,1.30,3.60
2012.02.21 09:33:21.630,0.9734,0.97373,1.30,3.60
2012.02.21 09:33:21.759,0.97336,0.97368,1.30,1.13
2012.02.21 09:33:21.819,0.97336,0.97368,1.13,1.50
2012.02.21 09:33:22.348,0.97331,0.97369,2.65,2.25
2012.02.21 09:33:22.672,0.97333,0.97368,1.30,1.13
2012.02.21 09:33:22.741,0.97333,0.97372,1.30,1.88
2012.02.21 09:33:23.572,0.97339,0.97371,1.30,1.13
2012.02.21 09:33:23.699,0.97339,0.97371,1.30,1.50
2012.02.21 09:33:23.823,0.97342,0.97372,1.50,2.85
2012.02.21 09:33:24.075,0.97343,0.97378,1.90,1.50
2012.02.21 09:33:24.372,0.97346,0.97379,1.30,1.88
2012.02.21 09:33:25.191,0.97344,0.97378,1.30,1.50
2012.02.21 09:33:26.267,0.97342,0.97374,1.68,1.13
2012.02.21 09:33:27.181,0.97341,0.97374,1.68,1.13
2012.02.21 09:33:28.880,0.97347,0.97377,3.03,1.13
2012.02.21 09:33:29.395,0.97348,0.97382,1.30,1.13
2012.02.21 09:33:29.889,0.97347,0.97378,1.68,1.13
2012.02.21 09:33:33.311,0.97347,0.97378,1.13,1.50
2012.02.21 09:33:34.600,0.97346,0.97379,1.30,1.13
2012.02.21 09:33:35.498,0.97347,0.97384,3.03,1.88
2012.02.21 09:33:35.882,0.97349,0.97384,1.90,1.50
2012.02.21 09:33:35.949,0.97354,0.97387,1.30,1.13
2012.02.21 09:33:36.320,0.97357,0.97391,2.65,1.13
2012.02.21 09:33:36.380,0.97357,0.97392,3.03,1.13
2012.02.21 09:33:36.985,0.97356,0.97391,1.30,1.88
2012.02.21 09:33:37.159,0.97355,0.97389,1.53,1.13
2012.02.21 09:33:37.664,0.97357,0.9739,1.13,1.13
2012.02.21 09:33:38.441,0.97355,0.97389,1.15,1.50
2012.02.21 09:33:39.239,0.97352,0.97385,1.30,1.13
2012.02.21 09:33:39.952,0.97352,0.97387,2.05,1.13
2012.02.21 09:33:40.690,0.97354,0.97387,1.30,1.13
2012.02.21 09:33:41.269,0.97354,0.97388,1.30,1.13
2012.02.21 09:33:41.590,0.97354,0.97387,1.30,1.13
2012.02.21 09:33:41.673,0.97354,0.97389,1.30,1.50
2012.02.21 09:33:41.740,0.97349,0.97389,1.90,1.88
2012.02.21 09:33:42.614,0.97353,0.97389,1.90,1.13
2012.02.21 09:33:43.039,0.97357,0.97392,2.05,3.98
2012.02.21 09:33:43.582,0.97357,0.9739,1.30,1.13
2012.02.21 09:33:44.462,0.97361,0.97391,1.30,1.13
2012.02.21 09:33:45.626,0.97366,0.97393,1.30,2.48
2012.02.21 09:33:45.690,0.97366,0.97393,1.68,2.10
2012.02.21 09:33:45.759,0.97366,0.97399,1.68,1.50
2012.02.21 09:33:46.301,0.97364,0.97393,1.30,2.10
2012.02.21 09:33:46.373,0.97362,0.97393,1.15,2.48
2012.02.21 09:33:46.443,0.97362,0.97393,1.90,2.48
2012.02.21 09:33:46.662,0.97362,0.97396,1.15,1.13
2012.02.21 09:33:47.598,0.97362,0.97396,1.68,1.13
2012.02.21 09:33:48.480,0.97363,0.97399,1.30,1.50
2012.02.21 09:33:50.270,0.9736,0.97396,1.30,1.13
2012.02.21 09:33:51.270,0.97364,0.97399,1.13,1.50
2012.02.21 09:33:51.600,0.97363,0.97399,1.30,1.50
2012.02.21 09:33:51.883,0.97363,0.97399,1.30,1.50
2012.02.21 09:33:52.132,0.97373,0.97403,1.30,2.70
2012.02.21 09:33:52.535,0.97377,0.9741,2.48,1.13
2012.02.21 09:33:53.363,0.97375,0.9741,1.35,1.13
2012.02.21 09:33:53.436,0.97377,0.97416,1.30,1.13
2012.02.21 09:33:53.619,0.97377,0.97416,1.30,1.13
2012.02.21 09:33:54.193,0.97376,0.97416,1.90,1.50
2012.02.21 09:33:54.259,0.97376,0.97417,1.90,1.88
2012.02.21 09:33:54.490,0.97378,0.97416,3.25,1.13
2012.02.21 09:33:54.728,0.97378,0.97417,3.25,1.88
2012.02.21 09:33:55.290,0.97378,0.97416,3.25,1.88
2012.02.21 09:33:55.950,0.97378,0.97416,3.63,1.50
2012.02.21 09:33:56.390,0.97382,0.97419,1.15,1.50
2012.02.21 09:33:56.695,0.97376,0.97416,3.78,1.50
2012.02.21 09:33:57.043,0.97372,0.97412,1.68,2.10
2012.02.21 09:33:57.602,0.97376,0.97413,1.90,2.10
2012.02.21 09:33:58.297,0.97376,0.97413,1.90,2.10
2012.02.21 09:33:59.085,0.97376,0.97413,1.15,2.85
2012.02.21 09:33:59.471,0.97376,0.97413,1.15,2.85
2012.02.21 09:33:59.913,0.97377,0.97413,1.30,2.85
2012.02.21 09:34:00.691,0.97379,0.97417,1.13,1.50
2012.02.21 09:34:01.319,0.97379,0.97412,1.13,2.10
2012.02.21 09:34:01.515,0.97378,0.97412,3.25,2.10
2012.02.21 09:34:01.702,0.97379,0.97412,1.30,2.10
2012.02.21 09:34:03.332,0.97379,0.97412,1.30,2.10
2012.02.21 09:34:03.941,0.97379,0.97417,1.30,1.88
2012.02.21 09:34:04.016,0.97382,0.97417,1.30,1.88
2012.02.21 09:34:04.536,0.97382,0.97416,1.30,1.13
2012.02.21 09:34:05.398,0.97387,0.97416,2.48,1.13
2012.02.21 09:34:07.598,0.97382,0.97413,2.05,2.10
2012.02.21 09:34:08.210,0.97382,0.97413,1.68,2.48
2012.02.21 09:34:08.319,0.97382,0.97413,1.68,2.85
2012.02.21 09:34:09.309,0.97381,0.97413,1.30,2.85
2012.02.21 09:34:11.899,0.97382,0.97412,1.13,2.48
2012.02.21 09:34:12.081,0.97387,0.97416,2.85,1.13
2012.02.21 09:34:12.342,0.97387,0.97416,2.85,1.13
2012.02.21 09:34:12.769,0.97392,0.97426,1.30,1.73
2012.02.21 09:34:13.829,0.97393,0.97426,1.13,1.73
2012.02.21 09:34:14.641,0.97389,0.97421,1.13,1.13
2012.02.21 09:34:16.251,0.97391,0.97421,1.13,1.13
2012.02.21 09:34:16.446,0.97391,0.97422,1.30,1.13
2012.02.21 09:34:16.911,0.97393,0.97426,1.13,2.10
2012.02.21 09:34:18.240,0.97392,0.97422,1.13,1.13
2012.02.21 09:34:19.160,0.97391,0.97422,1.13,3.23
2012.02.21 09:34:20.190,0.97391,0.97422,1.13,3.23
2012.02.21 09:34:20.320,0.97392,0.97423,1.30,1.13
2012.02.21 09:34:20.388,0.97392,0.97424,1.68,1.13
2012.02.21 09:34:20.549,0.97394,0.97426,1.30,1.50
2012.02.21 09:34:20.732,0.97392,0.97424,1.68,1.50
2012.02.21 09:34:20.910,0.97394,0.97423,1.30,2.10
2012.02.21 09:34:21.658,0.97394,0.97427,1.13,1.13
2012.02.21 09:34:24.157,0.97394,0.97427,1.30,1.13
2012.02.21 09:34:24.480,0.97394,0.97427,1.30,1.13
2012.02.21 09:34:25.815,0.97398,0.97426,2.85,1.13
2012.02.21 09:34:26.271,0.97394,0.97426,1.50,1.13
2012.02.21 09:34:28.184,0.97394,0.97426,1.50,1.13
2012.02.21 09:34:29.130,0.97399,0.97432,1.13,1.13
2012.02.21 09:34:30.119,0.97397,0.9743,3.03,1.13
2012.02.21 09:34:30.212,0.97397,0.97429,2.28,1.50
2012.02.21 09:34:30.739,0.97397,0.97427,2.85,1.13
2012.02.21 09:34:31.030,0.97397,0.97427,2.85,1.13
2012.02.21 09:34:36.933,0.97397,0.97425,2.10,1.13
2012.02.21 09:34:37.060,0.9739,0.97422,1.30,2.85
2012.02.21 09:34:37.129,0.9739,0.97422,1.13,3.23
2012.02.21 09:34:37.251,0.97388,0.97421,2.48,1.73
2012.02.21 09:34:37.732,0.9739,0.97421,1.13,1.13
2012.02.21 09:34:38.496,0.97389,0.97421,1.13,1.13
2012.02.21 09:34:41.397,0.97387,0.97419,3.25,1.50
2012.02.21 09:34:43.070,0.97396,0.97423,2.10,3.60
2012.02.21 09:34:43.193,0.97387,0.97423,1.90,1.50
2012.02.21 09:34:43.261,0.9739,0.97427,1.35,1.50
2012.02.21 09:34:43.601,0.97394,0.97427,1.35,1.13
2012.02.21 09:34:43.850,0.97397,0.97427,2.48,1.13
2012.02.21 09:34:44.677,0.97399,0.97432,1.53,1.50
2012.02.21 09:34:44.741,0.97399,0.97433,1.90,3.23
2012.02.21 09:34:45.050,0.974,0.97433,1.30,1.13
2012.02.21 09:34:48.791,0.97407,0.97433,2.10,1.50
2012.02.21 09:34:48.872,0.974,0.97432,1.90,2.10
2012.02.21 09:34:48.999,0.974,0.97432,1.53,2.48
2012.02.21 09:34:49.139,0.974,0.97432,1.53,2.85
2012.02.21 09:34:49.256,0.974,0.97432,1.15,3.23
2012.02.21 09:34:50.214,0.97401,0.97432,1.50,2.85
2012.02.21 09:34:50.550,0.97406,0.97435,1.13,1.13
2012.02.21 09:34:50.670,0.97409,0.97439,1.30,1.13
2012.02.21 09:34:51.386,0.97407,0.97439,3.03,1.13
2012.02.21 09:34:51.509,0.97405,0.97438,1.30,1.13
2012.02.21 09:34:51.689,0.97405,0.97438,1.30,1.13
2012.02.21 09:34:51.749,0.97405,0.97432,1.30,2.10
2012.02.21 09:34:52.060,0.97398,0.97432,3.03,2.85
2012.02.21 09:34:52.129,0.97398,0.97431,3.03,1.13
2012.02.21 09:34:53.822,0.97398,0.97432,3.03,3.23
2012.02.21 09:34:54.705,0.97399,0.97431,1.68,1.13
2012.02.21 09:34:55.759,0.97398,0.97429,3.03,1.13
2012.02.21 09:34:57.900,0.97399,0.97432,1.13,3.23
2012.02.21 09:34:58.657,0.97398,0.97429,3.03,1.13
2012.02.21 09:35:00.493,0.97398,0.97429,3.03,1.13
2012.02.21 09:35:02.071,0.97398,0.97428,2.65,1.13
2012.02.21 09:35:02.607,0.97398,0.97428,2.10,1.50
2012.02.21 09:35:03.220,0.97398,0.97428,2.48,1.50
2012.02.21 09:35:04.740,0.97398,0.97428,2.65,1.50
2012.02.21 09:35:05.318,0.97398,0.97431,3.23,1.50
2012.02.21 09:35:06.103,0.97398,0.97428,2.48,1.50
2012.02.21 09:35:06.673,0.97398,0.97428,2.65,1.13
2012.02.21 09:35:06.742,0.97398,0.97432,3.03,2.85
2012.02.21 09:35:07.493,0.974,0.97433,1.30,2.85
2012.02.21 09:35:07.679,0.97402,0.97435,1.30,1.50
2012.02.21 09:35:08.232,0.97402,0.97435,1.30,1.13
2012.02.21 09:35:09.545,0.97404,0.97436,1.30,1.13
2012.02.21 09:35:09.610,0.97406,0.97439,1.35,1.50
2012.02.21 09:35:10.356,0.9741,0.97442,1.30,2.85
2012.02.21 09:35:10.997,0.97408,0.97439,2.65,1.50
2012.02.21 09:35:11.242,0.97408,0.97435,2.65,1.13
2012.02.21 09:35:11.314,0.97408,0.97438,2.65,1.50
2012.02.21 09:35:11.763,0.97408,0.97438,3.03,1.13
2012.02.21 09:35:12.328,0.97408,0.97438,3.03,1.13
2012.02.21 09:35:12.859,0.97408,0.97439,3.63,1.13
2012.02.21 09:35:13.750,0.97413,0.97442,1.30,2.85
2012.02.21 09:35:13.822,0.97413,0.97442,1.30,2.10
2012.02.21 09:35:13.890,0.97417,0.97443,2.10,1.13
2012.02.21 09:35:14.221,0.97412,0.97442,1.68,2.48
2012.02.21 09:35:14.810,0.97418,0.97446,2.48,1.50
2012.02.21 09:35:14.990,0.97418,0.97447,2.48,1.13
2012.02.21 09:35:15.213,0.97418,0.97446,2.48,1.50
2012.02.21 09:35:15.280,0.97418,0.97447,2.48,1.13
2012.02.21 09:35:15.993,0.97418,0.97449,3.03,1.13
2012.02.21 09:35:16.992,0.97418,0.97449,3.03,1.50
2012.02.21 09:35:17.065,0.97418,0.97449,3.03,1.13
2012.02.21 09:35:17.148,0.97418,0.97449,3.03,1.13
2012.02.21 09:35:17.373,0.97418,0.9745,3.40,1.13
2012.02.21 09:35:17.444,0.97421,0.97452,1.30,2.10
2012.02.21 09:35:17.515,0.97418,0.97452,3.03,2.48
2012.02.21 09:35:18.000,0.97418,0.9745,3.03,1.13
2012.02.21 09:35:18.132,0.97418,0.97452,3.03,2.85
2012.02.21 09:35:18.201,0.97418,0.97451,3.03,1.13
2012.02.21 09:35:19.045,0.9742,0.97451,1.15,1.13
2012.02.21 09:35:19.664,0.97422,0.97453,1.13,1.88
2012.02.21 09:35:19.730,0.97422,0.97456,1.68,1.13
2012.02.21 09:35:20.100,0.97428,0.97456,2.10,1.13
2012.02.21 09:35:20.860,0.97428,0.97458,2.48,1.50
2012.02.21 09:35:21.051,0.97428,0.97459,3.03,1.13
2012.02.21 09:35:21.670,0.97427,0.97459,3.03,1.13
2012.02.21 09:35:21.794,0.97427,0.97459,2.65,1.50
2012.02.21 09:35:21.860,0.97427,0.97458,2.48,1.13
2012.02.21 09:35:21.979,0.97421,0.97453,1.30,2.85
2012.02.21 09:35:22.859,0.97427,0.97457,2.10,1.13
2012.02.21 09:35:23.100,0.9742,0.97453,1.13,3.23
2012.02.21 09:35:24.071,0.97419,0.97445,1.13,2.48
2012.02.21 09:35:24.313,0.97409,0.97442,1.90,2.85
2012.02.21 09:35:24.443,0.97413,0.97446,1.30,1.13
2012.02.21 09:35:24.694,0.97413,0.97442,1.30,2.10
2012.02.21 09:35:25.518,0.9741,0.97443,1.30,2.10
2012.02.21 09:35:25.584,0.97408,0.97442,3.40,3.23
2012.02.21 09:35:25.716,0.97408,0.97442,3.40,2.48
2012.02.21 09:35:25.898,0.97408,0.97442,3.40,2.85
2012.02.21 09:35:26.094,0.97408,0.97441,3.40,1.13
2012.02.21 09:35:26.217,0.97408,0.9744,3.03,1.13
2012.02.21 09:35:26.790,0.97408,0.97439,2.48,1.13
2012.02.21 09:35:27.524,0.97408,0.97441,2.10,1.13
2012.02.21 09:35:28.789,0.97408,0.97441,2.85,1.50
2012.02.21 09:35:29.102,0.97408,0.97442,3.40,2.48
2012.02.21 09:35:29.812,0.97417,0.97443,2.48,1.13
2012.02.21 09:35:29.875,0.97417,0.97449,3.03,1.13
2012.02.21 09:35:30.496,0.97414,0.97449,1.30,1.50
2012.02.21 09:35:31.157,0.97414,0.97449,1.30,1.50
2012.02.21 09:35:32.284,0.97413,0.97448,1.30,1.50
2012.02.21 09:35:32.882,0.97413,0.97449,1.30,1.50
2012.02.21 09:35:33.650,0.97413,0.97447,1.30,1.13
2012.02.21 09:35:34.341,0.97413,0.97452,1.30,1.50
2012.02.21 09:35:34.410,0.97416,0.97448,1.30,1.13
2012.02.21 09:35:35.401,0.97413,0.97448,1.30,1.13
2012.02.21 09:35:35.961,0.97413,0.97449,1.30,1.50
2012.02.21 09:35:36.524,0.97417,0.97449,3.03,1.50
2012.02.21 09:35:37.259,0.97414,0.97443,1.30,2.10
2012.02.21 09:35:37.380,0.97414,0.97451,1.30,1.13
2012.02.21 09:35:37.443,0.97412,0.97451,1.30,1.13
2012.02.21 09:35:37.568,0.97412,0.97452,1.30,3.60
2012.02.21 09:35:38.486,0.97427,0.97452,2.10,1.13
2012.02.21 09:35:38.668,0.97419,0.97453,1.30,2.85
2012.02.21 09:35:39.299,0.97419,0.97453,1.30,2.48
2012.02.21 09:35:40.080,0.97428,0.97455,2.10,1.13
2012.02.21 09:35:40.956,0.97419,0.97454,1.30,1.13
2012.02.21 09:35:41.776,0.97419,0.97454,1.30,1.50
2012.02.21 09:35:42.088,0.97418,0.9745,1.30,1.13
2012.02.21 09:35:42.802,0.97415,0.9745,1.30,1.50
2012.02.21 09:35:43.957,0.9742,0.97452,1.53,2.85
2012.02.21 09:35:44.028,0.97418,0.97452,1.30,2.48
2012.02.21 09:35:44.510,0.97428,0.97459,3.03,1.13
2012.02.21 09:35:46.066,0.97428,0.9746,2.65,1.13
2012.02.21 09:35:46.619,0.97428,0.97457,2.10,1.13
2012.02.21 09:35:47.340,0.97422,0.97452,1.30,2.10
2012.02.21 09:35:48.179,0.97421,0.97456,1.68,1.13
2012.02.21 09:35:48.627,0.9742,0.97457,1.53,1.13
2012.02.21 09:35:49.407,0.97422,0.97455,1.30,1.13
2012.02.21 09:35:49.857,0.97419,0.97451,1.53,1.13
2012.02.21 09:35:49.999,0.9742,0.97453,1.35,1.13
2012.02.21 09:35:51.119,0.97421,0.97452,1.68,2.10
2012.02.21 09:35:53.331,0.97422,0.97452,1.68,2.48
2012.02.21 09:35:54.087,0.97422,0.97452,3.40,2.48
2012.02.21 09:35:54.420,0.97426,0.97453,1.50,2.10
2012.02.21 09:35:54.550,0.97428,0.97462,3.03,3.60
2012.02.21 09:35:55.432,0.97428,0.97462,3.03,3.23
2012.02.21 09:35:55.609,0.97428,0.97461,2.48,1.13
2012.02.21 09:36:01.252,0.97428,0.97459,2.85,1.13
2012.02.21 09:36:01.378,0.97437,0.97463,2.10,1.13
2012.02.21 09:36:01.504,0.97437,0.97464,2.10,1.13
2012.02.21 09:36:02.058,0.97437,0.97466,2.10,1.13
2012.02.21 09:36:02.570,0.97437,0.97467,2.48,1.13
2012.02.21 09:36:03.116,0.97438,0.97466,2.10,1.13
2012.02.21 09:36:03.238,0.97438,0.97469,2.48,1.13
2012.02.21 09:36:03.558,0.97437,0.97471,3.03,1.13
2012.02.21 09:36:03.911,0.97436,0.97462,1.30,2.10
2012.02.21 09:36:04.231,0.97434,0.97469,1.30,2.63
2012.02.21 09:36:04.301,0.97429,0.97466,1.30,1.13
2012.02.21 09:36:05.088,0.97437,0.97469,2.28,1.13
2012.02.21 09:36:05.213,0.97437,0.97472,3.25,1.13
2012.02.21 09:36:05.728,0.97437,0.97472,3.25,1.13
2012.02.21 09:36:05.939,0.97437,0.97469,2.65,1.13
2012.02.21 09:36:06.417,0.97433,0.97468,1.30,1.13
2012.02.21 09:36:07.189,0.97433,0.97468,1.30,1.13
2012.02.21 09:36:07.255,0.97433,0.97468,1.30,1.13
2012.02.21 09:36:08.086,0.97433,0.97471,1.30,1.13
2012.02.21 09:36:08.223,0.97432,0.97469,1.68,1.13
2012.02.21 09:36:09.935,0.97433,0.97469,1.30,1.50
2012.02.21 09:36:12.638,0.97433,0.97469,1.30,1.50
2012.02.21 09:36:12.991,0.97433,0.97467,1.30,1.13
2012.02.21 09:36:14.072,0.97428,0.97467,1.30,1.13
2012.02.21 09:36:14.140,0.97437,0.97467,2.10,1.13
2012.02.21 09:36:14.811,0.97437,0.97466,2.10,1.13
2012.02.21 09:36:15.131,0.97437,0.97469,2.48,1.13
2012.02.21 09:36:16.120,0.97437,0.97469,3.03,1.13
2012.02.21 09:36:16.306,0.97437,0.97466,3.03,1.13
2012.02.21 09:36:17.640,0.97437,0.97466,2.65,1.13
2012.02.21 09:36:18.522,0.97437,0.97468,3.40,1.50
2012.02.21 09:36:18.589,0.97437,0.97468,3.40,1.13
2012.02.21 09:36:19.409,0.97437,0.97471,3.78,1.88
2012.02.21 09:36:20.696,0.97437,0.97468,3.60,1.13
2012.02.21 09:36:21.669,0.97437,0.97467,2.85,1.50
2012.02.21 09:36:22.095,0.97432,0.97463,1.30,3.60
2012.02.21 09:36:22.162,0.97429,0.97462,1.30,1.13
2012.02.21 09:36:22.486,0.97427,0.97459,3.03,1.13
2012.02.21 09:36:23.070,0.97427,0.97459,3.03,1.50
2012.02.21 09:36:23.913,0.97429,0.97462,1.13,1.50
2012.02.21 09:36:24.100,0.97438,0.97466,2.10,1.73
2012.02.21 09:36:24.350,0.97431,0.97463,1.68,2.10
2012.02.21 09:36:24.772,0.97428,0.97463,1.30,3.45
2012.02.21 09:36:25.813,0.97427,0.97461,3.03,1.13
2012.02.21 09:36:26.691,0.97431,0.97465,1.13,1.13
2012.02.21 09:36:26.760,0.97431,0.97466,1.68,1.13
2012.02.21 09:36:26.828,0.97432,0.97465,1.68,1.50
2012.02.21 09:36:27.334,0.97427,0.97462,3.40,1.35
2012.02.21 09:36:28.070,0.97422,0.97461,1.68,1.50
2012.02.21 09:36:28.371,0.97424,0.97463,1.30,3.23
2012.02.21 09:36:28.681,0.97428,0.97462,3.23,2.48
2012.02.21 09:36:29.011,0.97422,0.97457,1.68,1.13
2012.02.21 09:36:29.716,0.97438,0.97472,2.65,1.73
2012.02.21 09:36:29.783,0.97438,0.97472,3.03,1.73
2012.02.21 09:36:30.509,0.97436,0.97471,1.30,1.88
2012.02.21 09:36:30.629,0.97435,0.97471,1.30,1.50
2012.02.21 09:36:31.510,0.97448,0.97472,2.10,1.35
2012.02.21 09:36:32.161,0.97439,0.97476,1.30,1.88
2012.02.21 09:36:32.901,0.97438,0.97472,3.03,1.50
2012.02.21 09:36:32.976,0.97434,0.97466,1.30,1.35
2012.02.21 09:36:33.283,0.97426,0.97462,1.68,2.85
2012.02.21 09:36:33.470,0.97426,0.97461,1.68,1.13
2012.02.21 09:36:33.761,0.97424,0.9746,1.30,1.13
2012.02.21 09:36:34.398,0.97427,0.97459,1.13,1.13
2012.02.21 09:36:35.050,0.97427,0.9746,1.30,1.13
2012.02.21 09:36:35.108,0.97427,0.97462,1.68,3.23
2012.02.21 09:36:36.159,0.97428,0.97462,3.03,2.85
2012.02.21 09:36:36.744,0.97427,0.97459,3.03,1.13
2012.02.21 09:36:36.815,0.97428,0.97464,1.30,1.35
2012.02.21 09:36:37.520,0.97429,0.97463,1.30,2.85
2012.02.21 09:36:37.580,0.97427,0.97461,1.68,1.13
2012.02.21 09:36:39.588,0.97431,0.97461,1.30,1.13
2012.02.21 09:36:39.769,0.97431,0.97466,1.30,1.50
2012.02.21 09:36:40.296,0.97427,0.97463,1.30,3.60
2012.02.21 09:36:40.419,0.97427,0.97461,1.30,1.13
2012.02.21 09:36:40.912,0.97422,0.97461,2.05,1.50
2012.02.21 09:36:41.942,0.97426,0.97461,1.30,1.13
2012.02.21 09:36:44.660,0.97422,0.97458,2.05,1.50
2012.02.21 09:36:44.920,0.97436,0.97461,2.10,1.13
2012.02.21 09:36:45.523,0.97431,0.97466,1.30,1.13
2012.02.21 09:36:45.711,0.97431,0.97465,1.30,1.13
2012.02.21 09:36:46.684,0.97429,0.97462,1.15,1.13
2012.02.21 09:36:46.752,0.97427,0.9746,3.60,1.13
2012.02.21 09:36:47.302,0.97423,0.9746,1.30,1.13
2012.02.21 09:36:48.119,0.97426,0.97462,1.68,3.23
2012.02.21 09:36:49.265,0.97428,0.97462,2.85,3.23
2012.02.21 09:36:49.750,0.97432,0.97462,1.13,2.85
2012.02.21 09:36:51.996,0.97431,0.97462,1.30,2.85
2012.02.21 09:36:52.531,0.97431,0.97462,1.13,2.85
2012.02.21 09:36:53.063,0.97431,0.97464,1.13,1.13
2012.02.21 09:36:53.743,0.97431,0.97462,1.13,2.85
2012.02.21 09:36:53.816,0.97436,0.97469,1.50,1.13
2012.02.21 09:36:54.319,0.97433,0.97468,1.30,1.50
2012.02.21 09:36:54.863,0.97432,0.97468,1.30,1.50
2012.02.21 09:36:55.386,0.97438,0.97472,2.48,3.60
2012.02.21 09:36:55.453,0.97438,0.97471,2.65,1.13
2012.02.21 09:36:56.005,0.97427,0.97463,4.15,2.48
2012.02.21 09:36:56.074,0.97427,0.97463,4.15,2.85
2012.02.21 09:36:56.903,0.97427,0.97462,4.15,1.13
2012.02.21 09:36:57.149,0.97427,0.97461,3.78,1.13
2012.02.21 09:36:58.759,0.97427,0.9746,3.78,1.50
2012.02.21 09:37:01.429,0.9743,0.97462,1.30,1.13
2012.02.21 09:37:01.965,0.97427,0.97462,3.78,1.13
2012.02.21 09:37:03.312,0.9743,0.97462,1.13,1.13
2012.02.21 09:37:04.209,0.97427,0.9746,3.03,1.13
2012.02.21 09:37:07.882,0.97427,0.97462,3.03,1.13
2012.02.21 09:37:08.510,0.97428,0.97463,1.30,1.13
2012.02.21 09:37:08.631,0.97429,0.97466,1.30,1.13
2012.02.21 09:37:09.152,0.97431,0.97465,1.30,1.13
2012.02.21 09:37:09.278,0.97426,0.97457,1.13,1.13
2012.02.21 09:37:10.244,0.97421,0.97457,2.28,1.13
2012.02.21 09:37:10.793,0.97422,0.97452,1.68,2.10
2012.02.21 09:37:11.132,0.97427,0.97456,2.85,1.13
2012.02.21 09:37:11.440,0.97433,0.97465,1.13,1.13
2012.02.21 09:37:11.743,0.97437,0.97465,2.28,1.73
2012.02.21 09:37:12.308,0.97437,0.97469,2.65,1.50
2012.02.21 09:37:12.373,0.97438,0.97471,2.10,1.13
2012.02.21 09:37:13.054,0.97432,0.97471,2.65,1.13
2012.02.21 09:37:13.389,0.97438,0.97474,3.03,1.13
2012.02.21 09:37:13.996,0.97438,0.97477,3.40,1.50
2012.02.21 09:37:14.446,0.97439,0.97476,1.30,1.13
2012.02.21 09:37:15.076,0.97443,0.97472,1.13,2.10
2012.02.21 09:37:15.642,0.97438,0.97472,3.03,2.48
2012.02.21 09:37:15.828,0.97437,0.97472,2.05,2.85
2012.02.21 09:37:17.070,0.97439,0.97473,1.30,2.48
2012.02.21 09:37:17.897,0.97435,0.97462,1.15,2.10
2012.02.21 09:37:17.970,0.97435,0.97466,1.15,1.13
2012.02.21 09:37:19.140,0.97437,0.97473,1.35,2.85
2012.02.21 09:37:19.272,0.97441,0.97473,1.30,2.10
2012.02.21 09:37:19.819,0.97442,0.97477,1.68,1.13
2012.02.21 09:37:20.426,0.97446,0.97481,1.68,1.13
2012.02.21 09:37:21.016,0.97444,0.97479,1.30,1.50
2012.02.21 09:37:21.423,0.97438,0.97478,3.03,1.50
2012.02.21 09:37:21.850,0.97437,0.97472,3.78,1.13
2012.02.21 09:37:22.556,0.97438,0.97473,1.90,3.98
2012.02.21 09:37:23.244,0.97438,0.97473,1.90,1.13
2012.02.21 09:37:23.733,0.97448,0.97477,2.10,1.13
2012.02.21 09:37:23.923,0.9744,0.97476,1.30,1.13
2012.02.21 09:37:24.628,0.97445,0.97477,1.35,1.13
2012.02.21 09:37:25.165,0.97446,0.97481,1.30,1.88
2012.02.21 09:37:25.791,0.97443,0.97477,1.30,1.13
2012.02.21 09:37:25.896,0.9744,0.97473,1.30,1.13
2012.02.21 09:37:26.019,0.9744,0.97473,1.30,1.13
2012.02.21 09:37:28.109,0.97442,0.97477,1.30,1.13
2012.02.21 09:37:28.230,0.97447,0.97477,2.65,1.13
2012.02.21 09:37:29.209,0.97441,0.97479,2.28,1.88
2012.02.21 09:37:29.872,0.97448,0.97477,2.10,1.13
2012.02.21 09:37:30.398,0.97448,0.97477,2.10,1.13
2012.02.21 09:37:30.963,0.97448,0.97477,2.10,1.13
2012.02.21 09:37:31.571,0.97441,0.97477,1.68,1.13
2012.02.21 09:37:32.220,0.97441,0.97477,1.30,1.50
2012.02.21 09:37:33.192,0.97437,0.97473,1.53,3.23
2012.02.21 09:37:33.380,0.97437,0.97471,1.53,1.13
2012.02.21 09:37:33.899,0.97438,0.97471,3.45,1.13
2012.02.21 09:37:33.958,0.97438,0.97472,3.63,2.85
2012.02.21 09:37:34.020,0.97438,0.97472,4.00,2.10
2012.02.21 09:37:34.559,0.97438,0.97472,1.53,2.85
2012.02.21 09:37:34.931,0.97438,0.97471,1.15,1.13
2012.02.21 09:37:35.920,0.97437,0.97472,1.68,3.23
2012.02.21 09:37:36.122,0.97437,0.97472,2.05,3.23
2012.02.21 09:37:38.711,0.97437,0.9747,1.30,1.13
2012.02.21 09:37:41.133,0.97437,0.97471,2.05,1.13
2012.02.21 09:37:41.502,0.97439,0.97472,1.30,2.48
2012.02.21 09:37:41.692,0.97441,0.97474,1.30,1.13
2012.02.21 09:37:43.511,0.97438,0.97473,1.30,1.13
2012.02.21 09:37:43.582,0.97437,0.97472,1.68,1.13
2012.02.21 09:37:44.145,0.97437,0.97472,1.50,1.13
2012.02.21 09:37:44.929,0.97437,0.97471,2.85,1.13
2012.02.21 09:37:44.996,0.97435,0.97472,1.30,3.23
2012.02.21 09:37:45.643,0.97432,0.9747,2.05,1.13
2012.02.21 09:37:45.902,0.97432,0.9747,1.30,1.13
2012.02.21 09:37:46.464,0.97432,0.97466,1.30,1.13
2012.02.21 09:37:46.530,0.97432,0.97463,1.30,2.10
2012.02.21 09:37:47.114,0.97431,0.97463,2.05,2.48
2012.02.21 09:37:47.666,0.97436,0.97466,1.13,1.13
2012.02.21 09:37:49.465,0.97434,0.97466,1.13,1.50
2012.02.21 09:37:50.270,0.9743,0.97462,1.90,3.23
2012.02.21 09:37:51.775,0.9743,0.9746,1.15,1.50
2012.02.21 09:37:51.905,0.97431,0.97461,1.73,1.13
2012.02.21 09:37:52.730,0.97431,0.97462,1.90,3.23
2012.02.21 09:37:58.764,0.9743,0.97461,1.15,1.50
2012.02.21 09:37:58.830,0.97431,0.97462,1.35,3.23
2012.02.21 09:37:59.403,0.97427,0.97462,1.30,3.23
2012.02.21 09:37:59.948,0.97431,0.97463,1.15,2.85
2012.02.21 09:38:01.272,0.97431,0.97463,1.90,3.23
2012.02.21 09:38:02.189,0.97429,0.97461,1.30,1.13
2012.02.21 09:38:02.310,0.97427,0.97462,3.40,1.13
2012.02.21 09:38:03.433,0.97428,0.97462,4.00,3.23
2012.02.21 09:38:03.568,0.97432,0.97462,1.30,2.48
2012.02.21 09:38:04.133,0.97432,0.97466,1.68,1.13
2012.02.21 09:38:06.082,0.97427,0.97463,2.65,2.85
2012.02.21 09:38:06.158,0.97426,0.97461,1.68,1.50
2012.02.21 09:38:06.749,0.97423,0.97457,1.53,1.13
2012.02.21 09:38:07.382,0.97423,0.97459,1.90,1.50
2012.02.21 09:38:07.938,0.97423,0.97458,1.90,1.13
2012.02.21 09:38:09.756,0.97426,0.97459,1.50,1.13
2012.02.21 09:38:11.510,0.97431,0.97461,1.13,1.13
2012.02.21 09:38:11.630,0.97428,0.97462,1.53,3.23
2012.02.21 09:38:12.660,0.97431,0.97463,1.13,1.13
2012.02.21 09:38:13.003,0.97431,0.97467,1.68,1.13
2012.02.21 09:38:16.927,0.97428,0.97462,3.63,2.85
2012.02.21 09:38:17.070,0.97428,0.97463,1.53,1.88
2012.02.21 09:38:17.695,0.97428,0.97463,1.90,1.50
2012.02.21 09:38:17.767,0.97433,0.97463,1.35,1.13
2012.02.21 09:38:18.193,0.97427,0.97462,3.03,1.13
2012.02.21 09:38:18.800,0.97427,0.97459,3.03,1.13
2012.02.21 09:38:19.229,0.97432,0.97463,1.30,1.13
2012.02.21 09:38:19.350,0.97437,0.97463,2.10,1.13
2012.02.21 09:38:19.710,0.97429,0.97459,1.53,1.13
2012.02.21 09:38:20.303,0.9743,0.97463,1.53,1.13
2012.02.21 09:38:20.552,0.97431,0.97464,3.40,1.50
2012.02.21 09:38:20.742,0.97437,0.97464,2.10,1.50
2012.02.21 09:38:21.512,0.97437,0.97466,2.85,1.13
2012.02.21 09:38:22.039,0.97434,0.97467,1.15,1.13
2012.02.21 09:38:22.579,0.97434,0.97467,1.15,1.13
2012.02.21 09:38:26.156,0.97435,0.97468,1.35,1.50
2012.02.21 09:38:26.733,0.97437,0.97469,3.23,1.13
2012.02.21 09:38:26.803,0.97437,0.97472,3.78,1.73
2012.02.21 09:38:27.789,0.97437,0.97469,3.03,1.13
2012.02.21 09:38:28.354,0.97437,0.97471,3.78,1.13
2012.02.21 09:38:28.543,0.97437,0.97463,1.30,2.48
2012.02.21 09:38:28.801,0.97431,0.97461,1.30,1.13
2012.02.21 09:38:29.533,0.97437,0.97469,2.48,1.50
2012.02.21 09:38:30.623,0.97437,0.97466,2.65,1.13
2012.02.21 09:38:31.270,0.97437,0.97466,1.13,1.13
2012.02.21 09:38:32.300,0.97438,0.97468,2.48,1.50
2012.02.21 09:38:35.190,0.97438,0.97466,2.48,1.13
2012.02.21 09:38:39.509,0.97438,0.97466,2.48,1.13
2012.02.21 09:38:40.720,0.97434,0.97463,1.15,2.10
2012.02.21 09:38:41.033,0.97438,0.97473,1.13,3.23
2012.02.21 09:38:41.102,0.97438,0.97473,1.30,3.98
2012.02.21 09:38:41.230,0.97438,0.97472,1.30,1.50
2012.02.21 09:38:42.083,0.97438,0.97465,2.28,1.13
2012.02.21 09:38:42.156,0.97438,0.97465,2.10,1.50
2012.02.21 09:38:44.202,0.97438,0.97466,2.10,1.13
2012.02.21 09:38:45.591,0.97436,0.97467,1.13,1.13
2012.02.21 09:38:46.325,0.97436,0.97467,1.13,1.13
2012.02.21 09:38:49.595,0.97437,0.97469,2.48,1.50
2012.02.21 09:38:51.399,0.97437,0.97469,3.40,1.13
2012.02.21 09:38:51.931,0.97438,0.97472,3.03,3.23
2012.02.21 09:38:52.668,0.97441,0.97471,1.13,1.13
2012.02.21 09:38:53.848,0.97439,0.97471,1.68,1.13
2012.02.21 09:38:54.435,0.97439,0.97471,1.30,1.13
2012.02.21 09:38:54.661,0.97438,0.97471,2.65,1.13
2012.02.21 09:38:56.494,0.97438,0.97471,2.65,1.13
2012.02.21 09:38:57.411,0.97438,0.97471,3.23,1.50
2012.02.21 09:38:57.632,0.97438,0.97471,2.48,1.50
2012.02.21 09:38:58.731,0.97438,0.97471,3.23,1.50
2012.02.21 09:38:58.799,0.97438,0.97471,2.48,1.50
2012.02.21 09:39:00.006,0.97441,0.97472,1.13,3.23
2012.02.21 09:39:00.654,0.97441,0.97472,1.13,1.13
2012.02.21 09:39:00.980,0.97439,0.97472,1.73,1.50
2012.02.21 09:39:01.283,0.97445,0.97473,1.13,2.48
2012.02.21 09:39:01.411,0.97448,0.97477,2.10,1.73
2012.02.21 09:39:02.001,0.97445,0.97477,1.13,1.73
2012.02.21 09:39:03.501,0.97443,0.97476,1.30,1.13
2012.02.21 09:39:04.049,0.97441,0.97472,1.13,1.13
2012.02.21 09:39:04.886,0.97439,0.97471,1.30,1.13
2012.02.21 09:39:06.100,0.97438,0.97471,1.13,1.13
2012.02.21 09:39:06.517,0.97437,0.9747,3.03,1.13
2012.02.21 09:39:06.578,0.97437,0.97466,3.03,1.13
2012.02.21 09:39:06.880,0.97437,0.97466,3.03,1.13
2012.02.21 09:39:07.897,0.97433,0.97468,2.28,1.13
2012.02.21 09:39:08.024,0.97434,0.97468,1.30,1.13
2012.02.21 09:39:08.524,0.97433,0.97467,1.68,1.13
2012.02.21 09:39:09.519,0.97433,0.97467,1.30,1.13
2012.02.21 09:39:11.281,0.97433,0.97467,1.30,1.13
2012.02.21 09:39:16.302,0.97433,0.97466,1.13,1.13
2012.02.21 09:39:16.887,0.97428,0.97459,3.03,1.13
2012.02.21 09:39:17.503,0.97428,0.97457,2.85,1.13
2012.02.21 09:39:18.884,0.97427,0.97457,2.85,1.13
2012.02.21 09:39:20.244,0.97437,0.97466,2.10,1.13
2012.02.21 09:39:23.549,0.97437,0.97466,2.85,1.13
2012.02.21 09:39:23.672,0.97437,0.97466,2.85,1.13
2012.02.21 09:39:23.889,0.97437,0.97466,2.85,1.13
2012.02.21 09:39:24.169,0.97437,0.97467,2.10,1.13
2012.02.21 09:39:28.659,0.97437,0.97467,2.85,1.13
2012.02.21 09:39:29.153,0.97437,0.97467,2.10,1.13
2012.02.21 09:39:41.713,0.97437,0.97467,2.10,1.13
2012.02.21 09:39:42.260,0.97434,0.97467,1.13,1.13
2012.02.21 09:39:42.440,0.97432,0.97466,1.68,1.13
2012.02.21 09:39:42.560,0.97432,0.97463,1.30,2.85
2012.02.21 09:39:43.967,0.97428,0.97457,1.53,1.13
2012.02.21 09:39:44.829,0.97428,0.97456,1.35,1.13
2012.02.21 09:39:45.014,0.97427,0.97457,2.70,1.13
2012.02.21 09:39:46.133,0.97428,0.97459,2.65,1.50
2012.02.21 09:39:47.162,0.97428,0.97459,2.65,1.88
2012.02.21 09:39:48.219,0.97428,0.97459,2.48,1.88
2012.02.21 09:39:48.659,0.97426,0.97457,1.13,1.13
2012.02.21 09:39:49.149,0.97427,0.97457,2.85,1.13
2012.02.21 09:39:49.735,0.97429,0.97462,1.13,1.13
2012.02.21 09:39:49.801,0.97429,0.97462,1.13,1.13
2012.02.21 09:39:51.771,0.97427,0.97461,3.03,1.13
2012.02.21 09:39:51.960,0.97429,0.97461,1.68,1.13
2012.02.21 09:39:53.554,0.97426,0.97455,1.30,1.13
2012.02.21 09:39:53.630,0.97427,0.97451,2.28,1.13
2012.02.21 09:39:54.579,0.97427,0.97455,2.28,1.13
2012.02.21 09:39:54.758,0.97427,0.97456,2.28,1.13
2012.02.21 09:39:54.880,0.97427,0.97456,3.03,1.13
2012.02.21 09:39:55.300,0.97427,0.97456,3.03,1.13
2012.02.21 09:39:55.480,0.97427,0.97457,3.03,1.13
2012.02.21 09:39:56.131,0.97427,0.97456,3.03,1.13
2012.02.21 09:39:56.652,0.97427,0.97456,3.03,1.13
2012.02.21 09:39:57.162,0.97427,0.97457,3.03,1.13
2012.02.21 09:39:57.710,0.97427,0.97457,3.03,1.13
2012.02.21 09:39:58.111,0.97437,0.97458,2.10,1.13
2012.02.21 09:39:58.409,0.97437,0.97462,2.85,1.13
2012.02.21 09:39:59.454,0.97437,0.97462,2.10,1.13
2012.02.21 09:39:59.912,0.97431,0.97464,1.30,1.50
2012.02.21 09:40:00.079,0.97431,0.97464,1.30,1.50
2012.02.21 09:40:00.683,0.97429,0.9746,1.53,1.13
2012.02.21 09:40:01.078,0.97427,0.97458,3.78,1.13
2012.02.21 09:40:01.200,0.97428,0.97461,1.13,1.13
2012.02.21 09:40:02.660,0.9743,0.97462,1.35,1.13
2012.02.21 09:40:03.585,0.97427,0.97461,3.40,1.13
2012.02.21 09:40:03.649,0.97427,0.97458,3.40,1.50
2012.02.21 09:40:04.399,0.97427,0.97458,3.40,1.50
2012.02.21 09:40:04.462,0.97427,0.97461,3.40,1.13
2012.02.21 09:40:04.839,0.97431,0.97462,1.30,1.13
2012.02.21 09:40:06.113,0.97431,0.97464,1.30,1.50
2012.02.21 09:40:08.239,0.97429,0.97461,1.53,1.13
2012.02.21 09:40:08.778,0.97428,0.97461,3.03,1.13
2012.02.21 09:40:09.308,0.97428,0.97461,3.03,1.13
2012.02.21 09:40:09.372,0.97428,0.97458,2.28,1.50
2012.02.21 09:40:10.790,0.97437,0.97458,2.10,1.50
2012.02.21 09:40:11.121,0.97427,0.97459,2.65,1.50
2012.02.21 09:40:13.340,0.97427,0.97461,3.40,1.13
2012.02.21 09:40:13.662,0.97427,0.97458,2.65,1.50
2012.02.21 09:40:13.729,0.97427,0.97457,2.28,1.13
2012.02.21 09:40:14.091,0.97437,0.97462,2.10,1.13
2012.02.21 09:40:14.310,0.97431,0.97462,1.13,3.23
2012.02.21 09:40:14.368,0.97431,0.97462,1.13,3.23
2012.02.21 09:40:14.859,0.97428,0.97461,3.03,1.50
2012.02.21 09:40:15.079,0.97428,0.97459,2.10,1.50
2012.02.21 09:40:15.941,0.97428,0.97459,2.48,1.50
2012.02.21 09:40:16.009,0.97428,0.97461,3.23,1.13
2012.02.21 09:40:16.070,0.97428,0.97459,2.48,1.50
2012.02.21 09:40:16.193,0.97428,0.97462,3.23,3.23
2012.02.21 09:40:16.520,0.97428,0.97458,2.48,1.13
2012.02.21 09:40:16.980,0.97427,0.97458,3.03,1.88
2012.02.21 09:40:17.301,0.97421,0.97453,1.68,2.10
2012.02.21 09:40:17.520,0.97425,0.97456,1.30,1.13
2012.02.21 09:40:17.683,0.97425,0.97456,1.13,1.13
2012.02.21 09:40:18.373,0.97429,0.97461,1.50,1.13
2012.02.21 09:40:18.559,0.97437,0.97462,2.10,1.13
2012.02.21 09:40:18.919,0.97429,0.97461,1.50,1.13
2012.02.21 09:40:19.134,0.97429,0.9746,1.13,1.13
2012.02.21 09:40:19.200,0.97427,0.97458,3.25,1.13
2012.02.21 09:40:19.381,0.97422,0.97457,1.68,1.13
2012.02.21 09:40:19.890,0.97427,0.97457,2.10,1.13
2012.02.21 09:40:19.950,0.97427,0.97456,2.85,1.13
2012.02.21 09:40:20.904,0.97427,0.97458,3.78,1.13
2012.02.21 09:40:21.272,0.97438,0.97461,2.10,1.13
2012.02.21 09:40:21.472,0.9743,0.97461,1.73,1.13
2012.02.21 09:40:22.020,0.97429,0.97462,1.15,3.23
2012.02.21 09:40:22.204,0.97429,0.97463,1.53,1.50
2012.02.21 09:40:22.330,0.97433,0.97466,1.30,1.13
2012.02.21 09:40:23.270,0.97433,0.97466,1.30,1.13
2012.02.21 09:40:23.450,0.97432,0.97468,2.05,1.50
2012.02.21 09:40:24.222,0.97432,0.97466,1.30,1.13
2012.02.21 09:40:24.610,0.97431,0.97464,1.68,1.50
2012.02.21 09:40:25.383,0.97433,0.97464,1.30,1.13
2012.02.21 09:40:26.274,0.97433,0.97463,1.30,2.10
2012.02.21 09:40:26.830,0.97431,0.97463,1.68,2.10
2012.02.21 09:40:26.927,0.97431,0.97463,1.68,2.10
2012.02.21 09:40:28.141,0.97431,0.97463,1.68,2.10
2012.02.21 09:40:28.330,0.97438,0.97467,2.10,1.13
2012.02.21 09:40:29.086,0.97438,0.97466,2.10,1.13
2012.02.21 09:40:35.771,0.97432,0.97467,1.30,1.13
2012.02.21 09:40:35.841,0.97431,0.97467,1.68,1.13
2012.02.21 09:40:36.848,0.97432,0.97467,1.68,1.13
2012.02.21 09:40:36.917,0.97437,0.97467,2.10,1.13
2012.02.21 09:40:37.509,0.97437,0.97468,2.28,1.88
2012.02.21 09:40:37.823,0.97429,0.97462,1.15,2.85
2012.02.21 09:40:38.351,0.97438,0.97462,2.10,1.13
2012.02.21 09:40:39.464,0.97438,0.97466,2.10,1.13
2012.02.21 09:40:39.533,0.97432,0.97466,1.68,1.13
2012.02.21 09:40:39.943,0.97434,0.97467,1.30,1.13
2012.02.21 09:40:40.451,0.97438,0.97471,2.48,1.13
2012.02.21 09:40:41.011,0.97438,0.9747,3.03,1.13
2012.02.21 09:40:42.114,0.97438,0.97472,3.03,3.23
2012.02.21 09:40:43.679,0.97438,0.9747,3.03,1.13
2012.02.21 09:40:43.999,0.97436,0.97471,1.68,1.13
2012.02.21 09:40:45.090,0.97437,0.97471,3.40,1.13
2012.02.21 09:40:46.071,0.97437,0.97471,3.40,1.13
2012.02.21 09:40:48.290,0.97438,0.97474,1.30,1.13
2012.02.21 09:40:50.350,0.97438,0.97474,3.40,1.13
2012.02.21 09:40:51.950,0.97438,0.97473,3.40,1.13
2012.02.21 09:40:52.169,0.97438,0.97474,3.40,1.50
2012.02.21 09:40:54.202,0.97438,0.97474,3.40,1.50
2012.02.21 09:40:55.175,0.97437,0.97473,1.68,2.85
2012.02.21 09:40:55.373,0.97435,0.97471,1.15,1.13
2012.02.21 09:40:56.710,0.9743,0.97468,1.30,1.13
2012.02.21 09:40:57.341,0.9743,0.97464,1.30,1.13
2012.02.21 09:40:58.083,0.9743,0.97468,1.30,2.10
2012.02.21 09:40:58.611,0.9743,0.97464,1.30,1.13
2012.02.21 09:40:59.117,0.9743,0.97464,1.30,1.13
2012.02.21 09:40:59.572,0.97434,0.97467,1.30,1.13
2012.02.21 09:41:00.231,0.97432,0.97466,1.68,1.13
2012.02.21 09:41:00.531,0.97429,0.97468,1.30,1.73
2012.02.21 09:41:00.659,0.97429,0.97466,1.30,1.13
2012.02.21 09:41:01.778,0.97431,0.97468,1.68,1.35
2012.02.21 09:41:02.072,0.97434,0.97466,1.13,1.13
2012.02.21 09:41:02.733,0.97434,0.97466,1.13,1.13
2012.02.21 09:41:03.275,0.97433,0.97465,1.30,1.13
2012.02.21 09:41:05.045,0.97433,0.97466,1.30,1.13
2012.02.21 09:41:05.206,0.97433,0.97469,1.30,1.50
2012.02.21 09:41:06.301,0.97434,0.97466,1.30,1.50
2012.02.21 09:41:07.400,0.97432,0.97463,1.68,1.13
2012.02.21 09:41:08.853,0.97432,0.97464,1.30,1.13
2012.02.21 09:41:10.879,0.97432,0.97466,1.68,1.13
2012.02.21 09:41:11.611,0.97432,0.97464,1.68,1.13
2012.02.21 09:41:11.823,0.97429,0.97464,1.30,1.13
2012.02.21 09:41:12.385,0.97431,0.97464,1.68,1.13
2012.02.21 09:41:12.519,0.97429,0.97463,1.30,2.85
2012.02.21 09:41:13.960,0.97427,0.97459,3.03,1.13
2012.02.21 09:41:14.080,0.97427,0.97459,3.03,1.50
2012.02.21 09:41:14.952,0.97427,0.97459,2.65,1.50
2012.02.21 09:41:15.021,0.97426,0.97456,1.53,1.13
2012.02.21 09:41:15.113,0.97425,0.97455,1.15,1.50
2012.02.21 09:41:15.779,0.97422,0.97456,1.68,1.13
2012.02.21 09:41:16.189,0.97422,0.97458,1.68,1.50
2012.02.21 09:41:16.252,0.97425,0.97461,1.30,1.13
2012.02.21 09:41:18.181,0.97429,0.97459,1.30,1.13
2012.02.21 09:41:19.474,0.97429,0.97462,1.30,3.23
2012.02.21 09:41:19.546,0.97432,0.97462,1.30,2.48
2012.02.21 09:41:20.216,0.97429,0.97462,1.30,3.23
2012.02.21 09:41:20.283,0.97429,0.97462,1.30,2.48
2012.02.21 09:41:20.412,0.97429,0.97462,1.30,1.13
2012.02.21 09:41:20.542,0.97421,0.97459,1.68,1.50
2012.02.21 09:41:20.794,0.9742,0.97455,1.30,1.13
2012.02.21 09:41:21.302,0.9742,0.97453,1.30,2.85
2012.02.21 09:41:21.841,0.97421,0.97455,1.68,1.13
2012.02.21 09:41:22.090,0.9742,0.97455,1.30,1.13
2012.02.21 09:41:22.150,0.97422,0.97457,1.68,1.13
2012.02.21 09:41:22.700,0.97421,0.97456,1.68,1.13
2012.02.21 09:41:23.887,0.97422,0.97455,1.30,1.13
2012.02.21 09:41:24.413,0.97422,0.97452,1.30,2.10
2012.02.21 09:41:24.544,0.97422,0.97455,1.30,1.13
2012.02.21 09:41:25.171,0.97418,0.97457,3.40,1.13
2012.02.21 09:41:25.360,0.97418,0.97457,3.40,1.13
2012.02.21 09:41:26.515,0.97419,0.97453,1.30,1.13
2012.02.21 09:41:31.752,0.97422,0.97454,1.13,1.13
2012.02.21 09:41:31.939,0.97422,0.97458,1.68,1.50
2012.02.21 09:41:32.206,0.97424,0.97459,1.30,1.13
2012.02.21 09:41:34.191,0.97425,0.97458,1.15,1.50
2012.02.21 09:41:35.432,0.97425,0.97458,1.15,1.50
2012.02.21 09:41:35.685,0.97425,0.97456,1.15,1.13
2012.02.21 09:41:37.381,0.97422,0.97456,1.68,1.13
2012.02.21 09:41:43.364,0.97424,0.97456,1.30,1.50
2012.02.21 09:41:43.431,0.97424,0.97457,1.30,1.13
2012.02.21 09:41:44.364,0.97423,0.97458,1.30,1.13
2012.02.21 09:41:44.851,0.97423,0.97453,1.30,2.10
2012.02.21 09:41:45.042,0.97422,0.97453,1.35,2.85
2012.02.21 09:41:45.113,0.97421,0.97452,1.73,1.13
2012.02.21 09:41:46.122,0.97421,0.97452,1.13,1.13
2012.02.21 09:41:46.199,0.97421,0.97453,1.30,2.48
2012.02.21 09:41:46.536,0.97421,0.97452,1.68,2.10
2012.02.21 09:41:46.782,0.97421,0.97456,1.30,1.13
2012.02.21 09:41:46.974,0.97422,0.97456,1.15,1.13
2012.02.21 09:41:48.320,0.97422,0.97459,1.30,2.10
2012.02.21 09:41:49.122,0.97424,0.97459,1.53,1.13
2012.02.21 09:41:49.435,0.97418,0.97452,1.90,2.10
2012.02.21 09:41:49.781,0.97421,0.97455,1.30,1.13
2012.02.21 09:41:50.730,0.97418,0.9745,1.53,1.13
2012.02.21 09:41:51.482,0.97419,0.97452,1.30,2.85
2012.02.21 09:41:51.653,0.97422,0.97452,1.30,2.10
2012.02.21 09:41:51.992,0.97422,0.97456,1.68,1.13
2012.02.21 09:41:52.456,0.97423,0.97456,1.30,1.50
2012.02.21 09:41:54.218,0.97423,0.97456,1.30,1.13
2012.02.21 09:41:54.539,0.97423,0.97452,1.30,2.10
2012.02.21 09:41:56.280,0.97418,0.97452,1.90,2.48
2012.02.21 09:41:56.340,0.97418,0.97452,1.90,2.48
2012.02.21 09:41:56.623,0.97418,0.97451,4.00,1.13
2012.02.21 09:41:57.393,0.97418,0.97452,4.00,2.48
2012.02.21 09:41:57.464,0.97418,0.97451,4.00,1.13
2012.02.21 09:41:58.602,0.97418,0.97453,1.90,3.23
2012.02.21 09:41:58.729,0.97419,0.97453,1.30,3.23
2012.02.21 09:41:59.611,0.97418,0.97449,1.53,1.13
2012.02.21 09:42:00.119,0.97418,0.97449,1.53,1.13
2012.02.21 09:42:00.982,0.97416,0.97442,1.30,2.10
2012.02.21 09:42:01.056,0.97412,0.97442,1.68,2.10
2012.02.21 09:42:01.467,0.97412,0.97447,1.68,1.13
2012.02.21 09:42:01.653,0.97412,0.97448,1.68,2.10
2012.02.21 09:42:01.908,0.97413,0.97448,1.30,1.73
2012.02.21 09:42:02.417,0.97413,0.97448,1.30,2.10
2012.02.21 09:42:02.943,0.97413,0.97448,1.30,1.73
2012.02.21 09:42:03.643,0.97414,0.97448,1.30,1.35
2012.02.21 09:42:05.052,0.97414,0.97448,1.30,1.35
2012.02.21 09:42:05.421,0.97414,0.97449,1.30,2.10
2012.02.21 09:42:07.244,0.9741,0.97443,1.90,1.13
2012.02.21 09:42:07.314,0.9741,0.97443,1.90,3.23
2012.02.21 09:42:08.229,0.9741,0.97442,1.90,2.10
2012.02.21 09:42:08.762,0.9741,0.97443,1.30,3.23
2012.02.21 09:42:10.332,0.9741,0.97443,1.30,3.23
2012.02.21 09:42:10.570,0.97405,0.9744,1.30,1.13
2012.02.21 09:42:10.631,0.97405,0.9744,1.30,1.50
2012.02.21 09:42:16.999,0.97405,0.9744,1.30,1.50
2012.02.21 09:42:18.577,0.97405,0.97442,1.30,3.23
2012.02.21 09:42:19.251,0.97405,0.9744,1.30,1.13
2012.02.21 09:42:20.409,0.97403,0.97439,1.90,1.13
2012.02.21 09:42:21.233,0.97403,0.97435,1.30,1.13
2012.02.21 09:42:21.536,0.97398,0.97434,3.40,1.13
2012.02.21 09:42:21.660,0.97398,0.97434,3.40,1.50
2012.02.21 09:42:24.517,0.97407,0.97433,2.48,1.13
2012.02.21 09:42:25.086,0.97403,0.97439,1.53,1.13
2012.02.21 09:42:25.156,0.97406,0.97441,1.30,1.50
2012.02.21 09:42:25.862,0.97403,0.97439,1.53,1.13
2012.02.21 09:42:26.053,0.97403,0.97439,1.53,1.50
2012.02.21 09:42:26.361,0.97403,0.97435,1.53,1.13
2012.02.21 09:42:26.692,0.97407,0.97437,1.30,1.13
2012.02.21 09:42:28.939,0.97408,0.97437,2.10,1.13
2012.02.21 09:42:29.309,0.97408,0.97438,2.48,1.50
2012.02.21 09:42:29.875,0.97408,0.9744,3.03,1.13
2012.02.21 09:42:33.684,0.97408,0.9744,3.03,1.13
2012.02.21 09:42:36.432,0.97401,0.97439,1.68,1.50
2012.02.21 09:42:36.626,0.97398,0.97436,1.90,1.13
2012.02.21 09:42:36.870,0.97402,0.97439,1.53,1.50
2012.02.21 09:42:37.890,0.97402,0.9744,1.53,1.13
2012.02.21 09:42:38.119,0.97402,0.97437,1.53,1.13
2012.02.21 09:42:38.300,0.97402,0.97435,1.53,1.13
2012.02.21 09:42:38.551,0.974,0.97436,1.30,1.13
2012.02.21 09:42:38.682,0.974,0.97432,1.30,2.10
2012.02.21 09:42:39.001,0.97398,0.97432,3.03,2.85
2012.02.21 09:42:39.071,0.97398,0.97432,3.03,3.23
2012.02.21 09:42:40.035,0.97398,0.97432,3.40,2.85
2012.02.21 09:42:40.404,0.97403,0.97432,1.53,2.10
2012.02.21 09:42:41.752,0.97403,0.97432,1.53,2.10
2012.02.21 09:42:42.445,0.974,0.97433,1.30,2.85
2012.02.21 09:42:43.074,0.97402,0.97432,1.53,2.10
2012.02.21 09:42:43.930,0.974,0.97432,1.30,2.85
2012.02.21 09:42:44.472,0.974,0.97432,1.30,2.70
2012.02.21 09:42:45.118,0.97398,0.97432,3.03,2.48
2012.02.21 09:42:45.362,0.97397,0.97433,1.68,1.13
2012.02.21 09:42:46.145,0.97398,0.97433,1.30,1.13
2012.02.21 09:42:46.269,0.97399,0.97433,1.30,1.13
2012.02.21 09:42:46.491,0.97399,0.97433,1.30,1.13
2012.02.21 09:42:47.720,0.97404,0.97435,1.13,1.13
2012.02.21 09:42:47.843,0.97404,0.97439,1.90,1.50
2012.02.21 09:42:48.357,0.97408,0.97439,1.53,1.50
2012.02.21 09:42:49.893,0.97408,0.97439,1.90,1.13
2012.02.21 09:42:50.050,0.97408,0.97442,1.90,2.48
2012.02.21 09:42:58.969,0.97408,0.97443,3.03,2.10
2012.02.21 09:42:59.342,0.97405,0.97438,1.30,1.13
2012.02.21 09:43:00.299,0.97406,0.97439,1.53,1.13
2012.02.21 09:43:00.965,0.97412,0.97447,1.90,1.13
2012.02.21 09:43:02.129,0.97412,0.97447,1.90,1.13
2012.02.21 09:43:02.680,0.97412,0.97445,1.90,1.13
2012.02.21 09:43:03.333,0.97412,0.97445,1.90,1.13
2012.02.21 09:43:04.243,0.97412,0.97446,1.90,1.13
2012.02.21 09:43:05.695,0.97412,0.97443,1.90,2.10
2012.02.21 09:43:06.220,0.97412,0.97447,1.90,1.50
2012.02.21 09:43:08.091,0.97412,0.97447,1.90,1.13
2012.02.21 09:43:08.153,0.97412,0.97445,1.53,1.50
2012.02.21 09:43:08.653,0.9741,0.97445,1.30,1.50
2012.02.21 09:43:08.900,0.97406,0.97437,1.13,1.13
2012.02.21 09:43:09.581,0.97406,0.97437,1.30,1.13
2012.02.21 09:43:10.172,0.97406,0.97437,1.13,1.13
2012.02.21 09:43:10.443,0.97406,0.97437,1.13,1.13
2012.02.21 09:43:12.231,0.97409,0.97441,1.30,1.13
2012.02.21 09:43:15.508,0.97407,0.97438,1.30,1.13
2012.02.21 09:43:18.397,0.97403,0.97438,1.30,1.88
2012.02.21 09:43:19.137,0.97402,0.97432,1.35,1.13
2012.02.21 09:43:19.813,0.97402,0.97433,1.90,3.60
2012.02.21 09:43:20.651,0.97402,0.97433,2.28,3.23
2012.02.21 09:43:21.392,0.97402,0.97435,2.65,1.13
2012.02.21 09:43:21.914,0.97402,0.97437,2.65,1.13
2012.02.21 09:43:21.979,0.97402,0.97437,2.28,1.50
2012.02.21 09:43:22.042,0.97402,0.97435,1.73,1.13
2012.02.21 09:43:22.910,0.97403,0.97435,1.13,1.13
2012.02.21 09:43:22.970,0.97406,0.97437,1.13,1.13
2012.02.21 09:43:23.030,0.97406,0.97437,1.13,1.13
2012.02.21 09:43:23.172,0.97402,0.97436,1.68,1.13
2012.02.21 09:43:24.726,0.97406,0.97437,1.13,1.13
2012.02.21 09:43:26.501,0.97406,0.97437,1.13,1.13
2012.02.21 09:43:28.681,0.97405,0.97432,1.13,2.10
2012.02.21 09:43:29.221,0.97401,0.97432,1.68,2.10
2012.02.21 09:43:31.431,0.97398,0.97422,1.30,2.10
2012.02.21 09:43:31.498,0.97395,0.97422,1.35,2.10
2012.02.21 09:43:31.563,0.974,0.97422,1.13,2.10
2012.02.21 09:43:31.636,0.97396,0.97429,2.10,1.50
2012.02.21 09:43:31.879,0.97396,0.97429,2.28,1.50
2012.02.21 09:43:32.511,0.974,0.97432,1.13,3.23
2012.02.21 09:43:32.681,0.97401,0.97433,1.13,3.23
2012.02.21 09:43:32.811,0.97401,0.97433,1.30,2.48
2012.02.21 09:43:33.551,0.97399,0.97433,1.30,3.23
2012.02.21 09:43:34.331,0.97388,0.97424,1.30,1.13
2012.02.21 09:43:34.394,0.97391,0.97423,1.30,2.85
2012.02.21 09:43:34.621,0.97388,0.97422,1.30,1.13
2012.02.21 09:43:35.500,0.97392,0.97423,1.15,3.60
2012.02.21 09:43:35.560,0.97392,0.97422,1.53,2.10
2012.02.21 09:43:36.528,0.97391,0.97422,1.68,2.10
2012.02.21 09:43:38.406,0.97394,0.97422,1.13,2.10
2012.02.21 09:43:38.530,0.97392,0.97422,1.30,2.10
2012.02.21 09:43:38.690,0.97394,0.97422,1.13,2.10
2012.02.21 09:43:42.211,0.97391,0.97422,1.68,2.10
2012.02.21 09:43:43.732,0.97391,0.97422,1.68,2.10
2012.02.21 09:43:44.731,0.97389,0.97422,1.53,2.85
2012.02.21 09:43:45.183,0.97389,0.97422,1.53,2.48
2012.02.21 09:43:45.890,0.97389,0.97422,1.53,2.85
2012.02.21 09:43:46.010,0.97384,0.97419,1.30,1.13
2012.02.21 09:43:46.679,0.97384,0.97418,1.13,1.13
2012.02.21 09:43:46.931,0.97382,0.97412,1.30,2.48
2012.02.21 09:43:47.910,0.97379,0.97416,1.90,1.13
2012.02.21 09:43:48.576,0.9738,0.97412,1.30,2.48
2012.02.21 09:43:49.630,0.97379,0.97412,1.90,2.10
2012.02.21 09:43:49.932,0.97375,0.97409,1.15,1.13
2012.02.21 09:43:50.671,0.97375,0.97409,1.15,1.50
2012.02.21 09:43:51.272,0.97377,0.97412,1.30,3.60
2012.02.21 09:43:54.342,0.97377,0.97408,1.30,1.50
2012.02.21 09:43:54.650,0.9738,0.97412,2.48,3.23
2012.02.21 09:43:55.180,0.9738,0.97412,2.65,3.23
2012.02.21 09:43:55.732,0.9738,0.97412,2.65,3.23
2012.02.21 09:43:55.879,0.97381,0.97412,1.15,2.48
2012.02.21 09:43:56.446,0.97378,0.97413,1.53,3.60
2012.02.21 09:43:57.562,0.97378,0.97412,1.53,1.13
2012.02.21 09:43:58.333,0.97378,0.97409,1.53,1.13
2012.02.21 09:43:58.967,0.97375,0.97409,1.53,1.50
2012.02.21 09:43:59.171,0.97379,0.97409,1.53,1.50
2012.02.21 09:43:59.472,0.97379,0.9741,1.30,1.35
2012.02.21 09:43:59.962,0.97373,0.97405,1.53,1.13
2012.02.21 09:44:00.762,0.97373,0.97407,1.53,1.13
2012.02.21 09:44:01.003,0.97374,0.97407,1.15,1.13
2012.02.21 09:44:01.532,0.97372,0.97403,1.68,1.13
2012.02.21 09:44:02.200,0.97371,0.97403,1.53,1.13
2012.02.21 09:44:02.261,0.97372,0.97403,1.68,1.13
2012.02.21 09:44:02.888,0.97371,0.97403,1.53,1.13
2012.02.21 09:44:02.953,0.97372,0.97403,1.68,1.13
2012.02.21 09:44:03.492,0.97368,0.97402,3.40,2.10
2012.02.21 09:44:04.084,0.97372,0.97402,1.68,2.10
2012.02.21 09:44:04.243,0.97372,0.97402,2.05,2.10
2012.02.21 09:44:04.495,0.97377,0.97408,1.13,1.50
2012.02.21 09:44:04.559,0.97375,0.97407,1.15,1.13
2012.02.21 09:44:05.371,0.97375,0.97408,1.15,1.50
2012.02.21 09:44:05.680,0.97377,0.97408,1.30,1.13
2012.02.21 09:44:06.003,0.97375,0.97408,1.15,1.13
2012.02.21 09:44:06.351,0.97375,0.97402,1.15,2.10
2012.02.21 09:44:06.413,0.97374,0.97402,1.15,2.10
2012.02.21 09:44:06.481,0.97373,0.97402,1.53,2.10
2012.02.21 09:44:07.094,0.97373,0.97402,1.53,2.10
2012.02.21 09:44:07.223,0.97369,0.97402,1.30,2.85
2012.02.21 09:44:07.826,0.97367,0.97399,1.53,1.13
2012.02.21 09:44:08.545,0.97367,0.97399,2.28,1.13
2012.02.21 09:44:09.051,0.97371,0.97401,1.13,1.13
2012.02.21 09:44:09.713,0.97378,0.97413,2.28,2.85
2012.02.21 09:44:09.779,0.97378,0.97418,2.28,1.13
2012.02.21 09:44:09.961,0.97378,0.97416,2.10,1.88
2012.02.21 09:44:10.091,0.97387,0.97416,2.10,1.13
2012.02.21 09:44:10.677,0.97387,0.97423,2.85,3.23
2012.02.21 09:44:10.747,0.97389,0.97423,1.30,2.10
2012.02.21 09:44:10.862,0.97389,0.97423,1.30,2.10
2012.02.21 09:44:11.400,0.97397,0.9743,1.30,1.13
2012.02.21 09:44:12.124,0.97397,0.9743,1.30,1.13
2012.02.21 09:44:12.356,0.97397,0.9743,1.30,1.13
2012.02.21 09:44:12.505,0.97397,0.9743,1.30,1.13
2012.02.21 09:44:12.693,0.97393,0.97429,1.30,1.50
2012.02.21 09:44:13.417,0.97388,0.97423,1.53,2.48
2012.02.21 09:44:13.487,0.97388,0.97423,1.53,3.60
2012.02.21 09:44:13.612,0.97387,0.97422,1.68,3.23
2012.02.21 09:44:14.146,0.97385,0.97421,1.53,1.13
2012.02.21 09:44:14.701,0.97385,0.97419,1.53,1.50
2012.02.21 09:44:14.775,0.97385,0.97419,1.53,1.50
2012.02.21 09:44:15.783,0.97378,0.97411,3.40,1.13
2012.02.21 09:44:16.273,0.97378,0.97412,3.40,2.85
2012.02.21 09:44:16.344,0.9738,0.97411,1.15,1.13
2012.02.21 09:44:16.685,0.97383,0.97412,1.30,2.85
2012.02.21 09:44:16.933,0.97379,0.97414,1.30,1.13
2012.02.21 09:44:17.063,0.97379,0.97413,1.30,1.13
2012.02.21 09:44:17.132,0.97379,0.97412,1.30,2.85
2012.02.21 09:44:17.665,0.97379,0.97414,1.30,1.50
2012.02.21 09:44:17.737,0.97379,0.97412,1.30,1.13
2012.02.21 09:44:17.909,0.97379,0.97413,1.30,3.60
2012.02.21 09:44:18.132,0.97379,0.97412,1.30,1.13
2012.02.21 09:44:18.479,0.97383,0.97413,1.30,2.85
2012.02.21 09:44:18.902,0.97383,0.97413,1.30,2.10
2012.02.21 09:44:19.413,0.97381,0.97413,1.30,2.10
2012.02.21 09:44:19.780,0.97388,0.97419,2.85,1.50
2012.02.21 09:44:20.436,0.97388,0.97421,1.30,1.13
2012.02.21 09:44:20.679,0.97385,0.97418,1.30,1.13
2012.02.21 09:44:21.572,0.97385,0.97418,1.30,1.13
2012.02.21 09:44:22.420,0.97383,0.97419,1.30,1.13
2012.02.21 09:44:22.669,0.97383,0.9742,1.30,1.13
2012.02.21 09:44:23.743,0.97391,0.97422,1.90,2.85
2012.02.21 09:44:26.224,0.9739,0.97422,1.30,2.85
2012.02.21 09:44:27.010,0.9739,0.97423,1.30,2.85
2012.02.21 09:44:27.620,0.97392,0.97422,1.30,2.85
2012.02.21 09:44:31.261,0.97392,0.97427,1.30,1.50
2012.02.21 09:44:32.023,0.97397,0.97427,1.15,1.50
2012.02.21 09:44:32.201,0.97397,0.97427,1.15,1.50
2012.02.21 09:44:35.221,0.97392,0.97423,1.90,2.85
2012.02.21 09:44:35.480,0.97392,0.97423,1.35,2.85
2012.02.21 09:44:35.810,0.97391,0.97423,1.15,3.23
2012.02.21 09:44:41.274,0.97392,0.97424,1.53,1.13
2012.02.21 09:44:41.713,0.97393,0.97427,1.53,1.13
2012.02.21 09:44:42.045,0.97393,0.97427,1.53,1.13
2012.02.21 09:44:42.590,0.97393,0.97427,1.53,1.13
2012.02.21 09:44:42.655,0.97393,0.97427,1.53,1.13
2012.02.21 09:44:43.080,0.97392,0.97423,1.30,2.85
2012.02.21 09:44:44.111,0.97391,0.97422,1.53,1.13
2012.02.21 09:44:44.319,0.97391,0.97422,1.15,1.13
2012.02.21 09:44:45.766,0.97386,0.97419,1.30,1.13
2012.02.21 09:44:47.055,0.97386,0.97419,1.30,1.13
2012.02.21 09:44:47.691,0.97386,0.97419,1.30,1.13
2012.02.21 09:44:49.305,0.97387,0.9742,1.30,1.50
2012.02.21 09:44:56.023,0.97388,0.97421,1.30,1.88
2012.02.21 09:44:56.141,0.97388,0.97421,1.30,1.88
2012.02.21 09:44:56.741,0.97388,0.97421,1.30,1.13
2012.02.21 09:44:59.766,0.97388,0.97422,1.30,1.13
2012.02.21 09:45:01.061,0.97394,0.97423,1.53,2.10
2012.02.21 09:45:01.490,0.97394,0.97427,1.53,1.50
2012.02.21 09:45:01.692,0.97392,0.97422,1.30,2.10
2012.02.21 09:45:01.761,0.97392,0.97422,1.30,2.85
2012.02.21 09:45:02.001,0.97391,0.97422,1.53,2.85
2012.02.21 09:45:02.856,0.97391,0.97422,1.15,2.85
2012.02.21 09:45:04.003,0.97391,0.97422,1.15,2.85
2012.02.21 09:45:05.102,0.97389,0.9742,1.53,1.13
2012.02.21 09:45:05.181,0.97389,0.9742,1.53,1.13
2012.02.21 09:45:05.814,0.97389,0.9742,1.53,1.13
2012.02.21 09:45:06.191,0.97391,0.97422,1.15,1.13
2012.02.21 09:45:06.572,0.97391,0.97422,1.15,1.13
2012.02.21 09:45:10.510,0.97391,0.97421,1.15,1.13
2012.02.21 09:45:11.162,0.97391,0.97422,1.15,1.13
2012.02.21 09:45:13.423,0.97387,0.97418,1.53,1.13
2012.02.21 09:45:13.590,0.97387,0.97418,1.53,1.13
2012.02.21 09:45:14.785,0.97387,0.97418,1.53,1.13
2012.02.21 09:45:14.853,0.97387,0.97418,2.28,1.13
2012.02.21 09:45:15.042,0.97387,0.97418,2.28,1.13
2012.02.21 09:45:15.210,0.97391,0.97423,2.05,2.10
2012.02.21 09:45:16.550,0.97391,0.97421,1.53,1.50
2012.02.21 09:45:16.617,0.97389,0.97423,1.30,2.48
2012.02.21 09:45:16.802,0.97391,0.97424,1.30,1.13
2012.02.21 09:45:17.640,0.97392,0.97426,1.68,1.13
2012.02.21 09:45:17.842,0.97394,0.97427,1.15,1.13
2012.02.21 09:45:19.083,0.97394,0.97426,1.15,1.50
2012.02.21 09:45:19.542,0.97394,0.97428,1.53,1.13
2012.02.21 09:45:20.129,0.97393,0.97423,1.53,1.13
2012.02.21 09:45:20.430,0.97388,0.97423,1.30,2.48
2012.02.21 09:45:21.628,0.97389,0.97423,1.30,2.48
2012.02.21 09:45:22.224,0.97388,0.97422,1.30,1.13
2012.02.21 09:45:22.355,0.97388,0.97423,1.30,2.85
2012.02.21 09:45:22.630,0.97389,0.97423,1.30,2.85
2012.02.21 09:45:23.042,0.97389,0.9742,1.30,1.13
2012.02.21 09:45:23.233,0.97391,0.97423,2.48,3.60
2012.02.21 09:45:23.914,0.97395,0.97423,1.15,2.10
2012.02.21 09:45:23.975,0.97397,0.97433,1.68,3.98
2012.02.21 09:45:24.481,0.97397,0.97433,2.05,3.60
2012.02.21 09:45:24.733,0.97397,0.97432,2.05,1.13
2012.02.21 09:45:24.801,0.97397,0.97433,1.30,2.85
2012.02.21 09:45:25.371,0.97397,0.97432,1.90,1.50
2012.02.21 09:45:26.104,0.97397,0.97431,1.53,1.88
2012.02.21 09:45:26.593,0.97401,0.97432,1.13,3.23
2012.02.21 09:45:27.010,0.97398,0.97431,3.40,1.50
2012.02.21 09:45:27.323,0.97398,0.97432,1.30,2.85
2012.02.21 09:45:27.936,0.97396,0.97431,1.90,1.13
2012.02.21 09:45:28.059,0.97397,0.97428,2.10,1.50
2012.02.21 09:45:28.497,0.97397,0.97428,3.78,1.13
2012.02.21 09:45:29.057,0.97398,0.97432,2.43,1.50
2012.02.21 09:45:29.834,0.97389,0.97423,1.53,1.13
2012.02.21 09:45:29.904,0.97392,0.97423,1.30,1.13
2012.02.21 09:45:31.841,0.97389,0.97423,1.53,1.50
2012.02.21 09:45:32.573,0.97395,0.97429,1.53,1.13
2012.02.21 09:45:33.496,0.97395,0.97429,1.53,1.13
2012.02.21 09:45:33.680,0.97395,0.97429,1.15,1.50
2012.02.21 09:45:33.990,0.97393,0.97426,1.53,1.88
2012.02.21 09:45:35.173,0.97393,0.97422,1.53,2.10
2012.02.21 09:45:35.724,0.97393,0.97422,1.53,2.10
2012.02.21 09:45:36.003,0.97393,0.97425,1.53,1.13
2012.02.21 09:45:36.975,0.97393,0.97426,1.53,1.50
2012.02.21 09:45:37.229,0.97393,0.97422,1.53,2.10
2012.02.21 09:45:37.666,0.97388,0.97422,3.25,2.85
2012.02.21 09:45:38.295,0.97387,0.97418,1.15,1.50
2012.02.21 09:45:38.368,0.97386,0.97417,1.15,1.13
2012.02.21 09:45:38.530,0.97386,0.97413,1.15,2.10
2012.02.21 09:45:38.981,0.97386,0.97417,1.90,1.13
2012.02.21 09:45:39.578,0.97386,0.97417,1.90,1.13
2012.02.21 09:45:40.230,0.97387,0.97419,1.35,1.50
2012.02.21 09:45:40.869,0.97391,0.97423,1.30,2.85
2012.02.21 09:45:42.137,0.97387,0.97419,3.63,1.13
2012.02.21 09:45:42.261,0.97387,0.97419,2.65,1.50
2012.02.21 09:45:42.518,0.97384,0.97418,1.15,1.13
2012.02.21 09:45:43.378,0.97384,0.97412,1.15,2.10
2012.02.21 09:45:43.562,0.97384,0.97416,1.53,1.13
2012.02.21 09:45:44.108,0.97384,0.97416,1.15,1.50
2012.02.21 09:45:44.623,0.97384,0.97413,1.53,2.85
2012.02.21 09:45:45.342,0.97384,0.97416,1.53,1.88
2012.02.21 09:45:45.545,0.97375,0.97408,1.15,1.50
2012.02.21 09:45:45.989,0.97378,0.97408,2.48,1.13
2012.02.21 09:45:47.380,0.97388,0.97409,3.08,1.13
2012.02.21 09:45:47.451,0.97388,0.97417,3.25,1.13
2012.02.21 09:45:47.813,0.97388,0.97417,1.53,1.13
2012.02.21 09:45:47.884,0.9739,0.97419,1.35,1.50
2012.02.21 09:45:47.955,0.97392,0.97419,1.15,1.13
2012.02.21 09:45:48.144,0.97392,0.97422,1.53,1.13
2012.02.21 09:45:48.219,0.97392,0.97422,1.53,1.13
2012.02.21 09:45:48.867,0.97392,0.97422,1.53,2.48
2012.02.21 09:45:48.936,0.97393,0.97422,1.30,2.85
2012.02.21 09:45:49.742,0.97392,0.97421,1.53,1.13
2012.02.21 09:45:49.878,0.97392,0.97421,1.35,1.13
2012.02.21 09:45:49.944,0.97391,0.97421,1.15,1.13
2012.02.21 09:45:51.387,0.97391,0.97421,1.15,1.13
2012.02.21 09:45:51.452,0.97391,0.97421,1.15,1.13
2012.02.21 09:45:52.314,0.9739,0.97421,1.15,1.13
2012.02.21 09:45:52.630,0.97391,0.97423,1.35,1.13
2012.02.21 09:45:53.316,0.97386,0.97419,1.90,1.13
2012.02.21 09:45:53.411,0.97388,0.97414,2.10,1.13
2012.02.21 09:45:53.690,0.97378,0.97411,4.00,1.13
2012.02.21 09:45:53.816,0.97378,0.9741,1.90,1.13
2012.02.21 09:45:54.471,0.97378,0.97409,1.53,1.13
2012.02.21 09:45:55.354,0.97378,0.97409,1.53,1.13
2012.02.21 09:45:58.323,0.97378,0.97411,1.53,1.13
2012.02.21 09:45:58.482,0.97378,0.97411,1.53,1.88
2012.02.21 09:45:59.114,0.97378,0.97411,1.53,1.88
2012.02.21 09:45:59.241,0.97378,0.97412,1.53,3.23
2012.02.21 09:45:59.413,0.97378,0.97412,1.53,3.23
2012.02.21 09:46:00.621,0.97378,0.97412,1.90,2.85
2012.02.21 09:46:00.840,0.97378,0.97413,4.00,1.13
2012.02.21 09:46:01.460,0.97378,0.97412,1.30,2.85
2012.02.21 09:46:01.821,0.97377,0.97412,1.53,3.23
2012.02.21 09:46:03.662,0.97379,0.97412,1.30,2.85
2012.02.21 09:46:03.743,0.9738,0.97414,1.30,1.50
2012.02.21 09:46:04.784,0.97383,0.97418,1.30,1.88
2012.02.21 09:46:04.911,0.97383,0.97418,1.30,1.50
2012.02.21 09:46:05.860,0.97383,0.97419,1.30,1.50
2012.02.21 09:46:10.973,0.97387,0.9742,1.53,1.50
2012.02.21 09:46:14.650,0.97385,0.97419,1.53,1.13
2012.02.21 09:46:15.736,0.97386,0.97422,1.68,1.13
2012.02.21 09:46:15.926,0.97387,0.97421,2.05,2.85
2012.02.21 09:46:16.493,0.97381,0.97412,1.30,2.10
2012.02.21 09:46:16.556,0.97385,0.97412,1.30,2.10
2012.02.21 09:46:16.626,0.97385,0.97417,1.30,1.35
2012.02.21 09:46:16.963,0.97386,0.97421,1.30,2.85
2012.02.21 09:46:17.091,0.97386,0.97421,1.30,1.13
2012.02.21 09:46:17.883,0.97388,0.97422,3.03,2.85
2012.02.21 09:46:18.413,0.9739,0.97422,1.30,2.48
2012.02.21 09:46:18.484,0.9739,0.97422,1.30,2.10
2012.02.21 09:46:20.221,0.9739,0.97424,1.30,1.50
2012.02.21 09:46:21.038,0.9739,0.97424,1.53,1.50
2012.02.21 09:46:21.269,0.9739,0.97421,1.15,1.13
2012.02.21 09:46:24.143,0.97386,0.97421,2.28,1.13
2012.02.21 09:46:24.211,0.97383,0.97417,1.30,2.10
2012.02.21 09:46:24.691,0.97378,0.97411,3.03,1.50
2012.02.21 09:46:25.589,0.97374,0.97409,1.30,1.13
2012.02.21 09:46:26.013,0.97373,0.97406,1.30,1.13
2012.02.21 09:46:26.381,0.97373,0.97408,1.30,1.50
2012.02.21 09:46:27.352,0.97376,0.97408,1.15,1.13
2012.02.21 09:46:27.916,0.97376,0.97409,1.15,1.13
2012.02.21 09:46:28.041,0.97377,0.97413,1.68,3.60
2012.02.21 09:46:28.403,0.97377,0.9741,3.03,1.13
2012.02.21 09:46:28.873,0.97376,0.97413,1.53,3.23
2012.02.21 09:46:29.530,0.97376,0.97413,1.53,3.60
2012.02.21 09:46:29.713,0.97381,0.9741,1.35,1.13
2012.02.21 09:46:29.845,0.97383,0.97416,1.53,1.88
2012.02.21 09:46:29.972,0.97383,0.97417,1.53,1.13
2012.02.21 09:46:30.873,0.97384,0.97418,1.30,1.50
2012.02.21 09:46:31.532,0.97388,0.97421,1.30,1.13
2012.02.21 09:46:31.664,0.97388,0.97421,1.30,1.13
2012.02.21 09:46:31.946,0.97383,0.97418,1.90,1.13
2012.02.21 09:46:32.340,0.97392,0.97423,1.15,2.85
2012.02.21 09:46:33.201,0.97393,0.97423,1.15,1.13
2012.02.21 09:46:33.443,0.97387,0.97422,1.90,3.23
2012.02.21 09:46:34.750,0.97387,0.97418,1.13,1.13
2012.02.21 09:46:34.872,0.97382,0.97417,1.30,1.13
2012.02.21 09:46:34.943,0.97382,0.97419,1.30,1.50
2012.02.21 09:46:35.012,0.97386,0.97419,1.53,1.50
2012.02.21 09:46:35.321,0.97392,0.97423,1.35,1.13
2012.02.21 09:46:35.441,0.97392,0.97424,1.53,1.13
2012.02.21 09:46:35.904,0.97389,0.97423,1.53,1.13
2012.02.21 09:46:36.214,0.97386,0.97419,1.53,1.13
2012.02.21 09:46:37.272,0.97386,0.97419,1.53,1.13
2012.02.21 09:46:37.462,0.97388,0.97423,1.30,3.08
2012.02.21 09:46:37.661,0.97388,0.97415,1.30,2.10
2012.02.21 09:46:37.855,0.97383,0.97412,1.13,3.08
2012.02.21 09:46:38.383,0.97383,0.97412,1.30,2.10
2012.02.21 09:46:38.569,0.97383,0.97418,1.30,1.13
2012.02.21 09:46:39.265,0.97383,0.97413,1.30,2.10
2012.02.21 09:46:39.331,0.97383,0.97421,1.30,1.13
2012.02.21 09:46:41.605,0.97383,0.97419,1.30,1.13
2012.02.21 09:46:42.158,0.97387,0.97419,1.30,1.13
2012.02.21 09:46:42.463,0.97378,0.97413,1.30,2.85
2012.02.21 09:46:42.793,0.97379,0.97413,1.90,2.85
2012.02.21 09:46:43.043,0.97383,0.97416,1.30,1.13
2012.02.21 09:46:43.116,0.97377,0.9741,1.30,1.13
2012.02.21 09:46:43.786,0.97378,0.97411,3.03,1.35
2012.02.21 09:46:43.918,0.97377,0.97411,1.30,1.13
2012.02.21 09:46:43.987,0.97369,0.97403,1.15,2.85
2012.02.21 09:46:44.175,0.97368,0.97403,1.15,3.23
2012.02.21 09:46:44.740,0.97367,0.97405,2.28,2.10
2012.02.21 09:46:45.308,0.97368,0.97402,2.88,2.48
2012.02.21 09:46:45.493,0.97368,0.97402,3.08,2.10
2012.02.21 09:46:46.079,0.97369,0.97408,1.15,1.13
2012.02.21 09:46:46.274,0.97368,0.97402,3.03,2.70
2012.02.21 09:46:47.000,0.97369,0.97402,1.15,2.10
2012.02.21 09:46:47.484,0.97371,0.97409,1.30,1.73
2012.02.21 09:46:47.714,0.97372,0.97408,1.30,1.13
2012.02.21 09:46:48.135,0.97373,0.97408,1.30,1.50
2012.02.21 09:46:48.759,0.97378,0.97412,1.30,1.73
2012.02.21 09:46:48.893,0.97378,0.97409,1.13,1.13
2012.02.21 09:46:49.544,0.97375,0.97409,1.53,1.13
2012.02.21 09:46:49.836,0.97378,0.97411,1.30,1.13
2012.02.21 09:46:50.663,0.97375,0.97408,1.53,1.13
2012.02.21 09:46:50.965,0.97379,0.97413,1.15,1.88
2012.02.21 09:46:51.035,0.97381,0.97411,1.15,1.13
2012.02.21 09:46:51.108,0.97381,0.97408,1.15,1.13
2012.02.21 09:46:51.412,0.97373,0.97402,1.30,2.10
2012.02.21 09:46:51.483,0.97373,0.97405,1.30,1.35
2012.02.21 09:46:52.147,0.97373,0.97409,1.30,1.50
2012.02.21 09:46:52.224,0.97376,0.97412,1.30,3.23
2012.02.21 09:46:52.299,0.97376,0.97411,1.30,1.13
2012.02.21 09:46:52.361,0.97376,0.97412,1.30,3.23
2012.02.21 09:46:52.852,0.97378,0.97412,1.30,2.85
2012.02.21 09:46:52.921,0.97381,0.97413,1.30,2.85
2012.02.21 09:46:53.292,0.97378,0.97412,3.03,2.48
2012.02.21 09:46:53.362,0.97377,0.97412,1.53,2.85
2012.02.21 09:46:53.436,0.97377,0.97412,1.53,3.23
2012.02.21 09:46:54.224,0.97378,0.97402,1.53,2.10
2012.02.21 09:46:54.296,0.97378,0.9741,1.15,1.13
2012.02.21 09:46:54.484,0.97374,0.97402,1.68,2.10
2012.02.21 09:46:54.553,0.97372,0.97409,1.53,1.13
2012.02.21 09:46:54.624,0.97372,0.97409,1.53,1.13
2012.02.21 09:46:55.128,0.97372,0.97403,2.28,2.10
2012.02.21 09:46:55.826,0.97372,0.97403,1.30,2.10
2012.02.21 09:46:56.339,0.97372,0.97403,1.30,2.10
2012.02.21 09:46:56.881,0.97371,0.97403,1.30,3.23
2012.02.21 09:46:57.961,0.97373,0.97407,1.30,1.13
2012.02.21 09:46:58.249,0.97368,0.97407,3.40,1.13
2012.02.21 09:46:58.934,0.97368,0.97403,3.40,1.50
2012.02.21 09:46:59.343,0.9737,0.97403,1.30,1.13
2012.02.21 09:46:59.650,0.97365,0.97399,1.53,1.13
2012.02.21 09:47:00.253,0.97369,0.97399,1.13,1.13
2012.02.21 09:47:00.561,0.97375,0.97403,1.30,2.85
2012.02.21 09:47:00.800,0.97367,0.97402,1.30,3.60
2012.02.21 09:47:01.041,0.97367,0.97402,1.30,2.85
2012.02.21 09:47:02.136,0.97371,0.97402,1.13,1.13
2012.02.21 09:47:03.108,0.97371,0.97402,1.13,1.13
2012.02.21 09:47:03.860,0.97372,0.97403,1.13,1.50
2012.02.21 09:47:04.374,0.97372,0.97404,1.68,1.13
2012.02.21 09:47:04.988,0.97371,0.97406,2.05,1.50
2012.02.21 09:47:05.550,0.97371,0.97402,1.30,2.85
2012.02.21 09:47:05.933,0.97368,0.97398,3.03,1.13
2012.02.21 09:47:06.004,0.97368,0.97398,3.03,1.13
2012.02.21 09:47:06.073,0.97368,0.97401,3.40,1.73
2012.02.21 09:47:06.144,0.97371,0.97403,1.13,1.13
2012.02.21 09:47:06.220,0.97371,0.97401,1.13,1.13
2012.02.21 09:47:06.878,0.97371,0.97401,1.13,1.13
2012.02.21 09:47:06.946,0.97369,0.97403,1.30,1.13
2012.02.21 09:47:07.177,0.97369,0.97403,1.30,1.13
2012.02.21 09:47:07.940,0.97373,0.97402,1.30,2.10
2012.02.21 09:47:08.182,0.9737,0.97402,1.53,2.48
2012.02.21 09:47:08.311,0.9737,0.97403,1.15,1.13
2012.02.21 09:47:08.493,0.9737,0.97402,1.15,1.13
2012.02.21 09:47:09.089,0.97368,0.97402,1.30,2.48
2012.02.21 09:47:09.333,0.97372,0.97408,2.28,1.88
2012.02.21 09:47:09.398,0.97372,0.97408,2.65,1.50
2012.02.21 09:47:10.209,0.97377,0.97408,1.35,1.50
2012.02.21 09:47:10.332,0.97377,0.97412,1.53,1.13
2012.02.21 09:47:11.222,0.97376,0.97411,1.30,1.50
2012.02.21 09:47:11.286,0.97377,0.97412,1.68,3.23
2012.02.21 09:47:13.793,0.97376,0.97411,1.90,1.50
2012.02.21 09:47:13.861,0.97376,0.97412,1.30,3.23
2012.02.21 09:47:14.366,0.97376,0.97411,1.30,1.50
2012.02.21 09:47:14.956,0.97372,0.97409,1.30,1.13
2012.02.21 09:47:15.141,0.97372,0.97409,1.30,1.50
2012.02.21 09:47:16.385,0.97372,0.97407,1.30,1.13
2012.02.21 09:47:19.251,0.97372,0.97407,1.30,1.50
2012.02.21 09:47:20.201,0.97372,0.97407,2.05,1.50
2012.02.21 09:47:21.138,0.97372,0.97409,1.30,1.50
2012.02.21 09:47:23.410,0.97373,0.97409,1.30,1.50
2012.02.21 09:47:25.301,0.97376,0.97409,1.15,1.50
2012.02.21 09:47:29.683,0.97378,0.9741,1.15,1.13
2012.02.21 09:47:29.812,0.9738,0.97413,1.53,1.13
2012.02.21 09:47:30.787,0.97381,0.97416,1.68,2.85
2012.02.21 09:47:30.863,0.97376,0.97412,1.90,1.35
2012.02.21 09:47:30.925,0.97376,0.97412,1.90,1.73
2012.02.21 09:47:31.805,0.97378,0.97411,3.40,1.13
2012.02.21 09:47:32.473,0.97378,0.97411,3.40,1.73
2012.02.21 09:47:32.724,0.97378,0.97412,3.40,3.23
2012.02.21 09:47:32.791,0.97378,0.97412,3.23,3.23
2012.02.21 09:47:32.919,0.97378,0.9741,2.48,1.13
2012.02.21 09:47:34.528,0.97373,0.97403,1.30,2.10
2012.02.21 09:47:34.652,0.97373,0.97408,1.30,1.50
2012.02.21 09:47:34.784,0.97373,0.97403,1.30,2.10
2012.02.21 09:47:35.060,0.97369,0.97403,1.30,2.10
2012.02.21 09:47:35.120,0.97369,0.97403,1.30,2.10
2012.02.21 09:47:36.142,0.97371,0.97403,1.30,2.10
2012.02.21 09:47:36.890,0.97378,0.97399,2.10,1.13
2012.02.21 09:47:36.960,0.97371,0.97399,1.13,1.13
2012.02.21 09:47:37.200,0.97367,0.97399,3.03,1.13
2012.02.21 09:47:38.600,0.97367,0.97399,2.65,1.50
2012.02.21 09:47:40.477,0.97367,0.97399,3.40,1.50
2012.02.21 09:47:41.722,0.97367,0.97399,4.38,1.13
2012.02.21 09:47:42.191,0.97371,0.97402,3.23,1.13
2012.02.21 09:47:42.502,0.97374,0.97403,1.35,2.85
2012.02.21 09:47:42.930,0.97378,0.97409,3.63,1.13
2012.02.21 09:47:42.989,0.97378,0.97409,3.03,1.13
2012.02.21 09:47:43.190,0.97378,0.97409,3.03,1.13
2012.02.21 09:47:43.441,0.97378,0.97409,3.03,1.13
2012.02.21 09:47:44.892,0.97374,0.97403,1.90,2.10
2012.02.21 09:47:45.226,0.97374,0.97403,1.90,2.85
2012.02.21 09:47:45.649,0.9737,0.97403,1.30,3.23
2012.02.21 09:47:46.840,0.97371,0.97403,1.30,2.85
2012.02.21 09:47:49.194,0.97368,0.97399,1.53,1.13
2012.02.21 09:47:49.320,0.97368,0.97399,1.53,1.13
2012.02.21 09:47:49.899,0.97368,0.97399,1.53,1.13
2012.02.21 09:47:52.434,0.97377,0.97406,2.48,1.13
2012.02.21 09:47:52.507,0.97377,0.97406,3.25,1.13
2012.02.21 09:47:52.576,0.97377,0.97408,3.25,1.50
2012.02.21 09:47:52.649,0.97377,0.97408,3.63,1.13
2012.02.21 09:47:52.775,0.97378,0.97413,3.03,1.50
2012.02.21 09:47:53.142,0.97381,0.97414,1.15,1.50
2012.02.21 09:47:53.995,0.97378,0.97414,1.30,1.50
2012.02.21 09:47:54.076,0.97377,0.9741,1.30,1.13
2012.02.21 09:47:54.661,0.97376,0.97408,1.53,1.13
2012.02.21 09:47:54.963,0.97374,0.97407,1.15,1.13
2012.02.21 09:47:55.150,0.97373,0.97402,1.30,2.10
2012.02.21 09:47:55.518,0.97374,0.97408,1.30,1.50
2012.02.21 09:47:56.075,0.97378,0.97409,2.65,1.13
2012.02.21 09:47:56.280,0.97371,0.97407,1.30,1.13
2012.02.21 09:47:56.894,0.97371,0.97406,1.30,1.50
2012.02.21 09:47:57.162,0.97371,0.97407,1.30,1.13
2012.02.21 09:47:57.990,0.97371,0.97406,1.30,1.50
2012.02.21 09:47:58.441,0.97376,0.97407,1.13,1.13
2012.02.21 09:47:58.513,0.97377,0.97407,1.35,1.13
2012.02.21 09:47:59.128,0.97376,0.97406,3.23,1.13
2012.02.21 09:47:59.634,0.97374,0.97408,1.30,1.50
2012.02.21 09:48:00.047,0.97372,0.97402,1.30,2.85
2012.02.21 09:48:03.509,0.97371,0.97402,1.30,2.48
2012.02.21 09:48:04.279,0.97367,0.97401,1.68,1.13
2012.02.21 09:48:04.873,0.97367,0.97398,3.40,1.13
2012.02.21 09:48:05.794,0.97367,0.97399,3.78,1.13
2012.02.21 09:48:05.924,0.9737,0.97403,1.30,3.23
2012.02.21 09:48:06.933,0.9737,0.97403,1.30,3.23
2012.02.21 09:48:07.779,0.97372,0.97403,1.68,3.23
2012.02.21 09:48:08.346,0.97372,0.97403,1.68,3.23
2012.02.21 09:48:08.875,0.97372,0.97403,1.30,1.13
2012.02.21 09:48:08.943,0.97372,0.97404,1.30,1.13
2012.02.21 09:48:09.195,0.97372,0.97406,1.68,1.13
2012.02.21 09:48:09.266,0.97371,0.97406,1.30,1.88
2012.02.21 09:48:09.511,0.97371,0.97406,2.05,1.13
2012.02.21 09:48:09.574,0.97371,0.97406,1.30,1.88
2012.02.21 09:48:10.383,0.97371,0.97406,2.05,1.50
2012.02.21 09:48:10.988,0.97372,0.97402,1.68,2.10
2012.02.21 09:48:11.323,0.97368,0.974,3.63,1.13
2012.02.21 09:48:12.462,0.97369,0.97402,1.30,3.23
2012.02.21 09:48:13.275,0.97377,0.97406,2.10,1.13
2012.02.21 09:48:13.699,0.97378,0.97413,1.30,3.23
2012.02.21 09:48:14.301,0.97378,0.9741,1.53,1.13
2012.02.21 09:48:14.716,0.97378,0.9741,1.53,1.13
2012.02.21 09:48:15.767,0.97378,0.9741,1.53,1.13
2012.02.21 09:48:15.839,0.97378,0.9741,1.90,1.13
2012.02.21 09:48:16.412,0.97379,0.97412,1.30,3.23
2012.02.21 09:48:16.480,0.97382,0.97412,1.13,2.48
2012.02.21 09:48:16.660,0.97382,0.97412,1.30,2.85
2012.02.21 09:48:18.475,0.97381,0.97413,1.68,2.10
2012.02.21 09:48:19.048,0.97381,0.97412,1.68,2.48
2012.02.21 09:48:19.588,0.9739,0.97418,1.13,1.13
2012.02.21 09:48:20.101,0.9739,0.97422,1.30,2.85
2012.02.21 09:48:20.621,0.9739,0.97422,1.30,2.85
2012.02.21 09:48:21.581,0.97385,0.97418,1.30,1.13
2012.02.21 09:48:21.770,0.97385,0.97418,1.30,1.13
2012.02.21 09:48:22.136,0.9739,0.97423,1.53,2.85
2012.02.21 09:48:22.920,0.97391,0.97422,1.53,2.85
2012.02.21 09:48:23.186,0.97389,0.97422,1.30,2.10
2012.02.21 09:48:23.251,0.97389,0.97423,1.30,2.85
2012.02.21 09:48:23.944,0.9739,0.97423,1.53,2.48
2012.02.21 09:48:24.665,0.97389,0.97423,1.30,2.48
2012.02.21 09:48:25.221,0.97389,0.97422,1.30,1.13
2012.02.21 09:48:25.335,0.97389,0.97423,1.30,2.48
2012.02.21 09:48:25.926,0.97392,0.97422,1.30,2.10
2012.02.21 09:48:27.025,0.97389,0.97422,1.30,2.85
2012.02.21 09:48:27.175,0.97389,0.97421,1.30,1.13
2012.02.21 09:48:27.363,0.97388,0.97422,3.40,2.48
2012.02.21 09:48:28.842,0.97388,0.97422,3.40,2.10
2012.02.21 09:48:29.410,0.97392,0.97423,1.30,2.85
2012.02.21 09:48:29.727,0.97385,0.97419,1.90,1.13
2012.02.21 09:48:30.841,0.97387,0.97423,3.03,2.48
2012.02.21 09:48:31.379,0.97388,0.97419,3.03,1.13
2012.02.21 09:48:32.181,0.97388,0.97419,2.48,1.35
2012.02.21 09:48:32.836,0.97388,0.97419,2.48,1.50
2012.02.21 09:48:33.111,0.97394,0.97423,1.53,2.85
2012.02.21 09:48:33.735,0.97394,0.97423,1.15,2.85
2012.02.21 09:48:33.802,0.97394,0.97423,1.15,2.10
2012.02.21 09:48:34.763,0.97394,0.97423,1.15,2.10
2012.02.21 09:48:34.834,0.97394,0.97423,1.15,2.85
2012.02.21 09:48:35.495,0.97394,0.97423,1.15,2.85
2012.02.21 09:48:35.872,0.97394,0.97429,1.53,1.13
2012.02.21 09:48:37.214,0.97395,0.9743,1.90,1.13
2012.02.21 09:48:37.285,0.97395,0.9743,1.90,1.13
2012.02.21 09:48:37.611,0.97395,0.9743,1.90,1.13
2012.02.21 09:48:38.191,0.97387,0.9742,3.40,1.13
2012.02.21 09:48:38.314,0.97387,0.9742,3.40,1.13
2012.02.21 09:48:39.432,0.97388,0.97422,3.03,3.23
2012.02.21 09:48:39.964,0.97389,0.97422,1.30,2.85
2012.02.21 09:48:40.185,0.97391,0.97423,1.30,2.10
2012.02.21 09:48:40.454,0.97391,0.97423,1.30,2.85
2012.02.21 09:48:41.113,0.9739,0.97423,1.30,3.23
2012.02.21 09:48:41.462,0.9739,0.97423,1.30,3.23
2012.02.21 09:48:41.663,0.9739,0.97423,1.30,3.23
2012.02.21 09:48:42.662,0.97392,0.97422,1.53,2.85
2012.02.21 09:48:42.733,0.97392,0.97422,1.53,2.10
2012.02.21 09:48:43.100,0.9739,0.97423,1.30,3.23
2012.02.21 09:48:43.224,0.9739,0.97423,1.30,2.48
2012.02.21 09:48:43.431,0.9739,0.97423,1.30,3.23
2012.02.21 09:48:44.209,0.97393,0.97423,1.30,2.10
2012.02.21 09:48:44.660,0.97394,0.97423,1.30,2.85
2012.02.21 09:48:44.813,0.97394,0.97423,1.30,2.10
2012.02.21 09:48:45.660,0.9739,0.97423,1.30,2.10
2012.02.21 09:48:46.331,0.9739,0.97423,1.30,2.85
2012.02.21 09:48:46.865,0.9739,0.97423,1.30,2.85
2012.02.21 09:48:48.092,0.9739,0.97423,1.30,2.85
2012.02.21 09:48:48.712,0.97392,0.97424,1.68,1.13
2012.02.21 09:48:49.257,0.97392,0.97424,1.68,1.13
2012.02.21 09:48:49.921,0.97396,0.97427,1.13,1.13
2012.02.21 09:48:50.444,0.97396,0.97427,1.90,1.13
2012.02.21 09:48:51.781,0.97397,0.97429,2.65,1.50
2012.02.21 09:48:51.841,0.97397,0.97429,2.65,1.50
2012.02.21 09:48:52.152,0.97394,0.97429,1.53,1.88
2012.02.21 09:48:53.407,0.97391,0.97423,1.15,1.50
2012.02.21 09:48:54.152,0.97391,0.97423,1.53,1.13
2012.02.21 09:48:54.491,0.97394,0.97428,1.30,1.50
2012.02.21 09:48:55.778,0.97397,0.97429,3.03,1.13
2012.02.21 09:48:55.861,0.97388,0.97422,3.03,2.48
2012.02.21 09:48:56.040,0.97397,0.97423,2.48,1.13
2012.02.21 09:48:56.281,0.97397,0.97429,2.65,2.10
2012.02.21 09:48:57.829,0.97397,0.97429,2.65,1.50
2012.02.21 09:48:58.764,0.97398,0.97431,1.15,1.13
2012.02.21 09:48:59.273,0.97398,0.97431,1.53,1.13
2012.02.21 09:48:59.630,0.97404,0.97434,1.15,1.13
2012.02.21 09:48:59.812,0.97404,0.97435,1.15,1.13
2012.02.21 09:49:00.132,0.97408,0.97435,2.10,1.13
2012.02.21 09:49:00.853,0.97398,0.97432,3.03,3.23
2012.02.21 09:49:00.945,0.97398,0.97432,3.03,3.60
2012.02.21 09:49:01.191,0.97398,0.97432,3.03,2.85
2012.02.21 09:49:03.016,0.97398,0.97432,3.40,2.85
2012.02.21 09:49:03.660,0.97399,0.97432,1.90,1.13
2012.02.21 09:49:04.313,0.97399,0.97431,1.90,1.50
2012.02.21 09:49:05.495,0.97397,0.97429,2.65,1.50
2012.02.21 09:49:05.753,0.97397,0.97429,3.03,1.13
2012.02.21 09:49:06.407,0.97397,0.97429,3.03,1.13
2012.02.21 09:49:07.344,0.97397,0.97429,3.03,1.13
2012.02.21 09:49:07.955,0.97397,0.97429,3.03,1.50
2012.02.21 09:49:08.048,0.97397,0.97431,3.03,1.13
2012.02.21 09:49:08.412,0.97397,0.97431,3.03,1.13
2012.02.21 09:49:08.961,0.97397,0.97427,2.65,1.13
2012.02.21 09:49:09.721,0.97397,0.97428,2.65,1.50
2012.02.21 09:49:10.935,0.97397,0.97429,3.03,1.13
2012.02.21 09:49:15.760,0.97397,0.97429,3.03,1.50
2012.02.21 09:49:21.592,0.97396,0.97432,1.30,1.13
2012.02.21 09:49:21.794,0.97396,0.97432,1.30,1.13
2012.02.21 09:49:22.712,0.97398,0.97432,3.40,2.85
2012.02.21 09:49:22.903,0.97402,0.97434,1.30,1.13
2012.02.21 09:49:25.720,0.97401,0.97436,1.30,1.13
2012.02.21 09:49:26.490,0.97407,0.97436,2.10,1.13
2012.02.21 09:49:26.673,0.97407,0.97437,4.20,1.13
2012.02.21 09:49:26.892,0.97407,0.97437,2.10,1.13
2012.02.21 09:49:27.084,0.97407,0.97441,2.65,1.35
2012.02.21 09:49:27.310,0.97408,0.97443,1.30,2.10
2012.02.21 09:49:27.569,0.97408,0.97443,1.90,1.50
2012.02.21 09:49:28.321,0.97408,0.97443,1.90,1.50
2012.02.21 09:49:28.440,0.97408,0.97438,1.53,1.13
2012.02.21 09:49:29.339,0.97404,0.97437,1.30,1.13
2012.02.21 09:49:29.460,0.97404,0.97438,1.30,1.50
2012.02.21 09:49:32.205,0.97406,0.97439,1.53,1.13
2012.02.21 09:49:32.888,0.97412,0.97447,1.30,1.13
2012.02.21 09:49:34.231,0.97408,0.97444,2.65,1.50
2012.02.21 09:49:34.362,0.97398,0.97432,1.30,1.13
2012.02.21 09:49:34.435,0.97406,0.97433,1.13,2.85
2012.02.21 09:49:34.682,0.97401,0.97433,1.53,2.48
2012.02.21 09:49:35.399,0.97408,0.97438,2.85,1.13
2012.02.21 09:49:35.462,0.97408,0.9744,3.03,1.13
2012.02.21 09:49:36.022,0.97403,0.97438,1.53,1.13
2012.02.21 09:49:36.152,0.97403,0.97438,1.53,1.50
2012.02.21 09:49:37.465,0.97401,0.97436,1.30,1.13
2012.02.21 09:49:38.194,0.974,0.97437,1.53,1.13
2012.02.21 09:49:38.748,0.97402,0.97437,1.68,1.13
2012.02.21 09:49:39.489,0.97399,0.97433,1.30,2.48
2012.02.21 09:49:39.557,0.97397,0.97433,3.03,2.85
2012.02.21 09:49:39.714,0.974,0.97431,1.13,1.13
2012.02.21 09:49:39.784,0.97397,0.97431,3.03,1.13
2012.02.21 09:49:40.454,0.97398,0.97433,1.30,3.60
2012.02.21 09:49:40.580,0.97408,0.97436,2.48,1.13
2012.02.21 09:49:41.335,0.97408,0.97436,2.48,1.13
2012.02.21 09:49:41.886,0.97408,0.97437,2.48,1.13
2012.02.21 09:49:43.279,0.97408,0.97437,2.48,1.13
2012.02.21 09:49:44.524,0.97403,0.97437,1.90,1.13
2012.02.21 09:49:46.592,0.97403,0.97434,1.53,1.13
2012.02.21 09:49:46.810,0.974,0.97434,1.53,1.13
2012.02.21 09:49:49.217,0.97401,0.97434,1.68,1.13
2012.02.21 09:49:49.493,0.974,0.97434,1.53,1.13
2012.02.21 09:49:50.460,0.97402,0.97434,1.68,1.50
2012.02.21 09:49:51.271,0.97408,0.97437,2.10,1.13
2012.02.21 09:49:51.788,0.97408,0.97436,2.10,1.13
2012.02.21 09:49:52.920,0.97401,0.97433,1.68,2.10
2012.02.21 09:49:53.410,0.97402,0.97433,1.68,2.48
2012.02.21 09:49:53.640,0.97402,0.97432,1.13,1.13
2012.02.21 09:49:56.468,0.97402,0.97432,1.13,1.13
2012.02.21 09:49:56.772,0.97407,0.9743,2.10,1.13
2012.02.21 09:49:57.081,0.97398,0.97429,3.03,1.13
2012.02.21 09:49:58.576,0.97398,0.97432,3.40,3.23
2012.02.21 09:49:59.815,0.97398,0.97429,3.03,1.13
2012.02.21 09:50:00.090,0.97398,0.97429,3.03,1.50
2012.02.21 09:50:01.790,0.97398,0.97428,2.65,1.50
2012.02.21 09:50:01.853,0.97398,0.97426,2.10,1.13
2012.02.21 09:50:02.431,0.97398,0.97432,2.85,2.85
2012.02.21 09:50:02.491,0.974,0.97432,1.30,2.10
2012.02.21 09:50:02.562,0.97407,0.97434,2.10,1.13
2012.02.21 09:50:03.741,0.97402,0.97434,1.15,1.50
2012.02.21 09:50:04.572,0.97399,0.97433,1.15,3.23
2012.02.21 09:50:04.824,0.97397,0.97431,2.65,1.13
2012.02.21 09:50:05.478,0.97398,0.97432,3.03,2.85
2012.02.21 09:50:05.992,0.97398,0.97428,2.85,1.50
2012.02.21 09:50:06.303,0.97387,0.97423,3.03,3.23
2012.02.21 09:50:07.400,0.9739,0.97423,1.30,2.48
2012.02.21 09:50:07.641,0.97397,0.97424,2.10,1.13
2012.02.21 09:50:07.933,0.9739,0.97423,1.30,2.48
2012.02.21 09:50:09.001,0.97393,0.97423,1.30,2.10
2012.02.21 09:50:09.638,0.97398,0.97428,2.48,1.88
2012.02.21 09:50:09.703,0.97398,0.97428,3.03,1.13
2012.02.21 09:50:10.299,0.97398,0.97428,3.03,1.13
2012.02.21 09:50:11.466,0.97398,0.97429,2.65,1.50
2012.02.21 09:50:12.625,0.97393,0.97426,1.30,1.13
2012.02.21 09:50:12.932,0.97397,0.97424,2.48,2.85
2012.02.21 09:50:13.245,0.97388,0.97418,2.65,1.13
2012.02.21 09:50:13.471,0.97388,0.97418,2.48,1.13
2012.02.21 09:50:13.651,0.97388,0.97418,2.65,1.50
2012.02.21 09:50:14.486,0.97388,0.97421,3.03,1.73
2012.02.21 09:50:14.971,0.97391,0.97424,1.53,1.88
2012.02.21 09:50:15.210,0.97392,0.97424,1.53,1.13
2012.02.21 09:50:15.691,0.97391,0.97424,1.30,1.13
2012.02.21 09:50:15.963,0.97392,0.97425,1.90,1.50
2012.02.21 09:50:16.693,0.97392,0.97425,1.90,1.50
2012.02.21 09:50:17.519,0.97392,0.97424,1.53,1.13
2012.02.21 09:50:18.002,0.97397,0.97426,2.10,1.13
2012.02.21 09:50:18.132,0.97392,0.97427,1.53,1.13
2012.02.21 09:50:18.321,0.97389,0.97423,1.30,1.13
2012.02.21 09:50:18.702,0.97389,0.97421,1.30,1.50
2012.02.21 09:50:19.648,0.97387,0.97421,3.03,1.13
2012.02.21 09:50:20.404,0.97387,0.97422,3.03,1.50
2012.02.21 09:50:21.495,0.97387,0.97419,2.10,1.13
2012.02.21 09:50:22.257,0.9739,0.97422,1.15,1.13
2012.02.21 09:50:23.341,0.97387,0.97422,4.15,1.13
2012.02.21 09:50:28.291,0.97387,0.97417,2.28,1.50
2012.02.21 09:50:28.663,0.97388,0.97418,2.48,1.50
2012.02.21 09:50:29.436,0.97388,0.97422,3.03,3.23
2012.02.21 09:50:30.735,0.97388,0.97422,3.03,2.48
2012.02.21 09:50:30.803,0.97397,0.97427,2.10,1.50
2012.02.21 09:50:30.874,0.97388,0.97423,1.30,2.85
2012.02.21 09:50:31.810,0.97387,0.97422,3.78,1.13
2012.02.21 09:50:31.884,0.97387,0.97422,3.40,1.50
2012.02.21 09:50:32.301,0.97388,0.97419,2.28,1.13
2012.02.21 09:50:32.918,0.97388,0.97422,3.03,1.50
2012.02.21 09:50:33.432,0.97391,0.97424,1.30,1.50
2012.02.21 09:50:34.354,0.97388,0.97422,2.85,2.85
2012.02.21 09:50:34.431,0.97388,0.97422,2.10,3.60
2012.02.21 09:50:35.191,0.97388,0.97421,2.48,1.13
2012.02.21 09:50:36.691,0.97388,0.97418,2.48,1.13
2012.02.21 09:50:37.011,0.97388,0.97422,3.03,2.85
2012.02.21 09:50:37.762,0.97388,0.97422,3.03,3.23
2012.02.21 09:50:37.952,0.97388,0.97419,2.65,1.50
2012.02.21 09:50:38.809,0.97384,0.97412,1.30,2.85
2012.02.21 09:50:38.875,0.97378,0.97412,4.00,2.85
2012.02.21 09:50:39.323,0.97382,0.97412,1.30,2.10
2012.02.21 09:50:40.729,0.97378,0.97412,3.40,2.85
2012.02.21 09:50:41.082,0.97388,0.97413,2.10,1.13
2012.02.21 09:50:41.212,0.97382,0.97414,1.68,1.50
2012.02.21 09:50:42.166,0.97382,0.97413,1.68,1.13
2012.02.21 09:50:42.290,0.97379,0.97412,1.30,1.13
2012.02.21 09:50:43.201,0.97378,0.9741,3.03,1.13
2012.02.21 09:50:43.262,0.97378,0.9741,3.03,1.50
2012.02.21 09:50:44.314,0.97377,0.97408,3.78,1.13
2012.02.21 09:50:46.309,0.97377,0.97408,3.78,1.13
2012.02.21 09:50:46.369,0.97377,0.97409,4.15,1.13
2012.02.21 09:50:49.140,0.97379,0.97411,1.30,1.13
2012.02.21 09:50:49.681,0.97378,0.97413,1.30,1.13
2012.02.21 09:50:51.472,0.97383,0.97418,1.13,1.13
2012.02.21 09:50:52.005,0.97383,0.97419,1.30,1.50
2012.02.21 09:50:53.745,0.97382,0.97417,1.30,1.50
2012.02.21 09:50:53.828,0.97382,0.97419,1.30,1.50
2012.02.21 09:50:53.906,0.97388,0.97419,2.85,1.13
2012.02.21 09:50:54.686,0.97398,0.97419,2.10,1.13
2012.02.21 09:50:54.761,0.97397,0.97423,2.48,1.13
2012.02.21 09:50:55.355,0.97394,0.97426,1.13,1.13
2012.02.21 09:50:55.550,0.97388,0.97422,3.40,2.10
2012.02.21 09:50:56.000,0.97388,0.97422,3.40,2.48
2012.02.21 09:50:57.428,0.97398,0.97424,2.10,1.50
2012.02.21 09:50:57.674,0.97388,0.97424,3.40,1.50
2012.02.21 09:50:58.299,0.97388,0.97423,1.30,3.23
2012.02.21 09:50:58.421,0.97389,0.97423,1.30,2.85
2012.02.21 09:50:59.272,0.97389,0.97423,1.30,2.48
2012.02.21 09:51:00.301,0.97389,0.97423,1.30,3.23
2012.02.21 09:51:01.373,0.97389,0.97426,1.30,1.13
2012.02.21 09:51:01.771,0.97391,0.97423,1.30,2.85
2012.02.21 09:51:01.950,0.97391,0.97423,2.65,2.10
2012.02.21 09:51:02.251,0.97398,0.97424,2.10,1.13
2012.02.21 09:51:02.433,0.97391,0.97425,1.90,1.13
2012.02.21 09:51:02.563,0.97398,0.97426,2.10,1.50
2012.02.21 09:51:03.582,0.97387,0.97422,3.40,1.13
2012.02.21 09:51:03.651,0.97387,0.97422,3.40,1.13
2012.02.21 09:51:04.450,0.97389,0.97423,1.30,3.23
2012.02.21 09:51:04.513,0.97389,0.97423,1.30,2.10
2012.02.21 09:51:05.109,0.97397,0.97426,2.48,1.13
2012.02.21 09:51:05.678,0.97397,0.97426,2.48,1.13
2012.02.21 09:51:06.152,0.97397,0.97428,2.85,1.13
2012.02.21 09:51:06.853,0.97397,0.9743,3.40,1.13
2012.02.21 09:51:07.373,0.97397,0.9743,3.03,1.13
2012.02.21 09:51:10.711,0.97395,0.9743,1.30,1.13
2012.02.21 09:51:11.241,0.97392,0.97422,1.30,2.85
2012.02.21 09:51:11.362,0.97392,0.97422,1.30,2.85
2012.02.21 09:51:15.037,0.97388,0.97421,3.63,1.13
2012.02.21 09:51:15.103,0.97388,0.97421,3.63,1.88
2012.02.21 09:51:18.510,0.97388,0.97421,3.63,1.88
2012.02.21 09:51:19.108,0.97388,0.97421,3.63,1.50
2012.02.21 09:51:19.185,0.97389,0.97423,1.30,1.88
2012.02.21 09:51:19.528,0.97387,0.9742,3.03,1.13
2012.02.21 09:51:20.003,0.97387,0.97421,3.03,1.13
2012.02.21 09:51:20.194,0.97387,0.9742,3.03,1.13
2012.02.21 09:51:20.416,0.97387,0.9742,3.78,1.13
2012.02.21 09:51:20.543,0.97388,0.9742,3.03,1.13
2012.02.21 09:51:20.891,0.97397,0.97425,2.10,1.50
2012.02.21 09:51:22.851,0.9739,0.97425,1.30,1.50
2012.02.21 09:51:23.672,0.9739,0.97425,1.30,1.50
2012.02.21 09:51:23.890,0.97398,0.97425,2.10,1.50
2012.02.21 09:51:24.206,0.97398,0.97424,2.10,1.50
2012.02.21 09:51:24.337,0.97387,0.97423,3.03,2.85
2012.02.21 09:51:25.076,0.97388,0.97422,3.03,1.13
2012.02.21 09:51:25.143,0.97394,0.97429,1.13,1.50
2012.02.21 09:51:25.212,0.97394,0.97429,1.30,1.50
2012.02.21 09:51:26.352,0.97394,0.97427,1.30,1.13
2012.02.21 09:51:26.680,0.97391,0.97424,1.30,1.13
2012.02.21 09:51:27.193,0.97391,0.97426,1.30,1.13
2012.02.21 09:51:27.385,0.97398,0.97424,2.10,1.13
2012.02.21 09:51:28.030,0.97389,0.97429,1.30,1.50
2012.02.21 09:51:28.096,0.97389,0.97426,1.30,1.13
2012.02.21 09:51:28.520,0.97398,0.97432,2.65,2.85
2012.02.21 09:51:28.703,0.97398,0.97433,3.40,1.50
2012.02.21 09:51:28.771,0.97398,0.97432,3.40,1.13
2012.02.21 09:51:29.292,0.97399,0.97433,1.30,1.50
2012.02.21 09:51:29.937,0.97398,0.97433,3.40,1.50
2012.02.21 09:51:32.003,0.97398,0.97432,3.40,1.13
2012.02.21 09:51:33.973,0.97398,0.97433,3.40,1.50
2012.02.21 09:51:34.665,0.97398,0.97433,3.40,1.50
2012.02.21 09:51:35.113,0.97398,0.97433,3.40,1.13
2012.02.21 09:51:36.692,0.97398,0.97432,3.03,1.50
2012.02.21 09:51:36.761,0.97398,0.97434,3.03,1.50
2012.02.21 09:51:36.921,0.97398,0.97432,3.03,1.50
2012.02.21 09:51:39.861,0.97398,0.97432,3.03,1.50
2012.02.21 09:51:39.981,0.97398,0.97433,3.03,1.50
2012.02.21 09:51:40.106,0.97394,0.97433,1.30,3.98
2012.02.21 09:51:40.632,0.97391,0.97427,2.05,1.13
2012.02.21 09:51:40.694,0.97398,0.97427,2.10,1.13
2012.02.21 09:51:41.175,0.97398,0.97434,2.85,1.88
2012.02.21 09:51:41.252,0.97399,0.97434,1.30,1.88
2012.02.21 09:51:41.383,0.97398,0.97431,2.65,1.13
2012.02.21 09:51:42.255,0.97394,0.97428,1.53,1.13
2012.02.21 09:51:43.097,0.97397,0.97427,2.10,1.13
2012.02.21 09:51:43.411,0.97398,0.97426,2.10,1.13
2012.02.21 09:51:45.256,0.97391,0.97426,1.30,1.13
2012.02.21 09:51:49.152,0.97388,0.97424,1.30,1.50
2012.02.21 09:51:49.745,0.97388,0.97423,1.30,1.13
2012.02.21 09:51:49.865,0.97388,0.97423,1.30,1.13
2012.02.21 09:51:50.122,0.97398,0.97423,2.10,1.13
2012.02.21 09:51:51.081,0.97398,0.97427,2.65,1.13
2012.02.21 09:51:51.410,0.97398,0.97427,2.65,1.13
2012.02.21 09:51:51.944,0.97398,0.97426,2.10,1.13
2012.02.21 09:51:52.012,0.97398,0.97426,2.10,1.13
2012.02.21 09:51:53.972,0.97398,0.97424,2.10,1.13
2012.02.21 09:51:54.711,0.97398,0.97419,2.10,1.13
2012.02.21 09:51:55.242,0.97398,0.97426,2.10,1.50
2012.02.21 09:51:55.846,0.97398,0.97422,2.48,1.13
2012.02.21 09:51:56.153,0.97397,0.97429,3.03,1.13
2012.02.21 09:51:56.860,0.97397,0.97429,3.03,1.13
2012.02.21 09:51:57.251,0.97397,0.97429,3.03,1.13
2012.02.21 09:51:58.611,0.97398,0.9743,1.30,1.13
2012.02.21 09:51:59.322,0.974,0.97433,1.30,2.85
2012.02.21 09:52:00.362,0.974,0.97433,1.30,2.85
2012.02.21 09:52:01.062,0.97398,0.9743,1.30,1.13
2012.02.21 09:52:04.271,0.97397,0.9743,3.40,1.13
2012.02.21 09:52:11.446,0.97398,0.97431,1.30,1.13
2012.02.21 09:52:11.751,0.97397,0.97428,3.03,1.13
2012.02.21 09:52:12.121,0.97397,0.97429,2.48,1.50
2012.02.21 09:52:12.879,0.97398,0.9743,1.30,1.13
2012.02.21 09:52:13.714,0.97397,0.97427,3.03,1.13
2012.02.21 09:52:13.997,0.97397,0.97427,2.48,1.13
2012.02.21 09:52:15.393,0.97397,0.97427,2.48,1.13
2012.02.21 09:52:15.939,0.97397,0.97427,2.48,1.13
2012.02.21 09:52:16.006,0.97397,0.97419,2.10,1.13
2012.02.21 09:52:16.146,0.97387,0.97419,3.03,1.13
2012.02.21 09:52:16.292,0.97397,0.97422,2.10,1.13
2012.02.21 09:52:16.911,0.97397,0.97423,2.10,1.13
2012.02.21 09:52:17.105,0.97397,0.97422,2.10,1.13
2012.02.21 09:52:17.230,0.97388,0.97422,1.30,1.13
2012.02.21 09:52:17.291,0.97392,0.97423,1.30,1.13
2012.02.21 09:52:17.351,0.97398,0.97423,2.10,1.13
2012.02.21 09:52:18.081,0.97398,0.97429,2.10,1.88
2012.02.21 09:52:18.692,0.97398,0.97424,2.10,1.13
2012.02.21 09:52:19.151,0.97392,0.97423,1.68,1.13
2012.02.21 09:52:19.461,0.97387,0.97422,4.00,1.13
2012.02.21 09:52:19.682,0.97391,0.97424,1.68,1.13
2012.02.21 09:52:19.750,0.97391,0.97424,1.68,1.50
2012.02.21 09:52:19.824,0.97391,0.97424,1.30,1.50
2012.02.21 09:52:20.608,0.97391,0.97424,1.68,1.13
2012.02.21 09:52:21.216,0.97391,0.97424,1.30,1.50
2012.02.21 09:52:21.283,0.97388,0.97422,3.03,1.13
2012.02.21 09:52:21.693,0.97392,0.97423,1.13,1.50
2012.02.21 09:52:22.401,0.97388,0.97422,3.03,1.50
2012.02.21 09:52:25.186,0.97387,0.97418,3.78,1.13
2012.02.21 09:52:25.253,0.97388,0.97418,2.85,1.50
2012.02.21 09:52:25.323,0.97388,0.97416,2.48,1.13
2012.02.21 09:52:25.876,0.97388,0.97418,2.48,1.50
2012.02.21 09:52:26.487,0.97388,0.97414,2.10,1.35
2012.02.21 09:52:26.765,0.97378,0.97409,3.03,1.13
2012.02.21 09:52:27.280,0.97378,0.97409,3.03,1.13
2012.02.21 09:52:28.094,0.97378,0.97409,3.03,1.13
2012.02.21 09:52:28.163,0.97378,0.97408,2.85,1.73
2012.02.21 09:52:29.034,0.97378,0.97408,2.48,1.13
2012.02.21 09:52:29.224,0.9738,0.97412,1.30,2.10
2012.02.21 09:52:29.775,0.9738,0.97412,1.30,2.85
2012.02.21 09:52:30.182,0.97378,0.97409,3.03,1.13
2012.02.21 09:52:30.252,0.97378,0.97409,3.03,1.50
2012.02.21 09:52:30.798,0.97377,0.97409,3.03,1.50
2012.02.21 09:52:31.444,0.97378,0.97412,1.30,1.13
2012.02.21 09:52:31.814,0.9738,0.97413,1.30,1.13
2012.02.21 09:52:31.883,0.9738,0.97413,1.30,1.13
2012.02.21 09:52:31.954,0.9738,0.97413,1.30,1.13
2012.02.21 09:52:32.374,0.97382,0.97415,1.30,1.50
2012.02.21 09:52:32.852,0.97382,0.97415,1.30,1.13
2012.02.21 09:52:33.150,0.97382,0.97415,1.30,1.13
2012.02.21 09:52:33.918,0.97378,0.97417,1.30,1.50
2012.02.21 09:52:34.222,0.97388,0.97413,2.10,1.50
2012.02.21 09:52:34.536,0.97388,0.97419,3.03,1.13
2012.02.21 09:52:34.722,0.97387,0.97419,3.03,1.13
2012.02.21 09:52:35.031,0.97387,0.97417,2.65,1.13
2012.02.21 09:52:35.151,0.97384,0.97416,1.30,1.50
2012.02.21 09:52:35.655,0.97381,0.97416,1.30,1.88
2012.02.21 09:52:35.728,0.97381,0.97416,1.30,1.13
2012.02.21 09:52:37.599,0.97381,0.97417,1.30,1.13
2012.02.21 09:52:38.290,0.97378,0.97409,2.28,1.13
2012.02.21 09:52:38.361,0.97377,0.97412,3.23,1.13
2012.02.21 09:52:38.545,0.97377,0.97412,3.40,1.13
2012.02.21 09:52:38.672,0.97387,0.97412,2.10,1.13
2012.02.21 09:52:38.802,0.97378,0.97412,3.03,1.13
2012.02.21 09:52:39.056,0.97378,0.97417,3.03,1.13
2012.02.21 09:52:39.184,0.97388,0.97418,2.10,1.50
2012.02.21 09:52:39.824,0.97382,0.97417,1.30,1.50
2012.02.21 09:52:40.145,0.97387,0.97418,2.48,1.50
2012.02.21 09:52:40.213,0.97387,0.97414,2.10,1.13
2012.02.21 09:52:40.515,0.97379,0.97414,1.30,1.13
2012.02.21 09:52:40.584,0.97379,0.97414,1.30,1.13
2012.02.21 09:52:40.777,0.97382,0.97412,1.15,2.85
2012.02.21 09:52:40.846,0.97378,0.97408,2.10,1.13
2012.02.21 09:52:40.916,0.9737,0.97408,1.30,1.13
2012.02.21 09:52:41.507,0.97369,0.97406,1.30,1.13
2012.02.21 09:52:42.883,0.97375,0.97404,1.15,1.13
2012.02.21 09:52:43.453,0.97377,0.97409,3.08,1.88
2012.02.21 09:52:43.526,0.97378,0.97409,1.53,1.13
2012.02.21 09:52:44.072,0.97378,0.97409,1.30,1.35
2012.02.21 09:52:44.323,0.97369,0.97403,1.90,1.13
2012.02.21 09:52:44.454,0.97369,0.97396,1.30,2.10
2012.02.21 09:52:44.585,0.97367,0.97393,2.05,2.70
2012.02.21 09:52:44.713,0.97367,0.97403,4.15,3.83
2012.02.21 09:52:45.442,0.97367,0.97399,3.03,1.13
2012.02.21 09:52:45.873,0.97367,0.97399,3.03,1.13
2012.02.21 09:52:46.560,0.97367,0.97399,3.03,1.13
2012.02.21 09:52:46.622,0.97367,0.97396,3.03,1.35
2012.02.21 09:52:47.223,0.97367,0.97399,3.03,1.13
2012.02.21 09:52:47.293,0.97366,0.97403,1.15,4.95
2012.02.21 09:52:47.483,0.97364,0.97401,1.73,1.13
2012.02.21 09:52:47.852,0.97368,0.97401,3.03,1.35
2012.02.21 09:52:47.921,0.97368,0.97401,2.65,1.35
2012.02.21 09:52:48.101,0.97361,0.97396,1.13,1.73
2012.02.21 09:52:48.342,0.97367,0.97395,2.10,1.13
2012.02.21 09:52:48.472,0.97358,0.97395,3.03,1.13
2012.02.21 09:52:48.542,0.97367,0.97395,2.10,1.13
2012.02.21 09:52:49.069,0.97367,0.97394,2.10,1.13
2012.02.21 09:52:49.140,0.97358,0.97389,3.03,1.13
2012.02.21 09:52:49.331,0.97368,0.97389,2.10,1.13
2012.02.21 09:52:49.451,0.97359,0.97389,1.15,1.13
2012.02.21 09:52:49.570,0.97359,0.97389,1.53,1.13
2012.02.21 09:52:50.081,0.97368,0.97389,2.10,1.13
2012.02.21 09:52:50.281,0.97359,0.97389,1.53,1.13
2012.02.21 09:52:52.432,0.97359,0.97394,1.30,1.50
2012.02.21 09:52:52.560,0.97367,0.97398,2.65,1.13
2012.02.21 09:52:52.742,0.97358,0.97394,1.53,1.50
2012.02.21 09:52:53.052,0.97357,0.97383,2.48,1.50
2012.02.21 09:52:53.121,0.97348,0.97383,3.03,1.50
2012.02.21 09:52:53.183,0.97348,0.9738,3.03,1.13
2012.02.21 09:52:53.941,0.97348,0.97378,3.03,1.13
2012.02.21 09:52:53.999,0.97348,0.97378,3.03,1.13
2012.02.21 09:52:54.242,0.97348,0.97378,3.03,1.13
2012.02.21 09:52:54.482,0.97348,0.97379,2.65,1.13
2012.02.21 09:52:55.012,0.97348,0.97382,4.00,2.85
2012.02.21 09:52:56.237,0.97349,0.97382,1.30,2.10
2012.02.21 09:52:56.362,0.97358,0.97389,3.03,1.13
2012.02.21 09:52:56.432,0.97351,0.97389,1.53,1.50
2012.02.21 09:52:56.502,0.97349,0.97386,1.30,1.13
2012.02.21 09:52:56.712,0.97353,0.97388,1.30,2.10
2012.02.21 09:52:56.881,0.97353,0.97388,1.30,2.48
2012.02.21 09:52:57.161,0.97348,0.97384,3.03,1.13
2012.02.21 09:52:57.281,0.97348,0.97378,2.65,1.13
2012.02.21 09:52:57.340,0.97348,0.97378,2.48,1.50
2012.02.21 09:52:57.761,0.97348,0.97379,3.03,1.13
2012.02.21 09:52:58.406,0.97348,0.97382,3.40,1.13
2012.02.21 09:52:58.783,0.97348,0.97383,1.30,2.48
2012.02.21 09:52:59.328,0.97349,0.97384,1.30,1.13
2012.02.21 09:53:02.626,0.97357,0.97386,2.48,1.13
2012.02.21 09:53:03.932,0.97359,0.97389,1.30,1.13
2012.02.21 09:53:05.873,0.97358,0.9739,1.30,1.13
2012.02.21 09:53:09.111,0.97358,0.97393,1.30,3.98
2012.02.21 09:53:09.290,0.97358,0.97391,1.30,1.13
2012.02.21 09:53:09.652,0.97358,0.97393,1.30,2.85
2012.02.21 09:53:09.781,0.97359,0.97391,1.30,2.25
2012.02.21 09:53:10.090,0.97354,0.97389,1.30,1.50
2012.02.21 09:53:10.150,0.97352,0.97386,1.30,1.13
2012.02.21 09:53:11.098,0.97347,0.97381,3.03,1.13
2012.02.21 09:53:11.793,0.97347,0.97379,3.40,1.13
2012.02.21 09:53:12.305,0.97348,0.97381,3.03,1.13
2012.02.21 09:53:12.886,0.97349,0.97381,1.30,1.50
2012.02.21 09:53:13.071,0.97351,0.97384,1.30,1.13
2012.02.21 09:53:13.133,0.97351,0.97385,1.30,1.13
2012.02.21 09:53:13.292,0.97351,0.97385,1.30,1.13
2012.02.21 09:53:14.118,0.97347,0.97382,3.40,1.13
2012.02.21 09:53:15.111,0.97347,0.97383,4.00,1.50
2012.02.21 09:53:16.490,0.97352,0.97387,1.30,1.13
2012.02.21 09:53:17.202,0.97353,0.97385,1.30,1.13
2012.02.21 09:53:17.531,0.97351,0.97389,1.68,2.48
2012.02.21 09:53:18.380,0.97349,0.97383,1.30,1.13
2012.02.21 09:53:19.200,0.97349,0.97383,1.30,1.13
2012.02.21 09:53:20.790,0.97351,0.97388,1.68,1.13
2012.02.21 09:53:21.465,0.97348,0.97382,3.40,2.85
2012.02.21 09:53:22.440,0.97347,0.9738,4.00,1.13
2012.02.21 09:53:23.400,0.97348,0.97382,2.48,2.48
2012.02.21 09:53:23.460,0.97348,0.97382,2.48,2.85
2012.02.21 09:53:23.950,0.97348,0.97383,3.03,1.13
2012.02.21 09:53:24.877,0.97348,0.97383,3.03,1.50
2012.02.21 09:53:26.014,0.97347,0.97382,4.00,1.50
2012.02.21 09:53:26.291,0.97347,0.97382,3.63,1.13
2012.02.21 09:53:27.725,0.97347,0.97379,3.63,1.13
2012.02.21 09:53:28.902,0.97347,0.97379,2.65,1.50
2012.02.21 09:53:29.061,0.97347,0.97377,2.10,1.13
2012.02.21 09:53:29.589,0.97347,0.97374,2.10,1.13
2012.02.21 09:53:31.148,0.97341,0.97374,1.30,1.13
2012.02.21 09:53:31.212,0.97339,0.97373,1.53,1.13
2012.02.21 09:53:31.281,0.97339,0.97373,1.53,1.50
2012.02.21 09:53:31.581,0.97348,0.97372,2.10,1.13
2012.02.21 09:53:32.201,0.97348,0.97376,2.10,1.50
2012.02.21 09:53:32.653,0.97348,0.97377,2.10,1.13
2012.02.21 09:53:33.323,0.97348,0.97376,2.10,1.50
2012.02.21 09:53:33.453,0.97348,0.97377,2.10,1.13
2012.02.21 09:53:33.520,0.97348,0.97378,2.48,1.50
2012.02.21 09:53:33.640,0.9735,0.97382,1.30,2.85
2012.02.21 09:53:33.700,0.97357,0.97383,2.10,1.13
2012.02.21 09:53:34.014,0.9735,0.97384,1.30,1.50
2012.02.21 09:53:34.156,0.9735,0.97383,1.30,1.13
2012.02.21 09:53:34.341,0.97347,0.97379,2.65,1.50
2012.02.21 09:53:34.883,0.97343,0.97376,1.30,1.13
2012.02.21 09:53:34.951,0.97343,0.9738,1.30,1.35
2012.02.21 09:53:35.585,0.97347,0.97381,2.85,1.13
2012.02.21 09:53:35.653,0.97348,0.97384,1.30,1.50
2012.02.21 09:53:35.972,0.97348,0.97381,1.30,1.13
2012.02.21 09:53:36.995,0.97348,0.97384,1.30,1.50
2012.02.21 09:53:37.122,0.97357,0.97384,2.10,1.50
2012.02.21 09:53:37.933,0.97357,0.97384,2.10,1.50
2012.02.21 09:53:39.466,0.97349,0.97384,1.30,1.50
2012.02.21 09:53:40.261,0.97351,0.97384,1.53,1.13
2012.02.21 09:53:42.249,0.9735,0.97384,1.13,1.50
2012.02.21 09:53:42.430,0.9735,0.97384,1.30,1.50
2012.02.21 09:53:42.707,0.9735,0.97383,1.30,1.13
2012.02.21 09:53:42.951,0.97348,0.97377,2.10,1.13
2012.02.21 09:53:44.242,0.97348,0.97379,2.48,1.13
2012.02.21 09:53:44.857,0.97348,0.97382,3.03,1.13
2012.02.21 09:53:44.926,0.97348,0.97386,3.40,1.13
2012.02.21 09:53:45.121,0.97357,0.97389,2.65,2.10
2012.02.21 09:53:45.314,0.97357,0.97386,2.65,1.13
2012.02.21 09:53:45.563,0.97353,0.97389,1.30,2.10
2012.02.21 09:53:45.635,0.97347,0.97383,3.03,3.60
2012.02.21 09:53:45.765,0.97347,0.97382,3.03,1.13
2012.02.21 09:53:46.618,0.97357,0.97387,2.10,1.50
2012.02.21 09:53:46.782,0.97348,0.97387,1.30,1.50
2012.02.21 09:53:46.852,0.97347,0.97384,4.15,1.13
2012.02.21 09:53:47.360,0.97347,0.97379,3.40,1.13
2012.02.21 09:53:47.882,0.97348,0.97383,3.40,1.13
2012.02.21 09:53:48.011,0.97348,0.97381,3.40,1.13
2012.02.21 09:53:48.669,0.97348,0.97379,3.40,1.13
2012.02.21 09:53:49.436,0.97348,0.97379,3.40,1.13
2012.02.21 09:53:49.507,0.97348,0.97378,3.03,1.13
2012.02.21 09:53:50.712,0.97348,0.97379,3.03,1.13
2012.02.21 09:53:50.773,0.9735,0.97379,1.35,1.13
2012.02.21 09:53:51.720,0.9735,0.97383,1.53,2.48
2012.02.21 09:53:52.023,0.9735,0.97385,1.90,1.50
2012.02.21 09:53:52.329,0.9735,0.97385,1.90,1.50
2012.02.21 09:53:52.935,0.9735,0.97385,1.90,1.13
2012.02.21 09:53:53.176,0.9735,0.97383,1.53,1.13
2012.02.21 09:53:53.588,0.9735,0.97381,1.15,1.13
2012.02.21 09:53:53.703,0.9735,0.97382,1.15,2.85
2012.02.21 09:53:54.672,0.97353,0.97386,1.30,1.13
2012.02.21 09:53:55.483,0.97353,0.97386,1.30,1.13
2012.02.21 09:53:55.922,0.97353,0.97386,1.30,1.13
2012.02.21 09:53:56.164,0.97353,0.97386,1.30,1.13
2012.02.21 09:53:56.236,0.97353,0.97386,1.30,1.13
2012.02.21 09:53:56.423,0.97347,0.97383,3.63,2.48
2012.02.21 09:53:56.491,0.97347,0.97382,3.63,1.13
2012.02.21 09:53:57.345,0.97347,0.9738,3.63,1.13
2012.02.21 09:53:57.563,0.97347,0.97382,3.63,1.13
2012.02.21 09:53:58.673,0.97347,0.9738,3.63,1.13
2012.02.21 09:53:59.123,0.97351,0.97383,1.15,3.60
2012.02.21 09:53:59.850,0.97351,0.9738,1.15,1.13
2012.02.21 09:53:59.970,0.97351,0.97384,1.30,1.13
2012.02.21 09:54:00.962,0.97351,0.97384,1.30,1.13
2012.02.21 09:54:01.093,0.97351,0.97384,1.30,1.13
2012.02.21 09:54:03.003,0.97358,0.9739,2.65,1.13
2012.02.21 09:54:03.072,0.97358,0.97391,3.03,1.13
2012.02.21 09:54:04.972,0.9736,0.97393,1.53,2.85
2012.02.21 09:54:05.571,0.97365,0.97393,1.30,2.10
2012.02.21 09:54:05.691,0.97365,0.97398,1.30,1.13
2012.02.21 09:54:05.993,0.9736,0.97393,1.30,1.13
2012.02.21 09:54:06.491,0.97368,0.97393,2.10,1.13
2012.02.21 09:54:06.670,0.97363,0.97393,1.53,3.23
2012.02.21 09:54:06.734,0.9736,0.97393,1.30,3.23
2012.02.21 09:54:08.220,0.97358,0.97389,3.03,1.13
2012.02.21 09:54:08.289,0.97358,0.97389,3.03,1.13
2012.02.21 09:54:08.356,0.97358,0.97389,3.03,1.13
2012.02.21 09:54:08.484,0.97357,0.97389,3.03,1.13
2012.02.21 09:54:10.377,0.97352,0.97383,1.15,1.13
2012.02.21 09:54:10.501,0.97357,0.97389,1.35,1.50
2012.02.21 09:54:10.832,0.97358,0.97391,3.40,1.13
2012.02.21 09:54:11.003,0.97358,0.97391,3.40,1.13
2012.02.21 09:54:11.800,0.97358,0.97388,3.03,1.13
2012.02.21 09:54:11.907,0.97358,0.97388,3.03,1.50
2012.02.21 09:54:12.892,0.97358,0.97389,2.65,1.50
2012.02.21 09:54:12.966,0.97358,0.97388,2.48,1.13
2012.02.21 09:54:13.032,0.97358,0.97389,2.48,1.50
2012.02.21 09:54:13.162,0.97358,0.97388,2.48,1.13
2012.02.21 09:54:13.669,0.97352,0.97385,1.90,1.13
2012.02.21 09:54:14.832,0.97352,0.97385,1.30,1.13
2012.02.21 09:54:15.621,0.97352,0.97385,1.30,1.13
2012.02.21 09:54:15.874,0.97349,0.97384,1.30,1.50
2012.02.21 09:54:15.943,0.97357,0.97384,2.10,1.50
2012.02.21 09:54:16.253,0.97357,0.97392,3.60,1.13
2012.02.21 09:54:16.322,0.97357,0.97392,3.78,1.13
2012.02.21 09:54:16.977,0.97358,0.97392,2.85,3.23
2012.02.21 09:54:17.519,0.97358,0.97392,3.03,3.23
2012.02.21 09:54:19.652,0.97358,0.97388,2.65,1.50
2012.02.21 09:54:22.260,0.97358,0.97388,2.48,1.50
2012.02.21 09:54:22.869,0.97352,0.97388,2.05,1.50
2012.02.21 09:54:23.591,0.97358,0.97388,2.10,1.50
2012.02.21 09:54:24.420,0.97358,0.97387,2.10,1.50
2012.02.21 09:54:25.221,0.97358,0.97387,2.10,1.13
2012.02.21 09:54:25.530,0.97358,0.97386,2.48,1.13
2012.02.21 09:54:25.650,0.97358,0.97388,2.48,1.50
2012.02.21 09:54:26.159,0.97357,0.97388,2.65,1.50
2012.02.21 09:54:35.444,0.97358,0.97389,1.15,1.50
2012.02.21 09:54:35.763,0.97368,0.97394,2.48,1.13
2012.02.21 09:54:36.502,0.97368,0.97396,2.85,1.13
2012.02.21 09:54:36.627,0.97368,0.97398,3.45,1.50
2012.02.21 09:54:36.934,0.97368,0.97402,3.63,1.13
2012.02.21 09:54:37.007,0.97368,0.97399,1.30,1.13
2012.02.21 09:54:38.323,0.97367,0.97399,3.03,1.13
2012.02.21 09:54:38.693,0.97367,0.97398,3.03,1.13
2012.02.21 09:54:39.524,0.97367,0.97398,2.65,1.13
2012.02.21 09:54:40.499,0.97368,0.97399,3.03,1.13
2012.02.21 09:54:44.324,0.97368,0.97404,3.40,1.50
2012.02.21 09:54:44.862,0.97368,0.97404,3.40,1.50
2012.02.21 09:54:45.122,0.97378,0.97404,2.10,1.50
2012.02.21 09:54:46.346,0.97378,0.97403,2.10,1.13
2012.02.21 09:54:47.144,0.97368,0.97395,2.10,1.13
2012.02.21 09:54:47.748,0.97368,0.97395,2.10,1.13
2012.02.21 09:54:48.190,0.97368,0.97397,2.10,1.13
2012.02.21 09:54:48.375,0.97368,0.97395,2.10,1.13
2012.02.21 09:54:48.503,0.97367,0.97398,2.65,1.13
2012.02.21 09:54:49.443,0.97368,0.97398,2.10,1.50
2012.02.21 09:54:49.691,0.97368,0.97402,3.03,3.23
2012.02.21 09:54:50.880,0.97368,0.97401,3.03,1.13
2012.02.21 09:54:51.187,0.97368,0.97398,2.85,1.50
2012.02.21 09:54:51.715,0.9737,0.97398,1.13,1.13
2012.02.21 09:54:52.292,0.97367,0.97399,3.03,1.13
2012.02.21 09:54:53.176,0.97367,0.97398,2.65,1.13
2012.02.21 09:54:53.445,0.97367,0.97398,3.40,1.13
2012.02.21 09:54:54.360,0.97367,0.97398,3.40,1.13
2012.02.21 09:54:55.206,0.97367,0.97396,2.65,1.13
2012.02.21 09:54:55.385,0.97367,0.97399,2.65,1.50
2012.02.21 09:54:55.456,0.97367,0.97399,3.03,1.13
2012.02.21 09:54:55.653,0.97367,0.97401,3.40,1.13
2012.02.21 09:54:56.211,0.97367,0.97401,3.40,1.13
2012.02.21 09:54:56.413,0.97367,0.97403,3.40,2.85
2012.02.21 09:54:56.702,0.97368,0.97401,3.03,1.13
2012.02.21 09:54:57.370,0.97357,0.97387,3.03,1.13
2012.02.21 09:54:57.434,0.97357,0.97387,2.65,1.13
2012.02.21 09:54:58.033,0.97357,0.97388,2.65,1.50
2012.02.21 09:54:58.543,0.97357,0.97387,2.65,1.13
2012.02.21 09:54:59.245,0.97352,0.97383,2.28,3.60
2012.02.21 09:54:59.784,0.97349,0.97382,1.15,1.13
2012.02.21 09:55:00.565,0.97349,0.97379,1.15,1.13
2012.02.21 09:55:00.632,0.97347,0.97377,3.03,2.10
2012.02.21 09:55:00.811,0.97339,0.97374,1.30,1.35
2012.02.21 09:55:01.271,0.97341,0.97375,1.53,1.13
2012.02.21 09:55:02.093,0.97333,0.97362,1.90,2.10
2012.02.21 09:55:02.167,0.97333,0.97369,1.90,2.10
2012.02.21 09:55:02.622,0.97342,0.97375,1.53,1.13
2012.02.21 09:55:02.681,0.97342,0.97375,1.53,1.13
2012.02.21 09:55:03.226,0.97339,0.97375,1.30,1.13
2012.02.21 09:55:04.135,0.97339,0.97363,1.30,1.35
2012.02.21 09:55:04.384,0.97318,0.97352,3.03,2.10
2012.02.21 09:55:04.575,0.97318,0.97352,3.03,2.85
2012.02.21 09:55:04.941,0.97318,0.97352,3.03,2.85
2012.02.21 09:55:05.163,0.97318,0.97352,3.03,2.10
2012.02.21 09:55:05.313,0.97318,0.97352,2.65,2.85
2012.02.21 09:55:05.858,0.9732,0.97352,2.28,2.85
2012.02.21 09:55:05.944,0.97321,0.97358,1.35,1.13
2012.02.21 09:55:06.193,0.9732,0.97356,2.10,1.50
2012.02.21 09:55:06.540,0.9732,0.97359,1.15,1.50
2012.02.21 09:55:07.295,0.97317,0.97353,2.85,2.85
2012.02.21 09:55:07.364,0.97317,0.97353,2.10,2.85
2012.02.21 09:55:07.899,0.97314,0.97353,1.53,2.85
2012.02.21 09:55:08.028,0.97316,0.97353,1.15,2.85
2012.02.21 09:55:08.334,0.97318,0.97349,2.48,1.13
2012.02.21 09:55:08.648,0.97305,0.9734,1.30,1.13
2012.02.21 09:55:08.834,0.97313,0.97344,1.30,1.35
2012.02.21 09:55:09.661,0.97313,0.97346,1.30,1.13
2012.02.21 09:55:09.724,0.97313,0.97346,1.30,1.13
2012.02.21 09:55:09.870,0.97313,0.97346,1.30,1.13
2012.02.21 09:55:09.929,0.97312,0.97346,1.68,1.13
2012.02.21 09:55:10.913,0.97318,0.97345,2.48,1.50
2012.02.21 09:55:11.787,0.97313,0.97345,1.30,1.50
2012.02.21 09:55:12.044,0.97307,0.97339,3.40,1.13
2012.02.21 09:55:12.111,0.97307,0.97339,3.23,1.13
2012.02.21 09:55:13.042,0.97307,0.97339,3.23,1.13
2012.02.21 09:55:13.939,0.97311,0.9734,1.13,1.13
2012.02.21 09:55:14.014,0.97308,0.97341,2.48,1.13
2012.02.21 09:55:14.570,0.97308,0.97339,2.48,1.13
2012.02.21 09:55:14.754,0.97308,0.97338,2.10,1.88
2012.02.21 09:55:16.074,0.97308,0.97338,2.10,1.13
2012.02.21 09:55:16.936,0.97308,0.97334,2.10,1.50
2012.02.21 09:55:17.062,0.97298,0.97333,1.53,2.85
2012.02.21 09:55:17.373,0.97308,0.97332,2.10,1.50
2012.02.21 09:55:18.280,0.97308,0.97336,2.10,1.13
2012.02.21 09:55:18.343,0.97302,0.97336,1.30,1.50
2012.02.21 09:55:18.661,0.97302,0.97333,1.15,1.13
2012.02.21 09:55:18.971,0.97318,0.97338,2.10,1.50
2012.02.21 09:55:19.034,0.97307,0.97338,2.10,1.50
2012.02.21 09:55:19.870,0.97308,0.97341,2.10,1.13
2012.02.21 09:55:19.965,0.97308,0.97347,2.85,1.88
2012.02.21 09:55:20.480,0.97308,0.97342,2.48,1.35
2012.02.21 09:55:20.548,0.97317,0.97339,2.10,1.13
2012.02.21 09:55:20.676,0.97307,0.97339,2.48,1.13
2012.02.21 09:55:20.746,0.97307,0.97338,2.48,1.13
2012.02.21 09:55:20.811,0.97307,0.97338,2.48,1.13
2012.02.21 09:55:20.932,0.97307,0.97338,2.48,1.13
2012.02.21 09:55:21.798,0.97308,0.97339,2.48,1.50
2012.02.21 09:55:23.243,0.97298,0.97339,1.90,1.13
2012.02.21 09:55:23.461,0.97298,0.97335,1.90,1.13
2012.02.21 09:55:24.413,0.97298,0.97334,1.35,1.50
2012.02.21 09:55:24.518,0.97307,0.97339,2.48,1.50
2012.02.21 09:55:25.054,0.97307,0.97339,2.48,1.50
2012.02.21 09:55:25.723,0.97307,0.97337,2.48,1.13
2012.02.21 09:55:26.031,0.9729,0.97331,1.30,1.73
2012.02.21 09:55:26.721,0.97293,0.97322,1.30,2.10
2012.02.21 09:55:26.832,0.97297,0.97329,2.48,1.50
2012.02.21 09:55:26.910,0.97297,0.97329,2.48,1.50
2012.02.21 09:55:27.467,0.97297,0.97324,2.65,1.13
2012.02.21 09:55:27.712,0.97287,0.97323,3.03,2.85
2012.02.21 09:55:27.784,0.97298,0.97324,2.10,1.50
2012.02.21 09:55:28.508,0.97288,0.97324,1.53,1.50
2012.02.21 09:55:28.574,0.97287,0.97319,2.65,1.13
2012.02.21 09:55:29.192,0.97287,0.97319,2.65,3.23
2012.02.21 09:55:29.444,0.97278,0.97311,1.53,1.13
2012.02.21 09:55:30.117,0.97277,0.97309,3.03,1.13
2012.02.21 09:55:30.709,0.97277,0.97308,2.65,1.50
2012.02.21 09:55:30.778,0.97271,0.97306,1.30,1.73
2012.02.21 09:55:30.901,0.97278,0.97306,2.10,1.73
2012.02.21 09:55:31.082,0.97267,0.97297,2.85,1.13
2012.02.21 09:55:31.984,0.97267,0.97296,2.85,1.13
2012.02.21 09:55:32.711,0.97277,0.97306,2.10,1.13
2012.02.21 09:55:32.846,0.97277,0.97307,2.10,1.13
2012.02.21 09:55:33.406,0.97277,0.97307,2.10,1.13
2012.02.21 09:55:34.254,0.97277,0.97312,3.45,1.13
2012.02.21 09:55:34.318,0.97279,0.97313,1.15,1.50
2012.02.21 09:55:34.502,0.97287,0.97313,2.10,1.50
2012.02.21 09:55:35.024,0.97287,0.97318,2.28,1.50
2012.02.21 09:55:35.128,0.97287,0.97318,2.65,1.13
2012.02.21 09:55:35.845,0.97287,0.97312,2.28,1.35
2012.02.21 09:55:35.922,0.97277,0.97309,2.85,1.50
2012.02.21 09:55:35.986,0.97277,0.97309,2.48,1.50
2012.02.21 09:55:36.115,0.97287,0.97313,1.35,2.85
2012.02.21 09:55:36.486,0.9729,0.97321,2.48,1.13
2012.02.21 09:55:37.367,0.97298,0.97322,2.70,1.13
2012.02.21 09:55:37.443,0.97297,0.97329,3.08,1.50
2012.02.21 09:55:37.972,0.97297,0.97329,2.48,1.50
2012.02.21 09:55:38.046,0.97297,0.97329,2.65,1.13
2012.02.21 09:55:39.088,0.97297,0.97332,2.65,2.10
2012.02.21 09:55:39.391,0.97288,0.97317,2.10,1.13
2012.02.21 09:55:41.252,0.97288,0.97318,2.48,1.13
2012.02.21 09:55:41.334,0.97297,0.97318,2.10,1.13
2012.02.21 09:55:41.404,0.97287,0.97318,3.03,1.13
2012.02.21 09:55:41.787,0.97298,0.97321,2.10,1.13
2012.02.21 09:55:41.851,0.97288,0.97321,3.03,1.13
2012.02.21 09:55:41.914,0.97289,0.97324,1.30,1.88
2012.02.21 09:55:42.045,0.97298,0.97324,2.10,1.13
2012.02.21 09:55:42.296,0.97298,0.97322,2.10,1.13
2012.02.21 09:55:42.365,0.97289,0.97322,1.15,1.13
2012.02.21 09:55:42.977,0.97291,0.97324,1.53,1.13
2012.02.21 09:55:43.057,0.97298,0.97328,2.10,1.50
2012.02.21 09:55:43.592,0.97298,0.97325,2.10,1.13
2012.02.21 09:55:43.903,0.97298,0.97325,2.10,1.13
2012.02.21 09:55:44.993,0.97298,0.97325,2.10,1.13
2012.02.21 09:55:45.362,0.97291,0.97328,1.53,1.13
2012.02.21 09:55:45.432,0.97288,0.97321,2.65,1.13
2012.02.21 09:55:46.102,0.97287,0.97324,3.03,1.50
2012.02.21 09:55:46.295,0.97298,0.97327,2.48,1.13
2012.02.21 09:55:46.361,0.97298,0.97326,2.10,1.13
2012.02.21 09:55:46.484,0.97293,0.97324,1.15,1.50
2012.02.21 09:55:47.106,0.97298,0.97324,2.48,1.13
2012.02.21 09:55:47.177,0.97298,0.97329,2.48,1.50
2012.02.21 09:55:47.983,0.97299,0.97333,1.35,1.50
2012.02.21 09:55:48.053,0.97308,0.97334,2.10,1.13
2012.02.21 09:55:48.183,0.97308,0.97333,2.10,1.50
2012.02.21 09:55:48.316,0.97302,0.97332,2.28,1.13
2012.02.21 09:55:48.921,0.97297,0.97328,2.65,1.13
2012.02.21 09:55:48.988,0.97297,0.9733,2.65,1.13
2012.02.21 09:55:49.413,0.97297,0.97331,3.78,1.13
2012.02.21 09:55:50.274,0.97298,0.9733,3.03,1.50
2012.02.21 09:55:50.344,0.97298,0.97331,3.03,1.13
2012.02.21 09:55:51.680,0.97298,0.97331,3.03,1.13
2012.02.21 09:55:51.749,0.97289,0.97323,1.68,2.85
2012.02.21 09:55:51.813,0.97289,0.97322,1.30,1.50
2012.02.21 09:55:51.980,0.97287,0.97322,2.65,1.50
2012.02.21 09:55:52.792,0.97287,0.97321,3.40,1.13
2012.02.21 09:55:53.642,0.97287,0.9732,2.65,1.13
2012.02.21 09:55:54.214,0.97298,0.9732,2.10,1.13
2012.02.21 09:55:54.474,0.97298,0.97324,2.10,1.50
2012.02.21 09:55:55.854,0.97298,0.97324,2.10,1.13
2012.02.21 09:55:57.243,0.97298,0.97324,2.10,1.13
2012.02.21 09:55:58.004,0.97297,0.97326,2.85,1.13
2012.02.21 09:55:58.372,0.97297,0.97327,2.65,1.13
2012.02.21 09:55:58.441,0.97297,0.97329,2.65,1.50
2012.02.21 09:55:59.428,0.97298,0.97334,1.13,1.50
2012.02.21 09:55:59.612,0.97301,0.97334,1.53,1.13
2012.02.21 09:56:00.140,0.97307,0.97334,2.28,1.13
2012.02.21 09:56:00.253,0.97307,0.97334,2.10,1.50
2012.02.21 09:56:00.382,0.97298,0.97329,3.63,1.13
2012.02.21 09:56:00.701,0.97299,0.97329,2.65,1.13
2012.02.21 09:56:00.822,0.97308,0.97335,2.48,1.13
2012.02.21 09:56:01.626,0.97308,0.97335,2.48,1.13
2012.02.21 09:56:01.702,0.97298,0.97333,1.53,1.50
2012.02.21 09:56:02.180,0.97298,0.97331,1.53,1.13
2012.02.21 09:56:02.543,0.97297,0.97329,2.48,1.13
2012.02.21 09:56:03.222,0.97297,0.97331,2.65,1.50
2012.02.21 09:56:04.000,0.97297,0.97334,3.03,2.10
2012.02.21 09:56:04.252,0.97297,0.97329,2.48,1.13
2012.02.21 09:56:04.772,0.97297,0.97326,2.10,1.13
2012.02.21 09:56:04.832,0.97289,0.97326,1.30,1.13
2012.02.21 09:56:05.332,0.97288,0.97327,1.30,1.13
2012.02.21 09:56:05.400,0.97287,0.97327,4.15,1.13
2012.02.21 09:56:05.751,0.97298,0.97327,2.10,1.13
2012.02.21 09:56:06.466,0.97298,0.97328,2.10,1.50
2012.02.21 09:56:07.692,0.97298,0.97328,2.48,1.50
2012.02.21 09:56:11.163,0.97298,0.97331,2.28,1.13
2012.02.21 09:56:13.002,0.97308,0.97331,2.10,1.13
2012.02.21 09:56:13.073,0.97298,0.97331,2.48,1.50
2012.02.21 09:56:13.292,0.97298,0.97332,2.48,1.13
2012.02.21 09:56:13.801,0.97298,0.97331,3.03,1.13
2012.02.21 09:56:14.435,0.97297,0.97331,3.63,1.13
2012.02.21 09:56:15.333,0.97308,0.97332,2.10,1.13
2012.02.21 09:56:15.462,0.97308,0.97334,2.10,1.13
2012.02.21 09:56:15.591,0.97308,0.97336,2.10,1.13
2012.02.21 09:56:19.210,0.97308,0.97339,4.58,1.50
2012.02.21 09:56:19.331,0.9731,0.97342,1.15,2.48
2012.02.21 09:56:19.390,0.97317,0.97344,2.10,1.50
2012.02.21 09:56:19.886,0.97311,0.97343,1.15,2.85
2012.02.21 09:56:20.011,0.97317,0.97346,2.10,1.50
2012.02.21 09:56:20.315,0.97308,0.97344,2.85,1.88
2012.02.21 09:56:20.962,0.97308,0.97339,3.08,1.13
2012.02.21 09:56:21.202,0.97308,0.97337,2.10,1.13
2012.02.21 09:56:22.633,0.97308,0.9734,2.70,1.13
2012.02.21 09:56:22.709,0.97309,0.97347,1.15,1.50
2012.02.21 09:56:24.322,0.97308,0.97342,3.25,1.13
2012.02.21 09:56:24.392,0.97308,0.97339,2.10,1.13
2012.02.21 09:56:25.031,0.97308,0.97342,3.03,1.35
2012.02.21 09:56:25.222,0.97308,0.97338,2.65,1.13
2012.02.21 09:56:26.275,0.97308,0.97342,2.85,3.83
2012.02.21 09:56:26.688,0.97311,0.97342,1.35,2.10
2012.02.21 09:56:26.752,0.97311,0.9735,1.35,1.73
2012.02.21 09:56:27.467,0.97307,0.97341,3.03,1.35
2012.02.21 09:56:27.900,0.97307,0.97343,3.03,2.85
2012.02.21 09:56:28.411,0.97308,0.97344,1.30,1.73
2012.02.21 09:56:29.253,0.97308,0.97342,3.40,2.85
2012.02.21 09:56:29.893,0.97308,0.97343,1.30,2.85
2012.02.21 09:56:30.415,0.97308,0.97343,1.30,3.23
2012.02.21 09:56:32.402,0.97308,0.97337,2.85,1.35
2012.02.21 09:56:32.469,0.97309,0.97351,1.30,2.10
2012.02.21 09:56:32.974,0.97308,0.97349,4.00,1.13
2012.02.21 09:56:33.640,0.97313,0.97349,1.30,1.13
2012.02.21 09:56:34.750,0.97308,0.97341,3.03,1.13
2012.02.21 09:56:34.811,0.97307,0.97341,1.30,1.13
2012.02.21 09:56:34.964,0.97308,0.97342,1.35,2.85
2012.02.21 09:56:35.556,0.97308,0.97342,1.35,2.10
2012.02.21 09:56:35.641,0.97313,0.97347,1.30,1.73
2012.02.21 09:56:35.913,0.97313,0.97347,1.30,1.73
2012.02.21 09:56:36.101,0.97313,0.97347,1.30,1.73
2012.02.21 09:56:36.881,0.97308,0.97339,3.63,1.13
2012.02.21 09:56:37.042,0.97304,0.97339,1.53,1.13
2012.02.21 09:56:37.962,0.97307,0.97342,2.85,1.13
2012.02.21 09:56:38.437,0.97308,0.97342,1.30,1.13
2012.02.21 09:56:38.620,0.97304,0.97334,1.15,1.13
2012.02.21 09:56:39.107,0.97298,0.97333,1.30,3.23
2012.02.21 09:56:39.173,0.97298,0.97333,1.30,3.23
2012.02.21 09:56:39.303,0.97298,0.97334,3.40,1.50
2012.02.21 09:56:39.494,0.97298,0.97333,3.40,1.50
2012.02.21 09:56:40.129,0.97298,0.97328,2.65,1.13
2012.02.21 09:56:40.207,0.97298,0.97328,2.10,1.50
2012.02.21 09:56:41.466,0.97298,0.97319,2.10,1.13
2012.02.21 09:56:41.597,0.97287,0.97322,3.40,1.13
2012.02.21 09:56:42.646,0.97289,0.97321,1.30,1.50
2012.02.21 09:56:43.656,0.97292,0.97324,1.30,1.13
2012.02.21 09:56:44.393,0.97287,0.97315,3.03,1.13
2012.02.21 09:56:45.033,0.97288,0.97315,2.10,1.13
2012.02.21 09:56:45.461,0.97288,0.97316,2.48,1.13
2012.02.21 09:56:45.989,0.97288,0.9732,2.48,1.13
2012.02.21 09:56:46.533,0.97288,0.9732,2.48,1.13
2012.02.21 09:56:47.383,0.97288,0.9732,2.48,1.13
2012.02.21 09:56:47.466,0.97297,0.97322,2.10,1.13
2012.02.21 09:56:50.263,0.97297,0.97327,2.48,1.50
2012.02.21 09:56:51.575,0.97297,0.97327,2.48,1.13
2012.02.21 09:56:51.705,0.97297,0.97327,2.48,1.13
2012.02.21 09:56:51.835,0.97293,0.97327,1.30,1.13
2012.02.21 09:56:51.962,0.97293,0.97327,1.30,1.13
2012.02.21 09:56:52.163,0.97293,0.97327,1.30,1.13
2012.02.21 09:56:52.331,0.97293,0.97327,1.30,1.13
2012.02.21 09:56:52.515,0.97293,0.9733,1.30,1.13
2012.02.21 09:56:52.761,0.97295,0.9733,1.30,1.13
2012.02.21 09:56:53.742,0.97297,0.97334,3.03,1.13
2012.02.21 09:56:53.814,0.97299,0.97338,1.30,1.50
2012.02.21 09:56:54.416,0.97298,0.97338,1.30,1.13
2012.02.21 09:56:54.724,0.97298,0.97339,1.30,1.13
2012.02.21 09:56:55.906,0.97304,0.9734,1.30,1.35
2012.02.21 09:56:55.972,0.97304,0.97338,1.30,1.13
2012.02.21 09:56:57.724,0.97299,0.97338,1.30,1.13
2012.02.21 09:56:58.152,0.97299,0.97338,1.30,1.50
2012.02.21 09:56:59.152,0.97299,0.97334,1.30,1.13
2012.02.21 09:56:59.713,0.973,0.97338,1.53,1.50
2012.02.21 09:56:59.903,0.97308,0.97337,2.48,1.13
2012.02.21 09:57:01.018,0.97308,0.97338,3.03,1.13
2012.02.21 09:57:01.552,0.97307,0.97338,3.03,1.13
2012.02.21 09:57:01.881,0.97307,0.97339,3.03,1.13
2012.02.21 09:57:01.953,0.97307,0.97339,3.03,1.13
2012.02.21 09:57:02.020,0.97307,0.97339,3.03,1.13
2012.02.21 09:57:02.780,0.97307,0.97339,3.03,1.13
2012.02.21 09:57:03.467,0.97309,0.9734,1.30,1.13
2012.02.21 09:57:04.172,0.97309,0.97339,1.30,1.13
2012.02.21 09:57:04.946,0.97309,0.97343,1.30,1.13
2012.02.21 09:57:05.260,0.97303,0.97342,1.53,3.23
2012.02.21 09:57:05.327,0.97298,0.97334,4.00,1.13
2012.02.21 09:57:06.169,0.97308,0.97336,2.48,1.13
2012.02.21 09:57:06.453,0.97308,0.97339,2.48,1.50
2012.02.21 09:57:07.052,0.97317,0.97339,2.10,1.50
2012.02.21 09:57:07.230,0.97317,0.97341,2.10,1.88
2012.02.21 09:57:07.592,0.97308,0.97341,3.03,1.13
2012.02.21 09:57:07.735,0.97308,0.97341,3.03,1.13
2012.02.21 09:57:08.002,0.97308,0.97341,3.03,1.13
2012.02.21 09:57:08.555,0.97307,0.97337,2.10,1.13
2012.02.21 09:57:08.972,0.97307,0.97336,2.10,1.50
2012.02.21 09:57:09.332,0.97308,0.97332,2.10,1.13
2012.02.21 09:57:10.162,0.97308,0.97334,2.10,1.50
2012.02.21 09:57:10.502,0.97301,0.97333,1.68,2.10
2012.02.21 09:57:11.152,0.97301,0.97333,1.50,2.48
2012.02.21 09:57:11.220,0.97299,0.97332,1.30,1.13
2012.02.21 09:57:11.592,0.97308,0.97332,2.10,1.13
2012.02.21 09:57:12.137,0.97308,0.97329,2.10,1.50
2012.02.21 09:57:12.322,0.97298,0.97332,3.03,2.85
2012.02.21 09:57:12.764,0.97298,0.97332,3.03,1.13
2012.02.21 09:57:13.998,0.97298,0.97331,3.03,1.13
2012.02.21 09:57:14.340,0.97297,0.97331,3.03,1.13
2012.02.21 09:57:14.582,0.97297,0.97328,2.65,1.13
2012.02.21 09:57:16.329,0.97297,0.97328,2.65,1.13
2012.02.21 09:57:17.073,0.97297,0.97329,3.03,1.13
2012.02.21 09:57:17.146,0.97298,0.97326,2.10,1.13
2012.02.21 09:57:17.441,0.97298,0.97329,2.10,1.13
2012.02.21 09:57:17.674,0.97298,0.97332,2.85,3.45
2012.02.21 09:57:18.354,0.97301,0.97332,1.68,2.70
2012.02.21 09:57:18.964,0.97298,0.97332,3.40,3.45
2012.02.21 09:57:19.273,0.97301,0.97333,1.50,3.08
2012.02.21 09:57:19.908,0.97299,0.97332,1.30,1.35
2012.02.21 09:57:20.462,0.97298,0.97332,1.30,1.73
2012.02.21 09:57:20.593,0.97298,0.97332,1.30,1.73
2012.02.21 09:57:21.392,0.97302,0.97332,1.30,1.35
2012.02.21 09:57:21.943,0.97302,0.97333,1.30,2.70
2012.02.21 09:57:22.163,0.97302,0.97332,1.30,1.35
2012.02.21 09:57:22.905,0.97297,0.97329,3.03,1.13
2012.02.21 09:57:23.151,0.97293,0.97322,1.30,2.10
2012.02.21 09:57:23.752,0.97297,0.97322,1.68,2.10
2012.02.21 09:57:24.289,0.97302,0.9733,1.30,1.35
2012.02.21 09:57:24.415,0.97302,0.9733,1.30,1.35
2012.02.21 09:57:24.693,0.97302,0.9733,1.30,1.35
2012.02.21 09:57:25.241,0.97302,0.97332,2.05,2.70
2012.02.21 09:57:25.611,0.97302,0.97331,1.13,1.13
2012.02.21 09:57:25.675,0.97302,0.97332,1.13,3.08
2012.02.21 09:57:25.741,0.97298,0.97331,3.03,1.13
2012.02.21 09:57:26.316,0.97298,0.97329,3.03,1.13
2012.02.21 09:57:26.735,0.97298,0.97329,2.65,1.13
2012.02.21 09:57:26.869,0.97292,0.97329,1.30,1.50
2012.02.21 09:57:27.050,0.97297,0.97332,2.85,1.13
2012.02.21 09:57:27.583,0.97297,0.97329,3.03,1.13
2012.02.21 09:57:27.896,0.97297,0.97331,3.40,1.13
2012.02.21 09:57:28.572,0.97297,0.97331,3.40,1.13
2012.02.21 09:57:28.633,0.97297,0.97331,4.15,1.13
2012.02.21 09:57:29.033,0.97299,0.97332,1.30,1.73
2012.02.21 09:57:29.221,0.97301,0.97334,2.05,1.73
2012.02.21 09:57:29.282,0.97301,0.97334,2.05,1.13
2012.02.21 09:57:29.834,0.97308,0.97334,2.10,1.13
2012.02.21 09:57:30.142,0.97308,0.97338,2.65,1.13
2012.02.21 09:57:31.101,0.97304,0.97337,1.30,2.48
2012.02.21 09:57:31.331,0.97304,0.97338,1.30,1.73
2012.02.21 09:57:31.450,0.97303,0.97337,1.30,1.13
2012.02.21 09:57:31.761,0.97307,0.97338,1.30,2.10
2012.02.21 09:57:32.274,0.97307,0.97339,2.65,1.73
2012.02.21 09:57:33.314,0.97308,0.97339,2.65,1.50
2012.02.21 09:57:33.387,0.97308,0.97341,3.40,1.13
2012.02.21 09:57:35.409,0.97309,0.97342,1.30,1.13
2012.02.21 09:57:36.712,0.97308,0.97344,3.40,1.13
2012.02.21 09:57:37.001,0.97308,0.97344,3.40,1.13
2012.02.21 09:57:37.302,0.97318,0.97344,2.10,1.13
2012.02.21 09:57:37.962,0.97318,0.97348,2.48,1.50
2012.02.21 09:57:38.453,0.97318,0.97347,2.48,1.13
2012.02.21 09:57:38.958,0.97307,0.97343,4.15,3.23
2012.02.21 09:57:39.024,0.97307,0.97343,4.15,3.60
2012.02.21 09:57:40.261,0.97311,0.97347,1.13,1.73
2012.02.21 09:57:42.682,0.97314,0.97346,1.30,1.50
2012.02.21 09:57:44.552,0.97316,0.97349,1.30,1.50
2012.02.21 09:57:44.863,0.9732,0.97353,1.30,1.35
2012.02.21 09:57:45.492,0.97322,0.97355,1.68,1.13
2012.02.21 09:57:47.663,0.97322,0.97353,1.30,3.23
2012.02.21 09:57:48.208,0.97321,0.97351,1.13,1.13
2012.02.21 09:57:48.700,0.97322,0.97353,1.50,1.50
2012.02.21 09:57:49.268,0.97322,0.97357,1.68,1.50
2012.02.21 09:57:50.110,0.97319,0.97353,1.30,1.13
2012.02.21 09:57:50.415,0.97317,0.97353,3.78,1.88
2012.02.21 09:57:50.722,0.97321,0.97352,1.30,2.10
2012.02.21 09:57:50.781,0.97321,0.97355,1.30,1.13
2012.02.21 09:57:53.452,0.97321,0.97352,1.30,1.35
2012.02.21 09:57:53.702,0.97321,0.97355,1.30,1.13
2012.02.21 09:57:53.776,0.97318,0.97349,1.53,1.13
2012.02.21 09:57:53.840,0.97318,0.97349,1.15,1.50
2012.02.21 09:57:54.587,0.97317,0.97349,4.00,1.50
2012.02.21 09:57:54.656,0.97319,0.97351,1.13,1.13
2012.02.21 09:57:54.965,0.97327,0.97357,2.48,1.73
2012.02.21 09:57:55.632,0.97322,0.97353,1.30,2.10
2012.02.21 09:57:55.702,0.97318,0.97353,1.30,2.48
2012.02.21 09:57:55.832,0.97318,0.97353,1.30,2.48
2012.02.21 09:57:57.092,0.97319,0.97353,1.30,2.48
2012.02.21 09:57:57.155,0.97327,0.97361,3.03,1.50
2012.02.21 09:57:57.654,0.97327,0.97361,3.03,1.50
2012.02.21 09:57:57.721,0.97327,0.97361,3.03,1.50
2012.02.21 09:57:57.781,0.97327,0.97359,2.65,1.13
2012.02.21 09:57:57.960,0.97321,0.97359,2.05,1.50
2012.02.21 09:57:58.204,0.97321,0.97357,1.30,1.13
2012.02.21 09:57:58.890,0.97318,0.97353,1.30,3.23
2012.02.21 09:57:59.151,0.97318,0.97353,1.30,3.23
2012.02.21 09:58:02.783,0.97322,0.97353,1.13,2.10
2012.02.21 09:58:02.930,0.97322,0.97359,1.30,1.50
2012.02.21 09:58:02.992,0.97322,0.97355,1.30,1.13
2012.02.21 09:58:03.312,0.97317,0.97348,3.23,1.13
2012.02.21 09:58:06.329,0.97315,0.97342,1.15,2.10
2012.02.21 09:58:06.394,0.97318,0.97351,2.10,1.13
2012.02.21 09:58:07.198,0.97318,0.97352,2.48,3.23
2012.02.21 09:58:08.425,0.97318,0.97349,2.10,1.88
2012.02.21 09:58:08.898,0.97318,0.97349,2.48,1.50
2012.02.21 09:58:09.674,0.97328,0.97353,2.48,1.50
2012.02.21 09:58:09.748,0.97328,0.97357,2.48,1.13
2012.02.21 09:58:09.992,0.97328,0.97359,2.48,1.50
2012.02.21 09:58:10.423,0.97328,0.97356,2.10,1.13
2012.02.21 09:58:11.045,0.97323,0.97359,1.15,1.88
2012.02.21 09:58:11.115,0.97319,0.97353,2.65,2.85
2012.02.21 09:58:11.849,0.97319,0.97353,1.13,5.33
2012.02.21 09:58:11.917,0.97317,0.97353,2.65,5.33
2012.02.21 09:58:12.220,0.97317,0.97353,2.65,4.95
2012.02.21 09:58:13.211,0.97317,0.97354,3.63,1.50
2012.02.21 09:58:13.865,0.97318,0.97354,1.30,1.13
2012.02.21 09:58:14.415,0.97317,0.97353,4.75,1.13
2012.02.21 09:58:15.754,0.97328,0.97353,2.10,1.13
2012.02.21 09:58:16.483,0.97328,0.97355,2.10,1.73
2012.02.21 09:58:17.107,0.97321,0.97353,1.13,2.85
2012.02.21 09:58:17.651,0.97319,0.97352,1.13,1.13
2012.02.21 09:58:18.183,0.97322,0.97352,1.35,1.13
2012.02.21 09:58:18.312,0.97326,0.97359,1.13,1.13
2012.02.21 09:58:18.492,0.97328,0.97356,2.48,1.13
2012.02.21 09:58:18.818,0.97328,0.97354,2.10,1.50
2012.02.21 09:58:19.062,0.97317,0.97348,4.00,1.13
2012.02.21 09:58:19.807,0.97317,0.97349,3.83,1.13
2012.02.21 09:58:20.093,0.97321,0.97354,1.13,1.13
2012.02.21 09:58:20.844,0.97327,0.97354,2.10,1.13
2012.02.21 09:58:21.310,0.97321,0.97353,1.13,1.13
2012.02.21 09:58:22.481,0.97319,0.97353,1.13,1.13
2012.02.21 09:58:22.914,0.97319,0.97351,1.13,1.13
2012.02.21 09:58:23.463,0.97319,0.97351,1.13,1.13
2012.02.21 09:58:24.190,0.97319,0.97352,1.13,1.13
2012.02.21 09:58:24.482,0.97319,0.97352,1.13,1.13
2012.02.21 09:58:25.115,0.97321,0.97354,1.50,1.35
2012.02.21 09:58:25.422,0.97327,0.97358,3.23,1.13
2012.02.21 09:58:26.467,0.97327,0.97358,3.23,1.13
2012.02.21 09:58:26.826,0.97328,0.9736,2.48,1.13
2012.02.21 09:58:27.015,0.97327,0.97363,3.78,2.48
2012.02.21 09:58:27.263,0.97338,0.97365,2.10,1.35
2012.02.21 09:58:27.333,0.97327,0.97363,3.63,2.48
2012.02.21 09:58:28.193,0.97331,0.97366,1.13,1.13
2012.02.21 09:58:29.161,0.97337,0.97363,2.10,1.73
2012.02.21 09:58:29.463,0.97337,0.97366,2.10,1.13
2012.02.21 09:58:29.591,0.9733,0.97366,1.53,1.13
2012.02.21 09:58:29.785,0.97338,0.97366,2.10,1.13
2012.02.21 09:58:30.383,0.97331,0.97364,1.15,1.13
2012.02.21 09:58:30.458,0.97331,0.97363,1.15,1.13
2012.02.21 09:58:30.601,0.9733,0.97363,1.15,1.13
2012.02.21 09:58:30.780,0.97337,0.97363,2.10,1.13
2012.02.21 09:58:31.382,0.97337,0.97364,2.10,1.13
2012.02.21 09:58:32.140,0.97332,0.97366,1.68,1.73
2012.02.21 09:58:32.500,0.97336,0.97369,1.13,2.10
2012.02.21 09:58:32.562,0.97338,0.97369,2.10,2.10
2012.02.21 09:58:32.925,0.97348,0.97371,2.10,1.13
2012.02.21 09:58:33.455,0.97337,0.97371,2.10,1.13
2012.02.21 09:58:33.555,0.97337,0.97373,1.30,3.08
2012.02.21 09:58:34.244,0.97348,0.97376,2.10,1.13
2012.02.21 09:58:34.665,0.97348,0.97374,2.10,1.13
2012.02.21 09:58:34.793,0.97339,0.97372,1.30,2.10
2012.02.21 09:58:35.912,0.97341,0.97372,1.13,2.48
2012.02.21 09:58:36.593,0.97341,0.97372,1.13,2.48
2012.02.21 09:58:36.664,0.97341,0.97372,1.13,2.48
2012.02.21 09:58:36.915,0.97348,0.97378,2.10,1.35
2012.02.21 09:58:38.000,0.97348,0.97378,2.10,1.35
2012.02.21 09:58:39.234,0.97348,0.97374,2.10,1.13
2012.02.21 09:58:40.130,0.97348,0.97377,2.10,1.13
2012.02.21 09:58:41.141,0.97348,0.97378,2.10,1.13
2012.02.21 09:58:42.724,0.9735,0.97382,1.13,2.85
2012.02.21 09:58:43.381,0.97349,0.97382,1.13,3.23
2012.02.21 09:58:43.770,0.97348,0.97379,2.48,1.13
2012.02.21 09:58:44.343,0.97348,0.97379,2.10,1.50
2012.02.21 09:58:44.622,0.97342,0.97377,1.30,1.13
2012.02.21 09:58:44.741,0.97345,0.97377,1.13,1.13
2012.02.21 09:58:47.682,0.97342,0.97376,1.30,1.13
2012.02.21 09:58:48.789,0.97347,0.97377,2.10,1.13
2012.02.21 09:58:54.013,0.97344,0.97377,1.13,1.13
2012.02.21 09:58:54.616,0.97341,0.97372,1.30,2.48
2012.02.21 09:58:55.176,0.97347,0.97374,2.10,1.13
2012.02.21 09:58:55.303,0.97347,0.97376,2.48,1.13
2012.02.21 09:58:56.828,0.97338,0.97375,3.03,2.48
2012.02.21 09:58:57.310,0.97338,0.97373,3.03,1.73
2012.02.21 09:58:59.843,0.97342,0.97377,1.68,1.35
2012.02.21 09:58:59.915,0.97342,0.97376,1.13,1.35
2012.02.21 09:59:00.832,0.97342,0.97372,1.13,2.48
2012.02.21 09:59:01.202,0.97338,0.97372,3.40,3.45
2012.02.21 09:59:01.959,0.97335,0.97367,1.30,2.48
2012.02.21 09:59:02.062,0.97332,0.97363,1.30,3.08
2012.02.21 09:59:02.122,0.97331,0.97362,1.30,1.35
2012.02.21 09:59:02.635,0.97331,0.97362,1.13,1.35
2012.02.21 09:59:05.388,0.97327,0.97362,3.40,1.13
2012.02.21 09:59:05.523,0.97327,0.97352,1.68,2.10
2012.02.21 09:59:06.269,0.97328,0.97361,2.48,1.13
2012.02.21 09:59:06.341,0.97326,0.97358,1.18,1.13
2012.02.21 09:59:06.419,0.97324,0.97358,1.35,1.13
2012.02.21 09:59:07.015,0.97327,0.97358,2.10,1.13
2012.02.21 09:59:08.520,0.97327,0.97362,2.85,1.13
2012.02.21 09:59:08.834,0.97331,0.97366,1.30,1.73
2012.02.21 09:59:10.027,0.97332,0.9737,1.68,1.35
2012.02.21 09:59:10.157,0.97337,0.97371,1.50,1.73
2012.02.21 09:59:12.145,0.97333,0.97368,1.30,1.13
2012.02.21 09:59:12.742,0.97338,0.9737,2.48,1.35
2012.02.21 09:59:13.821,0.97337,0.97371,2.65,1.13
2012.02.21 09:59:17.663,0.97332,0.97368,1.68,1.13
2012.02.21 09:59:18.316,0.97336,0.97367,1.13,1.13
2012.02.21 09:59:18.916,0.97336,0.97367,1.13,1.13
2012.02.21 09:59:19.771,0.97329,0.97365,1.30,1.13
2012.02.21 09:59:19.836,0.97328,0.97364,3.40,1.13
2012.02.21 09:59:20.483,0.97332,0.97366,1.30,1.13
2012.02.21 09:59:21.606,0.97338,0.97366,2.10,1.13
2012.02.21 09:59:21.826,0.97332,0.97366,1.30,1.13
2012.02.21 09:59:23.145,0.97329,0.97365,1.30,1.13
2012.02.21 09:59:23.739,0.97322,0.97358,1.68,1.50
2012.02.21 09:59:23.808,0.97322,0.97357,1.30,1.13
2012.02.21 09:59:23.875,0.97328,0.97357,2.10,1.13
2012.02.21 09:59:24.016,0.97322,0.97357,1.30,1.13
2012.02.21 09:59:24.171,0.97322,0.97358,1.68,1.88
2012.02.21 09:59:24.351,0.97327,0.97362,1.13,3.23
2012.02.21 09:59:26.315,0.97327,0.9736,2.65,1.13
2012.02.21 09:59:27.344,0.97327,0.97358,2.65,1.13
2012.02.21 09:59:27.663,0.97327,0.97362,2.85,1.13
2012.02.21 09:59:28.785,0.97328,0.97358,2.85,1.13
2012.02.21 09:59:28.855,0.97328,0.97358,2.48,1.50
2012.02.21 09:59:29.043,0.97328,0.97357,2.48,1.13
2012.02.21 09:59:29.827,0.97324,0.97352,1.30,2.10
2012.02.21 09:59:30.643,0.97322,0.97352,1.13,2.48
2012.02.21 09:59:30.992,0.97323,0.97352,1.13,2.48
2012.02.21 09:59:31.475,0.97328,0.97357,2.10,1.13
2012.02.21 09:59:31.673,0.97328,0.97359,2.10,2.10
2012.02.21 09:59:31.740,0.97328,0.97359,2.85,1.35
2012.02.21 09:59:32.743,0.97328,0.97357,2.10,1.13
2012.02.21 09:59:33.294,0.97322,0.97352,1.30,2.85
2012.02.21 09:59:33.822,0.97321,0.97352,1.73,2.85
2012.02.21 09:59:34.065,0.97318,0.97351,3.08,1.13
2012.02.21 09:59:34.609,0.97318,0.97351,3.23,1.13
2012.02.21 09:59:34.743,0.97318,0.97348,2.65,1.50
2012.02.21 09:59:36.483,0.97318,0.97351,3.23,1.13
2012.02.21 09:59:37.621,0.97318,0.97348,2.48,1.13
2012.02.21 09:59:38.131,0.97318,0.97348,2.28,1.50
2012.02.21 09:59:38.768,0.97318,0.97345,2.10,1.13
2012.02.21 09:59:40.432,0.97318,0.97347,2.10,1.13
2012.02.21 09:59:42.201,0.97318,0.97348,2.48,1.88
2012.02.21 09:59:44.154,0.97318,0.97348,2.48,3.60
2012.02.21 09:59:44.464,0.97318,0.97337,2.10,1.13
2012.02.21 09:59:44.534,0.97307,0.97333,1.13,2.10
2012.02.21 09:59:45.221,0.97307,0.97333,1.13,2.10
2012.02.21 09:59:45.422,0.97304,0.97333,1.90,2.10
2012.02.21 09:59:46.161,0.97304,0.97333,1.73,2.10
2012.02.21 09:59:46.820,0.97304,0.97333,1.73,2.10
2012.02.21 09:59:47.276,0.97304,0.97333,1.13,2.85
2012.02.21 09:59:47.522,0.97304,0.97333,1.13,2.85
2012.02.21 09:59:49.270,0.97305,0.97333,1.13,2.48
2012.02.21 09:59:50.180,0.97303,0.97333,1.13,2.48
2012.02.21 09:59:50.361,0.97299,0.97331,1.13,1.13
2012.02.21 09:59:50.423,0.97299,0.97331,1.13,1.13
2012.02.21 09:59:50.834,0.97296,0.97328,1.30,1.35
2012.02.21 09:59:51.368,0.97296,0.97323,1.30,2.10
2012.02.21 09:59:51.772,0.97293,0.97323,1.30,2.85
2012.02.21 09:59:52.158,0.97297,0.97323,1.13,2.48
2012.02.21 09:59:52.348,0.97299,0.97323,1.13,2.48
2012.02.21 09:59:52.534,0.97299,0.97329,1.30,1.35
2012.02.21 09:59:53.512,0.97298,0.97327,2.48,1.13
2012.02.21 09:59:53.583,0.97295,0.97326,1.13,1.13
2012.02.21 09:59:54.344,0.97295,0.97326,1.13,1.13
2012.02.21 09:59:54.417,0.97298,0.97326,2.85,1.13
2012.02.21 09:59:54.488,0.97298,0.97326,2.10,1.13
2012.02.21 09:59:55.004,0.97297,0.97326,1.13,1.13
2012.02.21 09:59:55.696,0.97297,0.97327,1.13,1.13
2012.02.21 09:59:57.443,0.97301,0.97331,1.13,1.13
2012.02.21 09:59:58.127,0.97301,0.97331,1.30,1.13
2012.02.21 09:59:58.240,0.97297,0.97328,1.30,1.13
2012.02.21 09:59:58.307,0.97294,0.97333,1.53,1.13
2012.02.21 09:59:58.495,0.97294,0.97332,1.15,1.13
2012.02.21 09:59:59.808,0.97296,0.97332,1.68,3.23
2012.02.21 09:59:59.876,0.97301,0.97332,1.13,3.23
