2012.02.28 21:00:00.251,0.964,0.96417,1.50,1.50
2012.02.28 21:00:00.312,0.96396,0.96416,1.50,1.50
2012.02.28 21:00:00.832,0.96398,0.96417,1.50,1.50
2012.02.28 21:00:01.139,0.96401,0.96419,1.50,1.50
2012.02.28 21:00:01.380,0.96398,0.96417,1.50,1.50
2012.02.28 21:00:01.920,0.964,0.96419,1.50,1.50
2012.02.28 21:00:02.899,0.96398,0.96418,1.50,1.50
2012.02.28 21:00:03.112,0.96401,0.96418,1.50,1.50
2012.02.28 21:00:05.559,0.96399,0.96416,1.50,1.50
2012.02.28 21:00:07.359,0.96399,0.96419,1.50,1.50
2012.02.28 21:00:08.780,0.964,0.96419,1.50,1.50
2012.02.28 21:00:08.902,0.96402,0.96419,1.50,1.50
2012.02.28 21:00:09.472,0.96403,0.96419,1.50,1.50
2012.02.28 21:00:09.540,0.96405,0.96423,1.50,1.50
2012.02.28 21:00:10.002,0.96402,0.96422,1.50,1.50
2012.02.28 21:00:10.970,0.96402,0.96418,1.50,1.50
2012.02.28 21:00:11.091,0.96397,0.96417,1.50,1.50
2012.02.28 21:00:11.611,0.964,0.96419,1.50,1.50
2012.02.28 21:00:11.967,0.96404,0.96422,1.50,1.50
2012.02.28 21:00:12.502,0.96403,0.96422,1.50,1.50
2012.02.28 21:00:13.026,0.964,0.9642,1.50,1.50
2012.02.28 21:00:13.229,0.96402,0.96421,1.50,1.50
2012.02.28 21:00:14.493,0.96401,0.96419,1.50,1.50
2012.02.28 21:00:14.619,0.96402,0.96421,1.50,1.50
2012.02.28 21:00:18.000,0.96404,0.96422,1.50,1.50
2012.02.28 21:00:18.423,0.96406,0.96424,1.50,1.50
2012.02.28 21:00:18.839,0.96402,0.9642,1.50,1.50
2012.02.28 21:00:20.500,0.964,0.96414,1.50,1.50
2012.02.28 21:00:20.561,0.96396,0.96414,1.50,1.50
2012.02.28 21:00:20.860,0.964,0.96417,1.50,1.50
2012.02.28 21:00:21.390,0.96398,0.96415,1.50,1.50
2012.02.28 21:00:21.950,0.96397,0.96415,1.50,1.50
2012.02.28 21:00:22.487,0.96401,0.96419,1.50,1.50
2012.02.28 21:00:23.059,0.96399,0.96417,3.00,1.50
2012.02.28 21:00:26.582,0.96397,0.96416,1.50,1.50
2012.02.28 21:00:26.799,0.96396,0.96414,1.50,1.50
2012.02.28 21:00:27.111,0.96394,0.96412,1.50,1.50
2012.02.28 21:00:27.648,0.96393,0.96413,1.50,1.50
2012.02.28 21:00:28.110,0.96396,0.96414,1.50,1.50
2012.02.28 21:00:31.560,0.96397,0.96417,1.50,1.50
2012.02.28 21:00:31.981,0.964,0.96418,1.50,1.50
2012.02.28 21:00:32.535,0.96397,0.96416,1.50,1.50
2012.02.28 21:00:39.824,0.96396,0.96412,1.50,1.50
2012.02.28 21:00:39.891,0.96394,0.96412,1.50,1.50
2012.02.28 21:00:39.949,0.96395,0.96414,1.50,1.50
2012.02.28 21:00:41.091,0.96396,0.96413,1.50,1.50
2012.02.28 21:00:43.141,0.96396,0.96412,1.50,1.50
2012.02.28 21:00:43.202,0.96392,0.96411,0.75,1.50
2012.02.28 21:00:43.449,0.96393,0.96413,1.50,1.50
2012.02.28 21:00:43.512,0.96391,0.96411,1.50,1.50
2012.02.28 21:00:43.942,0.96391,0.96408,1.50,1.50
2012.02.28 21:00:45.072,0.96389,0.96407,1.50,1.50
2012.02.28 21:00:45.288,0.9639,0.9641,1.50,1.50
2012.02.28 21:00:46.130,0.96387,0.96407,1.50,1.50
2012.02.28 21:00:47.061,0.96389,0.96409,1.50,1.50
2012.02.28 21:00:47.362,0.96395,0.96414,1.50,1.50
2012.02.28 21:00:47.669,0.96391,0.96409,1.50,1.50
2012.02.28 21:00:48.141,0.96393,0.96412,1.50,1.50
2012.02.28 21:00:52.974,0.96393,0.96406,1.50,1.50
2012.02.28 21:00:53.044,0.96386,0.96405,0.38,1.50
2012.02.28 21:00:53.113,0.96386,0.96403,0.38,1.50
2012.02.28 21:00:54.052,0.96387,0.96405,1.50,1.50
2012.02.28 21:00:59.880,0.96387,0.96403,0.75,1.50
2012.02.28 21:00:59.940,0.96387,0.96405,2.25,1.50
2012.02.28 21:01:04.325,0.96384,0.96404,1.50,1.50
2012.02.28 21:01:04.869,0.96387,0.96405,1.50,1.50
2012.02.28 21:01:09.865,0.96389,0.96406,1.50,1.50
2012.02.28 21:01:10.382,0.96389,0.96409,1.50,1.50
2012.02.28 21:01:10.464,0.96388,0.96407,1.50,1.50
2012.02.28 21:01:11.098,0.96387,0.96407,1.50,1.50
2012.02.28 21:01:11.494,0.96385,0.96405,1.50,1.50
2012.02.28 21:01:15.786,0.96384,0.96402,1.50,1.50
2012.02.28 21:01:16.309,0.96386,0.96404,1.50,1.50
2012.02.28 21:01:20.134,0.96388,0.96407,1.50,1.50
2012.02.28 21:01:20.684,0.96386,0.96406,3.00,1.50
2012.02.28 21:01:23.344,0.96388,0.96407,1.50,1.50
2012.02.28 21:01:23.894,0.96388,0.96408,1.50,1.50
2012.02.28 21:01:24.413,0.96387,0.96405,3.00,1.50
2012.02.28 21:01:25.705,0.9639,0.96408,1.50,1.50
2012.02.28 21:01:26.022,0.96392,0.9641,1.50,1.50
2012.02.28 21:01:26.096,0.9639,0.96409,1.50,1.50
2012.02.28 21:01:26.303,0.96388,0.96408,1.50,1.50
2012.02.28 21:01:40.648,0.96392,0.96409,1.50,3.00
2012.02.28 21:01:41.033,0.96393,0.96411,1.50,1.50
2012.02.28 21:01:41.296,0.96391,0.96408,3.00,1.50
2012.02.28 21:01:41.742,0.96392,0.9641,1.50,1.50
2012.02.28 21:01:41.812,0.96392,0.96412,1.50,1.50
2012.02.28 21:01:41.884,0.96391,0.9641,1.50,1.50
2012.02.28 21:01:43.346,0.96395,0.96413,1.50,1.50
2012.02.28 21:01:43.792,0.96393,0.9641,1.50,1.50
2012.02.28 21:01:44.783,0.96393,0.96413,1.50,1.50
2012.02.28 21:01:45.810,0.96391,0.96411,3.00,1.50
2012.02.28 21:01:46.113,0.96393,0.96412,1.50,1.50
2012.02.28 21:01:50.432,0.96395,0.96413,1.50,1.50
2012.02.28 21:01:58.834,0.96396,0.96416,1.50,1.50
2012.02.28 21:01:58.903,0.96396,0.96414,1.50,1.50
2012.02.28 21:01:59.275,0.96394,0.96411,1.50,1.50
2012.02.28 21:01:59.402,0.96395,0.96413,1.50,1.50
2012.02.28 21:02:05.903,0.96398,0.96416,1.50,1.50
2012.02.28 21:02:06.222,0.96395,0.96413,1.50,1.50
2012.02.28 21:02:06.540,0.96392,0.9641,1.50,1.50
2012.02.28 21:02:07.046,0.96394,0.96412,1.50,1.50
2012.02.28 21:02:14.644,0.96396,0.96414,1.50,3.00
2012.02.28 21:02:19.417,0.96396,0.96414,1.50,1.88
2012.02.28 21:02:19.664,0.96389,0.96409,1.50,3.00
2012.02.28 21:02:19.994,0.96392,0.9641,1.50,1.50
2012.02.28 21:02:20.304,0.9639,0.96408,1.50,1.50
2012.02.28 21:02:20.515,0.96388,0.96408,1.50,1.50
2012.02.28 21:02:20.584,0.96391,0.96408,1.50,1.50
2012.02.28 21:02:20.656,0.96392,0.96412,1.50,1.50
2012.02.28 21:02:21.144,0.96391,0.9641,1.50,1.50
2012.02.28 21:02:24.440,0.96389,0.96409,3.00,1.50
2012.02.28 21:02:25.043,0.96391,0.9641,1.50,1.50
2012.02.28 21:02:26.012,0.9639,0.96408,1.50,1.50
2012.02.28 21:02:26.512,0.96388,0.96406,1.50,1.50
2012.02.28 21:02:27.117,0.9639,0.96408,1.50,1.50
2012.02.28 21:02:28.296,0.96392,0.96409,1.50,1.50
2012.02.28 21:02:40.422,0.96394,0.96411,1.50,1.50
2012.02.28 21:02:40.987,0.96391,0.96411,1.50,1.50
2012.02.28 21:02:57.745,0.96389,0.96408,1.50,1.50
2012.02.28 21:02:58.303,0.96391,0.96408,1.50,1.50
2012.02.28 21:03:08.286,0.96396,0.96411,1.50,1.50
2012.02.28 21:03:08.355,0.96396,0.96414,1.50,1.88
2012.02.28 21:03:08.425,0.96394,0.96412,1.50,1.50
2012.02.28 21:03:08.554,0.96392,0.96412,1.50,1.50
2012.02.28 21:03:08.743,0.96392,0.96409,1.50,1.50
2012.02.28 21:03:11.673,0.96392,0.9641,1.50,1.50
2012.02.28 21:03:13.834,0.96394,0.96412,1.50,1.50
2012.02.28 21:03:14.637,0.96392,0.96409,1.50,1.50
2012.02.28 21:03:17.244,0.96392,0.96412,1.50,1.50
2012.02.28 21:03:19.555,0.96389,0.96409,1.50,1.50
2012.02.28 21:03:19.886,0.96387,0.96407,1.50,1.50
2012.02.28 21:03:20.385,0.96392,0.96409,1.50,1.50
2012.02.28 21:03:20.512,0.96389,0.96409,1.50,1.50
2012.02.28 21:03:21.034,0.9639,0.96409,1.50,1.50
2012.02.28 21:03:21.102,0.96392,0.96409,1.50,1.50
2012.02.28 21:03:24.313,0.96394,0.96412,1.50,1.50
2012.02.28 21:03:24.825,0.96392,0.96411,1.50,1.50
2012.02.28 21:03:25.753,0.96391,0.96411,1.50,1.50
2012.02.28 21:03:26.213,0.96393,0.96412,1.50,1.50
2012.02.28 21:03:26.533,0.96389,0.96409,1.50,1.50
2012.02.28 21:03:27.072,0.96392,0.9641,1.50,1.50
2012.02.28 21:03:28.405,0.96393,0.9641,1.50,1.50
2012.02.28 21:03:28.750,0.9639,0.96408,1.50,1.50
2012.02.28 21:03:48.553,0.96393,0.96413,1.50,1.50
2012.02.28 21:03:49.103,0.96392,0.9641,1.50,1.50
2012.02.28 21:03:50.372,0.96393,0.96413,1.50,1.50
2012.02.28 21:03:51.724,0.96392,0.9641,1.50,1.50
2012.02.28 21:03:52.663,0.96392,0.96409,1.50,1.50
2012.02.28 21:03:52.733,0.96387,0.96407,1.50,1.50
2012.02.28 21:03:53.346,0.96388,0.96407,1.50,1.50
2012.02.28 21:03:53.413,0.9639,0.96408,1.50,1.50
2012.02.28 21:03:56.093,0.96387,0.96407,1.50,1.50
2012.02.28 21:03:59.062,0.96389,0.96409,1.50,1.50
2012.02.28 21:03:59.377,0.96387,0.96407,1.50,1.50
2012.02.28 21:04:04.510,0.96387,0.96404,1.50,1.50
2012.02.28 21:04:04.575,0.96384,0.96404,1.50,1.50
2012.02.28 21:04:04.808,0.96386,0.96405,1.50,1.50
2012.02.28 21:04:12.327,0.96384,0.96403,1.50,1.50
2012.02.28 21:04:12.979,0.96382,0.96402,3.00,1.50
2012.02.28 21:04:14.378,0.96384,0.96402,1.50,1.50
2012.02.28 21:04:14.508,0.96388,0.96407,1.50,1.50
2012.02.28 21:04:14.704,0.96386,0.96406,1.50,1.50
2012.02.28 21:04:14.895,0.96389,0.96406,1.50,1.50
2012.02.28 21:04:15.317,0.96387,0.96405,1.50,1.50
2012.02.28 21:04:17.473,0.96386,0.96403,1.50,1.50
2012.02.28 21:04:20.932,0.96387,0.96405,1.50,1.50
2012.02.28 21:04:23.531,0.96385,0.96403,1.50,1.50
2012.02.28 21:04:45.739,0.96382,0.96399,1.50,1.50
2012.02.28 21:04:45.863,0.96383,0.96401,1.50,1.50
2012.02.28 21:04:45.933,0.9638,0.964,3.00,1.50
2012.02.28 21:04:46.003,0.96379,0.96398,1.50,1.50
2012.02.28 21:04:47.984,0.96378,0.96396,1.50,1.50
2012.02.28 21:04:48.580,0.96377,0.96396,1.50,1.50
2012.02.28 21:04:49.884,0.96376,0.96393,1.50,1.50
2012.02.28 21:04:49.954,0.96373,0.96393,1.50,1.50
2012.02.28 21:04:50.523,0.96374,0.96393,1.50,1.50
2012.02.28 21:04:50.593,0.96376,0.96396,1.50,1.50
2012.02.28 21:04:56.237,0.96374,0.96392,3.00,1.50
2012.02.28 21:04:56.304,0.96375,0.96394,1.50,1.50
2012.02.28 21:04:56.903,0.96375,0.96395,1.50,1.50
2012.02.28 21:04:58.358,0.96377,0.96397,1.50,3.00
2012.02.28 21:04:59.767,0.96382,0.964,1.50,1.50
2012.02.28 21:05:00.204,0.9638,0.96398,1.50,1.50
2012.02.28 21:05:00.274,0.96377,0.96396,1.88,1.50
2012.02.28 21:05:00.475,0.9638,0.96397,1.50,1.50
2012.02.28 21:05:00.696,0.96378,0.96396,1.50,1.50
2012.02.28 21:05:00.918,0.96375,0.96395,3.75,1.50
2012.02.28 21:05:01.247,0.96377,0.96397,1.50,3.00
2012.02.28 21:05:04.204,0.96379,0.96399,1.50,3.00
2012.02.28 21:05:05.405,0.96383,0.96401,1.50,3.00
2012.02.28 21:05:06.037,0.96382,0.96399,1.50,1.50
2012.02.28 21:05:07.876,0.96385,0.96403,1.50,1.50
2012.02.28 21:05:08.007,0.96383,0.964,3.00,1.50
2012.02.28 21:05:08.194,0.96385,0.96405,1.50,1.50
2012.02.28 21:05:08.276,0.96381,0.96398,1.50,1.50
2012.02.28 21:05:08.824,0.9638,0.96397,1.50,1.50
2012.02.28 21:05:09.199,0.96382,0.96399,1.50,1.50
2012.02.28 21:05:10.234,0.9638,0.96397,1.50,1.50
2012.02.28 21:05:11.343,0.96381,0.964,1.50,1.50
2012.02.28 21:05:11.413,0.96383,0.96401,1.50,1.50
2012.02.28 21:05:12.113,0.96382,0.96399,1.50,1.50
2012.02.28 21:05:22.007,0.96384,0.96401,1.50,1.50
2012.02.28 21:05:22.076,0.96384,0.96404,1.50,1.50
2012.02.28 21:05:22.553,0.96383,0.96401,3.00,1.50
2012.02.28 21:05:23.413,0.9638,0.964,1.50,1.50
2012.02.28 21:05:28.337,0.96384,0.96401,1.50,1.50
2012.02.28 21:05:28.404,0.96384,0.96404,1.50,1.50
2012.02.28 21:05:36.715,0.96386,0.96406,1.50,1.50
2012.02.28 21:05:37.072,0.96389,0.96407,1.50,1.50
2012.02.28 21:05:51.867,0.96387,0.96405,3.00,1.50
2012.02.28 21:05:57.993,0.96388,0.96408,1.50,1.50
2012.02.28 21:05:59.084,0.96391,0.9641,1.50,1.50
2012.02.28 21:05:59.393,0.96396,0.96414,1.50,1.88
2012.02.28 21:05:59.915,0.96396,0.96414,1.50,1.50
2012.02.28 21:06:00.174,0.96397,0.96417,1.50,1.50
2012.02.28 21:06:00.424,0.964,0.96418,1.50,1.50
2012.02.28 21:06:00.718,0.96397,0.96416,1.50,1.50
2012.02.28 21:06:01.157,0.96399,0.96417,1.50,3.00
2012.02.28 21:06:04.124,0.96397,0.96416,1.50,1.50
2012.02.28 21:06:04.198,0.96398,0.96418,1.50,1.50
2012.02.28 21:06:04.327,0.96401,0.96419,1.50,1.50
2012.02.28 21:06:04.686,0.96398,0.96418,3.00,1.50
2012.02.28 21:06:10.167,0.964,0.96418,1.50,1.50
2012.02.28 21:06:10.233,0.96401,0.96421,1.50,1.50
2012.02.28 21:06:10.617,0.964,0.96417,1.50,1.50
2012.02.28 21:06:10.684,0.964,0.96419,1.50,1.50
2012.02.28 21:06:11.212,0.96396,0.96414,1.50,1.50
2012.02.28 21:06:11.653,0.96398,0.96416,1.50,1.50
2012.02.28 21:06:13.513,0.96395,0.96415,3.00,1.50
2012.02.28 21:06:14.071,0.96396,0.96415,1.50,1.50
2012.02.28 21:06:14.155,0.96398,0.96416,1.50,1.50
2012.02.28 21:06:14.833,0.964,0.96418,1.50,1.50
2012.02.28 21:06:21.185,0.96402,0.9642,1.50,1.50
2012.02.28 21:06:24.245,0.96399,0.96411,1.50,1.50
2012.02.28 21:06:24.315,0.96393,0.96411,1.50,1.50
2012.02.28 21:06:24.787,0.96395,0.96413,1.50,1.50
2012.02.28 21:06:24.854,0.96395,0.96415,1.50,1.50
2012.02.28 21:06:26.582,0.96395,0.96414,1.50,1.50
2012.02.28 21:06:26.653,0.96393,0.96413,1.50,1.50
2012.02.28 21:06:27.072,0.96396,0.96414,1.50,1.50
2012.02.28 21:06:27.663,0.96394,0.96412,1.50,1.50
2012.02.28 21:06:33.524,0.96394,0.9641,1.50,1.50
2012.02.28 21:06:33.654,0.96388,0.96406,1.50,1.50
2012.02.28 21:06:34.793,0.96389,0.96409,1.50,1.50
2012.02.28 21:06:37.126,0.9639,0.96408,1.50,1.50
2012.02.28 21:06:37.375,0.96392,0.9641,1.50,1.50
2012.02.28 21:06:37.738,0.96394,0.96412,1.50,1.50
2012.02.28 21:06:38.097,0.96392,0.96411,1.50,1.50
2012.02.28 21:06:38.166,0.96391,0.96408,1.50,1.50
2012.02.28 21:06:38.803,0.96392,0.9641,1.50,1.50
2012.02.28 21:06:39.263,0.9639,0.96409,1.50,1.50
2012.02.28 21:06:45.596,0.96395,0.96413,1.50,3.00
2012.02.28 21:06:45.896,0.96392,0.9641,3.00,1.50
2012.02.28 21:06:46.886,0.96392,0.96408,1.50,1.50
2012.02.28 21:06:46.958,0.96389,0.96408,1.50,1.50
2012.02.28 21:06:47.028,0.96386,0.96405,1.50,1.50
2012.02.28 21:06:47.603,0.96385,0.96405,1.50,1.50
2012.02.28 21:06:48.085,0.96388,0.96405,1.50,1.50
2012.02.28 21:06:53.253,0.96388,0.96407,1.50,1.50
2012.02.28 21:06:53.786,0.96388,0.96405,1.50,1.50
2012.02.28 21:06:56.827,0.96388,0.96408,1.50,1.50
2012.02.28 21:07:03.419,0.96388,0.96407,1.50,1.50
2012.02.28 21:07:03.603,0.96385,0.96405,1.50,1.50
2012.02.28 21:07:04.554,0.96388,0.96405,1.50,1.50
2012.02.28 21:07:20.587,0.96388,0.96406,1.50,1.50
2012.02.28 21:07:21.035,0.96386,0.96404,1.50,3.00
2012.02.28 21:07:22.173,0.96385,0.96405,1.50,1.50
2012.02.28 21:07:27.866,0.96386,0.96405,1.50,1.50
2012.02.28 21:07:28.784,0.96387,0.96406,1.50,1.50
2012.02.28 21:07:29.232,0.96385,0.96404,1.50,1.50
2012.02.28 21:07:31.656,0.96385,0.96404,1.88,1.50
2012.02.28 21:07:31.905,0.96397,0.96415,1.50,1.50
2012.02.28 21:07:32.279,0.96394,0.96414,3.00,1.50
2012.02.28 21:07:32.372,0.96389,0.96409,1.50,1.50
2012.02.28 21:07:32.694,0.96391,0.96411,1.50,1.50
2012.02.28 21:07:35.426,0.96393,0.9641,1.50,1.50
2012.02.28 21:07:35.815,0.96393,0.9641,1.50,1.88
2012.02.28 21:07:35.885,0.9639,0.96409,1.50,1.50
2012.02.28 21:07:36.346,0.96392,0.96411,1.50,1.50
2012.02.28 21:07:42.244,0.96393,0.96413,1.50,1.50
2012.02.28 21:07:42.379,0.96393,0.9641,1.50,1.50
2012.02.28 21:07:42.444,0.96389,0.96409,1.50,1.50
2012.02.28 21:07:43.086,0.96394,0.96412,1.50,1.50
2012.02.28 21:07:43.225,0.96392,0.96411,3.00,1.50
2012.02.28 21:07:43.354,0.96393,0.96413,1.50,1.50
2012.02.28 21:07:45.896,0.96392,0.9641,1.50,1.50
2012.02.28 21:07:46.317,0.96387,0.96405,1.50,1.50
2012.02.28 21:07:46.575,0.96388,0.96408,1.50,1.50
2012.02.28 21:07:47.405,0.96386,0.96406,1.50,1.50
2012.02.28 21:07:48.027,0.96389,0.96407,1.50,1.50
2012.02.28 21:07:48.277,0.96393,0.96412,1.50,1.50
2012.02.28 21:07:48.403,0.96395,0.96413,1.50,1.50
2012.02.28 21:07:48.534,0.96393,0.96412,1.50,1.50
2012.02.28 21:07:48.943,0.96392,0.9641,1.50,1.50
2012.02.28 21:07:49.135,0.96393,0.96413,1.50,1.50
2012.02.28 21:07:55.497,0.96395,0.96415,1.50,1.50
2012.02.28 21:07:57.658,0.96395,0.96414,1.50,1.50
2012.02.28 21:07:57.727,0.96393,0.96413,1.50,1.50
2012.02.28 21:08:02.089,0.96397,0.96417,1.50,1.50
2012.02.28 21:08:02.565,0.96396,0.96415,1.50,1.50
2012.02.28 21:08:04.356,0.96399,0.96416,1.50,1.50
2012.02.28 21:08:04.486,0.964,0.96418,1.50,1.50
2012.02.28 21:08:04.784,0.96402,0.9642,1.50,3.00
2012.02.28 21:08:05.333,0.96401,0.9642,1.50,1.50
2012.02.28 21:08:06.071,0.96402,0.9642,1.50,1.50
2012.02.28 21:08:10.254,0.96404,0.96422,1.50,1.50
2012.02.28 21:08:11.138,0.96403,0.96423,1.50,1.50
2012.02.28 21:08:12.530,0.96405,0.96422,1.50,1.50
2012.02.28 21:08:12.931,0.96407,0.96424,1.50,1.50
2012.02.28 21:08:13.465,0.96405,0.96422,1.50,1.50
2012.02.28 21:08:14.730,0.96405,0.96425,1.50,1.50
2012.02.28 21:08:15.504,0.96404,0.96422,1.50,1.50
2012.02.28 21:08:19.917,0.96402,0.9642,1.50,1.50
2012.02.28 21:08:20.228,0.96405,0.96422,1.50,1.50
2012.02.28 21:08:20.650,0.96402,0.96422,3.00,1.50
2012.02.28 21:08:21.636,0.96404,0.96423,1.50,1.50
2012.02.28 21:08:22.075,0.96402,0.96422,3.00,1.50
2012.02.28 21:08:22.383,0.96405,0.96423,1.50,1.50
2012.02.28 21:08:23.108,0.96402,0.9642,1.50,1.50
2012.02.28 21:08:23.636,0.96404,0.96422,1.50,1.50
2012.02.28 21:08:26.739,0.96405,0.96424,1.50,1.50
2012.02.28 21:08:27.301,0.96405,0.96425,1.50,1.50
2012.02.28 21:08:32.854,0.96407,0.96427,1.50,1.50
2012.02.28 21:08:35.060,0.9641,0.96428,1.50,1.50
2012.02.28 21:08:35.131,0.96407,0.96427,1.50,1.50
2012.02.28 21:08:36.326,0.96406,0.96425,1.50,1.50
2012.02.28 21:08:36.634,0.96409,0.96426,1.50,1.50
2012.02.28 21:08:36.707,0.9641,0.96428,1.50,1.50
2012.02.28 21:08:37.115,0.96411,0.96431,1.50,1.50
2012.02.28 21:08:40.534,0.9641,0.96429,1.50,1.50
2012.02.28 21:08:41.205,0.96412,0.96432,1.50,1.50
2012.02.28 21:08:44.985,0.96412,0.96431,1.50,1.50
2012.02.28 21:08:45.053,0.96408,0.96426,1.50,1.50
2012.02.28 21:08:47.234,0.96409,0.96429,1.50,1.50
2012.02.28 21:08:47.425,0.96412,0.9643,1.50,1.50
2012.02.28 21:08:47.943,0.9641,0.96428,1.50,1.50
2012.02.28 21:08:48.433,0.96411,0.96431,1.50,1.50
2012.02.28 21:08:49.135,0.96411,0.9643,1.50,1.50
2012.02.28 21:08:49.202,0.96409,0.96429,1.50,1.50
2012.02.28 21:08:50.322,0.96412,0.9643,1.50,1.50
2012.02.28 21:08:51.643,0.9641,0.96428,1.50,1.50
2012.02.28 21:08:52.092,0.96412,0.9643,1.50,1.50
2012.02.28 21:08:56.254,0.9641,0.96429,1.50,1.50
2012.02.28 21:08:57.343,0.96409,0.96429,1.50,1.50
2012.02.28 21:08:57.416,0.96409,0.96426,1.50,1.50
2012.02.28 21:08:58.040,0.96408,0.96427,1.50,1.50
2012.02.28 21:08:58.163,0.96409,0.96429,1.50,1.50
2012.02.28 21:08:58.315,0.96408,0.96425,3.00,1.50
2012.02.28 21:08:58.509,0.96411,0.96431,1.50,1.50
2012.02.28 21:08:58.934,0.96413,0.96431,1.50,1.50
2012.02.28 21:08:59.515,0.96411,0.9643,3.00,1.50
2012.02.28 21:09:02.104,0.96409,0.96426,1.50,1.50
2012.02.28 21:09:02.317,0.96405,0.96424,1.50,1.50
2012.02.28 21:09:02.587,0.96407,0.96426,1.50,1.50
2012.02.28 21:09:02.904,0.96409,0.96427,1.50,1.50
2012.02.28 21:09:03.340,0.96411,0.96429,1.50,1.50
2012.02.28 21:09:03.472,0.96412,0.96432,1.50,1.50
2012.02.28 21:09:03.736,0.96415,0.96433,1.50,3.00
2012.02.28 21:09:04.150,0.96417,0.96433,1.50,1.50
2012.02.28 21:09:04.226,0.9642,0.96437,1.50,1.50
2012.02.28 21:09:04.299,0.96416,0.96436,1.50,1.50
2012.02.28 21:09:05.363,0.96414,0.96434,1.50,1.50
2012.02.28 21:09:05.901,0.96417,0.96435,1.50,1.50
2012.02.28 21:09:06.305,0.96415,0.96432,1.50,1.50
2012.02.28 21:09:06.373,0.96415,0.96434,1.50,3.00
2012.02.28 21:09:06.871,0.96413,0.96433,3.00,1.50
2012.02.28 21:09:06.994,0.96415,0.96434,1.50,1.50
2012.02.28 21:09:07.505,0.96413,0.96433,3.00,1.50
2012.02.28 21:09:10.047,0.96418,0.96435,1.50,1.50
2012.02.28 21:09:10.114,0.96418,0.96437,1.50,1.50
2012.02.28 21:09:10.244,0.96417,0.96435,1.50,1.50
2012.02.28 21:09:10.691,0.96419,0.96437,1.50,1.50
2012.02.28 21:09:11.015,0.96416,0.96436,1.50,1.50
2012.02.28 21:09:11.145,0.96415,0.96433,1.50,1.50
2012.02.28 21:09:11.544,0.96417,0.96435,1.50,1.50
2012.02.28 21:09:12.841,0.96417,0.96434,1.50,1.50
2012.02.28 21:09:12.908,0.96414,0.96433,1.50,1.50
2012.02.28 21:09:12.973,0.96413,0.96431,1.50,1.50
2012.02.28 21:09:13.046,0.96411,0.96431,1.50,1.50
2012.02.28 21:09:13.515,0.96414,0.96431,1.50,1.50
2012.02.28 21:09:13.676,0.96412,0.9643,3.00,1.50
2012.02.28 21:09:13.864,0.9641,0.96428,1.50,1.50
2012.02.28 21:09:20.105,0.96408,0.96427,1.50,1.50
2012.02.28 21:09:20.174,0.96406,0.96425,1.50,1.50
2012.02.28 21:09:21.030,0.96409,0.96427,1.50,1.50
2012.02.28 21:09:24.710,0.96412,0.96429,1.50,1.50
2012.02.28 21:09:25.124,0.96413,0.96431,1.50,3.00
2012.02.28 21:09:25.255,0.96414,0.96434,1.50,1.50
2012.02.28 21:09:25.325,0.96416,0.96435,1.50,1.50
2012.02.28 21:09:25.575,0.96411,0.96431,1.50,1.50
2012.02.28 21:09:25.976,0.96415,0.96433,1.50,1.50
2012.02.28 21:09:26.046,0.96412,0.96432,1.50,1.50
2012.02.28 21:09:26.134,0.96414,0.96434,1.50,3.00
2012.02.28 21:09:26.775,0.96412,0.96431,1.50,1.50
2012.02.28 21:09:27.449,0.96411,0.96431,1.50,1.50
2012.02.28 21:09:28.078,0.96416,0.96434,1.50,1.50
2012.02.28 21:09:28.267,0.96418,0.96437,1.50,1.50
2012.02.28 21:09:28.337,0.96417,0.96435,3.00,1.50
2012.02.28 21:09:28.663,0.96408,0.96426,1.50,1.50
2012.02.28 21:09:28.803,0.96406,0.96426,1.50,1.50
2012.02.28 21:09:29.240,0.96412,0.96431,1.50,1.50
2012.02.28 21:09:29.867,0.96412,0.9643,1.50,1.50
2012.02.28 21:09:30.573,0.96411,0.96428,1.50,1.50
2012.02.28 21:09:33.473,0.96411,0.96431,1.50,1.50
2012.02.28 21:09:34.656,0.96411,0.9643,1.50,1.50
2012.02.28 21:09:34.731,0.96411,0.96428,1.50,1.50
2012.02.28 21:09:41.249,0.96409,0.96426,1.50,1.50
2012.02.28 21:09:48.812,0.96409,0.96429,1.50,1.50
2012.02.28 21:10:01.794,0.96408,0.96426,1.50,1.50
2012.02.28 21:10:03.515,0.96409,0.96428,1.50,1.50
2012.02.28 21:10:16.659,0.96411,0.96429,1.50,3.00
2012.02.28 21:10:16.964,0.96409,0.96427,1.50,1.50
2012.02.28 21:10:17.485,0.9641,0.96429,1.50,1.50
2012.02.28 21:10:17.553,0.96409,0.96427,1.50,1.50
2012.02.28 21:10:18.023,0.96409,0.96429,1.50,3.00
2012.02.28 21:10:18.714,0.96408,0.96427,3.00,1.50
2012.02.28 21:10:19.527,0.96407,0.96426,1.50,1.50
2012.02.28 21:10:20.355,0.96405,0.96424,1.50,1.50
2012.02.28 21:10:20.766,0.96402,0.96422,1.50,1.50
2012.02.28 21:10:28.447,0.96402,0.96419,1.50,1.50
2012.02.28 21:10:30.465,0.96403,0.96419,1.50,1.50
2012.02.28 21:10:30.533,0.96404,0.96424,1.50,1.50
2012.02.28 21:10:31.084,0.96403,0.96421,1.50,1.50
2012.02.28 21:10:32.369,0.96402,0.96419,1.50,1.50
2012.02.28 21:10:34.313,0.96404,0.96421,1.50,1.50
2012.02.28 21:10:34.563,0.96401,0.96421,1.50,1.50
2012.02.28 21:10:37.676,0.96405,0.96424,1.50,1.50
2012.02.28 21:10:37.804,0.96403,0.96423,1.50,1.50
2012.02.28 21:10:37.889,0.96406,0.96424,1.50,3.00
2012.02.28 21:10:38.218,0.96403,0.96423,3.00,1.50
2012.02.28 21:10:38.706,0.96406,0.96424,1.50,3.00
2012.02.28 21:10:47.024,0.96404,0.96422,1.50,1.50
2012.02.28 21:10:47.813,0.96405,0.96425,1.50,1.50
2012.02.28 21:10:49.322,0.96405,0.96424,1.50,1.50
2012.02.28 21:10:49.384,0.96404,0.96422,1.50,1.50
2012.02.28 21:10:49.454,0.96401,0.96421,1.50,1.50
2012.02.28 21:10:52.615,0.96399,0.96417,1.50,1.50
2012.02.28 21:10:52.744,0.96397,0.96417,1.50,1.50
2012.02.28 21:10:53.250,0.96399,0.96418,1.50,1.50
2012.02.28 21:10:53.637,0.96398,0.96416,1.50,1.50
2012.02.28 21:10:54.154,0.964,0.96418,1.50,1.50
2012.02.28 21:10:54.594,0.96399,0.96416,1.50,1.50
2012.02.28 21:10:55.356,0.96399,0.96419,1.50,1.50
2012.02.28 21:10:55.758,0.96393,0.96413,1.50,1.50
2012.02.28 21:10:56.254,0.96393,0.9641,1.50,1.50
2012.02.28 21:10:56.324,0.96395,0.96413,1.50,1.50
2012.02.28 21:10:56.844,0.96394,0.96414,1.50,1.50
2012.02.28 21:10:56.977,0.96396,0.96415,1.50,1.50
2012.02.28 21:10:57.483,0.96396,0.96416,1.50,1.50
2012.02.28 21:11:00.197,0.96399,0.96417,1.50,1.50
2012.02.28 21:11:00.753,0.96396,0.96416,1.50,1.50
2012.02.28 21:11:03.334,0.96397,0.96415,1.50,1.50
2012.02.28 21:11:04.826,0.96395,0.96414,1.50,1.50
2012.02.28 21:11:05.374,0.96397,0.96415,1.50,1.50
2012.02.28 21:11:08.784,0.96394,0.96414,1.50,1.50
2012.02.28 21:11:13.287,0.96395,0.96414,1.50,1.50
2012.02.28 21:11:13.355,0.96397,0.96417,1.50,1.50
2012.02.28 21:11:13.904,0.96396,0.96415,1.50,1.50
2012.02.28 21:11:14.360,0.96394,0.96413,1.50,1.50
2012.02.28 21:11:14.667,0.96397,0.96414,1.50,1.50
2012.02.28 21:11:16.529,0.96394,0.96412,1.50,1.50
2012.02.28 21:11:16.794,0.96394,0.96414,1.50,1.50
2012.02.28 21:11:16.925,0.96396,0.96415,1.50,1.50
2012.02.28 21:11:17.276,0.96393,0.96411,1.50,1.50
2012.02.28 21:11:17.729,0.96394,0.96414,1.50,1.50
2012.02.28 21:11:17.857,0.96399,0.96417,1.50,1.50
2012.02.28 21:11:18.168,0.96397,0.96415,1.50,1.50
2012.02.28 21:11:18.498,0.96399,0.96417,1.50,1.50
2012.02.28 21:11:18.803,0.96396,0.96414,1.50,1.50
2012.02.28 21:11:18.885,0.96397,0.96416,1.50,1.50
2012.02.28 21:11:19.685,0.96398,0.96416,1.50,1.50
2012.02.28 21:11:20.226,0.96399,0.96419,1.50,1.50
2012.02.28 21:11:26.704,0.96397,0.96417,1.50,1.50
2012.02.28 21:11:27.014,0.96391,0.9641,1.50,1.50
2012.02.28 21:11:27.354,0.96391,0.96408,1.50,1.50
2012.02.28 21:11:27.428,0.96388,0.96406,1.50,1.50
2012.02.28 21:11:27.494,0.96389,0.96409,1.50,1.50
2012.02.28 21:11:28.053,0.96392,0.9641,1.50,1.50
2012.02.28 21:11:28.544,0.96389,0.96409,1.50,1.50
2012.02.28 21:11:29.749,0.96393,0.96412,1.50,1.50
2012.02.28 21:11:30.094,0.96392,0.96409,1.50,1.50
2012.02.28 21:11:31.506,0.9639,0.96408,1.50,1.50
2012.02.28 21:11:31.768,0.96387,0.96407,3.00,1.50
2012.02.28 21:11:38.455,0.96389,0.96407,1.50,1.50
2012.02.28 21:11:38.525,0.9639,0.9641,1.50,1.50
2012.02.28 21:11:41.632,0.9639,0.96409,1.50,1.50
2012.02.28 21:11:41.693,0.96389,0.96407,1.50,1.50
2012.02.28 21:11:43.043,0.9639,0.9641,1.50,1.50
2012.02.28 21:11:43.799,0.96386,0.96404,1.50,1.50
2012.02.28 21:11:43.865,0.96384,0.96403,1.50,1.50
2012.02.28 21:11:44.177,0.96387,0.96404,1.50,1.50
2012.02.28 21:11:44.346,0.96382,0.96401,1.50,1.50
2012.02.28 21:11:44.583,0.96384,0.96402,1.50,1.50
2012.02.28 21:11:45.094,0.96384,0.96403,1.50,1.50
2012.02.28 21:11:50.307,0.96385,0.96405,1.50,3.00
2012.02.28 21:11:50.433,0.96384,0.96403,1.50,1.50
2012.02.28 21:11:50.745,0.96382,0.96401,1.50,1.50
2012.02.28 21:11:51.102,0.96381,0.96398,1.50,1.50
2012.02.28 21:11:51.166,0.96381,0.96401,1.50,1.50
2012.02.28 21:11:51.307,0.96383,0.96403,1.50,3.00
2012.02.28 21:11:55.983,0.9638,0.964,1.50,1.50
2012.02.28 21:11:58.286,0.96384,0.96401,1.50,3.00
2012.02.28 21:11:58.671,0.96384,0.96404,1.50,3.00
2012.02.28 21:11:59.363,0.96384,0.96403,1.50,1.50
2012.02.28 21:11:59.997,0.96383,0.964,1.50,1.50
2012.02.28 21:12:01.104,0.96381,0.96399,1.50,1.50
2012.02.28 21:12:01.730,0.96382,0.96402,1.50,3.00
2012.02.28 21:12:02.337,0.96383,0.96402,1.50,1.50
2012.02.28 21:12:02.406,0.96389,0.96405,1.50,1.50
2012.02.28 21:12:02.767,0.96389,0.96407,1.50,1.50
2012.02.28 21:12:02.904,0.96383,0.96403,1.50,3.00
2012.02.28 21:12:03.040,0.96385,0.96402,1.50,1.50
2012.02.28 21:12:03.388,0.96387,0.96404,1.50,1.50
2012.02.28 21:12:03.685,0.96387,0.96406,1.50,3.00
2012.02.28 21:12:05.112,0.96385,0.96405,1.50,1.50
2012.02.28 21:12:05.238,0.96385,0.96402,1.50,1.50
2012.02.28 21:12:05.796,0.96384,0.96403,1.50,1.50
2012.02.28 21:12:05.937,0.96385,0.96405,1.50,1.50
2012.02.28 21:12:06.134,0.96384,0.96403,1.50,1.50
2012.02.28 21:12:06.455,0.96386,0.96404,1.50,1.50
2012.02.28 21:12:07.804,0.96385,0.96402,1.50,1.50
2012.02.28 21:12:08.309,0.96387,0.96404,1.50,1.50
2012.02.28 21:12:08.435,0.96388,0.96406,1.50,1.50
2012.02.28 21:12:09.085,0.96387,0.96407,1.50,1.50
2012.02.28 21:12:09.215,0.96386,0.96404,1.50,1.50
2012.02.28 21:12:09.792,0.96385,0.96405,1.50,1.50
2012.02.28 21:12:10.325,0.96386,0.96404,1.50,1.50
2012.02.28 21:12:11.257,0.96387,0.96406,1.50,1.50
2012.02.28 21:12:11.904,0.96387,0.96407,1.50,1.50
2012.02.28 21:12:11.976,0.96386,0.96404,1.50,1.50
2012.02.28 21:12:12.628,0.96387,0.96406,1.50,3.00
2012.02.28 21:12:12.814,0.96385,0.96405,1.50,1.50
2012.02.28 21:12:13.279,0.96393,0.96412,1.50,3.60
2012.02.28 21:12:13.884,0.96392,0.9641,1.50,1.50
2012.02.28 21:12:14.202,0.9639,0.96407,1.50,1.50
2012.02.28 21:12:16.305,0.96393,0.96411,1.50,1.50
2012.02.28 21:12:16.788,0.96391,0.96409,1.50,1.50
2012.02.28 21:12:19.764,0.96393,0.96411,1.50,1.50
2012.02.28 21:12:20.106,0.96396,0.96414,1.50,1.50
2012.02.28 21:12:20.354,0.96392,0.96412,1.88,1.50
2012.02.28 21:12:20.824,0.96391,0.96409,1.88,1.50
2012.02.28 21:12:21.513,0.96392,0.96411,1.88,1.50
2012.02.28 21:12:22.772,0.96392,0.96412,1.88,1.50
2012.02.28 21:12:29.955,0.96395,0.96413,1.50,1.50
2012.02.28 21:12:34.536,0.96393,0.96412,1.50,1.50
2012.02.28 21:12:36.950,0.96392,0.96412,1.50,1.50
2012.02.28 21:12:44.549,0.96394,0.96414,1.50,1.50
2012.02.28 21:12:45.787,0.96394,0.96413,1.50,1.50
2012.02.28 21:12:45.856,0.96392,0.96412,1.50,1.50
2012.02.28 21:12:55.877,0.96395,0.96413,1.50,3.00
2012.02.28 21:13:09.815,0.96397,0.96416,1.50,1.50
2012.02.28 21:13:10.338,0.96398,0.96418,1.50,1.50
2012.02.28 21:13:10.463,0.96397,0.96416,1.50,1.50
2012.02.28 21:13:11.129,0.96397,0.96415,3.00,1.50
2012.02.28 21:13:11.913,0.96398,0.96416,1.50,1.50
2012.02.28 21:13:11.986,0.96396,0.96415,1.50,1.50
2012.02.28 21:13:13.890,0.96397,0.96416,1.50,1.50
2012.02.28 21:13:15.111,0.96397,0.96417,1.50,1.50
2012.02.28 21:13:15.257,0.96396,0.96415,1.50,1.50
2012.02.28 21:13:15.508,0.96397,0.96417,1.50,3.00
2012.02.28 21:13:15.809,0.96394,0.96412,1.50,1.50
2012.02.28 21:13:16.494,0.96392,0.9641,1.50,1.50
2012.02.28 21:13:17.384,0.96393,0.96413,1.50,1.50
2012.02.28 21:13:17.607,0.9639,0.9641,1.50,1.50
2012.02.28 21:13:17.954,0.96393,0.96412,1.50,1.50
2012.02.28 21:13:18.378,0.96396,0.96414,1.50,1.50
2012.02.28 21:13:18.506,0.96393,0.96413,1.50,1.50
2012.02.28 21:13:19.030,0.9639,0.96408,1.50,1.50
2012.02.28 21:13:23.394,0.96392,0.9641,1.50,1.50
2012.02.28 21:13:24.998,0.96389,0.96409,1.50,1.50
2012.02.28 21:13:25.468,0.96392,0.9641,1.50,1.50
2012.02.28 21:13:26.054,0.96395,0.96412,1.50,1.50
2012.02.28 21:13:27.445,0.96391,0.96411,1.50,1.50
2012.02.28 21:13:32.536,0.9639,0.96409,1.50,1.50
2012.02.28 21:13:34.065,0.96388,0.96408,1.50,1.50
2012.02.28 21:13:35.338,0.9639,0.9641,1.50,1.50
2012.02.28 21:13:38.258,0.96391,0.9641,1.50,1.50
2012.02.28 21:13:39.514,0.96392,0.96411,1.50,1.50
2012.02.28 21:13:39.584,0.9639,0.9641,1.50,1.50
2012.02.28 21:13:44.107,0.96394,0.96411,1.50,1.50
2012.02.28 21:13:44.564,0.96391,0.96411,1.50,1.50
2012.02.28 21:13:48.248,0.96392,0.96411,1.50,1.50
2012.02.28 21:13:48.313,0.96394,0.96411,1.50,1.50
2012.02.28 21:13:52.148,0.96392,0.9641,3.00,1.50
2012.02.28 21:13:52.553,0.9639,0.96409,3.00,1.50
2012.02.28 21:13:52.754,0.96392,0.9641,1.50,3.00
2012.02.28 21:14:00.164,0.9639,0.96409,1.50,1.50
2012.02.28 21:14:00.249,0.96391,0.96411,1.50,3.00
2012.02.28 21:14:04.480,0.96385,0.96405,1.50,1.50
2012.02.28 21:14:05.457,0.96386,0.96406,1.50,1.50
2012.02.28 21:14:06.584,0.96385,0.96403,1.50,1.50
2012.02.28 21:14:06.937,0.96387,0.96405,1.50,1.50
2012.02.28 21:14:07.270,0.96389,0.96407,1.50,1.50
2012.02.28 21:14:07.425,0.9639,0.9641,1.50,1.50
2012.02.28 21:14:07.557,0.96388,0.96408,1.50,1.50
2012.02.28 21:14:07.865,0.96391,0.96409,1.50,1.50
2012.02.28 21:14:08.824,0.96389,0.96407,1.50,1.50
2012.02.28 21:14:10.365,0.96387,0.96405,1.50,1.50
2012.02.28 21:14:10.940,0.96386,0.96406,1.50,1.50
2012.02.28 21:14:13.087,0.96391,0.96407,1.50,1.50
2012.02.28 21:14:13.159,0.96388,0.96407,3.00,1.50
2012.02.28 21:14:13.708,0.96386,0.96404,1.50,1.50
2012.02.28 21:14:14.588,0.96387,0.96407,1.50,1.50
2012.02.28 21:14:18.873,0.96387,0.96405,1.50,1.50
2012.02.28 21:14:19.004,0.96381,0.96401,1.50,1.50
2012.02.28 21:14:19.494,0.96389,0.96403,1.50,1.50
2012.02.28 21:14:19.566,0.96389,0.96406,1.50,1.50
2012.02.28 21:14:24.070,0.96392,0.9641,1.50,1.50
2012.02.28 21:14:24.149,0.964,0.96413,1.50,1.50
2012.02.28 21:14:24.227,0.96402,0.96422,1.50,1.50
2012.02.28 21:14:24.498,0.96402,0.9642,1.50,1.50
2012.02.28 21:14:24.566,0.96402,0.96422,1.50,1.50
2012.02.28 21:14:24.633,0.964,0.96418,1.50,1.50
2012.02.28 21:14:24.705,0.96401,0.96421,1.50,1.50
2012.02.28 21:14:25.269,0.964,0.96418,3.00,1.50
2012.02.28 21:14:25.852,0.96402,0.9642,1.50,1.50
2012.02.28 21:14:25.986,0.96403,0.96423,1.50,1.50
2012.02.28 21:14:27.227,0.96402,0.9642,1.50,1.50
2012.02.28 21:14:27.847,0.96403,0.96422,1.50,1.50
2012.02.28 21:14:28.568,0.96403,0.96423,1.50,1.50
2012.02.28 21:14:29.715,0.96407,0.96424,1.50,1.50
2012.02.28 21:14:30.109,0.96408,0.96426,1.50,1.50
2012.02.28 21:14:30.350,0.96406,0.96425,1.50,1.50
2012.02.28 21:14:30.415,0.96406,0.96422,1.50,1.50
2012.02.28 21:14:30.889,0.96405,0.96424,1.50,1.50
2012.02.28 21:14:31.414,0.96405,0.96425,1.50,1.50
2012.02.28 21:14:31.545,0.96405,0.96422,1.50,1.50
2012.02.28 21:14:33.893,0.964,0.9642,1.50,1.50
2012.02.28 21:14:34.177,0.96398,0.96418,1.50,1.50
2012.02.28 21:14:34.657,0.964,0.9642,1.50,1.50
2012.02.28 21:14:38.925,0.96399,0.96418,1.50,1.50
2012.02.28 21:14:40.839,0.96396,0.96414,1.50,1.50
2012.02.28 21:14:41.495,0.96398,0.96415,1.50,1.50
2012.02.28 21:14:46.098,0.96398,0.96418,1.50,1.50
2012.02.28 21:14:46.859,0.96401,0.96418,1.50,1.50
2012.02.28 21:14:46.926,0.96403,0.96421,1.50,1.50
2012.02.28 21:14:47.001,0.96405,0.96423,1.50,1.50
2012.02.28 21:14:47.185,0.96406,0.96426,1.50,1.50
2012.02.28 21:14:47.255,0.96404,0.96424,3.00,1.50
2012.02.28 21:14:47.815,0.96402,0.96422,1.50,1.50
2012.02.28 21:15:00.918,0.96403,0.96422,1.50,1.50
2012.02.28 21:15:00.984,0.96404,0.96424,1.50,1.50
2012.02.28 21:15:01.989,0.96407,0.96424,1.50,1.50
2012.02.28 21:15:02.371,0.96404,0.96424,1.50,1.50
2012.02.28 21:15:03.847,0.96406,0.96425,1.50,1.50
2012.02.28 21:15:04.903,0.96405,0.96424,1.50,1.50
2012.02.28 21:15:05.536,0.96406,0.96426,1.50,1.50
2012.02.28 21:15:07.075,0.96404,0.96423,1.50,1.50
2012.02.28 21:15:07.867,0.96406,0.96424,1.50,1.50
2012.02.28 21:15:13.096,0.96404,0.96422,3.00,1.50
2012.02.28 21:15:13.571,0.96406,0.96424,1.50,1.50
2012.02.28 21:15:15.107,0.96405,0.96422,1.50,1.50
2012.02.28 21:15:15.740,0.96405,0.96425,1.50,3.00
2012.02.28 21:15:20.776,0.96406,0.96425,1.50,1.50
2012.02.28 21:15:20.852,0.96413,0.96428,1.50,1.50
2012.02.28 21:15:20.920,0.96413,0.96432,1.50,1.88
2012.02.28 21:15:21.166,0.96414,0.96434,1.50,1.50
2012.02.28 21:15:21.357,0.96412,0.96432,3.00,1.50
2012.02.28 21:15:22.906,0.96415,0.96432,1.50,1.50
2012.02.28 21:15:23.279,0.96418,0.96435,1.50,1.50
2012.02.28 21:15:23.717,0.96415,0.96435,1.50,1.50
2012.02.28 21:15:30.657,0.96414,0.96432,1.50,1.50
2012.02.28 21:15:34.026,0.96415,0.96435,1.50,1.50
2012.02.28 21:15:34.411,0.96413,0.96433,1.50,1.50
2012.02.28 21:15:34.718,0.96413,0.9643,3.00,1.50
2012.02.28 21:15:34.787,0.96415,0.96433,1.50,1.50
2012.02.28 21:15:35.038,0.96417,0.96435,1.50,1.50
2012.02.28 21:15:35.607,0.96417,0.96436,1.50,1.50
2012.02.28 21:15:35.961,0.96414,0.96432,1.50,1.50
2012.02.28 21:15:36.318,0.96416,0.96434,1.50,1.50
2012.02.28 21:15:36.623,0.9642,0.96436,1.50,1.50
2012.02.28 21:15:36.695,0.9642,0.96439,1.50,1.50
2012.02.28 21:15:36.887,0.96419,0.96437,1.50,1.50
2012.02.28 21:15:37.108,0.96416,0.96435,1.50,1.50
2012.02.28 21:15:37.357,0.96413,0.96432,3.00,1.50
2012.02.28 21:15:37.830,0.96416,0.96433,1.50,1.50
2012.02.28 21:15:38.214,0.96417,0.96435,1.50,1.50
2012.02.28 21:15:38.283,0.96417,0.96437,1.50,1.50
2012.02.28 21:15:39.038,0.96417,0.96434,1.50,1.50
2012.02.28 21:15:39.104,0.96414,0.96433,1.50,1.50
2012.02.28 21:15:39.726,0.96414,0.96432,1.50,1.50
2012.02.28 21:15:39.798,0.96411,0.96431,1.50,1.50
2012.02.28 21:15:39.931,0.96414,0.96432,1.50,3.00
2012.02.28 21:15:40.451,0.9642,0.96432,1.50,1.50
2012.02.28 21:15:40.525,0.9642,0.9644,3.00,1.50
2012.02.28 21:15:41.728,0.96419,0.96434,1.50,1.50
2012.02.28 21:15:42.316,0.96416,0.96434,3.38,1.50
2012.02.28 21:15:42.385,0.96419,0.96436,1.50,1.50
2012.02.28 21:15:43.134,0.96425,0.96445,1.50,1.50
2012.02.28 21:15:43.199,0.96429,0.96445,1.50,1.50
2012.02.28 21:15:43.269,0.9643,0.9645,1.50,1.50
2012.02.28 21:15:43.459,0.9643,0.96447,1.50,1.50
2012.02.28 21:15:43.585,0.96426,0.96444,1.50,1.50
2012.02.28 21:15:43.654,0.96424,0.96444,1.50,1.50
2012.02.28 21:15:44.458,0.96427,0.96445,1.50,3.00
2012.02.28 21:15:44.646,0.96424,0.96444,3.00,1.50
2012.02.28 21:15:44.775,0.96424,0.96441,1.50,1.50
2012.02.28 21:15:45.594,0.96426,0.96443,1.50,3.00
2012.02.28 21:15:49.825,0.96425,0.96444,1.50,1.50
2012.02.28 21:15:50.295,0.96424,0.96442,3.00,1.50
2012.02.28 21:15:53.366,0.96422,0.96439,1.50,1.50
2012.02.28 21:15:53.616,0.96413,0.96433,1.50,1.50
2012.02.28 21:15:54.474,0.96413,0.96431,1.50,1.50
2012.02.28 21:15:54.552,0.96418,0.96438,1.50,1.50
2012.02.28 21:16:15.386,0.9642,0.9644,1.50,1.50
2012.02.28 21:16:21.108,0.96419,0.96437,3.00,1.50
2012.02.28 21:16:21.414,0.96421,0.96439,1.50,1.50
2012.02.28 21:16:23.710,0.96422,0.96441,1.50,1.50
2012.02.28 21:16:26.664,0.96422,0.96442,1.50,1.50
2012.02.28 21:16:27.942,0.96417,0.96436,1.88,1.50
2012.02.28 21:16:28.068,0.96414,0.96434,3.00,1.50
2012.02.28 21:16:28.317,0.96417,0.96435,1.50,3.00
2012.02.28 21:16:28.784,0.96419,0.96438,1.50,1.50
2012.02.28 21:16:29.135,0.96421,0.96439,1.50,1.50
2012.02.28 21:16:29.539,0.96421,0.96441,1.50,3.00
2012.02.28 21:16:30.045,0.96422,0.9644,1.50,1.50
2012.02.28 21:16:32.343,0.96419,0.96439,3.00,1.50
2012.02.28 21:16:35.280,0.96421,0.96439,1.50,1.50
2012.02.28 21:16:35.348,0.96423,0.96443,1.50,1.50
2012.02.28 21:16:35.417,0.96426,0.96443,1.50,1.50
2012.02.28 21:16:35.757,0.96424,0.96442,1.50,1.50
2012.02.28 21:16:35.826,0.96422,0.96442,1.50,1.50
2012.02.28 21:16:38.015,0.96425,0.96442,1.50,1.50
2012.02.28 21:16:38.086,0.96426,0.96445,1.50,1.50
2012.02.28 21:16:41.708,0.96427,0.96445,1.50,1.50
2012.02.28 21:16:41.775,0.9643,0.96448,1.50,1.50
2012.02.28 21:16:42.116,0.96432,0.9645,1.50,1.50
2012.02.28 21:16:42.435,0.9643,0.96448,1.50,1.50
2012.02.28 21:16:44.802,0.96428,0.96447,1.50,1.50
2012.02.28 21:16:44.869,0.96432,0.9645,1.50,1.50
2012.02.28 21:16:45.265,0.96435,0.96453,1.50,1.50
2012.02.28 21:16:45.588,0.96431,0.96449,1.50,1.50
2012.02.28 21:16:46.464,0.9643,0.96447,1.50,1.50
2012.02.28 21:16:51.823,0.9643,0.9645,1.50,1.50
2012.02.28 21:16:54.614,0.96427,0.96445,1.50,1.50
2012.02.28 21:16:55.233,0.96429,0.96446,1.50,1.50
2012.02.28 21:16:57.995,0.96432,0.96448,1.50,1.50
2012.02.28 21:16:58.067,0.96432,0.9645,1.50,1.50
2012.02.28 21:16:58.193,0.96433,0.96453,1.50,3.75
2012.02.28 21:16:58.535,0.96432,0.9645,1.50,1.50
2012.02.28 21:17:00.265,0.96434,0.96452,1.50,1.50
2012.02.28 21:17:00.627,0.96432,0.9645,3.00,1.50
2012.02.28 21:17:00.695,0.96429,0.96449,3.00,1.50
2012.02.28 21:17:00.826,0.96427,0.96445,3.00,1.50
2012.02.28 21:17:01.537,0.96428,0.96447,1.50,1.50
2012.02.28 21:17:03.413,0.96429,0.96448,1.50,1.50
2012.02.28 21:17:04.439,0.96429,0.96449,1.50,1.50
2012.02.28 21:17:09.226,0.96433,0.9645,1.50,1.50
2012.02.28 21:17:09.536,0.96435,0.96453,1.50,1.50
2012.02.28 21:17:10.069,0.96432,0.96452,3.00,1.50
2012.02.28 21:17:15.064,0.96432,0.96449,1.50,1.50
2012.02.28 21:17:15.926,0.96433,0.96453,1.50,1.50
2012.02.28 21:17:19.467,0.96431,0.96451,3.00,1.50
2012.02.28 21:17:19.966,0.96431,0.96451,1.50,2.25
2012.02.28 21:17:22.356,0.96425,0.96445,1.50,1.50
2012.02.28 21:17:22.937,0.96424,0.96442,1.50,1.50
2012.02.28 21:17:23.475,0.96426,0.96444,1.50,3.00
2012.02.28 21:17:28.108,0.9643,0.96449,1.50,1.88
2012.02.28 21:17:28.524,0.96429,0.96447,1.50,1.50
2012.02.28 21:17:28.895,0.9643,0.96449,1.50,1.88
2012.02.28 21:17:29.127,0.96429,0.96447,1.50,1.50
2012.02.28 21:17:30.037,0.9643,0.96449,1.50,2.25
2012.02.28 21:17:30.226,0.96431,0.96451,1.50,1.50
2012.02.28 21:17:30.655,0.96429,0.96449,1.50,1.50
2012.02.28 21:17:31.796,0.9642,0.96438,1.50,1.50
2012.02.28 21:17:32.456,0.96421,0.96441,1.50,3.00
2012.02.28 21:17:33.117,0.96422,0.96441,1.50,1.50
2012.02.28 21:17:33.245,0.96424,0.96442,1.50,1.50
2012.02.28 21:17:33.730,0.96426,0.96442,1.50,1.50
2012.02.28 21:17:33.916,0.96428,0.96446,1.50,1.50
2012.02.28 21:17:35.976,0.96428,0.96444,1.50,1.50
2012.02.28 21:17:36.351,0.96424,0.96441,1.50,3.00
2012.02.28 21:17:36.415,0.96421,0.9644,1.50,1.50
2012.02.28 21:17:36.604,0.96423,0.96442,1.50,1.50
2012.02.28 21:17:52.036,0.96422,0.96439,1.50,1.50
2012.02.28 21:18:04.768,0.96423,0.96441,1.50,1.50
2012.02.28 21:18:08.198,0.96425,0.96442,1.50,1.50
2012.02.28 21:18:08.364,0.96421,0.96441,1.50,1.50
2012.02.28 21:18:08.574,0.96423,0.96442,1.50,1.50
2012.02.28 21:18:09.364,0.96421,0.96441,1.50,1.50
2012.02.28 21:18:19.854,0.96421,0.9644,1.50,1.50
2012.02.28 21:18:19.924,0.96421,0.96438,1.50,1.50
2012.02.28 21:18:20.310,0.96418,0.96438,1.50,1.50
2012.02.28 21:18:20.565,0.9642,0.96439,1.50,1.50
2012.02.28 21:18:26.030,0.96415,0.96433,1.50,1.50
2012.02.28 21:18:26.355,0.9641,0.96428,1.50,1.50
2012.02.28 21:18:26.518,0.96411,0.9643,1.50,1.50
2012.02.28 21:18:34.826,0.96412,0.96429,1.50,1.50
2012.02.28 21:18:34.895,0.96413,0.96431,1.50,1.50
2012.02.28 21:18:35.034,0.96412,0.96429,1.50,1.50
2012.02.28 21:18:38.625,0.96414,0.96429,1.50,1.50
2012.02.28 21:18:38.700,0.96416,0.96434,1.50,1.50
2012.02.28 21:18:38.766,0.96413,0.96433,1.50,1.50
2012.02.28 21:18:44.279,0.96416,0.96434,1.50,1.50
2012.02.28 21:18:49.186,0.96413,0.96433,1.50,1.50
2012.02.28 21:18:53.768,0.96407,0.96427,1.50,1.50
2012.02.28 21:18:54.426,0.96411,0.96429,1.50,1.50
2012.02.28 21:18:54.813,0.96415,0.96433,1.50,1.50
2012.02.28 21:18:58.269,0.96413,0.96431,3.00,1.50
2012.02.28 21:19:04.697,0.96415,0.96433,1.50,1.50
2012.02.28 21:19:05.184,0.96418,0.96436,1.50,3.00
2012.02.28 21:19:05.502,0.96423,0.96438,1.50,1.50
2012.02.28 21:19:05.746,0.96425,0.96443,1.50,1.50
2012.02.28 21:19:05.815,0.96422,0.96442,1.50,1.50
2012.02.28 21:19:05.947,0.96421,0.96439,1.50,1.50
2012.02.28 21:19:06.508,0.96422,0.96439,1.50,1.50
2012.02.28 21:19:08.730,0.96419,0.96439,3.00,1.50
2012.02.28 21:19:08.797,0.96422,0.96439,1.50,1.50
2012.02.28 21:19:09.227,0.96419,0.96439,1.50,1.50
2012.02.28 21:19:09.428,0.96422,0.96439,1.50,1.50
2012.02.28 21:19:09.677,0.96426,0.96444,1.50,1.50
2012.02.28 21:19:10.219,0.96424,0.96441,1.50,1.50
2012.02.28 21:19:14.739,0.96425,0.96443,1.50,1.50
2012.02.28 21:19:15.931,0.96426,0.96445,1.50,1.50
2012.02.28 21:19:22.046,0.96426,0.96444,1.50,1.50
2012.02.28 21:19:22.115,0.96422,0.96442,1.50,1.50
2012.02.28 21:19:32.856,0.96421,0.96439,1.50,1.50
2012.02.28 21:19:38.318,0.96419,0.96439,1.50,1.50
2012.02.28 21:19:44.741,0.96417,0.96437,1.50,1.50
2012.02.28 21:19:48.707,0.96417,0.96434,1.50,1.50
2012.02.28 21:19:52.766,0.96415,0.96432,1.50,1.50
2012.02.28 21:19:54.826,0.96417,0.96434,1.50,1.50
2012.02.28 21:20:00.376,0.96415,0.96433,1.50,1.50
2012.02.28 21:20:00.869,0.96416,0.96435,1.50,1.50
2012.02.28 21:20:07.946,0.96414,0.96434,3.00,1.50
2012.02.28 21:20:11.795,0.96416,0.96435,1.50,3.00
2012.02.28 21:20:15.416,0.96414,0.96434,3.00,1.50
2012.02.28 21:20:15.745,0.96417,0.96434,1.50,1.50
2012.02.28 21:20:19.594,0.96414,0.96434,3.00,1.50
2012.02.28 21:20:20.466,0.96416,0.96435,1.50,1.50
2012.02.28 21:20:22.685,0.96415,0.96433,1.50,1.50
2012.02.28 21:20:23.777,0.96417,0.96434,1.50,1.50
2012.02.28 21:20:26.284,0.96414,0.96434,3.00,1.50
2012.02.28 21:20:27.585,0.96413,0.96431,1.50,1.50
2012.02.28 21:20:35.015,0.96412,0.96429,1.50,1.50
2012.02.28 21:20:35.745,0.96413,0.96431,1.50,3.00
2012.02.28 21:20:36.219,0.96411,0.9643,1.50,1.50
2012.02.28 21:20:36.284,0.96413,0.96431,1.50,1.50
2012.02.28 21:20:36.474,0.96411,0.9643,1.50,1.50
2012.02.28 21:20:36.876,0.96413,0.96431,1.50,1.50
2012.02.28 21:20:37.709,0.96412,0.96429,1.50,1.50
2012.02.28 21:21:01.385,0.96412,0.96432,1.50,1.50
2012.02.28 21:21:01.457,0.96415,0.96433,1.50,1.50
2012.02.28 21:21:01.767,0.96416,0.96436,1.50,1.88
2012.02.28 21:21:01.894,0.96419,0.96436,1.50,1.88
2012.02.28 21:21:02.279,0.96417,0.96435,1.50,1.50
2012.02.28 21:21:04.011,0.96415,0.96433,1.50,1.50
2012.02.28 21:21:04.081,0.96413,0.96433,1.50,1.50
2012.02.28 21:21:04.560,0.96415,0.96435,1.50,3.00
2012.02.28 21:21:07.116,0.96414,0.96432,1.50,1.50
2012.02.28 21:21:07.641,0.96422,0.96441,1.50,1.88
2012.02.28 21:21:07.888,0.96416,0.96435,1.50,1.50
2012.02.28 21:21:07.957,0.96419,0.96436,1.50,1.50
2012.02.28 21:21:08.168,0.96417,0.96435,1.50,1.50
2012.02.28 21:21:08.446,0.96415,0.96433,1.50,1.50
2012.02.28 21:21:09.434,0.96414,0.96433,1.50,1.50
2012.02.28 21:21:10.088,0.96413,0.96431,1.50,1.50
2012.02.28 21:21:13.904,0.96415,0.96432,1.50,1.50
2012.02.28 21:21:14.384,0.96417,0.96434,1.50,1.50
2012.02.28 21:21:22.417,0.9642,0.96439,1.50,1.50
2012.02.28 21:21:23.045,0.96417,0.96437,1.50,1.50
2012.02.28 21:21:23.720,0.96418,0.96437,1.50,1.50
2012.02.28 21:21:24.235,0.96419,0.96438,1.50,1.50
2012.02.28 21:21:24.479,0.96417,0.96437,1.50,1.50
2012.02.28 21:21:26.528,0.96418,0.96437,1.50,1.50
2012.02.28 21:21:26.597,0.9642,0.96437,1.50,1.50
2012.02.28 21:21:26.784,0.96418,0.96436,1.50,1.50
2012.02.28 21:21:27.356,0.96416,0.96434,1.50,1.50
2012.02.28 21:21:28.027,0.96417,0.96437,1.50,1.50
2012.02.28 21:21:29.601,0.9642,0.96437,1.50,1.50
2012.02.28 21:21:38.237,0.96417,0.96437,1.50,1.50
2012.02.28 21:21:38.796,0.9642,0.96437,1.50,1.50
2012.02.28 21:21:39.298,0.96417,0.96437,1.50,1.50
2012.02.28 21:21:39.566,0.9642,0.96437,1.50,1.50
2012.02.28 21:21:40.956,0.96418,0.96436,1.50,1.50
2012.02.28 21:21:44.037,0.96416,0.96434,3.00,1.50
2012.02.28 21:21:46.388,0.96417,0.96437,1.50,1.50
2012.02.28 21:21:49.693,0.96416,0.96434,1.50,1.50
2012.02.28 21:22:01.334,0.96413,0.96433,1.50,1.50
2012.02.28 21:22:04.037,0.96418,0.96436,1.50,1.50
2012.02.28 21:22:19.965,0.96416,0.96434,1.50,1.50
2012.02.28 21:22:31.365,0.96417,0.96437,1.50,1.50
2012.02.28 21:22:40.037,0.96415,0.96435,1.50,1.50
2012.02.28 21:22:57.056,0.96415,0.96434,1.50,1.50
2012.02.28 21:22:57.126,0.96413,0.96433,1.50,1.50
2012.02.28 21:22:57.629,0.96409,0.96429,1.50,1.50
2012.02.28 21:22:58.165,0.96412,0.96432,1.50,1.50
2012.02.28 21:22:59.025,0.96415,0.96433,1.50,1.50
2012.02.28 21:22:59.585,0.96413,0.96431,3.00,1.50
2012.02.28 21:23:04.879,0.96411,0.96429,1.50,1.50
2012.02.28 21:23:05.238,0.96413,0.96431,1.50,1.50
2012.02.28 21:23:06.306,0.96413,0.96424,1.50,1.50
2012.02.28 21:23:06.377,0.96404,0.96422,1.50,1.50
2012.02.28 21:23:06.799,0.96406,0.96424,1.50,1.50
2012.02.28 21:23:11.225,0.9641,0.96427,1.50,1.50
2012.02.28 21:23:13.665,0.96407,0.96427,1.50,1.50
2012.02.28 21:23:19.585,0.96411,0.96428,1.50,1.50
2012.02.28 21:23:20.002,0.96411,0.9643,1.50,1.50
2012.02.28 21:23:22.731,0.96411,0.96429,1.50,1.50
2012.02.28 21:23:22.795,0.96409,0.96428,1.50,1.50
2012.02.28 21:23:31.675,0.96411,0.96431,1.50,1.50
2012.02.28 21:23:32.099,0.96413,0.96431,1.50,1.50
2012.02.28 21:23:32.628,0.96416,0.96434,1.50,1.50
2012.02.28 21:23:32.974,0.96419,0.96439,1.50,1.50
2012.02.28 21:23:33.436,0.96422,0.9644,1.50,3.00
2012.02.28 21:23:34.016,0.9642,0.96438,1.50,1.50
2012.02.28 21:23:34.086,0.96417,0.96437,1.50,1.50
2012.02.28 21:23:36.296,0.96421,0.96441,1.50,1.50
2012.02.28 21:23:38.366,0.96423,0.96443,1.50,3.00
2012.02.28 21:23:38.697,0.96422,0.9644,1.50,1.50
2012.02.28 21:23:39.948,0.96424,0.96442,1.50,1.50
2012.02.28 21:23:43.167,0.96422,0.9644,1.50,1.50
2012.02.28 21:23:43.506,0.9642,0.96438,1.50,1.50
2012.02.28 21:23:44.276,0.96421,0.9644,1.50,1.50
2012.02.28 21:23:44.865,0.9642,0.96439,1.50,1.50
2012.02.28 21:23:45.421,0.96419,0.96439,1.50,1.50
2012.02.28 21:23:45.678,0.96419,0.96437,1.50,1.50
2012.02.28 21:23:46.586,0.96421,0.96439,1.50,1.50
2012.02.28 21:23:47.301,0.96422,0.96442,1.50,1.50
2012.02.28 21:23:47.688,0.96421,0.96439,1.50,1.50
2012.02.28 21:23:47.817,0.96418,0.96438,1.50,1.50
2012.02.28 21:23:48.067,0.9642,0.9644,1.50,1.50
2012.02.28 21:23:48.847,0.96419,0.96437,1.50,1.50
2012.02.28 21:23:49.230,0.9642,0.9644,1.50,1.50
2012.02.28 21:23:49.587,0.96422,0.96442,1.50,1.50
2012.02.28 21:23:52.340,0.96422,0.96441,1.50,1.50
2012.02.28 21:23:52.742,0.96421,0.96439,1.50,1.50
2012.02.28 21:23:53.288,0.96419,0.96438,1.50,1.50
2012.02.28 21:23:53.794,0.96418,0.96438,1.50,1.50
2012.02.28 21:23:54.505,0.96419,0.96438,1.50,1.50
2012.02.28 21:23:54.575,0.96421,0.96439,1.50,1.88
2012.02.28 21:23:55.174,0.96418,0.96438,1.50,1.50
2012.02.28 21:23:55.548,0.96421,0.96439,1.50,1.50
2012.02.28 21:23:55.995,0.96426,0.96444,1.50,1.50
2012.02.28 21:23:56.514,0.96425,0.96445,1.50,1.50
2012.02.28 21:23:56.814,0.96423,0.96443,1.50,1.50
2012.02.28 21:24:00.955,0.96422,0.9644,1.50,1.50
2012.02.28 21:24:01.464,0.9642,0.96438,1.50,1.50
2012.02.28 21:24:04.031,0.96422,0.9644,1.50,1.50
2012.02.28 21:24:04.338,0.96423,0.96442,1.50,1.50
2012.02.28 21:24:04.982,0.96423,0.96443,1.50,1.50
2012.02.28 21:24:05.517,0.96416,0.96436,1.50,1.50
2012.02.28 21:24:05.995,0.96414,0.96434,1.50,1.50
2012.02.28 21:24:07.307,0.96412,0.9643,1.50,1.50
2012.02.28 21:24:07.977,0.96411,0.9643,1.50,1.50
2012.02.28 21:24:09.132,0.96413,0.96431,1.50,1.50
2012.02.28 21:24:09.258,0.96414,0.96433,1.50,1.50
2012.02.28 21:24:09.909,0.96414,0.96434,1.50,1.50
2012.02.28 21:24:10.101,0.96412,0.96432,3.00,1.50
2012.02.28 21:24:10.939,0.96414,0.96432,1.50,1.50
2012.02.28 21:24:11.016,0.96415,0.96435,1.50,1.50
2012.02.28 21:24:13.561,0.96412,0.96432,1.50,1.50
2012.02.28 21:24:13.867,0.96411,0.9643,1.50,1.50
2012.02.28 21:24:15.148,0.96419,0.96438,1.50,1.50
2012.02.28 21:24:16.611,0.9642,0.9644,1.50,3.38
2012.02.28 21:24:17.189,0.96424,0.96442,1.50,1.50
2012.02.28 21:24:17.259,0.96429,0.96449,1.50,1.50
2012.02.28 21:24:17.508,0.96428,0.96446,1.50,1.50
2012.02.28 21:24:17.695,0.96425,0.96445,1.50,1.50
2012.02.28 21:24:21.536,0.96423,0.96443,1.50,1.50
2012.02.28 21:24:22.964,0.9642,0.96438,1.50,1.50
2012.02.28 21:24:23.720,0.96419,0.96436,1.50,1.50
2012.02.28 21:24:24.037,0.9641,0.96429,1.88,1.50
2012.02.28 21:24:29.548,0.96417,0.96429,1.50,1.50
2012.02.28 21:24:29.618,0.96419,0.96437,1.50,1.50
2012.02.28 21:24:30.050,0.9642,0.96439,1.50,1.50
2012.02.28 21:24:31.389,0.96419,0.96437,1.50,1.50
2012.02.28 21:24:31.882,0.9642,0.9644,1.50,1.50
2012.02.28 21:25:03.160,0.96418,0.96438,1.50,1.50
2012.02.28 21:25:04.344,0.96411,0.96428,1.50,1.50
2012.02.28 21:25:09.083,0.96415,0.96435,1.50,1.50
2012.02.28 21:25:09.145,0.96414,0.96433,1.50,1.50
2012.02.28 21:25:09.473,0.96412,0.96429,1.50,1.50
2012.02.28 21:25:09.595,0.96409,0.96428,1.50,1.50
2012.02.28 21:25:11.646,0.96411,0.96428,1.50,1.50
2012.02.28 21:25:11.723,0.96408,0.96426,1.50,1.50
2012.02.28 21:25:11.944,0.96409,0.96428,1.50,1.50
2012.02.28 21:25:13.519,0.96409,0.96427,1.50,1.50
2012.02.28 21:25:13.584,0.96406,0.96424,1.50,1.50
2012.02.28 21:25:14.545,0.9641,0.96427,1.50,1.50
2012.02.28 21:25:14.881,0.96412,0.96429,1.50,1.50
2012.02.28 21:25:15.065,0.96412,0.96432,1.50,1.50
2012.02.28 21:25:15.614,0.96412,0.96429,1.50,1.50
2012.02.28 21:25:15.988,0.96415,0.96431,1.50,1.50
2012.02.28 21:25:16.055,0.96415,0.96435,1.50,1.50
2012.02.28 21:25:16.125,0.96418,0.96435,1.50,1.50
2012.02.28 21:25:16.194,0.9642,0.96439,1.50,1.50
2012.02.28 21:25:16.754,0.96418,0.96438,3.00,1.50
2012.02.28 21:25:19.779,0.9642,0.96439,1.50,1.50
2012.02.28 21:25:20.086,0.96412,0.96432,1.50,1.50
2012.02.28 21:25:43.756,0.96415,0.96433,1.50,1.50
2012.02.28 21:25:43.889,0.96418,0.96438,1.50,1.50
2012.02.28 21:25:44.257,0.96423,0.96442,1.50,1.50
2012.02.28 21:25:44.336,0.96426,0.96443,1.50,1.50
2012.02.28 21:25:44.526,0.96422,0.9644,1.50,1.50
2012.02.28 21:25:44.774,0.96424,0.96441,1.50,1.50
2012.02.28 21:25:45.105,0.96422,0.9644,1.50,1.50
2012.02.28 21:25:45.296,0.96424,0.96441,1.50,1.50
2012.02.28 21:25:45.584,0.96421,0.96441,1.50,1.50
2012.02.28 21:25:45.775,0.96424,0.96441,1.50,1.50
2012.02.28 21:25:47.014,0.96422,0.9644,1.50,1.50
2012.02.28 21:25:47.654,0.96424,0.96441,1.50,1.50
2012.02.28 21:25:49.039,0.96422,0.96439,1.50,1.50
2012.02.28 21:25:50.034,0.96423,0.96442,1.50,1.50
2012.02.28 21:25:51.774,0.96422,0.9644,1.50,1.50
2012.02.28 21:25:52.099,0.96424,0.96441,1.50,1.50
2012.02.28 21:25:53.303,0.96425,0.96442,1.50,1.50
2012.02.28 21:25:53.625,0.96426,0.96446,1.50,1.50
2012.02.28 21:25:53.914,0.96425,0.96444,1.50,1.50
2012.02.28 21:25:54.235,0.96423,0.96442,1.50,1.50
2012.02.28 21:25:54.866,0.96424,0.96441,1.50,1.50
2012.02.28 21:25:55.594,0.96422,0.9644,1.50,1.50
2012.02.28 21:25:55.667,0.96424,0.96441,1.50,1.50
2012.02.28 21:25:56.155,0.96426,0.96443,1.50,1.50
2012.02.28 21:25:56.957,0.96433,0.96453,1.50,1.50
2012.02.28 21:25:57.088,0.96436,0.96454,1.50,1.50
2012.02.28 21:25:57.626,0.96432,0.96451,1.50,1.50
2012.02.28 21:25:57.754,0.96432,0.96446,1.50,1.50
2012.02.28 21:25:57.885,0.96425,0.96443,1.50,1.50
2012.02.28 21:25:59.903,0.96426,0.96446,1.50,1.50
2012.02.28 21:26:01.458,0.96434,0.96451,1.50,1.50
2012.02.28 21:26:01.584,0.96434,0.96454,1.50,1.50
2012.02.28 21:26:01.961,0.96438,0.96454,1.50,1.50
2012.02.28 21:26:02.025,0.96439,0.96458,1.50,1.50
2012.02.28 21:26:02.445,0.96437,0.96456,1.50,1.50
2012.02.28 21:26:02.751,0.96436,0.96454,1.50,1.50
2012.02.28 21:26:02.899,0.96443,0.96463,1.50,2.25
2012.02.28 21:26:03.024,0.96438,0.96456,1.50,1.50
2012.02.28 21:26:03.348,0.96432,0.96451,1.88,1.50
2012.02.28 21:26:03.473,0.96432,0.96451,1.50,1.50
2012.02.28 21:26:04.735,0.9643,0.96449,1.50,1.50
2012.02.28 21:26:05.056,0.96429,0.96447,1.50,1.50
2012.02.28 21:26:05.602,0.96431,0.96449,1.50,1.50
2012.02.28 21:26:06.156,0.96433,0.96451,1.50,1.50
2012.02.28 21:26:07.886,0.96431,0.96449,1.50,1.50
2012.02.28 21:26:08.378,0.96433,0.9645,1.50,1.50
2012.02.28 21:26:08.827,0.96431,0.96449,3.00,1.50
2012.02.28 21:26:09.346,0.96434,0.96453,1.50,1.50
2012.02.28 21:26:13.395,0.96432,0.96451,1.50,1.50
2012.02.28 21:26:13.937,0.96434,0.96452,1.50,1.50
2012.02.28 21:26:14.807,0.96436,0.96454,1.50,1.50
2012.02.28 21:26:14.875,0.96433,0.96452,1.50,1.50
2012.02.28 21:26:14.946,0.96431,0.96449,1.50,1.50
2012.02.28 21:26:15.014,0.96429,0.96449,1.50,1.50
2012.02.28 21:26:15.275,0.96431,0.96451,1.50,1.50
2012.02.28 21:26:15.724,0.96429,0.96449,1.50,1.50
2012.02.28 21:26:18.347,0.9643,0.96449,1.50,1.50
2012.02.28 21:26:18.673,0.96432,0.9645,1.50,1.50
2012.02.28 21:26:23.525,0.9643,0.96448,3.00,1.50
2012.02.28 21:26:24.784,0.96432,0.9645,1.50,1.50
2012.02.28 21:26:26.456,0.96434,0.96452,1.50,1.50
2012.02.28 21:26:28.837,0.96428,0.96448,1.50,1.50
2012.02.28 21:26:31.885,0.96429,0.96448,1.50,1.50
2012.02.28 21:26:32.014,0.96431,0.96449,1.50,1.50
2012.02.28 21:26:32.499,0.96429,0.96447,1.50,1.50
2012.02.28 21:26:35.802,0.9643,0.9645,1.50,1.50
2012.02.28 21:26:36.803,0.96432,0.96452,1.50,1.50
2012.02.28 21:26:44.103,0.96427,0.96447,1.50,1.50
2012.02.28 21:26:44.591,0.9643,0.96448,1.50,1.50
2012.02.28 21:26:51.386,0.96428,0.96446,1.50,1.50
2012.02.28 21:26:52.004,0.96429,0.96449,1.50,1.50
2012.02.28 21:26:53.247,0.96425,0.96443,1.50,1.50
2012.02.28 21:26:53.406,0.96422,0.96442,3.00,1.50
2012.02.28 21:26:53.785,0.96425,0.96443,1.50,1.50
2012.02.28 21:26:53.854,0.96423,0.96443,1.50,1.50
2012.02.28 21:26:54.113,0.96427,0.96444,1.50,1.50
2012.02.28 21:26:54.235,0.96422,0.96442,1.50,1.50
2012.02.28 21:26:54.307,0.96425,0.96443,1.50,1.50
2012.02.28 21:26:55.565,0.96426,0.96443,1.50,1.50
2012.02.28 21:27:11.343,0.96427,0.96445,1.50,3.00
2012.02.28 21:27:14.554,0.96428,0.96448,1.50,1.50
2012.02.28 21:27:15.025,0.96428,0.96445,1.50,1.50
2012.02.28 21:27:18.696,0.96426,0.96446,3.00,1.50
2012.02.28 21:27:19.219,0.96425,0.96444,1.50,1.50
2012.02.28 21:27:19.343,0.96426,0.96446,1.50,1.50
2012.02.28 21:27:20.287,0.96427,0.96446,1.50,1.50
2012.02.28 21:27:20.465,0.96429,0.96447,1.50,1.50
2012.02.28 21:27:24.333,0.96428,0.96445,1.50,1.50
2012.02.28 21:27:30.173,0.96429,0.96447,1.50,1.50
2012.02.28 21:27:32.524,0.96426,0.96446,1.50,1.50
2012.02.28 21:27:33.090,0.96424,0.96443,1.50,1.50
2012.02.28 21:27:36.195,0.96422,0.96441,1.50,1.50
2012.02.28 21:27:37.747,0.96423,0.96443,1.50,1.50
2012.02.28 21:27:44.728,0.9642,0.96438,1.50,1.50
2012.02.28 21:27:44.972,0.96417,0.96437,1.88,1.50
2012.02.28 21:27:46.856,0.96417,0.96437,1.88,1.50
2012.02.28 21:27:47.443,0.96419,0.96439,1.88,1.50
2012.02.28 21:27:49.599,0.96421,0.96441,1.50,3.00
2012.02.28 21:27:50.584,0.96422,0.96441,1.50,1.50
2012.02.28 21:27:51.177,0.96423,0.96442,1.50,1.50
2012.02.28 21:27:51.852,0.96422,0.96441,1.50,1.50
2012.02.28 21:27:52.438,0.96424,0.96441,1.50,1.50
2012.02.28 21:27:59.379,0.96426,0.96443,1.50,1.50
2012.02.28 21:27:59.565,0.96425,0.96445,1.50,1.50
2012.02.28 21:28:00.515,0.96423,0.96443,1.50,1.50
2012.02.28 21:28:01.279,0.96423,0.96442,1.50,1.50
2012.02.28 21:28:02.127,0.96423,0.9644,1.50,1.50
2012.02.28 21:28:02.198,0.96423,0.96443,1.50,1.50
2012.02.28 21:28:09.447,0.96423,0.96442,1.50,1.50
2012.02.28 21:28:09.514,0.96421,0.96441,1.50,1.50
2012.02.28 21:28:10.353,0.96424,0.96442,1.50,1.50
2012.02.28 21:28:15.448,0.9642,0.9644,1.50,1.50
2012.02.28 21:28:19.702,0.96422,0.96442,1.50,1.50
2012.02.28 21:28:20.023,0.96421,0.96439,1.50,1.50
2012.02.28 21:28:24.824,0.96423,0.96441,1.50,1.50
2012.02.28 21:28:31.102,0.96425,0.96443,1.50,1.50
2012.02.28 21:28:31.552,0.96422,0.96442,1.50,1.50
2012.02.28 21:28:32.193,0.96425,0.96443,1.50,1.50
2012.02.28 21:28:32.570,0.96427,0.96445,1.50,1.50
2012.02.28 21:28:36.229,0.96425,0.96443,1.50,1.50
2012.02.28 21:28:49.872,0.96422,0.96442,1.50,1.50
2012.02.28 21:28:53.363,0.96424,0.96444,1.50,3.00
2012.02.28 21:28:59.777,0.96426,0.96446,1.50,1.50
2012.02.28 21:29:00.403,0.96428,0.96443,1.50,1.50
2012.02.28 21:29:00.466,0.96432,0.9645,1.50,1.50
2012.02.28 21:29:01.045,0.96433,0.96452,1.50,1.88
2012.02.28 21:29:02.563,0.9643,0.9645,1.50,1.50
2012.02.28 21:29:04.044,0.96428,0.96448,1.50,1.50
2012.02.28 21:29:04.475,0.96431,0.9645,1.50,3.00
2012.02.28 21:29:11.664,0.96432,0.96452,1.50,1.50
2012.02.28 21:29:14.434,0.96429,0.96449,1.50,1.50
2012.02.28 21:29:31.540,0.96429,0.96446,1.50,1.50
2012.02.28 21:29:32.465,0.96426,0.96446,1.50,1.50
2012.02.28 21:29:33.255,0.96429,0.96446,1.50,1.50
2012.02.28 21:29:33.323,0.96429,0.96449,1.50,1.50
2012.02.28 21:29:34.114,0.96429,0.96448,1.50,1.50
2012.02.28 21:29:34.868,0.96428,0.96447,1.50,1.50
2012.02.28 21:29:35.873,0.9643,0.96448,1.50,1.50
2012.02.28 21:29:37.149,0.96432,0.9645,1.50,1.50
2012.02.28 21:29:46.214,0.96429,0.96449,1.50,1.50
2012.02.28 21:30:04.464,0.96432,0.9645,1.50,3.00
2012.02.28 21:30:10.323,0.96429,0.96449,1.50,1.50
2012.02.28 21:30:13.869,0.96435,0.96454,1.50,1.50
2012.02.28 21:30:17.242,0.96435,0.96451,1.50,1.50
2012.02.28 21:30:17.306,0.96431,0.96449,1.50,1.50
2012.02.28 21:30:23.227,0.96433,0.96451,1.50,1.50
2012.02.28 21:30:23.532,0.96436,0.96454,1.50,1.50
2012.02.28 21:30:23.685,0.9643,0.9645,1.50,1.50
2012.02.28 21:30:24.654,0.96429,0.96448,1.50,1.50
2012.02.28 21:30:25.276,0.96428,0.96448,1.50,1.50
2012.02.28 21:30:27.373,0.96431,0.96449,1.50,1.50
2012.02.28 21:30:36.883,0.9643,0.9645,1.50,1.50
2012.02.28 21:30:40.368,0.96433,0.96451,1.50,3.00
2012.02.28 21:30:40.740,0.96436,0.96453,1.50,1.50
2012.02.28 21:30:40.923,0.96437,0.96456,1.50,1.50
2012.02.28 21:30:41.182,0.96435,0.96455,3.00,1.50
2012.02.28 21:30:42.037,0.96434,0.96453,1.50,1.50
2012.02.28 21:30:43.086,0.96433,0.96453,1.50,1.50
2012.02.28 21:30:45.233,0.96433,0.96453,2.25,1.50
2012.02.28 21:30:45.354,0.96443,0.9646,1.50,1.50
2012.02.28 21:30:45.547,0.96437,0.96457,1.50,1.50
2012.02.28 21:30:45.614,0.96436,0.96454,1.50,1.50
2012.02.28 21:30:45.922,0.96434,0.96451,1.50,1.50
2012.02.28 21:30:45.983,0.96432,0.96451,1.50,3.00
2012.02.28 21:30:46.044,0.96435,0.96451,1.50,1.50
2012.02.28 21:30:46.114,0.96433,0.96451,1.50,1.50
2012.02.28 21:30:47.321,0.96431,0.96448,1.50,1.50
2012.02.28 21:30:48.014,0.96432,0.96452,1.50,1.50
2012.02.28 21:30:50.785,0.96432,0.96451,1.50,1.50
2012.02.28 21:30:50.857,0.9643,0.9645,1.50,1.50
2012.02.28 21:31:00.416,0.96431,0.9645,1.50,1.50
2012.02.28 21:31:00.486,0.96433,0.96451,1.50,1.50
2012.02.28 21:31:10.238,0.96431,0.96449,1.50,1.50
2012.02.28 21:31:10.364,0.96429,0.96448,1.50,1.50
2012.02.28 21:31:11.024,0.9643,0.9645,1.50,1.50
2012.02.28 21:31:11.573,0.96429,0.96447,1.50,1.50
2012.02.28 21:31:24.727,0.9643,0.9645,1.50,3.00
2012.02.28 21:31:24.856,0.96435,0.96451,1.50,1.50
2012.02.28 21:31:24.928,0.96435,0.96455,1.50,1.50
2012.02.28 21:31:25.589,0.96433,0.96453,3.00,1.50
2012.02.28 21:31:26.394,0.96432,0.9645,1.50,1.50
2012.02.28 21:31:27.593,0.96433,0.96453,1.50,1.50
2012.02.28 21:31:31.341,0.96434,0.96453,1.50,1.50
2012.02.28 21:31:31.406,0.96435,0.96455,1.50,1.50
2012.02.28 21:31:31.536,0.96434,0.96452,1.50,1.50
2012.02.28 21:31:35.484,0.96434,0.96451,1.50,1.50
2012.02.28 21:31:35.546,0.9643,0.9645,1.50,1.50
2012.02.28 21:31:36.758,0.9643,0.96448,1.50,1.50
2012.02.28 21:31:36.831,0.96426,0.96445,1.50,1.50
2012.02.28 21:31:36.895,0.96425,0.96443,1.50,1.50
2012.02.28 21:31:37.085,0.96426,0.96446,1.50,1.50
2012.02.28 21:31:37.570,0.9643,0.96447,1.50,1.50
2012.02.28 21:31:38.604,0.96429,0.96448,3.00,1.50
2012.02.28 21:31:38.666,0.9643,0.9645,1.50,1.50
2012.02.28 21:31:38.965,0.96429,0.96448,1.50,1.50
2012.02.28 21:31:39.367,0.96431,0.96449,1.50,1.50
2012.02.28 21:31:39.555,0.96435,0.96455,1.50,1.50
2012.02.28 21:31:39.805,0.96438,0.96456,1.50,1.88
2012.02.28 21:31:39.993,0.96439,0.96458,1.50,1.50
2012.02.28 21:31:40.355,0.96441,0.96459,1.50,1.50
2012.02.28 21:31:40.425,0.96439,0.96458,1.50,1.50
2012.02.28 21:31:40.592,0.96441,0.96459,1.50,1.50
2012.02.28 21:31:41.149,0.96441,0.96459,1.88,1.50
2012.02.28 21:31:41.457,0.96448,0.96461,2.10,1.50
2012.02.28 21:31:41.586,0.9644,0.96457,1.50,1.50
2012.02.28 21:31:42.955,0.96441,0.9646,2.25,1.50
2012.02.28 21:31:43.027,0.96448,0.96464,2.10,1.50
2012.02.28 21:31:43.157,0.96453,0.96471,1.50,1.50
2012.02.28 21:31:43.225,0.96453,0.96471,1.50,2.25
2012.02.28 21:31:43.298,0.96448,0.96465,2.10,1.88
2012.02.28 21:31:43.364,0.96444,0.9646,1.50,1.50
2012.02.28 21:31:43.425,0.96441,0.9646,1.50,1.50
2012.02.28 21:31:43.934,0.9644,0.96459,1.50,1.50
2012.02.28 21:31:44.010,0.96441,0.96461,1.50,3.00
2012.02.28 21:31:44.386,0.96439,0.96458,1.50,1.50
2012.02.28 21:31:44.688,0.96441,0.96459,1.50,1.50
2012.02.28 21:31:45.144,0.9644,0.96457,1.50,1.50
2012.02.28 21:31:45.209,0.96441,0.9646,1.50,3.00
2012.02.28 21:31:45.795,0.9644,0.96457,1.50,1.50
2012.02.28 21:31:47.079,0.96434,0.96454,1.50,1.50
2012.02.28 21:31:47.195,0.96434,0.96454,2.25,1.50
2012.02.28 21:31:47.388,0.96447,0.96461,2.10,1.50
2012.02.28 21:31:47.456,0.96447,0.96461,2.10,1.88
2012.02.28 21:31:47.527,0.96441,0.96458,1.50,1.88
2012.02.28 21:31:47.594,0.96426,0.96446,2.25,1.50
2012.02.28 21:31:47.666,0.96426,0.96446,2.25,1.50
2012.02.28 21:31:47.853,0.96426,0.96446,2.25,1.50
2012.02.28 21:31:48.428,0.96429,0.96447,2.25,1.50
2012.02.28 21:31:48.855,0.96431,0.96449,2.25,1.50
2012.02.28 21:31:48.928,0.96429,0.96447,2.25,1.50
2012.02.28 21:31:49.363,0.9643,0.9645,2.25,1.50
2012.02.28 21:31:49.920,0.96429,0.96448,2.25,1.50
2012.02.28 21:31:52.273,0.96429,0.96447,2.25,1.50
2012.02.28 21:31:52.393,0.96428,0.96445,1.50,1.50
2012.02.28 21:31:52.453,0.96429,0.96447,1.50,1.50
2012.02.28 21:31:53.576,0.96429,0.96447,2.25,1.50
2012.02.28 21:31:54.410,0.96431,0.96449,2.25,3.00
2012.02.28 21:31:54.594,0.96434,0.96451,1.50,1.50
2012.02.28 21:31:55.025,0.96435,0.96455,1.50,1.50
2012.02.28 21:31:55.333,0.96438,0.96456,1.50,3.00
2012.02.28 21:31:55.516,0.96439,0.96458,1.50,1.50
2012.02.28 21:31:55.607,0.96438,0.96456,1.50,1.50
2012.02.28 21:31:56.076,0.96435,0.96453,3.00,1.50
2012.02.28 21:31:56.456,0.96436,0.96456,1.50,1.50
2012.02.28 21:31:56.583,0.9644,0.9646,1.50,1.50
2012.02.28 21:31:57.058,0.9644,0.96458,1.50,1.50
2012.02.28 21:31:57.863,0.96439,0.96456,1.50,1.50
2012.02.28 21:31:58.385,0.9644,0.96458,1.50,1.50
2012.02.28 21:32:02.623,0.96437,0.96457,1.50,1.50
2012.02.28 21:32:06.248,0.96437,0.96454,1.50,1.50
2012.02.28 21:32:06.615,0.96439,0.96457,1.50,3.00
2012.02.28 21:32:06.685,0.96437,0.96455,3.00,1.50
2012.02.28 21:32:08.198,0.96435,0.96453,1.50,1.50
2012.02.28 21:32:08.268,0.96433,0.96453,1.50,1.50
2012.02.28 21:32:09.475,0.96437,0.96454,1.50,3.00
2012.02.28 21:32:09.679,0.96435,0.96453,1.50,1.50
2012.02.28 21:32:09.813,0.96438,0.96456,1.50,1.50
2012.02.28 21:32:09.876,0.96438,0.96458,1.50,1.50
2012.02.28 21:32:13.185,0.9644,0.9646,1.50,1.50
2012.02.28 21:32:14.138,0.9644,0.96457,1.50,1.50
2012.02.28 21:32:14.206,0.9644,0.9646,1.50,1.50
2012.02.28 21:32:15.317,0.9644,0.96457,1.50,1.50
2012.02.28 21:32:15.637,0.96441,0.96459,1.50,3.00
2012.02.28 21:32:15.705,0.9644,0.96457,1.50,1.50
2012.02.28 21:32:16.025,0.96441,0.96459,1.50,1.50
2012.02.28 21:32:18.984,0.96441,0.96456,1.50,1.50
2012.02.28 21:32:19.046,0.96437,0.96456,1.50,1.50
2012.02.28 21:32:19.115,0.96435,0.96455,1.50,1.50
2012.02.28 21:32:19.566,0.96437,0.96456,1.50,1.50
2012.02.28 21:32:20.968,0.96437,0.96457,1.50,1.50
2012.02.28 21:32:22.046,0.9644,0.96458,1.50,1.50
2012.02.28 21:32:25.339,0.96438,0.96457,1.50,1.50
2012.02.28 21:32:25.409,0.96437,0.96452,1.50,1.50
2012.02.28 21:32:25.479,0.96434,0.96452,1.50,1.50
2012.02.28 21:32:25.610,0.96432,0.9645,1.50,1.50
2012.02.28 21:32:26.195,0.96433,0.96453,1.50,1.50
2012.02.28 21:32:26.396,0.96431,0.96451,1.50,1.50
2012.02.28 21:32:26.856,0.96433,0.96453,1.50,1.50
2012.02.28 21:32:28.426,0.96435,0.96452,1.50,1.50
2012.02.28 21:32:28.494,0.9643,0.96448,1.50,1.50
2012.02.28 21:32:28.736,0.96426,0.96446,1.50,1.50
2012.02.28 21:32:29.468,0.96429,0.96447,1.50,1.50
2012.02.28 21:32:30.450,0.96429,0.96446,1.50,1.50
2012.02.28 21:32:30.575,0.96425,0.96443,1.50,1.50
2012.02.28 21:32:33.007,0.96426,0.96443,1.50,1.50
2012.02.28 21:32:33.077,0.96428,0.96445,1.50,1.50
2012.02.28 21:32:33.275,0.96431,0.96451,1.50,1.50
2012.02.28 21:32:33.811,0.9643,0.96447,1.50,1.50
2012.02.28 21:32:33.880,0.96431,0.96449,1.50,1.50
2012.02.28 21:32:34.005,0.9643,0.96447,1.50,1.50
2012.02.28 21:32:34.974,0.96428,0.96445,1.50,1.50
2012.02.28 21:32:35.728,0.9643,0.96447,1.50,1.50
2012.02.28 21:32:36.208,0.96425,0.96445,1.50,1.50
2012.02.28 21:32:36.274,0.96424,0.96443,1.50,1.50
2012.02.28 21:32:36.880,0.96423,0.96443,1.50,1.50
2012.02.28 21:32:39.795,0.96421,0.96441,1.50,1.50
2012.02.28 21:32:48.545,0.9642,0.96438,1.50,1.50
2012.02.28 21:32:49.636,0.96422,0.96442,1.50,1.50
2012.02.28 21:32:51.127,0.96424,0.96444,1.50,1.50
2012.02.28 21:32:51.437,0.96427,0.96446,1.50,1.50
2012.02.28 21:32:57.097,0.96422,0.9644,1.50,1.50
2012.02.28 21:32:57.405,0.96428,0.96445,1.50,1.50
2012.02.28 21:32:57.721,0.9643,0.96447,1.50,1.50
2012.02.28 21:32:59.072,0.96435,0.9645,1.50,1.50
2012.02.28 21:32:59.135,0.96435,0.96455,1.50,1.50
2012.02.28 21:32:59.324,0.96438,0.96456,1.50,3.00
2012.02.28 21:32:59.855,0.96436,0.96455,1.50,1.50
2012.02.28 21:33:00.376,0.96435,0.96455,1.50,1.50
2012.02.28 21:33:00.998,0.96434,0.96452,3.00,1.50
2012.02.28 21:33:01.064,0.96435,0.96455,1.50,3.00
2012.02.28 21:33:01.995,0.96433,0.96453,3.00,1.50
2012.02.28 21:33:03.394,0.96433,0.96452,1.50,1.50
2012.02.28 21:33:03.455,0.96431,0.96451,1.50,1.50
2012.02.28 21:33:03.886,0.96433,0.96451,1.50,1.50
2012.02.28 21:33:03.956,0.96434,0.96454,1.50,1.50
2012.02.28 21:33:07.146,0.96433,0.9645,1.50,1.50
2012.02.28 21:33:07.694,0.96432,0.9645,1.50,1.50
2012.02.28 21:33:08.017,0.96434,0.96452,1.50,1.50
2012.02.28 21:33:08.803,0.96435,0.96455,1.50,3.00
2012.02.28 21:33:09.045,0.96433,0.96452,1.50,1.50
2012.02.28 21:33:09.734,0.96432,0.96452,3.00,1.50
2012.02.28 21:33:10.341,0.96435,0.96453,1.50,1.50
2012.02.28 21:33:11.161,0.96437,0.96455,1.50,2.25
2012.02.28 21:33:11.227,0.96434,0.96454,1.50,2.25
2012.02.28 21:33:11.745,0.96434,0.96446,1.50,1.50
2012.02.28 21:33:11.817,0.96425,0.96445,1.50,1.50
2012.02.28 21:33:11.887,0.96425,0.96442,1.50,1.50
2012.02.28 21:33:12.014,0.96423,0.96441,1.50,1.50
2012.02.28 21:33:12.086,0.96424,0.96444,1.50,1.50
2012.02.28 21:33:12.685,0.96427,0.96445,1.50,1.50
2012.02.28 21:33:15.725,0.96425,0.96443,1.50,1.50
2012.02.28 21:33:18.104,0.96427,0.96445,1.50,1.50
2012.02.28 21:33:18.463,0.9643,0.96447,1.50,1.88
2012.02.28 21:33:24.266,0.96434,0.96449,1.50,1.50
2012.02.28 21:33:24.335,0.96434,0.96454,1.50,1.50
2012.02.28 21:33:24.697,0.96433,0.96451,3.00,1.50
2012.02.28 21:33:28.856,0.96433,0.96451,1.50,1.88
2012.02.28 21:33:28.986,0.96429,0.96446,1.50,1.50
2012.02.28 21:33:29.394,0.96427,0.96442,1.50,1.50
2012.02.28 21:33:29.455,0.96427,0.96444,1.50,1.50
2012.02.28 21:33:29.525,0.96427,0.96446,1.50,1.50
2012.02.28 21:33:33.679,0.96432,0.96448,1.50,2.25
2012.02.28 21:33:33.806,0.96433,0.96452,1.50,1.50
2012.02.28 21:33:34.346,0.96435,0.96453,1.50,1.13
2012.02.28 21:33:35.658,0.96433,0.96452,1.50,1.50
2012.02.28 21:33:35.724,0.96436,0.96456,1.50,1.88
2012.02.28 21:33:35.903,0.96436,0.96456,1.50,1.50
2012.02.28 21:33:36.474,0.96434,0.96454,1.50,1.50
2012.02.28 21:33:39.285,0.96432,0.96452,1.50,1.50
2012.02.28 21:33:39.665,0.96435,0.96453,1.50,1.50
2012.02.28 21:33:45.842,0.96432,0.96454,1.50,1.50
2012.02.28 21:33:50.441,0.96437,0.96459,1.50,1.50
2012.02.28 21:33:50.775,0.96436,0.96457,1.50,1.50
2012.02.28 21:33:52.004,0.96433,0.96457,1.50,1.50
2012.02.28 21:33:52.782,0.96436,0.96457,1.50,1.50
2012.02.28 21:33:57.868,0.96437,0.9646,1.50,1.50
2012.02.28 21:34:00.005,0.96441,0.9646,1.50,1.50
2012.02.28 21:34:00.135,0.96443,0.96465,1.50,1.50
2012.02.28 21:34:00.306,0.96444,0.96467,1.50,1.50
2012.02.28 21:34:00.376,0.96442,0.96465,1.50,1.50
2012.02.28 21:34:00.724,0.96441,0.96462,1.50,1.50
2012.02.28 21:34:01.821,0.96442,0.96464,1.50,1.50
2012.02.28 21:34:07.495,0.96442,0.96458,1.50,1.50
2012.02.28 21:34:07.565,0.96434,0.96457,1.88,1.50
2012.02.28 21:34:08.226,0.96437,0.96458,1.50,1.50
2012.02.28 21:34:15.004,0.96437,0.96457,1.50,1.50
2012.02.28 21:34:22.977,0.96435,0.96454,1.50,1.50
2012.02.28 21:34:23.296,0.9643,0.9645,1.88,1.50
2012.02.28 21:34:23.726,0.96429,0.96447,1.50,1.50
2012.02.28 21:34:26.355,0.96431,0.96449,1.50,1.50
2012.02.28 21:34:26.574,0.96428,0.96448,1.50,1.50
2012.02.28 21:34:28.395,0.9643,0.96448,1.50,1.50
2012.02.28 21:34:28.704,0.96432,0.9645,1.50,1.50
2012.02.28 21:34:29.307,0.96434,0.96452,1.50,1.50
2012.02.28 21:34:36.744,0.96435,0.96454,1.50,1.50
2012.02.28 21:34:37.887,0.96435,0.96455,3.00,1.50
2012.02.28 21:34:38.014,0.96437,0.96457,1.50,1.50
2012.02.28 21:34:38.538,0.9644,0.96457,1.50,1.50
2012.02.28 21:34:46.835,0.96442,0.96459,1.50,3.00
2012.02.28 21:34:48.834,0.96439,0.96459,1.50,1.50
2012.02.28 21:34:48.896,0.96436,0.96456,1.50,1.50
2012.02.28 21:34:49.501,0.96439,0.96457,1.50,1.50
2012.02.28 21:34:50.355,0.96438,0.96456,1.50,1.50
2012.02.28 21:34:50.675,0.96435,0.96455,3.00,1.50
2012.02.28 21:34:50.935,0.96433,0.96453,3.00,1.50
2012.02.28 21:34:51.434,0.96435,0.96455,1.50,3.00
2012.02.28 21:34:57.215,0.96434,0.96453,1.50,1.50
2012.02.28 21:34:57.856,0.96433,0.96453,1.50,1.50
2012.02.28 21:35:14.505,0.96432,0.9645,1.50,1.50
2012.02.28 21:35:14.825,0.96423,0.96441,1.50,1.50
2012.02.28 21:35:15.127,0.96427,0.96445,1.50,1.88
2012.02.28 21:35:15.637,0.96421,0.96439,1.50,1.50
2012.02.28 21:35:15.704,0.96422,0.96442,1.50,3.00
2012.02.28 21:35:26.753,0.96421,0.9644,1.50,1.50
2012.02.28 21:35:27.496,0.96422,0.96441,1.50,1.50
2012.02.28 21:35:28.836,0.96422,0.96442,1.50,1.50
2012.02.28 21:35:34.746,0.96427,0.96445,1.50,1.50
2012.02.28 21:35:35.056,0.9643,0.96447,1.50,1.50
2012.02.28 21:35:35.244,0.9643,0.9645,1.50,1.50
2012.02.28 21:35:35.655,0.96429,0.96448,1.50,1.50
2012.02.28 21:35:38.634,0.96431,0.96449,1.50,1.50
2012.02.28 21:35:39.286,0.96428,0.96446,1.50,3.00
2012.02.28 21:35:39.354,0.96424,0.96444,1.50,1.50
2012.02.28 21:35:40.087,0.96427,0.96446,1.50,1.50
2012.02.28 21:35:41.457,0.96427,0.96447,1.50,1.50
2012.02.28 21:35:41.816,0.96425,0.96443,3.00,1.50
2012.02.28 21:35:42.010,0.9642,0.96439,1.50,1.50
2012.02.28 21:35:42.317,0.96419,0.96437,1.50,1.50
2012.02.28 21:35:42.475,0.9642,0.96439,1.50,3.00
2012.02.28 21:35:42.857,0.96419,0.96436,1.50,1.50
2012.02.28 21:35:43.422,0.96418,0.96436,1.50,1.50
2012.02.28 21:35:46.915,0.96418,0.96436,1.50,1.88
2012.02.28 21:35:47.314,0.96413,0.96431,1.50,1.50
2012.02.28 21:35:47.374,0.96415,0.96431,1.50,1.50
2012.02.28 21:35:47.436,0.96417,0.96436,1.50,1.88
2012.02.28 21:35:47.504,0.96419,0.96439,1.50,2.25
2012.02.28 21:35:52.974,0.96415,0.96434,1.50,1.88
2012.02.28 21:35:54.556,0.96414,0.96432,1.50,1.50
2012.02.28 21:35:56.276,0.96413,0.9643,1.50,1.50
2012.02.28 21:35:57.918,0.96411,0.96426,1.50,1.50
2012.02.28 21:35:57.985,0.96406,0.96426,1.50,1.50
2012.02.28 21:35:58.185,0.96408,0.96427,1.50,1.50
2012.02.28 21:36:04.707,0.96409,0.96428,1.50,1.50
2012.02.28 21:36:06.255,0.96409,0.96429,1.50,1.50
2012.02.28 21:36:07.203,0.96409,0.96426,1.50,1.50
2012.02.28 21:36:07.584,0.96411,0.96428,1.50,1.50
2012.02.28 21:36:10.794,0.96409,0.96426,1.50,1.50
2012.02.28 21:36:13.616,0.9641,0.96427,1.50,1.50
2012.02.28 21:36:13.864,0.96407,0.96427,1.50,1.50
2012.02.28 21:36:14.054,0.96409,0.96428,1.50,1.50
2012.02.28 21:36:20.086,0.96411,0.9643,1.50,3.00
2012.02.28 21:36:30.972,0.96411,0.96429,1.50,1.50
2012.02.28 21:36:31.557,0.9641,0.96427,1.50,1.50
2012.02.28 21:36:41.755,0.96408,0.96426,1.50,1.50
2012.02.28 21:36:41.826,0.96406,0.96426,1.50,1.50
2012.02.28 21:36:42.486,0.96408,0.96427,1.50,1.50
2012.02.28 21:36:47.567,0.9641,0.9643,1.50,1.50
2012.02.28 21:36:48.824,0.96413,0.96432,1.50,1.50
2012.02.28 21:36:49.003,0.9641,0.9643,1.50,1.50
2012.02.28 21:36:51.284,0.96417,0.96435,1.50,1.50
2012.02.28 21:36:51.596,0.96415,0.96433,1.50,1.50
2012.02.28 21:36:52.844,0.96413,0.9643,1.50,1.50
2012.02.28 21:36:52.905,0.9641,0.9643,1.50,1.50
2012.02.28 21:36:54.788,0.96412,0.96432,1.50,3.00
2012.02.28 21:36:55.535,0.96412,0.96429,1.50,1.50
2012.02.28 21:36:55.609,0.96408,0.96427,1.50,1.50
2012.02.28 21:36:56.218,0.96409,0.96429,1.50,1.50
2012.02.28 21:36:56.285,0.96411,0.96431,1.50,1.50
2012.02.28 21:36:57.964,0.9641,0.96428,1.50,1.50
2012.02.28 21:37:03.725,0.96408,0.96425,1.50,1.50
2012.02.28 21:37:04.255,0.96408,0.96428,1.50,1.50
2012.02.28 21:37:04.483,0.96411,0.96429,1.50,1.50
2012.02.28 21:37:05.014,0.96408,0.96428,1.50,1.50
2012.02.28 21:37:09.523,0.96406,0.96424,1.50,1.50
2012.02.28 21:37:09.586,0.96404,0.96424,1.50,1.50
2012.02.28 21:37:10.248,0.96406,0.96425,1.50,3.00
2012.02.28 21:37:13.901,0.96409,0.96426,1.50,1.50
2012.02.28 21:37:14.329,0.96413,0.9643,1.50,1.50
2012.02.28 21:37:14.664,0.9641,0.96428,1.50,1.50
2012.02.28 21:37:16.985,0.96408,0.96427,3.00,1.50
2012.02.28 21:37:17.176,0.96406,0.96425,3.00,1.50
2012.02.28 21:37:17.545,0.96409,0.96426,1.50,1.50
2012.02.28 21:37:17.734,0.96411,0.96429,1.50,1.50
2012.02.28 21:37:17.915,0.96409,0.96429,1.50,1.50
2012.02.28 21:37:19.118,0.96414,0.96431,1.50,1.88
2012.02.28 21:37:19.243,0.96415,0.96434,1.50,3.00
2012.02.28 21:37:21.059,0.96414,0.96432,1.50,1.50
2012.02.28 21:37:24.014,0.96416,0.96434,1.50,1.50
2012.02.28 21:37:24.724,0.96414,0.96432,1.50,1.50
2012.02.28 21:37:25.094,0.96415,0.96434,1.50,1.50
2012.02.28 21:37:26.670,0.96415,0.96435,1.50,1.50
2012.02.28 21:37:27.163,0.96413,0.96433,1.50,1.50
2012.02.28 21:37:38.994,0.96414,0.96433,1.50,1.50
2012.02.28 21:37:39.581,0.96417,0.96435,1.50,1.50
2012.02.28 21:37:46.164,0.9642,0.96435,1.50,1.50
2012.02.28 21:37:46.285,0.96422,0.9644,1.50,1.50
2012.02.28 21:37:49.366,0.96417,0.96436,1.50,1.50
2012.02.28 21:37:49.475,0.96416,0.96434,3.00,1.50
2012.02.28 21:37:49.687,0.96417,0.96436,1.50,1.50
2012.02.28 21:37:51.724,0.96417,0.96437,1.50,1.50
2012.02.28 21:38:07.505,0.96416,0.96435,1.50,1.50
2012.02.28 21:38:10.927,0.96415,0.96432,1.50,1.50
2012.02.28 21:38:21.934,0.96412,0.9643,1.50,1.50
2012.02.28 21:38:22.155,0.96413,0.96432,1.50,1.50
2012.02.28 21:38:23.016,0.96415,0.96434,1.50,1.50
2012.02.28 21:38:23.598,0.96415,0.96433,1.50,1.50
2012.02.28 21:38:23.666,0.96413,0.96432,1.50,1.50
2012.02.28 21:38:32.445,0.96414,0.96433,1.50,1.50
2012.02.28 21:38:32.992,0.96414,0.96434,1.50,1.50
2012.02.28 21:38:41.234,0.96416,0.96436,1.50,1.50
2012.02.28 21:38:47.323,0.96413,0.96433,1.50,1.50
2012.02.28 21:38:47.743,0.96411,0.96429,1.50,1.50
2012.02.28 21:38:54.974,0.96409,0.96427,1.50,1.50
2012.02.28 21:38:55.045,0.96407,0.96427,1.50,1.50
2012.02.28 21:38:59.894,0.96403,0.96423,1.50,1.50
2012.02.28 21:39:00.434,0.96402,0.9642,1.50,1.50
2012.02.28 21:39:00.804,0.964,0.96419,3.00,1.50
2012.02.28 21:39:01.084,0.96402,0.9642,1.50,1.50
2012.02.28 21:39:03.824,0.96403,0.96423,1.50,1.50
2012.02.28 21:39:05.884,0.96406,0.96424,1.50,1.50
2012.02.28 21:39:08.354,0.96402,0.96422,1.50,1.50
2012.02.28 21:39:09.425,0.96406,0.96422,1.50,1.50
2012.02.28 21:39:09.493,0.96408,0.96425,1.50,1.50
2012.02.28 21:39:11.155,0.96405,0.96423,1.50,1.50
2012.02.28 21:39:12.916,0.96404,0.96424,1.50,1.50
2012.02.28 21:39:13.046,0.96397,0.96416,2.25,1.50
2012.02.28 21:39:16.426,0.96397,0.96416,2.25,1.50
2012.02.28 21:39:16.678,0.96403,0.96421,3.00,1.50
2012.02.28 21:39:16.745,0.96404,0.96424,1.50,1.50
2012.02.28 21:39:16.953,0.96406,0.96426,1.50,1.50
2012.02.28 21:39:17.624,0.96406,0.96423,1.50,1.50
2012.02.28 21:39:22.831,0.96407,0.96425,1.50,1.50
2012.02.28 21:39:23.349,0.96407,0.96426,1.50,1.50
2012.02.28 21:39:23.484,0.96406,0.96423,3.00,1.50
2012.02.28 21:39:32.278,0.96407,0.96426,1.50,1.50
2012.02.28 21:39:32.404,0.9641,0.96428,1.50,1.50
2012.02.28 21:39:32.723,0.96412,0.9643,1.50,1.50
2012.02.28 21:39:33.125,0.9641,0.96428,1.50,1.50
2012.02.28 21:39:33.261,0.96411,0.9643,1.50,1.50
2012.02.28 21:39:33.503,0.96409,0.96429,3.00,1.50
2012.02.28 21:39:34.105,0.96412,0.96432,1.50,1.50
2012.02.28 21:39:34.434,0.96414,0.96434,1.50,1.50
2012.02.28 21:39:34.864,0.96413,0.96431,1.50,1.50
2012.02.28 21:39:36.375,0.96414,0.96433,1.50,1.50
2012.02.28 21:39:36.924,0.96414,0.96434,1.50,1.50
2012.02.28 21:39:38.905,0.96411,0.96431,1.50,1.50
2012.02.28 21:39:39.254,0.96414,0.96432,1.50,1.50
2012.02.28 21:39:39.659,0.96409,0.96427,1.50,1.50
2012.02.28 21:39:39.727,0.9641,0.9643,1.50,1.50
2012.02.28 21:39:39.856,0.96413,0.96431,1.50,1.50
2012.02.28 21:39:40.314,0.96409,0.96429,1.50,1.50
2012.02.28 21:39:40.497,0.96407,0.96427,3.00,1.50
2012.02.28 21:39:41.111,0.96408,0.96428,1.50,1.50
2012.02.28 21:39:41.844,0.96407,0.96426,3.00,1.50
2012.02.28 21:39:42.097,0.96405,0.96425,1.50,1.50
2012.02.28 21:39:42.493,0.96407,0.96426,1.50,1.50
2012.02.28 21:39:43.247,0.96407,0.96425,1.50,1.50
2012.02.28 21:39:43.761,0.96406,0.96426,1.50,1.50
2012.02.28 21:39:44.294,0.96407,0.96425,1.50,1.50
2012.02.28 21:40:04.355,0.96402,0.96422,1.50,1.50
2012.02.28 21:40:04.424,0.964,0.96419,1.50,1.50
2012.02.28 21:40:05.104,0.96402,0.9642,1.50,1.50
2012.02.28 21:40:28.914,0.964,0.96419,3.00,1.50
2012.02.28 21:40:33.968,0.96402,0.9642,1.50,1.50
2012.02.28 21:40:36.405,0.96402,0.96416,1.50,1.50
2012.02.28 21:40:36.479,0.96394,0.96414,1.50,1.50
2012.02.28 21:40:36.976,0.96393,0.96412,1.50,1.50
2012.02.28 21:40:37.743,0.96396,0.96414,1.50,1.50
2012.02.28 21:40:38.705,0.96395,0.96412,1.50,3.00
2012.02.28 21:40:38.777,0.96392,0.9641,1.50,1.50
2012.02.28 21:40:39.544,0.96393,0.96413,1.50,1.50
2012.02.28 21:40:46.965,0.96394,0.96413,1.50,1.50
2012.02.28 21:40:47.491,0.96395,0.96414,1.50,1.50
2012.02.28 21:40:53.417,0.96394,0.96412,3.00,1.50
2012.02.28 21:40:54.076,0.96395,0.96414,1.50,1.50
2012.02.28 21:40:55.364,0.96397,0.96415,1.50,1.50
2012.02.28 21:41:00.436,0.96398,0.96417,1.50,1.50
2012.02.28 21:41:00.694,0.964,0.96419,1.50,3.00
2012.02.28 21:41:03.643,0.96399,0.96417,1.50,1.50
2012.02.28 21:41:14.352,0.96401,0.96419,1.50,1.50
2012.02.28 21:41:15.473,0.96401,0.96419,1.50,3.38
2012.02.28 21:41:15.533,0.96397,0.96417,1.50,1.88
2012.02.28 21:41:15.938,0.96394,0.96414,1.50,1.50
2012.02.28 21:41:16.596,0.96396,0.96415,1.50,1.50
2012.02.28 21:41:33.574,0.96397,0.96417,1.50,3.38
2012.02.28 21:41:34.038,0.964,0.96418,1.50,1.88
2012.02.28 21:41:35.096,0.964,0.96418,1.50,1.50
2012.02.28 21:41:35.350,0.96401,0.96421,1.50,1.50
2012.02.28 21:41:35.414,0.96399,0.96417,1.50,1.50
2012.02.28 21:41:36.057,0.96401,0.96419,1.50,1.50
2012.02.28 21:41:36.816,0.96399,0.96417,1.50,1.50
2012.02.28 21:41:37.267,0.964,0.9642,1.50,3.00
2012.02.28 21:41:37.619,0.96403,0.96421,1.50,1.50
2012.02.28 21:41:38.277,0.96403,0.96423,1.50,1.88
2012.02.28 21:41:38.595,0.96402,0.9642,1.50,1.88
2012.02.28 21:41:39.385,0.96401,0.96421,1.50,1.88
2012.02.28 21:41:39.763,0.96399,0.96419,1.50,1.50
2012.02.28 21:41:39.823,0.96401,0.96421,1.50,1.88
2012.02.28 21:41:41.525,0.96401,0.96421,1.50,1.88
2012.02.28 21:41:41.595,0.96399,0.96419,1.50,1.88
2012.02.28 21:41:42.017,0.96399,0.96419,1.50,1.88
2012.02.28 21:41:42.085,0.96394,0.96414,1.50,1.50
2012.02.28 21:41:46.433,0.964,0.96415,1.50,1.50
2012.02.28 21:41:46.553,0.96403,0.96421,1.50,3.00
2012.02.28 21:41:53.274,0.96404,0.96424,1.50,1.50
2012.02.28 21:41:55.684,0.96404,0.96424,1.50,1.88
2012.02.28 21:41:56.242,0.96403,0.96421,1.50,1.50
2012.02.28 21:41:56.784,0.96404,0.96424,1.50,3.38
2012.02.28 21:41:56.913,0.96404,0.96424,1.50,1.50
2012.02.28 21:41:58.956,0.96403,0.96419,1.50,1.50
2012.02.28 21:41:59.027,0.96401,0.96419,1.50,1.50
2012.02.28 21:42:08.873,0.96402,0.96422,1.50,1.88
2012.02.28 21:42:10.815,0.96401,0.96419,1.50,1.50
2012.02.28 21:42:16.327,0.964,0.96417,1.50,1.50
2012.02.28 21:42:18.339,0.96392,0.9641,2.25,1.50
2012.02.28 21:42:28.356,0.96394,0.96412,1.50,1.50
2012.02.28 21:42:29.325,0.96395,0.96414,1.50,1.50
2012.02.28 21:42:30.691,0.96395,0.96415,1.50,1.50
2012.02.28 21:42:30.753,0.96394,0.96409,1.50,1.50
2012.02.28 21:42:30.813,0.96392,0.96409,1.50,1.50
2012.02.28 21:42:31.495,0.96398,0.96412,1.50,1.50
2012.02.28 21:42:31.564,0.96395,0.96415,3.00,1.50
2012.02.28 21:42:32.053,0.96394,0.96413,1.50,1.50
2012.02.28 21:42:33.272,0.96393,0.96413,1.50,1.50
2012.02.28 21:42:36.591,0.96396,0.96414,1.50,3.00
2012.02.28 21:42:38.574,0.96399,0.96416,1.50,1.50
2012.02.28 21:42:38.706,0.964,0.96419,1.50,1.50
2012.02.28 21:42:38.857,0.96402,0.9642,1.50,1.50
2012.02.28 21:42:39.381,0.964,0.96417,1.50,1.50
2012.02.28 21:42:43.815,0.96396,0.96414,1.50,1.50
2012.02.28 21:42:46.764,0.96392,0.96412,1.50,1.50
2012.02.28 21:42:47.738,0.96395,0.96413,1.50,1.50
2012.02.28 21:43:06.536,0.96394,0.96411,1.50,1.50
2012.02.28 21:43:07.348,0.96391,0.96411,1.50,1.50
2012.02.28 21:43:09.724,0.96394,0.96411,1.50,1.50
2012.02.28 21:43:10.120,0.96392,0.96411,1.50,1.50
2012.02.28 21:43:11.371,0.96391,0.96411,1.50,1.50
2012.02.28 21:43:12.294,0.96387,0.96407,1.50,1.50
2012.02.28 21:43:12.600,0.96391,0.96409,1.50,1.50
2012.02.28 21:43:15.236,0.96392,0.9641,1.50,1.50
2012.02.28 21:43:15.554,0.96394,0.96411,1.50,1.50
2012.02.28 21:43:18.233,0.96392,0.9641,3.00,1.50
2012.02.28 21:43:18.311,0.96394,0.96411,1.50,1.50
2012.02.28 21:43:18.751,0.96392,0.96411,1.50,1.50
2012.02.28 21:43:19.366,0.96391,0.96411,1.50,1.50
2012.02.28 21:43:31.413,0.96393,0.96412,1.50,3.00
2012.02.28 21:43:34.695,0.96396,0.96415,1.50,1.50
2012.02.28 21:43:35.319,0.96398,0.96416,1.50,1.50
2012.02.28 21:43:36.331,0.96396,0.96413,1.50,1.50
2012.02.28 21:43:36.708,0.96397,0.96415,1.50,3.00
2012.02.28 21:43:44.234,0.96398,0.96418,1.50,1.50
2012.02.28 21:43:44.356,0.96396,0.96416,1.50,1.50
2012.02.28 21:43:44.705,0.96396,0.96413,1.50,1.50
2012.02.28 21:43:45.052,0.96396,0.96416,1.50,1.50
2012.02.28 21:43:45.304,0.96396,0.96413,1.50,1.50
2012.02.28 21:43:45.703,0.96397,0.96415,1.50,1.50
2012.02.28 21:43:50.643,0.96396,0.96413,1.50,1.50
2012.02.28 21:43:51.276,0.96395,0.96414,1.50,1.50
2012.02.28 21:43:51.523,0.96391,0.96411,1.50,1.50
2012.02.28 21:43:53.588,0.96394,0.96413,1.50,3.00
2012.02.28 21:43:54.454,0.96392,0.96411,3.00,1.50
2012.02.28 21:43:54.798,0.96389,0.96407,1.50,1.50
2012.02.28 21:43:54.867,0.96387,0.96407,1.50,1.50
2012.02.28 21:43:57.817,0.9639,0.96408,1.50,3.00
2012.02.28 21:43:58.663,0.96391,0.96411,1.50,1.50
2012.02.28 21:43:59.074,0.96395,0.96413,1.50,1.50
2012.02.28 21:43:59.447,0.96393,0.96412,1.50,1.50
2012.02.28 21:43:59.574,0.96392,0.9641,1.50,1.50
2012.02.28 21:44:03.483,0.9639,0.96408,1.50,1.50
2012.02.28 21:44:03.667,0.96393,0.96412,1.50,1.50
2012.02.28 21:44:04.182,0.96393,0.96413,1.50,1.50
2012.02.28 21:44:04.695,0.96394,0.96412,1.50,1.50
2012.02.28 21:44:05.264,0.96396,0.96414,1.50,1.50
2012.02.28 21:44:05.677,0.96394,0.96412,1.50,1.50
2012.02.28 21:44:06.498,0.96391,0.96411,1.50,1.50
2012.02.28 21:44:07.055,0.9639,0.96408,1.50,1.50
2012.02.28 21:44:07.185,0.96387,0.96406,1.50,1.50
2012.02.28 21:44:07.257,0.96385,0.96405,1.50,1.50
2012.02.28 21:44:07.724,0.96391,0.96409,1.50,1.88
2012.02.28 21:44:10.466,0.96388,0.96408,3.00,1.88
2012.02.28 21:44:17.405,0.96387,0.96405,1.50,1.50
2012.02.28 21:44:17.664,0.96388,0.96408,1.50,1.50
2012.02.28 21:44:19.947,0.96388,0.96407,1.50,1.50
2012.02.28 21:44:20.017,0.96387,0.96405,1.50,1.50
2012.02.28 21:44:25.374,0.96388,0.96408,1.50,1.50
2012.02.28 21:44:25.518,0.96391,0.96409,1.50,1.50
2012.02.28 21:44:26.233,0.96389,0.96407,3.00,1.50
2012.02.28 21:44:26.408,0.96387,0.96406,1.50,1.50
2012.02.28 21:44:26.955,0.96386,0.96406,1.50,1.50
2012.02.28 21:44:29.218,0.96385,0.96404,1.50,1.50
2012.02.28 21:44:29.284,0.96386,0.96406,1.50,1.50
2012.02.28 21:44:30.903,0.96385,0.96403,1.50,1.50
2012.02.28 21:44:36.233,0.96386,0.96405,1.50,1.50
2012.02.28 21:44:37.522,0.96386,0.96406,1.50,1.50
2012.02.28 21:44:39.900,0.96393,0.96411,1.50,1.50
2012.02.28 21:44:40.086,0.96394,0.96414,1.50,1.50
2012.02.28 21:44:40.219,0.96394,0.96411,1.50,1.50
2012.02.28 21:44:40.647,0.96391,0.96408,1.50,1.50
2012.02.28 21:44:40.717,0.96388,0.96408,1.50,1.50
2012.02.28 21:44:41.294,0.96387,0.96405,1.50,1.50
2012.02.28 21:44:41.354,0.96388,0.96408,1.50,1.50
2012.02.28 21:44:41.425,0.96386,0.96406,1.50,1.50
2012.02.28 21:44:41.738,0.9639,0.96408,1.50,1.50
2012.02.28 21:44:42.299,0.96388,0.96406,1.50,1.50
2012.02.28 21:44:48.083,0.96389,0.96409,1.50,1.50
2012.02.28 21:44:48.206,0.96388,0.96406,1.50,1.50
2012.02.28 21:44:48.964,0.96389,0.96409,1.50,1.50
2012.02.28 21:44:49.334,0.96387,0.96407,1.50,1.50
2012.02.28 21:44:49.645,0.96389,0.96409,1.50,1.50
2012.02.28 21:44:49.956,0.96392,0.96409,1.50,1.50
2012.02.28 21:44:50.023,0.96389,0.96409,1.50,1.50
2012.02.28 21:44:50.379,0.96392,0.96409,1.50,1.50
2012.02.28 21:44:50.564,0.96393,0.96412,1.50,3.00
2012.02.28 21:44:55.434,0.96389,0.96409,1.50,1.50
2012.02.28 21:44:56.298,0.96392,0.96409,1.50,1.50
2012.02.28 21:44:56.757,0.9639,0.96407,1.50,1.50
2012.02.28 21:44:57.321,0.96389,0.96407,1.50,1.50
2012.02.28 21:44:58.007,0.96393,0.96411,1.50,1.50
2012.02.28 21:44:58.195,0.96388,0.96408,1.50,1.50
2012.02.28 21:44:59.725,0.9639,0.9641,1.50,1.50
2012.02.28 21:45:00.043,0.96388,0.96408,1.50,1.50
2012.02.28 21:45:00.377,0.96385,0.96404,1.50,1.50
2012.02.28 21:45:00.717,0.96388,0.96405,1.50,1.50
2012.02.28 21:45:01.201,0.96386,0.964,1.50,1.50
2012.02.28 21:45:01.270,0.96382,0.964,1.50,1.50
2012.02.28 21:45:01.645,0.96378,0.96398,2.25,1.50
2012.02.28 21:45:01.722,0.9638,0.964,2.25,1.50
2012.02.28 21:45:01.844,0.96395,0.964,1.50,1.50
2012.02.28 21:45:02.218,0.96396,0.96414,1.50,1.50
2012.02.28 21:45:02.289,0.96394,0.96412,1.50,1.50
2012.02.28 21:45:02.594,0.96389,0.96407,1.50,1.50
2012.02.28 21:45:03.880,0.9639,0.9641,1.50,1.50
2012.02.28 21:45:04.317,0.96389,0.96407,3.00,1.50
2012.02.28 21:45:05.416,0.96386,0.96405,1.50,1.50
2012.02.28 21:45:06.044,0.96387,0.96404,1.50,1.50
2012.02.28 21:45:06.709,0.96384,0.964,1.50,1.50
2012.02.28 21:45:07.075,0.96382,0.964,1.50,1.50
2012.02.28 21:45:07.346,0.96383,0.96402,1.50,1.50
2012.02.28 21:45:07.656,0.96391,0.96402,1.50,1.50
2012.02.28 21:45:07.785,0.96393,0.96411,1.50,1.50
2012.02.28 21:45:08.215,0.96391,0.96408,1.50,1.50
2012.02.28 21:45:08.287,0.9639,0.9641,1.50,3.00
2012.02.28 21:45:08.597,0.96388,0.96408,3.00,1.50
2012.02.28 21:45:09.188,0.96388,0.96406,1.50,1.50
2012.02.28 21:45:09.316,0.96391,0.96411,1.50,1.50
2012.02.28 21:45:09.477,0.96393,0.96412,1.50,1.50
2012.02.28 21:45:09.915,0.96395,0.96415,1.50,1.50
2012.02.28 21:45:10.246,0.96394,0.9641,1.50,1.50
2012.02.28 21:45:10.376,0.96392,0.9641,1.50,1.50
2012.02.28 21:45:11.115,0.96393,0.96412,1.50,1.50
2012.02.28 21:45:11.827,0.96393,0.96413,1.50,1.50
2012.02.28 21:45:11.894,0.96391,0.96411,1.50,1.50
2012.02.28 21:45:12.505,0.96389,0.96407,1.50,1.50
2012.02.28 21:45:13.150,0.96387,0.96405,1.50,1.50
2012.02.28 21:45:14.234,0.96389,0.96407,1.50,1.50
2012.02.28 21:45:14.888,0.96389,0.96406,1.50,1.50
2012.02.28 21:45:15.526,0.96384,0.96401,1.50,1.50
2012.02.28 21:45:15.594,0.96385,0.96403,1.50,1.50
2012.02.28 21:45:16.224,0.96393,0.96403,1.50,1.50
2012.02.28 21:45:16.299,0.96393,0.96411,1.50,1.50
2012.02.28 21:45:16.565,0.9639,0.9641,1.50,1.50
2012.02.28 21:45:16.755,0.96389,0.96407,1.50,1.50
2012.02.28 21:45:21.556,0.96386,0.96406,1.50,1.50
2012.02.28 21:45:22.113,0.96388,0.96408,1.50,1.50
2012.02.28 21:45:22.564,0.96387,0.96405,1.50,1.50
2012.02.28 21:45:23.514,0.9639,0.96409,1.50,1.50
2012.02.28 21:45:24.356,0.96389,0.96406,1.50,1.50
2012.02.28 21:45:25.565,0.9639,0.96408,1.50,1.50
2012.02.28 21:45:25.637,0.96392,0.96408,1.50,1.50
2012.02.28 21:45:25.765,0.96392,0.9641,1.50,1.50
2012.02.28 21:45:26.694,0.9639,0.96409,1.50,1.50
2012.02.28 21:45:26.844,0.96391,0.96411,1.50,1.50
2012.02.28 21:45:27.795,0.9639,0.96409,1.50,1.50
2012.02.28 21:45:29.114,0.96389,0.96406,3.00,1.50
2012.02.28 21:45:31.706,0.96386,0.96406,1.50,1.50
2012.02.28 21:45:32.549,0.96389,0.96406,1.50,1.50
2012.02.28 21:45:33.005,0.96387,0.96405,1.50,1.50
2012.02.28 21:45:33.255,0.96388,0.96407,1.50,1.50
2012.02.28 21:45:33.696,0.96384,0.96402,1.50,1.50
2012.02.28 21:45:36.055,0.96382,0.96399,1.50,1.50
2012.02.28 21:45:36.244,0.96382,0.96402,1.50,1.50
2012.02.28 21:45:37.108,0.96385,0.96403,1.50,1.50
2012.02.28 21:45:37.413,0.96393,0.96411,1.50,1.50
2012.02.28 21:45:37.763,0.9639,0.9641,3.00,1.50
2012.02.28 21:45:40.884,0.96389,0.96407,3.00,1.50
2012.02.28 21:45:42.716,0.96391,0.96407,1.50,1.50
2012.02.28 21:45:42.784,0.96392,0.96411,1.50,1.50
2012.02.28 21:45:43.084,0.96392,0.96409,1.50,1.50
2012.02.28 21:45:43.148,0.96388,0.96408,1.50,1.50
2012.02.28 21:45:44.268,0.96388,0.96403,1.50,1.50
2012.02.28 21:45:44.338,0.96382,0.964,1.50,1.50
2012.02.28 21:45:44.464,0.96383,0.96403,1.50,1.50
2012.02.28 21:45:44.644,0.96381,0.96401,1.50,1.50
2012.02.28 21:45:44.953,0.96384,0.96402,1.50,1.50
2012.02.28 21:45:45.475,0.96386,0.96404,1.50,1.50
2012.02.28 21:45:45.808,0.96384,0.96402,1.50,1.50
2012.02.28 21:45:47.864,0.96382,0.964,1.50,1.50
2012.02.28 21:45:51.158,0.9638,0.96398,1.50,1.50
2012.02.28 21:45:51.955,0.96379,0.96398,1.50,1.50
2012.02.28 21:45:52.024,0.9638,0.964,1.50,1.50
2012.02.28 21:45:52.366,0.96382,0.964,1.50,1.50
2012.02.28 21:45:52.874,0.96384,0.96401,1.50,1.50
2012.02.28 21:45:53.184,0.96382,0.96399,1.50,1.50
2012.02.28 21:45:53.315,0.96379,0.96398,1.50,1.50
2012.02.28 21:45:53.447,0.96383,0.964,1.50,1.50
2012.02.28 21:45:59.266,0.9638,0.96399,1.50,1.50
2012.02.28 21:46:02.525,0.9638,0.96399,2.25,1.50
2012.02.28 21:46:02.844,0.96389,0.96407,1.50,1.50
2012.02.28 21:46:02.968,0.96391,0.96411,1.50,1.88
2012.02.28 21:46:03.036,0.96391,0.96409,1.50,1.50
2012.02.28 21:46:03.187,0.96388,0.96408,1.50,1.50
2012.02.28 21:46:03.504,0.9639,0.96408,1.50,1.50
2012.02.28 21:46:03.565,0.96391,0.9641,1.50,1.50
2012.02.28 21:46:03.755,0.96394,0.96414,1.50,1.88
2012.02.28 21:46:05.605,0.96394,0.96414,1.50,1.50
2012.02.28 21:46:05.795,0.96394,0.96411,1.50,1.50
2012.02.28 21:46:05.924,0.96395,0.96413,1.50,1.50
2012.02.28 21:46:07.834,0.96394,0.96411,1.50,1.50
2012.02.28 21:46:07.895,0.96395,0.96413,1.50,1.50
2012.02.28 21:46:09.085,0.96393,0.96412,1.50,1.50
2012.02.28 21:46:09.217,0.96394,0.96414,1.50,1.50
2012.02.28 21:46:10.381,0.96388,0.96405,1.50,1.50
2012.02.28 21:46:10.517,0.96385,0.96404,1.50,1.50
2012.02.28 21:46:11.066,0.96388,0.96407,1.50,1.50
2012.02.28 21:46:11.577,0.96388,0.96408,1.50,1.50
2012.02.28 21:46:13.035,0.96386,0.96404,1.50,1.50
2012.02.28 21:46:13.164,0.96386,0.96406,1.50,1.50
2012.02.28 21:46:13.794,0.96393,0.96408,1.50,1.50
2012.02.28 21:46:13.855,0.96393,0.9641,1.50,1.50
2012.02.28 21:46:14.564,0.96389,0.96409,1.50,1.50
2012.02.28 21:46:15.327,0.96391,0.96411,1.50,1.50
2012.02.28 21:46:15.633,0.96388,0.96405,1.50,1.50
2012.02.28 21:46:16.143,0.9639,0.96408,1.50,1.50
2012.02.28 21:46:18.084,0.96393,0.96411,1.50,1.50
2012.02.28 21:46:18.326,0.96394,0.96414,1.50,1.50
2012.02.28 21:46:18.785,0.96393,0.96411,1.50,1.50
2012.02.28 21:46:19.226,0.96391,0.9641,1.50,1.50
2012.02.28 21:46:19.738,0.9639,0.9641,1.50,1.50
2012.02.28 21:46:19.807,0.9639,0.96408,1.50,1.50
2012.02.28 21:46:19.875,0.96386,0.96406,1.88,1.50
2012.02.28 21:46:20.271,0.96389,0.96407,1.50,1.50
2012.02.28 21:46:23.038,0.96394,0.9641,1.50,1.50
2012.02.28 21:46:23.290,0.96395,0.96413,1.50,1.50
2012.02.28 21:46:23.417,0.96398,0.96418,1.50,1.50
2012.02.28 21:46:23.938,0.96397,0.96415,1.50,1.88
2012.02.28 21:46:24.070,0.96388,0.96408,1.50,1.50
2012.02.28 21:46:24.506,0.96392,0.9641,1.50,3.00
2012.02.28 21:46:25.587,0.9639,0.96406,1.50,1.50
2012.02.28 21:46:25.655,0.96387,0.96406,1.50,1.50
2012.02.28 21:46:25.724,0.96391,0.96409,1.50,1.50
2012.02.28 21:46:26.244,0.9639,0.9641,1.50,1.50
2012.02.28 21:46:26.577,0.9639,0.96408,1.50,1.50
2012.02.28 21:46:26.644,0.96388,0.96407,1.50,1.50
2012.02.28 21:46:27.997,0.96391,0.96411,1.50,1.50
2012.02.28 21:46:28.066,0.96395,0.96413,1.50,1.50
2012.02.28 21:46:28.586,0.96395,0.96412,1.50,1.50
2012.02.28 21:46:28.655,0.96391,0.96411,1.50,1.50
2012.02.28 21:46:29.014,0.9639,0.96408,1.50,1.50
2012.02.28 21:46:30.953,0.96387,0.96407,1.50,1.50
2012.02.28 21:46:35.573,0.9639,0.96408,1.50,1.50
2012.02.28 21:46:35.855,0.96387,0.96407,1.50,1.50
2012.02.28 21:46:36.359,0.96389,0.96407,1.50,1.50
2012.02.28 21:46:36.426,0.9639,0.96409,1.50,1.50
2012.02.28 21:46:37.438,0.9639,0.9641,1.50,1.50
2012.02.28 21:46:38.817,0.96389,0.96408,1.50,1.50
2012.02.28 21:46:39.305,0.96391,0.96411,1.50,1.50
2012.02.28 21:46:40.147,0.9639,0.96408,3.00,1.50
2012.02.28 21:46:41.045,0.96394,0.96412,1.50,1.88
2012.02.28 21:46:41.406,0.96396,0.96414,1.50,1.88
2012.02.28 21:46:41.615,0.96392,0.96412,1.50,1.88
2012.02.28 21:46:44.626,0.96389,0.96408,1.50,1.50
2012.02.28 21:46:45.166,0.9639,0.9641,1.50,1.50
2012.02.28 21:46:49.395,0.96389,0.96407,1.50,1.50
2012.02.28 21:46:57.008,0.9639,0.96407,1.50,1.50
2012.02.28 21:46:57.809,0.96392,0.96409,1.50,1.50
2012.02.28 21:46:59.114,0.9639,0.96408,3.00,1.50
2012.02.28 21:46:59.235,0.96385,0.96405,1.50,1.50
2012.02.28 21:46:59.304,0.96391,0.96407,1.50,1.88
2012.02.28 21:46:59.726,0.96396,0.96416,1.50,2.25
2012.02.28 21:47:00.095,0.96394,0.96413,1.50,2.25
2012.02.28 21:47:01.155,0.96393,0.96413,1.50,2.25
2012.02.28 21:47:01.715,0.96393,0.96413,1.50,1.88
2012.02.28 21:47:02.296,0.96392,0.96407,1.50,1.50
2012.02.28 21:47:02.362,0.96388,0.96407,1.50,1.50
2012.02.28 21:47:02.445,0.96389,0.96409,1.50,3.00
2012.02.28 21:47:03.047,0.96391,0.9641,1.50,1.50
2012.02.28 21:47:13.315,0.96394,0.96414,3.00,1.50
2012.02.28 21:47:13.385,0.96397,0.96415,1.50,1.50
2012.02.28 21:47:14.127,0.96394,0.96412,1.50,1.50
2012.02.28 21:47:29.415,0.96392,0.9641,1.50,1.50
2012.02.28 21:47:33.436,0.96393,0.96413,1.50,1.50
2012.02.28 21:47:38.339,0.96399,0.96416,1.50,1.50
2012.02.28 21:47:38.769,0.964,0.96418,1.50,1.50
2012.02.28 21:47:39.492,0.964,0.96419,1.50,1.88
2012.02.28 21:47:40.014,0.964,0.96419,1.50,1.88
2012.02.28 21:47:40.075,0.96396,0.96415,1.50,1.50
2012.02.28 21:47:40.493,0.96395,0.96413,1.50,1.50
2012.02.28 21:47:40.634,0.96393,0.96413,1.50,1.50
2012.02.28 21:47:43.687,0.96392,0.9641,1.50,1.50
2012.02.28 21:47:43.875,0.96393,0.96413,1.50,1.50
2012.02.28 21:47:51.129,0.96392,0.96411,1.50,1.50
2012.02.28 21:47:51.457,0.96394,0.96412,1.50,1.50
2012.02.28 21:47:51.525,0.96391,0.96411,3.00,1.50
2012.02.28 21:47:51.794,0.9639,0.96407,1.50,1.50
2012.02.28 21:47:52.921,0.96389,0.96407,1.50,1.50
2012.02.28 21:47:53.919,0.96392,0.9641,1.50,3.00
2012.02.28 21:47:55.674,0.9639,0.96408,1.50,1.50
2012.02.28 21:47:57.437,0.96391,0.96408,1.50,1.50
2012.02.28 21:47:57.505,0.96393,0.96413,1.50,1.50
2012.02.28 21:48:09.732,0.96391,0.96411,1.50,1.50
2012.02.28 21:48:11.505,0.96394,0.96412,1.50,1.50
2012.02.28 21:48:31.084,0.96391,0.96411,1.50,1.50
2012.02.28 21:48:31.515,0.96394,0.96412,1.50,1.50
2012.02.28 21:48:44.863,0.96395,0.96415,1.50,3.00
2012.02.28 21:48:45.646,0.96401,0.96418,1.50,1.50
2012.02.28 21:48:46.223,0.96399,0.96417,1.50,1.50
2012.02.28 21:48:46.643,0.96401,0.96419,1.50,1.50
2012.02.28 21:48:47.636,0.96403,0.96421,1.50,1.50
2012.02.28 21:48:47.945,0.96409,0.96427,1.50,1.50
2012.02.28 21:48:48.077,0.96407,0.96426,1.50,1.50
2012.02.28 21:48:48.944,0.96403,0.96423,1.50,1.50
2012.02.28 21:48:49.771,0.96403,0.96423,1.50,1.88
2012.02.28 21:48:49.927,0.96401,0.96421,1.50,1.50
2012.02.28 21:48:50.352,0.96392,0.9643,2.25,2.25
2012.02.28 21:48:50.567,0.96392,0.9643,2.25,2.25
2012.02.28 21:48:51.628,0.96392,0.96428,2.25,1.88
2012.02.28 21:48:52.983,0.96392,0.96428,2.25,1.88
2012.02.28 21:48:53.144,0.96392,0.96427,1.50,1.88
2012.02.28 21:48:53.615,0.96392,0.96428,1.50,2.25
2012.02.28 21:48:53.913,0.96389,0.96425,1.50,2.25
2012.02.28 21:48:54.614,0.96391,0.96427,1.50,2.25
2012.02.28 21:48:56.264,0.96393,0.96429,1.50,2.25
2012.02.28 21:49:02.862,0.96393,0.96428,1.50,1.50
2012.02.28 21:49:03.409,0.96392,0.9643,2.25,2.25
2012.02.28 21:49:14.790,0.96391,0.96427,1.50,2.25
2012.02.28 21:49:22.848,0.96391,0.96427,1.50,3.75
2012.02.28 21:49:23.686,0.96391,0.96427,2.25,2.25
2012.02.28 21:49:25.136,0.96391,0.96427,2.25,2.25
2012.02.28 21:49:27.399,0.96391,0.96427,2.25,2.25
2012.02.28 21:49:27.829,0.96389,0.96426,1.50,2.25
2012.02.28 21:49:27.897,0.96388,0.96426,2.25,2.25
2012.02.28 21:49:30.438,0.96389,0.96425,2.25,2.25
2012.02.28 21:49:31.227,0.96386,0.96421,1.13,1.88
2012.02.28 21:49:32.235,0.96388,0.96422,2.25,1.88
2012.02.28 21:49:38.726,0.96388,0.96424,1.50,1.88
2012.02.28 21:49:44.514,0.96387,0.96423,1.50,1.88
2012.02.28 21:49:45.514,0.96387,0.96423,3.75,1.50
2012.02.28 21:49:45.574,0.96389,0.96425,2.25,1.50
2012.02.28 21:49:53.504,0.96392,0.96426,1.13,1.50
2012.02.28 21:49:58.917,0.96391,0.96429,1.88,2.63
2012.02.28 21:50:01.844,0.96391,0.96426,1.13,1.50
2012.02.28 21:50:03.559,0.96392,0.96428,1.13,1.88
2012.02.28 21:50:11.228,0.96396,0.96431,1.50,1.88
2012.02.28 21:50:14.847,0.96396,0.96432,1.50,2.25
2012.02.28 21:50:15.093,0.96394,0.96432,1.50,3.75
2012.02.28 21:50:16.044,0.96395,0.96432,1.50,2.25
2012.02.28 21:50:16.564,0.96396,0.96433,1.50,1.50
2012.02.28 21:50:16.625,0.96394,0.96432,1.50,2.25
2012.02.28 21:50:17.357,0.96394,0.96432,1.50,2.25
2012.02.28 21:50:17.829,0.96391,0.96428,2.25,1.13
2012.02.28 21:50:20.225,0.96393,0.96428,1.50,1.13
2012.02.28 21:50:21.834,0.96396,0.96428,1.50,1.13
2012.02.28 21:50:21.895,0.96394,0.96428,1.50,1.13
2012.02.28 21:50:22.284,0.9639,0.96428,2.25,2.63
2012.02.28 21:50:24.359,0.9639,0.96428,2.25,1.88
2012.02.28 21:50:24.938,0.96393,0.96428,1.50,1.88
2012.02.28 21:50:25.063,0.96395,0.96429,1.50,3.38
2012.02.28 21:50:25.124,0.9639,0.96426,2.25,1.88
2012.02.28 21:50:26.086,0.96391,0.96429,2.25,1.88
2012.02.28 21:50:27.058,0.96391,0.96429,2.25,2.63
2012.02.28 21:50:28.215,0.96389,0.96424,1.13,1.50
2012.02.28 21:50:28.913,0.9639,0.96426,2.25,1.88
2012.02.28 21:50:29.787,0.96384,0.96422,2.25,1.50
2012.02.28 21:50:38.146,0.96384,0.96421,2.25,1.50
2012.02.28 21:50:38.214,0.96382,0.9642,2.25,1.50
2012.02.28 21:50:38.741,0.96383,0.9642,1.13,1.88
2012.02.28 21:50:42.198,0.96387,0.96425,2.25,2.25
2012.02.28 21:50:42.797,0.96387,0.96423,2.25,1.13
2012.02.28 21:50:43.331,0.96388,0.96422,1.50,1.88
2012.02.28 21:50:44.195,0.96388,0.96422,1.88,1.50
2012.02.28 21:50:45.426,0.96388,0.96422,1.50,1.88
2012.02.28 21:50:46.607,0.96382,0.96418,2.25,1.88
2012.02.28 21:50:47.314,0.96383,0.96421,1.50,2.25
2012.02.28 21:50:55.670,0.96384,0.96419,1.50,1.13
2012.02.28 21:50:57.247,0.96385,0.9642,1.50,1.13
2012.02.28 21:50:57.373,0.96385,0.96423,3.00,2.63
2012.02.28 21:50:57.435,0.96387,0.96423,1.50,1.13
2012.02.28 21:51:03.637,0.96385,0.96423,1.50,1.13
2012.02.28 21:51:09.474,0.96385,0.96423,1.50,1.50
2012.02.28 21:51:09.617,0.96381,0.96423,2.63,1.50
2012.02.28 21:51:09.958,0.96381,0.96424,2.63,1.50
2012.02.28 21:51:10.929,0.96384,0.96424,1.13,1.13
2012.02.28 21:51:11.509,0.96387,0.96428,1.50,1.50
2012.02.28 21:51:11.867,0.96385,0.96428,1.50,1.50
2012.02.28 21:51:12.128,0.96384,0.96428,1.50,1.50
2012.02.28 21:51:12.196,0.96382,0.9642,2.25,2.25
2012.02.28 21:51:12.268,0.96374,0.96414,2.25,1.50
2012.02.28 21:51:15.234,0.96375,0.96423,2.25,4.35
2012.02.28 21:51:16.404,0.96375,0.96423,2.25,4.35
2012.02.28 21:51:16.465,0.96379,0.96423,1.13,2.85
2012.02.28 21:51:17.776,0.96381,0.96424,3.75,1.13
2012.02.28 21:51:17.844,0.96383,0.96424,1.50,1.13
2012.02.28 21:51:18.181,0.96387,0.96429,1.50,1.50
2012.02.28 21:51:19.013,0.96388,0.96429,1.50,1.50
2012.02.28 21:51:23.577,0.96385,0.96424,3.00,1.13
2012.02.28 21:51:25.520,0.96385,0.96424,1.50,1.13
2012.02.28 21:51:26.929,0.96385,0.96423,1.50,1.13
2012.02.28 21:51:28.096,0.96385,0.9642,1.50,1.13
2012.02.28 21:51:29.208,0.96385,0.96423,2.25,1.13
2012.02.28 21:51:29.544,0.96388,0.96419,1.50,1.13
2012.02.28 21:51:34.545,0.96385,0.96429,1.50,1.50
2012.02.28 21:51:34.614,0.96384,0.96428,2.25,1.50
2012.02.28 21:51:34.793,0.96384,0.96428,1.50,1.50
2012.02.28 21:51:37.604,0.96386,0.96428,1.50,1.50
2012.02.28 21:51:41.558,0.96386,0.96428,1.50,1.50
2012.02.28 21:51:43.357,0.96386,0.96422,1.50,1.13
2012.02.28 21:51:44.649,0.96386,0.96428,1.50,1.50
2012.02.28 21:51:45.168,0.96386,0.96423,2.25,1.13
2012.02.28 21:51:47.147,0.96386,0.96422,1.50,1.13
2012.02.28 21:51:48.686,0.96386,0.96423,2.25,1.13
2012.02.28 21:51:50.290,0.96385,0.96429,2.25,1.50
2012.02.28 21:51:50.425,0.96385,0.96429,1.88,1.13
2012.02.28 21:51:51.969,0.96386,0.96429,1.88,1.13
2012.02.28 21:51:52.756,0.96387,0.96429,1.13,1.13
2012.02.28 21:52:07.219,0.96389,0.96434,2.25,1.50
2012.02.28 21:52:09.084,0.9639,0.96434,2.25,1.50
2012.02.28 21:52:12.179,0.9639,0.96429,2.25,1.13
2012.02.28 21:52:12.426,0.96391,0.96433,2.25,1.13
2012.02.28 21:52:12.519,0.96391,0.96429,2.25,1.13
2012.02.28 21:52:13.025,0.96393,0.96429,1.50,1.13
2012.02.28 21:52:13.934,0.96392,0.96429,1.50,1.13
2012.02.28 21:52:15.058,0.96393,0.96429,1.50,1.13
2012.02.28 21:52:16.294,0.96393,0.96434,2.25,1.50
2012.02.28 21:52:36.256,0.96396,0.96435,1.50,1.13
2012.02.28 21:52:36.647,0.96395,0.96434,2.25,1.13
2012.02.28 21:52:37.866,0.96397,0.96434,1.50,1.13
2012.02.28 21:52:37.936,0.96399,0.96434,1.50,1.13
2012.02.28 21:52:38.565,0.96398,0.96434,1.50,1.13
2012.02.28 21:52:38.725,0.96395,0.96434,2.25,1.13
2012.02.28 21:52:38.796,0.96395,0.96434,2.25,1.50
2012.02.28 21:52:39.807,0.96395,0.96434,2.25,1.50
2012.02.28 21:52:40.037,0.96397,0.96438,2.25,1.50
2012.02.28 21:52:41.795,0.96392,0.96434,2.25,1.50
2012.02.28 21:52:45.673,0.96392,0.96434,2.25,1.50
2012.02.28 21:52:46.975,0.96388,0.96434,2.25,2.25
2012.02.28 21:52:47.686,0.96388,0.96433,2.25,1.50
2012.02.28 21:52:48.415,0.96391,0.96433,1.13,2.63
2012.02.28 21:52:48.544,0.96391,0.96433,1.13,1.88
2012.02.28 21:52:49.074,0.96391,0.96433,1.13,1.13
2012.02.28 21:52:49.905,0.96387,0.96433,2.25,1.50
2012.02.28 21:52:51.528,0.96389,0.96433,2.25,1.13
2012.02.28 21:52:52.604,0.96393,0.96438,1.13,3.00
2012.02.28 21:52:53.225,0.96393,0.96438,2.63,1.50
2012.02.28 21:52:53.591,0.96393,0.96438,2.25,1.50
2012.02.28 21:52:54.544,0.96393,0.96438,3.75,1.50
2012.02.28 21:52:55.167,0.96393,0.96434,2.25,1.13
2012.02.28 21:52:55.239,0.96388,0.96433,1.13,3.00
2012.02.28 21:52:55.612,0.96388,0.96433,1.13,2.25
2012.02.28 21:52:56.505,0.96386,0.96431,1.13,2.25
2012.02.28 21:52:56.575,0.96386,0.96431,1.13,2.25
2012.02.28 21:52:58.135,0.96386,0.96431,1.13,2.25
2012.02.28 21:52:58.757,0.96391,0.96438,2.25,1.50
2012.02.28 21:53:00.070,0.96393,0.96441,2.25,2.25
2012.02.28 21:53:01.055,0.96393,0.96441,2.25,2.25
2012.02.28 21:53:03.029,0.96391,0.96439,2.25,3.00
2012.02.28 21:53:03.552,0.96392,0.96438,1.50,2.25
2012.02.28 21:53:03.966,0.9639,0.96436,1.13,2.25
2012.02.28 21:53:04.129,0.9639,0.96436,1.13,2.25
2012.02.28 21:53:05.034,0.9639,0.96437,1.13,2.25
2012.02.28 21:53:05.905,0.96387,0.96433,2.63,1.50
2012.02.28 21:53:07.431,0.96387,0.96432,1.13,2.25
2012.02.28 21:53:08.744,0.96387,0.96432,1.13,2.25
2012.02.28 21:53:11.055,0.96387,0.96432,1.13,2.25
2012.02.28 21:53:13.694,0.96387,0.96435,2.63,2.25
2012.02.28 21:53:13.917,0.96389,0.96435,2.25,2.25
2012.02.28 21:53:17.092,0.96389,0.96435,2.25,2.25
2012.02.28 21:53:18.175,0.96389,0.96435,2.25,2.25
2012.02.28 21:53:18.726,0.96389,0.96433,2.25,1.50
2012.02.28 21:53:18.797,0.96389,0.96435,2.25,2.25
2012.02.28 21:53:19.284,0.96389,0.96435,2.25,2.25
2012.02.28 21:53:19.464,0.96389,0.96437,2.25,2.25
2012.02.28 21:53:20.015,0.96389,0.96435,2.25,2.25
2012.02.28 21:53:21.258,0.96388,0.96438,2.25,2.25
2012.02.28 21:53:21.699,0.96388,0.96438,2.25,2.25
2012.02.28 21:53:23.895,0.96389,0.96433,2.25,1.50
2012.02.28 21:53:26.036,0.96387,0.96433,2.63,2.25
2012.02.28 21:53:28.634,0.96389,0.96435,2.25,2.25
2012.02.28 21:53:30.280,0.96389,0.96435,2.25,2.25
2012.02.28 21:53:31.097,0.96389,0.96435,2.25,2.25
2012.02.28 21:53:35.265,0.96389,0.96437,2.25,2.25
2012.02.28 21:53:37.257,0.96389,0.96435,2.25,2.25
2012.02.28 21:53:44.247,0.96389,0.96437,2.25,2.25
2012.02.28 21:53:47.514,0.96392,0.96438,2.63,1.50
2012.02.28 21:53:47.938,0.96392,0.9644,2.63,2.25
2012.02.28 21:53:58.214,0.96395,0.9644,1.13,2.25
2012.02.28 21:53:59.356,0.96395,0.9644,1.13,2.25
2012.02.28 21:54:00.308,0.96395,0.9644,1.13,2.25
2012.02.28 21:54:01.024,0.96395,0.96435,1.13,1.88
2012.02.28 21:54:01.763,0.96393,0.96439,2.25,3.00
2012.02.28 21:54:02.060,0.96393,0.96438,2.25,1.50
2012.02.28 21:54:02.658,0.96397,0.96438,1.13,1.13
2012.02.28 21:54:02.845,0.96397,0.96438,2.63,1.13
2012.02.28 21:54:03.796,0.96395,0.96438,2.63,1.13
2012.02.28 21:54:04.051,0.96395,0.96439,1.13,1.88
2012.02.28 21:54:04.963,0.96393,0.96438,2.63,1.13
2012.02.28 21:54:05.469,0.96393,0.96435,2.63,1.13
2012.02.28 21:54:06.301,0.96392,0.96433,2.25,1.13
2012.02.28 21:54:07.106,0.96392,0.96434,1.50,1.50
2012.02.28 21:54:07.744,0.96392,0.96438,2.25,1.50
2012.02.28 21:54:08.126,0.96397,0.96438,2.25,1.13
2012.02.28 21:54:09.109,0.96397,0.96438,2.25,1.13
2012.02.28 21:54:09.893,0.96396,0.96438,2.25,1.50
2012.02.28 21:54:10.195,0.96399,0.96434,1.50,1.13
2012.02.28 21:54:11.160,0.96399,0.96435,1.50,1.13
2012.02.28 21:54:11.225,0.96399,0.96438,2.25,1.13
2012.02.28 21:54:11.466,0.96399,0.96439,1.50,1.13
2012.02.28 21:54:12.177,0.964,0.96439,2.25,1.13
2012.02.28 21:54:12.746,0.964,0.96439,2.25,1.13
2012.02.28 21:54:13.098,0.96401,0.96444,2.25,1.50
2012.02.28 21:54:14.109,0.96401,0.96449,2.25,3.00
2012.02.28 21:54:14.694,0.96401,0.96443,2.25,1.50
2012.02.28 21:54:15.616,0.96399,0.96444,2.25,1.50
2012.02.28 21:54:15.845,0.96399,0.96439,2.25,1.13
2012.02.28 21:54:16.304,0.96399,0.96444,2.25,1.50
2012.02.28 21:54:16.577,0.96399,0.96438,2.25,1.13
2012.02.28 21:54:19.429,0.96397,0.96444,2.63,1.50
2012.02.28 21:54:21.884,0.96393,0.96439,2.63,1.13
2012.02.28 21:54:21.944,0.96393,0.96439,2.63,1.13
2012.02.28 21:54:23.514,0.96397,0.96439,1.50,1.13
2012.02.28 21:54:24.341,0.96397,0.96438,2.25,1.13
2012.02.28 21:54:24.456,0.96397,0.96438,2.25,1.13
2012.02.28 21:54:25.115,0.96394,0.96438,3.75,1.13
2012.02.28 21:54:32.637,0.96397,0.96438,2.25,1.13
2012.02.28 21:54:45.015,0.96399,0.96438,2.25,1.13
2012.02.28 21:54:46.476,0.96399,0.96444,2.25,1.50
2012.02.28 21:54:46.545,0.96402,0.96444,2.25,1.50
2012.02.28 21:54:47.115,0.96402,0.96438,2.25,1.13
2012.02.28 21:54:47.557,0.964,0.96443,2.25,1.50
2012.02.28 21:54:49.106,0.96398,0.96439,2.25,1.13
2012.02.28 21:54:53.385,0.964,0.96439,2.25,1.13
2012.02.28 21:54:54.211,0.96397,0.96444,2.63,1.50
2012.02.28 21:54:54.587,0.96397,0.96444,2.63,1.50
2012.02.28 21:54:54.710,0.96397,0.96443,2.63,1.50
2012.02.28 21:54:54.895,0.96402,0.96443,1.13,1.13
2012.02.28 21:54:56.884,0.96397,0.96439,3.00,1.13
2012.02.28 21:54:57.715,0.96401,0.96444,1.13,1.50
2012.02.28 21:54:59.428,0.964,0.96444,1.88,1.50
2012.02.28 21:55:00.077,0.96401,0.96443,2.63,1.50
2012.02.28 21:55:00.688,0.96396,0.96439,1.50,1.13
2012.02.28 21:55:06.205,0.96401,0.96443,1.13,1.50
2012.02.28 21:55:10.333,0.96402,0.96443,1.13,1.13
2012.02.28 21:55:13.473,0.96387,0.96453,2.85,2.85
2012.02.28 21:55:24.465,0.96387,0.96453,2.85,2.85
2012.02.28 21:55:27.714,0.96387,0.96463,2.85,2.85
2012.02.28 21:55:29.690,0.96387,0.96463,2.85,2.85
2012.02.28 21:55:30.008,0.96387,0.96463,2.85,2.85
2012.02.28 21:55:33.211,0.96387,0.96463,2.85,2.85
2012.02.28 21:55:33.983,0.96387,0.96463,2.85,2.85
2012.02.28 21:55:35.249,0.96387,0.96463,2.85,2.85
2012.02.28 21:55:36.379,0.96387,0.96463,2.85,2.85
2012.02.28 21:55:38.639,0.96387,0.96463,2.85,2.85
2012.02.28 21:55:39.339,0.96387,0.96463,2.85,2.85
2012.02.28 21:55:39.399,0.96387,0.96463,2.85,2.85
2012.02.28 21:55:41.181,0.96387,0.96463,2.85,2.85
2012.02.28 21:55:51.642,0.96387,0.96463,2.85,2.85
2012.02.28 21:55:52.631,0.96378,0.96452,2.85,2.85
2012.02.28 21:55:55.041,0.96377,0.96453,2.85,2.85
2012.02.28 21:55:55.219,0.96378,0.96452,2.85,2.85
2012.02.28 21:55:55.605,0.96378,0.96452,2.85,2.85
2012.02.28 21:55:55.938,0.96378,0.96452,2.85,2.85
2012.02.28 21:55:56.643,0.96378,0.96452,2.85,2.85
2012.02.28 21:55:57.469,0.96378,0.96452,2.85,2.85
2012.02.28 21:55:59.620,0.96378,0.96452,2.85,2.85
2012.02.28 21:56:00.824,0.96388,0.96462,2.85,2.85
2012.02.28 21:56:01.471,0.96388,0.96462,2.85,2.85
2012.02.28 21:56:04.388,0.96388,0.96462,2.85,2.85
2012.02.28 21:56:05.379,0.96388,0.96462,2.85,2.85
2012.02.28 21:56:12.198,0.96388,0.96462,2.85,2.85
2012.02.28 21:56:14.413,0.96388,0.96462,2.85,2.85
2012.02.28 21:56:15.308,0.96377,0.96453,2.85,2.85
2012.02.28 21:56:16.374,0.96377,0.96453,2.85,2.85
2012.02.28 21:56:23.467,0.96377,0.96453,2.85,2.85
2012.02.28 21:56:24.198,0.96368,0.96442,2.85,2.85
2012.02.28 21:56:27.830,0.96368,0.96442,2.85,2.85
2012.02.28 21:56:29.939,0.96377,0.96443,2.85,2.85
2012.02.28 21:56:34.900,0.96377,0.96443,2.85,2.85
2012.02.28 21:56:35.232,0.96377,0.96443,2.85,2.85
2012.02.28 21:56:37.890,0.96377,0.96443,2.85,2.85
2012.02.28 21:56:39.139,0.96377,0.96443,2.85,2.85
2012.02.28 21:56:40.241,0.96377,0.96443,2.85,2.85
2012.02.28 21:56:40.866,0.96377,0.96443,2.85,2.85
2012.02.28 21:56:41.002,0.96377,0.96443,2.85,2.85
2012.02.28 21:57:01.371,0.96377,0.96443,2.85,2.85
2012.02.28 21:57:01.652,0.96377,0.96443,2.85,2.85
2012.02.28 21:57:01.986,0.96377,0.96443,2.85,2.85
2012.02.28 21:57:04.951,0.96377,0.96443,2.85,2.85
2012.02.28 21:57:05.523,0.96377,0.96443,2.85,2.85
2012.02.28 21:57:06.109,0.96377,0.96443,2.85,2.85
2012.02.28 21:57:13.407,0.96368,0.96442,2.85,2.85
2012.02.28 21:57:13.848,0.96368,0.96442,2.85,2.85
2012.02.28 21:57:20.000,0.96367,0.96433,2.85,2.85
2012.02.28 21:57:21.989,0.96367,0.96433,2.85,2.85
2012.02.28 21:57:29.687,0.96367,0.96433,2.85,2.85
2012.02.28 21:57:32.718,0.96358,0.96432,2.85,2.85
2012.02.28 21:57:33.036,0.96358,0.96432,2.85,2.85
2012.02.28 21:57:41.448,0.96358,0.96432,2.85,2.85
2012.02.28 21:57:41.680,0.96358,0.96432,2.85,2.85
2012.02.28 21:57:42.442,0.96358,0.96432,2.85,2.85
2012.02.28 21:57:56.041,0.96358,0.96432,2.85,2.85
2012.02.28 21:57:56.409,0.96348,0.96422,2.85,2.10
2012.02.28 21:57:57.472,0.96348,0.96422,2.85,2.85
2012.02.28 21:57:59.472,0.96357,0.96423,2.85,2.85
2012.02.28 21:57:59.932,0.96357,0.96423,2.85,2.85
2012.02.28 21:58:00.732,0.96358,0.96432,2.85,2.85
2012.02.28 21:58:02.170,0.96358,0.96432,2.85,2.85
2012.02.28 21:58:02.661,0.96368,0.96432,2.85,2.85
2012.02.28 21:58:03.092,0.96368,0.96432,2.85,2.85
2012.02.28 21:58:03.420,0.96357,0.96433,2.85,2.85
2012.02.28 21:58:04.353,0.96357,0.96433,2.85,2.85
2012.02.28 21:58:04.521,0.96357,0.96433,2.85,2.85
2012.02.28 21:58:05.291,0.96357,0.96433,2.85,2.85
2012.02.28 21:58:15.441,0.96357,0.96423,2.85,2.85
2012.02.28 21:58:16.903,0.96345,0.96463,2.43,2.25
2012.02.28 21:58:17.158,0.96345,0.96463,2.43,2.25
2012.02.28 21:58:18.172,0.96345,0.96463,2.43,2.25
2012.02.28 21:58:18.241,0.96345,0.96463,2.25,2.25
2012.02.28 21:58:18.400,0.96345,0.96463,2.25,2.25
2012.02.28 21:58:18.792,0.96357,0.96433,2.85,2.85
2012.02.28 21:58:18.974,0.96357,0.96433,2.85,2.85
2012.02.28 21:58:20.181,0.96357,0.96433,2.85,2.85
2012.02.28 21:58:20.351,0.96357,0.96433,2.85,2.85
2012.02.28 21:58:20.511,0.96357,0.96433,2.85,2.85
2012.02.28 21:58:20.809,0.96357,0.96433,2.85,2.85
2012.02.28 21:58:21.449,0.96367,0.96433,2.85,2.85
2012.02.28 21:58:22.779,0.96367,0.96433,2.85,2.85
2012.02.28 21:58:23.112,0.96358,0.96432,2.85,2.85
2012.02.28 21:58:24.472,0.96367,0.96433,2.85,2.85
2012.02.28 21:58:27.822,0.96357,0.96433,2.85,2.85
2012.02.28 21:58:29.809,0.96368,0.96432,2.85,2.85
2012.02.28 21:58:30.355,0.96357,0.96433,2.85,2.85
2012.02.28 21:58:31.932,0.96357,0.96433,2.85,2.85
2012.02.28 21:58:32.359,0.96357,0.96433,2.85,2.85
2012.02.28 21:58:33.220,0.96357,0.96433,2.85,2.85
2012.02.28 21:58:34.199,0.96357,0.96433,2.85,2.85
2012.02.28 21:58:34.673,0.96357,0.96433,2.85,2.85
2012.02.28 21:58:35.179,0.96358,0.96422,2.85,2.85
2012.02.28 21:58:38.741,0.96348,0.96422,2.85,2.85
2012.02.28 21:58:39.208,0.96348,0.96422,2.85,2.85
2012.02.28 21:58:41.949,0.96358,0.96422,2.85,2.10
2012.02.28 21:58:43.108,0.96358,0.96422,2.85,2.85
2012.02.28 21:58:44.022,0.96358,0.96422,2.85,2.10
2012.02.28 21:58:44.142,0.96358,0.96422,2.85,2.10
2012.02.28 21:58:45.321,0.96358,0.96422,2.85,2.85
2012.02.28 21:58:46.028,0.96358,0.96422,2.85,2.10
2012.02.28 21:58:46.330,0.96358,0.96422,2.85,2.85
2012.02.28 21:58:47.191,0.96358,0.96422,2.85,2.85
2012.02.28 21:58:48.630,0.96358,0.96422,2.85,2.85
2012.02.28 21:58:49.450,0.96358,0.96422,2.85,2.10
2012.02.28 21:58:49.569,0.96357,0.96433,2.85,2.85
2012.02.28 21:58:52.239,0.96357,0.96433,2.85,2.85
2012.02.28 21:58:52.599,0.96358,0.96422,2.85,2.10
2012.02.28 21:58:54.120,0.96358,0.96422,2.85,2.10
2012.02.28 21:58:54.808,0.96358,0.96422,2.85,2.85
2012.02.28 21:58:56.873,0.96357,0.96423,2.85,2.85
2012.02.28 21:58:57.000,0.96357,0.96423,2.85,2.85
2012.02.28 21:58:57.380,0.96358,0.96432,2.85,2.85
2012.02.28 21:59:00.510,0.96366,0.96419,0.75,0.75
2012.02.28 21:59:01.602,0.96371,0.96419,0.75,0.75
2012.02.28 21:59:03.530,0.96377,0.96418,0.75,0.75
2012.02.28 21:59:04.571,0.96372,0.96413,0.75,0.75
2012.02.28 21:59:05.563,0.96366,0.96419,0.75,0.75
2012.02.28 21:59:05.733,0.96376,0.96419,0.75,0.75
2012.02.28 21:59:06.842,0.96371,0.96422,0.75,2.10
2012.02.28 21:59:07.103,0.96372,0.96418,0.75,0.75
2012.02.28 21:59:07.410,0.96371,0.96414,0.75,0.75
2012.02.28 21:59:08.093,0.96371,0.96422,0.75,2.10
2012.02.28 21:59:08.923,0.96367,0.96418,0.75,0.75
2012.02.28 21:59:09.642,0.96362,0.96413,0.75,0.75
2012.02.28 21:59:11.171,0.96362,0.96408,0.75,0.75
2012.02.28 21:59:11.872,0.96366,0.96419,0.75,0.75
2012.02.28 21:59:11.971,0.96367,0.96413,0.75,0.75
2012.02.28 21:59:13.910,0.96362,0.96408,0.75,0.75
2012.02.28 21:59:17.193,0.96367,0.96413,0.75,0.75
2012.02.28 21:59:19.800,0.96367,0.96418,0.75,0.75
2012.02.28 21:59:19.920,0.96367,0.96413,0.75,0.75
2012.02.28 21:59:20.040,0.96366,0.96419,0.75,0.75
2012.02.28 21:59:21.151,0.96366,0.96414,0.75,0.75
2012.02.28 21:59:22.081,0.96372,0.96418,0.75,0.75
2012.02.28 21:59:22.381,0.96366,0.96409,0.75,0.75
2012.02.28 21:59:22.441,0.96361,0.96414,0.75,0.75
2012.02.28 21:59:22.922,0.96371,0.96414,0.75,0.75
2012.02.28 21:59:23.363,0.96362,0.96413,0.75,0.75
2012.02.28 21:59:24.519,0.96362,0.96418,0.75,0.75
2012.02.28 21:59:25.497,0.96361,0.96414,0.75,0.75
2012.02.28 21:59:26.149,0.96356,0.96409,0.75,0.75
2012.02.28 21:59:26.261,0.96357,0.96413,0.75,0.75
2012.02.28 21:59:26.912,0.96362,0.96418,0.75,0.75
2012.02.28 21:59:27.417,0.96361,0.96414,0.75,0.75
2012.02.28 21:59:28.811,0.96366,0.96419,0.75,0.75
2012.02.28 21:59:29.942,0.96361,0.96414,0.75,0.75
2012.02.28 21:59:30.872,0.96362,0.96418,0.75,0.75
2012.02.28 21:59:32.242,0.96362,0.96413,0.75,0.75
2012.02.28 21:59:33.421,0.96362,0.96418,0.75,0.75
2012.02.28 21:59:34.220,0.96367,0.96413,0.75,0.75
2012.02.28 21:59:36.180,0.96362,0.96413,0.75,0.75
2012.02.28 21:59:36.359,0.96366,0.96419,0.75,0.75
2012.02.28 21:59:36.541,0.96367,0.96413,0.75,0.75
2012.02.28 21:59:36.902,0.96367,0.96418,0.75,0.75
2012.02.28 21:59:36.960,0.96372,0.96423,0.75,0.75
2012.02.28 21:59:37.483,0.96377,0.96428,0.75,0.75
2012.02.28 21:59:38.051,0.96391,0.96439,0.75,0.75
2012.02.28 21:59:38.351,0.96386,0.96439,0.75,0.75
2012.02.28 21:59:38.469,0.96392,0.96438,0.75,0.75
2012.02.28 21:59:39.609,0.96386,0.96434,0.75,0.75
2012.02.28 21:59:40.925,0.96391,0.96434,0.75,0.75
2012.02.28 21:59:41.321,0.96382,0.96428,0.75,0.75
2012.02.28 21:59:41.384,0.96386,0.96429,0.75,0.75
2012.02.28 21:59:43.540,0.96382,0.96433,0.75,0.75
2012.02.28 21:59:44.783,0.96386,0.96434,0.75,0.75
2012.02.28 21:59:45.122,0.96386,0.96429,0.75,0.75
2012.02.28 21:59:45.183,0.96382,0.96433,0.75,0.75
2012.02.28 21:59:47.191,0.96386,0.96434,0.75,0.75
2012.02.28 21:59:47.711,0.96392,0.96433,0.75,0.75
2012.02.28 21:59:50.072,0.96391,0.96449,0.75,0.75
2012.02.28 21:59:50.214,0.96388,0.96444,2.10,0.75
2012.02.28 21:59:50.281,0.96386,0.96444,0.75,0.75
2012.02.28 21:59:50.435,0.96392,0.96448,0.75,0.75
2012.02.28 21:59:51.291,0.96397,0.96453,0.75,0.75
2012.02.28 21:59:52.233,0.96391,0.96449,0.75,0.75
2012.02.28 21:59:53.040,0.96397,0.96453,0.75,0.75
2012.02.28 21:59:55.314,0.96391,0.96454,0.75,0.75
2012.02.28 21:59:55.494,0.96402,0.96453,0.75,0.75
