2014.11.17 15:00:00.177,0.83916,0.83939,1.10,3.45
2014.11.17 15:00:00.678,0.83916,0.83938,1.10,2.70
2014.11.17 15:00:01.204,0.83917,0.83937,1.00,4.20
2014.11.17 15:00:01.255,0.83917,0.83935,1.00,2.70
2014.11.17 15:00:01.305,0.83914,0.83933,1.10,1.17
2014.11.17 15:00:01.406,0.83909,0.83933,1.15,1.17
2014.11.17 15:00:01.608,0.83907,0.83928,2.32,1.00
2014.11.17 15:00:01.659,0.83905,0.83928,1.15,1.00
2014.11.17 15:00:02.491,0.83905,0.83928,1.27,1.37
2014.11.17 15:00:03.027,0.83905,0.83928,1.52,1.37
2014.11.17 15:00:03.541,0.8391,0.83928,1.00,1.37
2014.11.17 15:00:04.912,0.8391,0.83928,1.00,1.37
2014.11.17 15:00:05.015,0.83905,0.83928,1.52,1.37
2014.11.17 15:00:05.726,0.83904,0.83928,3.45,1.37
2014.11.17 15:00:06.232,0.83904,0.83928,3.45,1.37
2014.11.17 15:00:07.099,0.83905,0.83928,1.27,1.37
2014.11.17 15:00:09.405,0.83905,0.83928,1.27,1.37
2014.11.17 15:00:09.820,0.83905,0.83926,1.15,1.12
2014.11.17 15:00:09.870,0.83903,0.83923,2.32,1.00
2014.11.17 15:00:09.971,0.83905,0.83923,1.10,1.00
2014.11.17 15:00:10.223,0.83905,0.8392,1.00,1.00
2014.11.17 15:00:10.986,0.83902,0.8392,2.25,1.00
2014.11.17 15:00:11.087,0.83905,0.83922,1.07,1.12
2014.11.17 15:00:11.188,0.83902,0.83924,2.32,1.00
2014.11.17 15:00:11.641,0.839,0.83923,5.32,1.10
2014.11.17 15:00:11.691,0.83902,0.83923,2.32,1.00
2014.11.17 15:00:12.198,0.83905,0.83925,1.00,1.15
2014.11.17 15:00:12.702,0.83904,0.83927,1.10,2.70
2014.11.17 15:00:13.211,0.83904,0.83927,1.52,1.52
2014.11.17 15:00:13.463,0.83904,0.83925,1.12,1.55
2014.11.17 15:00:14.350,0.83904,0.83925,1.00,1.55
2014.11.17 15:00:14.891,0.83905,0.83925,1.00,1.55
2014.11.17 15:00:15.391,0.8391,0.83929,1.00,2.32
2014.11.17 15:00:15.442,0.8391,0.8393,1.00,1.15
2014.11.17 15:00:15.543,0.8391,0.83931,1.00,1.20
2014.11.17 15:00:15.810,0.8391,0.83929,1.00,1.00
2014.11.17 15:00:16.264,0.83905,0.83928,1.65,2.25
2014.11.17 15:00:16.415,0.83909,0.8393,1.00,3.07
2014.11.17 15:00:16.567,0.83905,0.83928,1.65,1.15
2014.11.17 15:00:17.607,0.8391,0.8393,1.00,3.07
2014.11.17 15:00:17.658,0.8391,0.83934,1.57,4.20
2014.11.17 15:00:17.709,0.8391,0.83934,1.57,2.02
2014.11.17 15:00:18.397,0.8391,0.83933,1.15,1.55
2014.11.17 15:00:18.991,0.8391,0.83933,1.15,1.55
2014.11.17 15:00:19.041,0.8391,0.83933,1.17,1.52
2014.11.17 15:00:19.597,0.8391,0.83933,1.65,1.52
2014.11.17 15:00:21.563,0.83907,0.8393,3.45,1.37
2014.11.17 15:00:22.364,0.83907,0.8393,3.45,1.37
2014.11.17 15:00:22.565,0.83907,0.8393,1.27,3.52
2014.11.17 15:00:22.867,0.83906,0.83928,1.27,1.12
2014.11.17 15:00:23.159,0.83906,0.83928,1.27,1.37
2014.11.17 15:00:24.298,0.83906,0.83928,1.52,1.37
2014.11.17 15:00:25.709,0.83906,0.83928,1.27,1.37
2014.11.17 15:00:26.304,0.83906,0.83928,1.52,1.37
2014.11.17 15:00:26.815,0.83906,0.8393,1.52,1.55
2014.11.17 15:00:27.228,0.83907,0.8393,2.32,1.10
2014.11.17 15:00:27.766,0.8391,0.83934,1.10,3.07
2014.11.17 15:00:27.867,0.8391,0.83933,1.15,1.00
2014.11.17 15:00:27.967,0.8391,0.83933,1.07,1.15
2014.11.17 15:00:28.819,0.8391,0.83932,1.15,1.07
2014.11.17 15:00:28.870,0.8391,0.83932,2.40,1.10
2014.11.17 15:00:29.417,0.8391,0.83931,2.25,1.45
2014.11.17 15:00:29.467,0.83907,0.83928,2.02,1.20
2014.11.17 15:00:29.970,0.83907,0.83929,1.65,1.00
2014.11.17 15:00:30.021,0.83907,0.83925,1.65,1.00
2014.11.17 15:00:30.072,0.83907,0.83925,1.65,1.00
2014.11.17 15:00:30.123,0.83907,0.83927,1.65,1.10
2014.11.17 15:00:30.274,0.83905,0.83927,1.10,1.15
2014.11.17 15:00:30.375,0.83905,0.83928,1.65,1.15
2014.11.17 15:00:32.002,0.83905,0.8393,2.02,3.45
2014.11.17 15:00:32.254,0.83909,0.83932,1.37,1.52
2014.11.17 15:00:32.405,0.83911,0.83934,1.17,1.52
2014.11.17 15:00:32.657,0.8391,0.83933,1.57,1.15
2014.11.17 15:00:33.387,0.8391,0.83933,1.65,1.15
2014.11.17 15:00:34.203,0.8391,0.83931,2.32,1.00
2014.11.17 15:00:34.706,0.8391,0.83931,3.07,1.37
2014.11.17 15:00:34.858,0.8391,0.83934,3.07,2.32
2014.11.17 15:00:34.973,0.8391,0.83932,3.82,1.00
2014.11.17 15:00:35.125,0.8391,0.83932,1.65,1.10
2014.11.17 15:00:35.578,0.83909,0.83931,1.65,1.07
2014.11.17 15:00:35.881,0.83908,0.8393,1.17,1.45
2014.11.17 15:00:36.183,0.83907,0.8393,1.10,1.15
2014.11.17 15:00:36.446,0.8391,0.83928,1.00,1.17
2014.11.17 15:00:36.550,0.8391,0.8393,1.10,1.10
2014.11.17 15:00:36.601,0.8391,0.8393,1.00,1.07
2014.11.17 15:00:37.105,0.83909,0.83928,1.10,1.10
2014.11.17 15:00:37.636,0.8391,0.8393,1.00,1.15
2014.11.17 15:00:38.139,0.83907,0.8393,1.52,1.47
2014.11.17 15:00:38.441,0.8391,0.8393,1.00,2.77
2014.11.17 15:00:39.365,0.83907,0.8393,1.10,1.52
2014.11.17 15:00:39.517,0.83905,0.83927,1.52,1.45
2014.11.17 15:00:39.618,0.83905,0.83927,1.52,1.20
2014.11.17 15:00:40.125,0.83905,0.83928,2.02,1.52
2014.11.17 15:00:40.885,0.83905,0.83922,1.07,1.00
2014.11.17 15:00:40.936,0.839,0.83922,1.52,1.12
2014.11.17 15:00:40.987,0.83899,0.83918,1.52,1.00
2014.11.17 15:00:41.239,0.839,0.83923,1.17,1.15
2014.11.17 15:00:41.592,0.83905,0.83925,1.00,3.07
2014.11.17 15:00:41.642,0.83905,0.83924,1.00,1.17
2014.11.17 15:00:41.743,0.83905,0.83924,1.15,1.00
2014.11.17 15:00:42.045,0.839,0.83919,1.00,1.00
2014.11.17 15:00:42.146,0.839,0.83919,1.00,3.07
2014.11.17 15:00:42.348,0.839,0.83918,1.00,1.00
2014.11.17 15:00:42.865,0.839,0.83919,1.00,1.10
2014.11.17 15:00:43.381,0.83896,0.83919,1.52,1.10
2014.11.17 15:00:43.887,0.839,0.83921,1.00,1.15
2014.11.17 15:00:44.511,0.839,0.83921,1.07,1.17
2014.11.17 15:00:45.024,0.839,0.83921,1.17,1.20
2014.11.17 15:00:45.125,0.83905,0.83921,1.07,1.00
2014.11.17 15:00:45.176,0.83905,0.83923,1.15,1.00
2014.11.17 15:00:45.277,0.83905,0.83927,2.02,1.00
2014.11.17 15:00:45.327,0.83905,0.83925,3.45,1.00
2014.11.17 15:00:45.478,0.83904,0.83925,1.15,1.00
2014.11.17 15:00:45.529,0.83903,0.83922,3.75,1.10
2014.11.17 15:00:45.579,0.83902,0.83922,1.57,1.10
2014.11.17 15:00:45.630,0.83903,0.83925,1.07,1.07
2014.11.17 15:00:45.681,0.83904,0.83926,1.17,1.10
2014.11.17 15:00:45.832,0.83906,0.83928,1.15,1.10
2014.11.17 15:00:46.134,0.83907,0.83928,4.50,1.00
2014.11.17 15:00:46.497,0.83907,0.83925,2.32,1.00
2014.11.17 15:00:46.548,0.83903,0.83925,4.50,1.00
2014.11.17 15:00:47.067,0.83903,0.83924,2.32,1.00
2014.11.17 15:00:47.571,0.83903,0.83925,2.32,1.00
2014.11.17 15:00:48.625,0.83904,0.83925,4.87,1.00
2014.11.17 15:00:48.676,0.83905,0.83929,1.15,1.37
2014.11.17 15:00:48.928,0.83903,0.83925,2.32,1.00
2014.11.17 15:00:49.029,0.83905,0.83928,2.40,1.00
2014.11.17 15:00:49.562,0.83904,0.83927,1.15,1.17
2014.11.17 15:00:49.866,0.83903,0.83925,1.00,2.32
2014.11.17 15:00:49.967,0.83902,0.83925,1.20,1.15
2014.11.17 15:00:50.068,0.839,0.83925,1.65,3.82
2014.11.17 15:00:50.169,0.839,0.83922,1.00,1.17
2014.11.17 15:00:50.645,0.839,0.8392,1.15,1.00
2014.11.17 15:00:50.847,0.839,0.83922,1.20,1.17
2014.11.17 15:00:50.998,0.839,0.83919,1.47,1.00
2014.11.17 15:00:51.250,0.83901,0.83924,2.40,1.57
2014.11.17 15:00:51.351,0.83902,0.83925,1.15,2.02
2014.11.17 15:00:51.602,0.83903,0.83925,1.15,1.12
2014.11.17 15:00:52.021,0.83904,0.83925,3.45,1.00
2014.11.17 15:00:52.223,0.83906,0.83928,2.32,1.00
2014.11.17 15:00:52.324,0.83905,0.83928,1.65,1.10
2014.11.17 15:00:52.615,0.83904,0.83926,3.07,1.00
2014.11.17 15:00:53.074,0.83903,0.83924,2.32,1.00
2014.11.17 15:00:53.939,0.83905,0.83924,1.15,1.37
2014.11.17 15:00:54.191,0.839,0.8392,3.07,1.12
2014.11.17 15:00:54.754,0.839,0.8392,1.15,1.37
2014.11.17 15:00:54.855,0.83897,0.83918,2.70,1.00
2014.11.17 15:00:55.359,0.83901,0.8392,2.25,1.00
2014.11.17 15:00:55.510,0.839,0.83919,1.27,1.00
2014.11.17 15:00:56.036,0.839,0.83918,3.07,1.00
2014.11.17 15:00:56.583,0.83899,0.83918,2.32,1.00
2014.11.17 15:00:57.389,0.839,0.83919,1.15,1.00
2014.11.17 15:00:57.933,0.839,0.8392,1.15,1.00
2014.11.17 15:00:59.386,0.83897,0.8392,2.70,1.00
2014.11.17 15:00:59.564,0.83897,0.83917,2.70,1.00
2014.11.17 15:01:00.480,0.83898,0.83917,2.32,1.00
2014.11.17 15:01:00.782,0.83903,0.8392,2.32,1.00
2014.11.17 15:01:00.933,0.83903,0.83928,1.15,1.15
2014.11.17 15:01:00.985,0.83904,0.83928,2.32,1.15
2014.11.17 15:01:01.186,0.83904,0.83925,1.15,1.10
2014.11.17 15:01:01.287,0.83904,0.83925,1.10,4.87
2014.11.17 15:01:01.388,0.83899,0.8392,1.17,1.00
2014.11.17 15:01:02.750,0.839,0.8392,1.07,1.37
2014.11.17 15:01:03.196,0.839,0.8392,1.15,1.12
2014.11.17 15:01:03.700,0.839,0.83921,1.17,1.20
2014.11.17 15:01:03.951,0.83901,0.83924,1.27,1.27
2014.11.17 15:01:04.363,0.83901,0.83921,1.15,1.00
2014.11.17 15:01:04.565,0.83901,0.83924,1.15,1.55
2014.11.17 15:01:04.753,0.83901,0.83924,1.15,1.55
2014.11.17 15:01:04.854,0.83901,0.83924,1.15,1.55
2014.11.17 15:01:05.318,0.83904,0.83925,1.17,1.10
2014.11.17 15:01:05.633,0.83907,0.8393,1.20,1.52
2014.11.17 15:01:06.386,0.83904,0.83927,1.17,1.45
2014.11.17 15:01:06.890,0.83907,0.83925,1.10,1.12
2014.11.17 15:01:07.403,0.83906,0.83925,1.00,1.52
2014.11.17 15:01:07.507,0.83904,0.83925,1.00,1.52
2014.11.17 15:01:07.994,0.83903,0.83925,1.00,3.15
2014.11.17 15:01:08.195,0.83903,0.83925,1.00,2.77
2014.11.17 15:01:08.900,0.83903,0.83925,1.17,1.45
2014.11.17 15:01:09.421,0.83903,0.83925,1.10,1.52
2014.11.17 15:01:10.788,0.83903,0.83925,1.17,1.45
2014.11.17 15:01:10.889,0.83903,0.83925,1.15,1.37
2014.11.17 15:01:11.040,0.839,0.83925,1.15,2.40
2014.11.17 15:01:11.091,0.839,0.83925,1.15,1.65
2014.11.17 15:01:11.192,0.839,0.8392,1.15,1.00
2014.11.17 15:01:11.293,0.83902,0.83926,1.15,2.02
2014.11.17 15:01:11.645,0.83902,0.83923,1.15,1.50
2014.11.17 15:01:11.947,0.83897,0.83915,2.32,1.00
2014.11.17 15:01:12.029,0.83896,0.83915,1.10,1.07
2014.11.17 15:01:12.130,0.83894,0.83915,2.32,1.10
2014.11.17 15:01:12.963,0.83895,0.83918,1.15,1.10
2014.11.17 15:01:13.856,0.83895,0.83919,2.02,2.62
2014.11.17 15:01:14.385,0.83895,0.83919,2.02,1.37
2014.11.17 15:01:14.911,0.83895,0.83919,2.02,1.52
2014.11.17 15:01:15.266,0.83892,0.83914,1.15,1.57
2014.11.17 15:01:15.367,0.8389,0.83914,2.40,1.17
2014.11.17 15:01:15.468,0.8389,0.83914,1.20,1.15
2014.11.17 15:01:15.569,0.8389,0.8391,1.20,1.00
2014.11.17 15:01:15.872,0.83885,0.8391,3.82,1.65
2014.11.17 15:01:16.023,0.83884,0.83909,1.17,1.15
2014.11.17 15:01:16.284,0.83887,0.8391,1.07,2.32
2014.11.17 15:01:16.335,0.83887,0.8391,1.15,1.17
2014.11.17 15:01:16.436,0.83887,0.83911,1.17,1.27
2014.11.17 15:01:17.316,0.83885,0.83905,1.15,1.00
2014.11.17 15:01:17.769,0.83884,0.83909,4.87,1.45
2014.11.17 15:01:18.071,0.83887,0.8391,2.32,1.57
2014.11.17 15:01:18.587,0.83887,0.8391,2.32,1.47
2014.11.17 15:01:19.065,0.83887,0.8391,2.70,1.20
2014.11.17 15:01:19.216,0.83889,0.83905,1.65,1.00
2014.11.17 15:01:19.316,0.83891,0.83915,1.15,2.02
2014.11.17 15:01:19.518,0.83894,0.83915,1.07,1.45
2014.11.17 15:01:19.820,0.8389,0.8391,3.07,1.00
2014.11.17 15:01:19.871,0.8389,0.83915,1.15,1.15
2014.11.17 15:01:20.072,0.83892,0.83915,1.15,1.10
2014.11.17 15:01:20.587,0.83895,0.83915,1.10,1.47
2014.11.17 15:01:21.076,0.83895,0.8391,1.10,1.00
2014.11.17 15:01:21.177,0.83893,0.8391,1.10,1.00
2014.11.17 15:01:21.429,0.83893,0.83915,1.17,1.55
2014.11.17 15:01:21.580,0.83894,0.83915,1.15,1.37
2014.11.17 15:01:22.084,0.83894,0.83915,1.15,1.37
2014.11.17 15:01:22.408,0.83892,0.8391,1.07,1.00
2014.11.17 15:01:22.459,0.83887,0.8391,1.15,1.10
2014.11.17 15:01:22.560,0.83887,0.83912,1.20,1.15
2014.11.17 15:01:23.210,0.83887,0.8391,1.17,1.07
2014.11.17 15:01:23.485,0.83887,0.8391,1.17,1.10
2014.11.17 15:01:23.911,0.83887,0.8391,1.17,1.57
2014.11.17 15:01:24.427,0.83887,0.83911,1.17,1.65
2014.11.17 15:01:24.945,0.83885,0.83912,1.65,1.90
2014.11.17 15:01:25.147,0.83885,0.83912,3.15,1.52
2014.11.17 15:01:26.513,0.83885,0.8391,2.77,1.57
2014.11.17 15:01:27.621,0.83885,0.8391,2.40,1.90
2014.11.17 15:01:28.193,0.83885,0.8391,1.15,1.90
2014.11.17 15:01:28.528,0.83885,0.8391,1.15,1.90
2014.11.17 15:01:30.232,0.83885,0.83906,1.15,1.75
2014.11.17 15:01:30.333,0.83885,0.83906,1.15,1.37
2014.11.17 15:01:30.386,0.83884,0.83906,1.15,1.55
2014.11.17 15:01:31.664,0.83885,0.83909,1.17,3.07
2014.11.17 15:01:31.766,0.83885,0.83909,1.15,1.95
2014.11.17 15:01:32.168,0.83881,0.83905,2.32,1.20
2014.11.17 15:01:32.672,0.83881,0.83904,3.82,1.00
2014.11.17 15:01:32.873,0.8388,0.83904,2.40,1.90
2014.11.17 15:01:33.377,0.83881,0.83904,1.65,1.85
2014.11.17 15:01:33.909,0.8388,0.83904,4.95,1.57
2014.11.17 15:01:34.060,0.8388,0.83903,2.25,1.45
2014.11.17 15:01:34.161,0.8388,0.839,1.10,1.17
2014.11.17 15:01:34.262,0.8388,0.839,1.00,1.15
2014.11.17 15:01:34.614,0.83876,0.839,1.15,1.65
2014.11.17 15:01:36.323,0.83876,0.839,1.15,2.40
2014.11.17 15:01:36.625,0.83878,0.83901,1.10,1.52
2014.11.17 15:01:36.676,0.83878,0.83901,1.15,1.55
2014.11.17 15:01:36.777,0.83876,0.83902,2.40,1.52
2014.11.17 15:01:38.116,0.8388,0.83902,3.00,1.95
2014.11.17 15:01:38.425,0.83882,0.83905,3.07,2.32
2014.11.17 15:01:38.727,0.83882,0.83905,3.07,2.32
2014.11.17 15:01:39.240,0.83882,0.83905,3.07,2.32
2014.11.17 15:01:40.202,0.83882,0.83905,3.07,2.32
2014.11.17 15:01:40.703,0.83882,0.83905,3.07,2.32
2014.11.17 15:01:41.186,0.83882,0.83905,1.20,2.40
2014.11.17 15:01:41.488,0.83879,0.839,1.57,1.45
2014.11.17 15:01:41.589,0.83876,0.83899,2.40,1.55
2014.11.17 15:01:42.098,0.83876,0.83899,1.20,1.15
2014.11.17 15:01:42.199,0.83876,0.83899,1.15,1.17
2014.11.17 15:01:42.515,0.83876,0.83899,1.52,1.55
2014.11.17 15:01:42.820,0.8388,0.83901,1.20,1.50
2014.11.17 15:01:44.357,0.8388,0.83901,1.20,1.75
2014.11.17 15:01:45.232,0.8388,0.83901,1.20,1.50
2014.11.17 15:01:45.585,0.8388,0.83902,1.65,1.10
2014.11.17 15:01:45.787,0.83884,0.83905,1.10,1.55
2014.11.17 15:01:46.089,0.83886,0.83905,1.00,1.55
2014.11.17 15:01:46.340,0.83884,0.83908,1.10,3.45
2014.11.17 15:01:46.844,0.83884,0.83906,1.17,1.55
2014.11.17 15:01:47.372,0.83884,0.83908,1.17,1.90
2014.11.17 15:01:47.873,0.83884,0.83907,1.17,1.90
2014.11.17 15:01:48.343,0.83884,0.83907,1.17,3.15
2014.11.17 15:01:48.444,0.83883,0.83906,1.20,1.90
2014.11.17 15:01:48.646,0.83882,0.83905,1.15,1.52
2014.11.17 15:01:49.736,0.83882,0.83905,1.17,1.52
2014.11.17 15:01:50.309,0.83882,0.83905,1.10,2.77
2014.11.17 15:01:50.712,0.83877,0.83903,1.15,3.07
2014.11.17 15:01:50.814,0.83877,0.83903,3.07,1.15
2014.11.17 15:01:51.337,0.83878,0.839,1.65,1.00
2014.11.17 15:01:52.800,0.83879,0.839,1.65,1.37
2014.11.17 15:01:53.203,0.83879,0.839,2.70,1.00
2014.11.17 15:01:53.304,0.83881,0.83901,2.70,1.37
2014.11.17 15:01:53.405,0.83884,0.83904,1.65,1.00
2014.11.17 15:01:53.506,0.83884,0.83907,4.57,1.45
2014.11.17 15:01:53.862,0.83884,0.83908,2.40,1.52
2014.11.17 15:01:54.020,0.83885,0.83909,3.07,1.47
2014.11.17 15:01:54.934,0.83888,0.8391,2.32,1.37
2014.11.17 15:01:55.245,0.83889,0.83913,1.15,1.92
2014.11.17 15:01:55.547,0.83889,0.8391,1.17,1.82
2014.11.17 15:01:55.648,0.83889,0.8391,1.10,1.82
2014.11.17 15:01:55.749,0.83889,0.8391,1.10,1.82
2014.11.17 15:01:55.866,0.83889,0.8391,1.10,1.57
2014.11.17 15:01:56.374,0.83888,0.8391,1.10,1.65
2014.11.17 15:01:57.814,0.83886,0.83909,1.17,1.92
2014.11.17 15:01:57.965,0.83885,0.8391,1.17,4.57
2014.11.17 15:01:58.826,0.83885,0.8391,1.17,4.57
2014.11.17 15:01:59.156,0.83886,0.8391,1.15,1.92
2014.11.17 15:01:59.307,0.83886,0.8391,1.15,1.92
2014.11.17 15:01:59.408,0.83886,0.8391,1.15,1.92
2014.11.17 15:01:59.770,0.83886,0.83909,1.17,1.90
2014.11.17 15:01:59.921,0.83887,0.8391,1.10,4.57
2014.11.17 15:02:00.023,0.83888,0.83905,1.00,1.37
2014.11.17 15:02:00.074,0.8389,0.83905,1.00,1.37
2014.11.17 15:02:00.124,0.8389,0.83912,1.00,2.70
2014.11.17 15:02:00.344,0.8389,0.83914,3.07,1.65
2014.11.17 15:02:00.646,0.83894,0.83916,1.07,1.92
2014.11.17 15:02:00.747,0.83895,0.83918,1.10,1.52
2014.11.17 15:02:01.509,0.83896,0.83918,1.00,2.70
2014.11.17 15:02:01.610,0.83898,0.8392,1.00,2.70
2014.11.17 15:02:01.660,0.83898,0.83923,1.17,3.45
2014.11.17 15:02:01.761,0.83898,0.83923,1.15,1.52
2014.11.17 15:02:02.363,0.839,0.83923,1.00,1.52
2014.11.17 15:02:02.875,0.839,0.83923,1.17,1.52
2014.11.17 15:02:03.674,0.839,0.83923,1.17,1.90
2014.11.17 15:02:04.241,0.839,0.83923,1.17,1.90
2014.11.17 15:02:04.759,0.839,0.83923,1.15,1.65
2014.11.17 15:02:05.857,0.839,0.83922,1.07,3.00
2014.11.17 15:02:05.907,0.83899,0.83922,1.00,3.82
2014.11.17 15:02:05.958,0.83899,0.83922,1.07,1.90
2014.11.17 15:02:06.059,0.839,0.83924,1.17,1.52
2014.11.17 15:02:06.397,0.839,0.83924,1.10,3.45
2014.11.17 15:02:06.753,0.83901,0.83927,1.17,5.32
2014.11.17 15:02:06.905,0.83905,0.8393,1.07,4.95
2014.11.17 15:02:07.157,0.83904,0.83928,3.07,1.57
2014.11.17 15:02:07.977,0.83907,0.8393,1.17,1.90
2014.11.17 15:02:08.178,0.83907,0.8393,1.15,1.92
2014.11.17 15:02:10.931,0.83908,0.8393,1.15,1.55
2014.11.17 15:02:11.220,0.83908,0.8393,3.07,1.37
2014.11.17 15:02:11.426,0.83911,0.8393,1.17,1.00
2014.11.17 15:02:11.477,0.83911,0.83935,1.17,2.02
2014.11.17 15:02:11.527,0.83914,0.83935,1.10,1.52
2014.11.17 15:02:11.628,0.83915,0.83938,1.17,1.17
2014.11.17 15:02:12.173,0.83918,0.8394,1.00,3.45
2014.11.17 15:02:12.333,0.83918,0.8394,1.10,1.27
2014.11.17 15:02:12.598,0.83918,0.8394,1.00,3.45
2014.11.17 15:02:12.904,0.83917,0.83934,1.00,2.25
2014.11.17 15:02:12.954,0.83912,0.83934,1.00,2.32
2014.11.17 15:02:13.468,0.83911,0.8393,1.00,1.10
2014.11.17 15:02:13.640,0.83912,0.8393,1.15,1.00
2014.11.17 15:02:13.892,0.8391,0.83934,1.65,2.02
2014.11.17 15:02:14.361,0.83914,0.83935,1.00,2.77
2014.11.17 15:02:14.707,0.83914,0.83935,1.00,1.65
2014.11.17 15:02:15.059,0.83914,0.83935,1.00,1.95
2014.11.17 15:02:15.160,0.83912,0.83935,1.10,2.70
2014.11.17 15:02:15.211,0.83912,0.83936,1.07,6.07
2014.11.17 15:02:15.513,0.83923,0.83935,1.00,1.00
2014.11.17 15:02:15.923,0.83924,0.83941,1.00,6.37
2014.11.17 15:02:16.446,0.83924,0.83943,1.00,4.57
2014.11.17 15:02:17.058,0.83924,0.83942,1.00,1.65
2014.11.17 15:02:17.109,0.83927,0.83942,1.00,1.57
2014.11.17 15:02:17.159,0.83927,0.83945,1.00,1.95
2014.11.17 15:02:17.260,0.83927,0.83945,1.00,2.70
2014.11.17 15:02:17.311,0.83927,0.83945,1.00,1.95
2014.11.17 15:02:17.463,0.83927,0.83949,1.00,1.52
2014.11.17 15:02:18.002,0.83928,0.83948,1.00,2.02
2014.11.17 15:02:18.632,0.83926,0.83947,1.17,1.95
2014.11.17 15:02:18.683,0.83926,0.83948,1.17,2.40
2014.11.17 15:02:18.885,0.83924,0.83946,1.00,2.02
2014.11.17 15:02:19.248,0.83925,0.83944,1.00,2.70
2014.11.17 15:02:19.449,0.83923,0.8394,1.00,1.55
2014.11.17 15:02:19.651,0.83919,0.8394,1.15,1.10
2014.11.17 15:02:19.751,0.83921,0.8394,1.15,1.00
2014.11.17 15:02:20.119,0.83922,0.83944,1.15,1.20
2014.11.17 15:02:20.219,0.83924,0.83941,1.00,1.50
2014.11.17 15:02:20.320,0.83916,0.83941,1.17,4.57
2014.11.17 15:02:20.371,0.83916,0.8394,1.15,1.20
2014.11.17 15:02:20.472,0.8392,0.8394,1.07,1.00
2014.11.17 15:02:20.939,0.83918,0.83942,1.17,2.25
2014.11.17 15:02:21.040,0.8392,0.83941,1.10,1.15
2014.11.17 15:02:21.241,0.8392,0.83943,1.07,1.15
2014.11.17 15:02:21.393,0.8392,0.83943,1.17,1.15
2014.11.17 15:02:22.697,0.8392,0.83943,1.17,1.52
2014.11.17 15:02:22.981,0.83919,0.83942,1.15,1.55
2014.11.17 15:02:26.087,0.83919,0.83941,1.15,1.47
2014.11.17 15:02:26.390,0.83923,0.83946,1.10,4.57
2014.11.17 15:02:27.227,0.83923,0.83945,1.10,2.77
2014.11.17 15:02:27.328,0.83925,0.83945,1.00,2.02
2014.11.17 15:02:27.832,0.83925,0.83947,1.17,1.52
2014.11.17 15:02:27.933,0.83927,0.83949,1.10,2.02
2014.11.17 15:02:27.983,0.8393,0.83949,1.00,2.02
2014.11.17 15:02:28.742,0.8393,0.8395,1.00,2.02
2014.11.17 15:02:29.421,0.83932,0.83952,1.00,2.02
2014.11.17 15:02:29.723,0.83935,0.83954,1.00,2.40
2014.11.17 15:02:30.227,0.83934,0.83952,1.00,2.02
2014.11.17 15:02:30.328,0.83932,0.83952,1.00,2.02
2014.11.17 15:02:30.428,0.83934,0.83952,1.00,2.02
2014.11.17 15:02:30.936,0.83934,0.83955,1.00,5.32
2014.11.17 15:02:31.241,0.83934,0.83955,1.00,3.82
2014.11.17 15:02:32.225,0.83934,0.83955,1.00,3.82
2014.11.17 15:02:32.728,0.83934,0.83952,1.00,2.02
2014.11.17 15:02:32.829,0.8393,0.83949,1.00,1.65
2014.11.17 15:02:32.980,0.8393,0.83952,1.00,2.02
2014.11.17 15:02:33.081,0.83934,0.83954,1.00,4.87
2014.11.17 15:02:33.283,0.83929,0.8395,1.00,2.40
2014.11.17 15:02:33.827,0.8393,0.8395,1.00,1.65
2014.11.17 15:02:33.984,0.83931,0.83951,1.00,2.02
2014.11.17 15:02:34.488,0.8393,0.8395,1.00,1.15
2014.11.17 15:02:35.034,0.83929,0.8395,1.00,3.15
2014.11.17 15:02:35.136,0.83931,0.8395,1.00,2.77
2014.11.17 15:02:35.236,0.83931,0.83951,1.00,3.15
2014.11.17 15:02:35.388,0.83932,0.83953,1.00,2.02
2014.11.17 15:02:35.489,0.83936,0.83954,1.00,2.40
2014.11.17 15:02:35.690,0.83934,0.83953,1.00,1.65
2014.11.17 15:02:36.194,0.83935,0.83953,1.00,1.65
2014.11.17 15:02:36.766,0.83935,0.83953,1.00,1.50
2014.11.17 15:02:37.296,0.83936,0.83955,1.00,2.02
2014.11.17 15:02:39.906,0.83934,0.83955,1.00,3.15
2014.11.17 15:02:40.208,0.83934,0.8395,1.00,1.00
2014.11.17 15:02:40.263,0.83934,0.83953,1.00,1.65
2014.11.17 15:02:40.415,0.83934,0.83955,1.00,3.15
2014.11.17 15:02:40.755,0.83932,0.83955,1.20,3.15
2014.11.17 15:02:41.007,0.83932,0.83955,1.15,2.40
2014.11.17 15:02:41.108,0.83933,0.83955,1.00,3.07
2014.11.17 15:02:41.209,0.83933,0.83955,1.17,1.65
2014.11.17 15:02:41.744,0.83936,0.83956,1.00,1.27
2014.11.17 15:02:41.845,0.83931,0.83956,1.15,3.45
2014.11.17 15:02:41.896,0.83931,0.83954,1.00,2.32
2014.11.17 15:02:42.198,0.83933,0.83954,1.00,2.32
2014.11.17 15:02:43.777,0.83933,0.83954,1.00,3.07
2014.11.17 15:02:44.717,0.83934,0.83954,1.00,2.70
2014.11.17 15:02:45.019,0.83935,0.83955,1.00,1.15
2014.11.17 15:02:45.226,0.83935,0.83955,1.00,1.17
2014.11.17 15:02:45.528,0.83932,0.83955,1.10,1.65
2014.11.17 15:02:45.579,0.83932,0.83955,1.17,1.65
2014.11.17 15:02:45.629,0.83932,0.83955,1.15,1.20
2014.11.17 15:02:46.134,0.83935,0.83955,1.00,1.20
2014.11.17 15:02:46.712,0.83935,0.83955,1.00,1.57
2014.11.17 15:02:47.058,0.83935,0.83959,1.15,3.15
2014.11.17 15:02:47.599,0.83935,0.83955,1.15,1.37
2014.11.17 15:02:48.215,0.83935,0.83955,1.15,1.00
2014.11.17 15:02:49.314,0.83935,0.83955,1.15,1.37
2014.11.17 15:02:49.616,0.83934,0.83955,1.07,1.57
2014.11.17 15:02:50.599,0.83934,0.83955,1.07,1.45
2014.11.17 15:02:51.113,0.83934,0.83955,1.07,1.45
2014.11.17 15:02:51.403,0.83934,0.83955,1.07,1.82
2014.11.17 15:02:51.555,0.83931,0.83955,1.07,3.82
2014.11.17 15:02:51.656,0.83931,0.83955,1.10,3.82
2014.11.17 15:02:51.706,0.83931,0.83955,1.17,1.15
2014.11.17 15:02:52.059,0.83933,0.83954,1.00,2.32
2014.11.17 15:02:52.411,0.83933,0.83955,1.17,1.17
2014.11.17 15:02:52.925,0.83935,0.83955,1.00,2.40
2014.11.17 15:02:53.609,0.83935,0.83955,1.00,1.55
2014.11.17 15:02:54.012,0.83935,0.83955,1.00,1.27
2014.11.17 15:02:54.265,0.83931,0.83955,1.15,2.40
2014.11.17 15:02:54.567,0.83929,0.83953,1.57,3.45
2014.11.17 15:02:55.129,0.83925,0.83949,1.15,1.07
2014.11.17 15:02:55.280,0.83925,0.83949,3.07,1.10
2014.11.17 15:02:55.381,0.83925,0.83951,1.15,1.65
2014.11.17 15:02:56.337,0.83926,0.8395,1.15,1.65
2014.11.17 15:02:56.438,0.83928,0.8395,2.32,1.07
2014.11.17 15:02:56.539,0.8393,0.83955,1.15,2.77
2014.11.17 15:02:57.052,0.8393,0.83953,1.15,2.02
2014.11.17 15:02:57.476,0.8393,0.83954,1.15,2.40
2014.11.17 15:02:58.040,0.83931,0.83955,1.17,3.15
2014.11.17 15:02:59.050,0.83931,0.83951,1.10,2.02
2014.11.17 15:02:59.201,0.8393,0.8395,1.07,1.55
2014.11.17 15:02:59.252,0.83928,0.83952,1.17,3.82
2014.11.17 15:02:59.352,0.83928,0.83952,3.07,1.55
2014.11.17 15:02:59.403,0.83928,0.83945,3.07,1.00
2014.11.17 15:02:59.454,0.83928,0.83945,1.20,1.00
2014.11.17 15:02:59.605,0.83926,0.8395,1.17,2.02
2014.11.17 15:03:00.114,0.83928,0.8395,1.00,1.27
2014.11.17 15:03:00.636,0.83927,0.8395,1.10,1.27
2014.11.17 15:03:00.737,0.83927,0.8395,2.32,1.27
2014.11.17 15:03:01.265,0.83928,0.8395,1.50,1.20
2014.11.17 15:03:01.567,0.8393,0.83952,1.10,3.07
2014.11.17 15:03:01.926,0.83931,0.83954,1.10,1.65
2014.11.17 15:03:01.977,0.83931,0.83955,1.10,3.45
2014.11.17 15:03:02.078,0.83931,0.83955,1.17,1.27
2014.11.17 15:03:02.381,0.83932,0.83955,2.40,1.20
2014.11.17 15:03:02.791,0.83931,0.83955,1.15,1.27
2014.11.17 15:03:03.506,0.83932,0.83954,1.07,3.82
2014.11.17 15:03:03.556,0.8393,0.83953,1.57,3.82
2014.11.17 15:03:03.657,0.83927,0.8395,1.00,1.07
2014.11.17 15:03:04.018,0.8393,0.83951,1.00,1.10
2014.11.17 15:03:04.119,0.83931,0.83955,1.00,1.12
2014.11.17 15:03:04.220,0.83933,0.83955,1.00,1.12
2014.11.17 15:03:04.644,0.8393,0.83951,1.00,1.00
2014.11.17 15:03:04.796,0.83928,0.8395,1.00,1.00
2014.11.17 15:03:05.000,0.83932,0.83956,1.00,2.02
2014.11.17 15:03:05.543,0.83931,0.83955,1.00,2.02
2014.11.17 15:03:06.081,0.83931,0.83955,1.17,1.87
2014.11.17 15:03:06.383,0.83931,0.83955,1.17,2.25
2014.11.17 15:03:06.434,0.8393,0.83954,1.15,1.37
2014.11.17 15:03:06.737,0.83934,0.83955,1.00,1.12
2014.11.17 15:03:06.838,0.8393,0.83951,1.07,1.00
2014.11.17 15:03:06.889,0.8393,0.83951,1.00,1.00
2014.11.17 15:03:06.990,0.8393,0.83955,1.57,1.00
2014.11.17 15:03:07.091,0.8393,0.83953,1.07,1.00
2014.11.17 15:03:07.294,0.83927,0.8395,1.50,1.00
2014.11.17 15:03:08.154,0.83927,0.8395,1.00,1.37
2014.11.17 15:03:08.607,0.83924,0.83949,1.00,1.52
2014.11.17 15:03:08.658,0.83922,0.83945,1.00,1.00
2014.11.17 15:03:08.859,0.83923,0.83947,1.20,1.00
2014.11.17 15:03:09.062,0.8392,0.83945,2.40,1.00
2014.11.17 15:03:09.314,0.83918,0.83945,2.32,2.02
2014.11.17 15:03:09.844,0.83917,0.83942,1.65,1.00
2014.11.17 15:03:10.046,0.8392,0.83945,1.00,1.55
2014.11.17 15:03:10.253,0.83917,0.83944,1.17,2.70
2014.11.17 15:03:10.304,0.83917,0.83944,1.00,4.95
2014.11.17 15:03:10.836,0.83915,0.8394,1.00,1.57
2014.11.17 15:03:11.341,0.83916,0.8394,1.00,2.32
2014.11.17 15:03:12.512,0.83916,0.8394,1.00,1.85
2014.11.17 15:03:14.454,0.83916,0.8394,1.00,6.07
2014.11.17 15:03:14.998,0.83916,0.8394,1.00,4.57
2014.11.17 15:03:15.343,0.83916,0.8394,1.00,1.92
2014.11.17 15:03:15.523,0.83916,0.8394,1.00,1.92
2014.11.17 15:03:15.624,0.83916,0.8394,1.00,1.65
2014.11.17 15:03:15.775,0.83918,0.83935,1.00,1.00
2014.11.17 15:03:15.876,0.83912,0.83935,1.07,1.10
2014.11.17 15:03:16.027,0.83916,0.8394,1.00,1.55
2014.11.17 15:03:16.078,0.83918,0.8394,1.00,1.55
2014.11.17 15:03:16.383,0.83916,0.83935,1.15,1.00
2014.11.17 15:03:16.585,0.83915,0.8394,1.65,1.52
2014.11.17 15:03:16.887,0.83915,0.83939,1.17,2.70
2014.11.17 15:03:16.937,0.83915,0.83939,1.10,2.70
2014.11.17 15:03:17.089,0.83915,0.83934,1.00,1.57
2014.11.17 15:03:17.139,0.83911,0.83934,1.15,1.65
2014.11.17 15:03:17.241,0.83908,0.83933,1.17,1.15
2014.11.17 15:03:17.393,0.83909,0.83935,1.07,2.70
2014.11.17 15:03:17.547,0.83907,0.83932,1.17,2.32
2014.11.17 15:03:18.431,0.83906,0.83931,1.15,1.55
2014.11.17 15:03:18.977,0.83906,0.8393,1.15,1.85
2014.11.17 15:03:19.279,0.83907,0.8393,1.65,1.90
2014.11.17 15:03:19.330,0.83907,0.83931,1.65,1.90
2014.11.17 15:03:19.482,0.83907,0.83932,1.65,1.52
2014.11.17 15:03:20.954,0.83908,0.83933,1.15,4.57
2014.11.17 15:03:22.041,0.83908,0.83933,1.15,4.57
2014.11.17 15:03:23.747,0.8391,0.83935,2.40,2.40
2014.11.17 15:03:24.050,0.83908,0.8393,1.15,1.82
2014.11.17 15:03:24.788,0.83908,0.83931,1.65,2.40
2014.11.17 15:03:25.309,0.83908,0.83931,1.65,2.40
2014.11.17 15:03:25.510,0.83908,0.8393,1.20,1.92
2014.11.17 15:03:25.561,0.83904,0.8393,6.75,1.55
2014.11.17 15:03:25.713,0.83904,0.8393,2.40,4.20
2014.11.17 15:03:26.381,0.83903,0.83929,2.40,1.90
2014.11.17 15:03:26.482,0.83903,0.83928,2.40,5.25
2014.11.17 15:03:27.664,0.83904,0.83926,1.50,2.32
2014.11.17 15:03:27.715,0.83904,0.83927,1.57,3.45
2014.11.17 15:03:27.816,0.83904,0.83925,1.65,1.00
2014.11.17 15:03:27.917,0.83905,0.83927,2.40,1.20
2014.11.17 15:03:28.219,0.83907,0.83931,1.07,1.52
2014.11.17 15:03:28.370,0.83912,0.83933,1.50,1.27
2014.11.17 15:03:28.420,0.83909,0.83929,1.10,2.25
2014.11.17 15:03:28.572,0.83907,0.83929,2.25,2.32
2014.11.17 15:03:28.673,0.83909,0.8393,1.50,2.32
2014.11.17 15:03:28.774,0.83909,0.8393,1.57,1.15
2014.11.17 15:03:29.277,0.83909,0.83931,1.57,1.52
2014.11.17 15:03:29.781,0.83908,0.83931,1.57,2.02
2014.11.17 15:03:29.932,0.83907,0.83928,1.57,2.25
2014.11.17 15:03:30.234,0.83907,0.8393,1.57,3.45
2014.11.17 15:03:30.285,0.83908,0.83931,2.25,1.52
2014.11.17 15:03:30.335,0.83908,0.83932,2.32,1.52
2014.11.17 15:03:30.923,0.83908,0.83931,1.65,2.70
2014.11.17 15:03:31.386,0.83906,0.83931,2.40,3.07
2014.11.17 15:03:31.980,0.83906,0.8393,1.15,1.90
2014.11.17 15:03:32.580,0.83908,0.8393,1.10,1.90
2014.11.17 15:03:33.121,0.83908,0.83931,1.10,3.07
2014.11.17 15:03:33.635,0.83908,0.83931,1.10,3.07
2014.11.17 15:03:33.937,0.83908,0.83932,1.07,3.82
2014.11.17 15:03:34.431,0.83908,0.83932,1.17,3.82
2014.11.17 15:03:34.970,0.83908,0.8393,1.17,1.90
2014.11.17 15:03:35.480,0.83908,0.8393,1.17,1.90
2014.11.17 15:03:36.063,0.83908,0.8393,1.17,1.90
2014.11.17 15:03:36.759,0.83908,0.83932,1.17,3.82
2014.11.17 15:03:37.526,0.83908,0.83932,1.17,3.82
2014.11.17 15:03:38.456,0.83908,0.83932,1.17,3.82
2014.11.17 15:03:38.520,0.83908,0.83932,1.17,3.82
2014.11.17 15:03:39.226,0.8391,0.83932,1.00,3.82
2014.11.17 15:03:39.835,0.8391,0.83932,1.00,3.82
2014.11.17 15:03:40.653,0.8391,0.83932,1.00,3.07
2014.11.17 15:03:40.755,0.83913,0.83932,1.50,3.07
2014.11.17 15:03:40.856,0.83911,0.83934,1.57,3.45
2014.11.17 15:03:40.957,0.83913,0.83935,1.65,1.52
2014.11.17 15:03:41.515,0.83914,0.83937,1.50,3.07
2014.11.17 15:03:42.167,0.83914,0.83937,1.50,3.07
2014.11.17 15:03:42.368,0.83911,0.83932,1.57,1.47
2014.11.17 15:03:42.570,0.83908,0.83931,1.57,1.15
2014.11.17 15:03:42.771,0.83909,0.83931,1.57,1.07
2014.11.17 15:03:44.025,0.83907,0.83931,2.40,1.15
2014.11.17 15:03:44.076,0.83907,0.83931,2.40,1.15
2014.11.17 15:03:44.378,0.83907,0.83931,1.17,1.90
2014.11.17 15:03:44.911,0.83905,0.83929,2.40,1.92
2014.11.17 15:03:45.701,0.83905,0.83929,1.65,1.90
2014.11.17 15:03:45.861,0.83905,0.83929,1.65,1.92
2014.11.17 15:03:46.365,0.83906,0.8393,1.15,2.40
2014.11.17 15:03:46.516,0.83906,0.8393,1.15,2.25
2014.11.17 15:03:46.617,0.83908,0.8393,1.65,1.50
2014.11.17 15:03:46.668,0.83909,0.8393,1.65,1.50
2014.11.17 15:03:47.200,0.83908,0.8393,2.32,1.50
2014.11.17 15:03:47.525,0.83906,0.8393,1.15,2.40
2014.11.17 15:03:48.044,0.83905,0.83929,1.15,1.92
2014.11.17 15:03:48.559,0.83906,0.83929,1.65,1.92
2014.11.17 15:03:49.691,0.83906,0.83929,2.02,1.55
2014.11.17 15:03:49.892,0.83907,0.8393,2.02,1.52
2014.11.17 15:03:49.993,0.83907,0.8393,4.20,1.45
2014.11.17 15:03:50.195,0.8391,0.8393,2.40,1.00
2014.11.17 15:03:50.296,0.8391,0.83934,3.15,1.20
2014.11.17 15:03:50.497,0.83911,0.83934,1.65,1.15
2014.11.17 15:03:50.931,0.83909,0.8393,1.10,1.27
2014.11.17 15:03:51.032,0.83905,0.8393,3.15,2.02
2014.11.17 15:03:51.387,0.83906,0.83929,1.65,1.10
2014.11.17 15:03:51.689,0.83908,0.8393,3.82,1.87
2014.11.17 15:03:51.891,0.8391,0.83933,1.15,1.10
2014.11.17 15:03:52.659,0.8391,0.83934,2.40,1.15
2014.11.17 15:03:52.710,0.83911,0.83935,1.10,3.07
2014.11.17 15:03:52.811,0.83911,0.83935,1.17,1.17
2014.11.17 15:03:52.862,0.83911,0.83935,2.40,1.07
2014.11.17 15:03:53.366,0.83911,0.83935,4.57,1.17
2014.11.17 15:03:53.718,0.83911,0.83935,1.17,1.15
2014.11.17 15:03:53.769,0.83915,0.83935,1.00,1.15
2014.11.17 15:03:53.870,0.83911,0.83935,1.17,1.15
2014.11.17 15:03:53.971,0.8391,0.83933,2.32,1.15
2014.11.17 15:03:54.021,0.8391,0.83931,2.32,1.15
2014.11.17 15:03:54.223,0.83908,0.83931,2.32,1.00
2014.11.17 15:03:54.525,0.83909,0.83933,1.17,1.15
2014.11.17 15:03:54.677,0.83907,0.83932,1.17,3.45
2014.11.17 15:03:54.728,0.83906,0.83932,2.40,5.62
2014.11.17 15:03:55.566,0.83907,0.83932,2.40,3.45
2014.11.17 15:03:55.933,0.83905,0.83926,1.17,1.47
2014.11.17 15:03:56.448,0.83905,0.83926,1.00,1.52
2014.11.17 15:03:57.509,0.83905,0.83926,1.17,1.55
2014.11.17 15:03:57.710,0.83905,0.83929,2.02,1.52
2014.11.17 15:03:57.932,0.83905,0.83928,1.10,1.52
2014.11.17 15:03:58.617,0.83905,0.83925,1.15,1.37
2014.11.17 15:03:58.819,0.83905,0.83929,2.02,1.52
2014.11.17 15:03:58.920,0.8391,0.83929,1.00,1.52
2014.11.17 15:03:59.125,0.83905,0.83929,1.65,1.52
2014.11.17 15:03:59.643,0.83905,0.83929,3.15,1.65
2014.11.17 15:04:00.047,0.83905,0.83929,3.15,1.52
2014.11.17 15:04:00.555,0.83905,0.83929,3.52,1.52
2014.11.17 15:04:01.138,0.83906,0.8393,1.10,3.82
2014.11.17 15:04:01.557,0.839,0.8392,1.50,1.17
2014.11.17 15:04:01.658,0.839,0.83915,1.00,3.07
2014.11.17 15:04:01.709,0.83891,0.83911,1.17,1.47
2014.11.17 15:04:01.760,0.83891,0.83911,1.00,1.17
2014.11.17 15:04:01.862,0.8389,0.83911,1.00,1.15
2014.11.17 15:04:01.963,0.8389,0.83915,3.07,1.27
2014.11.17 15:04:02.165,0.83889,0.83915,3.15,3.45
2014.11.17 15:04:02.234,0.83892,0.83915,1.57,3.45
2014.11.17 15:04:02.285,0.83891,0.83913,2.32,1.00
2014.11.17 15:04:02.336,0.83894,0.83916,1.15,1.37
2014.11.17 15:04:02.437,0.83894,0.8392,1.65,1.65
2014.11.17 15:04:02.538,0.83895,0.8392,1.65,1.15
2014.11.17 15:04:02.841,0.83896,0.83923,2.40,4.20
2014.11.17 15:04:03.043,0.83895,0.8392,1.17,1.15
2014.11.17 15:04:03.346,0.83892,0.83915,1.65,1.17
2014.11.17 15:04:03.849,0.83895,0.83918,1.00,2.32
2014.11.17 15:04:04.882,0.83891,0.83918,1.27,3.45
2014.11.17 15:04:05.424,0.83895,0.83918,1.00,3.45
2014.11.17 15:04:05.936,0.83895,0.83918,1.00,3.82
2014.11.17 15:04:06.474,0.83895,0.83918,1.00,3.45
2014.11.17 15:04:06.838,0.83895,0.83918,1.00,3.82
2014.11.17 15:04:07.052,0.83891,0.83915,1.20,2.70
2014.11.17 15:04:07.573,0.8389,0.83916,1.52,3.45
2014.11.17 15:04:08.147,0.83895,0.83916,1.00,1.52
2014.11.17 15:04:08.730,0.83895,0.83916,1.00,1.52
2014.11.17 15:04:09.147,0.8389,0.83916,4.20,1.52
2014.11.17 15:04:09.450,0.8389,0.83914,1.57,2.70
2014.11.17 15:04:09.550,0.83889,0.83912,1.20,3.07
2014.11.17 15:04:10.054,0.83885,0.8391,3.07,1.15
2014.11.17 15:04:10.356,0.83885,0.8391,3.82,1.65
2014.11.17 15:04:10.561,0.83885,0.8391,3.82,1.27
2014.11.17 15:04:10.662,0.83885,0.83909,1.07,1.15
2014.11.17 15:04:11.189,0.83885,0.83905,1.07,1.00
2014.11.17 15:04:11.290,0.83885,0.83905,1.07,1.37
2014.11.17 15:04:11.592,0.83884,0.83908,1.65,1.52
2014.11.17 15:04:12.162,0.83885,0.83905,1.17,1.12
2014.11.17 15:04:12.561,0.83885,0.83905,1.17,1.37
2014.11.17 15:04:13.602,0.83885,0.83905,1.17,1.37
2014.11.17 15:04:13.962,0.83885,0.83905,1.17,1.12
2014.11.17 15:04:14.774,0.83885,0.83905,1.17,1.37
2014.11.17 15:04:15.973,0.83885,0.83904,1.17,1.37
2014.11.17 15:04:16.868,0.83885,0.83904,1.17,1.37
2014.11.17 15:04:18.723,0.83882,0.83908,3.45,3.15
2014.11.17 15:04:22.182,0.83885,0.83907,1.27,1.55
2014.11.17 15:04:22.314,0.83885,0.83907,1.55,1.55
2014.11.17 15:04:22.365,0.8389,0.83907,1.00,1.45
2014.11.17 15:04:22.674,0.83885,0.83908,1.27,1.50
2014.11.17 15:04:22.725,0.83885,0.83908,1.27,1.37
2014.11.17 15:04:22.826,0.83885,0.83907,1.15,1.20
2014.11.17 15:04:23.818,0.83885,0.83907,1.15,1.65
2014.11.17 15:04:24.367,0.8388,0.83903,2.70,1.37
2014.11.17 15:04:24.417,0.83879,0.83903,1.55,1.52
2014.11.17 15:04:24.569,0.83883,0.83904,1.00,3.07
2014.11.17 15:04:24.620,0.83883,0.83905,1.10,1.65
2014.11.17 15:04:24.670,0.8389,0.83907,1.00,2.25
2014.11.17 15:04:24.721,0.8389,0.83908,1.00,1.17
2014.11.17 15:04:26.539,0.83888,0.83911,1.00,3.07
2014.11.17 15:04:26.942,0.83886,0.8391,1.17,2.40
2014.11.17 15:04:28.001,0.83884,0.83908,2.02,3.07
2014.11.17 15:04:28.204,0.83882,0.83906,1.07,2.70
2014.11.17 15:04:28.255,0.83882,0.83907,1.15,1.52
2014.11.17 15:04:28.305,0.83882,0.83906,2.32,1.47
2014.11.17 15:04:29.015,0.83885,0.83907,1.00,2.32
2014.11.17 15:04:29.497,0.83881,0.83906,1.15,1.20
2014.11.17 15:04:29.699,0.83885,0.83908,1.15,1.10
2014.11.17 15:04:29.800,0.83885,0.8391,1.65,5.25
2014.11.17 15:04:31.415,0.83885,0.8391,1.27,7.50
2014.11.17 15:04:32.037,0.83885,0.8391,1.57,7.50
2014.11.17 15:04:32.339,0.8388,0.83905,1.17,5.32
2014.11.17 15:04:32.642,0.83879,0.839,1.00,1.65
2014.11.17 15:04:32.721,0.83879,0.839,1.00,1.57
2014.11.17 15:04:33.160,0.83879,0.839,1.00,1.27
2014.11.17 15:04:33.712,0.83876,0.839,1.15,1.27
2014.11.17 15:04:33.762,0.83876,0.839,1.15,1.65
2014.11.17 15:04:35.167,0.83876,0.83899,1.00,3.07
2014.11.17 15:04:35.218,0.8388,0.83898,1.00,1.52
2014.11.17 15:04:35.571,0.83875,0.83893,1.00,1.10
2014.11.17 15:04:35.722,0.83875,0.83893,1.00,1.07
2014.11.17 15:04:36.074,0.8387,0.83893,1.15,1.15
2014.11.17 15:04:36.226,0.83869,0.83891,1.07,2.25
2014.11.17 15:04:36.327,0.8387,0.8389,1.17,1.00
2014.11.17 15:04:36.427,0.83871,0.83896,1.15,3.45
2014.11.17 15:04:36.729,0.8387,0.83892,1.17,1.17
2014.11.17 15:04:37.032,0.83867,0.83891,1.15,1.15
2014.11.17 15:04:37.416,0.83868,0.83892,1.15,1.20
2014.11.17 15:04:38.972,0.83871,0.83895,1.00,2.77
2014.11.17 15:04:40.188,0.83871,0.83895,1.00,2.40
2014.11.17 15:04:40.747,0.83869,0.83893,1.15,1.65
2014.11.17 15:04:41.612,0.8387,0.83894,1.20,1.65
2014.11.17 15:04:42.147,0.8387,0.83894,1.27,1.52
2014.11.17 15:04:42.399,0.83865,0.83892,1.65,1.52
2014.11.17 15:04:42.450,0.83865,0.83889,1.65,2.32
2014.11.17 15:04:42.500,0.83863,0.83889,1.15,3.07
2014.11.17 15:04:43.132,0.8386,0.83886,3.45,1.17
2014.11.17 15:04:43.447,0.8386,0.83883,1.27,1.17
2014.11.17 15:04:43.599,0.8386,0.83882,1.12,1.15
2014.11.17 15:04:43.649,0.8386,0.83882,1.00,3.07
2014.11.17 15:04:43.845,0.8386,0.83885,1.65,1.27
2014.11.17 15:04:44.603,0.83861,0.83886,2.77,1.52
2014.11.17 15:04:45.151,0.83861,0.83886,2.77,1.65
2014.11.17 15:04:45.325,0.83861,0.83886,1.17,1.90
2014.11.17 15:04:45.376,0.83861,0.83886,1.00,3.82
2014.11.17 15:04:45.427,0.83861,0.83886,1.00,3.45
2014.11.17 15:04:45.528,0.83861,0.83886,1.07,3.45
2014.11.17 15:04:45.679,0.83861,0.83885,1.10,2.70
2014.11.17 15:04:46.561,0.83861,0.83886,1.15,1.52
2014.11.17 15:04:47.249,0.83862,0.83887,1.52,3.45
2014.11.17 15:04:47.772,0.83862,0.83887,1.52,1.52
2014.11.17 15:04:50.240,0.83863,0.83889,1.27,3.82
2014.11.17 15:04:50.770,0.83865,0.83887,1.00,3.07
2014.11.17 15:04:50.871,0.83864,0.83886,1.07,1.15
2014.11.17 15:04:51.109,0.8387,0.83888,1.00,3.45
2014.11.17 15:04:51.159,0.83865,0.83888,1.10,3.45
2014.11.17 15:04:51.683,0.83865,0.83888,1.07,1.52
2014.11.17 15:04:51.784,0.83865,0.8389,1.07,2.02
2014.11.17 15:04:51.986,0.83868,0.83894,1.17,1.52
2014.11.17 15:04:52.846,0.8387,0.83894,1.17,1.65
2014.11.17 15:04:53.172,0.8387,0.83894,1.17,1.90
2014.11.17 15:04:53.851,0.8387,0.83894,1.17,1.90
2014.11.17 15:04:55.396,0.8387,0.83894,1.65,1.90
2014.11.17 15:04:55.912,0.8387,0.83894,1.17,1.90
2014.11.17 15:04:56.310,0.8387,0.83894,1.17,1.52
2014.11.17 15:04:56.361,0.8387,0.83892,1.57,2.70
2014.11.17 15:04:56.714,0.8387,0.83892,1.10,1.27
2014.11.17 15:04:56.764,0.83868,0.83892,3.07,1.27
2014.11.17 15:04:57.884,0.83871,0.83895,1.15,1.52
2014.11.17 15:04:58.190,0.83871,0.83895,1.27,1.65
2014.11.17 15:04:58.772,0.8387,0.83893,1.15,1.52
2014.11.17 15:04:59.075,0.83865,0.8389,2.02,3.45
2014.11.17 15:04:59.377,0.83867,0.8389,2.32,1.00
2014.11.17 15:04:59.679,0.83875,0.839,2.32,2.02
2014.11.17 15:04:59.981,0.83878,0.839,3.07,1.00
2014.11.17 15:05:00.283,0.83884,0.83905,1.07,1.17
2014.11.17 15:05:00.793,0.83883,0.83907,1.15,1.52
2014.11.17 15:05:01.300,0.83885,0.83907,1.47,1.52
2014.11.17 15:05:01.872,0.83885,0.83907,1.47,1.15
2014.11.17 15:05:02.241,0.83885,0.83908,2.70,1.17
2014.11.17 15:05:02.544,0.83888,0.83913,3.45,1.45
2014.11.17 15:05:02.695,0.83888,0.83913,3.07,1.07
2014.11.17 15:05:03.535,0.83888,0.83913,4.95,1.45
2014.11.17 15:05:03.586,0.8389,0.83913,2.70,1.47
2014.11.17 15:05:04.551,0.8389,0.83914,2.70,1.55
2014.11.17 15:05:05.071,0.83892,0.83915,1.27,1.52
2014.11.17 15:05:05.223,0.83892,0.83915,1.52,1.20
2014.11.17 15:05:05.424,0.83896,0.8392,3.45,1.47
2014.11.17 15:05:05.626,0.83899,0.83922,1.52,1.37
2014.11.17 15:05:06.129,0.839,0.83922,1.00,2.32
2014.11.17 15:05:06.230,0.839,0.83924,1.17,1.15
2014.11.17 15:05:06.281,0.83903,0.83926,1.10,2.32
2014.11.17 15:05:06.332,0.83903,0.83927,1.20,1.15
2014.11.17 15:05:06.383,0.83905,0.83929,1.00,5.62
2014.11.17 15:05:07.541,0.83905,0.83928,1.37,1.52
2014.11.17 15:05:08.052,0.83904,0.83928,1.55,1.55
2014.11.17 15:05:08.749,0.83904,0.83928,1.55,1.55
2014.11.17 15:05:09.064,0.83904,0.83928,1.37,1.52
2014.11.17 15:05:09.674,0.83902,0.83927,1.52,1.52
2014.11.17 15:05:10.207,0.83902,0.83927,1.52,1.65
2014.11.17 15:05:10.257,0.83902,0.83927,1.52,1.52
2014.11.17 15:05:10.754,0.83902,0.83927,1.52,1.65
2014.11.17 15:05:11.006,0.83901,0.83926,1.20,5.62
2014.11.17 15:05:11.107,0.83899,0.83924,1.17,3.07
2014.11.17 15:05:11.610,0.83901,0.83924,1.00,2.32
2014.11.17 15:05:12.295,0.83901,0.83924,1.37,2.70
2014.11.17 15:05:12.803,0.83901,0.83924,1.12,2.70
2014.11.17 15:05:13.310,0.839,0.83923,1.37,4.87
2014.11.17 15:05:13.612,0.83901,0.83924,3.45,2.62
2014.11.17 15:05:13.663,0.83901,0.83924,1.47,2.70
2014.11.17 15:05:13.765,0.83905,0.83926,1.00,1.15
2014.11.17 15:05:14.068,0.839,0.83924,1.65,1.15
2014.11.17 15:05:15.725,0.839,0.83922,1.27,1.45
2014.11.17 15:05:15.826,0.83899,0.83922,2.32,1.10
2014.11.17 15:05:16.142,0.83896,0.83921,1.15,1.52
2014.11.17 15:05:16.952,0.83897,0.83921,2.32,1.55
2014.11.17 15:05:17.456,0.83899,0.83924,1.15,1.52
2014.11.17 15:05:17.779,0.83899,0.83924,1.15,1.15
2014.11.17 15:05:19.333,0.839,0.83924,1.52,1.52
2014.11.17 15:05:19.867,0.839,0.83924,1.52,1.52
2014.11.17 15:05:20.019,0.83899,0.83924,1.52,3.45
2014.11.17 15:05:20.639,0.83899,0.83924,1.52,1.52
2014.11.17 15:05:21.143,0.839,0.83924,1.52,1.45
2014.11.17 15:05:21.245,0.83901,0.83925,1.10,3.07
2014.11.17 15:05:21.548,0.839,0.83918,1.00,1.15
2014.11.17 15:05:22.238,0.839,0.8392,1.00,1.15
2014.11.17 15:05:22.339,0.839,0.83924,1.17,1.15
2014.11.17 15:05:22.811,0.839,0.83922,1.07,1.52
2014.11.17 15:05:22.862,0.839,0.83922,1.10,1.52
2014.11.17 15:05:22.963,0.839,0.8392,1.00,1.55
2014.11.17 15:05:23.064,0.83897,0.83922,3.07,1.15
2014.11.17 15:05:23.368,0.839,0.83921,1.17,1.00
2014.11.17 15:05:23.419,0.83899,0.83923,3.82,1.20
2014.11.17 15:05:24.569,0.83899,0.83923,4.20,1.47
2014.11.17 15:05:25.162,0.83899,0.83923,4.20,1.47
2014.11.17 15:05:25.573,0.83899,0.83923,4.20,1.47
2014.11.17 15:05:25.927,0.83899,0.83922,1.15,1.45
2014.11.17 15:05:26.824,0.83899,0.83922,1.15,1.15
2014.11.17 15:05:26.925,0.83899,0.83922,1.15,1.10
2014.11.17 15:05:27.129,0.83899,0.83922,1.15,1.07
2014.11.17 15:05:27.632,0.83899,0.83922,1.27,1.52
2014.11.17 15:05:28.599,0.83899,0.83921,1.55,1.52
2014.11.17 15:05:28.701,0.83899,0.83921,1.52,1.20
2014.11.17 15:05:29.309,0.83899,0.83922,2.02,1.55
2014.11.17 15:05:31.633,0.83899,0.83924,1.52,1.52
2014.11.17 15:05:31.684,0.83899,0.83925,4.20,1.52
2014.11.17 15:05:31.986,0.839,0.83925,2.70,2.32
2014.11.17 15:05:32.138,0.83899,0.83925,2.40,3.82
2014.11.17 15:05:32.238,0.83899,0.83925,4.57,1.65
2014.11.17 15:05:32.389,0.83902,0.83924,1.10,2.32
2014.11.17 15:05:32.490,0.839,0.83923,1.10,2.32
2014.11.17 15:05:32.541,0.839,0.8392,1.00,1.17
2014.11.17 15:05:32.692,0.83896,0.83919,1.27,1.15
2014.11.17 15:05:32.843,0.83896,0.83918,1.20,2.32
2014.11.17 15:05:33.364,0.83894,0.83915,1.17,1.17
2014.11.17 15:05:33.873,0.83894,0.83915,1.55,1.17
2014.11.17 15:05:34.250,0.83894,0.83915,1.65,1.10
2014.11.17 15:05:34.351,0.83895,0.83917,2.02,1.10
2014.11.17 15:05:34.502,0.83897,0.83919,1.52,1.27
2014.11.17 15:05:34.654,0.83898,0.8392,1.15,1.37
2014.11.17 15:05:34.754,0.83896,0.83918,1.20,1.52
2014.11.17 15:05:34.855,0.83896,0.83918,1.37,3.45
2014.11.17 15:05:35.158,0.83896,0.83918,1.55,1.27
2014.11.17 15:05:36.332,0.83895,0.83917,1.95,1.27
2014.11.17 15:05:37.064,0.83895,0.83918,1.55,1.52
2014.11.17 15:05:37.265,0.83897,0.8392,1.00,1.15
2014.11.17 15:05:37.366,0.83897,0.8392,1.17,1.17
2014.11.17 15:05:37.467,0.83897,0.83919,1.00,1.65
2014.11.17 15:05:37.568,0.83897,0.83919,1.00,4.50
2014.11.17 15:05:37.719,0.83895,0.83918,1.15,1.20
2014.11.17 15:05:37.769,0.83895,0.83918,1.10,1.15
2014.11.17 15:05:38.071,0.83895,0.83917,1.15,1.10
2014.11.17 15:05:38.474,0.83896,0.83919,2.32,1.00
2014.11.17 15:05:39.364,0.83898,0.83922,1.10,2.70
2014.11.17 15:05:39.566,0.83896,0.8392,1.10,3.07
2014.11.17 15:05:39.868,0.83895,0.83918,1.00,2.32
2014.11.17 15:05:40.171,0.83889,0.83911,1.00,2.32
2014.11.17 15:05:40.271,0.83885,0.83908,1.57,2.32
2014.11.17 15:05:40.775,0.83885,0.83906,1.10,1.17
2014.11.17 15:05:40.876,0.83885,0.83906,1.00,3.07
2014.11.17 15:05:40.927,0.8388,0.83906,1.52,3.07
2014.11.17 15:05:40.978,0.83881,0.83906,2.70,1.15
2014.11.17 15:05:41.079,0.83883,0.83907,1.15,1.20
2014.11.17 15:05:41.353,0.83883,0.83908,1.17,2.32
2014.11.17 15:05:41.404,0.83883,0.83908,1.20,4.50
2014.11.17 15:05:41.671,0.83882,0.83905,2.32,1.00
2014.11.17 15:05:41.772,0.83882,0.83908,1.17,1.15
2014.11.17 15:05:41.977,0.83881,0.83904,1.10,2.32
2014.11.17 15:05:42.481,0.8388,0.839,1.00,1.07
2014.11.17 15:05:42.683,0.83871,0.83898,1.15,3.07
2014.11.17 15:05:42.884,0.83874,0.839,1.15,3.07
2014.11.17 15:05:43.086,0.83874,0.83896,1.00,1.00
2014.11.17 15:05:43.600,0.83872,0.83896,1.17,1.00
2014.11.17 15:05:44.116,0.83871,0.83895,1.00,1.00
2014.11.17 15:05:44.369,0.83872,0.83895,1.12,1.37
2014.11.17 15:05:46.279,0.83873,0.83897,1.00,1.45
2014.11.17 15:05:46.381,0.83876,0.839,1.37,1.27
2014.11.17 15:05:46.582,0.83878,0.83903,1.00,1.55
2014.11.17 15:05:46.734,0.83878,0.83902,1.27,2.70
2014.11.17 15:05:47.246,0.83878,0.83903,1.07,2.70
2014.11.17 15:05:47.750,0.83878,0.83902,1.15,1.27
2014.11.17 15:05:48.401,0.83875,0.83899,2.40,1.15
2014.11.17 15:05:48.703,0.83877,0.83901,2.77,1.55
2014.11.17 15:05:50.316,0.83878,0.83904,1.15,3.07
2014.11.17 15:05:50.417,0.83878,0.83901,1.00,2.70
2014.11.17 15:05:50.517,0.83877,0.83899,1.00,2.70
2014.11.17 15:05:51.021,0.83875,0.839,1.27,1.90
2014.11.17 15:05:51.518,0.83873,0.83897,1.52,2.70
2014.11.17 15:05:52.570,0.83875,0.83897,1.37,2.70
2014.11.17 15:05:53.041,0.83875,0.83897,1.37,2.70
2014.11.17 15:05:53.192,0.83875,0.83899,1.65,1.15
2014.11.17 15:05:53.246,0.83871,0.83897,3.45,3.07
2014.11.17 15:05:53.397,0.83875,0.83899,1.65,1.15
2014.11.17 15:05:53.448,0.83875,0.83899,1.65,1.17
2014.11.17 15:05:53.498,0.83875,0.83899,1.65,1.20
2014.11.17 15:05:54.160,0.83875,0.839,1.65,1.15
2014.11.17 15:05:54.673,0.83876,0.83901,1.17,1.15
2014.11.17 15:05:54.925,0.83878,0.83904,1.15,2.77
2014.11.17 15:05:55.227,0.8388,0.83905,1.65,1.52
2014.11.17 15:05:55.532,0.83879,0.83904,1.07,3.45
2014.11.17 15:05:56.044,0.83878,0.83902,1.20,2.70
2014.11.17 15:05:56.447,0.83876,0.83901,3.07,1.17
2014.11.17 15:05:57.306,0.83876,0.83901,3.45,1.65
2014.11.17 15:05:57.684,0.83876,0.83901,3.45,1.55
2014.11.17 15:05:57.735,0.83875,0.83899,4.20,1.45
2014.11.17 15:05:57.887,0.83875,0.83899,1.15,1.17
2014.11.17 15:05:57.988,0.83878,0.83902,1.15,1.15
2014.11.17 15:05:58.140,0.83878,0.83902,3.07,1.17
2014.11.17 15:05:58.594,0.83879,0.83903,3.07,1.20
2014.11.17 15:05:58.795,0.83879,0.83903,1.15,1.27
2014.11.17 15:05:58.946,0.83879,0.83903,1.15,1.27
2014.11.17 15:05:59.452,0.8388,0.83904,1.10,3.45
2014.11.17 15:06:00.220,0.83878,0.83904,1.27,3.82
2014.11.17 15:06:00.532,0.83878,0.83904,1.52,3.45
2014.11.17 15:06:01.860,0.83878,0.83904,1.52,3.82
2014.11.17 15:06:02.388,0.83876,0.839,1.52,1.52
2014.11.17 15:06:02.891,0.83876,0.839,3.45,1.52
2014.11.17 15:06:03.859,0.83876,0.83897,1.07,2.25
2014.11.17 15:06:03.960,0.83874,0.83897,1.00,2.32
2014.11.17 15:06:04.215,0.83876,0.83897,1.00,2.32
2014.11.17 15:06:04.467,0.83874,0.83895,1.00,1.15
2014.11.17 15:06:04.568,0.83871,0.83895,1.27,1.65
2014.11.17 15:06:04.739,0.83871,0.83895,1.57,2.02
2014.11.17 15:06:05.047,0.83871,0.83893,1.37,2.32
2014.11.17 15:06:05.248,0.8387,0.83893,1.10,3.07
2014.11.17 15:06:06.165,0.83868,0.8389,1.10,1.15
2014.11.17 15:06:06.468,0.83866,0.8389,1.12,1.65
2014.11.17 15:06:06.570,0.8387,0.8389,1.00,1.07
2014.11.17 15:06:07.107,0.83867,0.8389,1.15,1.10
2014.11.17 15:06:08.120,0.8387,0.83891,1.47,1.17
2014.11.17 15:06:08.653,0.8387,0.83891,1.15,1.10
2014.11.17 15:06:10.102,0.83868,0.8389,2.70,1.37
2014.11.17 15:06:10.203,0.83867,0.8389,1.52,1.55
2014.11.17 15:06:10.875,0.8387,0.83891,1.12,1.52
2014.11.17 15:06:11.127,0.8387,0.83891,1.07,1.07
2014.11.17 15:06:11.178,0.8387,0.83891,1.15,1.00
2014.11.17 15:06:11.278,0.8387,0.83888,1.10,1.00
2014.11.17 15:06:11.785,0.83866,0.83887,2.32,1.00
2014.11.17 15:06:11.836,0.83866,0.8389,2.32,1.17
2014.11.17 15:06:11.887,0.83864,0.8389,3.45,1.15
2014.11.17 15:06:12.485,0.83865,0.83888,2.32,1.00
2014.11.17 15:06:12.994,0.83864,0.83888,1.52,1.55
2014.11.17 15:06:13.620,0.83864,0.83888,1.52,1.55
2014.11.17 15:06:14.150,0.83865,0.83889,2.02,1.27
2014.11.17 15:06:14.844,0.83868,0.83891,1.57,2.32
2014.11.17 15:06:14.894,0.8387,0.83892,1.45,1.20
2014.11.17 15:06:14.995,0.83872,0.83895,1.55,1.45
2014.11.17 15:06:15.398,0.83872,0.83896,1.20,1.27
2014.11.17 15:06:15.600,0.8387,0.83895,1.15,1.15
2014.11.17 15:06:16.126,0.8387,0.83892,1.15,1.17
2014.11.17 15:06:16.679,0.8387,0.83891,1.15,1.57
2014.11.17 15:06:16.902,0.83865,0.83885,1.12,1.52
2014.11.17 15:06:17.406,0.8386,0.83884,3.07,1.17
2014.11.17 15:06:17.557,0.83861,0.83886,4.50,1.00
2014.11.17 15:06:17.719,0.8386,0.83885,1.65,1.15
2014.11.17 15:06:18.829,0.8386,0.83884,2.40,1.52
2014.11.17 15:06:18.931,0.8386,0.83884,1.17,1.65
2014.11.17 15:06:19.082,0.83855,0.83879,4.20,1.55
2014.11.17 15:06:19.133,0.83855,0.83879,4.20,1.55
2014.11.17 15:06:19.234,0.83854,0.83878,3.52,1.45
2014.11.17 15:06:19.335,0.83855,0.8388,1.15,1.20
2014.11.17 15:06:19.700,0.83857,0.8388,2.32,1.10
2014.11.17 15:06:20.492,0.8386,0.83882,1.17,1.65
2014.11.17 15:06:20.593,0.8386,0.83884,1.27,3.45
2014.11.17 15:06:20.845,0.8386,0.83884,1.15,1.45
2014.11.17 15:06:20.896,0.8386,0.83884,1.15,1.37
2014.11.17 15:06:21.204,0.83863,0.83885,1.20,1.65
2014.11.17 15:06:21.305,0.83862,0.83885,1.07,1.15
2014.11.17 15:06:21.607,0.83862,0.8388,1.07,1.00
2014.11.17 15:06:21.708,0.83861,0.8388,1.00,1.10
2014.11.17 15:06:22.700,0.83861,0.83884,1.00,3.07
2014.11.17 15:06:23.532,0.83861,0.83884,1.00,4.57
2014.11.17 15:06:25.305,0.83861,0.83884,1.00,3.07
2014.11.17 15:06:26.307,0.83861,0.83884,1.00,3.07
2014.11.17 15:06:26.609,0.83861,0.83881,1.17,1.37
2014.11.17 15:06:26.659,0.83864,0.83881,1.00,1.37
2014.11.17 15:06:27.012,0.83861,0.83886,1.65,4.57
2014.11.17 15:06:27.415,0.8386,0.83884,1.15,1.52
2014.11.17 15:06:29.019,0.83861,0.83885,1.17,1.90
2014.11.17 15:06:29.321,0.83859,0.8388,1.20,1.37
2014.11.17 15:06:29.825,0.83859,0.8388,1.57,1.37
2014.11.17 15:06:29.925,0.83859,0.8388,3.07,1.37
2014.11.17 15:06:30.077,0.8386,0.83885,1.57,5.32
2014.11.17 15:06:30.229,0.8386,0.83885,1.57,4.95
2014.11.17 15:06:30.743,0.8386,0.83885,1.17,2.02
2014.11.17 15:06:31.098,0.83865,0.83885,1.00,2.02
2014.11.17 15:06:32.158,0.83865,0.83886,1.00,3.82
2014.11.17 15:06:32.662,0.83865,0.83886,1.00,3.45
2014.11.17 15:06:38.492,0.83865,0.83886,1.00,5.32
2014.11.17 15:06:38.997,0.83865,0.83885,1.00,2.02
2014.11.17 15:06:39.529,0.83865,0.83886,1.00,4.95
2014.11.17 15:06:40.037,0.83865,0.83886,1.00,5.32
2014.11.17 15:06:40.961,0.83865,0.83886,1.00,5.32
2014.11.17 15:06:41.862,0.83865,0.83884,1.00,2.40
2014.11.17 15:06:41.963,0.8386,0.83884,1.20,4.57
2014.11.17 15:06:42.391,0.8386,0.83884,1.20,4.20
2014.11.17 15:06:42.643,0.83865,0.83885,1.00,3.82
2014.11.17 15:06:43.265,0.83865,0.83885,1.00,3.82
2014.11.17 15:06:44.077,0.83865,0.83885,1.00,3.82
2014.11.17 15:06:44.687,0.83865,0.83885,1.00,3.45
2014.11.17 15:06:45.909,0.83864,0.83885,1.00,4.95
2014.11.17 15:06:48.137,0.83865,0.83885,1.00,3.45
2014.11.17 15:06:48.289,0.83865,0.83887,1.00,1.52
2014.11.17 15:06:48.490,0.83865,0.83884,1.00,1.52
2014.11.17 15:06:50.827,0.83865,0.83884,1.00,1.65
2014.11.17 15:06:50.877,0.8386,0.83883,1.65,1.52
2014.11.17 15:06:50.928,0.8386,0.83883,2.02,1.52
2014.11.17 15:06:51.431,0.83862,0.83884,1.37,1.52
2014.11.17 15:06:51.583,0.8386,0.83885,1.65,2.02
2014.11.17 15:06:51.683,0.8386,0.83883,1.50,4.87
2014.11.17 15:06:52.287,0.8386,0.83881,1.00,2.70
2014.11.17 15:06:53.858,0.8386,0.83881,1.57,2.25
2014.11.17 15:06:53.909,0.8386,0.83883,1.65,1.52
2014.11.17 15:06:54.690,0.83861,0.83885,1.27,4.57
2014.11.17 15:06:55.250,0.83861,0.83885,1.55,4.57
2014.11.17 15:06:55.788,0.83861,0.83885,1.27,4.57
2014.11.17 15:06:56.091,0.83865,0.83882,1.00,3.45
2014.11.17 15:06:56.401,0.8386,0.83882,1.12,3.45
2014.11.17 15:06:56.603,0.8386,0.8388,1.12,2.70
2014.11.17 15:06:57.280,0.83865,0.83881,1.00,2.70
2014.11.17 15:06:57.487,0.83859,0.83881,1.87,2.70
2014.11.17 15:06:58.013,0.8386,0.8388,1.12,2.70
2014.11.17 15:07:00.149,0.83865,0.8388,1.00,3.45
2014.11.17 15:07:00.200,0.83865,0.83882,1.00,2.02
2014.11.17 15:07:01.314,0.83861,0.83883,1.00,3.82
2014.11.17 15:07:01.964,0.83859,0.83881,3.07,1.07
2014.11.17 15:07:02.015,0.8386,0.83881,2.32,1.50
2014.11.17 15:07:02.116,0.8386,0.83881,1.00,1.15
2014.11.17 15:07:02.318,0.83864,0.83884,1.00,1.52
2014.11.17 15:07:02.519,0.83864,0.83887,1.10,1.15
2014.11.17 15:07:02.670,0.83861,0.83884,1.15,1.15
2014.11.17 15:07:03.335,0.83861,0.83884,1.52,1.52
2014.11.17 15:07:04.464,0.83861,0.83884,1.52,1.52
2014.11.17 15:07:05.058,0.83861,0.83884,1.52,1.52
2014.11.17 15:07:05.583,0.83861,0.83884,1.52,1.52
2014.11.17 15:07:06.091,0.83869,0.83885,1.37,1.10
2014.11.17 15:07:06.393,0.8387,0.83893,1.87,5.62
2014.11.17 15:07:06.989,0.8387,0.83893,1.50,4.50
2014.11.17 15:07:07.391,0.8387,0.83893,1.87,4.87
2014.11.17 15:07:07.952,0.8387,0.83893,1.87,4.87
2014.11.17 15:07:08.476,0.83872,0.83894,1.37,2.70
2014.11.17 15:07:09.036,0.83872,0.83894,1.12,2.70
2014.11.17 15:07:10.238,0.83874,0.83894,1.00,2.70
2014.11.17 15:07:11.271,0.83872,0.83894,1.47,2.70
2014.11.17 15:07:11.321,0.83875,0.83895,1.12,1.52
2014.11.17 15:07:11.830,0.83876,0.83897,1.00,2.70
2014.11.17 15:07:11.931,0.83876,0.83899,1.10,4.95
2014.11.17 15:07:12.496,0.83873,0.83897,1.10,4.95
2014.11.17 15:07:12.547,0.83875,0.83897,1.00,4.95
2014.11.17 15:07:12.900,0.83872,0.83895,1.07,1.17
2014.11.17 15:07:13.152,0.8387,0.83893,1.65,1.15
2014.11.17 15:07:13.454,0.83874,0.83893,1.00,1.15
2014.11.17 15:07:14.000,0.83875,0.83895,1.00,4.20
2014.11.17 15:07:14.507,0.83877,0.83897,1.00,3.07
2014.11.17 15:07:15.043,0.83877,0.83897,1.00,2.70
2014.11.17 15:07:16.040,0.83878,0.839,1.37,1.52
2014.11.17 15:07:16.565,0.8388,0.83902,1.87,5.62
2014.11.17 15:07:17.079,0.8388,0.83902,1.87,5.62
2014.11.17 15:07:18.347,0.8388,0.83902,1.50,5.62
2014.11.17 15:07:18.448,0.8388,0.83899,1.00,2.70
2014.11.17 15:07:18.607,0.83875,0.83896,1.87,2.70
2014.11.17 15:07:18.708,0.83875,0.83899,1.95,3.07
2014.11.17 15:07:19.273,0.83875,0.83897,1.50,2.70
2014.11.17 15:07:19.799,0.83875,0.83898,1.50,3.45
2014.11.17 15:07:20.151,0.83875,0.83895,1.37,1.15
2014.11.17 15:07:20.252,0.83876,0.83899,1.37,1.52
2014.11.17 15:07:20.771,0.8388,0.839,1.00,5.62
2014.11.17 15:07:21.275,0.8388,0.83902,1.87,3.45
2014.11.17 15:07:21.376,0.8388,0.83902,1.87,3.45
2014.11.17 15:07:21.477,0.83881,0.83903,1.47,1.52
2014.11.17 15:07:22.056,0.83881,0.83903,1.47,1.52
2014.11.17 15:07:22.359,0.83881,0.83903,1.20,1.52
2014.11.17 15:07:22.963,0.83882,0.83903,1.12,4.87
2014.11.17 15:07:23.265,0.83885,0.83903,1.00,4.87
2014.11.17 15:07:24.715,0.83884,0.83903,1.00,4.87
2014.11.17 15:07:24.816,0.8388,0.83903,1.87,5.62
2014.11.17 15:07:24.967,0.8388,0.83903,1.50,6.00
2014.11.17 15:07:25.867,0.8388,0.83903,1.87,5.62
2014.11.17 15:07:26.393,0.8388,0.83903,1.12,6.00
2014.11.17 15:07:26.947,0.8388,0.83901,1.00,2.70
2014.11.17 15:07:26.998,0.8388,0.83901,1.00,3.07
2014.11.17 15:07:27.200,0.83878,0.83899,1.00,2.32
2014.11.17 15:07:27.251,0.8388,0.83899,1.00,2.32
2014.11.17 15:07:27.755,0.83881,0.83904,1.10,3.45
2014.11.17 15:07:27.855,0.83882,0.83906,1.10,2.70
2014.11.17 15:07:27.956,0.83881,0.83903,1.00,2.70
2014.11.17 15:07:28.057,0.83882,0.83905,1.00,3.45
2014.11.17 15:07:28.259,0.83883,0.83903,1.00,2.70
2014.11.17 15:07:28.360,0.83881,0.83903,1.00,3.45
2014.11.17 15:07:28.864,0.8388,0.83902,1.50,3.07
2014.11.17 15:07:31.339,0.8388,0.83902,1.87,3.45
2014.11.17 15:07:32.861,0.8388,0.83902,1.87,3.45
2014.11.17 15:07:33.067,0.8388,0.83902,1.95,1.52
2014.11.17 15:07:33.168,0.8388,0.83902,1.65,1.17
2014.11.17 15:07:33.219,0.83884,0.83905,1.00,2.32
2014.11.17 15:07:33.269,0.83884,0.83906,1.00,1.15
2014.11.17 15:07:33.321,0.83881,0.83904,1.07,1.15
2014.11.17 15:07:33.371,0.83885,0.83904,1.00,1.15
2014.11.17 15:07:33.472,0.83885,0.83904,1.00,1.10
2014.11.17 15:07:33.825,0.83889,0.83908,1.00,3.45
2014.11.17 15:07:33.953,0.83886,0.83908,1.00,3.45
2014.11.17 15:07:34.477,0.83887,0.83909,1.00,3.07
2014.11.17 15:07:34.528,0.83885,0.83908,1.57,3.07
2014.11.17 15:07:35.052,0.83886,0.83909,1.00,3.07
2014.11.17 15:07:35.203,0.83887,0.83907,1.00,2.32
2014.11.17 15:07:35.304,0.83887,0.83909,1.00,3.07
2014.11.17 15:07:37.698,0.83891,0.83909,1.00,2.32
2014.11.17 15:07:38.202,0.8389,0.83909,1.00,3.07
2014.11.17 15:07:38.538,0.83894,0.83914,1.00,3.07
2014.11.17 15:07:38.691,0.83891,0.83908,1.00,2.70
2014.11.17 15:07:38.896,0.83893,0.8391,1.00,3.45
2014.11.17 15:07:39.206,0.83895,0.83912,1.00,4.87
2014.11.17 15:07:39.328,0.83893,0.83912,1.00,4.87
2014.11.17 15:07:40.148,0.83894,0.83912,1.00,4.87
2014.11.17 15:07:41.116,0.83892,0.83912,1.00,4.50
2014.11.17 15:07:42.254,0.83892,0.8391,1.00,2.70
2014.11.17 15:07:42.778,0.83893,0.83909,1.00,2.70
2014.11.17 15:07:43.080,0.83891,0.83906,1.00,2.70
2014.11.17 15:07:43.181,0.83889,0.83906,1.00,2.70
2014.11.17 15:07:43.433,0.83887,0.83906,1.00,2.70
2014.11.17 15:07:43.634,0.83885,0.83906,1.12,2.70
2014.11.17 15:07:44.140,0.83886,0.83905,1.00,1.52
2014.11.17 15:07:44.392,0.83888,0.83905,1.00,3.45
2014.11.17 15:07:44.543,0.83886,0.83905,1.00,1.45
2014.11.17 15:07:44.745,0.83889,0.83905,1.00,2.32
2014.11.17 15:07:44.795,0.83889,0.83908,1.00,2.70
2014.11.17 15:07:44.896,0.83889,0.83906,1.00,4.50
2014.11.17 15:07:45.066,0.83886,0.83906,1.00,4.50
2014.11.17 15:07:45.217,0.83886,0.83903,1.00,2.32
2014.11.17 15:07:45.318,0.83886,0.83905,1.00,1.15
2014.11.17 15:07:45.369,0.83886,0.83904,1.00,2.32
2014.11.17 15:07:45.721,0.83884,0.83905,1.00,3.82
2014.11.17 15:07:46.044,0.83887,0.83905,1.00,4.57
2014.11.17 15:07:47.230,0.83887,0.83905,1.00,3.82
2014.11.17 15:07:47.747,0.83887,0.83905,1.00,2.70
2014.11.17 15:07:49.362,0.83888,0.83905,1.00,2.70
2014.11.17 15:07:49.413,0.83888,0.83908,1.12,2.02
2014.11.17 15:07:49.564,0.83891,0.83909,1.00,2.70
2014.11.17 15:07:49.866,0.83893,0.83909,1.00,2.70
2014.11.17 15:07:49.917,0.83893,0.83911,1.00,2.70
2014.11.17 15:07:51.558,0.83892,0.83911,1.00,2.70
2014.11.17 15:07:52.857,0.83893,0.83911,1.00,2.70
2014.11.17 15:07:53.618,0.83893,0.83914,1.12,6.37
2014.11.17 15:07:53.769,0.83897,0.83914,1.00,4.50
2014.11.17 15:07:54.272,0.83896,0.83915,1.00,3.07
2014.11.17 15:07:54.610,0.83896,0.83913,1.00,4.50
2014.11.17 15:07:54.661,0.83894,0.83913,1.00,4.50
2014.11.17 15:07:55.006,0.83895,0.83917,1.00,3.82
2014.11.17 15:07:55.056,0.83895,0.83917,1.00,3.07
2014.11.17 15:07:55.567,0.83896,0.83915,1.00,3.07
2014.11.17 15:07:56.604,0.83898,0.83916,1.00,2.40
2014.11.17 15:07:56.654,0.83898,0.83916,1.00,2.02
2014.11.17 15:07:56.755,0.83896,0.83917,1.00,3.07
2014.11.17 15:07:57.258,0.83896,0.83916,1.00,1.65
2014.11.17 15:07:57.410,0.83896,0.83913,1.00,2.70
2014.11.17 15:07:59.380,0.83895,0.83913,1.50,2.70
2014.11.17 15:08:01.135,0.83895,0.83915,1.00,3.82
2014.11.17 15:08:01.658,0.83895,0.83915,1.00,3.82
2014.11.17 15:08:02.198,0.83895,0.83915,1.00,6.00
2014.11.17 15:08:03.335,0.83896,0.83914,1.00,2.70
2014.11.17 15:08:03.856,0.83895,0.83916,1.00,1.65
2014.11.17 15:08:04.158,0.83897,0.83917,1.00,2.70
2014.11.17 15:08:05.656,0.83897,0.83918,1.00,2.70
2014.11.17 15:08:06.984,0.83897,0.83919,1.00,3.07
2014.11.17 15:08:07.530,0.83896,0.83917,1.00,3.07
2014.11.17 15:08:07.933,0.83895,0.83918,1.47,1.52
2014.11.17 15:08:08.445,0.83898,0.83919,1.00,2.70
2014.11.17 15:08:10.677,0.83899,0.83919,1.00,2.70
2014.11.17 15:08:10.828,0.83899,0.8392,1.00,1.52
2014.11.17 15:08:10.929,0.83898,0.8392,1.00,1.90
2014.11.17 15:08:11.181,0.83901,0.8392,1.00,2.02
2014.11.17 15:08:11.383,0.83904,0.83924,1.00,3.07
2014.11.17 15:08:11.484,0.83905,0.83925,1.00,1.20
2014.11.17 15:08:11.584,0.83907,0.83925,1.00,1.20
2014.11.17 15:08:12.104,0.83907,0.83925,1.00,1.82
2014.11.17 15:08:12.255,0.83904,0.83925,1.00,3.75
2014.11.17 15:08:14.812,0.83904,0.83923,1.00,3.07
2014.11.17 15:08:15.155,0.83904,0.83922,1.00,2.02
2014.11.17 15:08:15.664,0.83904,0.83922,1.00,2.02
2014.11.17 15:08:15.765,0.83907,0.83924,1.00,2.02
2014.11.17 15:08:16.075,0.83905,0.83924,1.00,2.02
2014.11.17 15:08:17.168,0.83904,0.83923,1.00,2.02
2014.11.17 15:08:17.769,0.83904,0.83923,1.00,2.40
2014.11.17 15:08:18.071,0.83906,0.83923,1.00,2.02
2014.11.17 15:08:18.627,0.83906,0.83922,1.00,2.02
2014.11.17 15:08:19.921,0.83905,0.83924,1.00,2.02
2014.11.17 15:08:20.227,0.83905,0.83922,1.00,2.02
2014.11.17 15:08:20.765,0.83906,0.83924,1.00,2.40
2014.11.17 15:08:21.385,0.83905,0.83924,1.00,2.40
2014.11.17 15:08:21.543,0.83905,0.83924,1.00,2.02
2014.11.17 15:08:22.890,0.83908,0.83925,1.00,3.45
2014.11.17 15:08:23.042,0.83904,0.83925,1.10,1.45
2014.11.17 15:08:23.574,0.83904,0.83924,1.00,2.70
2014.11.17 15:08:25.278,0.83904,0.83924,1.00,3.07
2014.11.17 15:08:26.187,0.83902,0.83924,1.00,3.82
2014.11.17 15:08:26.718,0.83902,0.83924,1.12,3.45
2014.11.17 15:08:27.077,0.839,0.83923,2.02,1.65
2014.11.17 15:08:27.581,0.839,0.83923,1.50,3.82
2014.11.17 15:08:28.607,0.83901,0.83923,1.00,1.65
2014.11.17 15:08:29.186,0.839,0.83923,1.95,3.45
2014.11.17 15:08:29.747,0.839,0.83923,1.95,3.82
2014.11.17 15:08:30.558,0.839,0.83923,1.95,3.45
2014.11.17 15:08:31.073,0.839,0.83923,1.95,3.82
2014.11.17 15:08:31.589,0.839,0.83923,1.27,1.65
2014.11.17 15:08:32.396,0.839,0.83922,1.52,1.57
2014.11.17 15:08:32.597,0.839,0.83922,1.15,1.10
2014.11.17 15:08:33.208,0.839,0.83923,1.65,1.55
2014.11.17 15:08:33.359,0.83899,0.83923,1.27,1.52
2014.11.17 15:08:33.510,0.83901,0.83924,1.07,1.55
2014.11.17 15:08:33.963,0.83905,0.83923,1.00,1.12
2014.11.17 15:08:34.114,0.839,0.83923,1.10,1.27
2014.11.17 15:08:36.976,0.839,0.83922,1.20,1.52
2014.11.17 15:08:37.512,0.839,0.83922,1.10,1.65
2014.11.17 15:08:37.965,0.839,0.8392,1.15,1.37
2014.11.17 15:08:38.066,0.839,0.8392,1.00,1.57
2014.11.17 15:08:38.572,0.839,0.8392,1.17,1.47
2014.11.17 15:08:39.797,0.839,0.8392,1.17,1.47
2014.11.17 15:08:40.328,0.839,0.8392,1.00,1.52
2014.11.17 15:08:41.248,0.83899,0.83919,1.00,1.57
2014.11.17 15:08:41.751,0.83899,0.83919,1.12,1.27
2014.11.17 15:08:41.802,0.83899,0.83919,1.20,1.47
2014.11.17 15:08:42.306,0.83895,0.83916,1.52,1.20
2014.11.17 15:08:42.608,0.83894,0.83916,1.55,1.27
2014.11.17 15:08:42.659,0.83894,0.83916,1.52,1.20
2014.11.17 15:08:42.898,0.839,0.83916,1.00,1.20
2014.11.17 15:08:43.449,0.839,0.83918,1.17,1.37
2014.11.17 15:08:43.999,0.839,0.83918,1.17,1.37
2014.11.17 15:08:44.503,0.83898,0.8392,2.32,1.37
2014.11.17 15:08:44.684,0.83896,0.8392,2.70,1.45
2014.11.17 15:08:44.964,0.83895,0.8392,1.52,1.52
2014.11.17 15:08:45.433,0.839,0.8392,1.00,1.52
2014.11.17 15:08:45.742,0.839,0.8392,1.00,1.52
2014.11.17 15:08:46.318,0.839,0.83921,1.47,1.55
2014.11.17 15:08:46.843,0.839,0.83921,1.20,1.55
2014.11.17 15:08:47.447,0.839,0.83923,1.20,3.15
2014.11.17 15:08:48.188,0.83905,0.83923,1.00,3.15
2014.11.17 15:08:48.858,0.83905,0.83925,1.00,2.70
2014.11.17 15:08:48.959,0.83905,0.83926,1.00,1.52
2014.11.17 15:08:49.176,0.83905,0.83925,1.00,2.70
2014.11.17 15:08:50.398,0.83905,0.83925,1.00,1.52
2014.11.17 15:08:50.549,0.83904,0.83925,1.52,1.37
2014.11.17 15:08:50.952,0.83904,0.83929,1.65,1.15
2014.11.17 15:08:51.053,0.8391,0.83929,1.00,1.15
2014.11.17 15:08:51.304,0.8391,0.8393,1.00,1.20
2014.11.17 15:08:52.137,0.8391,0.8393,1.00,2.77
2014.11.17 15:08:53.331,0.8391,0.8393,1.00,1.57
2014.11.17 15:08:54.047,0.8391,0.8393,1.12,1.57
2014.11.17 15:08:54.582,0.8391,0.8393,1.12,1.57
2014.11.17 15:08:54.910,0.8391,0.8393,1.27,1.47
2014.11.17 15:08:54.961,0.8391,0.8393,1.20,1.47
2014.11.17 15:08:55.937,0.83908,0.8393,1.47,1.55
2014.11.17 15:08:56.466,0.8391,0.83929,1.00,1.20
2014.11.17 15:08:57.883,0.83906,0.83929,1.55,1.45
2014.11.17 15:08:59.658,0.83906,0.83929,1.55,1.45
2014.11.17 15:08:59.759,0.83906,0.83929,1.55,1.45
2014.11.17 15:09:02.067,0.83906,0.83929,1.55,1.45
2014.11.17 15:09:02.629,0.83908,0.8393,1.20,2.02
2014.11.17 15:09:03.177,0.83907,0.83929,1.07,1.45
2014.11.17 15:09:03.539,0.83907,0.83927,1.00,2.70
2014.11.17 15:09:03.640,0.839,0.83923,2.77,1.52
2014.11.17 15:09:03.691,0.839,0.83923,1.65,1.90
2014.11.17 15:09:03.843,0.83896,0.83918,2.70,1.12
2014.11.17 15:09:03.995,0.83895,0.83918,3.45,1.47
2014.11.17 15:09:04.516,0.83894,0.83918,4.95,1.47
2014.11.17 15:09:05.301,0.83898,0.83918,2.32,1.37
2014.11.17 15:09:05.403,0.839,0.83918,1.17,1.00
2014.11.17 15:09:05.605,0.83899,0.83922,1.15,1.10
2014.11.17 15:09:05.706,0.83896,0.83917,1.65,1.00
2014.11.17 15:09:05.808,0.83895,0.83918,1.65,1.17
2014.11.17 15:09:06.588,0.83895,0.83918,2.02,1.55
2014.11.17 15:09:07.119,0.83895,0.83918,1.52,1.55
2014.11.17 15:09:07.371,0.83895,0.83918,1.52,1.55
2014.11.17 15:09:07.523,0.83895,0.83916,1.00,1.15
2014.11.17 15:09:07.573,0.83891,0.83915,2.40,1.17
2014.11.17 15:09:07.674,0.83891,0.83911,1.65,1.00
2014.11.17 15:09:08.101,0.8389,0.83908,1.17,1.00
2014.11.17 15:09:08.671,0.83886,0.83908,2.32,1.00
2014.11.17 15:09:08.721,0.83885,0.83908,3.52,1.10
2014.11.17 15:09:08.822,0.83886,0.83908,3.07,1.00
2014.11.17 15:09:10.280,0.83886,0.83908,3.45,1.37
2014.11.17 15:09:10.782,0.8389,0.83908,1.10,1.12
2014.11.17 15:09:11.300,0.83886,0.83908,3.45,1.37
2014.11.17 15:09:12.115,0.8389,0.83908,1.07,1.37
2014.11.17 15:09:12.724,0.83887,0.83909,2.70,1.12
2014.11.17 15:09:13.234,0.83887,0.83909,4.20,1.37
2014.11.17 15:09:13.740,0.8389,0.8391,1.10,1.45
2014.11.17 15:09:14.306,0.8389,0.83908,1.10,1.37
2014.11.17 15:09:14.852,0.83886,0.83908,2.70,1.37
2014.11.17 15:09:15.836,0.83886,0.83908,2.70,1.37
2014.11.17 15:09:16.215,0.8389,0.83909,1.15,1.12
2014.11.17 15:09:16.618,0.8389,0.83909,1.07,1.37
2014.11.17 15:09:17.122,0.8389,0.8391,1.45,1.10
2014.11.17 15:09:17.425,0.83889,0.83913,1.52,1.37
2014.11.17 15:09:17.637,0.83892,0.83914,2.25,1.00
2014.11.17 15:09:17.688,0.83892,0.83917,3.07,1.17
2014.11.17 15:09:17.738,0.83895,0.83917,2.32,1.10
2014.11.17 15:09:17.890,0.83895,0.83916,1.15,1.00
2014.11.17 15:09:18.041,0.83895,0.83915,1.10,1.07
2014.11.17 15:09:18.092,0.83892,0.83915,1.17,1.15
2014.11.17 15:09:18.143,0.8389,0.83911,1.52,1.00
2014.11.17 15:09:18.647,0.83889,0.8391,2.32,1.00
2014.11.17 15:09:19.177,0.8389,0.8391,1.27,1.37
2014.11.17 15:09:19.796,0.8389,0.8391,1.27,1.37
2014.11.17 15:09:20.570,0.8389,0.8391,1.15,1.37
2014.11.17 15:09:21.832,0.8389,0.8391,1.15,1.47
2014.11.17 15:09:22.333,0.8389,0.8391,1.17,1.47
2014.11.17 15:09:22.836,0.8389,0.8391,1.17,1.47
2014.11.17 15:09:23.348,0.8389,0.8391,1.17,1.47
2014.11.17 15:09:24.390,0.83887,0.83912,3.45,2.77
2014.11.17 15:09:25.366,0.83887,0.83912,5.62,1.37
2014.11.17 15:09:25.467,0.8389,0.83912,1.27,1.37
2014.11.17 15:09:25.986,0.83887,0.8391,3.45,1.47
2014.11.17 15:09:26.489,0.83887,0.8391,3.45,1.47
2014.11.17 15:09:26.590,0.83888,0.83911,1.27,1.17
2014.11.17 15:09:26.691,0.83893,0.83915,1.10,1.15
2014.11.17 15:09:26.742,0.83893,0.83915,1.17,1.07
2014.11.17 15:09:26.843,0.83894,0.83916,1.15,1.20
2014.11.17 15:09:27.384,0.83895,0.83916,1.15,1.12
2014.11.17 15:09:28.908,0.83894,0.83916,3.45,1.37
2014.11.17 15:09:29.329,0.83894,0.83915,3.45,1.37
2014.11.17 15:09:31.912,0.83894,0.83915,2.70,1.37
2014.11.17 15:09:33.767,0.83894,0.83915,2.70,1.37
2014.11.17 15:09:35.142,0.83894,0.83915,2.70,1.37
2014.11.17 15:09:36.256,0.83894,0.83915,2.70,1.00
2014.11.17 15:09:36.760,0.83895,0.83918,1.52,1.47
2014.11.17 15:09:37.056,0.83896,0.83918,2.70,1.47
2014.11.17 15:09:37.563,0.83897,0.83918,2.70,1.37
2014.11.17 15:09:38.009,0.83899,0.8392,2.70,1.37
2014.11.17 15:09:38.311,0.83896,0.83919,3.45,1.50
2014.11.17 15:09:39.317,0.83896,0.83919,1.27,1.65
2014.11.17 15:09:39.972,0.83896,0.83919,1.52,1.55
2014.11.17 15:09:40.496,0.83896,0.83919,3.45,1.37
2014.11.17 15:09:41.408,0.83897,0.8392,1.52,1.47
2014.11.17 15:09:42.195,0.83896,0.83919,3.45,1.37
2014.11.17 15:09:42.728,0.83896,0.83919,3.45,1.37
2014.11.17 15:09:42.880,0.83899,0.8392,1.95,1.10
2014.11.17 15:09:43.182,0.83901,0.83924,3.37,3.37
2014.11.17 15:09:43.687,0.839,0.83923,3.45,1.37
2014.11.17 15:09:43.989,0.83902,0.83923,2.70,1.37
2014.11.17 15:09:44.499,0.83902,0.83923,2.70,1.37
2014.11.17 15:09:45.426,0.83902,0.83923,2.70,1.37
2014.11.17 15:09:45.787,0.83903,0.83925,4.87,1.37
2014.11.17 15:09:47.739,0.83902,0.83924,2.70,1.12
2014.11.17 15:09:48.619,0.83902,0.83924,2.70,1.37
2014.11.17 15:09:49.134,0.83902,0.83924,2.70,1.37
2014.11.17 15:09:49.646,0.83902,0.83923,2.70,1.12
2014.11.17 15:09:50.220,0.83902,0.83923,2.70,1.37
2014.11.17 15:09:50.920,0.83902,0.83923,2.70,1.37
2014.11.17 15:09:51.323,0.83898,0.83921,2.77,1.12
2014.11.17 15:09:51.625,0.839,0.83921,4.57,1.00
2014.11.17 15:09:51.776,0.83903,0.83926,1.07,1.17
2014.11.17 15:09:51.927,0.83902,0.83924,2.32,1.00
2014.11.17 15:09:52.480,0.83903,0.83924,4.50,1.00
2014.11.17 15:09:53.128,0.83903,0.83924,4.87,1.37
2014.11.17 15:09:53.441,0.83903,0.83924,4.50,1.37
2014.11.17 15:09:53.542,0.839,0.83922,1.52,1.37
2014.11.17 15:09:53.643,0.839,0.83922,1.15,1.00
2014.11.17 15:09:54.046,0.839,0.83921,1.10,1.07
2014.11.17 15:09:54.842,0.839,0.83921,1.20,2.70
2014.11.17 15:09:57.943,0.839,0.83919,1.47,1.12
2014.11.17 15:09:58.447,0.839,0.83919,1.10,1.12
2014.11.17 15:10:01.880,0.839,0.83919,1.00,1.55
2014.11.17 15:10:02.237,0.83895,0.83918,3.45,1.47
2014.11.17 15:10:02.697,0.83895,0.83918,3.45,1.47
2014.11.17 15:10:03.257,0.83895,0.83915,3.45,1.12
2014.11.17 15:10:07.003,0.83895,0.83915,3.45,1.37
2014.11.17 15:10:07.990,0.83895,0.83915,3.45,1.00
2014.11.17 15:10:08.594,0.83895,0.83915,1.15,1.12
2014.11.17 15:10:08.796,0.83895,0.83915,1.52,1.00
2014.11.17 15:10:08.947,0.83895,0.83917,1.27,1.00
2014.11.17 15:10:08.998,0.83898,0.83917,2.32,1.00
2014.11.17 15:10:09.048,0.83898,0.83919,2.32,1.00
2014.11.17 15:10:09.300,0.83897,0.83919,2.40,1.00
2014.11.17 15:10:09.814,0.83896,0.83918,2.32,1.00
2014.11.17 15:10:10.626,0.83896,0.83918,4.20,1.37
2014.11.17 15:10:11.153,0.83896,0.83918,4.20,1.12
2014.11.17 15:10:12.827,0.83896,0.83918,4.20,1.37
2014.11.17 15:10:12.978,0.83898,0.83918,2.70,1.00
2014.11.17 15:10:13.560,0.83898,0.83921,4.95,1.37
2014.11.17 15:10:13.872,0.839,0.83921,2.70,1.37
2014.11.17 15:10:14.333,0.839,0.8392,2.70,1.37
2014.11.17 15:10:14.383,0.83898,0.8392,4.20,1.37
2014.11.17 15:10:14.434,0.83898,0.83921,5.32,1.57
2014.11.17 15:10:14.636,0.83899,0.8392,2.70,1.37
2014.11.17 15:10:14.737,0.83897,0.8392,4.95,1.37
2014.11.17 15:10:15.247,0.83897,0.83919,2.02,1.55
2014.11.17 15:10:15.770,0.839,0.8392,1.95,1.47
2014.11.17 15:10:15.927,0.83901,0.83921,1.65,1.00
2014.11.17 15:10:16.229,0.839,0.83925,5.70,1.15
2014.11.17 15:10:16.380,0.83902,0.83922,3.82,1.00
2014.11.17 15:10:16.431,0.83902,0.83925,4.57,1.10
2014.11.17 15:10:16.683,0.83905,0.83925,2.32,1.00
2014.11.17 15:10:17.167,0.83905,0.83925,1.15,1.00
2014.11.17 15:10:17.627,0.83903,0.83925,2.70,1.37
2014.11.17 15:10:18.176,0.83903,0.83924,2.70,1.37
2014.11.17 15:10:18.529,0.83904,0.83924,1.52,1.12
2014.11.17 15:10:18.630,0.8391,0.83927,1.00,1.47
2014.11.17 15:10:18.731,0.8391,0.8393,1.37,1.15
2014.11.17 15:10:18.832,0.8391,0.83933,1.15,2.40
2014.11.17 15:10:18.882,0.8391,0.83933,2.40,1.10
2014.11.17 15:10:19.033,0.83915,0.83938,1.20,1.27
2014.11.17 15:10:19.185,0.83917,0.8394,1.15,1.47
2014.11.17 15:10:19.286,0.83916,0.83939,1.15,1.57
2014.11.17 15:10:19.637,0.8392,0.83941,1.00,1.52
2014.11.17 15:10:20.098,0.8392,0.83944,3.82,1.57
2014.11.17 15:10:20.149,0.83926,0.83944,1.00,1.57
2014.11.17 15:10:20.652,0.83927,0.8395,1.00,4.57
2014.11.17 15:10:22.029,0.83927,0.8395,1.12,4.57
2014.11.17 15:10:22.382,0.83921,0.83946,3.07,4.57
2014.11.17 15:10:22.432,0.83921,0.83945,1.17,2.32
2014.11.17 15:10:22.483,0.83923,0.83945,1.07,2.32
2014.11.17 15:10:22.533,0.83923,0.83946,1.15,1.15
2014.11.17 15:10:22.584,0.83927,0.83948,1.00,4.87
2014.11.17 15:10:22.685,0.83922,0.83946,1.17,1.15
2014.11.17 15:10:22.936,0.83924,0.83945,1.00,2.32
2014.11.17 15:10:23.217,0.83925,0.83947,1.00,1.27
2014.11.17 15:10:23.698,0.83925,0.83944,1.00,1.65
2014.11.17 15:10:24.152,0.8392,0.83941,1.20,1.95
2014.11.17 15:10:24.320,0.83919,0.8394,2.02,1.95
2014.11.17 15:10:24.370,0.8392,0.8394,1.07,1.10
2014.11.17 15:10:25.247,0.8392,0.83939,1.07,1.50
2014.11.17 15:10:25.300,0.8392,0.83939,1.07,1.57
2014.11.17 15:10:25.350,0.83918,0.8394,1.00,1.65
2014.11.17 15:10:25.401,0.83918,0.8394,1.17,1.65
2014.11.17 15:10:25.661,0.83915,0.83937,3.07,1.00
2014.11.17 15:10:25.816,0.83915,0.83938,1.65,1.20
2014.11.17 15:10:25.867,0.83919,0.83939,1.07,1.57
2014.11.17 15:10:25.929,0.8392,0.83942,1.17,1.27
2014.11.17 15:10:25.980,0.83923,0.83943,1.10,1.57
2014.11.17 15:10:26.030,0.83923,0.83945,1.17,1.15
2014.11.17 15:10:26.081,0.83923,0.83945,1.15,1.07
2014.11.17 15:10:26.232,0.83924,0.83947,1.00,4.57
2014.11.17 15:10:26.333,0.83924,0.83947,1.15,2.40
2014.11.17 15:10:28.092,0.83924,0.83947,1.52,1.52
2014.11.17 15:10:28.643,0.83925,0.83947,1.55,1.52
2014.11.17 15:10:29.146,0.83925,0.83947,1.55,1.52
2014.11.17 15:10:30.292,0.83925,0.83947,1.27,1.52
2014.11.17 15:10:30.766,0.83925,0.83947,1.17,2.40
2014.11.17 15:10:30.867,0.83922,0.83944,1.10,2.40
2014.11.17 15:10:30.968,0.8392,0.83942,1.50,3.07
2014.11.17 15:10:31.383,0.83917,0.83941,1.55,1.90
2014.11.17 15:10:31.686,0.83917,0.83941,1.17,2.77
2014.11.17 15:10:32.390,0.83915,0.83939,2.02,1.65
2014.11.17 15:10:32.491,0.83915,0.83939,2.02,1.55
2014.11.17 15:10:33.186,0.83918,0.83942,1.20,3.82
2014.11.17 15:10:33.337,0.83918,0.83942,1.27,1.90
2014.11.17 15:10:34.122,0.83916,0.83937,2.70,1.37
2014.11.17 15:10:34.173,0.83915,0.83937,1.52,1.37
2014.11.17 15:10:34.580,0.83915,0.83936,1.47,1.55
2014.11.17 15:10:35.726,0.83915,0.83936,1.10,1.17
2014.11.17 15:10:36.892,0.83915,0.83936,1.20,1.55
2014.11.17 15:10:38.225,0.83914,0.83936,1.55,1.55
2014.11.17 15:10:38.794,0.83913,0.83936,1.52,1.65
2014.11.17 15:10:39.318,0.83915,0.83936,1.10,1.92
2014.11.17 15:10:39.667,0.83915,0.83936,1.10,1.55
2014.11.17 15:10:40.206,0.83915,0.83936,1.10,1.65
2014.11.17 15:10:41.163,0.83914,0.83936,1.55,1.55
2014.11.17 15:10:42.153,0.83915,0.83936,1.10,1.65
2014.11.17 15:10:42.705,0.83915,0.83936,1.17,1.57
2014.11.17 15:10:43.064,0.83916,0.8394,1.27,1.90
2014.11.17 15:10:43.269,0.83916,0.8394,1.27,1.65
2014.11.17 15:10:43.896,0.83916,0.8394,1.27,2.40
2014.11.17 15:10:44.414,0.83916,0.8394,1.27,2.40
2014.11.17 15:10:45.074,0.83916,0.8394,1.27,2.40
2014.11.17 15:10:46.845,0.83916,0.8394,1.52,3.52
2014.11.17 15:10:47.147,0.83926,0.83947,3.07,1.00
2014.11.17 15:10:47.198,0.83926,0.83946,1.15,1.00
2014.11.17 15:10:47.315,0.83928,0.8395,1.10,1.15
2014.11.17 15:10:47.427,0.83929,0.8395,1.07,1.07
2014.11.17 15:10:47.478,0.83929,0.8395,1.15,1.00
2014.11.17 15:10:47.679,0.83934,0.83956,1.00,1.65
2014.11.17 15:10:48.195,0.83934,0.83958,1.17,1.90
2014.11.17 15:10:48.875,0.83934,0.83958,1.17,1.65
2014.11.17 15:10:49.587,0.83932,0.83955,1.10,2.40
2014.11.17 15:10:49.739,0.83929,0.83952,1.07,3.15
2014.11.17 15:10:50.317,0.83926,0.8395,1.52,1.52
2014.11.17 15:10:50.850,0.8393,0.83952,1.00,5.32
2014.11.17 15:10:52.060,0.83926,0.8395,1.52,1.52
2014.11.17 15:10:52.897,0.83926,0.8395,1.52,1.52
2014.11.17 15:10:53.508,0.83928,0.8395,1.55,1.55
2014.11.17 15:10:53.710,0.83931,0.83955,1.07,3.07
2014.11.17 15:10:53.761,0.83931,0.83955,1.15,1.15
2014.11.17 15:10:53.811,0.83934,0.83958,1.07,5.38
2014.11.17 15:10:54.350,0.83934,0.83958,1.07,1.52
2014.11.17 15:10:54.726,0.83934,0.83958,1.20,1.90
2014.11.17 15:10:56.339,0.83934,0.83958,1.07,1.90
2014.11.17 15:10:56.855,0.83934,0.83958,1.07,1.90
2014.11.17 15:10:57.718,0.83934,0.83958,3.37,1.55
2014.11.17 15:10:57.920,0.83936,0.8396,3.07,1.15
2014.11.17 15:10:58.021,0.83938,0.8396,1.07,2.32
2014.11.17 15:10:58.122,0.83935,0.8396,1.17,5.32
2014.11.17 15:10:58.226,0.83935,0.83959,1.17,1.65
2014.11.17 15:10:58.532,0.8394,0.83961,1.00,2.70
2014.11.17 15:10:58.583,0.83937,0.8396,1.17,1.15
2014.11.17 15:10:58.986,0.83937,0.83958,1.00,2.32
2014.11.17 15:10:59.598,0.83936,0.83958,1.00,2.32
2014.11.17 15:11:00.028,0.83936,0.83958,1.37,2.70
2014.11.17 15:11:00.129,0.83936,0.83958,1.12,3.07
2014.11.17 15:11:02.137,0.83936,0.83957,1.00,3.07
2014.11.17 15:11:02.339,0.83936,0.83957,1.00,3.07
2014.11.17 15:11:03.175,0.83936,0.83957,1.00,3.07
2014.11.17 15:11:03.694,0.83935,0.83957,1.50,3.07
2014.11.17 15:11:04.664,0.83935,0.83959,1.10,3.82
2014.11.17 15:11:05.165,0.83934,0.83958,1.27,1.90
2014.11.17 15:11:05.993,0.83934,0.83958,1.17,1.90
2014.11.17 15:11:06.296,0.83935,0.83948,1.00,1.75
2014.11.17 15:11:06.346,0.83929,0.83946,1.10,1.37
2014.11.17 15:11:06.497,0.83929,0.83946,1.00,1.47
2014.11.17 15:11:07.215,0.83929,0.83947,1.00,2.70
2014.11.17 15:11:07.719,0.83929,0.83949,1.00,3.07
2014.11.17 15:11:07.921,0.83926,0.83949,1.20,3.07
2014.11.17 15:11:08.337,0.8393,0.83949,1.00,3.07
2014.11.17 15:11:11.588,0.8393,0.8395,1.00,1.52
2014.11.17 15:11:12.820,0.8393,0.83951,1.00,1.52
2014.11.17 15:11:12.871,0.83928,0.83951,1.20,1.52
2014.11.17 15:11:12.922,0.83928,0.83951,1.20,3.82
2014.11.17 15:11:13.224,0.8393,0.83953,1.15,1.27
2014.11.17 15:11:13.526,0.83927,0.83953,2.40,3.45
2014.11.17 15:11:13.836,0.83925,0.83949,1.15,1.15
2014.11.17 15:11:14.935,0.83923,0.83946,2.70,1.57
2014.11.17 15:11:17.268,0.83922,0.83946,2.77,1.65
2014.11.17 15:11:17.732,0.83922,0.83945,2.40,1.92
2014.11.17 15:11:18.268,0.83922,0.83945,1.15,1.92
2014.11.17 15:11:18.818,0.83922,0.83945,2.40,1.92
2014.11.17 15:11:23.535,0.83922,0.83945,1.15,1.65
2014.11.17 15:11:26.881,0.83921,0.83941,1.07,3.00
2014.11.17 15:11:26.982,0.83917,0.8394,1.00,3.82
2014.11.17 15:11:27.184,0.83914,0.83936,1.17,1.07
2014.11.17 15:11:27.285,0.83914,0.83937,1.15,1.17
2014.11.17 15:11:28.924,0.83914,0.83937,1.15,1.65
2014.11.17 15:11:29.708,0.83914,0.83936,1.15,1.57
2014.11.17 15:11:32.236,0.83914,0.83937,1.15,1.27
2014.11.17 15:11:32.337,0.83914,0.83937,1.15,1.92
2014.11.17 15:11:32.881,0.83913,0.83935,1.27,1.37
2014.11.17 15:11:38.419,0.83913,0.83935,1.15,1.50
2014.11.17 15:11:38.937,0.83912,0.83936,3.07,1.10
2014.11.17 15:11:39.641,0.83912,0.83936,3.07,1.85
2014.11.17 15:11:39.792,0.83909,0.83931,1.17,1.47
2014.11.17 15:11:39.994,0.83905,0.83926,1.15,1.00
2014.11.17 15:11:40.665,0.83904,0.83927,1.15,1.10
2014.11.17 15:11:40.766,0.83904,0.83927,1.27,1.47
2014.11.17 15:11:42.294,0.83904,0.83927,1.27,1.55
2014.11.17 15:11:42.992,0.83904,0.83927,1.55,1.57
2014.11.17 15:11:43.518,0.83905,0.83927,1.27,1.47
2014.11.17 15:11:44.063,0.83904,0.83927,1.52,1.47
2014.11.17 15:11:44.598,0.83904,0.83927,1.15,1.47
2014.11.17 15:11:46.522,0.83904,0.83927,1.15,1.52
2014.11.17 15:11:47.866,0.83904,0.83927,1.52,1.52
2014.11.17 15:11:48.547,0.83904,0.83927,1.15,1.90
2014.11.17 15:11:48.699,0.83902,0.83927,1.27,1.90
2014.11.17 15:11:48.799,0.83902,0.83927,1.27,1.52
2014.11.17 15:11:48.956,0.83902,0.83925,1.27,1.55
2014.11.17 15:11:49.189,0.83902,0.83925,1.27,1.55
2014.11.17 15:11:49.650,0.83902,0.83925,1.27,1.55
2014.11.17 15:11:49.751,0.83902,0.83925,1.27,1.55
2014.11.17 15:11:49.802,0.83902,0.83925,3.45,1.47
2014.11.17 15:11:49.903,0.83902,0.83925,1.37,1.37
2014.11.17 15:11:50.654,0.83902,0.83927,1.37,1.50
2014.11.17 15:11:51.224,0.83902,0.83927,1.37,1.37
2014.11.17 15:11:51.737,0.83902,0.83927,1.37,1.50
2014.11.17 15:11:52.694,0.83902,0.83927,1.37,1.37
2014.11.17 15:11:53.805,0.83902,0.83927,1.37,1.37
2014.11.17 15:11:55.286,0.83902,0.83927,2.62,1.37
2014.11.17 15:11:55.697,0.83901,0.83924,1.00,1.00
2014.11.17 15:11:55.747,0.839,0.83921,1.00,1.00
2014.11.17 15:11:56.251,0.839,0.8392,1.00,1.00
2014.11.17 15:11:56.761,0.839,0.83919,1.00,1.00
2014.11.17 15:11:57.387,0.839,0.83919,1.00,1.37
2014.11.17 15:11:57.894,0.83899,0.83919,1.37,1.12
2014.11.17 15:11:57.995,0.83905,0.8392,1.00,1.00
2014.11.17 15:11:58.348,0.83901,0.83924,2.70,1.37
2014.11.17 15:11:59.084,0.839,0.83921,1.17,1.00
2014.11.17 15:11:59.336,0.83905,0.83922,1.00,1.00
2014.11.17 15:11:59.386,0.83905,0.83924,1.00,1.00
2014.11.17 15:11:59.739,0.83905,0.83922,1.00,1.00
2014.11.17 15:11:59.789,0.839,0.83922,2.32,1.00
2014.11.17 15:11:59.991,0.83904,0.83922,1.00,1.00
2014.11.17 15:12:00.041,0.83904,0.83925,1.00,1.00
2014.11.17 15:12:00.724,0.83904,0.83925,1.00,1.37
2014.11.17 15:12:01.026,0.83905,0.83928,1.12,1.55
2014.11.17 15:12:01.381,0.83907,0.83929,1.00,1.37
2014.11.17 15:12:01.934,0.83907,0.83929,1.00,1.50
2014.11.17 15:12:02.738,0.8391,0.83929,1.00,1.75
2014.11.17 15:12:02.940,0.83909,0.8393,1.00,3.15
2014.11.17 15:12:03.191,0.83905,0.83928,1.87,1.57
2014.11.17 15:12:03.242,0.83905,0.83927,1.00,1.00
2014.11.17 15:12:03.562,0.83907,0.83929,1.00,1.27
2014.11.17 15:12:04.128,0.83908,0.83931,1.00,2.70
2014.11.17 15:12:04.650,0.83907,0.83929,1.10,1.27
2014.11.17 15:12:04.954,0.83907,0.83929,1.10,1.55
2014.11.17 15:12:05.455,0.83906,0.83928,1.12,5.62
2014.11.17 15:12:05.958,0.83907,0.8393,1.00,3.07
2014.11.17 15:12:08.388,0.83907,0.8393,1.00,3.07
2014.11.17 15:12:09.464,0.83907,0.8393,1.00,3.07
2014.11.17 15:12:10.091,0.83907,0.8393,1.00,4.57
2014.11.17 15:12:10.827,0.83905,0.83928,2.02,2.77
2014.11.17 15:12:10.978,0.83905,0.83928,2.02,2.77
2014.11.17 15:12:11.481,0.83905,0.83928,1.52,1.47
2014.11.17 15:12:11.776,0.83905,0.83928,1.52,1.52
2014.11.17 15:12:12.190,0.83905,0.83928,1.27,1.52
2014.11.17 15:12:12.291,0.83905,0.83928,1.52,1.52
2014.11.17 15:12:12.504,0.83905,0.83928,1.52,1.52
2014.11.17 15:12:12.857,0.8391,0.8393,1.00,1.20
2014.11.17 15:12:13.109,0.83908,0.8393,1.07,1.15
2014.11.17 15:12:13.160,0.83905,0.8393,1.65,3.07
2014.11.17 15:12:13.461,0.83905,0.8393,1.65,1.15
2014.11.17 15:12:14.092,0.83905,0.8393,2.02,1.52
2014.11.17 15:12:14.607,0.83905,0.8393,2.02,1.52
2014.11.17 15:12:15.139,0.83906,0.83931,1.65,1.52
2014.11.17 15:12:16.906,0.8391,0.8393,1.57,1.12
2014.11.17 15:12:17.434,0.83912,0.83937,1.20,5.32
2014.11.17 15:12:17.737,0.83912,0.83936,1.27,2.02
2014.11.17 15:12:20.445,0.83912,0.83936,1.27,2.40
2014.11.17 15:12:23.029,0.83912,0.83937,1.27,1.65
2014.11.17 15:12:24.153,0.83912,0.83937,1.52,1.52
2014.11.17 15:12:25.256,0.83914,0.83939,1.52,3.45
2014.11.17 15:12:25.307,0.83914,0.83939,3.45,1.52
2014.11.17 15:12:25.408,0.83917,0.83939,2.02,1.37
2014.11.17 15:12:25.459,0.83919,0.83941,1.17,1.65
2014.11.17 15:12:25.559,0.83923,0.83941,1.00,1.07
2014.11.17 15:12:25.853,0.83923,0.83945,1.00,2.02
2014.11.17 15:12:26.004,0.8392,0.83941,1.17,1.17
2014.11.17 15:12:26.307,0.83917,0.8394,2.40,1.17
2014.11.17 15:12:26.988,0.83915,0.83938,4.95,1.00
2014.11.17 15:12:27.039,0.83915,0.83938,2.77,1.07
2014.11.17 15:12:27.499,0.83917,0.8394,1.15,1.17
2014.11.17 15:12:27.800,0.83917,0.8394,2.32,1.57
2014.11.17 15:12:27.901,0.83915,0.83937,2.02,1.47
2014.11.17 15:12:28.455,0.83915,0.83936,2.77,1.12
2014.11.17 15:12:28.505,0.83915,0.83936,4.95,1.12
2014.11.17 15:12:29.035,0.83915,0.83938,5.70,1.37
2014.11.17 15:12:29.287,0.83919,0.83942,1.57,1.27
2014.11.17 15:12:29.791,0.8392,0.83942,1.00,1.27
2014.11.17 15:12:30.299,0.8392,0.83941,1.17,1.17
2014.11.17 15:12:30.451,0.8392,0.83939,1.00,1.07
2014.11.17 15:12:30.652,0.8392,0.8394,1.17,1.10
2014.11.17 15:12:30.854,0.8392,0.83942,1.15,1.20
2014.11.17 15:12:31.119,0.8392,0.83942,4.57,1.12
2014.11.17 15:12:32.105,0.8392,0.83942,4.95,1.37
2014.11.17 15:12:33.046,0.8392,0.83942,4.95,1.37
2014.11.17 15:12:33.906,0.8392,0.83942,4.57,1.37
2014.11.17 15:12:34.057,0.8392,0.83942,2.40,1.47
2014.11.17 15:12:36.912,0.8392,0.83942,1.27,1.47
2014.11.17 15:12:38.264,0.8392,0.83942,1.52,1.47
2014.11.17 15:12:38.767,0.8392,0.83942,1.52,1.47
2014.11.17 15:12:39.327,0.8392,0.83942,1.52,1.20
2014.11.17 15:12:39.820,0.8392,0.83942,1.52,1.47
2014.11.17 15:12:41.167,0.8392,0.83942,1.52,1.47
2014.11.17 15:12:41.704,0.8392,0.83942,2.77,1.20
2014.11.17 15:12:42.039,0.8392,0.8394,2.02,1.12
2014.11.17 15:12:42.570,0.83918,0.83939,4.20,1.12
2014.11.17 15:12:43.181,0.83923,0.83942,1.87,1.10
2014.11.17 15:12:43.282,0.83923,0.83946,2.77,1.52
2014.11.17 15:12:43.596,0.83924,0.83947,1.27,1.65
2014.11.17 15:12:43.766,0.83924,0.83947,1.15,1.15
2014.11.17 15:12:44.252,0.83926,0.83949,1.17,1.52
2014.11.17 15:12:44.564,0.83925,0.83948,1.27,1.55
2014.11.17 15:12:45.068,0.83924,0.83944,2.02,1.12
2014.11.17 15:12:45.460,0.83923,0.83944,2.02,1.37
2014.11.17 15:12:45.883,0.83922,0.83943,2.02,1.37
2014.11.17 15:12:45.984,0.83922,0.83943,2.02,1.37
2014.11.17 15:12:47.162,0.83921,0.83942,4.57,1.00
2014.11.17 15:12:47.363,0.83925,0.83946,2.02,1.37
2014.11.17 15:12:47.883,0.83928,0.83946,1.57,1.00
2014.11.17 15:12:48.451,0.83926,0.83947,2.02,1.20
2014.11.17 15:12:49.467,0.83926,0.83947,1.65,1.85
2014.11.17 15:12:49.568,0.83923,0.83946,1.15,1.92
2014.11.17 15:12:49.669,0.83921,0.83942,1.20,1.47
2014.11.17 15:12:50.205,0.83919,0.8394,2.02,1.37
2014.11.17 15:12:50.475,0.83919,0.8394,2.02,1.12
2014.11.17 15:12:50.677,0.83918,0.8394,3.45,1.37
2014.11.17 15:12:52.430,0.83918,0.8394,3.45,1.37
2014.11.17 15:12:52.954,0.83919,0.83941,1.27,1.37
2014.11.17 15:12:53.106,0.83919,0.83941,1.27,1.55
2014.11.17 15:12:54.297,0.83918,0.8394,1.52,1.47
2014.11.17 15:12:54.984,0.83918,0.8394,3.45,1.37
2014.11.17 15:12:55.135,0.83918,0.8394,3.45,1.37
2014.11.17 15:12:55.644,0.8392,0.83941,1.52,1.20
2014.11.17 15:12:55.695,0.8392,0.83942,3.45,1.37
2014.11.17 15:12:56.245,0.8392,0.83943,4.20,1.12
2014.11.17 15:12:56.616,0.83924,0.83945,1.10,1.55
2014.11.17 15:12:57.019,0.83922,0.83944,1.00,1.52
2014.11.17 15:12:57.522,0.83922,0.83944,1.37,1.52
2014.11.17 15:12:57.997,0.83922,0.83945,1.52,1.55
2014.11.17 15:12:58.507,0.83926,0.83945,1.10,1.37
2014.11.17 15:12:59.010,0.83924,0.83946,1.20,3.52
2014.11.17 15:12:59.807,0.83924,0.83945,1.12,2.70
2014.11.17 15:12:59.907,0.83921,0.83945,1.55,4.20
2014.11.17 15:13:00.417,0.83922,0.83944,1.37,1.52
2014.11.17 15:13:00.975,0.83922,0.83945,1.57,4.20
2014.11.17 15:13:01.182,0.83925,0.83945,1.00,1.52
2014.11.17 15:13:01.410,0.83922,0.83945,1.57,2.02
2014.11.17 15:13:01.917,0.83922,0.83945,1.00,4.20
2014.11.17 15:13:02.220,0.83921,0.83943,1.52,1.37
2014.11.17 15:13:02.321,0.83921,0.83943,1.55,1.52
2014.11.17 15:13:02.730,0.83924,0.83946,1.00,1.52
2014.11.17 15:13:03.133,0.83925,0.83948,1.10,1.52
2014.11.17 15:13:03.184,0.83927,0.83949,1.00,2.70
2014.11.17 15:13:03.486,0.8393,0.8395,1.00,1.90
2014.11.17 15:13:03.993,0.8393,0.8395,1.00,1.90
2014.11.17 15:13:04.248,0.83929,0.8395,1.00,3.15
2014.11.17 15:13:04.631,0.83928,0.8395,1.10,1.65
2014.11.17 15:13:04.732,0.83929,0.8395,1.10,1.17
2014.11.17 15:13:04.934,0.83926,0.83948,1.17,1.07
2014.11.17 15:13:05.135,0.83921,0.83944,1.07,1.17
2014.11.17 15:13:05.337,0.83921,0.83942,2.02,1.00
2014.11.17 15:13:05.488,0.83925,0.83948,3.82,1.10
2014.11.17 15:13:05.589,0.8393,0.8395,1.10,1.20
2014.11.17 15:13:05.640,0.8393,0.8395,1.00,1.17
2014.11.17 15:13:05.892,0.83931,0.83955,1.15,1.52
2014.11.17 15:13:06.144,0.8393,0.83951,3.07,1.00
2014.11.17 15:13:06.245,0.8393,0.83953,1.17,2.40
2014.11.17 15:13:06.345,0.8393,0.83953,1.00,3.07
2014.11.17 15:13:06.546,0.8393,0.83954,1.65,1.27
2014.11.17 15:13:06.597,0.8393,0.83952,1.07,1.07
2014.11.17 15:13:06.648,0.8393,0.83952,1.10,1.15
2014.11.17 15:13:06.748,0.8393,0.83951,1.00,2.32
2014.11.17 15:13:07.357,0.83932,0.83955,1.00,4.20
2014.11.17 15:13:07.458,0.8393,0.83953,1.50,3.82
2014.11.17 15:13:07.559,0.8393,0.83952,1.65,1.50
2014.11.17 15:13:07.610,0.83931,0.83953,1.17,1.57
2014.11.17 15:13:07.912,0.83933,0.83955,1.17,1.45
2014.11.17 15:13:08.218,0.83931,0.83953,1.07,1.65
2014.11.17 15:13:08.319,0.8393,0.83953,1.00,4.95
2014.11.17 15:13:08.621,0.83935,0.83952,1.00,1.17
2014.11.17 15:13:08.773,0.8393,0.83951,1.10,1.17
2014.11.17 15:13:08.874,0.83925,0.83949,3.07,1.07
2014.11.17 15:13:09.227,0.83934,0.8395,1.00,1.15
2014.11.17 15:13:09.328,0.83929,0.83948,1.00,1.10
2014.11.17 15:13:09.960,0.8393,0.83948,1.00,1.10
2014.11.17 15:13:10.161,0.8393,0.83951,1.10,1.17
2014.11.17 15:13:10.363,0.8393,0.83951,1.00,3.07
2014.11.17 15:13:11.053,0.8393,0.83951,1.00,1.27
2014.11.17 15:13:11.204,0.83935,0.83954,1.00,3.45
2014.11.17 15:13:11.317,0.83935,0.83954,1.00,1.52
2014.11.17 15:13:11.821,0.83935,0.83955,1.00,3.45
2014.11.17 15:13:11.922,0.83935,0.83955,1.17,1.10
2014.11.17 15:13:12.600,0.83935,0.83956,1.07,1.15
2014.11.17 15:13:12.902,0.8393,0.83947,1.07,1.00
2014.11.17 15:13:12.953,0.8393,0.83947,1.10,1.00
2014.11.17 15:13:13.104,0.83926,0.83945,2.32,1.00
2014.11.17 15:13:13.615,0.83925,0.83942,1.15,1.00
2014.11.17 15:13:13.767,0.83925,0.83944,1.15,1.00
2014.11.17 15:13:13.817,0.8393,0.83944,1.10,1.00
2014.11.17 15:13:14.321,0.8393,0.83946,1.00,1.00
2014.11.17 15:13:16.205,0.8393,0.83946,1.37,1.00
2014.11.17 15:13:16.747,0.8393,0.83946,1.00,1.00
2014.11.17 15:13:17.228,0.83925,0.83945,1.15,1.00
2014.11.17 15:13:17.279,0.83925,0.83947,4.57,1.00
2014.11.17 15:13:17.782,0.8393,0.83947,1.00,1.10
2014.11.17 15:13:18.084,0.8393,0.83948,1.15,1.00
2014.11.17 15:13:18.286,0.8393,0.83949,1.10,1.00
2014.11.17 15:13:18.387,0.8393,0.83949,1.15,1.00
2014.11.17 15:13:18.588,0.83929,0.83948,1.07,1.00
2014.11.17 15:13:19.092,0.8393,0.83949,1.10,1.00
2014.11.17 15:13:20.769,0.83935,0.83948,1.00,1.00
2014.11.17 15:13:20.920,0.83935,0.8395,1.00,1.00
2014.11.17 15:13:20.971,0.8393,0.8395,1.17,1.00
2014.11.17 15:13:21.496,0.8393,0.83949,1.17,1.00
2014.11.17 15:13:22.091,0.83935,0.83951,1.10,1.00
2014.11.17 15:13:23.005,0.83935,0.83949,1.00,1.00
2014.11.17 15:13:23.334,0.83934,0.83951,1.12,1.00
2014.11.17 15:13:23.837,0.83935,0.83951,1.10,1.00
2014.11.17 15:13:24.358,0.83935,0.83951,1.47,1.00
2014.11.17 15:13:24.408,0.83935,0.83951,1.47,1.00
2014.11.17 15:13:24.811,0.83934,0.83951,1.52,1.00
2014.11.17 15:13:25.164,0.83935,0.83953,1.27,1.00
2014.11.17 15:13:25.215,0.83935,0.83953,1.27,1.00
2014.11.17 15:13:25.265,0.83939,0.83953,1.00,1.00
2014.11.17 15:13:25.366,0.83935,0.83953,1.20,1.00
2014.11.17 15:13:25.417,0.83935,0.83954,1.12,1.07
2014.11.17 15:13:25.618,0.83935,0.83951,1.07,1.00
2014.11.17 15:13:25.936,0.8394,0.83955,1.00,1.00
2014.11.17 15:13:26.941,0.83939,0.83956,1.07,1.00
2014.11.17 15:13:27.243,0.83935,0.83957,1.15,1.00
2014.11.17 15:13:27.294,0.83935,0.83955,1.07,1.00
2014.11.17 15:13:27.345,0.83934,0.83955,1.17,1.00
2014.11.17 15:13:27.400,0.83934,0.83953,1.17,1.00
2014.11.17 15:13:27.451,0.83934,0.83953,1.20,1.00
2014.11.17 15:13:27.602,0.83935,0.8395,1.00,1.00
2014.11.17 15:13:27.704,0.83935,0.83954,1.17,1.00
2014.11.17 15:13:28.157,0.83935,0.83952,1.17,1.00
2014.11.17 15:13:28.560,0.8394,0.83952,1.00,1.00
2014.11.17 15:13:28.712,0.8394,0.83955,1.00,1.00
2014.11.17 15:13:29.574,0.83935,0.83955,1.27,1.00
2014.11.17 15:13:29.894,0.8394,0.83955,1.00,1.00
2014.11.17 15:13:30.096,0.83935,0.83955,1.27,1.00
2014.11.17 15:13:30.604,0.83935,0.83955,1.37,1.15
2014.11.17 15:13:30.856,0.83935,0.83955,1.00,1.20
2014.11.17 15:13:30.907,0.83939,0.83954,1.00,1.00
2014.11.17 15:13:31.209,0.83934,0.83952,1.07,1.00
2014.11.17 15:13:31.276,0.83934,0.83954,5.25,1.00
2014.11.17 15:13:31.679,0.83939,0.83952,1.00,1.00
2014.11.17 15:13:31.780,0.83934,0.83955,1.00,1.17
2014.11.17 15:13:31.830,0.83934,0.83955,1.07,1.10
2014.11.17 15:13:32.132,0.8394,0.83955,1.00,1.00
2014.11.17 15:13:34.301,0.8394,0.83954,1.00,1.00
2014.11.17 15:13:34.504,0.83935,0.83954,1.52,1.00
2014.11.17 15:13:34.770,0.83935,0.83956,4.57,1.10
2014.11.17 15:13:35.074,0.83935,0.83954,1.15,1.00
2014.11.17 15:13:35.189,0.83935,0.83954,1.07,1.00
2014.11.17 15:13:35.642,0.83935,0.83952,1.00,1.00
2014.11.17 15:13:36.146,0.83935,0.83951,1.17,1.00
2014.11.17 15:13:36.943,0.83935,0.83951,1.10,1.00
2014.11.17 15:13:37.246,0.83935,0.83949,1.00,1.00
2014.11.17 15:13:37.497,0.8393,0.83949,2.02,1.00
2014.11.17 15:13:38.157,0.8393,0.8395,4.20,1.00
2014.11.17 15:13:38.459,0.83932,0.8395,4.20,1.00
2014.11.17 15:13:39.048,0.83932,0.83951,2.70,1.00
2014.11.17 15:13:39.557,0.8393,0.8395,3.45,1.00
2014.11.17 15:13:39.658,0.8393,0.83949,1.52,1.00
2014.11.17 15:13:40.801,0.8393,0.83949,1.52,1.00
2014.11.17 15:13:42.210,0.8393,0.83949,1.52,1.00
2014.11.17 15:13:42.261,0.8393,0.83949,2.77,1.00
2014.11.17 15:13:42.765,0.8393,0.83948,1.15,1.00
2014.11.17 15:13:43.628,0.83928,0.83948,1.65,1.00
2014.11.17 15:13:43.729,0.83925,0.83947,1.52,1.00
2014.11.17 15:13:43.780,0.83925,0.83943,1.52,1.00
2014.11.17 15:13:43.881,0.83922,0.83942,2.02,1.00
2014.11.17 15:13:44.382,0.83924,0.83941,1.17,1.00
2014.11.17 15:13:44.433,0.83924,0.83946,1.17,1.17
2014.11.17 15:13:44.484,0.83924,0.83946,3.07,1.10
2014.11.17 15:13:44.822,0.8393,0.83949,1.17,1.00
2014.11.17 15:13:45.124,0.8393,0.83946,1.15,1.00
2014.11.17 15:13:45.427,0.8393,0.83948,1.15,1.00
2014.11.17 15:13:45.642,0.83935,0.83952,1.00,1.10
2014.11.17 15:13:46.045,0.8394,0.83955,1.00,1.15
2014.11.17 15:13:46.247,0.8394,0.83955,1.00,1.07
2014.11.17 15:13:46.398,0.83935,0.83961,2.32,3.07
2014.11.17 15:13:46.449,0.83935,0.83961,3.82,1.15
2014.11.17 15:13:46.499,0.83937,0.83961,2.32,1.15
2014.11.17 15:13:46.801,0.8394,0.83951,1.00,1.00
2014.11.17 15:13:46.852,0.83935,0.8395,2.40,1.00
2014.11.17 15:13:46.903,0.83935,0.8395,1.10,1.00
2014.11.17 15:13:47.104,0.83935,0.83948,1.00,1.00
2014.11.17 15:13:47.628,0.83935,0.83949,1.00,1.00
2014.11.17 15:13:49.735,0.83935,0.83948,1.00,1.00
2014.11.17 15:13:50.038,0.83928,0.83945,1.07,1.00
2014.11.17 15:13:50.089,0.83928,0.83945,1.00,1.00
2014.11.17 15:13:50.139,0.83928,0.8394,1.00,1.00
2014.11.17 15:13:50.290,0.83925,0.83942,1.17,1.00
2014.11.17 15:13:50.341,0.8393,0.83942,1.00,1.00
2014.11.17 15:13:50.593,0.83925,0.8394,1.10,1.00
2014.11.17 15:13:50.694,0.8393,0.8394,1.00,1.00
2014.11.17 15:13:50.795,0.83925,0.8394,1.10,1.00
2014.11.17 15:13:50.924,0.83925,0.83942,1.10,1.00
2014.11.17 15:13:51.126,0.83925,0.8394,1.20,1.00
2014.11.17 15:13:51.696,0.83925,0.83943,1.00,1.00
2014.11.17 15:13:52.658,0.83924,0.83943,1.20,1.00
2014.11.17 15:13:53.217,0.83925,0.83943,1.00,1.00
2014.11.17 15:13:53.342,0.83925,0.83941,1.00,1.00
2014.11.17 15:13:53.845,0.83924,0.83941,1.20,1.00
2014.11.17 15:13:54.349,0.83925,0.83941,1.12,1.00
2014.11.17 15:13:54.866,0.83924,0.83941,1.20,1.00
2014.11.17 15:13:55.812,0.83924,0.83941,1.47,1.00
2014.11.17 15:13:56.183,0.83924,0.83943,1.47,1.00
2014.11.17 15:13:57.021,0.83925,0.83943,1.37,1.00
2014.11.17 15:13:57.702,0.83925,0.83943,1.37,1.00
2014.11.17 15:13:58.382,0.83925,0.83947,1.37,2.02
2014.11.17 15:14:00.115,0.83925,0.83948,1.37,4.95
2014.11.17 15:14:01.318,0.83925,0.83948,1.37,3.45
2014.11.17 15:14:01.777,0.83929,0.83948,1.00,4.95
2014.11.17 15:14:01.979,0.83929,0.83947,1.00,1.55
2014.11.17 15:14:05.222,0.83925,0.83947,1.55,1.55
2014.11.17 15:14:05.942,0.8393,0.83947,1.00,1.55
2014.11.17 15:14:08.533,0.8393,0.83947,1.00,1.55
2014.11.17 15:14:09.136,0.8393,0.83947,1.00,1.55
2014.11.17 15:14:09.938,0.8393,0.83947,1.00,1.55
2014.11.17 15:14:10.038,0.8393,0.83947,1.00,1.55
2014.11.17 15:14:10.542,0.8393,0.83947,1.00,1.55
2014.11.17 15:14:11.045,0.8393,0.83947,1.00,1.55
2014.11.17 15:14:11.406,0.83935,0.83947,1.00,1.55
2014.11.17 15:14:13.247,0.83935,0.83947,1.00,1.37
2014.11.17 15:14:13.675,0.8393,0.83947,1.10,1.37
2014.11.17 15:14:14.412,0.83935,0.83947,1.00,1.37
2014.11.17 15:14:14.771,0.83935,0.83948,1.00,1.12
2014.11.17 15:14:15.174,0.8393,0.83953,1.55,1.52
2014.11.17 15:14:15.281,0.8393,0.83953,1.17,1.27
2014.11.17 15:14:15.403,0.83934,0.83952,1.00,1.17
2014.11.17 15:14:15.971,0.83934,0.8395,1.00,1.00
2014.11.17 15:14:16.072,0.83926,0.83949,3.45,1.57
2014.11.17 15:14:16.123,0.83926,0.83946,2.70,1.00
2014.11.17 15:14:16.174,0.83925,0.83946,2.02,1.10
2014.11.17 15:14:16.224,0.83929,0.83944,1.00,1.00
2014.11.17 15:14:16.426,0.83929,0.83947,1.10,1.00
2014.11.17 15:14:16.577,0.83929,0.83945,1.10,1.00
2014.11.17 15:14:16.980,0.83925,0.83946,1.55,1.10
2014.11.17 15:14:17.667,0.8393,0.83946,1.00,1.47
2014.11.17 15:14:17.873,0.83924,0.83944,1.47,1.27
2014.11.17 15:14:18.398,0.83924,0.83944,1.55,1.37
2014.11.17 15:14:18.887,0.83924,0.83943,3.45,1.00
2014.11.17 15:14:19.578,0.83924,0.83944,3.45,1.12
2014.11.17 15:14:19.983,0.83924,0.83943,1.52,1.00
2014.11.17 15:14:20.034,0.83925,0.83941,1.17,1.00
2014.11.17 15:14:20.153,0.83924,0.8394,1.20,1.00
2014.11.17 15:14:20.355,0.8392,0.8394,1.17,1.00
2014.11.17 15:14:20.858,0.8392,0.83939,1.17,1.00
2014.11.17 15:14:21.672,0.8392,0.83938,1.17,1.00
2014.11.17 15:14:23.225,0.8392,0.83938,1.55,1.00
2014.11.17 15:14:24.011,0.8392,0.83938,1.17,1.00
2014.11.17 15:14:24.550,0.8392,0.83938,1.55,1.00
2014.11.17 15:14:25.056,0.8392,0.83938,1.52,1.00
2014.11.17 15:14:25.711,0.8392,0.83938,1.52,1.00
2014.11.17 15:14:26.215,0.83921,0.83939,2.70,1.00
2014.11.17 15:14:26.315,0.83921,0.83941,2.70,1.12
2014.11.17 15:14:26.825,0.83922,0.83945,2.02,1.65
2014.11.17 15:14:26.876,0.8393,0.83945,1.00,1.27
2014.11.17 15:14:26.926,0.8393,0.83945,1.00,1.12
2014.11.17 15:14:27.128,0.83924,0.83947,3.45,1.47
2014.11.17 15:14:27.228,0.83924,0.83947,3.07,1.10
2014.11.17 15:14:27.745,0.83925,0.83947,3.07,1.00
2014.11.17 15:14:27.846,0.83925,0.83947,1.17,1.10
2014.11.17 15:14:28.500,0.83925,0.83946,1.17,1.00
2014.11.17 15:14:28.709,0.83925,0.83946,1.17,1.37
2014.11.17 15:14:28.910,0.83924,0.83945,1.20,1.00
2014.11.17 15:14:29.112,0.83924,0.83945,1.15,1.00
2014.11.17 15:14:29.414,0.83924,0.83947,1.15,1.12
2014.11.17 15:14:29.615,0.83924,0.83944,1.15,1.00
2014.11.17 15:14:29.918,0.83924,0.83942,1.17,1.00
2014.11.17 15:14:30.688,0.83925,0.83942,1.20,1.00
2014.11.17 15:14:30.940,0.83925,0.83949,3.82,1.27
2014.11.17 15:14:31.041,0.83926,0.83947,2.70,1.37
2014.11.17 15:14:31.242,0.8393,0.83949,1.07,1.10
2014.11.17 15:14:31.293,0.8393,0.83949,1.17,1.00
2014.11.17 15:14:31.553,0.8393,0.83949,1.20,1.00
2014.11.17 15:14:31.929,0.83926,0.83946,6.00,1.00
2014.11.17 15:14:32.382,0.83925,0.83946,2.40,1.00
2014.11.17 15:14:32.433,0.83925,0.83946,2.77,1.37
2014.11.17 15:14:32.974,0.83925,0.83946,4.95,1.37
2014.11.17 15:14:33.324,0.83925,0.83946,1.52,1.00
2014.11.17 15:14:33.425,0.83925,0.83945,3.15,1.00
2014.11.17 15:14:33.828,0.83929,0.83944,1.12,1.00
2014.11.17 15:14:34.332,0.83929,0.83946,1.07,1.00
2014.11.17 15:14:35.861,0.8393,0.83946,1.47,1.00
2014.11.17 15:14:36.374,0.83931,0.83947,1.65,1.00
2014.11.17 15:14:36.475,0.83934,0.83948,1.00,1.00
2014.11.17 15:14:36.525,0.83934,0.8395,1.00,1.10
2014.11.17 15:14:36.576,0.8393,0.8395,1.15,1.00
2014.11.17 15:14:36.677,0.8393,0.8395,1.10,1.17
2014.11.17 15:14:36.728,0.8393,0.8395,1.07,1.10
2014.11.17 15:14:37.030,0.83935,0.8395,1.00,1.00
2014.11.17 15:14:37.534,0.8393,0.8395,1.15,1.10
2014.11.17 15:14:37.748,0.8393,0.83951,3.07,1.00
2014.11.17 15:14:37.950,0.83935,0.83955,1.00,1.17
2014.11.17 15:14:38.507,0.83935,0.83952,1.00,1.00
2014.11.17 15:14:38.659,0.83929,0.83952,1.27,1.15
2014.11.17 15:14:38.759,0.83929,0.83952,1.20,1.15
2014.11.17 15:14:39.296,0.8393,0.83952,1.00,1.15
2014.11.17 15:14:40.568,0.8393,0.83952,1.00,1.65
2014.11.17 15:14:41.481,0.8393,0.83952,1.00,1.90
2014.11.17 15:14:41.784,0.8393,0.83947,1.00,1.55
2014.11.17 15:14:42.287,0.83929,0.83947,1.00,1.52
2014.11.17 15:14:42.589,0.8393,0.83951,1.37,1.52
2014.11.17 15:14:42.690,0.8393,0.83951,1.47,1.55
2014.11.17 15:14:43.505,0.83934,0.83953,1.00,1.55
2014.11.17 15:14:43.862,0.83934,0.83953,1.20,1.37
2014.11.17 15:14:43.963,0.83934,0.83954,1.52,1.37
2014.11.17 15:14:44.264,0.83935,0.83954,1.00,1.45
2014.11.17 15:14:44.466,0.8393,0.83953,2.02,1.52
2014.11.17 15:14:44.617,0.83935,0.83953,1.00,1.52
2014.11.17 15:14:44.718,0.8393,0.83951,1.52,1.37
2014.11.17 15:14:44.819,0.83935,0.83951,1.00,1.37
2014.11.17 15:14:44.920,0.83929,0.83951,1.52,1.37
2014.11.17 15:14:45.432,0.8393,0.83951,1.27,1.45
2014.11.17 15:14:45.949,0.8393,0.8395,1.10,1.47
2014.11.17 15:14:46.350,0.83927,0.83948,2.02,1.37
2014.11.17 15:14:46.852,0.8393,0.83948,1.07,1.37
2014.11.17 15:14:47.003,0.83927,0.83948,1.65,1.00
2014.11.17 15:14:48.661,0.83927,0.83948,1.65,1.37
2014.11.17 15:14:48.963,0.83923,0.8394,2.32,1.12
2014.11.17 15:14:49.014,0.83921,0.8394,2.70,1.12
2014.11.17 15:14:49.114,0.8392,0.83941,1.52,1.37
2014.11.17 15:14:49.620,0.8392,0.83941,1.52,1.37
2014.11.17 15:14:50.174,0.83919,0.83941,2.02,1.37
2014.11.17 15:14:50.748,0.8392,0.83941,1.20,1.47
2014.11.17 15:14:51.177,0.8392,0.83941,1.12,1.57
2014.11.17 15:14:51.717,0.8392,0.83941,1.00,1.57
2014.11.17 15:14:52.601,0.83919,0.83939,1.57,1.37
2014.11.17 15:14:52.913,0.8392,0.83939,1.07,1.00
2014.11.17 15:14:54.683,0.8392,0.83938,2.77,1.00
2014.11.17 15:14:54.935,0.83924,0.83941,1.52,1.00
2014.11.17 15:14:55.238,0.83925,0.83943,1.00,1.00
2014.11.17 15:14:55.339,0.83925,0.8394,1.00,1.00
2014.11.17 15:14:55.590,0.8392,0.8394,1.15,1.00
2014.11.17 15:14:55.691,0.83921,0.83942,2.32,1.00
2014.11.17 15:14:57.717,0.83921,0.83942,3.07,1.00
2014.11.17 15:14:58.283,0.83925,0.83943,1.10,1.12
2014.11.17 15:14:58.786,0.83921,0.83943,4.20,1.37
2014.11.17 15:15:00.160,0.8392,0.83943,6.37,1.47
2014.11.17 15:15:00.684,0.8392,0.83943,6.37,1.37
2014.11.17 15:15:01.186,0.8392,0.83943,6.37,1.37
2014.11.17 15:15:01.490,0.83924,0.83945,2.32,1.00
2014.11.17 15:15:02.046,0.83924,0.83946,2.32,1.12
2014.11.17 15:15:02.349,0.83925,0.83944,1.15,1.00
2014.11.17 15:15:02.450,0.83925,0.83944,1.10,1.00
2014.11.17 15:15:02.601,0.83925,0.8394,1.00,1.00
2014.11.17 15:15:03.133,0.8392,0.83939,3.07,1.00
2014.11.17 15:15:03.637,0.8392,0.8394,3.07,1.00
2014.11.17 15:15:04.141,0.83921,0.8394,4.50,1.00
2014.11.17 15:15:06.511,0.83922,0.8394,2.70,1.00
2014.11.17 15:15:06.662,0.8392,0.83941,1.15,1.00
2014.11.17 15:15:06.713,0.83917,0.83938,2.70,1.00
2014.11.17 15:15:07.015,0.83916,0.83934,2.32,1.00
2014.11.17 15:15:07.368,0.83917,0.83939,1.65,1.10
2014.11.17 15:15:07.520,0.83925,0.83939,1.00,1.00
2014.11.17 15:15:07.571,0.83925,0.83944,1.00,1.17
2014.11.17 15:15:07.671,0.8392,0.83942,1.15,1.10
2014.11.17 15:15:07.772,0.8392,0.83942,3.00,1.20
2014.11.17 15:15:07.823,0.83919,0.83942,1.17,1.27
2014.11.17 15:15:07.925,0.83916,0.83937,2.32,1.00
2014.11.17 15:15:08.126,0.83916,0.8394,2.32,1.17
2014.11.17 15:15:08.600,0.83915,0.83938,1.65,1.10
2014.11.17 15:15:09.014,0.83915,0.83937,1.15,1.07
2014.11.17 15:15:09.605,0.83915,0.83937,1.17,1.17
2014.11.17 15:15:09.939,0.83915,0.83937,1.17,1.55
2014.11.17 15:15:10.462,0.83915,0.83937,1.17,1.55
2014.11.17 15:15:10.981,0.83915,0.83937,1.27,1.27
2014.11.17 15:15:11.315,0.83915,0.83937,1.15,1.00
2014.11.17 15:15:12.311,0.83916,0.83937,2.32,1.00
2014.11.17 15:15:12.385,0.83916,0.83939,2.32,1.00
2014.11.17 15:15:13.153,0.8392,0.8394,1.10,1.10
2014.11.17 15:15:13.355,0.83925,0.8394,1.00,1.00
2014.11.17 15:15:13.457,0.8392,0.83941,1.00,1.10
2014.11.17 15:15:13.507,0.8392,0.83941,1.07,1.10
2014.11.17 15:15:13.810,0.83925,0.83943,1.00,1.27
2014.11.17 15:15:13.911,0.8392,0.83943,1.57,1.27
2014.11.17 15:15:14.012,0.8392,0.83941,1.07,1.10
2014.11.17 15:15:14.163,0.83925,0.83949,3.07,1.17
2014.11.17 15:15:14.264,0.83926,0.8395,5.25,1.87
2014.11.17 15:15:14.952,0.8393,0.83949,1.20,1.00
2014.11.17 15:15:15.003,0.8393,0.83949,1.10,1.07
2014.11.17 15:15:15.255,0.8393,0.8395,1.00,1.07
2014.11.17 15:15:15.406,0.8393,0.8395,1.07,1.00
2014.11.17 15:15:15.557,0.8393,0.83952,1.10,1.15
2014.11.17 15:15:15.607,0.8393,0.8395,1.07,1.00
2014.11.17 15:15:15.709,0.83929,0.83953,3.07,1.10
2014.11.17 15:15:15.760,0.83929,0.8395,2.32,1.00
2014.11.17 15:15:15.860,0.83929,0.83952,1.65,1.15
2014.11.17 15:15:15.911,0.83931,0.83955,1.07,6.75
2014.11.17 15:15:16.062,0.83931,0.83955,3.07,1.10
2014.11.17 15:15:16.326,0.8393,0.83954,1.15,1.10
2014.11.17 15:15:16.921,0.8393,0.83954,2.02,1.57
2014.11.17 15:15:17.443,0.8393,0.83954,2.02,1.57
2014.11.17 15:15:17.948,0.83929,0.83952,3.07,1.47
2014.11.17 15:15:18.050,0.83925,0.83949,1.15,1.00
2014.11.17 15:15:18.151,0.83925,0.83949,1.15,1.15
2014.11.17 15:15:18.453,0.83931,0.83952,1.00,2.32
2014.11.17 15:15:18.654,0.8393,0.83954,1.57,3.07
2014.11.17 15:15:18.755,0.8393,0.83952,1.50,2.32
2014.11.17 15:15:18.957,0.8393,0.83952,1.17,1.15
2014.11.17 15:15:19.158,0.8393,0.83953,1.15,1.17
2014.11.17 15:15:19.259,0.83931,0.83955,1.15,1.65
2014.11.17 15:15:19.562,0.83932,0.83956,1.15,1.00
2014.11.17 15:15:19.663,0.83935,0.83955,1.15,1.00
2014.11.17 15:15:19.764,0.8393,0.83952,3.07,1.00
2014.11.17 15:15:19.866,0.83935,0.83955,1.20,1.00
2014.11.17 15:15:19.967,0.83935,0.83955,1.00,1.15
2014.11.17 15:15:20.474,0.83935,0.83955,1.00,1.00
2014.11.17 15:15:20.575,0.83935,0.83955,1.00,1.15
2014.11.17 15:15:21.003,0.83935,0.83955,1.00,1.52
2014.11.17 15:15:21.462,0.83935,0.83957,1.00,1.52
2014.11.17 15:15:21.563,0.83945,0.8396,1.00,1.52
2014.11.17 15:15:21.664,0.83945,0.83964,1.00,3.07
2014.11.17 15:15:22.453,0.8394,0.83963,1.10,1.52
2014.11.17 15:15:22.553,0.8394,0.83964,1.20,1.52
2014.11.17 15:15:22.705,0.8394,0.83964,1.15,1.15
2014.11.17 15:15:23.154,0.83939,0.83963,1.15,1.17
2014.11.17 15:15:23.520,0.83939,0.83964,5.25,1.00
2014.11.17 15:15:23.722,0.8394,0.83961,1.15,1.00
2014.11.17 15:15:23.924,0.83939,0.83961,1.10,1.17
2014.11.17 15:15:23.977,0.83939,0.83962,1.15,1.17
2014.11.17 15:15:24.179,0.8394,0.83964,1.10,3.07
2014.11.17 15:15:24.733,0.8394,0.83962,1.00,2.32
2014.11.17 15:15:24.838,0.8394,0.83962,1.10,1.17
2014.11.17 15:15:25.040,0.8394,0.83958,1.10,1.00
2014.11.17 15:15:25.292,0.83936,0.8396,2.32,1.10
2014.11.17 15:15:25.342,0.83939,0.8396,2.32,1.00
2014.11.17 15:15:25.695,0.83935,0.83959,5.25,1.00
2014.11.17 15:15:25.745,0.83939,0.83959,2.32,1.00
2014.11.17 15:15:25.947,0.83939,0.83961,2.32,1.00
2014.11.17 15:15:26.199,0.83937,0.83961,2.32,1.17
2014.11.17 15:15:26.597,0.83936,0.83961,1.15,1.15
2014.11.17 15:15:27.251,0.83939,0.83958,1.10,1.00
2014.11.17 15:15:27.453,0.83939,0.8396,3.00,1.47
2014.11.17 15:15:27.654,0.8394,0.83962,1.07,1.45
2014.11.17 15:15:28.158,0.8394,0.8396,1.00,1.55
2014.11.17 15:15:28.695,0.8394,0.8396,1.00,1.55
2014.11.17 15:15:28.947,0.83939,0.83959,1.15,1.12
2014.11.17 15:15:29.149,0.8394,0.83961,1.17,1.47
2014.11.17 15:15:29.692,0.83942,0.83964,2.32,1.37
2014.11.17 15:15:29.742,0.83942,0.83964,2.70,1.12
2014.11.17 15:15:30.061,0.83942,0.83967,2.32,1.17
2014.11.17 15:15:30.573,0.83945,0.83965,1.27,1.00
2014.11.17 15:15:31.112,0.83945,0.83967,1.55,1.27
2014.11.17 15:15:31.285,0.83944,0.83968,1.52,1.27
2014.11.17 15:15:31.443,0.8395,0.83969,1.00,1.20
2014.11.17 15:15:31.653,0.83948,0.8397,2.70,1.47
2014.11.17 15:15:31.754,0.83946,0.8397,2.70,1.45
2014.11.17 15:15:32.287,0.83945,0.83969,3.45,1.20
2014.11.17 15:15:32.489,0.83945,0.83968,1.52,1.20
2014.11.17 15:15:32.640,0.83945,0.83967,1.12,1.52
2014.11.17 15:15:32.691,0.83945,0.83967,1.45,1.52
2014.11.17 15:15:32.993,0.83945,0.83965,1.27,1.20
2014.11.17 15:15:33.154,0.83945,0.83965,1.47,1.10
2014.11.17 15:15:33.486,0.83945,0.83965,1.20,1.10
2014.11.17 15:15:33.757,0.83945,0.83965,1.10,1.47
2014.11.17 15:15:34.009,0.8394,0.83963,1.52,1.27
2014.11.17 15:15:34.261,0.83945,0.83962,1.00,1.00
2014.11.17 15:15:35.510,0.83945,0.83962,1.00,1.20
2014.11.17 15:15:35.762,0.83944,0.83963,1.47,1.00
2014.11.17 15:15:35.913,0.83949,0.83963,1.00,1.00
2014.11.17 15:15:36.014,0.83944,0.83963,1.07,1.07
2014.11.17 15:15:36.366,0.83944,0.83964,1.07,1.20
2014.11.17 15:15:36.467,0.83944,0.83963,1.10,1.07
2014.11.17 15:15:37.071,0.8394,0.83962,1.52,1.10
2014.11.17 15:15:37.172,0.8394,0.83961,1.65,1.00
2014.11.17 15:15:37.679,0.83945,0.83964,1.55,1.00
2014.11.17 15:15:37.880,0.83945,0.83962,1.47,1.10
2014.11.17 15:15:38.823,0.83945,0.83962,1.37,1.10
2014.11.17 15:15:39.422,0.83945,0.83962,1.37,1.10
2014.11.17 15:15:40.532,0.83945,0.83964,1.10,1.12
2014.11.17 15:15:41.051,0.83941,0.83964,3.07,1.12
2014.11.17 15:15:41.583,0.83945,0.83964,1.20,1.37
2014.11.17 15:15:42.098,0.83945,0.83963,1.12,1.27
2014.11.17 15:15:42.611,0.83945,0.83962,1.37,1.00
2014.11.17 15:15:43.122,0.83945,0.83963,1.37,1.10
2014.11.17 15:15:43.643,0.83945,0.83962,1.37,1.00
2014.11.17 15:15:44.178,0.8394,0.83961,1.52,1.00
2014.11.17 15:15:44.279,0.8394,0.83959,1.65,1.00
2014.11.17 15:15:44.329,0.8394,0.83959,1.27,1.00
2014.11.17 15:15:44.531,0.83945,0.83959,1.12,1.00
2014.11.17 15:15:45.250,0.83945,0.83961,1.12,1.20
2014.11.17 15:15:45.502,0.83945,0.83964,1.37,1.20
2014.11.17 15:15:45.704,0.83945,0.83962,1.37,1.10
2014.11.17 15:15:45.956,0.8394,0.83961,1.55,1.45
2014.11.17 15:15:46.157,0.8394,0.83961,1.07,1.10
2014.11.17 15:15:46.208,0.8394,0.83961,3.07,1.00
2014.11.17 15:15:46.812,0.8395,0.83961,1.00,1.00
2014.11.17 15:15:47.028,0.8395,0.83963,1.00,1.10
2014.11.17 15:15:47.230,0.8395,0.83963,1.00,1.45
2014.11.17 15:15:47.582,0.8395,0.83965,1.00,1.52
2014.11.17 15:15:47.745,0.83949,0.83965,1.00,2.62
2014.11.17 15:15:47.846,0.83945,0.83963,1.00,1.27
2014.11.17 15:15:47.947,0.83939,0.83962,1.52,1.55
2014.11.17 15:15:48.713,0.83944,0.83962,1.37,1.17
2014.11.17 15:15:48.814,0.83939,0.83962,3.45,1.47
2014.11.17 15:15:49.317,0.83939,0.83961,1.52,1.55
2014.11.17 15:15:49.889,0.8394,0.83961,1.52,1.45
2014.11.17 15:15:50.191,0.83944,0.83961,1.00,1.55
2014.11.17 15:15:50.583,0.8394,0.83961,1.55,1.55
2014.11.17 15:15:51.222,0.8394,0.83961,2.70,1.37
2014.11.17 15:15:51.574,0.83939,0.8396,1.17,1.10
2014.11.17 15:15:51.625,0.83939,0.83963,1.15,1.00
2014.11.17 15:15:51.727,0.83939,0.83963,1.15,1.15
2014.11.17 15:15:52.230,0.83939,0.8396,3.07,1.00
2014.11.17 15:15:52.331,0.83939,0.8396,1.15,1.10
2014.11.17 15:15:52.633,0.83939,0.83962,1.15,1.00
2014.11.17 15:15:52.734,0.83939,0.83961,1.20,1.20
2014.11.17 15:15:52.834,0.8394,0.83958,1.00,1.00
2014.11.17 15:15:53.237,0.8394,0.83959,1.15,1.00
2014.11.17 15:15:53.288,0.8394,0.83961,1.15,1.00
2014.11.17 15:15:53.806,0.83941,0.83964,1.17,1.15
2014.11.17 15:15:55.304,0.83945,0.83964,1.00,1.15
2014.11.17 15:15:55.616,0.83941,0.83964,1.17,1.15
2014.11.17 15:15:55.774,0.83941,0.83964,1.17,1.90
2014.11.17 15:15:55.876,0.8394,0.83962,1.00,2.02
2014.11.17 15:15:55.926,0.8394,0.8396,1.00,2.70
2014.11.17 15:15:56.188,0.83935,0.83954,1.10,1.00
2014.11.17 15:15:56.873,0.83935,0.83954,1.47,1.00
2014.11.17 15:15:57.488,0.83935,0.83954,1.47,1.00
2014.11.17 15:15:58.450,0.83931,0.83954,2.70,1.00
2014.11.17 15:15:58.551,0.83933,0.83954,2.70,1.00
2014.11.17 15:15:58.853,0.8394,0.8396,1.00,3.07
2014.11.17 15:15:59.256,0.8394,0.83959,1.00,1.17
2014.11.17 15:15:59.633,0.8394,0.83958,1.07,1.00
2014.11.17 15:15:59.684,0.83944,0.83963,1.00,1.00
2014.11.17 15:16:00.189,0.83945,0.83963,1.00,1.00
2014.11.17 15:16:00.807,0.83945,0.83967,1.00,1.15
2014.11.17 15:16:01.760,0.83945,0.83968,1.37,7.12
2014.11.17 15:16:02.661,0.83945,0.83968,1.00,7.12
2014.11.17 15:16:03.275,0.83945,0.83966,1.37,1.52
2014.11.17 15:16:04.065,0.83945,0.83963,1.37,2.32
2014.11.17 15:16:04.232,0.83945,0.83965,1.00,2.32
2014.11.17 15:16:04.283,0.83945,0.83966,1.00,1.15
2014.11.17 15:16:04.484,0.83944,0.83966,2.32,1.00
2014.11.17 15:16:04.635,0.83946,0.8397,3.07,1.57
2014.11.17 15:16:04.686,0.83948,0.8397,2.32,1.50
2014.11.17 15:16:04.837,0.8395,0.83975,2.32,1.17
2014.11.17 15:16:05.093,0.8395,0.83971,2.32,1.00
2014.11.17 15:16:05.515,0.8395,0.83975,3.07,1.65
2014.11.17 15:16:05.872,0.8395,0.8397,2.32,1.00
2014.11.17 15:16:06.069,0.8395,0.83975,3.07,1.65
2014.11.17 15:16:06.503,0.8395,0.83975,3.82,2.02
2014.11.17 15:16:07.107,0.83949,0.83975,3.07,2.02
2014.11.17 15:16:07.210,0.83949,0.83975,3.07,2.02
2014.11.17 15:16:07.714,0.83949,0.83974,2.70,1.55
2014.11.17 15:16:08.799,0.83949,0.83973,1.52,1.52
2014.11.17 15:16:09.000,0.83949,0.83973,1.52,1.55
2014.11.17 15:16:09.101,0.83951,0.83974,1.15,1.10
2014.11.17 15:16:09.152,0.8395,0.83973,1.07,3.00
2014.11.17 15:16:09.203,0.8395,0.83973,1.00,3.07
2014.11.17 15:16:09.555,0.83951,0.83975,1.07,3.07
2014.11.17 15:16:10.058,0.8395,0.83975,1.17,1.15
2014.11.17 15:16:10.109,0.8395,0.83975,1.20,1.15
2014.11.17 15:16:10.354,0.8395,0.83973,1.20,2.32
2014.11.17 15:16:10.703,0.83955,0.83973,1.00,3.07
2014.11.17 15:16:10.804,0.8395,0.83972,1.10,1.15
2014.11.17 15:16:11.005,0.8395,0.83969,1.00,2.32
2014.11.17 15:16:11.157,0.83945,0.83969,1.95,2.32
2014.11.17 15:16:12.331,0.83941,0.83966,4.95,1.17
2014.11.17 15:16:12.499,0.83941,0.83966,5.32,1.27
2014.11.17 15:16:13.738,0.83941,0.83966,3.82,1.17
2014.11.17 15:16:14.234,0.83943,0.83966,3.07,1.10
2014.11.17 15:16:14.335,0.8394,0.83965,2.40,1.47
2014.11.17 15:16:14.436,0.8394,0.83962,1.92,1.07
2014.11.17 15:16:14.688,0.83939,0.83963,6.75,1.00
2014.11.17 15:16:15.043,0.83945,0.83966,1.57,1.07
2014.11.17 15:16:15.093,0.83945,0.83966,1.65,1.10
2014.11.17 15:16:15.194,0.83945,0.83968,3.82,1.12
2014.11.17 15:16:15.756,0.83946,0.8397,3.45,1.47
2014.11.17 15:16:16.016,0.83946,0.8397,3.82,1.20
2014.11.17 15:16:16.116,0.83946,0.8397,3.45,1.20
2014.11.17 15:16:16.318,0.83946,0.8397,2.62,2.40
2014.11.17 15:16:16.419,0.83945,0.83967,1.55,1.17
2014.11.17 15:16:16.822,0.83946,0.8397,1.27,2.25
2014.11.17 15:16:16.873,0.83946,0.83971,3.45,1.17
2014.11.17 15:16:17.082,0.83948,0.83971,2.32,1.10
2014.11.17 15:16:17.384,0.83946,0.83971,1.27,1.15
2014.11.17 15:16:18.336,0.83946,0.83971,1.90,1.52
2014.11.17 15:16:18.852,0.83946,0.83971,1.27,1.15
2014.11.17 15:16:18.953,0.83947,0.83972,3.07,1.17
2014.11.17 15:16:19.478,0.83949,0.83972,1.15,1.17
2014.11.17 15:16:20.632,0.83948,0.83972,3.07,1.27
2014.11.17 15:16:21.133,0.83948,0.83973,3.82,1.27
2014.11.17 15:16:21.658,0.83951,0.83975,1.55,1.52
2014.11.17 15:16:22.250,0.8395,0.83973,1.52,1.55
2014.11.17 15:16:22.402,0.8395,0.83973,1.52,1.55
2014.11.17 15:16:22.502,0.8395,0.83972,1.47,1.52
2014.11.17 15:16:23.106,0.8395,0.83973,1.95,1.52
2014.11.17 15:16:23.672,0.83949,0.83973,1.52,1.52
2014.11.17 15:16:24.266,0.8395,0.83973,1.55,1.52
2014.11.17 15:16:24.760,0.8395,0.83973,1.52,1.27
2014.11.17 15:16:24.912,0.8395,0.83973,1.37,1.65
2014.11.17 15:16:25.242,0.83946,0.83968,1.37,2.70
2014.11.17 15:16:25.393,0.83945,0.83968,1.37,3.45
2014.11.17 15:16:25.926,0.83945,0.83968,1.37,3.45
2014.11.17 15:16:26.678,0.83945,0.83968,1.37,3.45
2014.11.17 15:16:26.792,0.8395,0.83968,1.37,3.45
2014.11.17 15:16:26.842,0.8395,0.83971,1.37,3.45
2014.11.17 15:16:26.943,0.8395,0.83971,1.37,1.57
2014.11.17 15:16:27.512,0.8395,0.83973,1.37,1.52
2014.11.17 15:16:27.824,0.8395,0.83971,1.37,1.55
2014.11.17 15:16:28.126,0.8395,0.83968,1.00,1.37
2014.11.17 15:16:28.227,0.83945,0.83968,1.37,1.15
2014.11.17 15:16:28.328,0.83945,0.83969,1.52,1.15
2014.11.17 15:16:29.090,0.83946,0.8397,1.52,1.52
2014.11.17 15:16:29.291,0.83945,0.83969,1.52,1.52
2014.11.17 15:16:29.543,0.83945,0.83967,1.20,1.15
2014.11.17 15:16:30.158,0.83943,0.83965,1.27,1.00
2014.11.17 15:16:30.208,0.83943,0.83965,1.52,1.12
2014.11.17 15:16:30.410,0.83945,0.83966,1.20,1.20
2014.11.17 15:16:30.511,0.83946,0.83969,1.17,1.15
2014.11.17 15:16:30.813,0.83948,0.83972,1.15,1.52
2014.11.17 15:16:31.340,0.8395,0.83974,1.17,1.55
2014.11.17 15:16:31.662,0.83949,0.83973,1.55,1.65
2014.11.17 15:16:31.763,0.83949,0.83973,1.47,3.82
2014.11.17 15:16:32.146,0.83949,0.83972,1.15,1.17
2014.11.17 15:16:32.247,0.83949,0.83972,1.20,1.15
2014.11.17 15:16:33.033,0.83947,0.83971,1.52,1.57
2014.11.17 15:16:33.349,0.83947,0.83971,1.65,1.57
2014.11.17 15:16:33.874,0.83949,0.83972,1.52,2.77
2014.11.17 15:16:34.706,0.83949,0.83972,1.52,3.15
2014.11.17 15:16:34.911,0.8395,0.83973,2.02,1.52
2014.11.17 15:16:35.013,0.83952,0.83974,1.00,1.65
2014.11.17 15:16:35.114,0.83954,0.83975,1.00,3.07
2014.11.17 15:16:35.165,0.83954,0.83975,1.10,1.17
2014.11.17 15:16:35.215,0.83958,0.83975,1.00,1.07
2014.11.17 15:16:35.267,0.83958,0.8398,1.00,1.52
2014.11.17 15:16:35.846,0.83958,0.8398,1.00,4.20
2014.11.17 15:16:36.033,0.83958,0.8398,1.00,5.32
2014.11.17 15:16:36.184,0.83954,0.83976,1.20,4.57
2014.11.17 15:16:36.285,0.83951,0.83975,1.47,3.45
2014.11.17 15:16:36.739,0.83952,0.83975,1.37,3.45
2014.11.17 15:16:36.942,0.83953,0.83977,1.10,3.07
2014.11.17 15:16:37.043,0.83953,0.83975,1.00,2.32
2014.11.17 15:16:37.094,0.8395,0.83974,1.65,1.15
2014.11.17 15:16:37.837,0.83949,0.83973,1.90,1.15
2014.11.17 15:16:38.039,0.83955,0.83978,2.70,1.95
2014.11.17 15:16:38.140,0.83955,0.83978,1.55,1.52
2014.11.17 15:16:38.342,0.83955,0.83979,1.17,3.07
2014.11.17 15:16:38.745,0.83953,0.83978,3.07,1.17
2014.11.17 15:16:39.669,0.83953,0.83978,3.45,1.55
2014.11.17 15:16:40.200,0.83955,0.83979,1.52,1.52
2014.11.17 15:16:40.705,0.83955,0.83979,1.52,2.77
2014.11.17 15:16:42.847,0.83955,0.83979,1.52,2.77
2014.11.17 15:16:43.348,0.83955,0.83979,1.52,1.52
2014.11.17 15:16:46.596,0.83955,0.83979,1.27,1.90
2014.11.17 15:16:46.697,0.83955,0.83979,1.10,3.82
2014.11.17 15:16:48.261,0.83955,0.83979,1.20,3.45
2014.11.17 15:16:49.011,0.83955,0.83979,1.47,3.45
2014.11.17 15:16:49.313,0.83954,0.83979,1.65,2.70
2014.11.17 15:16:49.713,0.83955,0.83979,1.85,2.70
2014.11.17 15:16:49.764,0.83955,0.8398,1.90,1.52
2014.11.17 15:16:49.865,0.83956,0.8398,3.45,1.20
2014.11.17 15:16:49.966,0.83958,0.83981,1.10,2.32
2014.11.17 15:16:50.167,0.83958,0.8398,1.17,1.17
2014.11.17 15:16:50.268,0.83959,0.8398,1.15,1.00
2014.11.17 15:16:50.469,0.83959,0.83983,1.10,2.70
2014.11.17 15:16:50.570,0.83959,0.83983,1.17,1.27
2014.11.17 15:16:50.896,0.83959,0.83983,1.00,5.62
2014.11.17 15:16:51.302,0.83959,0.83985,1.52,5.32
2014.11.17 15:16:51.403,0.83959,0.83985,3.45,3.15
2014.11.17 15:16:52.921,0.83963,0.83987,1.47,3.45
2014.11.17 15:16:53.119,0.83963,0.83987,1.10,3.45
2014.11.17 15:16:53.169,0.83963,0.83985,1.00,4.87
2014.11.17 15:16:53.371,0.83956,0.8398,1.17,1.65
2014.11.17 15:16:54.841,0.83956,0.8398,1.55,2.02
2014.11.17 15:16:55.196,0.83956,0.8398,1.27,2.40
2014.11.17 15:16:55.347,0.83955,0.83978,1.00,2.70
2014.11.17 15:16:55.499,0.83955,0.83979,1.27,1.15
2014.11.17 15:16:55.600,0.83958,0.83981,1.17,1.07
2014.11.17 15:16:55.801,0.83962,0.83985,1.00,2.02
2014.11.17 15:16:55.902,0.83958,0.83981,1.15,1.17
2014.11.17 15:16:56.304,0.83959,0.83981,1.00,2.32
2014.11.17 15:16:56.355,0.83956,0.83979,1.17,1.15
2014.11.17 15:16:56.456,0.8396,0.83981,1.00,2.32
2014.11.17 15:16:56.506,0.8396,0.83982,1.10,1.15
2014.11.17 15:16:56.607,0.8396,0.83985,1.15,1.52
2014.11.17 15:16:56.708,0.83959,0.83983,1.10,2.32
2014.11.17 15:16:56.809,0.83957,0.83982,1.20,5.25
2014.11.17 15:16:56.918,0.8396,0.83982,1.00,6.75
2014.11.17 15:16:57.019,0.8396,0.83982,1.00,1.15
2014.11.17 15:16:57.220,0.83962,0.83985,1.00,5.62
2014.11.17 15:16:57.590,0.83962,0.83985,1.00,1.52
2014.11.17 15:16:57.943,0.83962,0.83985,1.12,2.02
2014.11.17 15:16:58.465,0.83963,0.83985,1.00,1.52
2014.11.17 15:16:58.991,0.8396,0.83983,1.55,1.52
2014.11.17 15:16:59.496,0.83961,0.83984,1.55,1.52
2014.11.17 15:16:59.546,0.8396,0.83985,2.02,1.52
2014.11.17 15:17:00.239,0.83962,0.83985,1.55,1.52
2014.11.17 15:17:00.541,0.83961,0.83984,1.15,1.65
2014.11.17 15:17:00.642,0.83961,0.83983,1.00,2.70
2014.11.17 15:17:01.045,0.83958,0.83981,1.37,2.70
2014.11.17 15:17:01.347,0.83961,0.83984,1.47,2.77
2014.11.17 15:17:01.549,0.8396,0.83982,1.00,2.32
2014.11.17 15:17:01.851,0.83962,0.83984,1.00,2.70
2014.11.17 15:17:02.053,0.83959,0.83981,1.00,1.65
2014.11.17 15:17:02.556,0.8396,0.83983,1.00,6.75
2014.11.17 15:17:03.079,0.8396,0.83984,1.10,4.20
2014.11.17 15:17:04.168,0.8396,0.83984,1.47,4.20
2014.11.17 15:17:05.359,0.8396,0.83983,1.10,2.02
2014.11.17 15:17:05.900,0.8396,0.83984,1.20,4.57
2014.11.17 15:17:06.451,0.8396,0.83983,1.10,2.02
2014.11.17 15:17:06.552,0.8396,0.83983,1.10,2.40
2014.11.17 15:17:07.074,0.8396,0.83978,1.00,1.95
2014.11.17 15:17:07.275,0.83958,0.83982,1.10,4.57
2014.11.17 15:17:07.779,0.83954,0.83977,1.15,1.57
2014.11.17 15:17:07.981,0.83954,0.83977,1.07,2.77
2014.11.17 15:17:08.032,0.83954,0.83977,1.10,2.77
2014.11.17 15:17:08.594,0.83953,0.83976,1.07,2.40
2014.11.17 15:17:08.901,0.83952,0.83975,1.10,1.15
2014.11.17 15:17:09.900,0.83952,0.83975,1.47,1.52
2014.11.17 15:17:10.153,0.83954,0.83977,1.07,1.15
2014.11.17 15:17:10.686,0.83956,0.83978,1.00,2.32
2014.11.17 15:17:11.568,0.83956,0.83978,1.37,2.70
2014.11.17 15:17:12.081,0.83956,0.83978,1.12,4.87
2014.11.17 15:17:12.284,0.83953,0.83976,1.20,2.70
2014.11.17 15:17:12.794,0.83952,0.83975,1.37,4.20
2014.11.17 15:17:14.100,0.83952,0.83975,1.15,2.77
2014.11.17 15:17:14.201,0.83953,0.83975,1.20,2.40
2014.11.17 15:17:14.402,0.83953,0.83974,1.00,1.65
2014.11.17 15:17:14.503,0.83951,0.83975,1.10,2.77
2014.11.17 15:17:14.705,0.83953,0.83975,1.00,2.02
2014.11.17 15:17:14.756,0.83953,0.83976,1.17,3.52
2014.11.17 15:17:15.463,0.83956,0.83977,1.00,2.02
2014.11.17 15:17:15.665,0.83953,0.83976,1.10,1.52
2014.11.17 15:17:15.878,0.83953,0.83975,1.00,2.70
2014.11.17 15:17:16.392,0.83954,0.83975,1.00,2.70
2014.11.17 15:17:16.943,0.83954,0.83976,1.00,1.90
2014.11.17 15:17:17.472,0.83954,0.83975,1.00,4.20
2014.11.17 15:17:17.811,0.83954,0.83975,1.00,3.07
2014.11.17 15:17:19.424,0.83954,0.83975,1.00,3.07
2014.11.17 15:17:19.626,0.83954,0.83975,1.00,3.45
2014.11.17 15:17:19.727,0.83953,0.83975,1.10,1.90
2014.11.17 15:17:19.777,0.8395,0.83975,1.45,3.82
2014.11.17 15:17:20.289,0.8395,0.83975,1.15,1.65
2014.11.17 15:17:21.201,0.8395,0.83975,1.27,1.90
2014.11.17 15:17:21.727,0.8395,0.83975,1.52,1.65
2014.11.17 15:17:22.594,0.8395,0.83975,3.45,1.65
2014.11.17 15:17:22.790,0.8395,0.83975,1.55,1.65
2014.11.17 15:17:23.097,0.8395,0.8397,1.10,1.47
2014.11.17 15:17:23.148,0.8395,0.8397,1.10,1.47
2014.11.17 15:17:23.651,0.83951,0.8397,1.00,1.52
2014.11.17 15:17:24.394,0.83951,0.8397,1.00,1.47
2014.11.17 15:17:24.972,0.83952,0.8397,1.00,1.47
2014.11.17 15:17:25.483,0.83949,0.8397,1.17,1.47
2014.11.17 15:17:25.620,0.8395,0.83972,1.10,2.77
2014.11.17 15:17:26.251,0.8395,0.83973,1.10,2.40
2014.11.17 15:17:26.758,0.83949,0.8397,1.17,1.85
2014.11.17 15:17:26.859,0.83949,0.8397,1.17,1.20
2014.11.17 15:17:28.021,0.83947,0.8397,1.15,1.47
2014.11.17 15:17:29.641,0.8395,0.83972,1.10,3.15
2014.11.17 15:17:30.432,0.83947,0.8397,1.15,1.57
2014.11.17 15:17:30.734,0.83949,0.83971,1.17,2.02
2014.11.17 15:17:30.835,0.83949,0.83973,1.55,2.77
2014.11.17 15:17:31.158,0.83955,0.83973,1.00,2.02
2014.11.17 15:17:31.431,0.83951,0.83974,1.55,2.77
2014.11.17 15:17:31.734,0.83952,0.83975,1.52,1.55
2014.11.17 15:17:31.936,0.83952,0.83975,1.55,1.52
2014.11.17 15:17:33.137,0.83952,0.83975,1.55,1.52
2014.11.17 15:17:33.410,0.83958,0.83977,1.00,2.32
2014.11.17 15:17:33.612,0.83958,0.8398,1.15,1.10
2014.11.17 15:17:33.763,0.83958,0.83982,1.27,1.00
2014.11.17 15:17:33.813,0.83958,0.83982,1.27,1.15
2014.11.17 15:17:34.115,0.83961,0.83984,3.07,1.00
2014.11.17 15:17:34.418,0.83963,0.83986,2.32,1.95
2014.11.17 15:17:35.358,0.83963,0.83986,2.32,2.32
2014.11.17 15:17:35.684,0.83963,0.83986,2.70,1.95
2014.11.17 15:17:36.187,0.83963,0.83986,3.45,1.00
2014.11.17 15:17:36.238,0.83963,0.83986,1.27,1.15
2014.11.17 15:17:36.339,0.83961,0.83984,1.10,1.15
2014.11.17 15:17:36.540,0.83965,0.83987,1.00,1.15
2014.11.17 15:17:36.742,0.83964,0.83986,1.15,1.00
2014.11.17 15:17:37.269,0.83964,0.83985,1.15,1.00
2014.11.17 15:17:37.806,0.83967,0.83984,2.62,1.00
2014.11.17 15:17:37.907,0.83967,0.83989,2.70,1.00
2014.11.17 15:17:38.592,0.83968,0.83993,1.52,2.77
2014.11.17 15:17:38.942,0.83969,0.83994,1.20,1.00
2014.11.17 15:17:38.992,0.83971,0.83995,1.00,1.20
2014.11.17 15:17:39.496,0.83971,0.83995,1.00,1.65
2014.11.17 15:17:39.932,0.83971,0.83995,1.15,1.00
2014.11.17 15:17:40.341,0.83973,0.8399,1.00,1.00
2014.11.17 15:17:40.442,0.8397,0.83993,1.20,1.00
2014.11.17 15:17:40.543,0.83971,0.83995,1.00,1.20
2014.11.17 15:17:40.954,0.83972,0.83995,1.17,1.00
2014.11.17 15:17:41.117,0.83973,0.83998,1.07,1.95
2014.11.17 15:17:41.318,0.83976,0.84,1.00,2.77
2014.11.17 15:17:41.621,0.83974,0.83996,1.00,1.07
2014.11.17 15:17:41.772,0.83972,0.83995,1.00,1.10
2014.11.17 15:17:41.923,0.83973,0.83995,2.25,1.00
2014.11.17 15:17:42.074,0.83973,0.83997,1.15,1.15
2014.11.17 15:17:42.560,0.83973,0.83998,3.07,2.02
2014.11.17 15:17:42.862,0.83977,0.83998,2.32,1.00
2014.11.17 15:17:42.963,0.83975,0.83998,1.15,1.15
2014.11.17 15:17:43.064,0.83975,0.83992,1.00,1.00
2014.11.17 15:17:43.385,0.8397,0.83989,2.70,1.00
2014.11.17 15:17:43.950,0.8397,0.83987,1.17,1.00
2014.11.17 15:17:44.152,0.83969,0.83987,3.07,1.00
2014.11.17 15:17:44.687,0.8397,0.83988,1.17,1.00
2014.11.17 15:17:44.939,0.83968,0.83992,2.32,2.32
2014.11.17 15:17:45.726,0.8397,0.8399,1.15,1.00
2014.11.17 15:17:45.827,0.83966,0.83991,3.45,1.15
2014.11.17 15:17:45.978,0.83965,0.83988,1.52,1.10
2014.11.17 15:17:46.630,0.83966,0.8399,4.20,1.17
2014.11.17 15:17:46.932,0.83975,0.83993,1.00,1.17
2014.11.17 15:17:47.033,0.8397,0.83992,1.15,1.10
2014.11.17 15:17:47.134,0.8397,0.8399,1.15,1.00
2014.11.17 15:17:47.637,0.83969,0.83989,2.32,1.00
2014.11.17 15:17:48.049,0.83969,0.83992,2.32,1.10
2014.11.17 15:17:48.150,0.83967,0.83992,3.07,1.15
2014.11.17 15:17:48.251,0.83967,0.83992,1.15,1.15
2014.11.17 15:17:48.431,0.83967,0.83992,1.52,1.52
2014.11.17 15:17:48.972,0.83967,0.83992,1.65,1.27
2014.11.17 15:17:49.176,0.83969,0.83993,1.17,1.17
2014.11.17 15:17:49.382,0.83971,0.83995,1.15,1.65
2014.11.17 15:17:49.754,0.8397,0.83993,1.15,1.65
2014.11.17 15:17:49.855,0.83966,0.83991,3.45,1.17
2014.11.17 15:17:50.057,0.83968,0.8399,2.70,1.00
2014.11.17 15:17:50.258,0.8397,0.83992,1.10,1.65
2014.11.17 15:17:50.765,0.83967,0.83992,3.07,1.17
2014.11.17 15:17:51.068,0.83967,0.83991,1.15,1.65
2014.11.17 15:17:53.049,0.83966,0.8399,1.27,2.02
2014.11.17 15:17:53.650,0.83966,0.8399,1.52,2.02
2014.11.17 15:17:53.751,0.83967,0.8399,2.70,2.02
2014.11.17 15:17:54.083,0.83965,0.83988,2.32,1.95
2014.11.17 15:17:54.385,0.83967,0.83988,2.70,1.00
2014.11.17 15:17:54.436,0.83969,0.8399,1.27,1.10
2014.11.17 15:17:54.486,0.83969,0.8399,3.45,1.00
2014.11.17 15:17:54.587,0.8397,0.8399,1.10,1.00
2014.11.17 15:17:54.688,0.83969,0.8399,2.70,1.00
2014.11.17 15:17:54.739,0.83969,0.83992,2.70,1.00
2014.11.17 15:17:55.285,0.83969,0.83993,2.70,1.10
2014.11.17 15:17:55.598,0.83968,0.83993,1.52,1.15
2014.11.17 15:17:56.107,0.83966,0.83994,3.82,4.95
2014.11.17 15:17:56.774,0.83966,0.83991,3.45,2.02
2014.11.17 15:17:57.189,0.83967,0.83994,2.40,3.45
2014.11.17 15:17:57.292,0.8397,0.83994,1.10,3.07
2014.11.17 15:17:58.264,0.8397,0.83993,1.07,1.15
2014.11.17 15:17:58.768,0.8397,0.83995,1.55,1.27
2014.11.17 15:17:59.358,0.83968,0.83993,4.95,1.07
2014.11.17 15:18:00.100,0.8397,0.83993,1.55,1.45
2014.11.17 15:18:00.474,0.8397,0.83993,1.85,1.15
2014.11.17 15:18:00.600,0.8397,0.83994,1.92,1.17
2014.11.17 15:18:00.902,0.83972,0.83996,3.07,1.10
2014.11.17 15:18:01.205,0.83971,0.83996,1.65,1.27
2014.11.17 15:18:01.418,0.83972,0.83996,5.25,1.00
2014.11.17 15:18:01.720,0.83976,0.83999,1.52,1.87
2014.11.17 15:18:01.821,0.83976,0.83999,1.52,1.87
2014.11.17 15:18:02.130,0.83976,0.84,1.52,2.77
2014.11.17 15:18:02.432,0.83979,0.84,1.37,1.15
2014.11.17 15:18:02.483,0.83979,0.84,1.55,1.10
2014.11.17 15:18:02.634,0.83981,0.84004,1.20,1.15
2014.11.17 15:18:02.685,0.83981,0.84004,1.20,2.32
2014.11.17 15:18:02.987,0.83982,0.84005,3.07,1.17
2014.11.17 15:18:03.537,0.83982,0.84007,3.45,2.77
2014.11.17 15:18:03.988,0.83982,0.84007,3.45,2.77
2014.11.17 15:18:04.290,0.83981,0.84006,1.52,3.75
2014.11.17 15:18:04.838,0.83981,0.84005,1.55,1.52
2014.11.17 15:18:05.340,0.8398,0.84006,2.40,4.20
2014.11.17 15:18:05.610,0.8398,0.84004,1.95,2.70
2014.11.17 15:18:05.711,0.8398,0.84002,2.62,2.70
2014.11.17 15:18:05.962,0.8398,0.84004,1.55,3.45
2014.11.17 15:18:06.474,0.8398,0.84004,1.55,3.45
2014.11.17 15:18:07.039,0.8398,0.84004,1.55,4.95
2014.11.17 15:18:07.140,0.8398,0.84004,1.55,4.95
2014.11.17 15:18:07.676,0.83979,0.84,1.95,1.10
2014.11.17 15:18:07.727,0.83979,0.84,1.95,1.47
2014.11.17 15:18:07.937,0.83978,0.84002,1.55,1.55
2014.11.17 15:18:08.830,0.83979,0.84003,1.45,2.02
2014.11.17 15:18:09.435,0.83979,0.84004,1.45,4.20
2014.11.17 15:18:09.486,0.83979,0.84001,1.37,2.62
2014.11.17 15:18:09.637,0.83979,0.84003,1.55,2.70
2014.11.17 15:18:10.172,0.83979,0.84002,1.37,2.70
2014.11.17 15:18:10.567,0.83979,0.84004,1.57,6.37
2014.11.17 15:18:11.324,0.83979,0.84004,1.57,6.75
2014.11.17 15:18:11.626,0.83981,0.84004,1.37,6.37
2014.11.17 15:18:11.828,0.8398,0.84002,1.00,3.82
2014.11.17 15:18:11.929,0.83979,0.84002,1.07,1.65
2014.11.17 15:18:12.136,0.83975,0.83998,1.17,1.15
2014.11.17 15:18:12.439,0.83975,0.83999,1.15,1.15
2014.11.17 15:18:12.540,0.83977,0.84002,1.15,2.40
2014.11.17 15:18:13.404,0.83977,0.84001,1.17,1.65
2014.11.17 15:18:14.462,0.83977,0.84001,1.55,1.65
2014.11.17 15:18:14.764,0.83978,0.84003,1.90,1.15
2014.11.17 15:18:14.825,0.83978,0.84003,1.52,1.15
2014.11.17 15:18:14.926,0.8398,0.84004,2.32,1.10
2014.11.17 15:18:15.027,0.83978,0.84003,1.52,1.20
2014.11.17 15:18:15.128,0.8398,0.84003,1.10,3.07
2014.11.17 15:18:15.675,0.83979,0.84003,1.20,3.07
2014.11.17 15:18:15.977,0.83982,0.84007,1.17,3.07
2014.11.17 15:18:16.028,0.83982,0.84006,1.10,2.32
2014.11.17 15:18:16.230,0.83979,0.84003,1.17,2.32
2014.11.17 15:18:16.432,0.83979,0.84004,3.07,2.40
2014.11.17 15:18:16.533,0.83981,0.84001,1.00,2.32
2014.11.17 15:18:16.634,0.83977,0.84004,1.52,1.15
2014.11.17 15:18:16.987,0.83982,0.84004,1.00,1.65
2014.11.17 15:18:17.138,0.8398,0.84004,1.12,2.32
2014.11.17 15:18:17.239,0.8398,0.84005,2.77,1.15
2014.11.17 15:18:17.339,0.8398,0.84005,7.87,1.00
2014.11.17 15:18:17.440,0.83983,0.84008,3.07,1.17
2014.11.17 15:18:17.743,0.83984,0.84009,1.15,2.32
2014.11.17 15:18:17.843,0.83982,0.84007,1.17,1.15
2014.11.17 15:18:18.045,0.83982,0.84006,1.10,2.32
2014.11.17 15:18:18.380,0.83984,0.8401,1.15,2.40
2014.11.17 15:18:18.683,0.83986,0.8401,1.17,1.65
2014.11.17 15:18:19.287,0.83985,0.84007,2.32,1.00
2014.11.17 15:18:19.337,0.83982,0.84007,1.15,1.20
2014.11.17 15:18:19.489,0.83987,0.84008,1.50,1.15
2014.11.17 15:18:19.991,0.83988,0.84011,1.50,2.32
2014.11.17 15:18:20.042,0.83987,0.84013,1.65,5.25
2014.11.17 15:18:20.142,0.83988,0.84014,1.15,3.07
2014.11.17 15:18:21.225,0.8399,0.84015,1.07,5.25
2014.11.17 15:18:22.167,0.83987,0.84013,1.15,1.15
2014.11.17 15:18:22.268,0.8399,0.84014,1.00,4.50
2014.11.17 15:18:22.369,0.83991,0.84015,1.20,1.15
2014.11.17 15:18:22.469,0.83993,0.84017,1.65,3.07
2014.11.17 15:18:22.570,0.83993,0.84019,2.40,1.15
2014.11.17 15:18:23.153,0.83993,0.84018,1.07,2.32
2014.11.17 15:18:23.555,0.83994,0.84016,1.00,2.32
2014.11.17 15:18:23.958,0.83994,0.84018,1.20,2.40
2014.11.17 15:18:24.059,0.83994,0.84017,1.00,1.65
2014.11.17 15:18:24.562,0.83994,0.84018,1.17,1.65
2014.11.17 15:18:25.876,0.83992,0.84017,1.52,2.02
2014.11.17 15:18:26.694,0.83992,0.84017,1.52,2.02
2014.11.17 15:18:26.996,0.83991,0.84016,1.65,1.15
2014.11.17 15:18:27.047,0.83991,0.84016,1.65,1.20
2014.11.17 15:18:27.960,0.83995,0.84017,1.00,1.65
2014.11.17 15:18:28.161,0.83995,0.84015,1.00,1.65
2014.11.17 15:18:28.413,0.83996,0.84014,1.00,1.57
2014.11.17 15:18:28.514,0.83993,0.84013,1.00,1.65
2014.11.17 15:18:28.665,0.8399,0.84013,1.10,1.65
2014.11.17 15:18:28.867,0.83991,0.84012,1.00,2.32
2014.11.17 15:18:28.967,0.8399,0.84014,1.20,2.40
2014.11.17 15:18:29.119,0.8399,0.84013,1.10,3.82
2014.11.17 15:18:29.636,0.8399,0.84012,1.00,2.32
2014.11.17 15:18:29.989,0.83991,0.84014,1.27,2.02
2014.11.17 15:18:30.089,0.8399,0.84012,1.57,2.02
2014.11.17 15:18:30.259,0.8399,0.84011,1.00,2.02
2014.11.17 15:18:30.878,0.83985,0.8401,2.02,1.52
2014.11.17 15:18:31.618,0.83985,0.8401,1.27,1.52
2014.11.17 15:18:31.820,0.83984,0.84009,2.70,2.02
2014.11.17 15:18:32.139,0.83984,0.84011,3.07,3.52
2014.11.17 15:18:32.240,0.83985,0.84011,1.15,2.40
2014.11.17 15:18:32.930,0.83985,0.84011,1.52,1.52
2014.11.17 15:18:33.449,0.83985,0.84011,1.65,1.52
2014.11.17 15:18:33.601,0.83985,0.84011,1.52,1.52
2014.11.17 15:18:35.007,0.83985,0.84011,1.52,2.77
2014.11.17 15:18:35.923,0.83985,0.84011,1.65,2.77
2014.11.17 15:18:36.276,0.83984,0.84009,1.92,2.70
2014.11.17 15:18:36.477,0.83989,0.8401,1.12,2.02
2014.11.17 15:18:36.679,0.83985,0.84008,1.50,2.32
2014.11.17 15:18:36.780,0.83985,0.84007,1.00,1.65
2014.11.17 15:18:37.028,0.8399,0.84007,1.00,1.65
2014.11.17 15:18:37.217,0.83985,0.84007,1.00,1.65
2014.11.17 15:18:37.438,0.8399,0.84007,1.00,1.65
2014.11.17 15:18:37.741,0.8399,0.84009,1.37,1.15
2014.11.17 15:18:37.791,0.83986,0.8401,1.55,1.52
2014.11.17 15:18:37.892,0.83986,0.8401,1.17,1.15
2014.11.17 15:18:38.075,0.83985,0.8401,3.82,1.15
2014.11.17 15:18:38.612,0.8399,0.84011,1.20,2.40
2014.11.17 15:18:38.662,0.8399,0.84009,1.20,1.50
2014.11.17 15:18:39.189,0.83985,0.84009,3.07,1.10
2014.11.17 15:18:39.888,0.83985,0.84009,3.82,1.20
2014.11.17 15:18:40.468,0.83985,0.84009,3.45,1.47
2014.11.17 15:18:41.013,0.83985,0.84009,1.55,2.77
2014.11.17 15:18:42.021,0.83985,0.84009,1.65,2.77
2014.11.17 15:18:42.122,0.83985,0.84008,1.55,2.70
2014.11.17 15:18:42.173,0.8399,0.84007,1.00,2.02
2014.11.17 15:18:42.424,0.83983,0.84008,3.82,1.57
2014.11.17 15:18:42.902,0.83985,0.84009,1.55,2.02
2014.11.17 15:18:43.334,0.83985,0.84008,1.65,1.95
2014.11.17 15:18:43.731,0.83985,0.84008,2.32,2.02
2014.11.17 15:18:44.184,0.83982,0.84006,1.82,2.32
2014.11.17 15:18:44.425,0.83982,0.84006,1.57,2.70
2014.11.17 15:18:44.576,0.8398,0.84004,2.32,4.20
2014.11.17 15:18:44.728,0.8398,0.84003,1.37,2.70
2014.11.17 15:18:44.829,0.83978,0.84003,1.55,3.45
2014.11.17 15:18:45.031,0.83977,0.84002,1.15,1.15
2014.11.17 15:18:45.534,0.8398,0.84002,1.00,1.15
2014.11.17 15:18:45.829,0.8398,0.84003,1.17,2.40
2014.11.17 15:18:46.747,0.8398,0.84003,1.55,2.77
2014.11.17 15:18:47.064,0.83982,0.84005,1.37,2.32
2014.11.17 15:18:47.114,0.83982,0.84006,1.55,2.02
2014.11.17 15:18:47.517,0.83982,0.84006,1.17,2.40
2014.11.17 15:18:48.519,0.83982,0.84006,1.55,1.52
2014.11.17 15:18:48.840,0.83982,0.84005,1.47,2.70
2014.11.17 15:18:48.941,0.83982,0.84006,1.55,1.55
2014.11.17 15:18:49.042,0.83982,0.84006,1.55,3.45
2014.11.17 15:18:49.243,0.83983,0.84007,1.65,1.27
2014.11.17 15:18:49.344,0.8399,0.84008,1.00,1.52
2014.11.17 15:18:49.546,0.83985,0.84008,1.00,4.50
2014.11.17 15:18:49.748,0.83985,0.84009,1.10,1.15
2014.11.17 15:18:49.849,0.83985,0.84008,1.00,2.32
2014.11.17 15:18:49.899,0.83985,0.84009,1.15,1.15
2014.11.17 15:18:50.000,0.83985,0.84009,1.10,3.07
2014.11.17 15:18:51.977,0.83983,0.84007,1.65,1.52
2014.11.17 15:18:52.282,0.8398,0.84004,3.15,1.15
2014.11.17 15:18:52.332,0.8398,0.84004,2.77,1.15
2014.11.17 15:18:52.433,0.8398,0.84003,2.02,1.52
2014.11.17 15:18:52.736,0.8398,0.84002,1.90,1.00
2014.11.17 15:18:52.836,0.8398,0.84,1.55,1.00
2014.11.17 15:18:52.937,0.8398,0.83998,2.02,1.00
2014.11.17 15:18:53.598,0.83979,0.83999,1.52,1.00
2014.11.17 15:18:53.749,0.8398,0.84002,1.65,1.00
2014.11.17 15:18:54.294,0.8398,0.84002,1.90,1.00
2014.11.17 15:18:54.838,0.83985,0.84004,1.55,1.00
2014.11.17 15:18:55.449,0.83982,0.84004,2.70,1.00
2014.11.17 15:18:56.443,0.83982,0.84004,3.07,1.00
2014.11.17 15:18:57.045,0.83982,0.84004,3.07,1.00
2014.11.17 15:18:57.390,0.8398,0.84002,3.82,1.00
2014.11.17 15:18:57.492,0.83976,0.83999,2.70,1.00
2014.11.17 15:18:57.693,0.83985,0.84002,1.00,1.15
2014.11.17 15:18:58.387,0.8398,0.84002,1.10,1.15
2014.11.17 15:18:58.489,0.83985,0.84,1.00,1.10
2014.11.17 15:18:59.068,0.83985,0.84003,1.00,1.15
2014.11.17 15:18:59.269,0.83985,0.84005,1.00,1.27
2014.11.17 15:18:59.773,0.83984,0.84003,1.10,1.00
2014.11.17 15:19:00.044,0.83985,0.84002,1.00,1.07
2014.11.17 15:19:00.195,0.83985,0.84004,1.00,1.17
2014.11.17 15:19:00.447,0.83979,0.84004,3.45,1.17
2014.11.17 15:19:00.498,0.83979,0.84004,1.52,1.15
2014.11.17 15:19:00.649,0.83976,0.84,4.57,1.07
2014.11.17 15:19:00.700,0.83976,0.84,1.65,1.17
2014.11.17 15:19:01.694,0.83975,0.83999,5.32,1.10
2014.11.17 15:19:01.796,0.83978,0.84001,2.70,1.12
2014.11.17 15:19:01.846,0.83976,0.83999,5.25,1.00
2014.11.17 15:19:02.350,0.8398,0.84004,1.47,4.95
2014.11.17 15:19:02.685,0.8398,0.84004,1.47,4.95
2014.11.17 15:19:02.937,0.83983,0.84005,1.52,1.10
2014.11.17 15:19:03.507,0.83985,0.84007,1.47,1.27
2014.11.17 15:19:03.558,0.8399,0.84007,1.00,1.27
2014.11.17 15:19:03.870,0.83985,0.84007,1.47,1.15
2014.11.17 15:19:04.217,0.83985,0.84009,1.47,4.95
2014.11.17 15:19:04.368,0.83985,0.84007,1.50,2.32
2014.11.17 15:19:04.520,0.83985,0.84009,1.10,1.65
2014.11.17 15:19:04.686,0.83985,0.84009,1.07,1.65
2014.11.17 15:19:04.837,0.83985,0.8401,1.17,5.32
2014.11.17 15:19:04.888,0.83985,0.8401,1.17,3.15
2014.11.17 15:19:05.039,0.83983,0.84005,1.15,1.00
2014.11.17 15:19:05.089,0.83983,0.84005,1.17,1.07
2014.11.17 15:19:05.568,0.83982,0.84005,2.25,1.20
2014.11.17 15:19:05.870,0.83985,0.84008,1.07,1.65
2014.11.17 15:19:06.178,0.83985,0.84007,1.17,1.57
2014.11.17 15:19:06.682,0.83985,0.84009,1.45,4.95
2014.11.17 15:19:07.209,0.83985,0.84008,1.47,2.70
2014.11.17 15:19:07.712,0.83985,0.84006,1.10,1.52
2014.11.17 15:19:08.170,0.83982,0.84005,2.70,1.95
2014.11.17 15:19:08.335,0.83982,0.84005,3.45,1.37
2014.11.17 15:19:08.859,0.83982,0.84005,3.45,1.37
2014.11.17 15:19:08.960,0.83981,0.84005,1.52,2.02
2014.11.17 15:19:09.192,0.83981,0.84005,1.52,3.52
2014.11.17 15:19:09.293,0.8398,0.84003,1.52,1.07
2014.11.17 15:19:09.596,0.83985,0.84003,1.00,1.00
2014.11.17 15:19:10.071,0.8398,0.84004,2.02,1.55
2014.11.17 15:19:10.620,0.8398,0.84004,4.20,1.45
2014.11.17 15:19:10.821,0.8398,0.84002,1.27,1.20
2014.11.17 15:19:10.872,0.8398,0.84002,1.27,1.27
2014.11.17 15:19:11.398,0.8398,0.84001,1.57,1.12
2014.11.17 15:19:11.674,0.8398,0.84001,1.47,1.20
2014.11.17 15:19:12.181,0.83976,0.84001,1.65,2.02
2014.11.17 15:19:12.637,0.83976,0.84001,1.52,2.02
2014.11.17 15:19:13.607,0.83975,0.84,5.32,1.27
2014.11.17 15:19:14.216,0.83975,0.84,4.57,1.65
2014.11.17 15:19:15.642,0.83975,0.84,4.57,2.02
2014.11.17 15:19:15.743,0.83978,0.83996,1.55,1.00
2014.11.17 15:19:16.046,0.83979,0.84002,1.52,1.27
2014.11.17 15:19:16.248,0.83978,0.84001,1.15,1.10
2014.11.17 15:19:16.298,0.83979,0.84001,1.07,1.07
2014.11.17 15:19:16.399,0.83977,0.84,1.27,1.15
2014.11.17 15:19:16.500,0.83977,0.84,1.27,1.15
2014.11.17 15:19:16.803,0.83975,0.83997,1.45,3.00
2014.11.17 15:19:17.415,0.83975,0.83998,1.95,4.95
2014.11.17 15:19:17.718,0.8398,0.83999,1.12,1.52
2014.11.17 15:19:19.744,0.8398,0.83999,1.00,1.47
2014.11.17 15:19:19.844,0.8398,0.83996,1.00,1.00
2014.11.17 15:19:20.046,0.83976,0.83999,1.65,1.10
2014.11.17 15:19:20.147,0.83974,0.83998,2.02,1.00
2014.11.17 15:19:20.248,0.83974,0.83998,2.02,1.15
2014.11.17 15:19:20.933,0.83975,0.83995,1.27,1.00
2014.11.17 15:19:21.444,0.83974,0.83998,2.02,1.15
2014.11.17 15:19:21.808,0.83975,0.83998,3.45,1.17
2014.11.17 15:19:22.328,0.8398,0.83999,1.00,1.17
2014.11.17 15:19:22.987,0.8398,0.83999,1.37,1.17
2014.11.17 15:19:23.554,0.8398,0.83999,1.37,1.00
2014.11.17 15:19:24.547,0.83975,0.83999,6.75,1.00
2014.11.17 15:19:25.086,0.83975,0.83998,6.00,1.12
2014.11.17 15:19:25.237,0.83975,0.83996,1.52,1.00
2014.11.17 15:19:26.087,0.83975,0.83998,1.90,1.10
2014.11.17 15:19:26.399,0.83976,0.83999,1.92,1.15
2014.11.17 15:19:26.500,0.83979,0.83999,2.25,1.17
2014.11.17 15:19:26.651,0.83978,0.84,3.07,1.00
2014.11.17 15:19:26.802,0.83976,0.83999,4.57,1.10
2014.11.17 15:19:26.903,0.83977,0.83999,1.65,1.10
2014.11.17 15:19:27.595,0.83977,0.84,3.15,1.07
2014.11.17 15:19:27.646,0.83978,0.84001,3.45,1.20
2014.11.17 15:19:28.156,0.83977,0.84,1.52,1.27
2014.11.17 15:19:28.761,0.83977,0.83999,2.70,1.00
2014.11.17 15:19:29.071,0.83977,0.83999,3.07,1.00
2014.11.17 15:19:29.586,0.83977,0.83999,3.07,1.00
2014.11.17 15:19:30.112,0.83977,0.83999,3.07,1.00
2014.11.17 15:19:31.297,0.83977,0.83999,4.20,1.00
2014.11.17 15:19:32.417,0.83977,0.83999,4.57,1.00
2014.11.17 15:19:33.619,0.83977,0.83999,3.07,1.00
2014.11.17 15:19:33.670,0.8398,0.84001,1.55,1.10
2014.11.17 15:19:33.922,0.8398,0.84003,2.40,1.07
2014.11.17 15:19:33.973,0.8398,0.84003,4.57,1.00
2014.11.17 15:19:34.074,0.83983,0.84006,1.15,1.10
2014.11.17 15:19:34.579,0.83982,0.84005,2.70,1.00
2014.11.17 15:19:34.680,0.8398,0.84003,4.20,1.00
2014.11.17 15:19:35.054,0.8398,0.84003,2.02,1.15
2014.11.17 15:19:35.570,0.83978,0.84,3.45,1.00
2014.11.17 15:19:36.096,0.8398,0.84002,1.52,1.55
2014.11.17 15:19:36.607,0.83978,0.84,2.70,1.00
2014.11.17 15:19:37.125,0.83978,0.84,3.07,1.00
2014.11.17 15:19:40.572,0.8398,0.84001,1.85,1.17
2014.11.17 15:19:40.723,0.8398,0.84003,1.90,1.17
2014.11.17 15:19:40.874,0.8398,0.84003,1.52,1.47
2014.11.17 15:19:41.425,0.8398,0.84002,1.52,1.12
2014.11.17 15:19:41.728,0.8398,0.84002,1.52,1.37
2014.11.17 15:19:42.451,0.8398,0.84002,1.52,1.37
2014.11.17 15:19:43.872,0.83977,0.84,3.07,1.00
2014.11.17 15:19:44.430,0.83977,0.84,3.07,1.12
2014.11.17 15:19:44.879,0.83975,0.83999,2.40,1.27
2014.11.17 15:19:44.980,0.83975,0.83998,1.65,1.00
2014.11.17 15:19:45.030,0.83975,0.83996,1.15,1.00
2014.11.17 15:19:45.332,0.83975,0.83997,1.07,1.07
2014.11.17 15:19:45.484,0.83975,0.83997,1.10,1.15
2014.11.17 15:19:45.865,0.83975,0.83998,1.17,1.17
2014.11.17 15:19:45.967,0.83974,0.83998,3.07,1.10
2014.11.17 15:19:46.371,0.83977,0.84,1.15,1.57
2014.11.17 15:19:46.673,0.83975,0.83995,2.32,1.00
2014.11.17 15:19:48.508,0.83975,0.83998,3.45,1.10
2014.11.17 15:19:48.559,0.83978,0.83998,2.70,1.20
2014.11.17 15:19:49.071,0.83977,0.83999,2.32,1.00
2014.11.17 15:19:50.174,0.83979,0.83999,1.52,1.00
2014.11.17 15:19:50.702,0.83977,0.84,2.70,1.47
2014.11.17 15:19:51.248,0.8398,0.84,1.55,1.20
2014.11.17 15:19:53.261,0.83977,0.84,2.70,1.20
2014.11.17 15:19:54.666,0.83977,0.84,3.07,1.10
2014.11.17 15:19:55.617,0.83977,0.84,2.70,1.10
2014.11.17 15:19:56.123,0.83978,0.84,2.70,1.12
2014.11.17 15:19:56.572,0.83978,0.84002,3.07,1.10
2014.11.17 15:19:56.623,0.83978,0.84,3.07,1.00
2014.11.17 15:19:56.879,0.8398,0.84002,1.15,1.10
2014.11.17 15:19:57.476,0.8398,0.84002,1.52,1.47
2014.11.17 15:19:57.980,0.8398,0.84002,1.52,1.47
2014.11.17 15:19:58.430,0.8398,0.83997,1.00,1.00
2014.11.17 15:19:59.509,0.8398,0.83996,1.00,1.00
2014.11.17 15:19:59.661,0.83975,0.83996,1.52,1.00
2014.11.17 15:19:59.764,0.83975,0.83996,1.57,1.00
2014.11.17 15:20:01.989,0.83971,0.83996,5.25,1.87
2014.11.17 15:20:02.584,0.83971,0.83996,5.25,1.50
2014.11.17 15:20:05.678,0.83971,0.83995,5.25,1.00
2014.11.17 15:20:05.930,0.83975,0.83996,1.65,1.07
2014.11.17 15:20:06.031,0.83975,0.83996,1.47,1.17
2014.11.17 15:20:06.204,0.83975,0.83996,1.45,1.10
2014.11.17 15:20:06.356,0.83975,0.83998,1.52,2.32
2014.11.17 15:20:07.228,0.83975,0.83998,1.52,1.47
2014.11.17 15:20:07.685,0.83974,0.83995,1.90,1.00
2014.11.17 15:20:08.195,0.83975,0.83996,1.65,1.10
2014.11.17 15:20:08.625,0.83975,0.83996,1.52,1.10
2014.11.17 15:20:08.847,0.83973,0.83995,3.82,1.00
2014.11.17 15:20:09.150,0.83973,0.83995,2.70,1.87
2014.11.17 15:20:11.837,0.83973,0.83995,3.07,1.50
2014.11.17 15:20:12.348,0.83975,0.83995,1.52,1.00
2014.11.17 15:20:12.601,0.83973,0.83993,2.32,1.00
2014.11.17 15:20:12.651,0.83971,0.83993,2.32,1.00
2014.11.17 15:20:12.939,0.83971,0.83994,1.65,1.07
2014.11.17 15:20:13.090,0.83972,0.83995,3.07,1.00
2014.11.17 15:20:13.191,0.83972,0.83997,1.52,1.15
2014.11.17 15:20:13.241,0.83973,0.83997,2.70,1.17
2014.11.17 15:20:13.446,0.83979,0.84002,1.10,1.15
2014.11.17 15:20:13.547,0.83978,0.84,1.00,2.32
2014.11.17 15:20:13.598,0.83975,0.83997,1.17,1.17
2014.11.17 15:20:13.648,0.8398,0.83997,1.00,1.17
2014.11.17 15:20:13.749,0.83975,0.83997,1.17,1.17
2014.11.17 15:20:13.850,0.83975,0.84,3.82,1.65
2014.11.17 15:20:13.951,0.83977,0.84,1.10,1.65
2014.11.17 15:20:14.052,0.83977,0.84,3.07,1.50
2014.11.17 15:20:14.404,0.83977,0.83998,2.32,1.00
2014.11.17 15:20:14.757,0.83975,0.83997,2.40,1.00
2014.11.17 15:20:14.858,0.83973,0.83996,1.52,1.10
2014.11.17 15:20:14.958,0.83974,0.83996,2.70,1.00
2014.11.17 15:20:15.160,0.83973,0.83996,1.52,1.10
2014.11.17 15:20:17.079,0.83973,0.83996,1.65,1.10
2014.11.17 15:20:17.458,0.83973,0.83996,1.52,1.47
2014.11.17 15:20:17.559,0.83974,0.83997,1.20,1.52
2014.11.17 15:20:17.839,0.83973,0.83994,2.32,1.00
2014.11.17 15:20:17.890,0.83973,0.83996,2.32,1.00
2014.11.17 15:20:17.941,0.83976,0.83996,2.32,1.00
2014.11.17 15:20:18.042,0.83972,0.83995,1.27,1.00
2014.11.17 15:20:18.143,0.83973,0.83996,3.07,1.00
2014.11.17 15:20:18.457,0.83973,0.83994,2.32,1.00
2014.11.17 15:20:18.759,0.83975,0.83997,2.32,1.00
2014.11.17 15:20:19.264,0.83972,0.83997,3.82,1.27
2014.11.17 15:20:19.945,0.83975,0.83997,1.55,1.17
2014.11.17 15:20:20.047,0.83975,0.83997,1.55,1.55
2014.11.17 15:20:20.350,0.83971,0.83995,1.65,1.20
2014.11.17 15:20:20.886,0.8397,0.83994,4.57,1.20
2014.11.17 15:20:21.233,0.83975,0.83996,1.37,1.20
2014.11.17 15:20:21.284,0.83975,0.83996,1.45,1.20
2014.11.17 15:20:22.154,0.83974,0.83997,1.55,1.07
2014.11.17 15:20:22.657,0.83974,0.83997,4.20,1.00
2014.11.17 15:20:22.805,0.83974,0.83997,4.57,1.00
2014.11.17 15:20:22.957,0.83977,0.84,2.70,1.37
2014.11.17 15:20:23.460,0.83974,0.83999,4.57,1.27
2014.11.17 15:20:23.977,0.83976,0.83999,3.45,1.20
2014.11.17 15:20:24.565,0.83976,0.83999,3.45,1.47
2014.11.17 15:20:24.767,0.83976,0.83999,1.52,1.55
2014.11.17 15:20:25.270,0.83975,0.83998,1.52,1.20
2014.11.17 15:20:25.372,0.83975,0.83998,1.90,1.15
2014.11.17 15:20:25.903,0.8398,0.83998,1.12,1.15
2014.11.17 15:20:26.873,0.83975,0.83998,1.65,1.10
2014.11.17 15:20:27.175,0.83974,0.83996,1.65,1.10
2014.11.17 15:20:29.396,0.83974,0.83996,3.82,1.00
2014.11.17 15:20:29.698,0.83975,0.83997,1.90,1.10
2014.11.17 15:20:29.799,0.83976,0.83999,1.52,1.00
2014.11.17 15:20:29.950,0.83977,0.84,3.45,1.00
2014.11.17 15:20:30.253,0.8398,0.84003,2.32,1.10
2014.11.17 15:20:30.770,0.83977,0.84002,1.27,2.40
2014.11.17 15:20:31.072,0.83978,0.84001,1.17,1.15
2014.11.17 15:20:31.763,0.8398,0.84003,1.65,1.07
2014.11.17 15:20:31.814,0.8398,0.84003,3.82,1.00
2014.11.17 15:20:32.317,0.8398,0.84002,3.07,1.00
2014.11.17 15:20:32.579,0.8398,0.84001,1.15,1.00
2014.11.17 15:20:33.117,0.83979,0.84002,1.15,1.10
2014.11.17 15:20:33.318,0.8398,0.84,1.52,1.00
2014.11.17 15:20:34.458,0.83978,0.84,2.70,1.00
2014.11.17 15:20:36.268,0.83977,0.84,1.52,1.10
2014.11.17 15:20:36.590,0.8398,0.84003,1.47,1.52
2014.11.17 15:20:38.246,0.8398,0.84002,1.47,1.27
2014.11.17 15:20:38.562,0.83982,0.84004,1.50,2.32
2014.11.17 15:20:38.663,0.83982,0.84005,1.57,1.15
2014.11.17 15:20:39.068,0.83982,0.84005,1.10,1.15
2014.11.17 15:20:40.163,0.83981,0.84004,1.45,1.27
2014.11.17 15:20:41.110,0.83982,0.84005,1.52,1.20
2014.11.17 15:20:41.412,0.83984,0.84009,1.45,4.95
2014.11.17 15:20:41.916,0.83986,0.84008,1.37,2.02
2014.11.17 15:20:42.218,0.83981,0.84001,2.70,1.00
2014.11.17 15:20:43.905,0.8398,0.84001,1.52,1.00
2014.11.17 15:20:44.208,0.83979,0.83999,3.07,1.00
2014.11.17 15:20:45.777,0.83979,0.83999,2.70,1.00
2014.11.17 15:20:47.356,0.83979,0.83996,2.70,1.00
2014.11.17 15:20:48.730,0.83979,0.83996,3.07,1.00
2014.11.17 15:20:49.274,0.83979,0.83997,3.07,1.00
2014.11.17 15:20:49.789,0.8398,0.83997,1.90,1.00
2014.11.17 15:20:50.336,0.8398,0.83997,1.65,1.00
2014.11.17 15:20:51.218,0.83979,0.83996,3.07,1.00
2014.11.17 15:20:51.744,0.83977,0.83996,2.40,1.00
2014.11.17 15:20:53.421,0.83977,0.83996,2.40,1.00
2014.11.17 15:20:54.090,0.83977,0.83996,2.40,1.00
2014.11.17 15:20:55.504,0.83976,0.83996,6.75,1.00
2014.11.17 15:20:56.028,0.83979,0.83997,3.82,1.00
2014.11.17 15:20:56.335,0.83979,0.83997,3.82,1.00
2014.11.17 15:20:58.119,0.83985,0.83997,1.37,1.00
2014.11.17 15:20:58.170,0.83985,0.83999,1.37,1.00
2014.11.17 15:20:59.423,0.83985,0.83999,1.37,1.00
2014.11.17 15:21:00.032,0.83985,0.83999,1.37,1.00
2014.11.17 15:21:00.647,0.8398,0.83999,1.90,1.00
2014.11.17 15:21:00.697,0.8398,0.83997,1.90,1.00
2014.11.17 15:21:00.798,0.83982,0.83999,3.07,1.00
2014.11.17 15:21:01.050,0.8398,0.84,3.82,1.00
2014.11.17 15:21:01.151,0.8398,0.83998,3.45,1.00
2014.11.17 15:21:01.655,0.8398,0.83999,3.45,1.00
2014.11.17 15:21:02.117,0.8398,0.83999,3.82,1.00
2014.11.17 15:21:03.551,0.8398,0.83999,3.82,1.00
2014.11.17 15:21:04.098,0.8398,0.83999,1.90,1.00
2014.11.17 15:21:04.643,0.8398,0.83998,1.90,1.00
2014.11.17 15:21:05.173,0.8398,0.83998,1.90,1.00
2014.11.17 15:21:05.627,0.8398,0.83998,1.90,1.00
2014.11.17 15:21:06.160,0.83978,0.83998,4.57,1.00
2014.11.17 15:21:06.675,0.83978,0.83998,4.57,1.00
2014.11.17 15:21:07.655,0.83978,0.83998,3.07,1.00
2014.11.17 15:21:08.255,0.83978,0.83996,3.07,1.00
2014.11.17 15:21:08.787,0.83977,0.83996,3.82,1.00
2014.11.17 15:21:09.306,0.83979,0.83995,1.47,1.00
2014.11.17 15:21:11.945,0.83975,0.83995,2.40,1.00
2014.11.17 15:21:12.046,0.83975,0.83995,2.40,1.00
2014.11.17 15:21:12.550,0.83975,0.83995,2.40,1.00
2014.11.17 15:21:12.703,0.83975,0.83992,2.40,1.00
2014.11.17 15:21:13.009,0.83975,0.83994,1.90,1.00
2014.11.17 15:21:13.385,0.83974,0.83995,1.65,1.00
2014.11.17 15:21:13.436,0.83974,0.83992,1.65,1.00
2014.11.17 15:21:13.737,0.83975,0.83995,1.92,1.00
2014.11.17 15:21:14.274,0.83975,0.83995,1.92,1.00
2014.11.17 15:21:14.596,0.8397,0.8399,2.40,1.10
2014.11.17 15:21:14.899,0.83969,0.83988,1.90,1.00
2014.11.17 15:21:15.447,0.83969,0.83989,1.90,1.00
2014.11.17 15:21:15.986,0.83969,0.83992,3.82,1.17
2014.11.17 15:21:16.087,0.83969,0.83992,3.82,1.10
2014.11.17 15:21:16.607,0.83975,0.83992,1.50,1.10
2014.11.17 15:21:17.278,0.83975,0.8399,1.50,1.00
2014.11.17 15:21:17.388,0.83975,0.8399,1.37,1.00
2014.11.17 15:21:17.540,0.83975,0.83988,1.37,1.00
2014.11.17 15:21:17.641,0.83975,0.83991,1.37,1.00
2014.11.17 15:21:17.692,0.83975,0.83991,1.37,1.00
2014.11.17 15:21:19.496,0.8397,0.8399,1.90,1.00
2014.11.17 15:21:19.904,0.83969,0.8399,3.82,1.00
2014.11.17 15:21:20.055,0.83969,0.83987,1.90,1.00
2014.11.17 15:21:20.358,0.8397,0.83989,1.92,1.00
2014.11.17 15:21:20.509,0.8397,0.8399,1.95,1.00
2014.11.17 15:21:21.055,0.8397,0.83989,1.90,1.00
2014.11.17 15:21:21.217,0.8397,0.83989,1.90,1.00
2014.11.17 15:21:23.785,0.8397,0.83989,1.90,1.00
2014.11.17 15:21:27.821,0.8397,0.83989,1.90,1.00
2014.11.17 15:21:30.097,0.8397,0.83989,1.90,1.00
2014.11.17 15:21:30.400,0.83975,0.83987,1.00,1.00
2014.11.17 15:21:30.451,0.83971,0.83987,1.95,1.00
2014.11.17 15:21:30.502,0.83971,0.8399,1.95,1.00
2014.11.17 15:21:30.603,0.83975,0.83988,1.00,1.00
2014.11.17 15:21:30.806,0.83975,0.83993,1.00,1.17
2014.11.17 15:21:31.319,0.83975,0.83993,1.00,1.00
2014.11.17 15:21:31.902,0.83974,0.83992,1.10,1.00
2014.11.17 15:21:32.530,0.83974,0.83994,1.50,1.15
2014.11.17 15:21:33.031,0.83975,0.83994,1.37,1.07
2014.11.17 15:21:33.745,0.83975,0.83994,1.37,1.00
2014.11.17 15:21:35.539,0.83975,0.83994,1.57,1.00
2014.11.17 15:21:36.042,0.83972,0.83994,1.90,1.10
2014.11.17 15:21:36.143,0.83972,0.83994,1.65,1.10
2014.11.17 15:21:36.244,0.83973,0.83995,1.57,1.55
2014.11.17 15:21:36.957,0.83971,0.83994,1.55,1.55
2014.11.17 15:21:37.361,0.83975,0.83993,1.37,1.15
2014.11.17 15:21:37.866,0.83975,0.83993,1.12,1.15
2014.11.17 15:21:38.373,0.8397,0.83993,2.40,1.17
2014.11.17 15:21:39.033,0.8397,0.83993,2.02,1.17
2014.11.17 15:21:39.363,0.8397,0.83993,2.40,1.17
2014.11.17 15:21:39.747,0.83975,0.83993,1.37,1.17
2014.11.17 15:21:39.948,0.83971,0.83994,6.00,1.00
2014.11.17 15:21:40.150,0.83972,0.83995,1.52,2.25
2014.11.17 15:21:40.675,0.83971,0.83994,5.62,1.00
2014.11.17 15:21:41.204,0.83971,0.83994,1.65,1.20
2014.11.17 15:21:41.471,0.83972,0.83994,3.07,1.00
2014.11.17 15:21:41.975,0.83974,0.83997,1.65,1.27
2014.11.17 15:21:42.076,0.83978,0.84001,1.47,3.45
2014.11.17 15:21:42.176,0.83978,0.84001,1.55,1.45
2014.11.17 15:21:42.227,0.83978,0.84,1.55,1.95
2014.11.17 15:21:42.738,0.83975,0.83997,3.07,2.25
2014.11.17 15:21:43.256,0.83974,0.83997,1.92,1.07
2014.11.17 15:21:43.769,0.83973,0.83995,1.90,2.25
2014.11.17 15:21:45.454,0.83975,0.83996,1.65,1.00
2014.11.17 15:21:45.857,0.83974,0.83997,2.02,2.25
2014.11.17 15:21:45.908,0.83974,0.83994,1.90,1.00
2014.11.17 15:21:46.109,0.83975,0.83996,1.65,1.00
2014.11.17 15:21:46.362,0.83976,0.83999,1.52,1.10
2014.11.17 15:21:46.463,0.83975,0.83995,1.52,1.00
2014.11.17 15:21:46.765,0.8398,0.83998,1.00,1.00
2014.11.17 15:21:47.270,0.8398,0.83999,1.00,1.20
2014.11.17 15:21:47.681,0.8398,0.83998,1.55,1.00
2014.11.17 15:21:48.440,0.83977,0.83997,3.07,1.00
2014.11.17 15:21:48.956,0.83977,0.83998,3.07,1.00
2014.11.17 15:21:49.480,0.83977,0.83997,3.07,1.00
2014.11.17 15:21:49.984,0.83975,0.83996,3.82,1.00
2014.11.17 15:21:50.286,0.83975,0.83991,1.65,1.00
2014.11.17 15:21:50.538,0.83973,0.83989,2.70,1.00
2014.11.17 15:21:51.040,0.83973,0.83989,3.07,1.00
2014.11.17 15:21:51.571,0.83972,0.83989,3.07,1.00
2014.11.17 15:21:51.722,0.83969,0.83985,2.70,1.00
2014.11.17 15:21:52.024,0.83973,0.83986,2.32,1.00
2014.11.17 15:21:52.076,0.83973,0.83988,2.32,1.00
2014.11.17 15:21:52.579,0.83972,0.83988,2.70,1.00
2014.11.17 15:21:52.630,0.8397,0.83988,1.52,1.00
2014.11.17 15:21:52.731,0.8397,0.83985,1.52,1.00
2014.11.17 15:21:52.933,0.8397,0.83987,1.57,1.00
2014.11.17 15:21:53.034,0.83971,0.83987,2.70,1.00
2014.11.17 15:21:53.186,0.83971,0.83991,2.70,1.00
2014.11.17 15:21:53.613,0.83975,0.83989,1.10,1.00
2014.11.17 15:21:54.117,0.83975,0.83988,1.00,1.00
2014.11.17 15:21:54.637,0.83975,0.83988,1.37,1.00
2014.11.17 15:21:54.939,0.83975,0.83986,1.37,1.00
2014.11.17 15:21:55.247,0.83975,0.83988,1.37,1.00
2014.11.17 15:21:55.676,0.83975,0.83989,1.90,1.00
2014.11.17 15:21:55.777,0.83975,0.83991,1.90,1.00
2014.11.17 15:21:55.878,0.83975,0.83991,1.52,1.00
2014.11.17 15:21:55.929,0.83975,0.83993,1.52,1.00
2014.11.17 15:21:56.030,0.83974,0.83996,3.45,1.00
2014.11.17 15:21:56.080,0.83976,0.83996,2.70,1.00
2014.11.17 15:21:56.484,0.83976,0.83994,3.07,1.00
2014.11.17 15:21:57.115,0.83976,0.83995,3.07,1.00
2014.11.17 15:21:57.216,0.83977,0.83997,5.25,1.00
2014.11.17 15:21:57.679,0.83975,0.83995,4.57,1.00
2014.11.17 15:21:57.881,0.83975,0.83991,3.82,1.00
2014.11.17 15:21:58.391,0.83975,0.83992,1.92,1.00
2014.11.17 15:21:58.743,0.83975,0.83992,1.90,1.00
2014.11.17 15:21:58.794,0.83975,0.83994,3.82,1.00
2014.11.17 15:21:59.327,0.83975,0.83993,1.90,1.00
2014.11.17 15:21:59.579,0.83975,0.83993,1.52,1.00
2014.11.17 15:22:00.517,0.83973,0.83992,3.07,1.00
2014.11.17 15:22:01.090,0.83973,0.83991,3.07,1.00
2014.11.17 15:22:01.297,0.8397,0.83988,2.02,1.00
2014.11.17 15:22:01.617,0.83975,0.83988,1.00,1.00
2014.11.17 15:22:01.818,0.8397,0.83988,1.52,1.00
2014.11.17 15:22:02.283,0.83971,0.83988,2.70,1.00
2014.11.17 15:22:02.384,0.83969,0.83989,2.02,1.00
2014.11.17 15:22:02.485,0.8397,0.83989,2.70,1.00
2014.11.17 15:22:03.056,0.8397,0.83987,2.70,1.00
2014.11.17 15:22:03.106,0.83969,0.83987,2.02,1.00
2014.11.17 15:22:03.596,0.83969,0.83987,1.90,1.00
2014.11.17 15:22:03.848,0.83969,0.83989,1.90,1.00
2014.11.17 15:22:04.100,0.83969,0.8399,1.55,1.10
2014.11.17 15:22:04.661,0.83975,0.8399,1.00,1.00
2014.11.17 15:22:05.166,0.83975,0.8399,1.17,1.00
2014.11.17 15:22:05.782,0.83972,0.8399,3.07,1.00
2014.11.17 15:22:07.567,0.83972,0.8399,3.07,1.00
2014.11.17 15:22:08.425,0.83971,0.83991,5.25,1.00
2014.11.17 15:22:09.001,0.83975,0.83991,1.57,1.00
2014.11.17 15:22:09.974,0.83975,0.83991,1.47,1.00
2014.11.17 15:22:10.506,0.83975,0.8399,1.47,1.00
2014.11.17 15:22:11.090,0.83975,0.8399,1.47,1.00
2014.11.17 15:22:11.597,0.83975,0.8399,1.57,1.00
2014.11.17 15:22:12.296,0.83975,0.8399,1.47,1.00
2014.11.17 15:22:12.823,0.8397,0.83989,1.92,1.00
2014.11.17 15:22:13.344,0.8397,0.83989,1.92,1.00
2014.11.17 15:22:14.603,0.8397,0.83986,1.27,1.00
2014.11.17 15:22:15.196,0.8397,0.83986,1.55,1.00
2014.11.17 15:22:15.398,0.8397,0.83988,1.52,1.00
2014.11.17 15:22:15.991,0.8397,0.83988,1.52,1.00
2014.11.17 15:22:17.314,0.8397,0.83988,1.07,1.00
2014.11.17 15:22:18.837,0.8397,0.83988,1.45,1.00
2014.11.17 15:22:19.404,0.8397,0.83988,1.45,1.00
2014.11.17 15:22:19.558,0.8397,0.83986,1.37,1.00
2014.11.17 15:22:19.608,0.8397,0.83986,1.00,1.10
2014.11.17 15:22:19.877,0.83965,0.83983,4.20,1.00
2014.11.17 15:22:19.982,0.83965,0.83985,4.95,1.00
2014.11.17 15:22:20.133,0.8397,0.83986,1.15,1.00
2014.11.17 15:22:21.019,0.83969,0.83986,1.90,1.00
2014.11.17 15:22:22.195,0.8397,0.83988,1.57,1.00
2014.11.17 15:22:24.117,0.8397,0.83988,1.85,1.00
2014.11.17 15:22:24.828,0.83966,0.83986,3.45,1.00
2014.11.17 15:22:24.929,0.8397,0.83986,1.47,1.00
2014.11.17 15:22:26.031,0.83966,0.83986,3.07,1.00
2014.11.17 15:22:26.615,0.83966,0.83986,3.07,1.00
2014.11.17 15:22:29.871,0.83966,0.83986,3.07,1.00
2014.11.17 15:22:30.365,0.83966,0.83985,3.07,1.00
2014.11.17 15:22:31.044,0.83966,0.83985,3.07,1.00
2014.11.17 15:22:31.095,0.83966,0.83987,3.07,1.00
2014.11.17 15:22:31.246,0.8397,0.83988,1.47,1.00
2014.11.17 15:22:32.886,0.83966,0.83986,3.07,1.00
2014.11.17 15:22:34.482,0.83965,0.83986,1.90,1.00
2014.11.17 15:22:34.634,0.83965,0.83984,1.85,1.10
2014.11.17 15:22:34.684,0.83963,0.83984,1.90,1.10
2014.11.17 15:22:35.087,0.83965,0.83983,1.52,1.00
2014.11.17 15:22:35.138,0.83966,0.83983,2.70,1.00
2014.11.17 15:22:35.188,0.83966,0.83986,2.70,1.00
2014.11.17 15:22:35.693,0.83966,0.83987,2.70,1.00
2014.11.17 15:22:37.255,0.83965,0.83987,3.82,1.00
2014.11.17 15:22:37.356,0.83965,0.83987,1.52,1.00
2014.11.17 15:22:37.457,0.83964,0.83987,1.45,1.45
2014.11.17 15:22:37.508,0.83963,0.83986,3.45,1.27
2014.11.17 15:22:37.559,0.83963,0.83986,1.87,3.45
2014.11.17 15:22:38.085,0.8396,0.83983,1.52,1.17
2014.11.17 15:22:38.854,0.8396,0.83982,1.90,1.10
2014.11.17 15:22:39.565,0.8396,0.83982,1.90,1.10
2014.11.17 15:22:40.083,0.8396,0.83982,1.65,1.10
2014.11.17 15:22:42.698,0.83959,0.83982,1.65,1.10
2014.11.17 15:22:43.581,0.83959,0.83982,1.90,1.10
2014.11.17 15:22:44.187,0.83959,0.83979,1.17,1.50
2014.11.17 15:22:44.288,0.83959,0.8398,1.20,1.57
2014.11.17 15:22:44.439,0.83955,0.83979,3.45,1.10
2014.11.17 15:22:44.489,0.83957,0.83979,2.70,1.00
2014.11.17 15:22:44.791,0.83955,0.83976,3.45,1.00
2014.11.17 15:22:45.094,0.83957,0.83977,2.70,1.00
2014.11.17 15:22:45.245,0.83955,0.83976,5.62,1.00
2014.11.17 15:22:46.119,0.83955,0.83976,6.00,1.00
2014.11.17 15:22:48.176,0.83955,0.83976,6.00,1.00
2014.11.17 15:22:49.680,0.83955,0.83976,6.00,1.00
2014.11.17 15:22:50.226,0.83954,0.83976,1.90,1.00
2014.11.17 15:22:50.837,0.83953,0.83975,3.82,1.00
2014.11.17 15:22:51.720,0.83953,0.83975,3.82,1.00
2014.11.17 15:22:52.821,0.83953,0.83975,3.82,1.00
2014.11.17 15:22:53.362,0.83953,0.83975,3.82,1.00
2014.11.17 15:22:54.591,0.83953,0.83975,3.82,1.00
2014.11.17 15:22:55.012,0.83953,0.83975,3.82,1.00
2014.11.17 15:22:55.213,0.83952,0.83976,2.02,1.57
2014.11.17 15:22:55.918,0.83954,0.83974,1.20,1.00
2014.11.17 15:22:56.019,0.83954,0.83977,1.27,1.00
2014.11.17 15:22:57.002,0.83955,0.83977,1.90,1.00
2014.11.17 15:22:58.125,0.83955,0.83977,1.90,1.00
2014.11.17 15:22:58.587,0.83953,0.83975,6.75,1.00
2014.11.17 15:22:58.739,0.83954,0.83974,2.40,1.00
2014.11.17 15:22:58.839,0.83957,0.8398,1.27,1.65
2014.11.17 15:22:58.940,0.83957,0.8398,2.77,1.15
2014.11.17 15:22:59.041,0.8396,0.8398,4.50,1.00
2014.11.17 15:22:59.575,0.8396,0.83979,4.50,1.00
2014.11.17 15:22:59.726,0.83958,0.83979,2.32,1.00
2014.11.17 15:22:59.827,0.83958,0.83977,2.32,1.00
2014.11.17 15:23:00.129,0.83956,0.83974,3.07,1.00
2014.11.17 15:23:00.654,0.83956,0.83973,2.70,1.00
2014.11.17 15:23:00.959,0.83953,0.83973,2.70,1.00
2014.11.17 15:23:01.010,0.83955,0.83973,2.70,1.00
2014.11.17 15:23:01.161,0.83952,0.83973,4.20,1.00
2014.11.17 15:23:01.681,0.83952,0.83974,2.70,1.00
2014.11.17 15:23:01.732,0.83952,0.83974,3.07,1.00
2014.11.17 15:23:02.257,0.83952,0.83974,3.07,1.00
2014.11.17 15:23:02.560,0.83956,0.83979,3.82,1.10
2014.11.17 15:23:02.661,0.83956,0.83979,1.52,1.20
2014.11.17 15:23:02.712,0.83957,0.83979,2.70,1.10
2014.11.17 15:23:02.964,0.83956,0.83979,1.52,1.10
2014.11.17 15:23:03.115,0.83953,0.83976,3.15,1.10
2014.11.17 15:23:03.619,0.83953,0.83975,3.15,1.00
2014.11.17 15:23:04.153,0.83951,0.83974,3.82,1.00
2014.11.17 15:23:04.456,0.8395,0.83973,4.57,1.10
2014.11.17 15:23:04.556,0.8395,0.8397,1.92,1.00
2014.11.17 15:23:05.060,0.83947,0.8397,5.32,1.50
2014.11.17 15:23:05.583,0.8395,0.8397,1.92,1.00
2014.11.17 15:23:05.938,0.8395,0.8397,1.55,1.00
2014.11.17 15:23:06.090,0.83951,0.83973,1.52,1.00
2014.11.17 15:23:06.241,0.83953,0.83975,2.25,1.07
2014.11.17 15:23:06.291,0.83954,0.83977,1.15,1.10
2014.11.17 15:23:07.536,0.83954,0.83977,1.90,1.10
2014.11.17 15:23:07.924,0.83953,0.83975,5.32,1.00
2014.11.17 15:23:08.492,0.83953,0.83975,5.32,1.00
2014.11.17 15:23:08.976,0.83953,0.83975,3.45,1.00
2014.11.17 15:23:09.127,0.83952,0.83975,1.45,1.55
2014.11.17 15:23:09.279,0.83949,0.83971,1.52,1.17
2014.11.17 15:23:09.614,0.8395,0.83968,1.27,1.00
2014.11.17 15:23:09.969,0.8395,0.83968,1.65,1.00
2014.11.17 15:23:12.700,0.8395,0.83968,1.55,1.00
2014.11.17 15:23:13.102,0.83945,0.83968,3.45,1.37
2014.11.17 15:23:13.153,0.83943,0.83965,2.02,1.10
2014.11.17 15:23:13.203,0.83949,0.83965,1.00,1.10
2014.11.17 15:23:13.254,0.83949,0.83967,1.10,1.00
2014.11.17 15:23:13.355,0.8395,0.83966,1.15,1.00
2014.11.17 15:23:13.456,0.8395,0.83971,2.77,1.00
2014.11.17 15:23:13.557,0.83951,0.83973,2.70,1.00
2014.11.17 15:23:13.657,0.8395,0.83972,2.77,1.10
2014.11.17 15:23:13.860,0.83951,0.83972,2.70,1.00
2014.11.17 15:23:14.540,0.83951,0.83975,2.70,1.10
2014.11.17 15:23:15.310,0.83954,0.83975,1.92,1.10
2014.11.17 15:23:16.789,0.83955,0.83975,1.65,1.00
2014.11.17 15:23:17.614,0.83955,0.83975,1.55,1.00
2014.11.17 15:23:18.174,0.83955,0.83974,1.55,1.00
2014.11.17 15:23:18.225,0.83955,0.83974,1.55,1.00
2014.11.17 15:23:18.276,0.83955,0.83974,3.45,1.00
2014.11.17 15:23:18.629,0.83959,0.83977,1.47,1.00
2014.11.17 15:23:18.730,0.83959,0.83979,1.52,1.00
2014.11.17 15:23:18.831,0.83959,0.83977,1.52,1.00
2014.11.17 15:23:19.346,0.83956,0.83976,4.87,1.00
2014.11.17 15:23:20.694,0.83955,0.83976,3.15,1.00
2014.11.17 15:23:22.053,0.83955,0.83977,1.90,1.00
2014.11.17 15:23:24.497,0.83955,0.83977,1.90,1.00
2014.11.17 15:23:25.339,0.83954,0.83977,3.90,1.00
2014.11.17 15:23:27.296,0.83954,0.83977,2.40,1.15
2014.11.17 15:23:27.347,0.83954,0.83977,2.02,1.15
2014.11.17 15:23:27.448,0.83955,0.83977,1.52,1.20
2014.11.17 15:23:27.498,0.8396,0.83977,1.00,1.00
2014.11.17 15:23:27.801,0.8396,0.83979,1.17,1.00
2014.11.17 15:23:28.103,0.8396,0.83979,1.00,1.15
2014.11.17 15:23:28.154,0.83955,0.83979,1.52,1.15
2014.11.17 15:23:28.456,0.83953,0.83974,3.07,1.00
2014.11.17 15:23:29.311,0.83953,0.83974,3.07,1.00
2014.11.17 15:23:29.816,0.83953,0.83973,3.07,1.00
2014.11.17 15:23:30.364,0.83953,0.83973,3.07,1.00
2014.11.17 15:23:30.675,0.83953,0.83975,3.82,1.00
2014.11.17 15:23:31.190,0.83955,0.83975,3.82,1.00
2014.11.17 15:23:32.359,0.83955,0.83975,3.45,1.00
2014.11.17 15:23:32.871,0.83953,0.83975,5.32,1.00
2014.11.17 15:23:33.385,0.83954,0.83975,2.40,1.00
2014.11.17 15:23:34.681,0.83953,0.83975,5.32,1.00
2014.11.17 15:23:35.293,0.83954,0.83975,2.40,1.00
2014.11.17 15:23:37.380,0.83954,0.83975,2.02,1.00
2014.11.17 15:23:37.881,0.83953,0.83975,5.32,1.00
2014.11.17 15:23:38.393,0.83953,0.83975,5.32,1.00
2014.11.17 15:23:38.913,0.83954,0.83973,2.02,1.00
2014.11.17 15:23:39.414,0.83953,0.83973,2.40,1.00
2014.11.17 15:23:40.835,0.83953,0.83973,6.75,1.00
2014.11.17 15:23:41.346,0.8395,0.83973,1.90,1.17
2014.11.17 15:23:41.648,0.83953,0.83974,4.57,1.00
2014.11.17 15:23:42.152,0.83953,0.83974,4.57,1.00
2014.11.17 15:23:42.253,0.83953,0.83974,4.20,1.00
2014.11.17 15:23:42.949,0.83953,0.83974,4.57,1.00
2014.11.17 15:23:43.453,0.83953,0.83974,4.20,1.00
2014.11.17 15:23:44.856,0.83953,0.83975,4.20,1.00
2014.11.17 15:23:45.416,0.83954,0.83975,2.32,1.00
2014.11.17 15:23:45.923,0.83954,0.83975,1.65,1.00
2014.11.17 15:23:48.274,0.83954,0.83975,2.02,1.00
2014.11.17 15:23:48.863,0.83953,0.83975,7.12,1.00
2014.11.17 15:23:49.463,0.83953,0.83975,7.50,1.00
2014.11.17 15:23:49.964,0.83953,0.83975,7.50,1.00
2014.11.17 15:23:51.794,0.83953,0.83975,7.50,1.50
2014.11.17 15:23:51.845,0.83953,0.8397,7.50,1.00
2014.11.17 15:23:52.354,0.8395,0.8397,3.07,1.00
2014.11.17 15:23:53.593,0.8395,0.83973,3.07,1.00
2014.11.17 15:23:54.124,0.83952,0.83974,3.07,1.00
2014.11.17 15:23:54.326,0.8395,0.83971,4.57,1.00
2014.11.17 15:23:54.743,0.8395,0.83968,3.07,1.00
2014.11.17 15:23:54.894,0.8395,0.83968,2.70,1.00
2014.11.17 15:23:54.945,0.8395,0.83971,2.70,1.00
2014.11.17 15:23:55.096,0.83949,0.83969,2.32,1.00
2014.11.17 15:23:55.399,0.83952,0.83972,2.32,1.00
2014.11.17 15:23:55.794,0.83952,0.83974,2.32,1.00
2014.11.17 15:23:56.399,0.83954,0.83974,2.70,1.00
2014.11.17 15:23:56.905,0.83954,0.83975,3.07,1.00
2014.11.17 15:23:57.253,0.83953,0.83975,2.70,1.00
2014.11.17 15:23:57.656,0.8395,0.83974,6.75,1.00
2014.11.17 15:23:57.757,0.8395,0.83973,3.82,1.07
2014.11.17 15:23:58.020,0.8395,0.83972,1.52,1.10
2014.11.17 15:23:58.071,0.83951,0.83974,2.70,1.17
2014.11.17 15:23:58.172,0.83952,0.83974,1.27,1.07
2014.11.17 15:23:58.273,0.83954,0.83977,1.07,1.17
2014.11.17 15:23:58.323,0.83955,0.83977,1.65,1.10
2014.11.17 15:23:58.374,0.83955,0.83975,3.82,1.00
2014.11.17 15:23:58.724,0.83957,0.83974,2.32,1.00
2014.11.17 15:23:58.825,0.83954,0.83975,4.50,1.50
2014.11.17 15:23:59.535,0.83954,0.83975,3.07,1.50
2014.11.17 15:23:59.687,0.83959,0.8398,1.47,1.57
2014.11.17 15:23:59.737,0.83959,0.83982,1.47,2.77
2014.11.17 15:23:59.889,0.83959,0.83982,1.52,1.12
2014.11.17 15:24:00.425,0.83962,0.83984,1.15,2.40
2014.11.17 15:24:01.219,0.83962,0.83984,1.52,1.55
2014.11.17 15:24:02.391,0.83962,0.83984,1.55,1.52
2014.11.17 15:24:03.445,0.8396,0.83983,1.52,1.27
2014.11.17 15:24:03.954,0.83962,0.83984,1.52,1.47
2014.11.17 15:24:06.486,0.83963,0.83986,3.45,1.95
2014.11.17 15:24:06.738,0.83963,0.83985,3.45,1.00
2014.11.17 15:24:07.273,0.83963,0.83985,3.45,1.37
2014.11.17 15:24:09.159,0.83963,0.83985,3.45,1.12
2014.11.17 15:24:10.263,0.83963,0.83984,2.70,1.00
2014.11.17 15:24:11.806,0.83962,0.83984,1.52,1.12
2014.11.17 15:24:13.273,0.83962,0.83984,1.52,1.12
2014.11.17 15:24:13.575,0.83961,0.83984,3.45,1.37
2014.11.17 15:24:13.736,0.8396,0.83982,2.02,1.00
2014.11.17 15:24:13.787,0.83962,0.83982,2.70,1.00
2014.11.17 15:24:13.888,0.83963,0.83985,2.32,1.00
2014.11.17 15:24:13.990,0.83965,0.83989,2.32,1.17
2014.11.17 15:24:14.343,0.83965,0.83986,2.32,1.00
2014.11.17 15:24:14.394,0.83963,0.83986,1.15,1.07
2014.11.17 15:24:14.495,0.83964,0.83986,2.32,1.00
2014.11.17 15:24:14.545,0.83965,0.83988,1.15,1.10
2014.11.17 15:24:14.697,0.83964,0.83987,1.15,1.17
2014.11.17 15:24:14.999,0.83963,0.83986,1.07,1.15
2014.11.17 15:24:15.251,0.83961,0.83984,1.55,1.15
2014.11.17 15:24:15.402,0.83963,0.83986,1.07,1.15
2014.11.17 15:24:15.705,0.8396,0.83983,2.02,2.40
2014.11.17 15:24:16.206,0.83961,0.83984,1.52,1.15
2014.11.17 15:24:16.855,0.8396,0.83984,1.52,1.15
2014.11.17 15:24:17.358,0.83963,0.83986,1.00,3.07
2014.11.17 15:24:17.561,0.83964,0.83987,1.17,1.15
2014.11.17 15:24:17.813,0.83963,0.83985,1.17,1.07
2014.11.17 15:24:18.317,0.83962,0.83985,1.27,1.15
2014.11.17 15:24:18.832,0.83965,0.83988,1.17,1.15
2014.11.17 15:24:18.932,0.83965,0.83988,1.17,1.07
2014.11.17 15:24:19.438,0.83964,0.83988,1.57,1.52
2014.11.17 15:24:19.539,0.83964,0.83987,1.47,2.70
2014.11.17 15:24:19.640,0.83964,0.83988,1.57,1.52
2014.11.17 15:24:20.176,0.83965,0.83988,1.37,1.52
2014.11.17 15:24:20.328,0.83965,0.83988,1.37,1.52
2014.11.17 15:24:20.831,0.83964,0.83985,3.45,1.12
2014.11.17 15:24:21.133,0.83964,0.83985,2.70,1.87
2014.11.17 15:24:21.234,0.83963,0.83985,3.45,1.87
2014.11.17 15:24:21.335,0.83963,0.83985,1.15,1.50
2014.11.17 15:24:21.486,0.83961,0.83983,2.32,1.00
2014.11.17 15:24:23.258,0.83961,0.83985,4.87,1.37
2014.11.17 15:24:24.043,0.83964,0.83986,1.52,1.37
2014.11.17 15:24:24.600,0.83964,0.83986,1.52,1.37
2014.11.17 15:24:24.941,0.83962,0.83985,1.55,2.02
2014.11.17 15:24:25.468,0.83959,0.83982,3.45,1.47
2014.11.17 15:24:25.976,0.83959,0.83982,1.55,1.27
2014.11.17 15:24:26.142,0.83959,0.83982,1.65,1.10
2014.11.17 15:24:27.315,0.83959,0.83982,1.52,1.47
2014.11.17 15:24:27.719,0.83959,0.83982,1.55,1.52
2014.11.17 15:24:28.612,0.83959,0.83982,1.55,1.52
2014.11.17 15:24:29.147,0.83959,0.8398,1.37,2.70
2014.11.17 15:24:29.248,0.83957,0.8398,1.52,1.55
2014.11.17 15:24:29.768,0.83957,0.8398,1.52,2.02
2014.11.17 15:24:30.271,0.83957,0.8398,1.52,2.02
2014.11.17 15:24:31.118,0.83957,0.8398,1.52,2.02
2014.11.17 15:24:31.719,0.83957,0.8398,1.52,2.02
2014.11.17 15:24:32.669,0.83957,0.8398,1.52,3.52
2014.11.17 15:24:33.424,0.83958,0.8398,1.55,1.55
2014.11.17 15:24:33.947,0.83956,0.83979,1.65,1.57
2014.11.17 15:24:34.253,0.83958,0.8398,1.65,1.10
2014.11.17 15:24:34.354,0.83962,0.83985,1.45,2.02
2014.11.17 15:24:34.757,0.8396,0.83982,2.02,1.55
2014.11.17 15:24:34.858,0.8396,0.8398,1.45,1.95
2014.11.17 15:24:35.110,0.83959,0.8398,1.55,1.20
2014.11.17 15:24:38.043,0.83958,0.8398,1.52,3.07
2014.11.17 15:24:38.197,0.83958,0.8398,1.47,3.15
2014.11.17 15:24:38.713,0.83957,0.83979,1.55,2.77
2014.11.17 15:24:39.023,0.83956,0.83978,1.90,1.10
2014.11.17 15:24:39.356,0.83956,0.83978,3.82,1.00
2014.11.17 15:24:39.557,0.83956,0.83977,2.70,1.00
2014.11.17 15:24:40.074,0.83956,0.83978,3.45,1.00
2014.11.17 15:24:41.146,0.83956,0.83978,3.82,1.00
2014.11.17 15:24:41.704,0.83956,0.83978,3.82,1.00
2014.11.17 15:24:42.369,0.83956,0.83978,3.45,1.00
2014.11.17 15:24:42.470,0.83957,0.83978,3.07,1.00
2014.11.17 15:24:43.014,0.83957,0.83979,3.82,1.00
2014.11.17 15:24:43.367,0.8396,0.83981,1.07,1.10
2014.11.17 15:24:43.700,0.8396,0.83982,1.37,2.77
2014.11.17 15:24:45.493,0.83959,0.83981,1.37,1.27
2014.11.17 15:24:45.804,0.8396,0.83982,1.37,1.52
2014.11.17 15:24:45.905,0.8396,0.83983,2.02,2.77
2014.11.17 15:24:46.702,0.8396,0.83983,2.02,1.52
2014.11.17 15:24:47.215,0.8396,0.83981,1.55,1.47
2014.11.17 15:24:47.721,0.8396,0.8398,1.47,1.47
2014.11.17 15:24:47.822,0.83959,0.8398,1.47,1.17
2014.11.17 15:24:47.974,0.83959,0.8398,1.45,1.45
2014.11.17 15:24:48.541,0.8396,0.83981,1.00,4.57
2014.11.17 15:24:49.063,0.83959,0.83981,1.00,5.32
2014.11.17 15:24:50.282,0.83956,0.83979,1.27,1.15
2014.11.17 15:24:50.333,0.83956,0.83979,1.20,3.07
2014.11.17 15:24:50.636,0.83956,0.83979,1.57,3.45
2014.11.17 15:24:51.405,0.8396,0.83979,1.12,3.45
2014.11.17 15:24:52.091,0.8396,0.83979,1.37,3.07
2014.11.17 15:24:52.242,0.8396,0.83981,1.37,2.40
2014.11.17 15:24:52.444,0.8396,0.83981,1.37,3.07
2014.11.17 15:24:52.545,0.8396,0.83981,1.47,1.17
2014.11.17 15:24:53.055,0.8396,0.83985,1.65,2.40
2014.11.17 15:24:53.589,0.8396,0.83983,1.55,2.77
2014.11.17 15:24:56.940,0.83961,0.83983,1.47,1.65
2014.11.17 15:24:58.794,0.83961,0.83983,1.47,2.02
2014.11.17 15:24:59.315,0.83961,0.83983,1.47,2.02
2014.11.17 15:25:00.197,0.83961,0.83983,1.47,2.02
2014.11.17 15:25:00.700,0.83961,0.83983,1.47,2.02
2014.11.17 15:25:01.215,0.83961,0.83983,1.47,2.02
2014.11.17 15:25:02.275,0.83961,0.83983,1.47,2.02
2014.11.17 15:25:02.477,0.83962,0.83983,1.12,2.70
2014.11.17 15:25:02.578,0.83959,0.83982,1.52,1.37
2014.11.17 15:25:02.729,0.8396,0.83982,1.37,2.77
2014.11.17 15:25:03.031,0.8396,0.83981,1.00,2.32
2014.11.17 15:25:03.132,0.8396,0.83982,1.00,2.40
2014.11.17 15:25:03.435,0.8396,0.83981,1.17,1.10
2014.11.17 15:25:03.535,0.8396,0.83981,1.10,1.07
2014.11.17 15:25:03.936,0.83958,0.8398,3.07,1.10
2014.11.17 15:25:04.087,0.83958,0.83981,1.15,1.65
2014.11.17 15:25:04.956,0.8396,0.83981,1.57,1.20
2014.11.17 15:25:05.476,0.8396,0.83981,1.65,1.20
2014.11.17 15:25:06.670,0.83959,0.83983,1.90,2.32
2014.11.17 15:25:06.982,0.83965,0.83987,1.37,3.45
2014.11.17 15:25:07.134,0.83961,0.83984,1.15,1.20
2014.11.17 15:25:07.285,0.83961,0.83983,1.20,1.65
2014.11.17 15:25:07.386,0.83961,0.83984,1.00,3.07
2014.11.17 15:25:07.724,0.83956,0.83979,1.52,1.17
2014.11.17 15:25:08.314,0.83957,0.83979,1.52,1.00
2014.11.17 15:25:08.654,0.83957,0.83979,1.90,1.00
2014.11.17 15:25:08.755,0.83957,0.83981,1.90,1.00
2014.11.17 15:25:09.431,0.83957,0.83981,1.65,1.12
2014.11.17 15:25:09.851,0.83957,0.8398,1.52,1.37
2014.11.17 15:25:10.153,0.83956,0.8398,1.15,3.15
2014.11.17 15:25:10.656,0.83957,0.83979,3.07,1.00
2014.11.17 15:25:10.858,0.83959,0.83981,1.10,1.15
2014.11.17 15:25:11.743,0.83959,0.83979,1.37,2.02
2014.11.17 15:25:11.793,0.83959,0.83979,1.37,2.02
2014.11.17 15:25:12.312,0.83959,0.83979,1.12,2.02
2014.11.17 15:25:13.151,0.83959,0.83979,1.37,2.02
2014.11.17 15:25:13.352,0.8396,0.8398,1.47,1.10
2014.11.17 15:25:13.707,0.8396,0.83982,1.20,2.77
2014.11.17 15:25:13.859,0.83958,0.8398,1.00,3.07
2014.11.17 15:25:14.261,0.83955,0.83978,1.17,3.07
2014.11.17 15:25:14.781,0.83953,0.83978,1.52,3.07
2014.11.17 15:25:15.288,0.83953,0.83978,1.52,3.45
2014.11.17 15:25:15.651,0.83953,0.83978,1.65,3.45
2014.11.17 15:25:15.854,0.83955,0.83978,1.47,3.45
2014.11.17 15:25:16.378,0.83954,0.83978,1.55,4.95
2014.11.17 15:25:19.563,0.83955,0.83978,1.47,2.77
2014.11.17 15:25:19.865,0.83959,0.83981,1.57,1.57
2014.11.17 15:25:20.369,0.83956,0.83978,1.52,1.10
2014.11.17 15:25:20.671,0.83957,0.8398,3.82,1.20
2014.11.17 15:25:20.974,0.83962,0.83985,2.32,1.57
2014.11.17 15:25:21.125,0.83963,0.83986,1.15,1.10
2014.11.17 15:25:21.415,0.83961,0.83984,1.17,1.10
2014.11.17 15:25:21.516,0.8396,0.83983,2.02,2.40
2014.11.17 15:25:21.869,0.83957,0.83979,1.52,1.00
2014.11.17 15:25:22.276,0.83958,0.83979,2.70,1.00
2014.11.17 15:25:22.579,0.83958,0.83979,3.07,1.00
2014.11.17 15:25:23.087,0.83958,0.8398,3.82,1.00
2014.11.17 15:25:23.581,0.83958,0.8398,3.45,1.00
2014.11.17 15:25:24.386,0.8396,0.83984,4.57,2.40
2014.11.17 15:25:24.538,0.83963,0.83987,3.82,2.02
2014.11.17 15:25:25.062,0.83964,0.83987,3.82,1.00
2014.11.17 15:25:27.257,0.83964,0.83987,3.82,1.00
2014.11.17 15:25:27.609,0.83965,0.83982,1.17,1.00
2014.11.17 15:25:27.659,0.83965,0.83982,1.10,1.00
2014.11.17 15:25:27.710,0.83965,0.8398,3.00,1.00
2014.11.17 15:25:27.811,0.83965,0.83986,2.32,1.00
2014.11.17 15:25:28.253,0.83963,0.83985,2.70,1.00
2014.11.17 15:25:28.354,0.83961,0.83984,3.45,1.00
2014.11.17 15:25:28.889,0.83961,0.83983,2.70,1.00
2014.11.17 15:25:29.141,0.83961,0.83979,2.70,1.00
2014.11.17 15:25:29.443,0.8396,0.83981,2.32,1.00
2014.11.17 15:25:29.896,0.8396,0.83979,3.07,1.00
2014.11.17 15:25:30.004,0.8396,0.83983,2.32,1.10
2014.11.17 15:25:30.054,0.83962,0.83983,2.32,1.00
2014.11.17 15:25:30.356,0.83962,0.83981,2.32,1.00
2014.11.17 15:25:30.558,0.8396,0.83981,3.07,1.00
2014.11.17 15:25:30.609,0.83962,0.83981,2.32,1.00
2014.11.17 15:25:30.861,0.8396,0.83982,2.32,1.00
2014.11.17 15:25:30.912,0.8396,0.8398,2.32,1.00
2014.11.17 15:25:31.012,0.8396,0.83982,2.32,1.00
2014.11.17 15:25:31.583,0.8396,0.83981,2.32,1.00
2014.11.17 15:25:31.777,0.8396,0.83979,2.32,1.00
2014.11.17 15:25:31.979,0.8396,0.83981,3.07,1.00
2014.11.17 15:25:32.080,0.83961,0.83983,1.15,1.00
2014.11.17 15:25:32.231,0.83963,0.83983,2.32,1.00
2014.11.17 15:25:32.483,0.83961,0.83982,2.32,1.00
2014.11.17 15:25:32.785,0.83959,0.83981,7.87,1.00
2014.11.17 15:25:33.041,0.83959,0.83981,4.57,1.00
2014.11.17 15:25:33.193,0.8396,0.83983,3.82,1.00
2014.11.17 15:25:33.724,0.83962,0.83984,3.07,1.00
2014.11.17 15:25:34.082,0.8397,0.83988,1.00,1.10
2014.11.17 15:25:34.204,0.83964,0.83988,4.95,1.10
2014.11.17 15:25:34.263,0.83964,0.83985,2.70,1.00
2014.11.17 15:25:36.236,0.83967,0.83985,2.70,1.00
2014.11.17 15:25:36.489,0.83962,0.83983,4.20,1.00
2014.11.17 15:25:36.539,0.83966,0.83983,2.25,1.00
2014.11.17 15:25:36.741,0.83969,0.83988,2.32,1.00
2014.11.17 15:25:36.842,0.83971,0.8399,2.32,1.00
2014.11.17 15:25:37.175,0.8397,0.83988,2.32,1.00
2014.11.17 15:25:37.478,0.83967,0.83988,2.70,1.00
2014.11.17 15:25:37.780,0.83965,0.83988,1.52,1.10
2014.11.17 15:25:37.881,0.83964,0.83987,1.52,1.17
2014.11.17 15:25:38.440,0.83963,0.83985,3.07,1.00
2014.11.17 15:25:39.467,0.83963,0.83985,2.70,1.00
2014.11.17 15:25:41.244,0.83963,0.83984,2.70,1.00
2014.11.17 15:25:41.428,0.83963,0.83986,2.70,1.10
2014.11.17 15:25:41.580,0.83964,0.83986,3.07,1.00
2014.11.17 15:25:41.983,0.83965,0.83988,2.32,1.10
2014.11.17 15:25:42.184,0.83965,0.83988,1.15,1.15
2014.11.17 15:25:42.235,0.83962,0.83985,4.87,1.00
2014.11.17 15:25:42.537,0.83962,0.83982,6.37,1.00
2014.11.17 15:25:43.078,0.83962,0.83983,6.37,1.00
2014.11.17 15:25:43.437,0.83963,0.83985,1.52,1.00
2014.11.17 15:25:43.795,0.83962,0.83986,7.50,1.00
2014.11.17 15:25:44.790,0.83965,0.83986,1.52,1.00
2014.11.17 15:25:45.291,0.83965,0.83986,1.52,1.00
2014.11.17 15:25:45.844,0.83965,0.83983,1.52,1.00
2014.11.17 15:25:46.348,0.83962,0.83983,5.25,1.00
2014.11.17 15:25:46.859,0.83962,0.83984,6.00,1.00
2014.11.17 15:25:47.341,0.83965,0.83984,1.65,1.00
2014.11.17 15:25:47.391,0.83965,0.83987,1.65,1.20
2014.11.17 15:25:47.895,0.83965,0.83986,1.65,1.00
2014.11.17 15:25:48.046,0.83965,0.83986,1.27,1.00
2014.11.17 15:25:48.976,0.83965,0.83986,1.27,1.10
2014.11.17 15:25:49.491,0.83965,0.83986,1.27,1.00
2014.11.17 15:25:49.748,0.83967,0.83986,2.70,1.00
2014.11.17 15:25:49.950,0.8397,0.83988,1.45,1.00
2014.11.17 15:25:50.371,0.83966,0.83988,3.45,1.00
2014.11.17 15:25:51.765,0.83966,0.83988,3.82,1.00
2014.11.17 15:25:52.269,0.83967,0.83988,4.87,1.00
2014.11.17 15:25:52.772,0.83966,0.83989,3.45,1.10
2014.11.17 15:25:53.335,0.83966,0.83988,2.70,1.00
2014.11.17 15:25:53.386,0.83965,0.83988,1.52,1.00
2014.11.17 15:25:53.437,0.83963,0.83986,4.95,1.00
2014.11.17 15:25:53.487,0.83963,0.83986,2.40,1.00
2014.11.17 15:25:53.538,0.83963,0.83986,4.57,1.00
2014.11.17 15:25:53.840,0.83962,0.83984,3.07,1.00
2014.11.17 15:25:53.991,0.83963,0.83985,1.15,1.20
2014.11.17 15:25:54.394,0.83962,0.83984,1.65,1.00
2014.11.17 15:25:54.921,0.83962,0.83984,1.52,1.00
2014.11.17 15:25:56.781,0.83962,0.83984,1.65,1.00
2014.11.17 15:25:57.388,0.83962,0.83984,1.52,1.00
2014.11.17 15:25:57.979,0.83962,0.83984,1.65,1.00
2014.11.17 15:25:58.506,0.8396,0.83982,6.75,1.00
2014.11.17 15:25:59.603,0.8396,0.83982,7.87,1.00
2014.11.17 15:25:59.914,0.8396,0.8398,1.15,1.00
2014.11.17 15:26:01.757,0.8396,0.8398,1.52,1.00
2014.11.17 15:26:02.366,0.8396,0.8398,1.52,1.00
2014.11.17 15:26:02.872,0.8396,0.8398,1.52,1.00
2014.11.17 15:26:03.339,0.8396,0.83978,1.52,1.00
2014.11.17 15:26:04.253,0.83959,0.83978,1.65,1.00
2014.11.17 15:26:04.871,0.8396,0.83978,1.47,1.00
2014.11.17 15:26:05.324,0.83964,0.83982,1.00,1.17
2014.11.17 15:26:05.833,0.8396,0.83982,2.02,1.00
2014.11.17 15:26:05.884,0.83961,0.83982,2.70,1.00
2014.11.17 15:26:06.401,0.83962,0.83982,2.70,1.00
2014.11.17 15:26:07.157,0.83962,0.83982,3.07,1.00
2014.11.17 15:26:07.842,0.83965,0.83983,1.55,1.00
2014.11.17 15:26:08.394,0.83962,0.83983,3.07,1.00
2014.11.17 15:26:08.792,0.83962,0.83983,3.07,1.00
2014.11.17 15:26:08.943,0.83965,0.83985,1.92,1.10
2014.11.17 15:26:09.497,0.83963,0.83985,5.25,1.00
2014.11.17 15:26:10.024,0.83963,0.83985,5.25,1.00
2014.11.17 15:26:10.868,0.83963,0.83985,6.75,1.00
2014.11.17 15:26:11.205,0.83964,0.83985,2.40,1.00
2014.11.17 15:26:11.899,0.83964,0.83985,2.40,1.00
2014.11.17 15:26:15.778,0.83964,0.83985,3.15,1.00
2014.11.17 15:26:16.289,0.83964,0.83985,2.40,1.00
2014.11.17 15:26:16.380,0.83964,0.83985,2.02,1.00
2014.11.17 15:26:16.532,0.83963,0.83983,6.75,1.00
2014.11.17 15:26:16.837,0.83965,0.83983,1.65,1.00
2014.11.17 15:26:16.887,0.83965,0.83985,1.65,1.00
2014.11.17 15:26:17.345,0.83965,0.83985,1.90,1.00
2014.11.17 15:26:17.547,0.83968,0.83988,2.02,1.00
2014.11.17 15:26:18.431,0.83967,0.83988,1.95,1.10
2014.11.17 15:26:19.761,0.83968,0.83988,4.20,1.00
2014.11.17 15:26:21.665,0.83969,0.83988,2.02,1.00
2014.11.17 15:26:22.216,0.8397,0.83988,1.52,1.00
2014.11.17 15:26:23.068,0.8397,0.83988,1.52,1.00
2014.11.17 15:26:23.526,0.8397,0.83988,1.65,1.00
2014.11.17 15:26:23.577,0.8397,0.8399,1.65,1.00
2014.11.17 15:26:23.728,0.8397,0.8399,1.15,1.00
2014.11.17 15:26:24.660,0.8397,0.8399,2.02,1.00
2014.11.17 15:26:25.185,0.83966,0.8399,3.82,1.10
2014.11.17 15:26:25.235,0.83966,0.83987,3.07,1.00
2014.11.17 15:26:25.907,0.8397,0.83988,1.37,1.10
2014.11.17 15:26:26.447,0.8397,0.83987,1.37,1.00
2014.11.17 15:26:27.687,0.83969,0.83987,1.57,1.00
2014.11.17 15:26:27.888,0.8397,0.83989,1.52,1.00
2014.11.17 15:26:28.785,0.8397,0.83989,1.52,1.00
2014.11.17 15:26:28.986,0.8397,0.83987,1.47,1.00
2014.11.17 15:26:29.534,0.8397,0.83987,1.47,1.00
2014.11.17 15:26:29.584,0.8397,0.83987,1.20,1.00
2014.11.17 15:26:30.095,0.83969,0.83986,1.55,1.00
2014.11.17 15:26:30.497,0.83969,0.83986,1.55,1.00
2014.11.17 15:26:31.039,0.83969,0.83986,1.55,1.00
2014.11.17 15:26:31.578,0.8397,0.83986,1.47,1.00
2014.11.17 15:26:34.115,0.8397,0.83986,1.47,1.00
2014.11.17 15:26:34.418,0.83975,0.83988,1.00,1.00
2014.11.17 15:26:34.569,0.83975,0.83992,1.00,1.00
2014.11.17 15:26:34.778,0.83975,0.83994,1.00,1.00
2014.11.17 15:26:35.471,0.83975,0.83992,1.00,1.00
2014.11.17 15:26:35.774,0.83975,0.83988,1.00,1.00
2014.11.17 15:26:35.921,0.8397,0.83988,1.00,1.10
2014.11.17 15:26:36.229,0.8397,0.8399,1.10,1.10
2014.11.17 15:26:36.384,0.8397,0.8399,1.17,1.00
2014.11.17 15:26:36.694,0.8397,0.83992,3.07,1.00
2014.11.17 15:26:37.100,0.8397,0.83991,1.15,1.00
2014.11.17 15:26:37.616,0.83969,0.83994,3.15,1.15
2014.11.17 15:26:37.717,0.83969,0.83994,3.90,1.15
2014.11.17 15:26:38.223,0.83971,0.83994,4.20,1.00
2014.11.17 15:26:39.502,0.83972,0.83994,2.02,1.00
2014.11.17 15:26:40.003,0.83972,0.83994,2.02,1.00
2014.11.17 15:26:40.054,0.83971,0.83992,2.62,1.00
2014.11.17 15:26:40.104,0.8397,0.83992,2.77,1.10
2014.11.17 15:26:40.205,0.8397,0.83992,1.55,1.15
2014.11.17 15:26:40.508,0.83965,0.83988,4.57,1.00
2014.11.17 15:26:40.558,0.83965,0.83988,4.20,1.00
2014.11.17 15:26:41.343,0.83966,0.83988,2.40,1.00
2014.11.17 15:26:43.632,0.8397,0.83988,1.12,1.00
2014.11.17 15:26:44.819,0.8397,0.83988,1.37,1.00
2014.11.17 15:26:45.532,0.83969,0.83988,1.47,1.00
2014.11.17 15:26:45.634,0.83969,0.83991,1.52,1.20
2014.11.17 15:26:46.170,0.83969,0.8399,1.55,1.10
2014.11.17 15:26:46.867,0.83975,0.8399,1.00,1.10
2014.11.17 15:26:47.381,0.83975,0.83992,1.00,1.07
2014.11.17 15:26:48.465,0.83975,0.83993,1.37,1.07
2014.11.17 15:26:48.515,0.83975,0.83993,1.47,1.00
2014.11.17 15:26:48.566,0.83975,0.83995,1.55,1.10
2014.11.17 15:26:48.868,0.83976,0.83998,1.55,1.07
2014.11.17 15:26:49.221,0.83976,0.83999,2.70,1.10
2014.11.17 15:26:50.250,0.8398,0.83999,1.47,1.10
2014.11.17 15:26:50.874,0.83976,0.83998,5.32,1.00
2014.11.17 15:26:51.383,0.83976,0.83998,1.52,1.00
2014.11.17 15:26:52.084,0.83975,0.83997,3.90,1.00
2014.11.17 15:26:52.376,0.83977,0.83999,2.77,1.00
2014.11.17 15:26:52.591,0.8398,0.84,2.77,1.00
2014.11.17 15:26:52.846,0.8398,0.84003,1.65,1.20
2014.11.17 15:26:52.897,0.8398,0.84003,2.77,1.10
2014.11.17 15:26:53.149,0.8398,0.84002,1.27,1.00
2014.11.17 15:26:53.401,0.83978,0.84,2.02,1.00
2014.11.17 15:26:54.064,0.83977,0.84,3.15,1.00
2014.11.17 15:26:54.567,0.83977,0.84,1.52,1.57
2014.11.17 15:26:54.719,0.83976,0.83997,4.57,1.00
2014.11.17 15:26:54.971,0.83975,0.83997,2.77,1.00
2014.11.17 15:26:55.274,0.83974,0.83995,2.32,1.00
2014.11.17 15:26:55.821,0.83975,0.83997,1.15,1.00
2014.11.17 15:26:56.703,0.83974,0.83996,3.07,1.00
2014.11.17 15:26:56.855,0.83975,0.83996,1.17,1.17
2014.11.17 15:26:57.056,0.83974,0.83996,3.82,1.00
2014.11.17 15:26:57.853,0.83975,0.83996,1.15,1.00
2014.11.17 15:26:58.357,0.83975,0.83997,1.15,1.10
2014.11.17 15:26:58.659,0.83975,0.83995,1.15,1.00
2014.11.17 15:26:59.114,0.83973,0.83993,2.70,1.00
2014.11.17 15:26:59.165,0.83971,0.83993,3.45,1.00
2014.11.17 15:26:59.266,0.8397,0.83994,1.52,1.20
2014.11.17 15:26:59.316,0.8397,0.83992,2.02,1.00
2014.11.17 15:26:59.820,0.8397,0.83992,1.15,1.00
2014.11.17 15:26:59.972,0.8397,0.83994,1.15,1.20
2014.11.17 15:27:00.022,0.8397,0.83994,3.07,1.10
2014.11.17 15:27:00.425,0.83972,0.83994,3.82,1.10
2014.11.17 15:27:00.526,0.83975,0.83996,3.07,1.00
2014.11.17 15:27:00.627,0.83976,0.83998,3.07,1.00
2014.11.17 15:27:00.829,0.83976,0.83998,2.70,1.00
2014.11.17 15:27:00.981,0.83975,0.83998,1.65,1.00
2014.11.17 15:27:01.081,0.83975,0.83998,1.57,1.17
2014.11.17 15:27:01.745,0.83975,0.83996,1.07,1.17
2014.11.17 15:27:02.047,0.83971,0.83992,4.20,1.00
2014.11.17 15:27:02.399,0.83975,0.83996,1.10,1.15
2014.11.17 15:27:02.701,0.83975,0.83996,1.20,1.00
2014.11.17 15:27:02.802,0.83975,0.83996,1.57,1.00
2014.11.17 15:27:03.104,0.83975,0.83994,1.27,1.00
2014.11.17 15:27:03.668,0.83971,0.83993,1.65,1.00
2014.11.17 15:27:04.177,0.83971,0.83993,6.00,1.00
2014.11.17 15:27:06.132,0.83971,0.83993,1.65,1.00
2014.11.17 15:27:06.644,0.83971,0.83993,1.90,1.00
2014.11.17 15:27:06.749,0.83971,0.83993,1.55,1.10
2014.11.17 15:27:07.268,0.83971,0.83993,1.65,1.17
2014.11.17 15:27:07.788,0.83972,0.83994,1.57,1.65
2014.11.17 15:27:08.197,0.83972,0.83996,1.92,1.17
2014.11.17 15:27:08.297,0.83972,0.83996,1.92,3.45
2014.11.17 15:27:08.549,0.83972,0.83995,1.37,2.70
2014.11.17 15:27:08.701,0.83972,0.83996,1.52,1.15
2014.11.17 15:27:08.751,0.83972,0.83996,1.90,1.15
2014.11.17 15:27:09.053,0.83973,0.83995,1.37,1.15
2014.11.17 15:27:09.572,0.83972,0.83994,1.47,1.17
2014.11.17 15:27:10.224,0.83973,0.83995,1.37,2.40
2014.11.17 15:27:10.275,0.83973,0.83995,1.00,2.40
2014.11.17 15:27:10.375,0.83973,0.83995,1.50,1.07
2014.11.17 15:27:10.426,0.83973,0.83995,1.57,1.07
2014.11.17 15:27:10.954,0.83971,0.83993,1.90,1.00
2014.11.17 15:27:11.055,0.83971,0.83993,1.52,1.00
2014.11.17 15:27:11.314,0.8397,0.83992,1.65,1.17
2014.11.17 15:27:13.578,0.8397,0.83992,1.55,2.40
2014.11.17 15:27:13.667,0.8397,0.83992,1.65,2.40
2014.11.17 15:27:14.699,0.8397,0.83992,1.55,2.40
2014.11.17 15:27:15.224,0.8397,0.83991,1.55,2.32
2014.11.17 15:27:15.759,0.83968,0.83991,1.52,1.20
2014.11.17 15:27:16.300,0.83968,0.83991,1.52,1.20
2014.11.17 15:27:16.979,0.83968,0.83991,1.52,1.47
2014.11.17 15:27:18.946,0.83965,0.8399,3.82,1.27
2014.11.17 15:27:19.460,0.83965,0.8399,3.82,1.55
2014.11.17 15:27:19.970,0.83966,0.83991,1.65,2.77
2014.11.17 15:27:20.693,0.83966,0.83991,1.52,2.40
2014.11.17 15:27:20.995,0.8397,0.83992,1.55,1.65
2014.11.17 15:27:21.980,0.83974,0.83995,1.00,4.20
2014.11.17 15:27:22.132,0.83974,0.83997,1.45,2.77
2014.11.17 15:27:22.233,0.83976,0.83999,1.52,1.55
2014.11.17 15:27:22.759,0.83976,0.83997,1.52,1.50
2014.11.17 15:27:23.285,0.83976,0.83998,1.52,1.95
2014.11.17 15:27:23.929,0.83976,0.83997,1.52,1.87
2014.11.17 15:27:24.633,0.83976,0.83997,1.52,1.50
2014.11.17 15:27:25.149,0.83976,0.83998,1.52,1.95
2014.11.17 15:27:26.099,0.83976,0.83997,1.52,1.50
2014.11.17 15:27:26.571,0.83976,0.83997,1.37,2.02
2014.11.17 15:27:26.774,0.83976,0.83997,1.55,1.95
2014.11.17 15:27:27.299,0.83976,0.83997,1.55,1.95
2014.11.17 15:27:27.561,0.83975,0.83997,1.47,2.02
2014.11.17 15:27:27.863,0.83975,0.83997,1.37,4.20
2014.11.17 15:27:28.177,0.83975,0.83997,1.55,2.02
2014.11.17 15:27:28.479,0.83975,0.83997,1.45,2.02
2014.11.17 15:27:28.580,0.83974,0.83995,1.20,2.02
2014.11.17 15:27:29.124,0.83972,0.83994,1.52,2.77
2014.11.17 15:27:29.823,0.83972,0.83994,1.52,2.40
2014.11.17 15:27:29.924,0.83971,0.83993,1.52,2.32
2014.11.17 15:27:30.443,0.83973,0.83992,1.55,1.50
2014.11.17 15:27:30.561,0.83973,0.83992,1.55,1.50
2014.11.17 15:27:31.028,0.83973,0.83993,1.37,2.02
2014.11.17 15:27:31.280,0.83974,0.83996,1.10,1.15
2014.11.17 15:27:31.432,0.83976,0.83998,1.00,3.07
2014.11.17 15:27:31.860,0.83975,0.83994,1.00,2.32
2014.11.17 15:27:32.540,0.8397,0.83994,2.02,3.82
2014.11.17 15:27:32.842,0.8397,0.83994,2.02,4.20
2014.11.17 15:27:34.385,0.83971,0.83993,1.47,2.02
2014.11.17 15:27:35.186,0.8397,0.83992,1.55,2.02
2014.11.17 15:27:38.261,0.8397,0.83992,1.55,2.02
2014.11.17 15:27:42.475,0.83971,0.83993,1.47,2.02
2014.11.17 15:27:42.989,0.8397,0.83993,1.55,1.52
2014.11.17 15:27:43.674,0.8397,0.83993,1.55,1.27
2014.11.17 15:27:44.995,0.8397,0.83995,1.52,3.52
2014.11.17 15:27:45.096,0.83972,0.83995,1.55,2.77
2014.11.17 15:27:45.687,0.8397,0.83992,1.65,1.10
2014.11.17 15:27:46.203,0.8397,0.83992,1.90,1.10
2014.11.17 15:27:46.505,0.83975,0.83994,1.37,4.57
2014.11.17 15:27:46.606,0.83975,0.83991,1.00,1.07
2014.11.17 15:27:46.707,0.83969,0.83991,1.55,1.00
2014.11.17 15:27:47.222,0.83969,0.8399,1.52,1.00
2014.11.17 15:27:47.428,0.8397,0.83991,1.65,1.00
2014.11.17 15:27:47.852,0.8397,0.83991,1.52,1.00
2014.11.17 15:27:49.817,0.8397,0.8399,1.52,1.00
2014.11.17 15:27:50.260,0.83968,0.8399,2.70,1.00
2014.11.17 15:27:50.692,0.83966,0.8399,2.40,1.27
2014.11.17 15:27:51.205,0.83966,0.8399,3.07,1.17
2014.11.17 15:27:51.729,0.83965,0.8399,1.90,1.15
2014.11.17 15:27:52.045,0.83965,0.8399,3.90,3.07
2014.11.17 15:27:52.306,0.83965,0.8399,3.90,1.15
2014.11.17 15:27:53.241,0.83965,0.8399,3.90,1.15
2014.11.17 15:27:53.393,0.83965,0.8399,3.90,1.15
2014.11.17 15:27:53.446,0.83965,0.8399,3.90,1.15
2014.11.17 15:27:53.870,0.83967,0.8399,2.02,1.15
2014.11.17 15:27:54.021,0.8397,0.8399,1.17,1.00
2014.11.17 15:27:54.993,0.83969,0.8399,1.10,1.17
2014.11.17 15:27:55.578,0.83967,0.83989,2.40,1.10
2014.11.17 15:27:56.121,0.83966,0.83989,3.15,1.10
2014.11.17 15:27:56.631,0.8397,0.83989,1.37,1.10
2014.11.17 15:27:57.809,0.8397,0.83989,1.12,1.10
2014.11.17 15:27:57.910,0.83966,0.83989,3.15,1.10
2014.11.17 15:27:58.011,0.8397,0.83992,1.52,1.00
2014.11.17 15:27:58.061,0.83984,0.83991,1.00,1.00
2014.11.17 15:27:58.162,0.83979,0.83991,1.17,1.00
2014.11.17 15:27:58.263,0.83979,0.83999,1.00,1.17
2014.11.17 15:27:58.414,0.83973,0.83994,1.65,1.00
2014.11.17 15:27:58.716,0.8397,0.83987,1.52,1.00
2014.11.17 15:27:59.018,0.8397,0.83983,1.37,1.00
2014.11.17 15:27:59.270,0.8397,0.83985,1.37,1.00
2014.11.17 15:27:59.472,0.83964,0.83983,3.82,1.00
2014.11.17 15:27:59.522,0.83964,0.83983,3.45,1.00
2014.11.17 15:27:59.623,0.83965,0.83981,1.27,1.00
2014.11.17 15:28:00.126,0.83963,0.83981,2.70,1.00
2014.11.17 15:28:00.642,0.83969,0.83981,1.87,1.00
2014.11.17 15:28:00.693,0.83969,0.83983,1.87,1.00
2014.11.17 15:28:00.794,0.83967,0.83983,1.65,1.00
2014.11.17 15:28:00.945,0.8397,0.83989,1.00,1.00
2014.11.17 15:28:01.146,0.83974,0.83991,1.00,1.10
2014.11.17 15:28:01.739,0.83975,0.83992,1.00,1.00
2014.11.17 15:28:02.408,0.83975,0.83992,1.37,1.00
2014.11.17 15:28:02.536,0.83975,0.83992,1.37,1.00
2014.11.17 15:28:03.110,0.83974,0.83992,1.37,1.00
2014.11.17 15:28:03.472,0.83969,0.8399,3.15,1.00
2014.11.17 15:28:03.975,0.83975,0.83989,1.00,1.00
2014.11.17 15:28:04.552,0.8397,0.83989,1.37,1.00
2014.11.17 15:28:05.078,0.8397,0.83991,1.37,1.20
2014.11.17 15:28:05.541,0.83975,0.83992,1.37,1.15
2014.11.17 15:28:06.077,0.83975,0.83992,1.37,1.15
2014.11.17 15:28:06.279,0.8398,0.83997,1.37,1.17
2014.11.17 15:28:06.329,0.8398,0.83996,1.37,1.07
2014.11.17 15:28:06.430,0.83975,0.8399,1.00,1.00
2014.11.17 15:28:06.958,0.83969,0.8399,3.15,1.00
2014.11.17 15:28:07.480,0.83975,0.8399,1.00,1.00
2014.11.17 15:28:08.014,0.83969,0.8399,3.15,1.00
2014.11.17 15:28:08.740,0.83975,0.8399,1.00,1.00
2014.11.17 15:28:10.647,0.8397,0.8399,1.55,1.10
2014.11.17 15:28:10.882,0.8398,0.83988,1.00,1.00
2014.11.17 15:28:10.937,0.8398,0.8399,1.37,1.00
2014.11.17 15:28:11.038,0.8398,0.83996,1.10,1.00
2014.11.17 15:28:11.240,0.83975,0.83991,3.45,1.00
2014.11.17 15:28:11.341,0.83975,0.83991,1.45,1.00
2014.11.17 15:28:11.802,0.83975,0.83993,1.45,1.00
2014.11.17 15:28:12.349,0.83975,0.83991,1.37,1.00
2014.11.17 15:28:12.450,0.83975,0.83991,1.00,1.00
2014.11.17 15:28:13.110,0.83975,0.8399,1.00,1.00
2014.11.17 15:28:14.822,0.83968,0.8399,4.20,1.50
2014.11.17 15:28:14.873,0.83966,0.8399,4.20,1.57
2014.11.17 15:28:15.074,0.83965,0.83985,1.17,1.10
2014.11.17 15:28:15.225,0.83961,0.83983,2.70,1.00
2014.11.17 15:28:15.759,0.83962,0.83983,2.02,1.00
2014.11.17 15:28:16.079,0.83962,0.83981,2.02,1.00
2014.11.17 15:28:17.342,0.83965,0.83981,1.47,1.00
2014.11.17 15:28:18.301,0.83965,0.83984,1.47,1.00
2014.11.17 15:28:18.968,0.83965,0.83984,1.47,1.00
2014.11.17 15:28:19.630,0.83965,0.83984,1.47,1.00
2014.11.17 15:28:20.139,0.83965,0.83984,1.47,1.00
2014.11.17 15:28:20.752,0.83965,0.83984,1.47,1.00
2014.11.17 15:28:21.260,0.83965,0.83985,1.57,1.00
2014.11.17 15:28:21.361,0.83965,0.83988,1.65,1.27
2014.11.17 15:28:21.881,0.83969,0.83988,1.47,1.10
2014.11.17 15:28:25.177,0.83967,0.83988,3.07,1.00
2014.11.17 15:28:25.319,0.83968,0.83991,1.52,1.47
2014.11.17 15:28:25.854,0.83968,0.83991,1.52,1.20
2014.11.17 15:28:26.393,0.83968,0.83991,1.65,1.10
2014.11.17 15:28:27.002,0.8397,0.83991,1.55,1.10
2014.11.17 15:28:27.684,0.8397,0.83991,1.55,1.10
2014.11.17 15:28:29.082,0.83968,0.83991,2.77,1.20
2014.11.17 15:28:29.599,0.83968,0.83991,1.65,1.20
2014.11.17 15:28:29.951,0.83968,0.83991,1.52,1.47
2014.11.17 15:28:30.052,0.83968,0.8399,1.27,2.77
2014.11.17 15:28:30.103,0.83968,0.8399,1.12,4.95
2014.11.17 15:28:30.405,0.83967,0.83989,1.55,1.20
2014.11.17 15:28:30.987,0.83968,0.83989,3.00,1.00
2014.11.17 15:28:31.088,0.83972,0.83992,2.62,1.10
2014.11.17 15:28:31.188,0.83973,0.83995,1.15,1.10
2014.11.17 15:28:31.599,0.83972,0.83997,1.15,3.07
2014.11.17 15:28:31.649,0.83972,0.83997,1.17,3.07
2014.11.17 15:28:32.398,0.83972,0.83995,1.20,2.32
2014.11.17 15:28:32.712,0.83972,0.83995,1.47,2.70
2014.11.17 15:28:34.964,0.83974,0.83995,1.37,2.70
2014.11.17 15:28:35.065,0.83972,0.83995,1.65,1.15
2014.11.17 15:28:35.166,0.83973,0.83995,1.47,1.15
2014.11.17 15:28:35.418,0.83973,0.83995,1.37,4.20
2014.11.17 15:28:35.983,0.8397,0.83995,2.02,1.52
2014.11.17 15:28:36.573,0.8397,0.83995,1.52,2.02
2014.11.17 15:28:36.886,0.83972,0.83995,1.47,3.45
2014.11.17 15:28:39.373,0.83972,0.83995,1.47,4.20
2014.11.17 15:28:41.703,0.83972,0.83995,1.10,6.75
2014.11.17 15:28:41.956,0.83965,0.83989,1.17,3.82
2014.11.17 15:28:42.409,0.83969,0.8399,1.00,2.32
2014.11.17 15:28:43.271,0.8397,0.8399,1.00,2.32
2014.11.17 15:28:43.638,0.8397,0.8399,1.37,2.32
2014.11.17 15:28:44.520,0.8397,0.8399,1.37,2.32
2014.11.17 15:28:44.621,0.8397,0.8399,1.47,1.17
2014.11.17 15:28:44.722,0.8397,0.83993,2.40,2.77
2014.11.17 15:28:44.822,0.83971,0.83993,1.17,1.65
2014.11.17 15:28:45.363,0.83967,0.83992,2.77,1.15
2014.11.17 15:28:46.438,0.83967,0.8399,1.47,2.32
2014.11.17 15:28:47.142,0.83969,0.83991,1.37,2.02
2014.11.17 15:28:47.243,0.83969,0.83991,1.87,2.02
2014.11.17 15:28:47.759,0.83971,0.83991,1.37,2.02
2014.11.17 15:28:49.614,0.83971,0.83993,1.37,6.37
2014.11.17 15:28:50.118,0.83971,0.83992,1.12,2.02
2014.11.17 15:28:52.278,0.8397,0.83992,1.12,2.77
2014.11.17 15:28:52.633,0.83967,0.83991,1.57,2.02
2014.11.17 15:28:52.708,0.83967,0.83991,1.57,2.02
2014.11.17 15:28:53.309,0.83967,0.83991,1.57,2.02
2014.11.17 15:28:54.143,0.83967,0.83991,1.57,2.02
2014.11.17 15:28:54.649,0.83967,0.83991,1.57,2.02
2014.11.17 15:28:54.962,0.8397,0.83991,1.37,2.02
2014.11.17 15:28:55.845,0.8397,0.83991,1.47,1.65
2014.11.17 15:28:55.895,0.8397,0.83992,1.57,1.15
2014.11.17 15:28:55.946,0.83975,0.83995,1.12,2.70
2014.11.17 15:28:55.996,0.83975,0.83996,1.12,2.02
2014.11.17 15:28:56.365,0.83974,0.83994,1.00,1.65
2014.11.17 15:28:56.667,0.83973,0.83993,1.00,2.32
2014.11.17 15:28:56.969,0.83975,0.83995,1.00,3.07
2014.11.17 15:28:57.120,0.83973,0.83995,1.10,1.65
2014.11.17 15:28:57.171,0.83973,0.83993,1.00,2.32
2014.11.17 15:28:57.480,0.83973,0.83992,1.00,1.65
2014.11.17 15:28:57.709,0.83973,0.83993,1.00,2.32
2014.11.17 15:28:58.212,0.83975,0.83992,1.00,1.65
2014.11.17 15:28:58.313,0.83975,0.83995,1.00,3.82
2014.11.17 15:28:58.414,0.83975,0.83995,1.00,1.65
2014.11.17 15:28:59.271,0.83975,0.83995,1.37,2.02
2014.11.17 15:28:59.473,0.83974,0.83996,1.37,4.57
2014.11.17 15:28:59.574,0.83975,0.83996,1.00,1.57
2014.11.17 15:28:59.625,0.83975,0.83996,1.00,1.57
2014.11.17 15:28:59.690,0.8398,0.83997,1.50,1.65
2014.11.17 15:28:59.792,0.8398,0.84,1.50,1.65
2014.11.17 15:28:59.894,0.83979,0.84004,1.15,4.57
2014.11.17 15:28:59.995,0.83979,0.84,1.00,2.40
2014.11.17 15:29:00.307,0.83978,0.83998,1.00,3.82
2014.11.17 15:29:02.070,0.83977,0.83993,1.00,1.50
2014.11.17 15:29:02.373,0.83975,0.83994,1.00,1.65
2014.11.17 15:29:02.524,0.83971,0.83993,1.20,2.40
2014.11.17 15:29:02.876,0.83965,0.83988,2.02,2.25
2014.11.17 15:29:03.309,0.83965,0.83988,2.02,2.40
2014.11.17 15:29:03.843,0.83966,0.83986,1.00,1.65
2014.11.17 15:29:04.669,0.83966,0.83988,1.37,4.95
2014.11.17 15:29:05.263,0.83966,0.83988,1.37,2.32
2014.11.17 15:29:05.955,0.83966,0.83988,1.37,2.32
2014.11.17 15:29:06.762,0.83966,0.83988,1.37,2.70
2014.11.17 15:29:07.064,0.83968,0.83989,1.50,2.32
2014.11.17 15:29:07.114,0.83968,0.83991,1.65,1.17
2014.11.17 15:29:08.753,0.8397,0.83993,1.47,3.45
2014.11.17 15:29:10.301,0.83969,0.83993,1.82,3.45
2014.11.17 15:29:10.610,0.8397,0.83993,1.57,1.17
2014.11.17 15:29:11.079,0.8397,0.83993,1.45,1.55
2014.11.17 15:29:11.230,0.8397,0.83991,1.37,1.15
2014.11.17 15:29:11.538,0.8397,0.83987,1.00,3.45
2014.11.17 15:29:11.690,0.83965,0.83986,1.00,1.15
2014.11.17 15:29:11.902,0.8397,0.83986,1.00,1.07
2014.11.17 15:29:11.953,0.8397,0.83986,1.00,1.07
2014.11.17 15:29:12.799,0.8397,0.83987,1.37,1.17
2014.11.17 15:29:13.410,0.8397,0.83988,1.37,1.07
2014.11.17 15:29:13.511,0.8397,0.83988,1.47,1.10
2014.11.17 15:29:13.611,0.8397,0.83992,1.55,1.27
2014.11.17 15:29:14.498,0.8397,0.83992,1.45,1.52
2014.11.17 15:29:15.001,0.83971,0.83993,1.12,3.45
2014.11.17 15:29:15.418,0.8397,0.83992,1.47,1.27
2014.11.17 15:29:15.919,0.8397,0.8399,1.47,1.07
2014.11.17 15:29:17.610,0.8397,0.8399,1.47,1.07
2014.11.17 15:29:17.964,0.8397,0.83993,1.55,2.77
2014.11.17 15:29:18.467,0.8397,0.83993,1.27,1.52
2014.11.17 15:29:18.982,0.8397,0.83993,1.55,1.52
2014.11.17 15:29:21.006,0.8397,0.83993,1.55,1.52
2014.11.17 15:29:21.108,0.8397,0.83989,1.45,1.00
2014.11.17 15:29:21.647,0.8397,0.83991,1.55,1.55
2014.11.17 15:29:23.394,0.8397,0.83991,1.65,1.17
2014.11.17 15:29:23.495,0.83975,0.83992,1.12,1.10
2014.11.17 15:29:23.646,0.83975,0.83995,1.37,1.55
2014.11.17 15:29:23.860,0.83972,0.83995,1.15,1.65
2014.11.17 15:29:24.407,0.83971,0.83993,1.50,1.15
2014.11.17 15:29:24.818,0.83971,0.83993,1.65,1.00
2014.11.17 15:29:25.337,0.83975,0.83995,1.00,1.17
2014.11.17 15:29:25.870,0.83975,0.83995,1.37,1.17
2014.11.17 15:29:26.200,0.83975,0.83995,1.37,1.17
2014.11.17 15:29:26.715,0.83975,0.83995,1.52,1.00
2014.11.17 15:29:31.025,0.83975,0.83995,1.52,1.00
2014.11.17 15:29:31.575,0.83975,0.83996,1.52,1.00
2014.11.17 15:29:33.572,0.83975,0.83996,1.52,1.00
2014.11.17 15:29:33.962,0.83975,0.83994,1.37,1.00
2014.11.17 15:29:34.315,0.83975,0.83996,1.52,1.20
2014.11.17 15:29:34.888,0.83975,0.83996,1.52,1.10
2014.11.17 15:29:35.431,0.83975,0.83996,3.82,1.00
2014.11.17 15:29:41.687,0.83975,0.83996,4.20,1.00
2014.11.17 15:29:42.387,0.83975,0.83996,5.32,1.00
2014.11.17 15:29:42.923,0.83975,0.83996,2.77,1.00
2014.11.17 15:29:43.193,0.83975,0.83996,4.57,1.00
2014.11.17 15:29:43.918,0.83975,0.83996,4.20,1.00
2014.11.17 15:29:44.734,0.83975,0.83996,4.57,1.00
2014.11.17 15:29:45.597,0.83975,0.83996,4.20,1.00
2014.11.17 15:29:46.211,0.83975,0.83996,4.57,1.00
2014.11.17 15:29:47.195,0.83975,0.83996,4.57,1.00
2014.11.17 15:29:47.891,0.83975,0.83996,4.57,1.00
2014.11.17 15:29:50.300,0.83975,0.83996,4.57,1.00
2014.11.17 15:29:50.803,0.83979,0.83997,1.95,1.00
2014.11.17 15:29:50.854,0.83976,0.83997,2.02,1.00
2014.11.17 15:29:50.905,0.83977,0.84,1.27,1.07
2014.11.17 15:29:51.320,0.83977,0.84,4.95,1.00
2014.11.17 15:29:51.622,0.8398,0.84,1.00,2.32
2014.11.17 15:29:51.723,0.83975,0.83998,1.57,3.07
2014.11.17 15:29:52.056,0.83975,0.83997,1.57,1.65
2014.11.17 15:29:52.157,0.83975,0.83996,1.37,1.15
2014.11.17 15:29:52.573,0.83975,0.83993,1.00,1.20
2014.11.17 15:29:52.674,0.83975,0.83995,1.10,1.10
2014.11.17 15:29:52.725,0.83975,0.83995,1.00,2.40
2014.11.17 15:29:52.826,0.8397,0.83992,2.02,1.00
2014.11.17 15:29:52.926,0.83975,0.83991,1.00,1.17
2014.11.17 15:29:53.128,0.8397,0.83991,1.52,1.00
2014.11.17 15:29:53.329,0.83968,0.83989,2.02,1.00
2014.11.17 15:29:54.477,0.83967,0.83989,3.07,1.00
2014.11.17 15:29:54.578,0.83967,0.83989,3.07,1.00
2014.11.17 15:29:55.688,0.83967,0.83989,3.07,1.00
2014.11.17 15:29:56.091,0.83965,0.83987,5.32,1.00
2014.11.17 15:29:56.747,0.83966,0.83987,2.40,1.00
2014.11.17 15:29:57.048,0.83966,0.83987,2.02,1.12
2014.11.17 15:29:57.300,0.83965,0.83985,1.57,1.00
2014.11.17 15:29:57.502,0.83961,0.83983,2.40,1.00
2014.11.17 15:29:57.754,0.83965,0.83986,1.52,1.00
2014.11.17 15:29:57.955,0.83965,0.83985,1.55,1.10
2014.11.17 15:29:58.106,0.83967,0.83987,1.57,1.10
2014.11.17 15:29:58.410,0.83969,0.83991,1.00,2.32
2014.11.17 15:29:58.460,0.83969,0.83992,1.00,1.15
2014.11.17 15:29:58.641,0.83969,0.83989,1.00,2.32
2014.11.17 15:29:58.743,0.83967,0.83989,1.00,2.32
2014.11.17 15:29:58.944,0.83969,0.83989,1.00,2.32
2014.11.17 15:29:59.908,0.83967,0.83989,1.37,2.70
2014.11.17 15:30:00.211,0.83966,0.83987,1.12,6.37
2014.11.17 15:30:00.362,0.83964,0.83986,1.10,1.15
2014.11.17 15:30:01.132,0.83963,0.83986,1.17,2.40
2014.11.17 15:30:01.285,0.83964,0.83987,3.07,1.10
2014.11.17 15:30:01.386,0.83967,0.8399,1.15,1.65
2014.11.17 15:30:01.549,0.83967,0.8399,1.15,1.65
2014.11.17 15:30:02.446,0.83966,0.83988,4.95,1.10
2014.11.17 15:30:02.497,0.83966,0.8399,3.45,1.10
2014.11.17 15:30:02.547,0.83969,0.8399,2.32,1.00
2014.11.17 15:30:02.598,0.83971,0.83994,1.15,1.15
2014.11.17 15:30:03.151,0.83972,0.8399,1.17,1.00
2014.11.17 15:30:03.924,0.83972,0.83991,1.17,1.00
2014.11.17 15:30:04.376,0.83971,0.83994,2.70,1.27
2014.11.17 15:30:04.527,0.83974,0.83995,1.37,1.57
2014.11.17 15:30:05.034,0.83975,0.83997,1.00,1.52
2014.11.17 15:30:05.573,0.83974,0.83995,1.12,1.27
2014.11.17 15:30:05.813,0.83974,0.83995,1.37,1.27
2014.11.17 15:30:06.118,0.83975,0.83997,1.12,1.52
2014.11.17 15:30:06.381,0.83973,0.83995,1.57,1.27
2014.11.17 15:30:07.209,0.83973,0.83998,1.57,1.52
2014.11.17 15:30:07.364,0.83973,0.83996,1.57,2.70
2014.11.17 15:30:07.878,0.83971,0.83994,1.55,1.55
2014.11.17 15:30:08.388,0.83971,0.83994,1.55,1.27
2014.11.17 15:30:08.592,0.83971,0.83994,1.55,1.55
2014.11.17 15:30:08.693,0.83971,0.83993,2.70,2.62
2014.11.17 15:30:09.046,0.83968,0.83992,2.70,1.52
2014.11.17 15:30:09.613,0.83969,0.83992,1.95,1.52
2014.11.17 15:30:10.154,0.83973,0.83993,1.00,2.70
2014.11.17 15:30:10.254,0.83973,0.83995,1.07,5.32
2014.11.17 15:30:10.456,0.83972,0.8399,1.10,1.00
2014.11.17 15:30:10.862,0.8397,0.8399,1.10,1.17
2014.11.17 15:30:11.366,0.83968,0.83992,2.77,2.32
2014.11.17 15:30:11.916,0.83968,0.83992,1.20,2.32
2014.11.17 15:30:12.033,0.83968,0.83992,1.47,2.70
2014.11.17 15:30:12.653,0.83968,0.83992,1.47,2.70
2014.11.17 15:30:13.051,0.83967,0.83992,1.82,3.45
2014.11.17 15:30:13.203,0.83969,0.83992,3.15,1.27
2014.11.17 15:30:13.758,0.83969,0.83993,1.15,2.40
2014.11.17 15:30:14.466,0.83969,0.83993,1.52,2.77
2014.11.17 15:30:15.629,0.83969,0.83992,1.65,1.65
2014.11.17 15:30:15.780,0.8397,0.83993,1.65,1.10
2014.11.17 15:30:16.284,0.83974,0.83996,1.37,2.32
2014.11.17 15:30:16.385,0.83975,0.83997,1.20,1.65
2014.11.17 15:30:17.264,0.83975,0.83998,1.47,2.77
2014.11.17 15:30:17.775,0.83975,0.83998,1.20,1.65
2014.11.17 15:30:17.978,0.83971,0.83994,1.47,1.52
2014.11.17 15:30:18.079,0.83971,0.83994,1.15,1.17
2014.11.17 15:30:18.231,0.83975,0.83997,1.00,2.32
2014.11.17 15:30:18.281,0.83975,0.83998,1.47,2.40
2014.11.17 15:30:19.418,0.83975,0.83997,1.37,2.02
2014.11.17 15:30:19.572,0.83975,0.83997,1.12,2.02
2014.11.17 15:30:20.644,0.83975,0.83995,1.12,2.02
2014.11.17 15:30:20.846,0.83973,0.83995,1.12,4.95
2014.11.17 15:30:21.198,0.83971,0.83993,1.37,2.70
2014.11.17 15:30:21.400,0.83971,0.83993,1.00,2.32
2014.11.17 15:30:23.102,0.83971,0.83992,1.37,2.02
2014.11.17 15:30:23.996,0.83971,0.83992,1.37,2.02
2014.11.17 15:30:25.501,0.83971,0.83992,1.37,1.65
2014.11.17 15:30:25.602,0.83971,0.83994,1.57,1.27
2014.11.17 15:30:25.703,0.83972,0.83995,1.65,1.20
2014.11.17 15:30:26.021,0.83974,0.83995,1.10,1.15
2014.11.17 15:30:26.569,0.83975,0.83995,1.00,2.40
2014.11.17 15:30:28.201,0.83971,0.83994,1.52,1.55
2014.11.17 15:30:28.711,0.83968,0.83993,3.82,1.27
2014.11.17 15:30:29.661,0.8397,0.83994,1.52,2.02
2014.11.17 15:30:29.812,0.83969,0.83991,1.47,1.27
2014.11.17 15:30:31.645,0.83968,0.83986,1.55,1.00
2014.11.17 15:30:32.050,0.83968,0.83986,1.50,1.00
2014.11.17 15:30:32.302,0.83968,0.8399,1.50,1.15
2014.11.17 15:30:32.607,0.83968,0.83985,1.37,1.00
2014.11.17 15:30:32.708,0.83968,0.83985,1.37,1.00
2014.11.17 15:30:32.859,0.83968,0.8399,1.37,2.02
2014.11.17 15:30:33.400,0.83968,0.8399,1.37,1.65
2014.11.17 15:30:35.170,0.83968,0.8399,1.37,2.02
2014.11.17 15:30:35.621,0.83968,0.8399,1.57,1.20
2014.11.17 15:30:36.204,0.8397,0.8399,1.37,1.27
2014.11.17 15:30:37.378,0.83969,0.8399,1.47,1.17
2014.11.17 15:30:37.700,0.83971,0.8399,1.45,1.00
2014.11.17 15:30:38.117,0.83971,0.8399,1.45,1.00
2014.11.17 15:30:38.332,0.8397,0.8399,1.00,1.10
2014.11.17 15:30:39.885,0.8397,0.8399,1.37,1.20
2014.11.17 15:30:41.914,0.8397,0.83992,1.37,2.02
2014.11.17 15:30:42.608,0.8397,0.83993,1.37,2.77
2014.11.17 15:30:43.211,0.8397,0.8399,1.55,1.10
2014.11.17 15:30:43.309,0.8397,0.8399,1.45,1.20
2014.11.17 15:30:43.716,0.83969,0.8399,1.47,1.17
2014.11.17 15:30:44.267,0.83969,0.83992,1.47,1.52
2014.11.17 15:30:44.800,0.83969,0.8399,1.52,1.20
2014.11.17 15:30:45.115,0.83969,0.8399,1.47,1.55
2014.11.17 15:30:47.050,0.83969,0.8399,1.47,1.27
2014.11.17 15:30:47.579,0.8397,0.8399,1.27,1.20
2014.11.17 15:30:47.959,0.83969,0.8399,1.52,1.47
2014.11.17 15:30:48.537,0.83969,0.8399,1.37,1.52
2014.11.17 15:30:48.856,0.83969,0.8399,1.37,3.45
2014.11.17 15:30:53.329,0.83968,0.8399,1.37,3.45
2014.11.17 15:30:53.710,0.83968,0.8399,1.37,4.20
2014.11.17 15:30:54.259,0.83968,0.8399,1.37,4.20
2014.11.17 15:30:54.791,0.83968,0.8399,1.37,3.82
2014.11.17 15:30:56.305,0.83968,0.8399,1.37,4.20
2014.11.17 15:30:59.328,0.83967,0.83989,1.85,1.15
2014.11.17 15:30:59.613,0.83967,0.83989,1.47,1.27
2014.11.17 15:31:00.462,0.83967,0.83989,2.70,1.27
2014.11.17 15:31:00.875,0.83967,0.83989,1.47,1.52
2014.11.17 15:31:02.499,0.83967,0.83989,1.45,1.27
2014.11.17 15:31:03.003,0.83967,0.83989,1.65,1.17
2014.11.17 15:31:04.171,0.83967,0.83989,1.92,1.17
2014.11.17 15:31:04.669,0.83967,0.83989,2.77,1.27
2014.11.17 15:31:05.199,0.83967,0.83989,3.15,1.17
2014.11.17 15:31:06.169,0.83967,0.83989,2.77,1.27
2014.11.17 15:31:08.699,0.83966,0.83988,2.70,1.45
2014.11.17 15:31:08.840,0.83964,0.83987,1.57,3.37
2014.11.17 15:31:08.891,0.83964,0.83985,1.37,1.15
2014.11.17 15:31:08.992,0.83964,0.83985,1.37,3.45
2014.11.17 15:31:10.102,0.83962,0.83985,1.20,3.82
2014.11.17 15:31:10.664,0.83962,0.83985,1.57,4.20
2014.11.17 15:31:11.171,0.83962,0.83985,1.90,1.65
2014.11.17 15:31:11.372,0.83964,0.83985,3.15,1.00
2014.11.17 15:31:11.877,0.83963,0.83985,1.90,1.00
2014.11.17 15:31:12.198,0.83961,0.83984,1.65,1.20
2014.11.17 15:31:12.749,0.83961,0.83984,3.15,1.10
2014.11.17 15:31:13.974,0.83961,0.83984,3.15,1.20
2014.11.17 15:31:15.309,0.83962,0.83984,2.02,1.47
2014.11.17 15:31:15.636,0.83962,0.83981,2.02,1.00
2014.11.17 15:31:15.787,0.83961,0.83984,2.77,1.45
2014.11.17 15:31:15.888,0.83961,0.83982,1.37,2.62
2014.11.17 15:31:16.433,0.83959,0.83982,1.87,2.70
2014.11.17 15:31:18.898,0.83958,0.83983,3.15,1.52
2014.11.17 15:31:19.087,0.83958,0.83983,2.77,1.52
2014.11.17 15:31:19.688,0.83958,0.83983,2.77,1.52
2014.11.17 15:31:20.397,0.83958,0.83983,2.77,1.52
2014.11.17 15:31:21.933,0.83958,0.83983,1.52,1.52
2014.11.17 15:31:22.450,0.83958,0.8398,1.52,1.37
2014.11.17 15:31:22.702,0.83958,0.8398,1.45,1.55
2014.11.17 15:31:27.804,0.83957,0.8398,1.55,2.02
2014.11.17 15:31:31.510,0.83957,0.8398,1.55,2.02
2014.11.17 15:31:32.058,0.83959,0.8398,1.47,1.55
2014.11.17 15:31:33.753,0.83959,0.8398,1.10,1.55
2014.11.17 15:31:34.285,0.83956,0.83979,1.37,1.52
2014.11.17 15:31:34.386,0.83956,0.8398,1.52,1.52
2014.11.17 15:31:34.436,0.83957,0.8398,3.07,1.10
2014.11.17 15:31:34.738,0.83958,0.8398,1.10,1.65
2014.11.17 15:31:34.839,0.83958,0.83979,1.00,2.32
2014.11.17 15:31:34.890,0.83955,0.83975,1.17,1.10
2014.11.17 15:31:34.991,0.83953,0.83975,1.20,1.10
2014.11.17 15:31:35.343,0.83954,0.83975,1.00,1.15
2014.11.17 15:31:35.786,0.83951,0.83974,1.37,3.07
2014.11.17 15:31:36.653,0.83951,0.83974,1.37,3.45
2014.11.17 15:31:36.968,0.8395,0.83972,1.37,2.32
2014.11.17 15:31:37.435,0.8395,0.83973,1.55,1.27
2014.11.17 15:31:37.966,0.8395,0.83973,1.55,1.52
2014.11.17 15:31:39.348,0.83951,0.83974,1.47,1.52
2014.11.17 15:31:40.655,0.83949,0.83972,1.52,1.27
2014.11.17 15:31:43.647,0.83949,0.83972,1.65,1.27
2014.11.17 15:31:44.349,0.83949,0.83972,1.90,1.17
2014.11.17 15:31:44.597,0.83949,0.83972,1.15,1.17
2014.11.17 15:31:45.458,0.83949,0.83972,1.52,1.17
2014.11.17 15:31:45.971,0.83948,0.8397,2.02,1.45
2014.11.17 15:31:46.274,0.83947,0.8397,1.07,3.82
2014.11.17 15:31:46.324,0.83948,0.8397,1.17,1.15
2014.11.17 15:31:46.526,0.83946,0.8397,1.27,1.15
2014.11.17 15:31:46.851,0.83946,0.8397,1.27,1.65
2014.11.17 15:31:47.360,0.83946,0.8397,2.77,1.57
2014.11.17 15:31:47.762,0.83946,0.8397,1.27,1.57
2014.11.17 15:31:47.863,0.83946,0.8397,1.27,1.65
2014.11.17 15:31:48.386,0.83946,0.8397,1.52,1.57
2014.11.17 15:31:48.952,0.83946,0.8397,3.15,2.02
2014.11.17 15:31:49.300,0.83945,0.83967,2.40,1.10
2014.11.17 15:31:49.930,0.83946,0.83969,1.52,1.52
2014.11.17 15:31:50.232,0.83944,0.83967,5.32,1.10
2014.11.17 15:31:50.772,0.83945,0.83968,3.15,1.17
2014.11.17 15:31:51.300,0.83945,0.83968,2.77,1.27
2014.11.17 15:31:51.602,0.83946,0.83969,1.55,3.45
2014.11.17 15:31:52.317,0.83944,0.83967,1.90,1.15
2014.11.17 15:31:52.544,0.83946,0.83969,1.65,1.15
2014.11.17 15:31:52.850,0.83947,0.83969,1.57,1.27
2014.11.17 15:31:53.103,0.83945,0.83967,1.65,1.07
2014.11.17 15:31:53.647,0.83946,0.83969,1.10,1.15
2014.11.17 15:31:53.954,0.83946,0.83969,1.47,1.52
2014.11.17 15:31:58.166,0.83945,0.83965,1.95,1.00
2014.11.17 15:31:58.267,0.83944,0.83965,2.77,1.37
2014.11.17 15:31:58.419,0.83942,0.83965,2.77,2.02
2014.11.17 15:31:58.944,0.8394,0.83962,1.52,1.10
2014.11.17 15:32:00.787,0.8394,0.83962,1.52,1.20
2014.11.17 15:32:01.317,0.8394,0.83962,2.77,1.47
2014.11.17 15:32:01.866,0.83939,0.83963,2.02,1.55
2014.11.17 15:32:03.271,0.83938,0.83963,4.95,1.55
2014.11.17 15:32:04.022,0.83938,0.83963,2.77,1.52
2014.11.17 15:32:05.479,0.83938,0.83963,2.77,1.52
2014.11.17 15:32:06.286,0.83938,0.83963,1.52,1.52
2014.11.17 15:32:06.588,0.83945,0.83963,2.02,1.00
2014.11.17 15:32:06.639,0.83946,0.83966,1.12,1.57
2014.11.17 15:32:07.093,0.83947,0.83969,1.10,1.15
2014.11.17 15:32:07.295,0.83948,0.8397,1.15,1.65
2014.11.17 15:32:08.004,0.83949,0.8397,1.00,1.52
2014.11.17 15:32:08.897,0.83949,0.83969,1.00,2.70
2014.11.17 15:32:09.200,0.83944,0.83965,1.12,1.27
2014.11.17 15:32:12.329,0.83944,0.83966,1.37,2.02
2014.11.17 15:32:12.631,0.83946,0.83966,1.87,1.20
2014.11.17 15:32:12.682,0.83947,0.83969,1.37,1.27
2014.11.17 15:32:12.733,0.83947,0.83969,2.62,1.27
2014.11.17 15:32:12.884,0.83947,0.8397,1.87,1.15
2014.11.17 15:32:12.985,0.83949,0.83971,1.50,1.15
2014.11.17 15:32:13.410,0.83951,0.83972,1.50,3.07
2014.11.17 15:32:13.460,0.83951,0.83972,1.50,1.15
2014.11.17 15:32:14.186,0.83951,0.83972,1.87,1.15
2014.11.17 15:32:14.577,0.83951,0.83972,1.87,1.52
2014.11.17 15:32:15.087,0.8395,0.83973,1.15,1.17
2014.11.17 15:32:15.505,0.83949,0.83972,1.07,1.07
2014.11.17 15:32:15.555,0.83949,0.83972,1.00,1.15
2014.11.17 15:32:15.707,0.83949,0.83971,2.32,1.20
2014.11.17 15:32:16.798,0.83952,0.83972,1.50,1.07
2014.11.17 15:32:17.121,0.83951,0.83973,1.50,2.32
2014.11.17 15:32:17.222,0.8395,0.83971,1.55,1.00
2014.11.17 15:32:17.725,0.8395,0.83974,2.02,1.17
2014.11.17 15:32:18.127,0.83951,0.83974,2.02,1.17
2014.11.17 15:32:18.682,0.83952,0.83974,2.40,1.17
2014.11.17 15:32:18.833,0.83954,0.83976,1.52,1.10
2014.11.17 15:32:19.136,0.83954,0.83976,1.47,1.15
2014.11.17 15:32:19.422,0.83954,0.83976,1.47,1.52
2014.11.17 15:32:20.246,0.83954,0.83976,1.47,1.65
2014.11.17 15:32:22.406,0.83954,0.83976,1.47,1.52
2014.11.17 15:32:23.313,0.83955,0.83977,1.12,1.27
2014.11.17 15:32:23.826,0.83955,0.83977,1.37,1.52
2014.11.17 15:32:24.540,0.83955,0.83977,1.12,1.52
2014.11.17 15:32:25.054,0.83952,0.83975,2.77,2.02
2014.11.17 15:32:25.943,0.83952,0.83974,2.02,1.45
2014.11.17 15:32:26.460,0.83951,0.83974,2.77,1.52
2014.11.17 15:32:27.337,0.83953,0.83975,1.37,1.52
2014.11.17 15:32:27.438,0.83953,0.83976,1.57,2.02
2014.11.17 15:32:27.740,0.83955,0.83975,1.00,1.57
2014.11.17 15:32:27.841,0.83952,0.83975,2.77,1.57
2014.11.17 15:32:28.353,0.83952,0.83975,2.77,2.02
2014.11.17 15:32:29.167,0.83954,0.83976,1.47,1.52
2014.11.17 15:32:29.469,0.83952,0.83974,3.07,1.00
2014.11.17 15:32:29.972,0.83953,0.83975,2.02,1.17
2014.11.17 15:32:30.023,0.83952,0.83975,1.52,1.15
2014.11.17 15:32:30.174,0.83952,0.83975,2.77,1.07
2014.11.17 15:32:30.476,0.83956,0.83979,1.10,1.15
2014.11.17 15:32:31.576,0.83956,0.83979,1.47,1.52
2014.11.17 15:32:32.745,0.83956,0.83979,1.20,1.52
2014.11.17 15:32:32.947,0.83956,0.83979,1.47,1.52
2014.11.17 15:32:33.184,0.83956,0.83979,1.20,1.52
2014.11.17 15:32:33.992,0.83956,0.83979,2.70,1.52
2014.11.17 15:32:34.093,0.83958,0.83979,2.02,1.10
2014.11.17 15:32:34.194,0.83959,0.83981,1.00,1.65
2014.11.17 15:32:34.244,0.83957,0.83978,2.02,1.45
2014.11.17 15:32:34.496,0.83954,0.83976,1.17,1.17
2014.11.17 15:32:34.919,0.83952,0.83974,1.65,1.07
2014.11.17 15:32:35.452,0.83951,0.83974,2.77,1.17
2014.11.17 15:32:35.754,0.83952,0.83973,1.95,1.07
2014.11.17 15:32:35.805,0.83952,0.83973,2.02,1.00
2014.11.17 15:32:36.006,0.83954,0.83976,1.27,1.07
2014.11.17 15:32:36.515,0.83955,0.83976,1.15,1.00
2014.11.17 15:32:36.993,0.83954,0.83976,3.90,1.00
2014.11.17 15:32:37.505,0.83957,0.8398,2.40,1.15
2014.11.17 15:32:39.201,0.83957,0.8398,2.77,1.52
2014.11.17 15:32:39.433,0.83957,0.8398,2.77,1.45
2014.11.17 15:32:39.735,0.83956,0.83979,1.52,1.27
2014.11.17 15:32:40.258,0.83955,0.83979,1.65,1.27
2014.11.17 15:32:40.805,0.83955,0.83979,1.52,1.17
2014.11.17 15:32:41.820,0.83955,0.83979,1.65,1.17
2014.11.17 15:32:41.971,0.83954,0.83979,2.77,1.15
2014.11.17 15:32:42.273,0.83951,0.83975,1.95,1.15
2014.11.17 15:32:42.425,0.8395,0.83974,1.57,2.32
2014.11.17 15:32:42.957,0.83947,0.83969,1.95,1.15
2014.11.17 15:32:43.467,0.83946,0.83969,1.55,1.15
2014.11.17 15:32:43.974,0.83946,0.83969,1.55,1.52
2014.11.17 15:32:44.616,0.83946,0.83969,1.55,1.27
2014.11.17 15:32:45.118,0.83946,0.83968,2.02,1.17
2014.11.17 15:32:45.619,0.83945,0.83966,2.02,1.00
2014.11.17 15:32:46.149,0.83945,0.83966,1.95,1.17
2014.11.17 15:32:46.923,0.83946,0.83966,1.87,1.55
2014.11.17 15:32:47.175,0.83943,0.83966,1.55,3.45
2014.11.17 15:32:47.657,0.83944,0.83965,1.95,1.27
2014.11.17 15:32:48.231,0.83943,0.83965,2.02,1.27
2014.11.17 15:32:49.829,0.83944,0.83965,2.02,1.17
2014.11.17 15:32:50.132,0.83944,0.83967,3.90,1.15
2014.11.17 15:32:52.536,0.83944,0.83967,3.15,1.15
2014.11.17 15:32:53.128,0.83945,0.83967,2.32,1.15
2014.11.17 15:32:54.856,0.83944,0.83967,3.15,1.17
2014.11.17 15:32:55.008,0.83948,0.8397,1.37,1.52
2014.11.17 15:32:55.159,0.83948,0.8397,1.12,3.45
2014.11.17 15:32:55.503,0.83945,0.83966,1.37,1.52
2014.11.17 15:32:56.074,0.83945,0.83969,2.02,3.45
2014.11.17 15:32:56.535,0.83946,0.83968,2.77,1.45
2014.11.17 15:32:56.586,0.83947,0.83969,1.52,1.27
2014.11.17 15:32:56.788,0.83946,0.83969,1.45,1.55
2014.11.17 15:32:57.190,0.83947,0.83971,2.77,1.52
2014.11.17 15:32:58.448,0.83947,0.83971,2.40,1.52
2014.11.17 15:32:58.751,0.83945,0.83964,1.00,1.37
2014.11.17 15:32:58.852,0.83942,0.83964,1.47,1.55
2014.11.17 15:32:59.356,0.8394,0.83962,2.32,1.10
2014.11.17 15:32:59.406,0.83945,0.83962,1.00,1.10
2014.11.17 15:32:59.916,0.83945,0.83964,1.00,1.17
2014.11.17 15:33:00.684,0.83942,0.83964,1.95,1.55
2014.11.17 15:33:01.174,0.8394,0.83964,2.32,1.27
2014.11.17 15:33:02.260,0.83941,0.83964,2.32,1.27
2014.11.17 15:33:02.791,0.83941,0.83964,2.32,1.27
2014.11.17 15:33:03.321,0.83942,0.83964,2.40,1.10
2014.11.17 15:33:04.311,0.83942,0.83964,2.02,1.10
2014.11.17 15:33:04.412,0.83942,0.83963,1.87,1.15
2014.11.17 15:33:04.714,0.8394,0.83959,2.02,1.00
2014.11.17 15:33:04.916,0.83941,0.83963,2.02,1.10
2014.11.17 15:33:05.067,0.83945,0.83965,1.07,1.07
2014.11.17 15:33:05.118,0.83947,0.83965,1.65,1.00
2014.11.17 15:33:05.219,0.83947,0.83968,1.65,1.00
2014.11.17 15:33:06.620,0.83946,0.83968,1.95,1.20
2014.11.17 15:33:06.721,0.83947,0.83969,1.37,2.70
2014.11.17 15:33:07.074,0.83942,0.83965,4.95,1.10
2014.11.17 15:33:07.376,0.83942,0.83965,5.32,1.10
2014.11.17 15:33:07.804,0.83944,0.83967,1.52,1.20
2014.11.17 15:33:10.015,0.83948,0.8397,1.37,2.02
2014.11.17 15:33:11.626,0.83948,0.8397,1.37,2.02
2014.11.17 15:33:11.785,0.83948,0.8397,2.62,2.02
2014.11.17 15:33:12.517,0.83948,0.83969,1.12,2.70
2014.11.17 15:33:12.618,0.83945,0.83965,1.10,1.07
2014.11.17 15:33:12.719,0.83947,0.83963,1.50,1.10
2014.11.17 15:33:12.820,0.83945,0.83963,1.57,1.00
2014.11.17 15:33:12.871,0.83945,0.83965,1.57,1.10
2014.11.17 15:33:12.921,0.83945,0.83965,1.50,1.07
2014.11.17 15:33:13.335,0.83943,0.83963,1.57,1.10
2014.11.17 15:33:13.891,0.83941,0.83963,1.52,1.20
2014.11.17 15:33:14.148,0.83939,0.83961,4.57,1.00
2014.11.17 15:33:14.450,0.8394,0.83961,1.95,1.17
2014.11.17 15:33:15.433,0.83939,0.83962,3.07,1.17
2014.11.17 15:33:15.974,0.83939,0.83962,3.15,1.10
2014.11.17 15:33:18.618,0.8394,0.83962,1.47,1.20
2014.11.17 15:33:18.769,0.8394,0.8396,1.47,1.00
2014.11.17 15:33:19.293,0.8394,0.8396,1.47,1.00
2014.11.17 15:33:20.705,0.8394,0.8396,1.47,1.00
2014.11.17 15:33:20.904,0.83939,0.83962,1.92,1.10
2014.11.17 15:33:22.218,0.83939,0.83962,2.77,1.10
2014.11.17 15:33:24.222,0.8394,0.83962,1.57,1.10
2014.11.17 15:33:24.777,0.8394,0.83962,1.47,1.10
2014.11.17 15:33:25.298,0.8394,0.83962,1.47,1.20
2014.11.17 15:33:25.827,0.8394,0.83962,1.87,1.15
2014.11.17 15:33:28.244,0.8394,0.83962,1.87,1.27
2014.11.17 15:33:29.363,0.8394,0.83962,1.87,1.15
2014.11.17 15:33:29.727,0.8394,0.83962,1.65,1.17
2014.11.17 15:33:31.459,0.8394,0.83962,3.52,1.17
2014.11.17 15:33:32.268,0.8394,0.83962,3.90,1.17
2014.11.17 15:33:32.827,0.8394,0.83962,2.02,1.17
2014.11.17 15:33:35.861,0.83939,0.83962,2.77,1.27
2014.11.17 15:33:35.962,0.8394,0.83962,1.95,1.27
2014.11.17 15:33:42.268,0.8394,0.83962,1.95,1.27
2014.11.17 15:33:42.970,0.8394,0.83962,1.95,1.15
2014.11.17 15:33:44.295,0.8394,0.83962,1.95,1.15
2014.11.17 15:33:44.686,0.83939,0.83962,2.77,1.52
2014.11.17 15:33:44.787,0.83939,0.83961,2.62,2.32
2014.11.17 15:33:44.989,0.8394,0.83962,2.40,1.17
2014.11.17 15:33:45.090,0.83942,0.83962,1.65,1.00
2014.11.17 15:33:45.392,0.8394,0.83962,1.65,1.15
2014.11.17 15:33:45.794,0.83945,0.83964,1.50,3.07
2014.11.17 15:33:45.903,0.83944,0.83964,1.50,1.17
2014.11.17 15:33:46.054,0.8394,0.83965,3.15,3.07
2014.11.17 15:33:46.356,0.83945,0.83964,1.00,3.07
2014.11.17 15:33:46.608,0.83946,0.83965,1.50,1.15
2014.11.17 15:33:46.709,0.83948,0.83968,1.50,2.70
2014.11.17 15:33:46.810,0.83948,0.8397,1.50,1.52
2014.11.17 15:33:47.321,0.83949,0.83969,1.00,1.15
2014.11.17 15:33:47.372,0.83944,0.83964,2.02,1.00
2014.11.17 15:33:47.678,0.83943,0.83962,1.95,1.00
2014.11.17 15:33:48.255,0.83945,0.83965,1.95,1.07
2014.11.17 15:33:48.306,0.83945,0.83965,2.02,1.00
2014.11.17 15:33:48.507,0.83945,0.83965,1.12,1.15
2014.11.17 15:33:49.744,0.83946,0.83965,1.50,1.15
2014.11.17 15:33:50.284,0.83945,0.83965,1.37,1.15
2014.11.17 15:33:51.398,0.83945,0.83965,2.25,1.52
2014.11.17 15:33:51.912,0.83942,0.83964,2.40,1.17
2014.11.17 15:33:52.437,0.83944,0.83962,1.47,1.00
2014.11.17 15:33:52.973,0.83945,0.83963,1.37,1.10
2014.11.17 15:33:53.497,0.83945,0.83963,1.37,1.17
2014.11.17 15:33:54.014,0.83945,0.83963,1.00,1.07
2014.11.17 15:33:54.165,0.83942,0.83963,2.02,1.00
2014.11.17 15:33:54.681,0.83942,0.83963,2.02,1.37
2014.11.17 15:33:56.336,0.83942,0.83962,2.02,1.00
2014.11.17 15:33:56.867,0.83942,0.83962,1.87,1.00
2014.11.17 15:34:00.465,0.83942,0.83962,1.87,1.00
2014.11.17 15:34:01.623,0.83942,0.83962,1.87,1.00
2014.11.17 15:34:02.144,0.83942,0.83962,1.87,1.12
2014.11.17 15:34:02.346,0.83938,0.83959,2.02,1.00
2014.11.17 15:34:03.129,0.83938,0.83959,2.02,1.10
2014.11.17 15:34:04.692,0.83941,0.83962,1.87,1.27
2014.11.17 15:34:04.843,0.83941,0.83962,2.02,1.10
2014.11.17 15:34:04.944,0.83941,0.83962,1.87,1.15
2014.11.17 15:34:05.486,0.8394,0.83963,2.32,1.15
2014.11.17 15:34:05.536,0.8394,0.83963,1.95,1.15
2014.11.17 15:34:06.044,0.8394,0.83963,2.77,1.27
2014.11.17 15:34:06.145,0.83941,0.83963,2.02,1.57
2014.11.17 15:34:06.693,0.83941,0.83963,2.02,1.57
2014.11.17 15:34:07.943,0.83941,0.83963,2.02,1.27
2014.11.17 15:34:11.764,0.83941,0.83963,2.02,1.27
2014.11.17 15:34:12.672,0.83941,0.83962,2.02,1.00
2014.11.17 15:34:13.755,0.83941,0.83962,2.02,1.00
2014.11.17 15:34:14.304,0.83941,0.83962,2.02,1.12
2014.11.17 15:34:14.817,0.83941,0.83962,2.02,1.00
2014.11.17 15:34:15.146,0.83941,0.83962,2.02,1.12
2014.11.17 15:34:18.498,0.83941,0.83962,2.02,1.00
2014.11.17 15:34:18.816,0.83945,0.83962,1.87,1.00
2014.11.17 15:34:18.867,0.83945,0.83966,2.77,1.37
2014.11.17 15:34:18.968,0.83945,0.83966,1.10,1.17
2014.11.17 15:34:19.069,0.83945,0.83966,1.00,3.07
2014.11.17 15:34:19.272,0.83941,0.83962,1.65,1.10
2014.11.17 15:34:19.373,0.83941,0.83962,1.57,1.15
2014.11.17 15:34:19.877,0.8394,0.83963,3.15,1.17
2014.11.17 15:34:19.927,0.83941,0.83963,1.65,1.20
2014.11.17 15:34:20.574,0.83941,0.83964,2.77,1.52
2014.11.17 15:34:20.910,0.83941,0.83964,2.77,1.52
2014.11.17 15:34:21.977,0.8394,0.83963,2.77,1.57
2014.11.17 15:34:22.684,0.8394,0.83963,2.77,1.57
2014.11.17 15:34:23.416,0.8394,0.83963,2.77,1.57
2014.11.17 15:34:29.113,0.8394,0.83963,2.40,1.65
2014.11.17 15:34:29.365,0.83937,0.8396,1.55,1.45
2014.11.17 15:34:29.415,0.8394,0.83961,1.00,3.45
2014.11.17 15:34:29.926,0.83945,0.83959,1.00,1.15
2014.11.17 15:34:30.147,0.83939,0.83959,1.00,1.15
2014.11.17 15:34:30.607,0.83936,0.83959,2.40,1.15
2014.11.17 15:34:30.708,0.83936,0.83959,1.65,1.17
2014.11.17 15:34:32.206,0.83937,0.83959,2.02,1.55
2014.11.17 15:34:32.709,0.83939,0.83961,1.95,1.52
2014.11.17 15:34:33.837,0.83937,0.83961,2.02,1.52
2014.11.17 15:34:34.340,0.83936,0.8396,2.02,4.20
2014.11.17 15:34:34.744,0.83936,0.83961,2.77,1.55
2014.11.17 15:34:35.346,0.83937,0.83962,2.40,1.15
2014.11.17 15:34:35.397,0.83937,0.83961,2.40,2.32
2014.11.17 15:34:35.915,0.83935,0.83957,2.02,1.20
2014.11.17 15:34:36.446,0.83934,0.83957,2.02,1.20
2014.11.17 15:34:36.968,0.83935,0.83957,1.45,1.07
2014.11.17 15:34:37.925,0.83935,0.83957,1.45,1.07
2014.11.17 15:34:40.273,0.83934,0.83957,3.90,1.20
2014.11.17 15:34:40.819,0.83935,0.83957,2.70,1.45
2014.11.17 15:34:41.433,0.83935,0.83957,2.70,1.45
2014.11.17 15:34:42.257,0.83935,0.83957,2.70,1.45
2014.11.17 15:34:42.765,0.83933,0.83955,1.55,1.07
2014.11.17 15:34:43.477,0.83935,0.83955,1.47,1.07
2014.11.17 15:34:45.134,0.83935,0.83955,1.47,1.07
2014.11.17 15:34:45.864,0.83935,0.83955,2.70,1.07
2014.11.17 15:34:45.915,0.83935,0.83957,2.70,1.15
2014.11.17 15:34:46.268,0.83937,0.8396,2.70,1.55
2014.11.17 15:34:46.369,0.83937,0.83958,1.95,1.10
2014.11.17 15:34:46.721,0.83936,0.83961,4.95,1.52
2014.11.17 15:34:47.225,0.83938,0.83961,2.02,1.52
2014.11.17 15:34:47.743,0.83937,0.83961,2.02,1.52
2014.11.17 15:34:48.253,0.83937,0.83961,2.02,1.57
2014.11.17 15:34:48.657,0.83939,0.83961,2.40,1.20
2014.11.17 15:34:49.060,0.83941,0.83962,2.40,1.17
2014.11.17 15:34:49.756,0.83941,0.83962,2.02,1.17
2014.11.17 15:34:50.286,0.83941,0.83962,2.02,1.17
2014.11.17 15:34:50.802,0.83942,0.83962,1.95,1.55
2014.11.17 15:34:51.306,0.83939,0.83961,2.77,1.20
2014.11.17 15:34:52.656,0.8394,0.83961,1.52,1.47
2014.11.17 15:34:53.176,0.83938,0.83961,2.02,1.55
2014.11.17 15:34:55.299,0.83939,0.83962,2.77,1.52
2014.11.17 15:34:56.096,0.83939,0.83962,1.55,1.52
2014.11.17 15:34:56.398,0.83939,0.8396,1.50,1.15
2014.11.17 15:34:56.700,0.83935,0.83957,1.65,1.17
2014.11.17 15:34:56.801,0.83938,0.83959,1.57,1.07
2014.11.17 15:34:56.902,0.83938,0.83959,1.65,1.10
2014.11.17 15:34:57.417,0.83939,0.8396,2.02,1.55
2014.11.17 15:34:58.275,0.83939,0.8396,1.65,1.55
2014.11.17 15:34:58.735,0.83938,0.8396,2.02,1.55
2014.11.17 15:34:58.836,0.83936,0.8396,2.02,3.45
2014.11.17 15:34:59.087,0.83935,0.83958,1.45,3.45
2014.11.17 15:34:59.239,0.83935,0.83958,1.57,1.52
2014.11.17 15:35:00.492,0.83936,0.83959,2.62,1.52
2014.11.17 15:35:00.998,0.83936,0.83958,1.87,1.52
2014.11.17 15:35:01.201,0.83936,0.83959,2.77,1.52
2014.11.17 15:35:02.935,0.83937,0.83959,1.95,1.52
2014.11.17 15:35:03.287,0.83935,0.83958,3.52,1.55
2014.11.17 15:35:03.613,0.83935,0.83954,1.00,1.57
2014.11.17 15:35:04.133,0.8393,0.83953,3.52,1.37
2014.11.17 15:35:04.543,0.8393,0.83953,3.52,1.37
2014.11.17 15:35:07.109,0.83931,0.83955,1.27,1.65
2014.11.17 15:35:07.613,0.83929,0.83952,1.27,1.55
2014.11.17 15:35:11.145,0.83929,0.83952,1.27,1.55
2014.11.17 15:35:11.346,0.83929,0.83952,1.20,3.45
2014.11.17 15:35:11.879,0.83926,0.83948,1.45,1.45
2014.11.17 15:35:14.764,0.83927,0.83952,2.77,1.90
2014.11.17 15:35:15.416,0.83927,0.83949,1.10,1.52
2014.11.17 15:35:16.432,0.83925,0.83948,2.77,1.52
2014.11.17 15:35:16.938,0.83925,0.83946,2.32,1.17
2014.11.17 15:35:17.838,0.83925,0.83947,1.47,1.52
2014.11.17 15:35:18.439,0.83925,0.83947,1.47,1.52
2014.11.17 15:35:18.946,0.83924,0.83947,1.55,1.52
2014.11.17 15:35:19.241,0.83924,0.83947,1.27,1.52
2014.11.17 15:35:21.646,0.83923,0.83946,1.52,1.55
2014.11.17 15:35:22.151,0.83923,0.83946,1.52,1.55
2014.11.17 15:35:26.591,0.83923,0.83946,2.77,1.55
2014.11.17 15:35:27.111,0.83923,0.83945,2.02,1.47
2014.11.17 15:35:28.395,0.83921,0.83943,4.20,1.37
2014.11.17 15:35:28.445,0.8392,0.83943,1.45,1.52
2014.11.17 15:35:28.546,0.8392,0.83939,1.12,1.20
2014.11.17 15:35:28.647,0.83916,0.83939,1.55,1.27
2014.11.17 15:35:28.849,0.83916,0.83939,1.17,1.15
2014.11.17 15:35:29.060,0.83915,0.83939,3.07,2.32
2014.11.17 15:35:29.161,0.83918,0.83941,1.15,2.40
2014.11.17 15:35:29.840,0.83918,0.83941,1.10,1.15
2014.11.17 15:35:30.595,0.83917,0.8394,1.55,2.77
2014.11.17 15:35:31.119,0.83919,0.83941,1.57,1.52
2014.11.17 15:35:31.805,0.83919,0.83941,1.27,1.52
2014.11.17 15:35:35.180,0.83918,0.83941,1.52,1.52
2014.11.17 15:35:36.806,0.83918,0.83941,1.52,1.52
2014.11.17 15:35:37.338,0.8392,0.8394,1.00,1.55
2014.11.17 15:35:37.915,0.8392,0.8394,1.00,1.55
2014.11.17 15:35:38.793,0.8392,0.83939,1.00,1.45
2014.11.17 15:35:39.304,0.8392,0.83939,1.00,1.45
2014.11.17 15:35:39.841,0.8392,0.83941,1.12,2.02
2014.11.17 15:35:40.151,0.8392,0.83942,4.20,1.12
2014.11.17 15:35:40.302,0.83924,0.83946,1.57,1.15
2014.11.17 15:35:41.196,0.83923,0.83946,2.02,1.52
2014.11.17 15:35:42.415,0.83922,0.83946,2.02,1.52
2014.11.17 15:35:42.922,0.83925,0.83946,1.12,1.52
2014.11.17 15:35:44.416,0.83925,0.83946,1.00,1.52
2014.11.17 15:35:44.938,0.83925,0.83946,1.12,1.52
2014.11.17 15:35:45.782,0.83923,0.83946,2.02,1.52
2014.11.17 15:35:49.317,0.83924,0.83946,1.95,1.52
2014.11.17 15:35:49.891,0.83924,0.83946,1.95,1.52
2014.11.17 15:35:50.432,0.83924,0.83946,1.95,1.52
2014.11.17 15:35:52.021,0.83924,0.83946,1.95,1.52
2014.11.17 15:35:52.121,0.83924,0.83946,1.95,1.52
2014.11.17 15:35:52.222,0.83924,0.83946,1.95,1.52
2014.11.17 15:35:52.803,0.83923,0.83946,1.95,3.82
2014.11.17 15:35:53.242,0.83924,0.83946,1.87,3.45
2014.11.17 15:35:53.594,0.83925,0.83947,1.87,1.52
2014.11.17 15:35:54.534,0.83925,0.83947,2.62,1.52
2014.11.17 15:35:55.075,0.83925,0.83947,1.87,1.52
2014.11.17 15:35:57.474,0.83923,0.83947,2.02,1.52
2014.11.17 15:35:58.260,0.83923,0.83947,2.02,1.52
2014.11.17 15:35:58.655,0.83922,0.83945,2.70,3.45
2014.11.17 15:35:59.058,0.83921,0.83942,2.02,1.55
2014.11.17 15:35:59.646,0.83922,0.83944,1.95,1.52
2014.11.17 15:36:00.158,0.83922,0.83944,2.02,1.57
2014.11.17 15:36:02.174,0.83922,0.83944,2.02,1.57
2014.11.17 15:36:02.693,0.83923,0.83944,2.02,1.57
2014.11.17 15:36:03.292,0.83921,0.83944,2.77,1.57
2014.11.17 15:36:03.838,0.83921,0.83942,1.95,1.55
2014.11.17 15:36:04.948,0.83921,0.83944,2.02,1.55
2014.11.17 15:36:06.314,0.83922,0.83946,2.02,1.52
2014.11.17 15:36:08.675,0.83922,0.83946,2.02,1.52
2014.11.17 15:36:09.316,0.83922,0.83946,1.65,1.15
2014.11.17 15:36:09.771,0.83923,0.83945,1.50,2.32
2014.11.17 15:36:09.822,0.83921,0.83945,1.10,3.82
2014.11.17 15:36:09.873,0.83921,0.83943,1.00,2.32
2014.11.17 15:36:09.974,0.83919,0.83941,2.77,1.10
2014.11.17 15:36:11.059,0.83921,0.83941,1.65,1.00
2014.11.17 15:36:12.236,0.8392,0.83941,2.02,1.00
2014.11.17 15:36:12.388,0.83922,0.83945,1.57,1.27
2014.11.17 15:36:12.891,0.83922,0.83945,2.77,1.52
2014.11.17 15:36:12.942,0.83922,0.83945,2.77,1.52
2014.11.17 15:36:14.054,0.8393,0.83947,1.00,2.40
2014.11.17 15:36:14.256,0.83926,0.83945,1.00,5.62
2014.11.17 15:36:14.700,0.83929,0.83946,1.00,2.40
2014.11.17 15:36:14.751,0.83929,0.83946,1.00,1.65
2014.11.17 15:36:15.274,0.83929,0.83947,1.00,2.02
2014.11.17 15:36:15.375,0.83931,0.83947,1.00,2.02
2014.11.17 15:36:15.878,0.8393,0.83947,1.00,2.70
2014.11.17 15:36:16.664,0.83932,0.83948,1.00,2.70
2014.11.17 15:36:17.299,0.83932,0.83949,1.00,4.20
2014.11.17 15:36:17.686,0.83932,0.83948,1.00,3.07
2014.11.17 15:36:17.787,0.83929,0.83948,1.00,3.07
2014.11.17 15:36:17.988,0.83929,0.83948,1.00,2.70
2014.11.17 15:36:18.620,0.8393,0.83948,1.00,4.20
2014.11.17 15:36:19.661,0.83931,0.83948,1.00,4.20
2014.11.17 15:36:19.844,0.83927,0.83948,1.00,2.70
2014.11.17 15:36:20.363,0.83925,0.83948,1.37,2.70
2014.11.17 15:36:21.669,0.83925,0.83949,1.47,2.02
2014.11.17 15:36:21.720,0.83926,0.83949,1.00,3.15
2014.11.17 15:36:22.022,0.83925,0.83944,1.00,2.32
2014.11.17 15:36:22.073,0.83921,0.83943,1.10,1.15
2014.11.17 15:36:22.513,0.83922,0.83942,1.00,3.82
2014.11.17 15:36:22.614,0.8392,0.83942,1.00,2.32
2014.11.17 15:36:23.067,0.83922,0.83942,1.00,2.32
2014.11.17 15:36:23.369,0.8392,0.83942,1.00,2.32
2014.11.17 15:36:23.902,0.8392,0.83942,1.37,2.70
2014.11.17 15:36:24.234,0.83921,0.83945,1.47,5.70
2014.11.17 15:36:24.706,0.83921,0.83945,2.32,4.57
2014.11.17 15:36:25.229,0.83921,0.83945,1.20,4.57
2014.11.17 15:36:25.750,0.83921,0.83945,2.70,4.20
2014.11.17 15:36:28.433,0.83921,0.83945,1.10,6.07
2014.11.17 15:36:32.242,0.83921,0.83945,2.70,4.20
2014.11.17 15:36:32.544,0.83921,0.8394,1.12,1.57
2014.11.17 15:36:33.644,0.83921,0.8394,1.10,1.37
2014.11.17 15:36:34.449,0.83921,0.83941,2.70,1.47
2014.11.17 15:36:37.090,0.83922,0.83941,1.50,1.47
2014.11.17 15:36:37.140,0.83922,0.83941,1.50,1.20
2014.11.17 15:36:37.443,0.83923,0.83945,1.87,4.20
2014.11.17 15:36:37.646,0.83924,0.83945,1.37,1.27
2014.11.17 15:36:37.747,0.83924,0.83945,1.57,1.20
2014.11.17 15:36:38.233,0.83928,0.8395,1.12,3.45
2014.11.17 15:36:39.633,0.83927,0.83949,2.02,1.45
2014.11.17 15:36:40.835,0.83927,0.83949,1.10,1.65
2014.11.17 15:36:41.037,0.83924,0.83946,2.62,2.02
2014.11.17 15:36:41.440,0.83924,0.83945,2.40,1.10
2014.11.17 15:36:41.541,0.83924,0.83945,1.00,1.20
2014.11.17 15:36:42.068,0.83922,0.83944,2.40,1.00
2014.11.17 15:36:42.429,0.83922,0.83944,2.77,1.12
2014.11.17 15:36:43.156,0.83927,0.83945,1.57,1.47
2014.11.17 15:36:43.464,0.83929,0.83945,1.10,1.12
2014.11.17 15:36:43.817,0.83927,0.83945,1.00,1.45
2014.11.17 15:36:44.320,0.83927,0.83945,1.12,1.12
2014.11.17 15:36:44.668,0.83929,0.83946,1.50,1.37
2014.11.17 15:36:44.920,0.83925,0.83945,2.77,1.12
2014.11.17 15:36:45.423,0.83926,0.83945,1.52,1.12
2014.11.17 15:36:46.162,0.83927,0.83945,1.87,1.12
2014.11.17 15:36:46.970,0.83926,0.83945,1.20,1.37
2014.11.17 15:36:47.172,0.83927,0.83945,1.87,1.17
2014.11.17 15:36:47.273,0.83926,0.83946,2.02,1.12
2014.11.17 15:36:47.802,0.83928,0.83945,2.02,1.00
2014.11.17 15:36:48.342,0.83928,0.83946,2.02,1.12
2014.11.17 15:36:48.864,0.83928,0.83946,1.65,1.37
2014.11.17 15:36:49.399,0.83928,0.83945,1.65,1.37
2014.11.17 15:36:49.913,0.83929,0.83945,1.50,1.12
2014.11.17 15:36:52.061,0.83929,0.83945,1.50,1.37
2014.11.17 15:36:52.562,0.83928,0.83945,1.65,1.37
2014.11.17 15:36:52.713,0.83925,0.83946,1.17,1.75
2014.11.17 15:36:52.764,0.83925,0.83946,1.00,1.90
2014.11.17 15:36:53.021,0.83924,0.83944,1.50,1.37
2014.11.17 15:36:53.570,0.83925,0.83945,1.87,1.57
2014.11.17 15:36:54.737,0.83924,0.83945,1.95,1.47
2014.11.17 15:36:55.275,0.83926,0.83945,1.65,1.37
2014.11.17 15:36:55.958,0.83926,0.83945,1.87,1.55
2014.11.17 15:36:56.618,0.83926,0.83945,2.02,1.37
2014.11.17 15:36:57.692,0.83926,0.83945,1.65,1.37
2014.11.17 15:37:00.210,0.83926,0.83945,1.50,1.47
2014.11.17 15:37:00.678,0.83927,0.83946,1.27,1.37
2014.11.17 15:37:00.982,0.83933,0.83955,1.50,4.57
2014.11.17 15:37:01.498,0.83932,0.83955,2.70,4.20
2014.11.17 15:37:02.054,0.83932,0.83955,1.55,2.02
2014.11.17 15:37:02.723,0.83932,0.83955,1.55,1.52
2014.11.17 15:37:03.272,0.83936,0.83956,1.50,1.37
2014.11.17 15:37:03.821,0.83935,0.83955,1.95,1.55
2014.11.17 15:37:05.417,0.83934,0.83955,1.57,2.02
2014.11.17 15:37:05.979,0.83933,0.83955,1.87,2.02
2014.11.17 15:37:07.417,0.83933,0.83955,1.87,2.02
2014.11.17 15:37:07.852,0.83937,0.83955,1.50,2.02
2014.11.17 15:37:08.377,0.83937,0.83955,1.50,1.55
2014.11.17 15:37:08.428,0.83934,0.83955,1.95,1.55
2014.11.17 15:37:12.341,0.83933,0.83956,3.15,1.15
2014.11.17 15:37:12.543,0.83939,0.8396,1.95,1.52
2014.11.17 15:37:12.694,0.83939,0.8396,1.95,1.17
2014.11.17 15:37:12.845,0.83941,0.83965,2.70,1.52
2014.11.17 15:37:13.362,0.83941,0.83965,2.70,1.52
2014.11.17 15:37:13.896,0.83943,0.83965,1.37,1.52
2014.11.17 15:37:14.456,0.83943,0.83965,1.37,1.52
2014.11.17 15:37:17.076,0.83943,0.83965,1.00,1.65
2014.11.17 15:37:17.603,0.83942,0.83964,1.10,1.65
2014.11.17 15:37:18.907,0.8394,0.83963,3.52,1.57
2014.11.17 15:37:19.319,0.8394,0.83963,2.02,1.45
2014.11.17 15:37:19.821,0.8394,0.83961,1.37,1.27
2014.11.17 15:37:20.166,0.8394,0.83962,2.77,1.52
2014.11.17 15:37:22.197,0.8394,0.83962,1.57,1.27
2014.11.17 15:37:23.327,0.8394,0.83962,1.57,1.52
2014.11.17 15:37:26.345,0.8394,0.83962,2.77,1.27
2014.11.17 15:37:26.894,0.8394,0.83962,2.70,1.27
2014.11.17 15:37:27.211,0.83941,0.83963,2.02,1.12
2014.11.17 15:37:27.931,0.83945,0.83965,1.37,1.52
2014.11.17 15:37:29.863,0.83942,0.83962,2.02,1.00
2014.11.17 15:37:32.661,0.83944,0.83962,1.87,1.00
2014.11.17 15:37:32.762,0.83945,0.83965,1.87,2.02
2014.11.17 15:37:34.772,0.83945,0.83965,2.62,1.15
2014.11.17 15:37:36.283,0.83946,0.83965,2.32,1.17
2014.11.17 15:37:36.485,0.83948,0.8397,2.40,1.15
2014.11.17 15:37:36.988,0.8395,0.83971,1.95,1.17
2014.11.17 15:37:39.118,0.8395,0.83971,1.95,1.17
2014.11.17 15:37:39.270,0.83949,0.83971,2.32,1.15
2014.11.17 15:37:39.320,0.83949,0.83971,1.95,1.15
2014.11.17 15:37:39.522,0.83946,0.83968,2.02,1.27
2014.11.17 15:37:39.623,0.83946,0.83968,2.40,1.20
2014.11.17 15:37:39.731,0.83945,0.83966,2.02,1.00
2014.11.17 15:37:39.983,0.83946,0.83969,2.02,1.15
2014.11.17 15:37:40.034,0.83948,0.83969,1.50,1.15
2014.11.17 15:37:40.566,0.83949,0.83971,1.57,1.15
2014.11.17 15:37:40.894,0.83949,0.83971,1.95,1.27
2014.11.17 15:37:41.491,0.83949,0.8397,1.95,1.27
2014.11.17 15:37:50.731,0.83948,0.8397,2.02,1.55
2014.11.17 15:37:51.235,0.83948,0.83971,2.02,1.52
2014.11.17 15:37:51.804,0.83949,0.83971,2.02,1.47
2014.11.17 15:37:53.669,0.83948,0.83971,2.02,1.52
2014.11.17 15:37:54.173,0.83947,0.8397,2.02,2.02
2014.11.17 15:37:55.865,0.83948,0.8397,2.02,1.20
2014.11.17 15:37:55.915,0.83948,0.8397,2.02,1.20
2014.11.17 15:37:55.966,0.8395,0.83968,1.37,1.00
2014.11.17 15:37:56.268,0.83947,0.83969,2.77,1.55
2014.11.17 15:37:56.369,0.8395,0.83969,1.00,1.55
2014.11.17 15:37:57.135,0.83947,0.83969,1.55,1.55
2014.11.17 15:37:57.355,0.83947,0.83969,1.55,1.27
2014.11.17 15:37:57.457,0.83947,0.83969,1.55,1.55
2014.11.17 15:37:58.269,0.83947,0.83968,2.02,1.47
2014.11.17 15:37:58.849,0.83947,0.83968,2.02,1.47
2014.11.17 15:37:58.950,0.83946,0.83968,1.15,1.57
2014.11.17 15:37:59.001,0.83946,0.83968,1.10,1.65
2014.11.17 15:37:59.152,0.83945,0.83965,1.00,1.52
2014.11.17 15:37:59.655,0.83946,0.83966,1.00,2.40
2014.11.17 15:38:01.673,0.83946,0.83966,1.00,2.02
2014.11.17 15:38:02.201,0.83946,0.83967,1.00,6.75
2014.11.17 15:38:04.968,0.83946,0.83967,1.00,6.75
2014.11.17 15:38:07.315,0.83946,0.83967,1.00,5.25
2014.11.17 15:38:10.180,0.83946,0.83967,1.00,5.25
2014.11.17 15:38:12.125,0.83946,0.83967,1.00,5.25
2014.11.17 15:38:13.194,0.83946,0.83967,1.00,6.75
2014.11.17 15:38:14.009,0.83946,0.83967,1.12,6.37
2014.11.17 15:38:14.311,0.83948,0.83967,1.00,2.70
2014.11.17 15:38:14.860,0.83949,0.83967,1.00,2.70
2014.11.17 15:38:16.726,0.83949,0.83968,1.00,2.70
2014.11.17 15:38:17.742,0.83946,0.83968,1.12,2.70
2014.11.17 15:38:22.250,0.83949,0.8397,1.00,3.15
2014.11.17 15:38:22.779,0.83948,0.83968,1.00,2.70
2014.11.17 15:38:26.555,0.83946,0.83968,1.12,2.77
2014.11.17 15:38:27.109,0.83947,0.83969,1.57,1.65
2014.11.17 15:38:27.210,0.8395,0.8397,1.00,1.65
2014.11.17 15:38:29.056,0.83948,0.8397,1.00,5.32
2014.11.17 15:38:29.559,0.83947,0.83967,1.00,2.70
2014.11.17 15:38:31.861,0.83947,0.83968,1.00,2.02
2014.11.17 15:38:32.555,0.8395,0.83969,1.00,2.02
2014.11.17 15:38:33.009,0.8395,0.83968,1.00,2.70
2014.11.17 15:38:33.358,0.83948,0.83968,1.00,2.70
2014.11.17 15:38:36.082,0.83948,0.83968,1.00,4.57
2014.11.17 15:38:36.756,0.83946,0.83967,1.00,2.02
2014.11.17 15:38:37.259,0.83945,0.83967,1.00,3.15
2014.11.17 15:38:37.764,0.83945,0.83967,1.00,3.15
2014.11.17 15:38:38.805,0.83945,0.83967,1.00,3.15
2014.11.17 15:38:39.314,0.83946,0.83966,1.00,2.70
2014.11.17 15:38:39.365,0.8395,0.83966,1.00,2.70
2014.11.17 15:38:39.516,0.83946,0.83966,1.00,2.70
2014.11.17 15:38:41.294,0.83946,0.83969,1.00,3.45
2014.11.17 15:38:41.345,0.8395,0.83969,1.00,3.45
2014.11.17 15:38:41.801,0.83947,0.83967,1.00,2.70
2014.11.17 15:38:41.852,0.83945,0.83967,1.87,2.70
2014.11.17 15:38:42.204,0.83945,0.83968,1.95,2.02
2014.11.17 15:38:43.780,0.83947,0.83968,1.00,2.02
2014.11.17 15:38:46.531,0.83948,0.8397,1.10,2.40
2014.11.17 15:38:46.847,0.8395,0.8397,1.00,1.65
2014.11.17 15:38:47.388,0.83949,0.8397,1.10,1.55
2014.11.17 15:38:48.496,0.83949,0.8397,1.00,1.52
2014.11.17 15:38:49.412,0.83949,0.8397,1.00,1.52
2014.11.17 15:38:50.809,0.83949,0.8397,1.12,1.57
2014.11.17 15:38:50.960,0.83949,0.8397,1.37,1.57
2014.11.17 15:38:51.011,0.83949,0.83969,1.37,2.62
2014.11.17 15:38:51.162,0.83948,0.8397,4.20,1.50
2014.11.17 15:38:51.415,0.83954,0.83975,1.00,1.52
2014.11.17 15:38:51.934,0.83954,0.83977,1.10,1.15
2014.11.17 15:38:52.135,0.83954,0.83975,1.00,3.07
2014.11.17 15:38:52.186,0.83952,0.83975,1.00,3.82
2014.11.17 15:38:52.438,0.8395,0.83973,1.10,3.07
2014.11.17 15:38:53.226,0.8395,0.83972,1.20,2.02
2014.11.17 15:38:53.631,0.8395,0.83973,2.70,3.45
2014.11.17 15:38:53.933,0.83952,0.83975,1.10,2.02
2014.11.17 15:38:54.034,0.83953,0.83975,1.15,1.57
2014.11.17 15:38:54.337,0.83956,0.83978,1.10,2.40
2014.11.17 15:38:54.639,0.83958,0.83978,1.00,1.65
2014.11.17 15:38:54.740,0.83958,0.8398,1.10,2.02
2014.11.17 15:38:55.977,0.83958,0.83978,1.10,1.95
2014.11.17 15:38:56.357,0.83958,0.8398,1.10,3.90
2014.11.17 15:38:56.664,0.83958,0.83979,1.47,2.02
2014.11.17 15:38:57.867,0.83958,0.83979,1.10,2.02
2014.11.17 15:39:00.595,0.83958,0.83978,1.10,1.95
2014.11.17 15:39:00.695,0.83958,0.83979,1.10,2.40
2014.11.17 15:39:01.777,0.83958,0.83979,1.00,2.02
2014.11.17 15:39:01.929,0.83958,0.83978,1.00,2.02
2014.11.17 15:39:02.909,0.83958,0.83979,1.00,2.02
2014.11.17 15:39:04.407,0.83958,0.8398,1.12,1.52
2014.11.17 15:39:04.939,0.83956,0.83981,1.27,6.37
2014.11.17 15:39:05.040,0.83956,0.83981,1.27,6.75
2014.11.17 15:39:05.710,0.83956,0.8398,1.20,1.52
2014.11.17 15:39:06.013,0.83956,0.83978,2.32,1.90
2014.11.17 15:39:06.063,0.83955,0.83975,1.10,1.37
2014.11.17 15:39:06.164,0.83951,0.83975,1.17,1.27
2014.11.17 15:39:06.568,0.8395,0.83972,1.00,1.15
2014.11.17 15:39:06.971,0.83948,0.83972,2.77,1.52
2014.11.17 15:39:07.272,0.83953,0.83975,1.55,1.55
2014.11.17 15:39:07.579,0.83957,0.8398,1.10,3.15
2014.11.17 15:39:08.647,0.83956,0.83978,1.17,1.92
2014.11.17 15:39:09.467,0.83956,0.83978,1.17,3.15
2014.11.17 15:39:09.669,0.83954,0.83976,1.27,1.37
2014.11.17 15:39:10.343,0.83957,0.83978,1.00,2.02
2014.11.17 15:39:10.870,0.83957,0.83978,1.00,2.40
2014.11.17 15:39:11.396,0.83957,0.83978,1.00,2.02
2014.11.17 15:39:12.073,0.83957,0.83978,1.00,2.02
2014.11.17 15:39:12.719,0.83956,0.83978,1.20,2.02
2014.11.17 15:39:14.564,0.83956,0.83978,1.47,2.02
2014.11.17 15:39:14.665,0.83956,0.83979,3.45,2.62
2014.11.17 15:39:14.867,0.83958,0.83981,1.00,5.32
2014.11.17 15:39:15.169,0.83956,0.83979,1.15,2.40
2014.11.17 15:39:15.680,0.83956,0.83979,1.15,1.15
2014.11.17 15:39:16.580,0.83956,0.83979,1.27,2.77
2014.11.17 15:39:16.989,0.83958,0.8398,1.10,2.02
2014.11.17 15:39:18.211,0.83958,0.83979,1.10,2.40
2014.11.17 15:39:18.312,0.83958,0.8398,1.10,3.90
2014.11.17 15:39:18.413,0.83957,0.83979,1.00,1.90
2014.11.17 15:39:19.035,0.83957,0.83978,1.00,2.40
2014.11.17 15:39:19.136,0.83956,0.83978,1.12,2.02
2014.11.17 15:39:19.187,0.83956,0.83976,1.12,1.52
2014.11.17 15:39:19.288,0.83956,0.83975,1.55,1.00
2014.11.17 15:39:19.642,0.83958,0.8398,1.00,1.52
2014.11.17 15:39:20.145,0.83957,0.83975,1.17,1.00
2014.11.17 15:39:20.297,0.83957,0.8398,1.10,2.02
2014.11.17 15:39:20.347,0.83959,0.8398,1.00,1.52
2014.11.17 15:39:21.447,0.83959,0.8398,1.00,3.15
2014.11.17 15:39:21.866,0.83957,0.8398,1.10,3.15
2014.11.17 15:39:22.369,0.83956,0.83978,1.17,1.65
2014.11.17 15:39:22.875,0.83956,0.83978,1.17,1.55
2014.11.17 15:39:24.839,0.83956,0.83978,1.27,1.55
2014.11.17 15:39:25.293,0.83959,0.8398,1.00,1.52
2014.11.17 15:39:25.843,0.83959,0.8398,1.00,1.52
2014.11.17 15:39:26.348,0.83958,0.8398,1.20,2.02
2014.11.17 15:39:26.955,0.83959,0.8398,1.00,2.77
2014.11.17 15:39:27.816,0.83958,0.83979,1.20,2.02
2014.11.17 15:39:28.909,0.83958,0.83979,1.37,2.02
2014.11.17 15:39:29.318,0.83958,0.83978,1.00,2.02
2014.11.17 15:39:29.889,0.83959,0.83979,1.00,2.02
2014.11.17 15:39:30.090,0.83959,0.83979,1.12,2.02
2014.11.17 15:39:30.984,0.83959,0.83979,1.00,2.02
2014.11.17 15:39:31.096,0.83959,0.8398,1.00,1.65
2014.11.17 15:39:31.727,0.83959,0.8398,1.00,2.02
2014.11.17 15:39:32.315,0.83959,0.83981,1.00,3.15
2014.11.17 15:39:33.141,0.83959,0.8398,1.00,2.77
2014.11.17 15:39:33.496,0.83959,0.8398,1.37,2.77
2014.11.17 15:39:34.013,0.83961,0.8398,1.12,1.55
2014.11.17 15:39:36.370,0.8396,0.8398,1.27,1.37
2014.11.17 15:39:36.774,0.83958,0.8398,3.07,1.07
2014.11.17 15:39:36.925,0.83966,0.83985,1.00,2.77
2014.11.17 15:39:37.127,0.83967,0.83985,1.00,1.20
2014.11.17 15:39:37.379,0.83964,0.83984,1.00,1.65
2014.11.17 15:39:37.898,0.83964,0.83984,1.00,2.32
2014.11.17 15:39:38.351,0.83968,0.83985,1.00,1.52
2014.11.17 15:39:39.715,0.83968,0.83985,1.00,1.50
2014.11.17 15:39:40.118,0.83966,0.83985,1.00,1.65
2014.11.17 15:39:40.470,0.83966,0.83984,1.00,4.57
2014.11.17 15:39:40.571,0.83963,0.83984,1.00,4.57
2014.11.17 15:39:40.873,0.83961,0.8398,1.00,1.47
2014.11.17 15:39:43.769,0.83959,0.8398,1.27,1.47
2014.11.17 15:39:46.313,0.83959,0.8398,1.17,1.95
2014.11.17 15:39:47.231,0.83959,0.8398,1.55,1.95
2014.11.17 15:39:47.332,0.8396,0.83982,1.15,1.00
2014.11.17 15:39:47.634,0.83965,0.83984,1.00,1.65
2014.11.17 15:39:47.735,0.83963,0.83984,1.00,1.65
2014.11.17 15:39:48.819,0.83964,0.83985,1.12,2.70
2014.11.17 15:39:48.920,0.83966,0.83987,1.00,3.07
2014.11.17 15:39:49.171,0.83961,0.83981,1.00,2.02
2014.11.17 15:39:49.701,0.83962,0.83983,1.00,2.32
2014.11.17 15:39:50.618,0.83962,0.83982,1.37,2.02
2014.11.17 15:39:51.322,0.83962,0.83982,1.37,2.02
2014.11.17 15:39:51.979,0.83962,0.83983,1.37,4.20
2014.11.17 15:39:52.490,0.83962,0.83983,1.37,4.20
2014.11.17 15:39:52.792,0.83965,0.83984,1.00,2.02
2014.11.17 15:39:54.369,0.83965,0.83986,1.00,4.57
2014.11.17 15:39:54.570,0.83965,0.83986,1.00,4.57
2014.11.17 15:39:56.051,0.83965,0.83986,1.00,4.57
2014.11.17 15:39:56.522,0.83963,0.83983,1.00,2.02
2014.11.17 15:39:56.775,0.83961,0.83983,1.10,2.02
2014.11.17 15:39:56.976,0.8396,0.8398,1.00,1.95
2014.11.17 15:39:57.516,0.8396,0.83981,1.47,1.95
2014.11.17 15:39:58.075,0.8396,0.8398,1.20,1.87
2014.11.17 15:39:59.146,0.83962,0.8398,1.00,1.87
2014.11.17 15:39:59.500,0.83962,0.83981,1.12,1.95
2014.11.17 15:40:00.078,0.83962,0.8398,1.00,1.87
2014.11.17 15:40:02.133,0.83962,0.83982,1.00,2.02
2014.11.17 15:40:02.336,0.83962,0.83982,1.00,2.02
2014.11.17 15:40:02.437,0.8396,0.83982,1.20,2.02
2014.11.17 15:40:02.588,0.8396,0.83982,1.47,2.02
2014.11.17 15:40:02.790,0.83961,0.83984,1.17,1.15
2014.11.17 15:40:02.891,0.83966,0.83986,1.00,2.32
2014.11.17 15:40:03.143,0.83966,0.83988,1.00,4.20
2014.11.17 15:40:03.882,0.83967,0.83988,1.00,2.02
2014.11.17 15:40:04.336,0.83967,0.83987,1.00,2.02
2014.11.17 15:40:05.201,0.83965,0.83985,1.17,2.32
2014.11.17 15:40:05.318,0.83964,0.83982,1.10,1.95
2014.11.17 15:40:05.826,0.83963,0.83982,1.00,2.02
2014.11.17 15:40:06.448,0.83963,0.83982,1.00,2.02
2014.11.17 15:40:06.650,0.83965,0.83987,1.00,4.57
2014.11.17 15:40:07.191,0.83962,0.83985,2.77,1.52
2014.11.17 15:40:07.946,0.83962,0.83985,2.77,1.52
2014.11.17 15:40:11.791,0.83961,0.83985,2.70,2.70
2014.11.17 15:40:12.923,0.83962,0.83984,1.37,2.02
2014.11.17 15:40:13.400,0.83963,0.83986,1.27,1.55
2014.11.17 15:40:13.871,0.83963,0.83985,1.00,1.65
2014.11.17 15:40:14.223,0.83966,0.83985,1.00,2.32
2014.11.17 15:40:14.325,0.83966,0.83988,1.00,4.20
2014.11.17 15:40:14.426,0.83966,0.83989,1.17,2.02
2014.11.17 15:40:14.627,0.83965,0.83988,1.07,2.77
2014.11.17 15:40:15.903,0.83965,0.83987,1.45,2.02
2014.11.17 15:40:16.407,0.83967,0.83989,1.12,4.20
2014.11.17 15:40:16.729,0.83967,0.83989,1.47,2.02
2014.11.17 15:40:17.032,0.83968,0.83989,1.00,2.70
2014.11.17 15:40:17.184,0.83964,0.83986,1.57,1.57
2014.11.17 15:40:17.234,0.83964,0.83986,1.50,1.65
2014.11.17 15:40:17.710,0.83964,0.83985,1.00,2.32
2014.11.17 15:40:17.962,0.83961,0.83984,1.17,1.15
2014.11.17 15:40:18.113,0.83961,0.83984,1.55,1.15
2014.11.17 15:40:18.314,0.83965,0.83987,1.95,1.52
2014.11.17 15:40:18.843,0.83965,0.83987,1.95,1.45
2014.11.17 15:40:19.346,0.83965,0.83987,1.95,1.45
2014.11.17 15:40:20.278,0.83965,0.83987,1.95,1.45
2014.11.17 15:40:20.918,0.83965,0.83986,1.07,1.47
2014.11.17 15:40:22.733,0.83965,0.83986,1.07,3.07
2014.11.17 15:40:23.237,0.83965,0.83986,1.07,2.70
2014.11.17 15:40:25.420,0.83965,0.83986,1.07,3.07
2014.11.17 15:40:26.114,0.83965,0.83986,1.07,2.70
2014.11.17 15:40:30.338,0.83965,0.83986,1.07,1.47
2014.11.17 15:40:30.439,0.83965,0.83986,1.07,1.47
2014.11.17 15:40:33.652,0.83965,0.83986,1.07,1.47
2014.11.17 15:40:35.063,0.83965,0.83986,1.07,1.47
2014.11.17 15:40:35.351,0.83963,0.83984,1.20,1.95
2014.11.17 15:40:35.553,0.83965,0.83984,1.00,1.45
2014.11.17 15:40:36.074,0.83965,0.83984,1.00,1.17
2014.11.17 15:40:36.125,0.83961,0.83984,1.15,1.17
2014.11.17 15:40:36.578,0.8396,0.83983,2.02,1.47
2014.11.17 15:40:36.967,0.8396,0.83983,1.95,1.55
2014.11.17 15:40:37.561,0.8396,0.83983,1.95,1.55
2014.11.17 15:40:38.364,0.8396,0.83983,1.95,1.55
2014.11.17 15:40:38.871,0.8396,0.83983,1.45,2.77
2014.11.17 15:40:39.024,0.83961,0.83984,1.15,1.65
2014.11.17 15:40:39.075,0.83961,0.83984,1.00,3.82
2014.11.17 15:40:39.624,0.8396,0.83983,1.57,1.15
2014.11.17 15:40:39.675,0.8396,0.83983,3.07,1.15
2014.11.17 15:40:40.094,0.8396,0.83983,1.20,1.15
2014.11.17 15:40:40.195,0.8396,0.83979,1.10,1.07
2014.11.17 15:40:41.001,0.8396,0.83979,1.00,1.15
2014.11.17 15:40:41.984,0.8396,0.83979,1.00,1.95
2014.11.17 15:40:42.336,0.8396,0.8398,1.00,2.40
2014.11.17 15:40:42.487,0.83955,0.83977,1.55,1.52
2014.11.17 15:40:42.689,0.8396,0.83977,1.00,1.37
2014.11.17 15:40:42.941,0.83956,0.83981,2.40,2.40
2014.11.17 15:40:43.142,0.8396,0.83979,1.00,1.17
2014.11.17 15:40:43.650,0.8396,0.83979,1.00,2.77
2014.11.17 15:40:44.208,0.8396,0.8398,1.00,1.52
2014.11.17 15:40:44.672,0.83956,0.83977,1.10,1.65
2014.11.17 15:40:44.823,0.83955,0.83977,1.20,1.65
2014.11.17 15:40:46.399,0.83955,0.83976,1.07,1.55
2014.11.17 15:40:46.931,0.83955,0.83978,4.20,2.02
2014.11.17 15:40:47.443,0.8396,0.83978,1.00,1.95
2014.11.17 15:40:47.947,0.8396,0.83978,1.00,1.95
2014.11.17 15:40:48.455,0.8396,0.83978,1.00,1.95
2014.11.17 15:40:49.060,0.8396,0.83979,1.00,2.77
2014.11.17 15:40:51.149,0.83957,0.83979,1.52,2.02
2014.11.17 15:40:51.840,0.83957,0.83979,1.47,2.02
2014.11.17 15:40:52.142,0.83955,0.83976,1.50,2.02
2014.11.17 15:40:52.729,0.83954,0.83977,2.02,1.52
2014.11.17 15:40:55.123,0.83954,0.83977,1.55,2.77
2014.11.17 15:40:56.699,0.83955,0.83974,1.12,1.95
2014.11.17 15:40:58.189,0.83955,0.83974,1.37,1.57
2014.11.17 15:41:00.194,0.83955,0.83974,1.00,1.57
2014.11.17 15:41:00.698,0.83954,0.83976,1.47,2.02
2014.11.17 15:41:02.566,0.83955,0.83976,1.50,2.02
2014.11.17 15:41:03.280,0.83955,0.83974,1.47,1.50
2014.11.17 15:41:03.792,0.83955,0.83977,1.10,2.40
2014.11.17 15:41:04.758,0.83955,0.83977,1.95,1.55
2014.11.17 15:41:05.060,0.83957,0.8398,1.57,1.52
2014.11.17 15:41:05.641,0.8396,0.8398,1.00,1.52
2014.11.17 15:41:06.912,0.83957,0.8398,1.57,1.52
2014.11.17 15:41:09.055,0.83957,0.8398,2.77,1.52
2014.11.17 15:41:11.658,0.83957,0.8398,2.77,1.52
2014.11.17 15:41:16.059,0.83957,0.8398,1.52,2.70
2014.11.17 15:41:16.583,0.8396,0.8398,1.20,1.95
2014.11.17 15:41:16.893,0.8396,0.8398,1.10,1.95
2014.11.17 15:41:17.863,0.8396,0.83981,1.10,1.92
2014.11.17 15:41:18.065,0.83956,0.83981,1.00,6.75
2014.11.17 15:41:18.267,0.83954,0.83977,1.50,5.32
2014.11.17 15:41:21.010,0.83954,0.83974,1.00,1.55
2014.11.17 15:41:21.872,0.83954,0.83974,1.00,2.77
2014.11.17 15:41:22.603,0.83954,0.83974,1.00,2.02
2014.11.17 15:41:22.985,0.83956,0.83975,1.00,2.70
2014.11.17 15:41:23.087,0.83954,0.83975,1.15,1.00
2014.11.17 15:41:23.188,0.83955,0.83978,1.65,1.10
2014.11.17 15:41:23.492,0.83956,0.83978,2.32,1.00
2014.11.17 15:41:23.683,0.83955,0.83978,1.65,1.10
2014.11.17 15:41:23.789,0.83955,0.83978,2.02,1.47
2014.11.17 15:41:23.991,0.83955,0.83977,1.17,1.17
2014.11.17 15:41:24.192,0.83955,0.83975,1.00,1.17
2014.11.17 15:41:24.394,0.83952,0.83974,1.20,2.40
2014.11.17 15:41:25.113,0.83951,0.83973,1.27,1.55
2014.11.17 15:41:25.365,0.83951,0.83973,3.45,1.45
2014.11.17 15:41:25.415,0.83952,0.83975,2.70,1.47
2014.11.17 15:41:25.516,0.83952,0.83974,1.27,1.47
2014.11.17 15:41:26.020,0.83954,0.83972,1.10,1.87
2014.11.17 15:41:26.327,0.83954,0.83972,1.00,2.77
2014.11.17 15:41:26.378,0.83948,0.8397,1.52,1.37
2014.11.17 15:41:26.899,0.83945,0.83968,4.57,1.12
2014.11.17 15:41:27.000,0.83945,0.83968,5.70,1.37
2014.11.17 15:41:27.202,0.83945,0.83967,1.45,1.45
2014.11.17 15:41:27.303,0.83945,0.83967,1.07,1.20
2014.11.17 15:41:27.605,0.83942,0.83965,1.15,1.17
2014.11.17 15:41:28.531,0.83943,0.83965,1.55,2.02
2014.11.17 15:41:28.884,0.83942,0.83965,3.07,1.50
2014.11.17 15:41:28.985,0.83945,0.83967,1.65,1.50
2014.11.17 15:41:29.288,0.8395,0.83973,1.17,1.52
2014.11.17 15:41:29.629,0.8395,0.83973,1.15,1.87
2014.11.17 15:41:30.558,0.8395,0.83975,1.15,3.90
2014.11.17 15:41:31.116,0.8395,0.83973,1.27,2.40
2014.11.17 15:41:35.935,0.83948,0.83973,3.45,3.15
2014.11.17 15:41:37.978,0.83948,0.83973,3.07,3.15
2014.11.17 15:41:38.482,0.83947,0.83971,2.70,1.92
2014.11.17 15:41:39.859,0.83947,0.83971,2.70,1.65
2014.11.17 15:41:40.417,0.83948,0.83971,2.70,1.50
2014.11.17 15:41:40.999,0.83948,0.8397,1.27,1.37
2014.11.17 15:41:41.050,0.83948,0.8397,1.17,1.50
2014.11.17 15:41:41.402,0.83946,0.83971,1.52,2.70
2014.11.17 15:41:44.017,0.83948,0.83971,2.70,2.70
2014.11.17 15:41:44.068,0.83948,0.83971,2.70,2.32
2014.11.17 15:41:44.119,0.8395,0.83971,2.70,1.00
2014.11.17 15:41:44.660,0.8395,0.83973,3.45,1.47
2014.11.17 15:41:44.809,0.83951,0.83973,2.02,1.47
2014.11.17 15:41:45.061,0.83953,0.83976,1.15,1.20
2014.11.17 15:41:45.212,0.83953,0.83975,1.17,2.32
2014.11.17 15:41:45.514,0.83951,0.83974,1.10,1.15
2014.11.17 15:41:46.189,0.83952,0.83974,1.00,2.40
2014.11.17 15:41:46.932,0.83952,0.83973,1.00,3.07
2014.11.17 15:41:47.436,0.83947,0.83972,4.95,2.77
2014.11.17 15:41:48.613,0.8395,0.83972,1.27,1.55
2014.11.17 15:41:49.140,0.8395,0.83972,1.55,1.55
2014.11.17 15:41:49.651,0.8395,0.83972,1.27,1.55
2014.11.17 15:41:50.162,0.8395,0.83972,1.55,1.55
2014.11.17 15:41:50.792,0.8395,0.83972,1.55,1.55
2014.11.17 15:41:51.317,0.8395,0.83972,2.77,1.55
2014.11.17 15:41:51.917,0.8395,0.83972,2.77,1.55
2014.11.17 15:41:53.163,0.8395,0.83972,1.17,1.65
2014.11.17 15:41:55.245,0.83949,0.83972,2.77,1.55
2014.11.17 15:41:57.354,0.83949,0.83972,2.77,1.55
2014.11.17 15:41:57.863,0.83949,0.83972,2.77,1.55
2014.11.17 15:42:02.977,0.83949,0.83972,2.32,1.90
2014.11.17 15:42:03.078,0.83949,0.83972,1.10,1.90
2014.11.17 15:42:03.759,0.83948,0.8397,1.20,2.02
2014.11.17 15:42:03.860,0.83946,0.83968,1.20,1.52
2014.11.17 15:42:04.111,0.83946,0.83969,1.47,1.52
2014.11.17 15:42:04.663,0.83947,0.83969,2.62,1.52
2014.11.17 15:42:05.462,0.83947,0.83969,2.77,1.55
2014.11.17 15:42:06.187,0.83947,0.83969,1.12,1.52
2014.11.17 15:42:06.781,0.83947,0.83969,1.20,1.45
2014.11.17 15:42:07.514,0.83947,0.83969,2.70,1.45
2014.11.17 15:42:09.411,0.83947,0.83969,1.20,1.52
2014.11.17 15:42:10.113,0.83945,0.83968,1.52,1.52
2014.11.17 15:42:10.618,0.83945,0.83968,1.27,1.52
2014.11.17 15:42:10.920,0.83946,0.83967,1.95,1.45
2014.11.17 15:42:10.971,0.83946,0.83967,2.02,1.37
2014.11.17 15:42:11.022,0.83948,0.83971,1.07,1.52
2014.11.17 15:42:12.167,0.8395,0.83973,1.65,1.17
2014.11.17 15:42:12.673,0.83953,0.8397,1.00,1.00
2014.11.17 15:42:12.825,0.8395,0.8397,1.10,1.00
2014.11.17 15:42:12.926,0.8395,0.83975,1.07,1.15
2014.11.17 15:42:13.228,0.83951,0.8397,1.10,1.00
2014.11.17 15:42:13.766,0.83951,0.83974,1.20,1.65
2014.11.17 15:42:14.375,0.83951,0.83971,1.10,1.47
2014.11.17 15:42:15.405,0.83951,0.83974,1.17,1.45
2014.11.17 15:42:15.455,0.83953,0.83974,2.02,1.10
2014.11.17 15:42:15.657,0.83951,0.83974,1.52,1.37
2014.11.17 15:42:16.065,0.83952,0.83974,4.95,1.12
2014.11.17 15:42:16.575,0.83953,0.83975,2.02,1.37
2014.11.17 15:42:17.079,0.83954,0.83974,1.87,1.37
2014.11.17 15:42:17.600,0.83955,0.83974,1.00,1.37
2014.11.17 15:42:18.109,0.83952,0.83974,2.02,1.37
2014.11.17 15:42:18.554,0.83952,0.83973,1.87,1.52
2014.11.17 15:42:18.655,0.83952,0.83975,1.37,3.45
2014.11.17 15:42:18.857,0.83952,0.83977,1.55,3.45
2014.11.17 15:42:19.159,0.83955,0.83979,1.95,2.70
2014.11.17 15:42:19.361,0.83955,0.83979,3.07,2.32
2014.11.17 15:42:19.852,0.83955,0.8398,3.15,2.02
2014.11.17 15:42:20.170,0.83955,0.8398,3.52,2.40
2014.11.17 15:42:20.270,0.83955,0.83979,3.45,2.70
2014.11.17 15:42:20.849,0.83955,0.83979,3.45,3.07
2014.11.17 15:42:21.359,0.83956,0.83979,1.07,1.92
2014.11.17 15:42:21.877,0.83956,0.83979,1.20,1.65
2014.11.17 15:42:22.501,0.83955,0.83979,1.17,1.92
2014.11.17 15:42:22.652,0.83955,0.83977,1.20,1.82
2014.11.17 15:42:22.967,0.83955,0.83977,1.10,1.52
2014.11.17 15:42:23.269,0.83954,0.83977,3.15,1.90
2014.11.17 15:42:23.807,0.83952,0.83975,2.77,1.65
2014.11.17 15:42:24.160,0.83952,0.83975,2.77,1.57
2014.11.17 15:42:24.362,0.83954,0.83976,1.00,1.90
2014.11.17 15:42:24.463,0.83951,0.83972,1.65,1.65
2014.11.17 15:42:24.563,0.8395,0.8397,1.50,1.00
2014.11.17 15:42:24.664,0.83953,0.83973,1.47,1.95
2014.11.17 15:42:24.866,0.83955,0.83975,1.10,1.10
2014.11.17 15:42:26.063,0.83955,0.83975,1.10,1.47
2014.11.17 15:42:26.665,0.83955,0.83975,1.10,1.47
2014.11.17 15:42:27.506,0.83955,0.83978,1.57,1.90
2014.11.17 15:42:28.110,0.83956,0.83978,1.50,1.52
2014.11.17 15:42:28.639,0.83955,0.83978,3.45,1.52
2014.11.17 15:42:29.595,0.83955,0.83978,3.52,1.55
2014.11.17 15:42:30.490,0.83956,0.83979,1.10,3.82
2014.11.17 15:42:30.591,0.83956,0.83979,1.10,3.82
2014.11.17 15:42:30.743,0.83954,0.83975,2.32,1.65
2014.11.17 15:42:31.267,0.83953,0.83975,1.27,1.52
2014.11.17 15:42:32.285,0.83953,0.83975,1.55,1.52
2014.11.17 15:42:32.386,0.83953,0.83975,1.10,3.82
2014.11.17 15:42:32.902,0.83951,0.83972,2.02,1.55
2014.11.17 15:42:33.210,0.83952,0.83973,1.65,1.10
2014.11.17 15:42:33.311,0.83953,0.83975,1.65,1.20
2014.11.17 15:42:34.537,0.83954,0.83976,1.57,1.57
2014.11.17 15:42:34.907,0.83953,0.83976,1.65,2.32
2014.11.17 15:42:35.007,0.83953,0.83976,1.65,2.32
2014.11.17 15:42:35.293,0.83952,0.83975,1.95,1.55
2014.11.17 15:42:35.445,0.83955,0.83975,1.00,1.55
2014.11.17 15:42:35.546,0.83955,0.83975,1.10,1.47
2014.11.17 15:42:35.697,0.83956,0.83979,1.00,5.32
2014.11.17 15:42:35.999,0.83953,0.83976,2.40,1.27
2014.11.17 15:42:36.521,0.83956,0.83979,1.00,4.57
2014.11.17 15:42:37.201,0.83956,0.83979,1.37,3.45
2014.11.17 15:42:37.547,0.83956,0.83979,1.12,3.82
2014.11.17 15:42:38.065,0.83956,0.83979,1.37,4.95
2014.11.17 15:42:38.338,0.83956,0.83979,1.52,2.77
2014.11.17 15:42:40.409,0.83956,0.83978,1.27,2.02
2014.11.17 15:42:43.415,0.83956,0.83978,1.52,2.02
2014.11.17 15:42:43.516,0.83956,0.83979,1.52,1.52
2014.11.17 15:42:44.919,0.83956,0.83978,1.65,1.65
2014.11.17 15:42:45.071,0.83957,0.8398,1.52,1.47
2014.11.17 15:42:45.122,0.83959,0.83981,3.45,1.10
2014.11.17 15:42:45.466,0.83962,0.83984,1.52,1.20
2014.11.17 15:42:46.127,0.83961,0.83983,2.77,1.12
2014.11.17 15:42:46.329,0.8396,0.83982,1.55,1.20
2014.11.17 15:42:46.952,0.8396,0.83982,1.47,1.52
2014.11.17 15:42:47.356,0.83962,0.83984,1.45,1.52
2014.11.17 15:42:47.407,0.83962,0.83984,1.55,1.55
2014.11.17 15:42:47.925,0.83962,0.83984,2.77,1.10
2014.11.17 15:42:48.379,0.83965,0.83985,1.95,1.27
2014.11.17 15:42:51.643,0.83963,0.83985,2.77,1.55
2014.11.17 15:42:52.940,0.83963,0.83985,1.52,1.55
2014.11.17 15:42:53.695,0.83966,0.83988,1.00,4.57
2014.11.17 15:42:54.202,0.83966,0.83988,1.00,3.07
2014.11.17 15:42:54.706,0.83966,0.83988,1.00,4.57
2014.11.17 15:42:56.062,0.83966,0.83988,1.12,4.20
2014.11.17 15:42:56.874,0.83966,0.83988,1.20,2.02
2014.11.17 15:42:57.389,0.83966,0.83989,1.27,2.77
2014.11.17 15:42:57.895,0.83967,0.83989,1.37,4.20
2014.11.17 15:42:58.227,0.83965,0.83987,1.00,2.40
2014.11.17 15:42:58.328,0.83961,0.83983,1.00,2.32
2014.11.17 15:42:58.479,0.8396,0.8398,1.00,2.32
2014.11.17 15:42:58.681,0.83957,0.83979,1.10,1.15
2014.11.17 15:42:59.236,0.83958,0.8398,1.00,3.07
2014.11.17 15:42:59.337,0.8396,0.8398,1.00,2.32
2014.11.17 15:42:59.388,0.8396,0.83982,1.00,2.40
2014.11.17 15:42:59.539,0.83962,0.83983,1.00,2.32
2014.11.17 15:42:59.590,0.83962,0.83985,1.10,1.15
2014.11.17 15:42:59.640,0.83965,0.83986,1.00,2.32
2014.11.17 15:42:59.691,0.83965,0.83988,1.00,3.07
2014.11.17 15:43:00.227,0.83963,0.83984,1.07,1.65
2014.11.17 15:43:00.529,0.83963,0.83983,1.00,2.02
2014.11.17 15:43:01.140,0.83963,0.83983,1.00,2.02
2014.11.17 15:43:02.266,0.83963,0.83983,1.37,2.02
2014.11.17 15:43:02.468,0.83965,0.83986,1.12,2.02
2014.11.17 15:43:03.308,0.83964,0.83985,1.00,1.52
2014.11.17 15:43:03.814,0.83963,0.83985,1.00,1.52
2014.11.17 15:43:04.017,0.83963,0.83984,1.00,2.02
2014.11.17 15:43:05.883,0.83963,0.83986,1.47,2.77
2014.11.17 15:43:05.984,0.83963,0.83988,2.77,4.95
2014.11.17 15:43:07.683,0.83965,0.83988,1.47,4.95
2014.11.17 15:43:07.986,0.83967,0.8399,1.10,5.32
2014.11.17 15:43:08.489,0.83966,0.83986,1.00,1.65
2014.11.17 15:43:09.806,0.83966,0.83986,1.00,1.52
2014.11.17 15:43:10.352,0.83968,0.83986,1.00,1.52
2014.11.17 15:43:10.503,0.83966,0.83985,1.10,1.37
2014.11.17 15:43:11.033,0.83966,0.83985,1.10,1.37
2014.11.17 15:43:11.920,0.83966,0.83988,1.10,3.15
2014.11.17 15:43:13.200,0.83966,0.83988,1.10,3.15
2014.11.17 15:43:13.734,0.83968,0.83989,1.00,2.40
2014.11.17 15:43:14.201,0.83968,0.83989,1.00,2.02
2014.11.17 15:43:14.503,0.8397,0.8399,1.00,4.57
2014.11.17 15:43:15.014,0.8397,0.8399,1.00,2.70
2014.11.17 15:43:15.564,0.83969,0.83991,1.12,3.52
2014.11.17 15:43:17.902,0.8397,0.8399,1.00,2.02
2014.11.17 15:43:18.204,0.83969,0.83991,1.00,3.90
2014.11.17 15:43:18.723,0.83969,0.8399,1.17,1.55
2014.11.17 15:43:19.248,0.83969,0.8399,1.00,1.55
2014.11.17 15:43:19.551,0.83969,0.8399,1.00,3.15
2014.11.17 15:43:24.234,0.83969,0.83985,1.00,1.37
2014.11.17 15:43:26.256,0.83967,0.83989,1.00,1.65
2014.11.17 15:43:26.390,0.83969,0.8399,1.00,3.45
2014.11.17 15:43:26.441,0.83969,0.8399,1.00,1.57
2014.11.17 15:43:26.698,0.83972,0.83994,1.00,3.07
2014.11.17 15:43:26.950,0.83972,0.83995,1.12,4.95
2014.11.17 15:43:27.475,0.83973,0.83995,1.37,4.20
2014.11.17 15:43:28.060,0.8397,0.83991,2.02,1.12
2014.11.17 15:43:29.125,0.83974,0.83993,1.00,1.52
2014.11.17 15:43:29.635,0.83971,0.83993,2.02,1.47
2014.11.17 15:43:32.856,0.8397,0.83993,3.15,1.20
2014.11.17 15:43:33.401,0.8397,0.83993,2.77,1.47
2014.11.17 15:43:33.944,0.8397,0.83993,3.15,1.20
2014.11.17 15:43:34.147,0.83971,0.83993,2.02,1.20
2014.11.17 15:43:34.275,0.83971,0.83993,2.02,1.47
2014.11.17 15:43:34.378,0.83971,0.83993,2.02,1.10
2014.11.17 15:43:34.740,0.83971,0.83991,2.02,1.00
2014.11.17 15:43:35.850,0.8397,0.83991,2.02,1.00
2014.11.17 15:43:36.562,0.8397,0.83991,2.02,1.00
2014.11.17 15:43:37.088,0.8397,0.83991,2.77,1.12
2014.11.17 15:43:37.903,0.83969,0.83991,3.52,1.37
2014.11.17 15:43:38.205,0.8397,0.8399,1.27,1.37
2014.11.17 15:43:38.708,0.8397,0.83987,1.00,1.20
2014.11.17 15:43:39.010,0.83965,0.83987,2.02,1.47
2014.11.17 15:43:39.859,0.83965,0.83987,2.02,1.10
2014.11.17 15:43:40.108,0.8397,0.83987,1.00,1.10
2014.11.17 15:43:40.646,0.83975,0.83989,1.00,1.07
2014.11.17 15:43:40.697,0.83975,0.83993,1.00,1.27
2014.11.17 15:43:41.052,0.83975,0.83995,1.50,1.15
2014.11.17 15:43:41.153,0.83976,0.83998,1.15,1.10
2014.11.17 15:43:41.354,0.83976,0.83996,1.65,1.00
2014.11.17 15:43:41.657,0.8397,0.83992,2.77,1.10
2014.11.17 15:43:42.187,0.8397,0.83992,1.52,1.20
2014.11.17 15:43:42.719,0.8397,0.83992,1.52,1.47
2014.11.17 15:43:43.223,0.83971,0.83992,1.65,1.00
2014.11.17 15:43:43.845,0.83969,0.83991,1.15,1.00
2014.11.17 15:43:44.383,0.83969,0.83992,2.02,1.00
2014.11.17 15:43:44.714,0.83969,0.83992,2.40,1.12
2014.11.17 15:43:45.260,0.8397,0.83992,2.77,1.12
2014.11.17 15:43:45.776,0.8397,0.83992,2.77,1.12
2014.11.17 15:43:46.625,0.8397,0.83993,2.02,1.12
2014.11.17 15:43:47.029,0.83972,0.83995,2.02,1.45
2014.11.17 15:43:47.230,0.83971,0.83994,2.77,1.52
2014.11.17 15:43:49.038,0.8397,0.83992,2.77,1.47
2014.11.17 15:43:49.545,0.8397,0.83992,1.52,1.20
2014.11.17 15:43:49.595,0.8397,0.83992,1.55,1.27
2014.11.17 15:43:49.819,0.8397,0.83992,1.52,1.10
2014.11.17 15:43:50.368,0.83971,0.83992,2.02,1.10
2014.11.17 15:43:50.887,0.8397,0.83992,1.52,1.10
2014.11.17 15:43:51.334,0.8397,0.83992,1.90,1.10
2014.11.17 15:43:51.490,0.83975,0.83994,1.65,1.00
2014.11.17 15:43:51.591,0.83975,0.83996,3.45,1.00
2014.11.17 15:43:51.894,0.83977,0.83999,2.70,1.00
2014.11.17 15:43:51.995,0.83976,0.83999,2.02,1.07
2014.11.17 15:43:52.700,0.83979,0.84002,1.15,1.15
2014.11.17 15:43:52.801,0.83978,0.84001,1.20,1.15
2014.11.17 15:43:52.903,0.83978,0.84001,1.15,1.17
2014.11.17 15:43:53.206,0.8398,0.83998,1.17,1.00
2014.11.17 15:43:53.578,0.83976,0.83998,2.02,1.00
2014.11.17 15:43:54.240,0.83975,0.83998,4.57,1.00
2014.11.17 15:43:54.492,0.83979,0.84001,1.52,1.37
2014.11.17 15:43:54.542,0.83985,0.84,1.00,1.00
2014.11.17 15:43:54.693,0.83978,0.84,2.70,1.12
2014.11.17 15:43:55.295,0.8398,0.84,1.52,1.12
2014.11.17 15:43:55.396,0.83981,0.84,2.32,1.00
2014.11.17 15:43:55.463,0.83981,0.84004,2.32,1.10
2014.11.17 15:43:55.665,0.83982,0.84002,2.32,1.00
2014.11.17 15:43:55.766,0.83981,0.84004,3.07,1.10
2014.11.17 15:43:55.817,0.83981,0.84003,1.15,1.57
2014.11.17 15:43:55.918,0.8398,0.84003,2.02,1.15
2014.11.17 15:43:56.248,0.83981,0.84004,1.17,2.32
2014.11.17 15:43:56.794,0.83981,0.84002,1.17,1.50
2014.11.17 15:43:57.492,0.83984,0.84003,1.12,1.95
2014.11.17 15:43:57.822,0.83981,0.84004,1.55,2.70
2014.11.17 15:43:58.426,0.83981,0.84004,1.55,2.70
2014.11.17 15:43:59.012,0.83981,0.84004,1.55,2.70
2014.11.17 15:43:59.537,0.8398,0.84003,2.02,2.70
2014.11.17 15:43:59.638,0.8398,0.84003,3.52,1.52
2014.11.17 15:44:00.155,0.8398,0.84003,3.52,1.52
2014.11.17 15:44:00.723,0.8398,0.84003,3.52,1.52
2014.11.17 15:44:00.925,0.8398,0.84002,2.02,1.57
2014.11.17 15:44:01.445,0.83979,0.84002,3.52,1.52
2014.11.17 15:44:01.747,0.83985,0.84003,1.00,1.52
2014.11.17 15:44:02.151,0.8398,0.84003,3.37,1.52
2014.11.17 15:44:02.687,0.8398,0.84003,1.87,1.52
2014.11.17 15:44:03.355,0.8398,0.84003,1.87,1.52
2014.11.17 15:44:03.858,0.8398,0.84003,1.87,1.52
2014.11.17 15:44:05.462,0.8398,0.84003,1.87,1.52
2014.11.17 15:44:09.448,0.8398,0.84003,1.87,1.52
2014.11.17 15:44:09.971,0.8398,0.84003,1.87,2.77
2014.11.17 15:44:10.542,0.83979,0.84002,2.02,1.52
2014.11.17 15:44:11.058,0.83977,0.83999,1.57,1.27
2014.11.17 15:44:11.573,0.83977,0.83999,1.57,1.15
2014.11.17 15:44:12.094,0.83977,0.83999,1.57,1.52
2014.11.17 15:44:12.633,0.83977,0.83999,1.57,1.52
2014.11.17 15:44:13.155,0.83977,0.83999,1.57,1.52
2014.11.17 15:44:14.288,0.83977,0.83999,1.57,1.27
2014.11.17 15:44:14.894,0.8398,0.84001,1.10,1.55
2014.11.17 15:44:18.336,0.8398,0.84001,1.47,1.55
2014.11.17 15:44:19.116,0.83978,0.84001,2.40,1.17
2014.11.17 15:44:19.267,0.83978,0.84,2.32,1.15
2014.11.17 15:44:19.668,0.83976,0.83998,1.10,1.15
2014.11.17 15:44:20.512,0.83974,0.83996,3.52,1.20
2014.11.17 15:44:21.477,0.83976,0.84,1.52,2.77
2014.11.17 15:44:22.246,0.83976,0.84,2.77,1.52
2014.11.17 15:44:22.969,0.83976,0.84,2.70,3.45
2014.11.17 15:44:23.475,0.83976,0.84,1.47,4.95
2014.11.17 15:44:23.626,0.83976,0.83999,1.20,2.02
2014.11.17 15:44:23.778,0.83975,0.83997,1.87,4.95
2014.11.17 15:44:23.929,0.8397,0.83992,1.52,1.47
2014.11.17 15:44:24.080,0.8397,0.83992,1.37,1.52
2014.11.17 15:44:26.021,0.8397,0.83992,1.57,1.57
2014.11.17 15:44:26.529,0.8397,0.83992,1.57,1.57
2014.11.17 15:44:26.875,0.83971,0.83994,1.12,2.77
2014.11.17 15:44:26.926,0.83975,0.83994,1.00,2.77
2014.11.17 15:44:27.459,0.83975,0.83994,1.00,2.02
2014.11.17 15:44:27.621,0.83975,0.83996,1.20,1.27
2014.11.17 15:44:28.175,0.83972,0.83996,1.15,1.15
2014.11.17 15:44:28.528,0.8397,0.83995,3.45,5.32
2014.11.17 15:44:31.882,0.8397,0.83993,1.95,2.02
2014.11.17 15:44:32.399,0.83974,0.83993,1.00,2.02
2014.11.17 15:44:34.086,0.83974,0.83992,1.00,1.95
2014.11.17 15:44:34.289,0.8397,0.83991,1.37,2.77
2014.11.17 15:44:34.391,0.8397,0.83989,1.00,1.27
2014.11.17 15:44:34.896,0.8397,0.83989,1.00,2.40
2014.11.17 15:44:36.260,0.8397,0.83989,1.37,1.27
2014.11.17 15:44:38.191,0.8397,0.83989,1.37,1.15
2014.11.17 15:44:38.292,0.8397,0.83989,1.12,1.15
2014.11.17 15:44:38.444,0.8397,0.83989,1.37,1.07
2014.11.17 15:44:38.908,0.83974,0.8399,1.00,1.65
2014.11.17 15:44:39.111,0.8397,0.83992,1.00,4.57
2014.11.17 15:44:39.344,0.83974,0.83992,1.00,4.57
2014.11.17 15:44:40.008,0.8397,0.83992,1.50,2.32
2014.11.17 15:44:41.507,0.8397,0.83991,1.37,1.52
2014.11.17 15:44:43.583,0.83969,0.8399,1.47,1.27
2014.11.17 15:44:45.073,0.83969,0.83991,1.47,2.77
2014.11.17 15:44:45.174,0.83969,0.83991,1.52,2.40
2014.11.17 15:44:45.376,0.83969,0.83991,1.10,2.40
2014.11.17 15:44:45.477,0.83967,0.8399,2.02,1.57
2014.11.17 15:44:45.678,0.83969,0.83991,3.07,2.25
2014.11.17 15:44:46.373,0.8397,0.83991,1.17,1.10
2014.11.17 15:44:46.474,0.83969,0.83988,1.20,1.00
2014.11.17 15:44:47.605,0.83967,0.83988,2.02,1.00
2014.11.17 15:44:47.921,0.8397,0.83988,1.37,1.00
2014.11.17 15:44:48.206,0.8397,0.8399,1.37,1.20
2014.11.17 15:44:48.730,0.8397,0.83993,1.52,1.52
2014.11.17 15:44:49.263,0.8397,0.83993,1.52,1.52
2014.11.17 15:44:50.293,0.8397,0.83993,1.52,1.52
2014.11.17 15:44:50.706,0.8397,0.83994,2.77,1.52
2014.11.17 15:44:51.008,0.83975,0.83994,1.37,1.15
2014.11.17 15:44:51.159,0.83975,0.83995,1.57,1.00
2014.11.17 15:44:51.663,0.83974,0.83997,1.95,1.52
2014.11.17 15:44:52.812,0.83974,0.83997,1.95,1.52
2014.11.17 15:44:53.434,0.83975,0.83997,1.37,1.52
2014.11.17 15:44:54.304,0.83975,0.83997,1.75,1.15
2014.11.17 15:44:54.405,0.83975,0.83999,2.40,2.02
2014.11.17 15:44:54.506,0.83978,0.84,1.55,1.20
2014.11.17 15:44:55.473,0.83978,0.84,1.55,1.47
2014.11.17 15:44:56.789,0.83979,0.84,1.95,1.10
2014.11.17 15:44:57.091,0.8398,0.84004,3.15,1.27
2014.11.17 15:44:57.192,0.8398,0.84004,2.40,1.17
2014.11.17 15:44:57.903,0.8398,0.84004,2.77,1.55
2014.11.17 15:44:58.421,0.8398,0.84004,2.77,1.55
2014.11.17 15:44:58.928,0.8398,0.84004,3.15,1.27
2014.11.17 15:45:01.215,0.83981,0.84004,1.95,1.55
2014.11.17 15:45:01.416,0.83981,0.84004,2.32,1.17
2014.11.17 15:45:01.517,0.83984,0.84004,1.57,1.17
2014.11.17 15:45:01.568,0.83984,0.84004,1.57,1.10
2014.11.17 15:45:01.669,0.83985,0.84007,1.65,1.17
2014.11.17 15:45:02.174,0.83984,0.84007,1.17,1.17
2014.11.17 15:45:02.225,0.83982,0.84005,2.77,1.00
2014.11.17 15:45:02.376,0.83985,0.84005,1.07,1.00
2014.11.17 15:45:02.904,0.83985,0.84005,1.17,1.07
2014.11.17 15:45:03.106,0.83981,0.84004,1.15,1.17
2014.11.17 15:45:03.207,0.8398,0.83999,1.15,1.00
2014.11.17 15:45:03.609,0.83981,0.84,3.75,1.00
2014.11.17 15:45:03.761,0.83983,0.84006,1.15,1.17
2014.11.17 15:45:03.811,0.83983,0.84006,3.07,1.20
2014.11.17 15:45:04.214,0.83982,0.84005,2.32,2.32
2014.11.17 15:45:04.265,0.8398,0.84005,1.15,2.40
2014.11.17 15:45:04.768,0.8398,0.84003,5.32,1.10
2014.11.17 15:45:05.372,0.83981,0.84002,1.65,1.00
2014.11.17 15:45:05.725,0.8398,0.84,2.32,1.00
2014.11.17 15:45:05.825,0.8398,0.84003,3.07,1.10
2014.11.17 15:45:05.976,0.8398,0.84002,1.65,1.07
2014.11.17 15:45:06.177,0.8398,0.84002,1.15,1.07
2014.11.17 15:45:06.278,0.8398,0.84,1.20,1.07
2014.11.17 15:45:07.051,0.83976,0.83999,4.95,1.47
2014.11.17 15:45:07.946,0.83976,0.83999,3.45,1.10
2014.11.17 15:45:08.253,0.83979,0.83999,1.55,1.10
2014.11.17 15:45:08.505,0.8398,0.84004,5.32,1.55
2014.11.17 15:45:09.303,0.8398,0.84004,3.15,1.45
2014.11.17 15:45:09.454,0.83979,0.84004,2.77,2.77
2014.11.17 15:45:09.505,0.83979,0.84003,1.52,2.02
2014.11.17 15:45:09.555,0.83978,0.84,2.02,1.10
2014.11.17 15:45:11.686,0.83979,0.84,2.77,1.00
2014.11.17 15:45:12.075,0.83979,0.84,2.77,1.12
2014.11.17 15:45:12.176,0.8398,0.84,2.02,1.00
2014.11.17 15:45:12.427,0.83981,0.84003,2.40,1.00
2014.11.17 15:45:12.930,0.83982,0.84004,1.20,1.20
2014.11.17 15:45:13.031,0.8398,0.84003,1.65,1.07
2014.11.17 15:45:13.191,0.8398,0.84,2.25,1.00
2014.11.17 15:45:13.393,0.8398,0.84,1.37,1.12
2014.11.17 15:45:13.757,0.8398,0.84004,1.52,1.52
2014.11.17 15:45:15.419,0.8398,0.84002,2.77,1.10
2014.11.17 15:45:15.520,0.83981,0.84002,2.02,1.10
2014.11.17 15:45:15.571,0.83983,0.84002,1.65,1.00
2014.11.17 15:45:15.723,0.83983,0.84005,2.40,1.00
2014.11.17 15:45:16.264,0.83984,0.84006,1.17,1.10
2014.11.17 15:45:16.477,0.83981,0.84004,1.52,1.10
2014.11.17 15:45:16.779,0.8398,0.84002,1.65,1.10
2014.11.17 15:45:16.880,0.8398,0.84002,1.65,1.20
2014.11.17 15:45:17.637,0.8398,0.84002,1.65,1.10
2014.11.17 15:45:17.955,0.83982,0.84003,1.65,1.00
2014.11.17 15:45:18.461,0.83981,0.84004,3.07,1.00
2014.11.17 15:45:19.835,0.83983,0.84004,2.02,1.00
2014.11.17 15:45:20.337,0.83984,0.84005,2.02,1.00
2014.11.17 15:45:20.840,0.83989,0.84006,1.00,1.00
2014.11.17 15:45:21.337,0.83985,0.84006,2.77,1.12
2014.11.17 15:45:21.939,0.83985,0.84006,2.77,1.12
2014.11.17 15:45:22.241,0.83989,0.84006,1.00,1.12
2014.11.17 15:45:22.770,0.8399,0.84006,1.00,1.00
2014.11.17 15:45:23.223,0.8399,0.84008,1.00,1.20
2014.11.17 15:45:23.951,0.8399,0.84008,1.37,1.10
2014.11.17 15:45:24.464,0.8399,0.84008,1.12,1.10
2014.11.17 15:45:24.974,0.8399,0.84008,1.37,1.00
2014.11.17 15:45:25.349,0.8399,0.84008,1.37,1.00
2014.11.17 15:45:25.968,0.8399,0.84008,1.37,1.00
2014.11.17 15:45:26.471,0.8399,0.84009,1.37,1.00
2014.11.17 15:45:27.004,0.8399,0.84009,1.37,1.00
2014.11.17 15:45:27.521,0.8399,0.84009,1.47,1.00
2014.11.17 15:45:27.622,0.8399,0.84011,1.55,1.00
2014.11.17 15:45:27.716,0.8399,0.84011,1.55,1.00
2014.11.17 15:45:28.149,0.8399,0.84009,1.47,1.00
2014.11.17 15:45:29.204,0.8399,0.84009,1.47,1.00
2014.11.17 15:45:30.883,0.8399,0.84012,1.47,1.17
2014.11.17 15:45:31.415,0.83995,0.84012,1.00,1.17
2014.11.17 15:45:32.252,0.8399,0.84012,1.52,1.17
2014.11.17 15:45:32.503,0.8399,0.84012,1.52,1.55
2014.11.17 15:45:32.770,0.8399,0.84012,1.52,1.17
2014.11.17 15:45:32.972,0.83995,0.84013,1.12,1.10
2014.11.17 15:45:33.321,0.83995,0.84011,1.00,1.00
2014.11.17 15:45:33.573,0.83989,0.8401,2.40,1.00
2014.11.17 15:45:33.875,0.8399,0.8401,1.10,1.10
2014.11.17 15:45:34.228,0.83994,0.84012,1.00,1.00
2014.11.17 15:45:34.747,0.83994,0.84013,1.10,1.00
2014.11.17 15:45:35.286,0.83994,0.84014,1.47,1.47
2014.11.17 15:45:35.802,0.83994,0.84014,1.47,1.20
2014.11.17 15:45:36.316,0.83995,0.84014,1.37,1.10
2014.11.17 15:45:36.720,0.83994,0.84015,2.70,1.27
2014.11.17 15:45:37.396,0.83994,0.84015,1.47,1.27
2014.11.17 15:45:37.597,0.83991,0.84013,2.02,1.55
2014.11.17 15:45:38.143,0.8399,0.84013,2.40,1.27
2014.11.17 15:45:38.294,0.8399,0.84013,2.02,1.17
2014.11.17 15:45:38.507,0.8399,0.84013,2.02,1.55
2014.11.17 15:45:38.809,0.8399,0.8401,1.00,1.20
2014.11.17 15:45:39.197,0.8399,0.8401,1.37,1.10
2014.11.17 15:45:39.398,0.8399,0.8401,1.00,1.10
2014.11.17 15:45:40.207,0.8399,0.8401,1.55,1.10
2014.11.17 15:45:40.459,0.8399,0.84012,1.55,1.20
2014.11.17 15:45:40.973,0.8399,0.84012,1.55,1.47
2014.11.17 15:45:42.106,0.8399,0.84011,1.37,1.27
2014.11.17 15:45:42.608,0.8399,0.84011,1.37,1.57
2014.11.17 15:45:43.208,0.83992,0.84014,1.37,2.02
2014.11.17 15:45:43.717,0.83992,0.84014,1.12,2.02
2014.11.17 15:45:44.245,0.83992,0.84014,1.00,2.40
2014.11.17 15:45:45.814,0.83992,0.84012,1.10,2.02
2014.11.17 15:45:46.231,0.83992,0.84011,1.12,2.02
2014.11.17 15:45:46.734,0.83993,0.84013,1.00,2.02
2014.11.17 15:45:47.244,0.83993,0.84012,1.00,2.02
2014.11.17 15:45:47.769,0.83993,0.84013,1.00,2.02
2014.11.17 15:45:49.648,0.83989,0.84011,3.15,1.10
2014.11.17 15:45:50.165,0.83989,0.84011,1.52,1.10
2014.11.17 15:45:50.703,0.83989,0.84011,1.15,1.10
2014.11.17 15:45:51.536,0.8399,0.84012,3.07,1.10
2014.11.17 15:45:51.898,0.8399,0.84011,1.15,1.00
2014.11.17 15:45:52.230,0.83988,0.84009,4.20,1.00
2014.11.17 15:45:52.734,0.83987,0.84009,2.70,1.00
2014.11.17 15:45:53.036,0.83986,0.84009,1.55,2.77
2014.11.17 15:45:53.237,0.83985,0.84006,1.47,1.27
2014.11.17 15:45:53.745,0.83985,0.84004,1.47,1.00
2014.11.17 15:45:54.150,0.83984,0.84004,1.47,1.17
2014.11.17 15:45:54.672,0.83985,0.84004,1.55,1.00
2014.11.17 15:45:55.665,0.83985,0.84004,1.47,1.10
2014.11.17 15:45:55.917,0.83985,0.84006,1.45,1.10
2014.11.17 15:45:56.102,0.83985,0.84008,1.95,1.55
2014.11.17 15:45:56.358,0.83985,0.84008,1.95,1.27
2014.11.17 15:45:57.316,0.83986,0.84009,1.47,2.02
2014.11.17 15:45:57.468,0.83986,0.84009,1.45,2.02
2014.11.17 15:45:58.006,0.83986,0.8401,1.52,2.02
2014.11.17 15:45:58.801,0.83986,0.8401,1.65,2.02
2014.11.17 15:46:00.652,0.8399,0.8401,1.37,2.02
2014.11.17 15:46:02.119,0.83989,0.84008,1.00,2.02
2014.11.17 15:46:02.220,0.83985,0.84008,2.02,2.77
2014.11.17 15:46:02.723,0.83983,0.84008,1.65,2.77
2014.11.17 15:46:03.290,0.83985,0.84008,1.47,2.77
2014.11.17 15:46:03.542,0.83985,0.84008,1.55,1.20
2014.11.17 15:46:06.225,0.83985,0.84008,1.55,2.70
2014.11.17 15:46:07.105,0.83985,0.84008,1.55,1.45
2014.11.17 15:46:07.256,0.83985,0.84006,1.37,1.27
2014.11.17 15:46:07.524,0.83982,0.84005,1.52,1.27
2014.11.17 15:46:08.074,0.83982,0.84005,1.52,1.27
2014.11.17 15:46:08.603,0.83983,0.84006,1.55,2.77
2014.11.17 15:46:09.223,0.83983,0.84006,1.55,2.77
2014.11.17 15:46:10.195,0.83985,0.84007,1.52,1.95
2014.11.17 15:46:10.702,0.83984,0.84006,1.52,1.55
2014.11.17 15:46:10.753,0.83984,0.84007,2.02,2.40
2014.11.17 15:46:10.804,0.83984,0.84007,4.20,1.10
2014.11.17 15:46:11.815,0.83985,0.84007,1.52,1.10
2014.11.17 15:46:14.203,0.83985,0.84006,1.52,1.50
2014.11.17 15:46:14.771,0.83985,0.84007,1.52,2.32
2014.11.17 15:46:17.732,0.83984,0.84007,4.20,2.70
2014.11.17 15:46:17.833,0.83984,0.84007,4.20,2.77
2014.11.17 15:46:17.884,0.83985,0.84005,1.55,1.12
2014.11.17 15:46:18.388,0.83985,0.84005,1.27,1.37
2014.11.17 15:46:20.915,0.83982,0.84005,1.52,1.52
2014.11.17 15:46:21.016,0.83982,0.84004,1.47,2.02
2014.11.17 15:46:21.526,0.8398,0.84001,1.27,2.70
2014.11.17 15:46:22.073,0.8398,0.84001,1.52,2.70
2014.11.17 15:46:22.865,0.8398,0.84001,1.52,2.32
2014.11.17 15:46:23.256,0.8398,0.84003,2.02,1.10
2014.11.17 15:46:23.408,0.83985,0.84003,1.37,1.10
2014.11.17 15:46:23.609,0.83985,0.84005,1.00,1.65
2014.11.17 15:46:24.395,0.83985,0.84004,1.37,1.57
2014.11.17 15:46:24.910,0.83981,0.84003,1.65,1.50
2014.11.17 15:46:25.398,0.83981,0.84004,1.52,1.57
2014.11.17 15:46:25.700,0.83981,0.84004,1.65,1.57
2014.11.17 15:46:28.807,0.83981,0.84004,1.90,1.57
2014.11.17 15:46:30.091,0.83985,0.84005,1.37,1.65
2014.11.17 15:46:31.011,0.83984,0.84005,2.40,1.57
2014.11.17 15:46:31.112,0.83987,0.84009,1.57,2.77
2014.11.17 15:46:31.515,0.8399,0.84007,1.00,1.50
2014.11.17 15:46:31.616,0.83985,0.84006,1.65,1.50
2014.11.17 15:46:31.918,0.83985,0.84004,1.07,1.50
2014.11.17 15:46:32.428,0.83985,0.84005,1.07,1.00
2014.11.17 15:46:32.948,0.83985,0.84005,1.45,1.00
2014.11.17 15:46:33.396,0.83985,0.84006,1.45,1.95
2014.11.17 15:46:34.310,0.83985,0.84008,1.65,1.10
2014.11.17 15:46:34.613,0.8399,0.84011,1.17,1.10
2014.11.17 15:46:35.314,0.8399,0.84011,1.17,2.40
2014.11.17 15:46:35.667,0.8399,0.84012,1.15,2.25
2014.11.17 15:46:35.981,0.8399,0.84012,1.07,2.32
2014.11.17 15:46:36.486,0.8399,0.84011,1.00,1.15
2014.11.17 15:46:36.788,0.8399,0.84011,1.57,2.62
2014.11.17 15:46:37.335,0.83989,0.84011,1.65,2.25
2014.11.17 15:46:37.925,0.83989,0.84011,1.52,2.25
2014.11.17 15:46:38.436,0.83989,0.84012,4.57,2.32
2014.11.17 15:46:38.947,0.83989,0.84012,1.55,2.70
2014.11.17 15:46:39.450,0.83987,0.84011,1.07,1.65
2014.11.17 15:46:39.652,0.83989,0.84009,1.17,1.50
2014.11.17 15:46:40.163,0.83989,0.84009,1.00,1.65
2014.11.17 15:46:40.566,0.83987,0.8401,1.15,2.32
2014.11.17 15:46:40.969,0.83988,0.8401,1.10,2.40
2014.11.17 15:46:41.171,0.83985,0.84007,1.17,1.17
2014.11.17 15:46:41.271,0.83984,0.84007,2.02,1.15
2014.11.17 15:46:42.074,0.83989,0.84003,1.00,1.15
2014.11.17 15:46:42.175,0.83989,0.84007,1.00,1.15
2014.11.17 15:46:42.276,0.83984,0.84007,1.65,1.15
2014.11.17 15:46:42.786,0.83984,0.84005,1.00,1.15
2014.11.17 15:46:43.323,0.83985,0.84003,1.00,1.10
2014.11.17 15:46:43.374,0.83985,0.84003,1.00,1.15
2014.11.17 15:46:43.897,0.83985,0.84003,1.37,1.15
2014.11.17 15:46:44.665,0.83985,0.84003,1.37,1.10
2014.11.17 15:46:45.071,0.83985,0.84006,1.57,1.20
2014.11.17 15:46:45.569,0.83985,0.84005,1.37,1.65
2014.11.17 15:46:45.669,0.8399,0.84007,1.00,2.40
2014.11.17 15:46:46.195,0.8399,0.84008,1.00,1.65
2014.11.17 15:46:46.357,0.83985,0.84006,1.65,1.57
2014.11.17 15:46:46.860,0.83985,0.84005,1.15,1.50
2014.11.17 15:46:47.124,0.83985,0.84005,1.20,1.95
2014.11.17 15:46:47.829,0.83985,0.84006,1.47,2.70
2014.11.17 15:46:48.659,0.83985,0.84006,1.47,2.32
2014.11.17 15:46:49.203,0.83985,0.84006,1.47,1.07
2014.11.17 15:46:50.074,0.83985,0.84006,1.47,1.07
2014.11.17 15:46:50.618,0.83989,0.84008,1.12,1.52
2014.11.17 15:46:50.990,0.83985,0.84006,1.37,1.20
2014.11.17 15:46:53.000,0.83985,0.84005,1.37,1.50
2014.11.17 15:46:53.687,0.83983,0.84005,1.52,1.95
2014.11.17 15:46:54.221,0.83982,0.84004,1.52,1.27
2014.11.17 15:46:54.741,0.83982,0.84004,1.52,1.27
2014.11.17 15:46:56.575,0.83982,0.84004,1.52,1.55
2014.11.17 15:46:57.347,0.83982,0.84004,1.52,1.55
2014.11.17 15:46:57.853,0.83982,0.84004,1.52,1.55
2014.11.17 15:46:58.385,0.83982,0.84004,1.55,1.27
2014.11.17 15:47:00.183,0.83982,0.84004,1.47,1.52
2014.11.17 15:47:00.814,0.83982,0.84004,1.47,1.52
2014.11.17 15:47:05.963,0.83982,0.84004,1.47,1.52
2014.11.17 15:47:06.265,0.83978,0.84001,1.55,1.27
2014.11.17 15:47:07.329,0.83978,0.84001,1.52,1.20
2014.11.17 15:47:09.216,0.83979,0.84002,1.65,1.20
2014.11.17 15:47:10.819,0.83979,0.84002,1.55,2.77
2014.11.17 15:47:11.120,0.83979,0.84002,1.55,1.52
2014.11.17 15:47:12.324,0.83979,0.84002,1.55,1.27
2014.11.17 15:47:12.525,0.83981,0.84003,1.47,1.20
2014.11.17 15:47:14.596,0.83981,0.84003,1.57,1.10
2014.11.17 15:47:15.037,0.83983,0.84005,1.47,2.02
2014.11.17 15:47:15.574,0.83983,0.84005,1.15,1.65
2014.11.17 15:47:16.242,0.83983,0.84004,1.00,1.65
2014.11.17 15:47:16.347,0.83983,0.84004,1.37,1.65
2014.11.17 15:47:16.649,0.83981,0.84004,1.52,2.77
2014.11.17 15:47:16.700,0.83981,0.84004,1.45,2.77
2014.11.17 15:47:16.958,0.83979,0.84001,1.00,1.65
2014.11.17 15:47:17.223,0.83979,0.84,1.00,3.82
2014.11.17 15:47:17.727,0.83978,0.83998,1.00,1.65
2014.11.17 15:47:18.752,0.83978,0.83998,1.37,1.65
2014.11.17 15:47:19.748,0.83976,0.84,1.85,3.07
2014.11.17 15:47:19.950,0.83976,0.84,1.90,2.40
2014.11.17 15:47:20.152,0.83976,0.83998,1.52,2.32
2014.11.17 15:47:20.655,0.83976,0.83997,1.52,1.50
2014.11.17 15:47:21.183,0.83976,0.83997,1.90,1.50
2014.11.17 15:47:21.334,0.83977,0.84,3.82,1.57
2014.11.17 15:47:21.485,0.83978,0.84001,1.90,3.07
2014.11.17 15:47:21.992,0.83981,0.84001,1.52,1.00
2014.11.17 15:47:22.823,0.83981,0.84,1.45,1.00
2014.11.17 15:47:23.420,0.83981,0.84,1.45,1.00
2014.11.17 15:47:25.880,0.83981,0.84003,1.45,1.07
2014.11.17 15:47:26.441,0.83981,0.84,1.45,1.00
2014.11.17 15:47:26.969,0.83981,0.84003,1.57,1.07
2014.11.17 15:47:27.271,0.83978,0.84,3.82,1.00
2014.11.17 15:47:28.078,0.83978,0.83995,3.82,1.00
2014.11.17 15:47:28.583,0.8398,0.83995,3.07,1.00
2014.11.17 15:47:28.852,0.8398,0.84,3.07,1.50
2014.11.17 15:47:30.154,0.8398,0.83995,3.07,1.00
2014.11.17 15:47:30.699,0.8398,0.83996,2.70,1.00
2014.11.17 15:47:30.850,0.8398,0.84,2.70,1.00
2014.11.17 15:47:31.538,0.83978,0.84,3.82,1.00
2014.11.17 15:47:31.639,0.83978,0.84003,3.82,2.40
2014.11.17 15:47:32.176,0.83979,0.84003,4.87,2.25
2014.11.17 15:47:32.928,0.83979,0.84003,5.25,1.00
2014.11.17 15:47:33.822,0.83979,0.84003,5.25,1.00
2014.11.17 15:47:34.331,0.83981,0.84003,1.52,1.12
2014.11.17 15:47:38.000,0.83981,0.84003,1.52,1.12
2014.11.17 15:47:42.456,0.83981,0.84003,1.52,1.00
2014.11.17 15:47:42.973,0.83981,0.84003,1.65,1.00
2014.11.17 15:47:43.912,0.83981,0.84003,1.52,1.00
2014.11.17 15:47:44.614,0.83981,0.84003,1.52,1.00
2014.11.17 15:47:45.128,0.83981,0.84003,1.55,1.55
2014.11.17 15:47:45.351,0.83981,0.84003,1.55,1.55
2014.11.17 15:47:45.502,0.83981,0.83999,1.07,1.50
2014.11.17 15:47:45.654,0.83974,0.83997,3.82,1.10
2014.11.17 15:47:46.157,0.83974,0.83997,2.32,1.10
2014.11.17 15:47:46.258,0.83973,0.83997,1.15,1.17
2014.11.17 15:47:46.460,0.83976,0.83998,1.15,1.10
2014.11.17 15:47:46.895,0.83976,0.83998,1.07,1.17
2014.11.17 15:47:47.000,0.83976,0.83998,1.10,1.15
2014.11.17 15:47:47.322,0.83976,0.83998,1.47,1.15
2014.11.17 15:47:47.825,0.83976,0.83998,1.47,1.27
2014.11.17 15:47:48.429,0.83974,0.83996,1.52,1.17
2014.11.17 15:47:48.631,0.83974,0.83996,1.65,1.17
2014.11.17 15:47:50.050,0.83974,0.83996,1.90,1.17
2014.11.17 15:47:50.151,0.83974,0.83996,1.65,1.17
2014.11.17 15:47:50.504,0.83979,0.83998,1.87,1.07
2014.11.17 15:47:50.606,0.8398,0.84001,1.57,1.57
2014.11.17 15:47:50.656,0.8398,0.84001,1.57,1.00
2014.11.17 15:47:50.707,0.83981,0.84004,2.40,1.15
2014.11.17 15:47:50.757,0.83981,0.84004,2.40,1.15
2014.11.17 15:47:50.909,0.83981,0.84004,2.40,1.20
2014.11.17 15:47:51.441,0.83982,0.84002,1.20,1.50
2014.11.17 15:47:51.693,0.8398,0.84005,2.40,3.15
2014.11.17 15:47:52.196,0.8398,0.84003,1.15,1.00
2014.11.17 15:47:52.246,0.83979,0.84,2.02,1.00
2014.11.17 15:47:52.297,0.83979,0.84,1.95,1.10
2014.11.17 15:47:52.599,0.83976,0.83998,1.52,1.00
2014.11.17 15:47:53.070,0.83976,0.83998,1.65,1.00
2014.11.17 15:47:53.372,0.83977,0.83999,1.90,1.50
2014.11.17 15:47:53.877,0.83978,0.84001,1.65,2.40
2014.11.17 15:47:55.871,0.83979,0.84002,3.15,1.10
2014.11.17 15:47:55.972,0.83979,0.84002,1.90,1.10
2014.11.17 15:47:56.507,0.83981,0.84003,1.52,1.10
2014.11.17 15:47:56.931,0.83981,0.84003,1.90,1.10
2014.11.17 15:47:58.473,0.83981,0.84003,1.52,1.20
2014.11.17 15:47:59.059,0.83981,0.84003,1.57,1.27
2014.11.17 15:47:59.592,0.83981,0.84003,1.52,1.10
2014.11.17 15:48:00.102,0.83981,0.84003,1.65,1.10
2014.11.17 15:48:00.963,0.83981,0.84003,1.52,1.10
2014.11.17 15:48:05.614,0.8398,0.84003,2.02,1.20
2014.11.17 15:48:05.715,0.83979,0.84003,1.65,1.27
2014.11.17 15:48:08.219,0.83979,0.84003,1.52,1.52
2014.11.17 15:48:08.582,0.83979,0.84003,1.65,1.52
2014.11.17 15:48:09.302,0.83979,0.84003,3.15,1.15
2014.11.17 15:48:09.403,0.83981,0.84003,1.65,1.10
2014.11.17 15:48:09.605,0.8398,0.84002,4.20,1.00
2014.11.17 15:48:09.705,0.8398,0.84,3.07,1.00
2014.11.17 15:48:10.164,0.8398,0.84004,3.07,2.40
2014.11.17 15:48:10.690,0.8398,0.84004,3.82,2.77
2014.11.17 15:48:11.821,0.8398,0.84004,3.45,2.77
2014.11.17 15:48:12.012,0.8398,0.84004,3.82,2.40
2014.11.17 15:48:13.013,0.83983,0.84005,1.45,2.77
2014.11.17 15:48:13.956,0.83982,0.84004,1.27,1.55
2014.11.17 15:48:14.107,0.83981,0.84003,1.57,2.77
2014.11.17 15:48:14.566,0.83981,0.84003,1.57,1.52
2014.11.17 15:48:14.767,0.83981,0.84003,1.57,1.52
2014.11.17 15:48:15.303,0.83981,0.84003,1.57,1.52
2014.11.17 15:48:15.354,0.83981,0.84003,1.55,1.07
2014.11.17 15:48:15.657,0.83981,0.84003,1.10,1.15
2014.11.17 15:48:16.887,0.83981,0.84003,1.20,1.52
2014.11.17 15:48:17.412,0.83981,0.84003,1.47,1.52
2014.11.17 15:48:17.931,0.83981,0.84003,1.10,1.52
2014.11.17 15:48:19.499,0.83981,0.84003,1.47,2.77
2014.11.17 15:48:20.098,0.8398,0.84002,1.45,2.02
2014.11.17 15:48:20.615,0.83978,0.84001,1.55,1.27
2014.11.17 15:48:21.138,0.83978,0.84001,1.65,1.17
2014.11.17 15:48:21.239,0.83981,0.84002,1.55,1.95
2014.11.17 15:48:21.289,0.83978,0.84001,3.82,1.95
2014.11.17 15:48:21.592,0.83978,0.84001,1.37,2.02
2014.11.17 15:48:22.074,0.83978,0.84,1.50,2.40
2014.11.17 15:48:22.175,0.83978,0.84002,1.07,1.65
2014.11.17 15:48:22.306,0.83978,0.84002,1.15,1.65
2014.11.17 15:48:23.611,0.83978,0.84003,1.90,2.77
2014.11.17 15:48:24.152,0.83982,0.84003,1.55,2.02
2014.11.17 15:48:26.715,0.83982,0.84004,1.55,2.02
2014.11.17 15:48:27.017,0.83982,0.84004,1.65,2.40
2014.11.17 15:48:27.168,0.83982,0.84004,1.65,2.32
2014.11.17 15:48:27.706,0.83983,0.84005,1.65,1.65
2014.11.17 15:48:27.807,0.83983,0.84005,1.55,2.02
2014.11.17 15:48:28.594,0.83983,0.84005,1.55,2.77
2014.11.17 15:48:30.384,0.83983,0.84004,1.55,1.95
2014.11.17 15:48:30.593,0.83983,0.84004,1.55,1.57
2014.11.17 15:48:31.294,0.83983,0.84004,1.55,1.57
2014.11.17 15:48:31.822,0.83983,0.84006,1.55,2.77
2014.11.17 15:48:32.739,0.83983,0.84005,1.55,2.77
2014.11.17 15:48:32.942,0.83983,0.84005,1.55,2.02
2014.11.17 15:48:33.046,0.83983,0.84004,1.55,1.95
2014.11.17 15:48:33.564,0.83983,0.84005,1.37,2.77
2014.11.17 15:48:33.760,0.83983,0.84005,1.37,4.20
2014.11.17 15:48:33.962,0.83982,0.84004,1.12,2.02
2014.11.17 15:48:34.504,0.83981,0.84003,1.47,2.02
2014.11.17 15:48:35.119,0.83981,0.84002,1.47,2.02
2014.11.17 15:48:35.622,0.8398,0.84001,1.47,1.65
2014.11.17 15:48:36.126,0.8398,0.84002,1.55,1.95
2014.11.17 15:48:36.644,0.8398,0.84001,1.47,2.02
2014.11.17 15:48:37.221,0.8398,0.84001,1.47,2.02
2014.11.17 15:48:39.975,0.83979,0.84,1.55,2.70
2014.11.17 15:48:40.510,0.83978,0.83999,1.52,1.50
2014.11.17 15:48:41.977,0.83978,0.83999,1.52,1.50
2014.11.17 15:48:42.483,0.83979,0.83998,1.55,1.50
2014.11.17 15:48:43.977,0.83979,0.83998,1.37,1.57
2014.11.17 15:48:45.153,0.83979,0.83998,1.37,1.65
2014.11.17 15:48:45.773,0.83979,0.83998,1.12,2.02
2014.11.17 15:48:45.924,0.83977,0.83998,1.20,2.02
2014.11.17 15:48:50.359,0.83976,0.83998,1.55,2.02
2014.11.17 15:48:52.670,0.83976,0.83999,1.55,2.77
2014.11.17 15:48:53.974,0.83976,0.83998,1.55,2.02
2014.11.17 15:48:54.805,0.83976,0.83999,1.55,1.52
2014.11.17 15:48:55.327,0.83976,0.83999,1.55,1.52
2014.11.17 15:48:55.991,0.83976,0.83999,1.17,1.65
2014.11.17 15:48:56.143,0.83973,0.83996,1.45,2.02
2014.11.17 15:48:56.193,0.83973,0.83996,1.47,4.20
2014.11.17 15:48:56.495,0.83973,0.83996,2.02,1.15
2014.11.17 15:48:57.217,0.83973,0.83997,1.52,1.52
2014.11.17 15:48:57.469,0.83972,0.83994,3.37,1.57
2014.11.17 15:48:57.975,0.83973,0.83995,1.55,1.52
2014.11.17 15:48:58.840,0.83973,0.83995,1.55,1.15
2014.11.17 15:48:58.941,0.83973,0.83995,2.77,1.10
2014.11.17 15:48:59.700,0.83974,0.83996,2.77,1.20
2014.11.17 15:49:00.176,0.83974,0.83996,3.15,1.10
2014.11.17 15:49:00.477,0.83974,0.83996,2.77,1.10
2014.11.17 15:49:01.154,0.83974,0.83996,3.15,1.10
2014.11.17 15:49:01.705,0.83974,0.83996,1.52,1.10
2014.11.17 15:49:03.287,0.83974,0.83996,2.77,1.20
2014.11.17 15:49:03.589,0.83974,0.83995,2.77,1.37
2014.11.17 15:49:03.842,0.83974,0.83995,2.77,1.57
2014.11.17 15:49:06.106,0.83974,0.83996,1.57,2.02
2014.11.17 15:49:07.512,0.83975,0.83995,1.00,1.27
2014.11.17 15:49:08.240,0.83974,0.83995,1.27,1.27
2014.11.17 15:49:08.691,0.83974,0.83995,1.27,1.57
2014.11.17 15:49:09.335,0.83974,0.83995,1.37,1.55
2014.11.17 15:49:14.116,0.83972,0.83995,1.45,1.55
2014.11.17 15:49:16.327,0.83971,0.83994,1.55,1.20
2014.11.17 15:49:17.316,0.83971,0.83994,1.55,2.70
2014.11.17 15:49:18.621,0.83971,0.83994,1.55,1.45
2014.11.17 15:49:21.343,0.83971,0.83994,1.55,1.07
2014.11.17 15:49:21.960,0.83971,0.83994,1.55,1.45
2014.11.17 15:49:22.480,0.83969,0.83992,3.45,1.07
2014.11.17 15:49:23.035,0.83968,0.8399,1.65,1.10
2014.11.17 15:49:23.694,0.83968,0.8399,1.65,1.17
2014.11.17 15:49:23.996,0.83968,0.8399,1.92,1.15
2014.11.17 15:49:24.755,0.83968,0.8399,1.92,1.15
2014.11.17 15:49:25.263,0.83968,0.8399,1.92,1.15
2014.11.17 15:49:26.644,0.83969,0.83991,1.57,1.15
2014.11.17 15:49:27.664,0.83969,0.83991,1.47,1.27
2014.11.17 15:49:27.765,0.83968,0.8399,1.55,1.27
2014.11.17 15:49:28.257,0.83968,0.8399,1.65,1.15
2014.11.17 15:49:28.767,0.83968,0.8399,1.55,1.15
2014.11.17 15:49:33.168,0.83967,0.8399,3.15,1.15
2014.11.17 15:49:33.718,0.83967,0.8399,3.15,1.15
2014.11.17 15:49:34.222,0.83967,0.8399,3.15,1.15
2014.11.17 15:49:38.917,0.83967,0.8399,3.15,1.15
2014.11.17 15:49:39.018,0.83967,0.8399,2.77,2.02
2014.11.17 15:49:39.169,0.83966,0.83989,1.55,1.52
2014.11.17 15:49:39.471,0.83967,0.8399,1.65,1.17
2014.11.17 15:49:39.723,0.83969,0.83992,1.57,2.32
2014.11.17 15:49:39.925,0.8397,0.83993,1.95,2.32
2014.11.17 15:49:40.132,0.83972,0.83993,1.50,2.32
2014.11.17 15:49:40.182,0.83972,0.83995,1.57,1.65
2014.11.17 15:49:40.702,0.83972,0.83995,1.47,2.02
2014.11.17 15:49:41.213,0.83971,0.83994,2.70,1.52
2014.11.17 15:49:41.712,0.83971,0.83995,2.02,2.02
2014.11.17 15:49:42.249,0.83971,0.83995,2.02,2.02
2014.11.17 15:49:42.701,0.83971,0.83995,2.02,1.65
2014.11.17 15:49:43.214,0.83972,0.83995,1.55,1.52
2014.11.17 15:49:43.672,0.83972,0.83995,1.52,1.27
2014.11.17 15:49:43.723,0.83972,0.83995,1.52,1.57
2014.11.17 15:49:44.233,0.83973,0.83995,2.02,1.27
2014.11.17 15:49:44.764,0.83973,0.83995,2.02,1.65
2014.11.17 15:49:45.144,0.83973,0.83995,2.02,1.27
2014.11.17 15:49:45.688,0.83973,0.83995,2.02,1.27
2014.11.17 15:49:46.830,0.83973,0.83995,2.02,1.57
2014.11.17 15:49:47.952,0.83973,0.83995,2.02,2.02
2014.11.17 15:49:48.634,0.83972,0.83995,2.77,2.02
2014.11.17 15:49:49.139,0.83972,0.83995,2.77,1.57
2014.11.17 15:49:49.452,0.83972,0.83995,2.77,1.52
2014.11.17 15:49:49.870,0.83971,0.83995,1.90,1.15
2014.11.17 15:49:50.022,0.83973,0.83995,2.02,1.10
2014.11.17 15:49:52.681,0.83973,0.83996,2.77,1.07
2014.11.17 15:49:54.754,0.83973,0.83996,3.15,1.20
2014.11.17 15:49:55.700,0.83973,0.83996,2.77,1.07
2014.11.17 15:50:02.316,0.83973,0.83996,1.55,1.20
2014.11.17 15:50:04.986,0.83972,0.83996,1.52,1.20
2014.11.17 15:50:07.242,0.83971,0.83995,1.55,2.02
2014.11.17 15:50:07.398,0.8397,0.83992,2.02,1.27
2014.11.17 15:50:07.801,0.83968,0.8399,1.55,1.47
2014.11.17 15:50:08.116,0.8397,0.8399,3.07,1.00
2014.11.17 15:50:08.167,0.83971,0.83994,1.15,1.65
2014.11.17 15:50:08.702,0.8397,0.83991,1.55,1.20
2014.11.17 15:50:09.217,0.8397,0.8399,1.52,1.00
2014.11.17 15:50:11.471,0.83969,0.83991,2.70,1.00
2014.11.17 15:50:11.981,0.83971,0.83994,1.55,1.45
2014.11.17 15:50:12.311,0.83971,0.83993,1.55,1.95
2014.11.17 15:50:12.412,0.83966,0.83989,2.77,1.00
2014.11.17 15:50:12.958,0.83966,0.83989,1.52,1.27
2014.11.17 15:50:14.322,0.83965,0.83989,2.02,1.57
2014.11.17 15:50:14.625,0.83963,0.83985,2.77,1.17
2014.11.17 15:50:14.928,0.83965,0.83985,1.57,1.10
2014.11.17 15:50:15.029,0.83966,0.83989,1.55,2.77
2014.11.17 15:50:15.180,0.83964,0.83989,2.77,2.40
2014.11.17 15:50:15.961,0.83964,0.83989,3.15,2.77
2014.11.17 15:50:17.551,0.83966,0.83989,1.55,2.77
2014.11.17 15:50:19.861,0.83966,0.83988,1.55,1.65
2014.11.17 15:50:21.398,0.83966,0.83989,1.55,1.52
2014.11.17 15:50:21.983,0.83966,0.83989,1.55,1.52
2014.11.17 15:50:25.267,0.83966,0.83989,1.55,1.27
2014.11.17 15:50:28.774,0.83966,0.83989,1.55,1.52
2014.11.17 15:50:30.005,0.83966,0.83989,1.55,1.52
2014.11.17 15:50:32.909,0.83966,0.83989,1.55,1.27
2014.11.17 15:50:36.010,0.83966,0.83989,1.52,1.20
2014.11.17 15:50:36.555,0.83967,0.8399,2.77,1.27
2014.11.17 15:50:38.904,0.83968,0.8399,4.57,1.50
2014.11.17 15:50:39.214,0.8397,0.83992,4.57,1.00
2014.11.17 15:50:39.265,0.83973,0.83995,1.55,1.27
2014.11.17 15:50:39.789,0.83973,0.83996,1.55,3.52
2014.11.17 15:50:41.021,0.83973,0.83995,1.55,1.55
2014.11.17 15:50:41.374,0.83971,0.83994,1.27,1.52
2014.11.17 15:50:41.525,0.83971,0.8399,1.27,1.00
2014.11.17 15:50:42.151,0.8397,0.83993,2.77,1.57
2014.11.17 15:50:42.560,0.8397,0.83993,2.77,1.57
2014.11.17 15:50:43.128,0.8397,0.8399,1.52,1.12
2014.11.17 15:50:43.631,0.8397,0.83993,2.77,1.57
2014.11.17 15:50:43.940,0.83972,0.83993,1.87,1.57
2014.11.17 15:50:44.481,0.83971,0.83993,2.02,1.27
2014.11.17 15:50:44.783,0.83973,0.83995,2.77,1.37
2014.11.17 15:50:45.290,0.83973,0.83994,2.02,1.47
2014.11.17 15:50:46.365,0.83972,0.83994,2.02,1.20
2014.11.17 15:50:55.725,0.83973,0.83995,1.95,3.45
2014.11.17 15:50:55.877,0.83972,0.83994,2.02,1.10
2014.11.17 15:50:56.129,0.83972,0.83994,1.65,1.10
2014.11.17 15:50:56.715,0.83974,0.83997,1.47,1.52
2014.11.17 15:50:57.320,0.83974,0.83997,1.47,1.52
2014.11.17 15:50:59.357,0.83973,0.83995,1.55,1.55
2014.11.17 15:50:59.850,0.83973,0.83995,1.65,1.10
2014.11.17 15:51:00.102,0.83975,0.83997,2.77,1.27
2014.11.17 15:51:00.633,0.83975,0.83997,2.77,1.20
2014.11.17 15:51:03.539,0.83975,0.83997,1.47,1.17
2014.11.17 15:51:03.842,0.83971,0.83994,1.15,1.07
2014.11.17 15:51:04.044,0.83974,0.83995,1.65,1.57
2014.11.17 15:51:04.581,0.83975,0.83997,1.15,1.27
2014.11.17 15:51:05.604,0.83976,0.83998,1.55,1.52
2014.11.17 15:51:06.945,0.83976,0.83995,1.47,1.20
2014.11.17 15:51:07.507,0.83975,0.83995,1.37,1.20
2014.11.17 15:51:08.077,0.83975,0.83995,1.12,1.45
2014.11.17 15:51:08.660,0.83975,0.83995,1.00,1.45
2014.11.17 15:51:12.151,0.83976,0.83996,1.00,1.55
2014.11.17 15:51:16.625,0.83976,0.83995,1.00,1.45
2014.11.17 15:51:17.170,0.83975,0.83995,1.00,1.45
2014.11.17 15:51:19.537,0.83975,0.83996,1.37,1.52
2014.11.17 15:51:20.069,0.83975,0.83996,1.12,1.52
2014.11.17 15:51:21.543,0.83974,0.83995,1.12,1.52
2014.11.17 15:51:22.225,0.83974,0.83995,1.12,3.45
2014.11.17 15:51:22.729,0.8397,0.83993,1.55,1.52
2014.11.17 15:51:23.273,0.83972,0.83994,1.37,2.70
2014.11.17 15:51:23.424,0.83972,0.83995,1.47,2.02
2014.11.17 15:51:23.638,0.83972,0.83994,1.47,2.70
2014.11.17 15:51:24.168,0.8397,0.83993,2.70,3.45
2014.11.17 15:51:24.992,0.8397,0.83993,2.77,1.27
2014.11.17 15:51:29.073,0.83971,0.83994,1.47,2.77
2014.11.17 15:51:31.812,0.83971,0.83993,2.32,1.15
2014.11.17 15:51:34.702,0.83972,0.83995,1.50,3.45
2014.11.17 15:51:35.311,0.83972,0.83995,1.37,3.07
2014.11.17 15:51:37.007,0.83972,0.83995,1.50,3.45
2014.11.17 15:51:37.608,0.83972,0.83995,1.37,3.45
2014.11.17 15:51:38.110,0.83971,0.83994,1.47,1.27
2014.11.17 15:51:38.512,0.83971,0.83994,1.85,1.15
2014.11.17 15:51:39.205,0.83971,0.83995,1.57,3.45
2014.11.17 15:51:40.723,0.83971,0.83995,1.85,3.07
2014.11.17 15:51:41.376,0.83971,0.83995,1.57,3.45
2014.11.17 15:51:41.901,0.83971,0.83995,1.47,3.07
2014.11.17 15:51:42.356,0.83971,0.83995,1.95,3.45
2014.11.17 15:51:42.561,0.83972,0.8399,1.00,1.52
2014.11.17 15:51:42.611,0.8397,0.8399,1.12,1.52
2014.11.17 15:51:43.151,0.8397,0.83992,1.37,2.70
2014.11.17 15:51:45.702,0.8397,0.83992,1.37,2.70
2014.11.17 15:51:48.571,0.8397,0.83992,1.37,2.70
2014.11.17 15:51:49.110,0.8397,0.83992,1.12,2.70
2014.11.17 15:51:49.772,0.8397,0.83992,1.37,2.70
2014.11.17 15:51:50.379,0.8397,0.83992,1.12,2.70
2014.11.17 15:51:50.683,0.83972,0.83992,1.00,2.70
2014.11.17 15:51:51.228,0.83971,0.83992,1.12,2.70
2014.11.17 15:51:52.332,0.83971,0.83992,1.37,2.32
2014.11.17 15:51:52.484,0.83971,0.83993,1.57,1.20
2014.11.17 15:51:52.585,0.83973,0.83994,1.87,1.52
2014.11.17 15:51:52.787,0.83975,0.83999,1.47,2.70
2014.11.17 15:51:56.324,0.83976,0.83999,1.37,3.45
2014.11.17 15:51:56.857,0.83976,0.83999,1.12,3.45
2014.11.17 15:51:59.003,0.83976,0.83999,1.12,3.82
2014.11.17 15:51:59.590,0.83976,0.83999,1.00,3.45
2014.11.17 15:52:00.144,0.83976,0.83999,1.12,3.82
2014.11.17 15:52:00.530,0.83975,0.83995,1.10,3.07
2014.11.17 15:52:00.580,0.83972,0.83994,2.25,1.65
2014.11.17 15:52:00.681,0.8397,0.83992,1.87,1.52
2014.11.17 15:52:02.522,0.8397,0.83992,1.87,1.52
2014.11.17 15:52:05.149,0.8397,0.83992,1.95,1.27
2014.11.17 15:52:05.200,0.8397,0.83992,2.02,1.27
2014.11.17 15:52:05.251,0.8397,0.83992,2.02,1.55
2014.11.17 15:52:05.402,0.8397,0.8399,1.12,1.17
2014.11.17 15:52:05.705,0.83973,0.83993,1.00,3.82
2014.11.17 15:52:05.755,0.83969,0.83992,1.10,1.15
2014.11.17 15:52:05.957,0.83971,0.83993,1.00,3.82
2014.11.17 15:52:06.510,0.83971,0.83993,1.37,2.70
2014.11.17 15:52:07.430,0.83971,0.83993,1.37,2.70
2014.11.17 15:52:07.732,0.83972,0.83994,1.12,2.70
2014.11.17 15:52:07.783,0.83972,0.83992,1.12,2.70
2014.11.17 15:52:09.834,0.83972,0.83992,1.37,2.70
2014.11.17 15:52:10.353,0.83971,0.83993,1.37,2.70
2014.11.17 15:52:10.403,0.83971,0.83994,1.47,1.52
2014.11.17 15:52:10.504,0.83971,0.83993,1.37,2.70
2014.11.17 15:52:10.914,0.8397,0.83991,1.37,2.32
2014.11.17 15:52:11.066,0.8397,0.83991,1.37,2.32
2014.11.17 15:52:11.773,0.8397,0.83991,1.00,2.70
2014.11.17 15:52:15.044,0.8397,0.83991,1.37,2.70
2014.11.17 15:52:15.560,0.8397,0.83991,1.37,2.70
2014.11.17 15:52:15.950,0.8397,0.83991,1.00,3.07
2014.11.17 15:52:16.152,0.83968,0.83985,1.00,1.00
2014.11.17 15:52:16.303,0.83965,0.83985,2.40,1.00
2014.11.17 15:52:16.354,0.83965,0.83988,3.15,1.15
2014.11.17 15:52:16.404,0.83965,0.83988,3.07,3.07
2014.11.17 15:52:16.523,0.83966,0.83989,1.10,1.15
2014.11.17 15:52:16.676,0.83966,0.83989,2.40,1.00
2014.11.17 15:52:16.978,0.83968,0.83991,4.57,1.10
2014.11.17 15:52:19.698,0.83971,0.83994,2.70,1.52
2014.11.17 15:52:19.900,0.83973,0.83996,1.47,2.77
2014.11.17 15:52:20.418,0.83973,0.83996,2.77,1.52
2014.11.17 15:52:21.099,0.83973,0.83996,2.77,1.52
2014.11.17 15:52:23.767,0.83974,0.83997,1.37,1.27
2014.11.17 15:52:24.297,0.83974,0.83997,1.37,1.52
2014.11.17 15:52:27.487,0.83974,0.83997,1.12,1.52
2014.11.17 15:52:28.017,0.83974,0.83997,1.37,1.52
2014.11.17 15:52:28.577,0.83974,0.83997,1.37,1.52
2014.11.17 15:52:29.483,0.83974,0.83997,1.12,1.52
2014.11.17 15:52:30.000,0.83974,0.83997,1.12,1.52
2014.11.17 15:52:32.587,0.83974,0.83997,1.37,1.52
2014.11.17 15:52:33.430,0.83974,0.83997,1.00,1.52
2014.11.17 15:52:34.895,0.83974,0.83997,1.00,1.52
2014.11.17 15:52:35.633,0.83972,0.83995,1.55,1.55
2014.11.17 15:52:36.034,0.83971,0.83994,1.47,3.45
2014.11.17 15:52:36.656,0.83971,0.83994,1.47,3.45
2014.11.17 15:52:37.202,0.83971,0.83994,1.47,3.45
2014.11.17 15:52:37.918,0.83971,0.83994,1.20,4.95
2014.11.17 15:52:38.220,0.8397,0.83993,2.77,1.55
2014.11.17 15:52:38.727,0.8397,0.83993,2.77,1.55
2014.11.17 15:52:39.244,0.8397,0.83993,2.77,1.55
2014.11.17 15:52:39.787,0.83971,0.83993,2.02,1.55
2014.11.17 15:52:41.364,0.83971,0.83993,2.70,1.00
2014.11.17 15:52:41.616,0.83973,0.83995,1.27,1.12
2014.11.17 15:52:41.767,0.83973,0.83995,1.27,1.37
2014.11.17 15:52:41.918,0.83973,0.83995,1.27,1.45
2014.11.17 15:52:44.226,0.83972,0.83995,2.77,3.45
2014.11.17 15:52:44.276,0.83972,0.83994,1.20,2.02
2014.11.17 15:52:44.797,0.83969,0.83992,2.77,1.17
2014.11.17 15:52:46.564,0.83969,0.83992,2.77,1.17
2014.11.17 15:52:47.123,0.83969,0.83992,1.52,1.55
2014.11.17 15:52:47.640,0.83969,0.83992,1.52,1.55
2014.11.17 15:52:48.205,0.83969,0.83992,1.52,1.17
2014.11.17 15:52:48.414,0.83971,0.83993,1.52,1.50
2014.11.17 15:52:48.918,0.83971,0.83994,1.47,4.95
2014.11.17 15:52:49.569,0.83969,0.83992,1.65,1.15
2014.11.17 15:52:50.152,0.83969,0.83992,1.55,2.40
2014.11.17 15:52:50.961,0.83969,0.83992,1.55,2.77
2014.11.17 15:52:51.163,0.8397,0.83992,1.55,2.02
2014.11.17 15:52:51.466,0.83975,0.83993,1.00,1.27
2014.11.17 15:52:53.469,0.83974,0.83993,1.00,1.15
2014.11.17 15:52:54.097,0.83974,0.83993,1.37,2.40
2014.11.17 15:52:54.450,0.83969,0.83991,2.70,3.00
2014.11.17 15:52:54.967,0.8397,0.83991,1.37,3.82
2014.11.17 15:52:55.611,0.8397,0.8399,1.12,2.02
2014.11.17 15:52:55.863,0.83964,0.83987,1.65,1.10
2014.11.17 15:52:56.115,0.83969,0.8399,1.00,1.65
2014.11.17 15:52:56.316,0.83971,0.83991,1.00,1.65
2014.11.17 15:52:56.367,0.83971,0.83991,1.00,3.82
2014.11.17 15:52:56.628,0.83969,0.83989,1.00,1.65
2014.11.17 15:52:56.729,0.83969,0.8399,1.57,1.57
2014.11.17 15:52:57.901,0.83969,0.83991,1.95,2.02
2014.11.17 15:52:59.309,0.8397,0.83991,1.37,1.65
2014.11.17 15:52:59.923,0.8397,0.83992,1.52,1.65
2014.11.17 15:53:00.469,0.8397,0.83993,1.52,2.02
2014.11.17 15:53:04.645,0.83972,0.83993,1.10,2.02
2014.11.17 15:53:04.746,0.8397,0.83989,1.00,1.87
2014.11.17 15:53:04.998,0.83966,0.83989,1.17,2.40
2014.11.17 15:53:05.674,0.83966,0.83986,1.10,1.57
2014.11.17 15:53:06.222,0.83965,0.83986,1.55,1.17
2014.11.17 15:53:06.474,0.83967,0.8399,1.55,2.40
2014.11.17 15:53:07.002,0.8397,0.83991,1.47,1.27
2014.11.17 15:53:08.110,0.8397,0.83991,1.47,1.27
2014.11.17 15:53:08.620,0.83968,0.83991,1.52,1.27
2014.11.17 15:53:10.761,0.83968,0.83991,1.52,1.27
2014.11.17 15:53:11.416,0.83968,0.83991,1.52,1.27
2014.11.17 15:53:12.645,0.83968,0.83991,1.52,1.55
2014.11.17 15:53:13.162,0.83968,0.83991,1.37,1.27
2014.11.17 15:53:13.325,0.83968,0.83991,1.37,1.52
2014.11.17 15:53:14.245,0.83968,0.83991,1.37,1.27
2014.11.17 15:53:14.836,0.83969,0.83992,1.37,2.77
2014.11.17 15:53:15.558,0.83969,0.83992,1.37,1.15
2014.11.17 15:53:16.113,0.83969,0.83992,1.37,1.15
2014.11.17 15:53:16.653,0.83969,0.83992,1.52,1.27
2014.11.17 15:53:17.357,0.83969,0.83992,3.52,1.15
2014.11.17 15:53:20.462,0.83969,0.83992,2.02,1.52
2014.11.17 15:53:26.376,0.83968,0.83991,3.15,1.27
2014.11.17 15:53:27.478,0.83968,0.83991,2.77,1.55
2014.11.17 15:53:30.416,0.83969,0.83991,1.45,1.52
2014.11.17 15:53:30.517,0.83967,0.8399,1.55,1.52
2014.11.17 15:53:31.027,0.83966,0.83989,1.52,2.77
2014.11.17 15:53:31.926,0.83966,0.83989,1.45,2.77
2014.11.17 15:53:32.127,0.83965,0.83989,1.47,5.32
2014.11.17 15:53:32.429,0.83964,0.83989,2.02,4.95
2014.11.17 15:53:32.962,0.83966,0.83989,1.55,1.52
2014.11.17 15:53:33.214,0.83967,0.8399,1.17,1.15
2014.11.17 15:53:33.264,0.8397,0.8399,1.00,3.07
2014.11.17 15:53:33.365,0.83967,0.8399,1.00,3.07
2014.11.17 15:53:33.571,0.83965,0.83985,1.10,1.07
2014.11.17 15:53:33.722,0.83964,0.83985,1.15,1.10
2014.11.17 15:53:33.873,0.83963,0.83987,2.32,3.45
2014.11.17 15:53:33.924,0.83963,0.83987,2.25,5.62
2014.11.17 15:53:34.444,0.83964,0.83986,1.10,1.15
2014.11.17 15:53:34.768,0.83965,0.83988,1.65,1.52
2014.11.17 15:53:35.189,0.83965,0.83989,2.32,2.70
2014.11.17 15:53:35.659,0.83965,0.83987,1.00,2.70
2014.11.17 15:53:36.011,0.83965,0.83987,1.00,2.02
2014.11.17 15:53:36.062,0.83965,0.83987,1.12,2.02
2014.11.17 15:53:36.365,0.83967,0.83987,1.00,2.02
2014.11.17 15:53:36.466,0.83967,0.83988,1.00,2.02
2014.11.17 15:53:37.046,0.83967,0.83987,1.12,2.02
2014.11.17 15:53:39.154,0.83967,0.83988,1.12,4.20
2014.11.17 15:53:39.255,0.83963,0.83987,2.62,1.65
2014.11.17 15:53:39.406,0.83965,0.83985,1.00,2.02
2014.11.17 15:53:39.848,0.8397,0.83986,1.00,1.65
2014.11.17 15:53:40.869,0.83975,0.83988,1.00,4.50
2014.11.17 15:53:40.970,0.83969,0.8399,1.00,1.52
2014.11.17 15:53:41.070,0.8397,0.83993,1.57,3.45
2014.11.17 15:53:41.272,0.83975,0.83992,1.00,1.15
2014.11.17 15:53:41.469,0.83975,0.83994,1.00,1.27
2014.11.17 15:53:42.620,0.83974,0.83994,1.00,1.27
2014.11.17 15:53:44.566,0.8397,0.83994,1.52,1.52
2014.11.17 15:53:45.007,0.83975,0.83994,1.00,1.52
2014.11.17 15:53:45.489,0.8397,0.83994,1.52,1.52
2014.11.17 15:53:45.999,0.8397,0.83994,1.52,1.52
2014.11.17 15:53:47.345,0.83969,0.83994,2.02,1.52
2014.11.17 15:53:47.496,0.8397,0.83992,3.00,1.15
2014.11.17 15:53:47.597,0.8397,0.83992,1.65,1.10
2014.11.17 15:53:47.648,0.83974,0.83995,1.00,3.07
2014.11.17 15:53:47.950,0.83977,0.83996,1.00,2.32
2014.11.17 15:53:48.468,0.83978,0.83997,1.00,2.70
2014.11.17 15:53:48.720,0.83975,0.83995,1.00,2.32
2014.11.17 15:53:48.922,0.83973,0.83994,1.00,2.32
2014.11.17 15:53:49.033,0.83973,0.83995,1.00,1.15
2014.11.17 15:53:49.085,0.83973,0.83994,1.00,2.32
2014.11.17 15:53:49.388,0.83972,0.83992,1.00,2.32
2014.11.17 15:53:50.176,0.83971,0.8399,1.00,1.15
2014.11.17 15:53:50.478,0.83975,0.83993,1.00,2.70
2014.11.17 15:53:50.803,0.83973,0.83995,1.00,5.32
2014.11.17 15:53:51.316,0.83972,0.83994,1.12,2.02
2014.11.17 15:53:51.837,0.83972,0.83994,1.37,2.02
2014.11.17 15:53:52.474,0.83973,0.83995,1.37,2.70
2014.11.17 15:53:54.162,0.83973,0.83995,1.37,2.70
2014.11.17 15:53:54.321,0.83977,0.83998,1.00,2.70
2014.11.17 15:53:54.371,0.83977,0.83998,1.00,3.07
2014.11.17 15:53:54.422,0.83975,0.83998,1.10,3.82
2014.11.17 15:53:54.542,0.83975,0.83998,1.10,3.07
2014.11.17 15:53:55.283,0.83975,0.83998,1.17,1.10
2014.11.17 15:53:55.588,0.83975,0.83998,1.50,1.15
2014.11.17 15:53:56.136,0.83974,0.83995,1.20,1.20
2014.11.17 15:53:56.458,0.83975,0.83996,1.47,1.27
2014.11.17 15:53:56.509,0.83975,0.83998,1.07,1.15
2014.11.17 15:53:56.617,0.83979,0.84,1.00,4.20
2014.11.17 15:53:56.920,0.83981,0.84,1.00,4.20
2014.11.17 15:53:56.970,0.83981,0.84002,1.00,6.37
2014.11.17 15:53:57.488,0.83981,0.84,1.00,2.70
2014.11.17 15:53:57.740,0.83977,0.83998,1.00,2.32
2014.11.17 15:53:58.277,0.83976,0.83997,1.00,2.32
2014.11.17 15:53:58.429,0.83977,0.83999,1.00,6.00
2014.11.17 15:53:58.529,0.8398,0.83999,1.00,4.50
2014.11.17 15:53:58.630,0.83977,0.83999,1.00,2.32
2014.11.17 15:53:58.731,0.83975,0.83998,1.10,3.07
2014.11.17 15:53:59.083,0.83978,0.83998,1.00,2.32
2014.11.17 15:53:59.385,0.83975,0.83997,1.50,2.32
2014.11.17 15:54:00.794,0.83975,0.83998,1.95,7.12
2014.11.17 15:54:00.895,0.83975,0.83998,2.70,2.70
2014.11.17 15:54:01.047,0.83975,0.83999,1.57,1.65
2014.11.17 15:54:01.098,0.83975,0.83995,1.10,1.07
2014.11.17 15:54:01.450,0.83976,0.83998,1.10,1.15
2014.11.17 15:54:02.419,0.83974,0.83998,2.40,3.07
2014.11.17 15:54:02.940,0.83974,0.83997,2.40,1.65
2014.11.17 15:54:03.443,0.83974,0.83997,1.27,1.52
2014.11.17 15:54:04.137,0.83976,0.83998,1.00,2.70
2014.11.17 15:54:04.641,0.83977,0.83999,1.10,1.52
2014.11.17 15:54:05.734,0.83977,0.83999,1.10,1.90
2014.11.17 15:54:06.238,0.83976,0.83998,1.00,2.70
2014.11.17 15:54:06.641,0.83977,0.84,1.10,5.32
2014.11.17 15:54:06.792,0.83977,0.84,1.15,1.65
2014.11.17 15:54:07.857,0.83977,0.84,1.27,2.02
2014.11.17 15:54:08.159,0.83976,0.83999,1.10,5.32
2014.11.17 15:54:08.507,0.83978,0.84,1.10,2.40
2014.11.17 15:54:08.558,0.83978,0.84,1.10,2.02
2014.11.17 15:54:09.120,0.83978,0.84,1.10,3.52
2014.11.17 15:54:09.372,0.83974,0.83999,2.77,4.95
2014.11.17 15:54:09.523,0.83974,0.83997,1.37,4.20
2014.11.17 15:54:09.936,0.83974,0.83999,2.70,4.95
2014.11.17 15:54:10.140,0.83977,0.83999,1.47,1.52
2014.11.17 15:54:10.477,0.83978,0.84,3.45,1.12
2014.11.17 15:54:10.578,0.83978,0.84,1.55,1.12
2014.11.17 15:54:10.869,0.8398,0.84002,1.00,2.02
2014.11.17 15:54:11.396,0.83977,0.84001,1.27,2.70
2014.11.17 15:54:12.153,0.83977,0.84001,1.52,2.70
2014.11.17 15:54:12.695,0.83977,0.84001,1.52,1.47
2014.11.17 15:54:16.896,0.8398,0.84003,1.37,1.52
2014.11.17 15:54:17.098,0.83981,0.84005,2.02,1.52
2014.11.17 15:54:17.605,0.83984,0.84006,1.00,1.65
2014.11.17 15:54:18.108,0.83981,0.84004,1.07,1.65
2014.11.17 15:54:19.062,0.83982,0.84003,1.00,4.57
2014.11.17 15:54:19.835,0.8398,0.84002,1.10,2.02
2014.11.17 15:54:22.501,0.8398,0.84002,1.10,2.40
2014.11.17 15:54:23.803,0.8398,0.84002,1.10,2.40
2014.11.17 15:54:24.332,0.8398,0.84002,1.10,2.40
2014.11.17 15:54:24.882,0.8398,0.84002,1.10,2.40
2014.11.17 15:54:30.801,0.8398,0.84002,1.10,2.02
2014.11.17 15:54:33.405,0.8398,0.84003,1.20,4.95
2014.11.17 15:54:33.947,0.8398,0.84003,1.10,5.32
2014.11.17 15:54:34.491,0.8398,0.84003,1.20,4.95
2014.11.17 15:54:37.442,0.8398,0.84003,1.10,5.32
2014.11.17 15:54:38.405,0.8398,0.84003,1.10,1.90
2014.11.17 15:54:38.705,0.8398,0.84003,1.10,1.52
2014.11.17 15:54:41.630,0.8398,0.84003,1.47,1.52
2014.11.17 15:54:42.191,0.8398,0.84003,1.20,2.77
2014.11.17 15:54:44.544,0.8398,0.84003,1.95,1.52
2014.11.17 15:54:44.594,0.8398,0.84003,2.02,1.45
2014.11.17 15:54:44.746,0.83981,0.84004,2.77,1.57
2014.11.17 15:54:45.249,0.83983,0.84007,1.37,2.77
2014.11.17 15:54:45.767,0.83983,0.84007,1.12,3.15
2014.11.17 15:54:45.918,0.83983,0.84007,1.27,3.15
2014.11.17 15:54:46.142,0.83983,0.84007,1.27,2.77
2014.11.17 15:54:49.635,0.83983,0.84007,1.90,2.77
2014.11.17 15:54:49.736,0.83985,0.84007,2.40,1.20
2014.11.17 15:54:50.056,0.83986,0.84008,3.15,1.17
2014.11.17 15:54:50.157,0.8399,0.8401,1.10,1.10
2014.11.17 15:54:50.680,0.83991,0.84014,1.00,3.07
2014.11.17 15:54:51.437,0.8399,0.84012,1.00,3.07
2014.11.17 15:54:51.638,0.83991,0.84013,1.10,2.40
2014.11.17 15:54:52.344,0.83991,0.84014,1.27,2.77
2014.11.17 15:54:53.273,0.83991,0.84014,1.55,1.52
2014.11.17 15:54:53.586,0.83991,0.84014,1.17,1.52
2014.11.17 15:54:53.636,0.8399,0.84014,1.27,1.52
2014.11.17 15:54:53.737,0.8399,0.84012,1.50,2.70
2014.11.17 15:54:54.240,0.83989,0.8401,1.37,2.70
2014.11.17 15:54:55.265,0.83987,0.8401,1.45,2.77
2014.11.17 15:54:57.655,0.83987,0.8401,1.47,4.20
2014.11.17 15:54:59.792,0.83987,0.8401,1.57,4.20
2014.11.17 15:54:59.943,0.83987,0.84012,1.90,1.52
2014.11.17 15:55:00.347,0.8399,0.84013,1.57,3.45
2014.11.17 15:55:00.448,0.8399,0.84013,3.15,1.52
2014.11.17 15:55:00.951,0.83992,0.84013,1.37,2.02
2014.11.17 15:55:01.946,0.83992,0.84014,1.37,4.20
2014.11.17 15:55:02.620,0.83991,0.84013,1.37,1.52
2014.11.17 15:55:03.234,0.83991,0.84013,1.37,1.52
2014.11.17 15:55:05.027,0.83991,0.84013,1.37,2.77
2014.11.17 15:55:05.923,0.83989,0.84012,1.45,2.02
2014.11.17 15:55:06.024,0.83989,0.84012,1.45,2.02
2014.11.17 15:55:06.238,0.83989,0.84012,1.45,2.02
2014.11.17 15:55:06.707,0.83989,0.84014,1.52,2.77
2014.11.17 15:55:07.096,0.83989,0.84014,1.52,4.95
2014.11.17 15:55:07.348,0.83989,0.84013,1.17,2.02
2014.11.17 15:55:07.449,0.83989,0.8401,1.17,1.47
2014.11.17 15:55:07.601,0.83986,0.84009,2.77,1.55
2014.11.17 15:55:08.115,0.83988,0.84008,1.87,1.37
2014.11.17 15:55:08.683,0.83988,0.84008,1.87,1.00
2014.11.17 15:55:08.855,0.83988,0.84008,1.87,1.00
2014.11.17 15:55:09.158,0.83989,0.84012,2.62,1.52
2014.11.17 15:55:09.731,0.83989,0.84012,2.70,1.55
2014.11.17 15:55:10.033,0.83988,0.84012,1.95,3.45
2014.11.17 15:55:10.988,0.83989,0.84012,1.52,1.27
2014.11.17 15:55:13.421,0.83989,0.84012,1.52,1.52
2014.11.17 15:55:13.522,0.83989,0.84012,1.47,3.45
2014.11.17 15:55:13.720,0.83989,0.8401,1.10,1.52
2014.11.17 15:55:14.921,0.83989,0.84012,1.47,4.95
2014.11.17 15:55:15.427,0.8399,0.84012,1.37,2.70
2014.11.17 15:55:17.146,0.8399,0.84012,1.00,2.70
2014.11.17 15:55:17.398,0.83987,0.84011,1.95,4.20
2014.11.17 15:55:17.851,0.83986,0.84009,2.77,1.27
2014.11.17 15:55:18.170,0.83988,0.84011,2.77,1.52
2014.11.17 15:55:20.462,0.83988,0.84011,2.77,1.52
2014.11.17 15:55:20.917,0.8399,0.84014,1.47,3.45
2014.11.17 15:55:23.998,0.8399,0.84014,1.55,3.45
2014.11.17 15:55:24.049,0.8399,0.84014,1.52,1.55
2014.11.17 15:55:24.558,0.83992,0.84014,1.55,1.27
2014.11.17 15:55:25.062,0.83993,0.84015,1.47,2.02
2014.11.17 15:55:25.267,0.83993,0.84015,1.20,2.02
2014.11.17 15:55:25.318,0.83992,0.84015,1.47,4.95
2014.11.17 15:55:25.824,0.83991,0.84013,1.37,1.52
2014.11.17 15:55:26.346,0.83991,0.84013,1.12,2.77
2014.11.17 15:55:27.386,0.83991,0.84013,1.37,1.27
2014.11.17 15:55:27.689,0.83995,0.84015,1.37,2.32
2014.11.17 15:55:29.240,0.83992,0.84015,1.37,3.07
2014.11.17 15:55:29.921,0.83992,0.84015,1.37,3.45
2014.11.17 15:55:30.274,0.83991,0.84014,1.55,1.07
2014.11.17 15:55:30.537,0.83992,0.84015,1.45,2.77
2014.11.17 15:55:30.839,0.83992,0.84015,1.00,5.32
2014.11.17 15:55:31.347,0.83985,0.84006,1.65,1.00
2014.11.17 15:55:31.448,0.83985,0.84006,1.20,1.00
2014.11.17 15:55:31.498,0.8399,0.84006,1.00,1.00
2014.11.17 15:55:31.649,0.83984,0.84006,1.65,1.00
2014.11.17 15:55:31.878,0.83984,0.84004,1.65,1.00
2014.11.17 15:55:32.605,0.83984,0.84004,2.02,1.00
2014.11.17 15:55:33.206,0.83985,0.84004,2.02,1.00
2014.11.17 15:55:33.924,0.83985,0.84004,2.02,1.00
2014.11.17 15:55:34.509,0.83985,0.84004,2.02,1.00
2014.11.17 15:55:35.112,0.83985,0.84004,2.02,1.00
2014.11.17 15:55:36.054,0.83985,0.84004,3.15,1.00
2014.11.17 15:55:36.205,0.83985,0.84006,2.77,1.00
2014.11.17 15:55:36.909,0.83985,0.84006,3.15,1.00
2014.11.17 15:55:37.422,0.83985,0.84006,2.77,1.00
2014.11.17 15:55:37.976,0.83989,0.84006,1.87,1.00
2014.11.17 15:55:38.077,0.83987,0.8401,4.20,1.47
2014.11.17 15:55:38.278,0.8399,0.84007,1.17,1.00
2014.11.17 15:55:38.488,0.83985,0.84005,2.40,1.00
2014.11.17 15:55:38.746,0.8399,0.84005,1.00,1.00
2014.11.17 15:55:38.797,0.83985,0.84005,2.40,1.00
2014.11.17 15:55:38.848,0.83985,0.84003,2.40,1.00
2014.11.17 15:55:39.351,0.83984,0.84002,1.52,1.00
2014.11.17 15:55:39.964,0.83984,0.84003,1.52,1.00
2014.11.17 15:55:40.527,0.83984,0.84003,1.47,1.00
2014.11.17 15:55:41.146,0.83984,0.84003,1.47,1.00
2014.11.17 15:55:41.541,0.83984,0.84003,1.20,1.00
2014.11.17 15:55:42.045,0.83984,0.84007,1.47,2.02
2014.11.17 15:55:42.646,0.83985,0.84007,1.37,2.02
2014.11.17 15:55:42.999,0.83984,0.84006,1.10,1.65
2014.11.17 15:55:43.049,0.83984,0.84005,1.10,2.32
2014.11.17 15:55:43.201,0.83985,0.84007,1.00,4.57
2014.11.17 15:55:43.301,0.83982,0.84007,2.02,4.57
2014.11.17 15:55:43.817,0.83985,0.84007,1.00,2.32
2014.11.17 15:55:44.363,0.83985,0.84007,1.37,2.70
2014.11.17 15:55:44.916,0.83985,0.84007,1.37,2.70
2014.11.17 15:55:46.178,0.83985,0.84007,1.37,2.70
2014.11.17 15:55:48.375,0.83985,0.84007,1.50,2.32
2014.11.17 15:55:48.527,0.8399,0.84007,1.12,1.15
2014.11.17 15:55:48.729,0.83985,0.84008,6.07,1.00
2014.11.17 15:55:48.829,0.83985,0.84008,3.82,1.17
2014.11.17 15:55:49.880,0.83985,0.84008,3.82,1.17
2014.11.17 15:55:50.917,0.83985,0.84008,3.90,1.07
2014.11.17 15:55:51.018,0.83987,0.84009,2.02,1.27
2014.11.17 15:55:51.220,0.8399,0.84007,1.00,1.52
2014.11.17 15:55:51.321,0.83984,0.84003,1.47,1.00
2014.11.17 15:55:51.852,0.83985,0.84005,1.00,1.17
2014.11.17 15:55:52.381,0.83984,0.84005,1.10,1.17
2014.11.17 15:55:52.797,0.83984,0.84005,1.47,1.17
2014.11.17 15:55:53.200,0.83981,0.84003,1.65,1.17
2014.11.17 15:55:53.502,0.8398,0.83999,1.37,1.00
2014.11.17 15:55:53.653,0.8398,0.83999,1.00,1.00
2014.11.17 15:55:54.423,0.8398,0.83999,1.37,1.00
2014.11.17 15:55:54.930,0.8398,0.83999,1.37,1.00
2014.11.17 15:55:56.437,0.83979,0.83997,1.57,1.00
2014.11.17 15:55:56.640,0.8398,0.83997,1.00,1.00
2014.11.17 15:55:56.691,0.83985,0.83999,1.00,1.17
2014.11.17 15:55:56.843,0.8398,0.83999,1.15,1.00
2014.11.17 15:55:56.944,0.8398,0.84001,1.15,1.00
2014.11.17 15:55:57.847,0.83981,0.84001,2.02,1.00
2014.11.17 15:55:58.732,0.8398,0.84001,2.77,1.12
2014.11.17 15:55:58.783,0.8398,0.84001,2.70,1.20
2014.11.17 15:55:59.085,0.83984,0.84003,1.87,3.45
2014.11.17 15:55:59.136,0.83985,0.84003,1.00,1.15
2014.11.17 15:55:59.287,0.83986,0.84007,1.50,1.15
2014.11.17 15:55:59.965,0.83988,0.84009,1.00,2.32
2014.11.17 15:56:00.016,0.83988,0.8401,1.10,1.27
2014.11.17 15:56:00.117,0.83988,0.8401,1.15,1.27
2014.11.17 15:56:00.167,0.83986,0.8401,1.65,1.27
2014.11.17 15:56:00.218,0.83986,0.8401,1.65,1.27
2014.11.17 15:56:00.541,0.83986,0.8401,2.02,1.52
2014.11.17 15:56:01.064,0.83988,0.84011,1.47,2.77
2014.11.17 15:56:01.567,0.83988,0.84009,1.20,1.95
2014.11.17 15:56:01.869,0.83985,0.84008,1.47,4.95
2014.11.17 15:56:02.121,0.83984,0.84006,1.12,1.52
2014.11.17 15:56:02.172,0.83984,0.84006,1.12,1.52
2014.11.17 15:56:05.657,0.83984,0.84006,1.37,4.95
2014.11.17 15:56:05.960,0.83984,0.84002,1.37,1.15
2014.11.17 15:56:06.413,0.8398,0.84002,1.10,1.15
2014.11.17 15:56:06.616,0.83978,0.84,1.20,1.17
2014.11.17 15:56:06.717,0.8398,0.83998,1.00,1.00
2014.11.17 15:56:07.026,0.83976,0.83998,1.52,1.00
2014.11.17 15:56:07.470,0.83976,0.83998,3.15,1.00
2014.11.17 15:56:07.998,0.83977,0.84,3.15,1.20
2014.11.17 15:56:08.505,0.83979,0.84002,2.77,1.52
2014.11.17 15:56:08.866,0.83979,0.84002,2.77,1.52
2014.11.17 15:56:09.416,0.83979,0.84002,2.77,1.52
2014.11.17 15:56:12.489,0.83978,0.84001,1.55,1.52
2014.11.17 15:56:13.414,0.83977,0.83999,3.15,1.07
2014.11.17 15:56:13.565,0.8398,0.84002,2.40,1.00
2014.11.17 15:56:14.084,0.83982,0.84005,3.15,1.15
2014.11.17 15:56:14.851,0.83985,0.84006,1.47,1.27
2014.11.17 15:56:15.638,0.83985,0.84006,1.47,1.27
2014.11.17 15:56:17.443,0.83985,0.84004,1.47,1.00
2014.11.17 15:56:17.544,0.83986,0.84007,2.02,1.10
2014.11.17 15:56:18.049,0.8399,0.84008,1.37,1.10
2014.11.17 15:56:18.625,0.83987,0.84008,2.02,1.20
2014.11.17 15:56:19.132,0.83986,0.84007,2.02,1.00
2014.11.17 15:56:24.008,0.83986,0.84007,2.02,1.37
2014.11.17 15:56:24.610,0.83986,0.84007,1.95,1.55
2014.11.17 15:56:25.212,0.83985,0.84006,2.77,1.47
2014.11.17 15:56:25.313,0.83985,0.84006,1.27,1.47
2014.11.17 15:56:25.634,0.8398,0.84005,2.02,1.57
2014.11.17 15:56:26.817,0.8398,0.84005,2.40,1.57
2014.11.17 15:56:27.041,0.83984,0.84005,1.37,1.27
2014.11.17 15:56:27.545,0.83984,0.84005,1.37,1.20
2014.11.17 15:56:29.886,0.83984,0.84004,1.52,1.00
2014.11.17 15:56:32.199,0.83985,0.84003,1.55,1.00
2014.11.17 15:56:33.033,0.83985,0.84003,1.55,1.00
2014.11.17 15:56:33.184,0.83984,0.84003,1.10,1.00
2014.11.17 15:56:33.342,0.83985,0.84003,1.37,1.00
2014.11.17 15:56:34.047,0.83985,0.84003,1.37,1.00
2014.11.17 15:56:38.094,0.83985,0.84005,1.37,1.17
2014.11.17 15:56:40.048,0.83985,0.84005,1.37,1.17
2014.11.17 15:56:44.281,0.83985,0.84005,1.50,1.17
2014.11.17 15:56:44.382,0.83987,0.84007,1.87,1.17
2014.11.17 15:56:44.886,0.83986,0.84007,2.70,1.12
2014.11.17 15:56:44.987,0.83985,0.84007,1.52,1.12
2014.11.17 15:56:45.099,0.83985,0.84005,1.55,1.00
2014.11.17 15:56:45.401,0.83982,0.84003,2.02,1.00
2014.11.17 15:56:45.953,0.83983,0.84002,1.95,1.00
2014.11.17 15:56:52.095,0.83983,0.84002,1.95,1.12
2014.11.17 15:56:52.600,0.83983,0.84003,1.87,1.27
2014.11.17 15:56:52.751,0.83983,0.84005,1.65,1.10
2014.11.17 15:56:53.894,0.83984,0.84006,2.77,1.17
2014.11.17 15:56:54.442,0.83985,0.84006,1.47,1.55
2014.11.17 15:56:54.889,0.83985,0.84004,1.47,1.00
2014.11.17 15:56:55.091,0.83985,0.84004,1.47,1.00
2014.11.17 15:56:55.526,0.83985,0.84004,1.47,1.00
2014.11.17 15:56:55.627,0.83985,0.84004,1.47,1.00
2014.11.17 15:56:56.180,0.83984,0.84005,1.55,1.10
2014.11.17 15:56:57.390,0.83984,0.84005,2.77,1.20
2014.11.17 15:56:57.704,0.83984,0.84005,2.77,1.10
2014.11.17 15:56:57.905,0.83984,0.84005,1.55,1.47
2014.11.17 15:56:58.107,0.83984,0.84005,2.77,1.10
2014.11.17 15:56:58.645,0.83984,0.84006,2.77,1.55
2014.11.17 15:56:59.896,0.83984,0.84006,1.55,1.55
2014.11.17 15:57:00.481,0.83984,0.84006,1.55,1.55
2014.11.17 15:57:00.834,0.83981,0.84004,1.52,1.55
2014.11.17 15:57:01.413,0.83981,0.84004,1.52,1.55
2014.11.17 15:57:02.924,0.8398,0.84003,3.52,1.52
2014.11.17 15:57:04.117,0.8398,0.84001,2.77,1.20
2014.11.17 15:57:04.732,0.8398,0.84001,2.77,1.10
2014.11.17 15:57:05.195,0.8398,0.84001,2.77,1.10
2014.11.17 15:57:05.704,0.8398,0.84,2.77,1.00
2014.11.17 15:57:07.678,0.8398,0.84,2.40,1.37
2014.11.17 15:57:07.779,0.8398,0.84,1.55,1.12
2014.11.17 15:57:07.830,0.8398,0.83998,1.47,1.00
2014.11.17 15:57:08.334,0.8398,0.83999,1.00,1.10
2014.11.17 15:57:08.896,0.8398,0.83997,1.00,1.00
2014.11.17 15:57:09.529,0.8398,0.83997,1.37,1.00
2014.11.17 15:57:09.781,0.8398,0.84,1.37,1.27
2014.11.17 15:57:09.882,0.83985,0.84,1.00,1.27
2014.11.17 15:57:10.543,0.83979,0.84,1.47,2.77
2014.11.17 15:57:10.796,0.8398,0.83998,1.12,1.00
2014.11.17 15:57:12.026,0.8398,0.83998,1.37,1.00
2014.11.17 15:57:12.227,0.8398,0.84001,1.45,1.20
2014.11.17 15:57:12.748,0.83978,0.84001,2.02,1.47
2014.11.17 15:57:13.305,0.83978,0.84001,2.02,1.47
2014.11.17 15:57:14.703,0.83978,0.84001,2.02,1.47
2014.11.17 15:57:15.708,0.8398,0.84001,1.45,1.47
2014.11.17 15:57:16.244,0.83979,0.84001,2.02,1.47
2014.11.17 15:57:16.953,0.83979,0.84001,2.02,1.47
2014.11.17 15:57:19.121,0.8398,0.84001,1.45,1.20
2014.11.17 15:57:24.293,0.83978,0.83999,2.02,1.00
2014.11.17 15:57:25.364,0.8398,0.83999,1.00,1.47
2014.11.17 15:57:25.883,0.83975,0.83996,3.82,1.00
2014.11.17 15:57:26.396,0.83975,0.83996,4.95,1.00
2014.11.17 15:57:26.497,0.83975,0.83996,1.52,1.00
2014.11.17 15:57:27.355,0.83975,0.83996,1.52,1.00
2014.11.17 15:57:27.869,0.8398,0.83998,1.00,1.55
2014.11.17 15:57:28.171,0.83974,0.83997,1.52,1.47
2014.11.17 15:57:29.680,0.83975,0.83997,1.52,1.47
2014.11.17 15:57:30.212,0.83975,0.83997,1.47,1.52
2014.11.17 15:57:33.356,0.83975,0.83994,1.47,1.00
2014.11.17 15:57:35.284,0.83975,0.83994,1.47,1.00
2014.11.17 15:57:35.511,0.8398,0.83994,1.00,1.00
2014.11.17 15:57:35.868,0.83975,0.83996,1.55,1.10
2014.11.17 15:57:36.063,0.83975,0.83992,1.55,1.00
2014.11.17 15:57:37.365,0.83975,0.83992,1.55,1.00
2014.11.17 15:57:37.870,0.83975,0.83992,1.27,1.00
2014.11.17 15:57:38.374,0.83975,0.83992,1.55,1.00
2014.11.17 15:57:38.919,0.83973,0.83992,2.02,1.00
2014.11.17 15:57:39.918,0.83974,0.83995,1.52,1.47
2014.11.17 15:57:41.093,0.83974,0.83995,1.52,1.10
2014.11.17 15:57:41.617,0.83974,0.83995,1.52,1.10
2014.11.17 15:57:42.153,0.83974,0.83995,3.45,1.00
2014.11.17 15:57:48.410,0.83975,0.83995,2.77,1.00
2014.11.17 15:57:49.912,0.83975,0.83995,2.77,1.00
2014.11.17 15:58:02.761,0.83975,0.83995,1.55,1.00
2014.11.17 15:58:03.448,0.83975,0.83995,1.55,1.00
2014.11.17 15:58:03.983,0.83975,0.83995,1.55,1.20
2014.11.17 15:58:04.084,0.83975,0.83995,1.17,1.47
2014.11.17 15:58:04.436,0.8397,0.83993,2.77,1.37
2014.11.17 15:58:04.588,0.83971,0.83993,1.27,1.37
2014.11.17 15:58:04.795,0.83971,0.83993,1.15,1.00
2014.11.17 15:58:05.300,0.83974,0.83993,1.00,1.00
2014.11.17 15:58:05.401,0.83974,0.83995,1.00,2.77
2014.11.17 15:58:06.147,0.83974,0.83996,1.07,1.55
2014.11.17 15:58:06.499,0.83974,0.83995,1.15,1.37
2014.11.17 15:58:06.600,0.83973,0.83996,1.20,3.15
2014.11.17 15:58:06.701,0.8397,0.83993,1.65,1.75
2014.11.17 15:58:07.246,0.8397,0.83993,1.65,1.90
2014.11.17 15:58:07.604,0.8397,0.83993,1.65,1.52
2014.11.17 15:58:07.714,0.83971,0.83994,1.17,3.15
2014.11.17 15:58:08.044,0.83971,0.83993,1.15,2.25
2014.11.17 15:58:08.196,0.8397,0.83993,1.65,1.57
2014.11.17 15:58:08.246,0.83975,0.83993,1.00,1.57
2014.11.17 15:58:08.606,0.8397,0.83992,1.17,1.37
2014.11.17 15:58:09.346,0.83975,0.83992,1.00,1.37
2014.11.17 15:58:10.823,0.83975,0.83991,1.00,1.57
2014.11.17 15:58:11.346,0.8397,0.83991,1.12,1.57
2014.11.17 15:58:11.397,0.8397,0.8399,1.00,1.37
2014.11.17 15:58:11.598,0.8397,0.8399,1.00,1.37
2014.11.17 15:58:12.143,0.8397,0.8399,1.00,1.37
2014.11.17 15:58:12.711,0.8397,0.83989,1.00,1.12
2014.11.17 15:58:15.152,0.8397,0.83989,1.00,1.37
2014.11.17 15:58:15.666,0.8397,0.83989,1.00,1.37
2014.11.17 15:58:16.163,0.8397,0.83989,1.37,1.00
2014.11.17 15:58:16.264,0.8397,0.83992,1.52,1.00
2014.11.17 15:58:16.415,0.83975,0.83992,1.00,1.00
2014.11.17 15:58:16.516,0.83975,0.83995,1.00,1.07
2014.11.17 15:58:17.024,0.83975,0.83996,1.17,1.17
2014.11.17 15:58:17.568,0.83974,0.83996,2.02,1.55
2014.11.17 15:58:18.243,0.83975,0.83996,1.17,1.65
2014.11.17 15:58:18.394,0.83974,0.83996,1.10,1.65
2014.11.17 15:58:20.258,0.83974,0.83995,1.10,1.55
2014.11.17 15:58:20.800,0.83974,0.83995,1.10,1.55
2014.11.17 15:58:21.166,0.83974,0.83997,2.02,1.57
2014.11.17 15:58:21.680,0.83974,0.83997,3.52,1.57
2014.11.17 15:58:22.357,0.83974,0.83997,1.90,1.20
2014.11.17 15:58:22.458,0.83975,0.83999,2.40,1.27
2014.11.17 15:58:22.861,0.8398,0.84002,1.55,1.55
2014.11.17 15:58:23.264,0.8398,0.84002,1.47,1.52
2014.11.17 15:58:23.748,0.8398,0.84002,1.55,1.55
2014.11.17 15:58:23.950,0.8398,0.84001,1.12,1.52
2014.11.17 15:58:24.151,0.83977,0.84,3.07,1.10
2014.11.17 15:58:24.252,0.83976,0.83999,1.15,1.20
2014.11.17 15:58:24.799,0.83976,0.83998,1.65,1.00
2014.11.17 15:58:24.849,0.83976,0.83998,2.02,1.12
2014.11.17 15:58:24.950,0.83975,0.83997,2.40,1.00
2014.11.17 15:58:25.001,0.8398,0.83997,1.00,1.00
2014.11.17 15:58:25.253,0.8398,0.83999,1.00,1.20
2014.11.17 15:58:25.556,0.8398,0.84005,3.15,1.15
2014.11.17 15:58:25.657,0.8398,0.84004,1.65,1.65
2014.11.17 15:58:25.808,0.8398,0.84001,1.07,1.17
2014.11.17 15:58:26.111,0.83976,0.83999,2.40,1.17
2014.11.17 15:58:26.670,0.83975,0.83997,1.65,1.00
2014.11.17 15:58:26.972,0.83975,0.83997,2.40,1.00
2014.11.17 15:58:27.173,0.83976,0.83999,2.40,1.00
2014.11.17 15:58:27.475,0.8398,0.84001,1.12,2.70
2014.11.17 15:58:27.677,0.83979,0.84002,1.45,1.55
2014.11.17 15:58:27.951,0.83979,0.84001,1.37,2.70
2014.11.17 15:58:28.203,0.83977,0.84,1.55,2.77
2014.11.17 15:58:28.404,0.83977,0.84,1.52,2.77
2014.11.17 15:58:30.210,0.8398,0.84,1.37,1.27
2014.11.17 15:58:30.880,0.8398,0.84003,1.37,4.95
2014.11.17 15:58:31.082,0.8398,0.84002,1.55,1.65
2014.11.17 15:58:31.133,0.83985,0.84003,1.00,1.15
2014.11.17 15:58:31.233,0.83981,0.84004,1.47,1.52
2014.11.17 15:58:31.446,0.83981,0.84004,1.27,1.47
2014.11.17 15:58:31.597,0.8398,0.84003,2.40,1.15
2014.11.17 15:58:31.854,0.8398,0.83999,1.00,1.00
2014.11.17 15:58:32.602,0.83976,0.83999,2.40,1.00
2014.11.17 15:58:32.972,0.83976,0.83999,2.77,1.12
2014.11.17 15:58:35.670,0.83975,0.83997,3.52,1.00
2014.11.17 15:58:36.432,0.8398,0.83997,1.00,1.00
2014.11.17 15:58:37.041,0.83976,0.83998,1.52,1.12
2014.11.17 15:58:38.434,0.83976,0.83998,1.52,1.37
2014.11.17 15:58:38.535,0.83974,0.83999,5.70,1.47
2014.11.17 15:58:38.737,0.83975,0.83998,2.02,1.45
2014.11.17 15:58:38.838,0.8398,0.84,1.12,1.45
2014.11.17 15:58:38.888,0.8398,0.84002,1.12,1.52
2014.11.17 15:58:38.939,0.83985,0.84002,1.00,1.17
2014.11.17 15:58:38.990,0.83985,0.84002,1.00,1.17
2014.11.17 15:58:39.090,0.83981,0.84003,1.10,1.15
2014.11.17 15:58:39.294,0.83982,0.84004,1.10,1.17
2014.11.17 15:58:39.596,0.83984,0.84004,1.00,1.17
2014.11.17 15:58:39.898,0.8398,0.84003,1.37,1.52
2014.11.17 15:58:39.999,0.83979,0.84002,1.57,1.52
2014.11.17 15:58:41.226,0.8398,0.84003,2.77,1.55
2014.11.17 15:58:41.846,0.83981,0.84003,2.70,1.55
2014.11.17 15:58:43.220,0.8398,0.84003,3.52,1.55
2014.11.17 15:58:44.354,0.8398,0.84001,2.77,1.47
2014.11.17 15:58:45.431,0.8398,0.84002,2.77,1.45
2014.11.17 15:58:45.733,0.83979,0.84001,1.47,1.27
2014.11.17 15:58:45.834,0.83979,0.84001,1.57,1.27
2014.11.17 15:58:50.625,0.83981,0.84003,1.87,1.15
2014.11.17 15:58:50.726,0.83985,0.84003,1.47,1.10
2014.11.17 15:58:50.877,0.83986,0.84006,1.95,1.20
2014.11.17 15:58:50.928,0.83985,0.84004,1.00,2.25
2014.11.17 15:58:51.180,0.83981,0.84003,1.57,1.15
2014.11.17 15:58:52.224,0.8398,0.84002,1.00,1.17
2014.11.17 15:58:52.376,0.8398,0.84002,1.37,1.15
2014.11.17 15:58:52.678,0.8398,0.84003,2.77,1.55
2014.11.17 15:58:52.729,0.83983,0.84005,1.45,2.02
2014.11.17 15:58:52.830,0.83983,0.84006,1.55,1.55
2014.11.17 15:58:53.371,0.83985,0.84005,1.47,1.20
2014.11.17 15:58:53.875,0.83985,0.84006,1.37,1.55
2014.11.17 15:58:53.976,0.83985,0.84006,1.47,1.55
2014.11.17 15:58:54.255,0.83985,0.84006,1.20,1.55
2014.11.17 15:58:54.557,0.83985,0.84007,1.47,1.52
2014.11.17 15:58:55.071,0.83985,0.84007,1.47,1.52
2014.11.17 15:58:56.847,0.83985,0.84007,1.20,1.52
2014.11.17 15:58:57.048,0.83985,0.84004,1.00,1.52
2014.11.17 15:58:57.362,0.83984,0.84002,1.12,1.27
2014.11.17 15:58:57.573,0.83984,0.84002,1.00,1.17
2014.11.17 15:58:57.674,0.83984,0.84005,2.62,2.32
2014.11.17 15:58:57.775,0.83985,0.84006,2.25,1.07
2014.11.17 15:58:57.876,0.83984,0.84006,1.10,1.10
2014.11.17 15:58:57.977,0.83984,0.84008,1.57,3.07
2014.11.17 15:58:58.281,0.8399,0.84008,1.00,1.15
2014.11.17 15:58:58.634,0.83986,0.84009,1.00,3.07
2014.11.17 15:58:58.886,0.83989,0.84009,1.00,3.07
2014.11.17 15:58:59.395,0.8399,0.84009,1.00,2.32
2014.11.17 15:59:00.804,0.83989,0.84009,1.12,2.62
2014.11.17 15:59:00.855,0.83989,0.84011,1.47,1.52
2014.11.17 15:59:01.259,0.83991,0.84011,1.65,1.20
2014.11.17 15:59:01.865,0.8399,0.84012,2.02,1.55
2014.11.17 15:59:02.395,0.83991,0.84012,2.02,1.27
2014.11.17 15:59:02.932,0.83991,0.84014,1.45,4.95
2014.11.17 15:59:06.293,0.83992,0.84014,1.37,4.87
2014.11.17 15:59:06.343,0.83992,0.84015,1.55,2.77
2014.11.17 15:59:06.847,0.83994,0.84016,1.12,2.77
2014.11.17 15:59:07.364,0.83993,0.84016,1.20,1.52
2014.11.17 15:59:07.786,0.83995,0.84017,1.00,2.70
2014.11.17 15:59:08.290,0.83995,0.84016,1.00,1.52
2014.11.17 15:59:08.882,0.83995,0.84016,1.00,1.52
2014.11.17 15:59:09.397,0.83995,0.84016,1.10,1.55
2014.11.17 15:59:09.917,0.83995,0.84016,1.47,1.55
2014.11.17 15:59:10.269,0.83995,0.84016,1.12,1.52
2014.11.17 15:59:10.653,0.83995,0.84015,1.00,3.45
2014.11.17 15:59:12.358,0.83995,0.84016,1.00,1.55
2014.11.17 15:59:12.484,0.83995,0.84016,1.12,1.55
2014.11.17 15:59:13.794,0.83995,0.84014,1.12,1.20
2014.11.17 15:59:14.791,0.83995,0.84016,1.20,1.52
2014.11.17 15:59:14.842,0.83994,0.84015,2.77,1.20
2014.11.17 15:59:14.892,0.83995,0.84015,2.25,1.00
2014.11.17 15:59:14.943,0.83995,0.84019,3.07,1.10
2014.11.17 15:59:15.094,0.83995,0.84018,1.07,2.25
2014.11.17 15:59:15.144,0.83995,0.84018,1.00,2.32
2014.11.17 15:59:15.396,0.83995,0.84016,1.00,3.07
2014.11.17 15:59:15.622,0.83995,0.84017,1.00,1.15
2014.11.17 15:59:16.231,0.84,0.84018,1.00,2.32
2014.11.17 15:59:16.383,0.83997,0.84018,1.00,2.32
2014.11.17 15:59:16.832,0.83995,0.84018,1.00,3.07
2014.11.17 15:59:17.375,0.83995,0.84018,1.57,1.15
2014.11.17 15:59:17.884,0.83995,0.84018,3.15,1.52
2014.11.17 15:59:18.137,0.83997,0.84019,1.57,1.15
2014.11.17 15:59:18.188,0.83997,0.84019,1.65,1.20
2014.11.17 15:59:18.238,0.84005,0.84022,1.00,2.40
2014.11.17 15:59:18.339,0.84,0.84022,1.10,1.15
2014.11.17 15:59:18.389,0.84,0.84019,1.00,1.15
2014.11.17 15:59:18.591,0.84,0.84022,1.17,1.17
2014.11.17 15:59:19.095,0.84,0.8402,1.20,1.00
2014.11.17 15:59:19.637,0.84,0.8402,1.00,1.17
2014.11.17 15:59:20.163,0.84,0.84022,1.12,1.52
2014.11.17 15:59:20.314,0.84001,0.84024,1.20,1.52
2014.11.17 15:59:20.415,0.84001,0.84024,1.20,1.15
2014.11.17 15:59:21.147,0.84001,0.84024,1.57,1.52
2014.11.17 15:59:22.903,0.84001,0.84024,2.77,1.47
2014.11.17 15:59:23.223,0.84005,0.84027,1.87,1.52
2014.11.17 15:59:23.726,0.84005,0.84027,3.37,1.27
2014.11.17 15:59:24.441,0.84005,0.84027,3.37,1.27
2014.11.17 15:59:24.749,0.84006,0.84027,2.02,1.20
2014.11.17 15:59:25.151,0.84005,0.84027,3.52,1.47
2014.11.17 15:59:25.252,0.84006,0.84029,1.17,1.15
2014.11.17 15:59:25.303,0.84006,0.84028,1.10,1.17
2014.11.17 15:59:25.706,0.84007,0.8403,1.07,1.15
2014.11.17 15:59:26.008,0.84007,0.84029,1.00,2.32
2014.11.17 15:59:26.310,0.8401,0.84026,1.00,2.32
2014.11.17 15:59:26.361,0.84007,0.84026,1.00,2.32
2014.11.17 15:59:26.462,0.84005,0.84026,1.50,2.32
2014.11.17 15:59:28.301,0.84005,0.84027,1.00,1.52
2014.11.17 15:59:29.382,0.84003,0.84025,1.55,1.55
2014.11.17 15:59:29.684,0.84005,0.84026,1.00,1.52
2014.11.17 15:59:30.195,0.84005,0.84026,1.00,1.52
2014.11.17 15:59:30.787,0.84005,0.84026,1.00,1.52
2014.11.17 15:59:31.418,0.84003,0.84025,2.70,1.52
2014.11.17 15:59:31.519,0.84003,0.84023,1.87,1.55
2014.11.17 15:59:31.721,0.84001,0.84023,2.02,1.57
2014.11.17 15:59:32.355,0.84001,0.84025,2.02,2.02
2014.11.17 15:59:32.661,0.84005,0.84025,1.00,1.52
2014.11.17 15:59:32.912,0.84001,0.84023,1.07,1.07
2014.11.17 15:59:33.215,0.84001,0.84022,1.50,1.15
2014.11.17 15:59:33.416,0.84005,0.84026,1.00,1.52
2014.11.17 15:59:34.180,0.84009,0.84025,1.00,1.00
2014.11.17 15:59:34.445,0.84009,0.84027,1.00,1.10
2014.11.17 15:59:34.550,0.84005,0.84027,1.65,1.10
2014.11.17 15:59:34.870,0.8401,0.84027,1.00,1.10
2014.11.17 15:59:35.200,0.84009,0.84027,1.00,1.15
2014.11.17 15:59:35.402,0.8401,0.84029,1.00,1.15
2014.11.17 15:59:35.861,0.8401,0.84029,1.00,3.07
2014.11.17 15:59:36.041,0.84006,0.84029,1.50,3.07
2014.11.17 15:59:36.599,0.84006,0.84027,1.50,1.52
2014.11.17 15:59:37.002,0.84004,0.84027,3.15,1.95
2014.11.17 15:59:37.405,0.84004,0.84024,1.00,1.15
2014.11.17 15:59:37.606,0.8401,0.84028,1.00,1.52
2014.11.17 15:59:37.707,0.84005,0.84028,3.07,1.52
2014.11.17 15:59:37.758,0.84005,0.84028,3.07,1.52
2014.11.17 15:59:38.060,0.8401,0.84024,1.00,2.25
2014.11.17 15:59:38.161,0.84005,0.84025,1.50,2.32
2014.11.17 15:59:38.262,0.84005,0.84028,3.00,3.07
2014.11.17 15:59:38.564,0.84001,0.84023,1.15,1.20
2014.11.17 15:59:38.665,0.84,0.84022,1.17,1.07
2014.11.17 15:59:38.715,0.84,0.84022,1.10,1.15
2014.11.17 15:59:38.917,0.84002,0.84024,1.00,2.32
2014.11.17 15:59:39.018,0.84002,0.84025,1.10,1.27
2014.11.17 15:59:39.370,0.84005,0.84025,1.00,1.27
2014.11.17 15:59:39.673,0.84007,0.84027,1.00,4.20
2014.11.17 15:59:39.724,0.84005,0.84027,1.00,4.20
2014.11.17 15:59:40.297,0.84005,0.84027,1.00,3.07
2014.11.17 15:59:40.498,0.84007,0.84027,1.00,4.20
2014.11.17 15:59:41.053,0.84006,0.84026,1.00,2.32
2014.11.17 15:59:41.204,0.84002,0.84024,1.00,2.32
2014.11.17 15:59:41.255,0.84004,0.84025,1.00,2.40
2014.11.17 15:59:41.557,0.84002,0.84024,1.00,3.82
2014.11.17 15:59:42.073,0.84003,0.84025,1.00,1.15
2014.11.17 15:59:42.171,0.84005,0.84028,1.65,1.15
2014.11.17 15:59:42.272,0.84005,0.84028,1.57,1.15
2014.11.17 15:59:42.323,0.84009,0.84029,1.50,2.70
2014.11.17 15:59:42.374,0.84009,0.84032,1.50,5.62
2014.11.17 15:59:42.475,0.84011,0.84034,1.00,5.62
2014.11.17 15:59:42.916,0.84015,0.84034,1.00,2.02
2014.11.17 15:59:43.168,0.8402,0.84037,1.00,1.10
2014.11.17 15:59:43.369,0.84021,0.84043,1.00,3.45
2014.11.17 15:59:43.873,0.84019,0.84041,1.00,1.52
2014.11.17 15:59:44.358,0.84016,0.84039,1.00,3.07
2014.11.17 15:59:44.676,0.8402,0.84037,1.00,2.32
2014.11.17 15:59:44.777,0.84019,0.84035,1.00,1.57
2014.11.17 15:59:44.878,0.84016,0.84038,1.17,1.65
2014.11.17 15:59:44.979,0.84016,0.84039,1.00,4.57
2014.11.17 15:59:46.081,0.84019,0.84037,1.00,2.02
2014.11.17 15:59:46.596,0.84019,0.84038,1.00,2.02
2014.11.17 15:59:46.646,0.84017,0.84038,1.00,2.02
2014.11.17 15:59:47.152,0.84017,0.84037,1.00,2.02
2014.11.17 15:59:47.617,0.84015,0.84037,1.12,4.20
2014.11.17 15:59:47.859,0.84014,0.84035,1.00,3.82
2014.11.17 15:59:48.363,0.84015,0.84034,1.00,1.65
2014.11.17 15:59:49.487,0.84015,0.84035,1.00,2.02
2014.11.17 15:59:49.940,0.84015,0.84036,1.00,1.90
2014.11.17 15:59:50.091,0.84013,0.84033,1.00,2.02
2014.11.17 15:59:51.126,0.84011,0.84033,1.00,2.02
2014.11.17 15:59:51.176,0.84011,0.84029,1.00,1.95
2014.11.17 15:59:51.328,0.84009,0.84031,1.50,4.20
2014.11.17 15:59:51.891,0.8401,0.84031,1.00,2.02
2014.11.17 15:59:52.402,0.84009,0.84031,1.00,1.52
2014.11.17 15:59:52.553,0.84012,0.84032,1.00,4.20
2014.11.17 15:59:52.662,0.84012,0.84031,1.00,1.65
2014.11.17 15:59:52.763,0.84015,0.84037,1.00,2.70
2014.11.17 15:59:53.115,0.84011,0.84034,1.07,4.57
2014.11.17 15:59:53.266,0.84012,0.84034,1.00,1.65
2014.11.17 15:59:53.719,0.84012,0.84033,1.00,1.65
2014.11.17 15:59:53.788,0.8401,0.84033,1.10,2.40
2014.11.17 15:59:54.490,0.8401,0.84032,1.50,1.65
2014.11.17 15:59:54.591,0.8401,0.8403,1.00,2.32
2014.11.17 15:59:54.742,0.8401,0.84031,1.00,1.65
2014.11.17 15:59:55.259,0.84009,0.84031,1.52,1.47
2014.11.17 15:59:55.411,0.84009,0.84031,1.52,1.20
2014.11.17 15:59:55.792,0.8401,0.84034,2.77,1.65
2014.11.17 15:59:56.203,0.8401,0.84032,1.47,1.55
2014.11.17 15:59:56.480,0.8401,0.84032,1.00,1.15
2014.11.17 15:59:56.934,0.84011,0.84034,1.10,2.40
2014.11.17 15:59:57.193,0.84011,0.84034,1.15,2.40
2014.11.17 15:59:57.521,0.84015,0.84034,1.00,4.57
2014.11.17 15:59:58.037,0.84015,0.84034,1.00,1.15
2014.11.17 15:59:58.183,0.84011,0.84034,1.17,1.15
2014.11.17 15:59:58.535,0.84013,0.84035,1.17,1.17
2014.11.17 15:59:59.205,0.84011,0.84034,1.00,1.15
2014.11.17 15:59:59.306,0.84011,0.84034,1.17,1.07
2014.11.17 15:59:59.733,0.84011,0.84034,1.17,1.15
