2010.11.16 22:00:00.065,0.97165,0.97371,5.90,6.30
2010.11.16 22:00:01.072,0.97166,0.97343,2.30,1.20
2010.11.16 22:00:01.673,0.97167,0.97373,2.30,6.30
2010.11.16 22:00:02.044,0.97165,0.97369,5.90,6.30
2010.11.16 22:00:04.044,0.97165,0.97369,5.90,6.30
2010.11.16 22:00:06.784,0.97169,0.97375,2.60,2.40
2010.11.16 22:00:07.920,0.97168,0.97372,6.10,2.30
2010.11.16 22:00:08.563,0.97168,0.97372,2.40,2.40
2010.11.16 22:00:09.450,0.97168,0.97372,2.70,6.50
2010.11.16 22:00:11.535,0.97168,0.97362,2.70,1.20
2010.11.16 22:00:13.360,0.97168,0.97372,5.90,6.30
2010.11.16 22:00:16.092,0.9717,0.97374,5.90,6.30
2010.11.16 22:00:18.166,0.97173,0.97357,2.60,1.20
2010.11.16 22:00:18.491,0.97169,0.97375,2.40,6.30
2010.11.16 22:00:19.290,0.97169,0.97358,6.10,1.20
2010.11.16 22:00:20.400,0.97167,0.97371,6.30,6.10
2010.11.16 22:00:21.521,0.97167,0.97371,6.30,5.90
2010.11.16 22:00:23.452,0.97178,0.97371,1.20,6.50
2010.11.16 22:00:26.774,0.97171,0.97377,6.30,6.30
2010.11.16 22:00:27.913,0.97192,0.97373,1.20,1.20
2010.11.16 22:00:29.988,0.97176,0.9738,6.30,6.30
2010.11.16 22:00:35.540,0.97172,0.97357,6.10,1.20
2010.11.16 22:00:35.791,0.97168,0.97372,2.40,6.30
2010.11.16 22:00:35.900,0.97198,0.97362,1.20,1.20
2010.11.16 22:00:38.384,0.97162,0.97368,6.30,6.30
2010.11.16 22:00:39.244,0.97162,0.97368,6.30,6.30
2010.11.16 22:00:39.533,0.97162,0.97358,6.90,1.20
2010.11.16 22:00:39.766,0.97162,0.97368,2.40,6.30
2010.11.16 22:00:40.096,0.97167,0.97371,6.10,6.30
2010.11.16 22:00:40.215,0.97167,0.97352,2.40,1.20
2010.11.16 22:00:40.870,0.97167,0.97353,2.70,1.20
2010.11.16 22:00:44.224,0.97167,0.97371,6.10,6.30
2010.11.16 22:00:44.931,0.97202,0.97358,1.20,1.20
2010.11.16 22:00:45.152,0.9717,0.97362,6.10,1.20
2010.11.16 22:00:45.307,0.9717,0.97358,2.30,1.20
2010.11.16 22:00:45.563,0.97198,0.97362,1.20,1.20
2010.11.16 22:00:46.531,0.9717,0.97357,6.10,1.20
2010.11.16 22:00:47.111,0.97197,0.97353,1.20,1.20
2010.11.16 22:00:47.618,0.97166,0.97372,6.10,6.30
2010.11.16 22:00:47.870,0.97197,0.97353,1.20,1.20
2010.11.16 22:00:50.205,0.97166,0.97372,6.30,6.30
2010.11.16 22:00:53.203,0.97198,0.97352,1.20,1.20
2010.11.16 22:00:54.207,0.97166,0.97372,6.10,6.30
2010.11.16 22:00:54.817,0.97166,0.97372,2.40,6.30
2010.11.16 22:00:55.749,0.97172,0.97348,1.20,1.20
2010.11.16 22:00:55.980,0.97163,0.97353,6.50,1.20
2010.11.16 22:00:56.511,0.97166,0.97372,6.10,6.30
2010.11.16 22:00:57.120,0.97171,0.97375,6.30,6.30
2010.11.16 22:00:58.039,0.97171,0.97375,6.30,6.30
2010.11.16 22:00:58.260,0.97176,0.97382,6.10,6.30
2010.11.16 22:00:59.403,0.97192,0.97348,1.20,1.20
2010.11.16 22:00:59.770,0.97172,0.97378,6.30,6.30
2010.11.16 22:01:01.951,0.97162,0.97343,1.20,1.20
2010.11.16 22:01:02.089,0.97159,0.97342,6.10,1.20
2010.11.16 22:01:02.970,0.97159,0.97365,6.30,6.30
2010.11.16 22:01:03.426,0.97159,0.97365,6.10,6.30
2010.11.16 22:01:05.089,0.97193,0.97352,1.20,1.20
2010.11.16 22:01:06.984,0.97227,0.97353,2.30,6.30
2010.11.16 22:01:08.172,0.97227,0.97353,2.30,6.30
2010.11.16 22:01:08.493,0.97227,0.97343,2.60,1.20
2010.11.16 22:01:08.816,0.97227,0.97353,2.30,6.30
2010.11.16 22:01:09.044,0.97227,0.97348,2.30,1.20
2010.11.16 22:01:09.151,0.97217,0.97343,2.30,6.50
2010.11.16 22:01:09.747,0.97217,0.97343,2.30,6.30
2010.11.16 22:01:11.958,0.97217,0.97342,2.30,1.20
2010.11.16 22:01:13.431,0.97228,0.97352,2.30,6.30
2010.11.16 22:01:15.793,0.97227,0.97343,2.40,6.30
2010.11.16 22:01:19.326,0.97227,0.97343,2.50,2.50
2010.11.16 22:01:19.433,0.97257,0.97353,2.30,6.30
2010.11.16 22:01:19.764,0.97257,0.97353,2.30,6.30
2010.11.16 22:01:20.861,0.97267,0.97353,2.30,6.30
2010.11.16 22:01:21.930,0.97258,0.97352,2.30,6.30
2010.11.16 22:01:22.391,0.97248,0.97342,2.30,5.90
2010.11.16 22:01:24.641,0.97218,0.97332,2.40,6.50
2010.11.16 22:01:24.751,0.97218,0.97332,2.30,2.60
2010.11.16 22:01:29.006,0.97218,0.97332,2.30,2.40
2010.11.16 22:01:31.225,0.97217,0.97353,2.30,6.30
2010.11.16 22:01:45.413,0.97217,0.97353,2.30,6.50
2010.11.16 22:01:46.370,0.97197,0.97333,2.30,2.40
2010.11.16 22:01:49.172,0.97197,0.97333,2.40,2.50
2010.11.16 22:01:49.355,0.97197,0.97333,2.40,2.40
2010.11.16 22:01:49.570,0.97207,0.97343,2.30,6.10
2010.11.16 22:01:55.883,0.97207,0.97343,2.40,2.40
2010.11.16 22:01:58.184,0.97217,0.97353,2.30,6.50
2010.11.16 22:01:59.881,0.97218,0.97342,2.70,2.60
2010.11.16 22:02:03.281,0.97228,0.97342,2.30,2.50
2010.11.16 22:02:03.390,0.97218,0.97342,2.30,2.50
2010.11.16 22:02:03.501,0.97218,0.97342,2.40,2.40
2010.11.16 22:02:07.071,0.97218,0.97342,2.40,2.40
2010.11.16 22:02:09.213,0.97218,0.97342,2.30,2.60
2010.11.16 22:02:11.797,0.97218,0.97342,2.40,2.30
2010.11.16 22:02:14.274,0.97217,0.97343,2.40,5.90
2010.11.16 22:02:16.995,0.97217,0.97343,2.30,6.10
2010.11.16 22:02:18.531,0.97238,0.97372,2.30,5.00
2010.11.16 22:02:20.224,0.97238,0.97372,2.30,6.50
2010.11.16 22:02:20.330,0.97228,0.97362,2.30,2.60
2010.11.16 22:02:24.923,0.97228,0.97362,2.30,2.40
2010.11.16 22:02:28.820,0.97247,0.97373,2.30,2.40
2010.11.16 22:02:29.265,0.97247,0.97373,2.30,6.10
2010.11.16 22:02:29.800,0.97247,0.97373,2.60,2.60
2010.11.16 22:02:30.052,0.97258,0.97372,2.30,2.40
2010.11.16 22:02:31.910,0.97247,0.97373,2.40,2.40
2010.11.16 22:02:33.219,0.97247,0.97373,2.40,6.10
2010.11.16 22:02:34.311,0.97228,0.97362,2.30,2.40
2010.11.16 22:02:37.456,0.97248,0.97372,2.30,2.50
2010.11.16 22:02:42.361,0.97248,0.97372,6.10,2.50
2010.11.16 22:02:45.230,0.97247,0.97373,2.40,2.70
2010.11.16 22:02:45.341,0.97257,0.97383,2.30,6.30
2010.11.16 22:02:46.922,0.97247,0.97363,2.30,6.50
2010.11.16 22:02:47.771,0.97247,0.97363,2.30,6.10
2010.11.16 22:02:49.502,0.97247,0.97363,2.40,6.50
2010.11.16 22:02:49.722,0.97247,0.97363,2.40,2.40
2010.11.16 22:02:49.831,0.97257,0.97363,2.40,2.40
2010.11.16 22:02:52.581,0.97267,0.97373,2.30,6.10
2010.11.16 22:02:53.771,0.97258,0.97372,2.30,6.50
2010.11.16 22:02:53.991,0.97258,0.97372,2.30,6.90
2010.11.16 22:02:56.440,0.97258,0.97372,2.30,5.90
2010.11.16 22:02:56.661,0.97247,0.97363,2.40,2.40
2010.11.16 22:02:58.231,0.97257,0.97372,2.60,1.20
2010.11.16 22:02:58.341,0.97257,0.97373,2.40,6.10
2010.11.16 22:03:01.201,0.97257,0.97373,2.30,6.10
2010.11.16 22:03:03.855,0.97257,0.97373,2.30,6.10
2010.11.16 22:03:05.581,0.97258,0.97352,2.30,2.40
2010.11.16 22:03:09.332,0.97258,0.97352,2.30,2.70
2010.11.16 22:03:11.256,0.97258,0.97352,2.30,6.90
2010.11.16 22:03:16.735,0.97258,0.97352,2.30,6.90
2010.11.16 22:03:19.831,0.97258,0.97352,2.30,6.30
2010.11.16 22:03:26.160,0.97257,0.97363,2.30,6.30
2010.11.16 22:03:26.277,0.97257,0.97363,2.30,6.30
2010.11.16 22:03:29.133,0.97257,0.97363,2.30,2.70
2010.11.16 22:03:29.545,0.97257,0.97363,2.30,6.10
2010.11.16 22:03:32.183,0.97257,0.97353,2.30,1.20
2010.11.16 22:03:48.916,0.97257,0.97363,2.40,6.50
2010.11.16 22:03:49.466,0.97257,0.97363,2.30,6.30
2010.11.16 22:03:52.212,0.97257,0.97357,2.30,1.20
2010.11.16 22:03:57.165,0.97257,0.97363,2.30,6.30
2010.11.16 22:03:57.380,0.97247,0.97363,2.40,6.30
2010.11.16 22:04:01.234,0.97257,0.97362,2.30,1.20
2010.11.16 22:04:08.915,0.97257,0.97373,2.40,2.40
2010.11.16 22:04:09.541,0.97257,0.97373,2.40,2.50
2010.11.16 22:04:11.254,0.97257,0.97372,2.40,1.20
2010.11.16 22:04:16.345,0.97257,0.97367,2.60,1.20
2010.11.16 22:04:19.274,0.97277,0.97373,2.30,6.30
2010.11.16 22:04:23.471,0.97277,0.97373,2.30,6.30
2010.11.16 22:04:23.592,0.97288,0.97372,2.30,6.30
2010.11.16 22:04:27.381,0.97277,0.97373,2.30,2.40
2010.11.16 22:04:45.524,0.97277,0.97373,2.30,5.90
2010.11.16 22:04:47.225,0.97277,0.97373,2.30,6.30
2010.11.16 22:04:52.692,0.97277,0.97367,2.30,1.20
2010.11.16 22:05:04.874,0.97277,0.97373,2.30,6.90
2010.11.16 22:05:04.995,0.97277,0.97373,2.30,2.40
2010.11.16 22:05:05.373,0.97277,0.97373,2.30,2.60
2010.11.16 22:05:09.462,0.97277,0.97358,2.30,1.20
2010.11.16 22:05:15.326,0.97268,0.97352,2.50,1.20
2010.11.16 22:05:20.953,0.97268,0.97358,2.50,1.20
2010.11.16 22:05:24.979,0.97268,0.97362,2.50,2.60
2010.11.16 22:05:25.576,0.97268,0.97362,2.50,6.20
2010.11.16 22:05:27.226,0.97268,0.97362,2.50,6.90
2010.11.16 22:05:29.483,0.97268,0.97353,2.50,1.20
2010.11.16 22:05:32.674,0.97268,0.97353,2.50,1.20
2010.11.16 22:05:44.997,0.97268,0.97362,2.50,2.60
2010.11.16 22:05:45.545,0.97268,0.97362,2.50,6.00
2010.11.16 22:05:47.182,0.97268,0.97359,2.50,1.40
2010.11.16 22:05:47.962,0.97268,0.97362,2.50,2.50
2010.11.16 22:05:48.183,0.97268,0.97362,2.50,6.50
2010.11.16 22:05:49.287,0.97268,0.97359,2.50,1.40
2010.11.16 22:05:54.257,0.97257,0.97353,2.50,1.20
2010.11.16 22:06:06.174,0.97257,0.97352,2.50,1.20
2010.11.16 22:06:08.923,0.97257,0.97363,2.50,2.60
2010.11.16 22:06:09.587,0.97257,0.97363,2.50,6.90
2010.11.16 22:06:11.237,0.97257,0.97357,2.50,1.20
2010.11.16 22:06:13.436,0.97257,0.97355,2.50,1.20
2010.11.16 22:06:14.315,0.97257,0.97363,2.30,6.30
2010.11.16 22:06:14.422,0.97257,0.97363,2.30,2.30
2010.11.16 22:06:29.608,0.97257,0.97363,2.30,6.10
2010.11.16 22:06:31.223,0.97257,0.97358,2.30,1.20
2010.11.16 22:06:32.273,0.97257,0.97352,2.30,1.20
2010.11.16 22:06:34.960,0.97257,0.97363,2.30,2.40
2010.11.16 22:06:41.244,0.97257,0.97353,2.30,2.30
2010.11.16 22:06:49.647,0.97257,0.97353,2.30,2.70
2010.11.16 22:06:51.238,0.97257,0.97353,2.30,6.90
2010.11.16 22:06:52.244,0.97257,0.97347,2.30,1.20
2010.11.16 22:06:55.394,0.97257,0.97353,2.30,2.40
2010.11.16 22:06:58.395,0.97257,0.97353,2.30,2.70
2010.11.16 22:07:05.163,0.97257,0.97353,2.30,6.60
2010.11.16 22:07:09.683,0.97257,0.97353,2.30,7.40
2010.11.16 22:07:11.278,0.97257,0.97347,2.30,1.20
2010.11.16 22:07:13.905,0.97257,0.97353,2.30,6.90
2010.11.16 22:07:15.041,0.97257,0.97353,2.30,2.90
2010.11.16 22:07:17.384,0.97257,0.97353,2.30,7.00
2010.11.16 22:07:21.134,0.97257,0.97353,2.30,2.90
2010.11.16 22:07:21.366,0.97257,0.97353,2.30,6.60
2010.11.16 22:07:24.264,0.97257,0.97353,2.30,7.00
2010.11.16 22:07:29.723,0.97257,0.97353,2.30,6.80
2010.11.16 22:07:31.385,0.97257,0.97347,2.30,1.20
2010.11.16 22:07:35.008,0.97257,0.97353,2.30,6.60
2010.11.16 22:07:37.524,0.97257,0.97353,2.30,2.40
2010.11.16 22:07:37.634,0.97278,0.97372,2.30,6.40
2010.11.16 22:07:40.355,0.97278,0.97372,2.30,6.10
2010.11.16 22:07:48.494,0.97278,0.97372,2.30,2.60
2010.11.16 22:07:49.638,0.97277,0.97373,2.30,6.80
2010.11.16 22:07:51.248,0.97277,0.97367,2.30,1.20
2010.11.16 22:07:55.024,0.97277,0.97373,2.40,2.30
2010.11.16 22:07:55.243,0.97288,0.97392,2.30,6.10
2010.11.16 22:07:57.228,0.97288,0.97382,2.30,6.10
2010.11.16 22:08:02.444,0.97288,0.97382,2.30,6.50
2010.11.16 22:08:07.352,0.97288,0.97382,2.30,2.40
2010.11.16 22:08:07.968,0.97288,0.97382,2.30,2.30
2010.11.16 22:08:09.793,0.97288,0.97382,2.30,6.10
2010.11.16 22:08:11.010,0.97288,0.97373,2.30,1.20
2010.11.16 22:08:13.234,0.97288,0.97382,2.30,6.30
2010.11.16 22:08:15.107,0.97288,0.97382,2.30,5.90
2010.11.16 22:08:23.196,0.97288,0.97382,2.30,6.10
2010.11.16 22:08:28.275,0.97288,0.97382,2.30,2.70
2010.11.16 22:08:31.203,0.97288,0.97378,2.30,1.20
2010.11.16 22:08:33.959,0.97288,0.97382,2.30,6.30
2010.11.16 22:08:35.057,0.97288,0.97382,2.30,6.50
2010.11.16 22:08:36.194,0.97288,0.97382,2.30,2.60
2010.11.16 22:08:37.766,0.97288,0.97382,2.30,6.10
2010.11.16 22:08:37.982,0.97288,0.97382,2.30,2.40
2010.11.16 22:08:40.207,0.97288,0.97382,2.30,2.70
2010.11.16 22:08:47.788,0.97288,0.97382,2.30,2.60
2010.11.16 22:08:51.249,0.97288,0.97382,2.30,6.50
2010.11.16 22:08:52.237,0.97288,0.97382,2.30,6.30
2010.11.16 22:08:55.141,0.97288,0.97382,2.30,6.10
2010.11.16 22:09:09.708,0.97288,0.97382,2.30,6.50
2010.11.16 22:09:11.249,0.97288,0.97377,2.30,1.20
2010.11.16 22:09:15.098,0.97288,0.97382,2.30,6.10
2010.11.16 22:09:18.589,0.97288,0.97382,2.30,2.60
2010.11.16 22:09:29.697,0.97288,0.97382,2.30,6.30
2010.11.16 22:09:37.024,0.97288,0.97382,2.30,5.90
2010.11.16 22:09:42.367,0.97288,0.97382,2.30,2.70
2010.11.16 22:09:49.837,0.97288,0.97382,2.30,6.10
2010.11.16 22:09:53.194,0.97288,0.97378,2.30,1.20
2010.11.16 22:09:55.322,0.97288,0.97382,2.30,2.40
2010.11.16 22:09:56.246,0.97288,0.97382,2.30,2.40
2010.11.16 22:09:58.791,0.97288,0.97382,2.30,6.10
2010.11.16 22:10:10.238,0.97288,0.97382,2.30,6.30
2010.11.16 22:10:15.187,0.97288,0.97382,2.30,5.90
2010.11.16 22:10:24.868,0.97289,0.97382,1.50,6.10
2010.11.16 22:10:29.445,0.97289,0.97382,1.50,2.30
2010.11.16 22:10:29.799,0.97289,0.97382,1.50,6.10
2010.11.16 22:10:32.216,0.97289,0.97377,1.50,1.20
2010.11.16 22:10:35.147,0.97289,0.97382,1.50,6.10
2010.11.16 22:10:39.215,0.97289,0.97382,1.50,2.60
2010.11.16 22:10:39.659,0.97289,0.97382,1.50,6.10
2010.11.16 22:10:41.743,0.97289,0.97382,1.50,5.90
2010.11.16 22:10:46.946,0.97289,0.97382,1.50,6.10
2010.11.16 22:10:47.468,0.97289,0.97382,1.50,2.40
2010.11.16 22:10:49.817,0.97289,0.97382,1.50,6.90
2010.11.16 22:10:50.693,0.97299,0.97382,1.50,1.20
2010.11.16 22:10:53.220,0.97299,0.97383,1.50,6.30
2010.11.16 22:10:55.149,0.97299,0.97369,1.50,1.80
2010.11.16 22:10:57.258,0.97299,0.97369,1.50,1.60
2010.11.16 22:10:58.265,0.97299,0.9735,1.50,1.70
2010.11.16 22:10:59.664,0.97299,0.9735,1.50,2.50
2010.11.16 22:11:00.104,0.97299,0.97331,1.50,1.50
2010.11.16 22:11:13.633,0.97299,0.9734,1.50,1.70
2010.11.16 22:11:22.416,0.97299,0.9734,1.50,1.50
2010.11.16 22:11:22.869,0.97299,0.9735,1.50,1.70
2010.11.16 22:11:26.804,0.97299,0.97383,1.70,2.30
2010.11.16 22:11:30.396,0.97308,0.97383,1.50,2.30
2010.11.16 22:11:30.507,0.97308,0.97392,1.50,2.30
2010.11.16 22:11:36.175,0.97308,0.97392,1.50,2.60
2010.11.16 22:11:37.795,0.97308,0.97393,1.50,6.10
2010.11.16 22:11:40.453,0.97318,0.97393,1.50,6.30
2010.11.16 22:11:41.195,0.97318,0.97393,1.50,6.30
2010.11.16 22:11:49.574,0.97318,0.97389,1.50,4.50
2010.11.16 22:11:51.348,0.97318,0.97389,1.50,4.60
2010.11.16 22:11:55.458,0.97318,0.97389,1.50,4.20
2010.11.16 22:12:00.806,0.97318,0.97389,1.50,4.20
2010.11.16 22:12:02.878,0.97318,0.97389,1.50,4.20
2010.11.16 22:12:03.228,0.97318,0.97389,1.50,1.50
2010.11.16 22:12:10.224,0.97318,0.97389,1.50,1.70
2010.11.16 22:12:13.179,0.97318,0.97389,1.50,1.70
2010.11.16 22:12:15.765,0.97318,0.97389,1.50,1.80
2010.11.16 22:12:17.328,0.97318,0.97389,1.50,1.60
2010.11.16 22:12:18.688,0.97318,0.97389,1.70,1.60
2010.11.16 22:12:21.384,0.97338,0.97399,1.50,1.60
2010.11.16 22:12:25.874,0.97318,0.97392,1.50,2.30
2010.11.16 22:12:26.093,0.97328,0.97399,1.50,1.50
2010.11.16 22:12:27.460,0.97328,0.97399,1.50,4.00
2010.11.16 22:12:28.784,0.97328,0.97399,1.50,1.70
2010.11.16 22:12:30.941,0.97328,0.97399,1.50,1.80
2010.11.16 22:12:34.138,0.97328,0.97399,1.50,1.70
2010.11.16 22:12:35.817,0.97328,0.97398,1.50,1.20
2010.11.16 22:12:36.034,0.97309,0.97379,1.70,1.80
2010.11.16 22:12:36.824,0.97309,0.97379,1.50,4.20
2010.11.16 22:12:37.874,0.97309,0.97379,1.50,1.50
2010.11.16 22:12:38.205,0.97309,0.9737,1.50,1.50
2010.11.16 22:12:41.005,0.97309,0.97382,1.50,2.60
2010.11.16 22:12:41.714,0.97318,0.97383,1.50,1.10
2010.11.16 22:12:46.754,0.97318,0.97374,1.70,1.50
2010.11.16 22:12:52.346,0.97318,0.97392,1.50,6.30
2010.11.16 22:12:52.455,0.97309,0.97392,1.50,6.30
2010.11.16 22:12:55.850,0.97309,0.97382,1.50,1.20
2010.11.16 22:12:57.505,0.97309,0.97372,1.50,1.20
2010.11.16 22:12:57.614,0.97309,0.97392,1.50,6.30
2010.11.16 22:13:02.195,0.97309,0.97392,1.50,6.10
2010.11.16 22:13:04.853,0.97318,0.97392,1.50,6.10
2010.11.16 22:13:10.234,0.97318,0.9737,1.50,1.50
2010.11.16 22:13:19.974,0.97318,0.97403,2.50,2.40
2010.11.16 22:13:21.566,0.97318,0.97403,1.50,2.60
2010.11.16 22:13:23.248,0.97318,0.97402,1.50,1.10
2010.11.16 22:13:24.975,0.97309,0.97401,1.50,1.30
2010.11.16 22:13:26.834,0.97309,0.97401,1.50,1.50
2010.11.16 22:13:30.079,0.97309,0.97392,1.50,2.70
2010.11.16 22:13:35.133,0.97309,0.97392,1.50,2.50
2010.11.16 22:13:35.247,0.97309,0.97392,1.50,2.40
2010.11.16 22:13:35.887,0.97309,0.97392,1.50,2.70
2010.11.16 22:13:36.545,0.97309,0.97392,1.50,6.10
2010.11.16 22:13:40.212,0.97309,0.9737,1.50,1.70
2010.11.16 22:13:42.857,0.97309,0.9737,1.50,1.60
2010.11.16 22:13:50.037,0.97309,0.9737,1.50,1.50
2010.11.16 22:13:57.117,0.97309,0.9737,1.50,1.70
2010.11.16 22:13:59.044,0.97318,0.9737,1.50,1.50
2010.11.16 22:14:00.103,0.97318,0.97392,1.70,2.30
2010.11.16 22:14:03.246,0.97318,0.97392,1.50,2.40
2010.11.16 22:14:04.190,0.97318,0.97392,1.50,6.50
2010.11.16 22:14:15.986,0.97318,0.97379,1.50,4.00
2010.11.16 22:14:17.307,0.97318,0.97379,1.50,1.70
2010.11.16 22:14:21.395,0.97318,0.9737,1.50,1.50
2010.11.16 22:14:24.334,0.97318,0.9737,1.50,1.50
2010.11.16 22:14:30.947,0.97318,0.9737,1.80,1.50
2010.11.16 22:14:32.029,0.97318,0.9736,1.60,1.50
2010.11.16 22:14:32.133,0.97318,0.9736,1.80,1.50
2010.11.16 22:14:33.423,0.97327,0.97389,2.50,2.50
2010.11.16 22:14:33.643,0.97327,0.97389,5.90,1.50
2010.11.16 22:14:33.863,0.97338,0.97438,2.30,2.00
2010.11.16 22:14:35.215,0.97338,0.97438,2.30,5.10
2010.11.16 22:14:36.715,0.97318,0.9739,6.30,1.40
2010.11.16 22:14:37.299,0.97308,0.97402,1.80,3.20
2010.11.16 22:14:37.404,0.97338,0.97412,2.30,2.50
2010.11.16 22:14:38.703,0.97338,0.97405,2.30,1.40
2010.11.16 22:14:38.813,0.97308,0.97383,4.20,2.50
2010.11.16 22:14:39.115,0.97308,0.97383,1.50,2.50
2010.11.16 22:14:39.536,0.97308,0.97403,1.50,3.20
2010.11.16 22:14:39.753,0.97337,0.97422,2.30,2.50
2010.11.16 22:14:39.974,0.97312,0.9742,1.10,2.90
2010.11.16 22:14:40.194,0.97309,0.97393,1.50,3.20
2010.11.16 22:14:40.523,0.97318,0.97392,1.50,3.20
2010.11.16 22:14:40.963,0.97322,0.97392,1.10,2.30
2010.11.16 22:14:41.073,0.97337,0.97438,3.20,2.50
2010.11.16 22:14:41.465,0.97327,0.97403,2.30,2.30
2010.11.16 22:14:44.195,0.97327,0.97403,2.30,2.40
2010.11.16 22:14:46.475,0.97327,0.97403,2.40,2.50
2010.11.16 22:14:46.712,0.97327,0.97403,2.30,6.10
2010.11.16 22:14:49.242,0.97327,0.97402,2.30,1.20
2010.11.16 22:14:52.997,0.97318,0.97393,1.80,6.10
2010.11.16 22:14:53.680,0.97318,0.97403,5.00,6.10
2010.11.16 22:14:53.783,0.97318,0.97403,1.80,6.10
2010.11.16 22:14:54.005,0.97318,0.97403,4.20,2.50
2010.11.16 22:14:56.505,0.97328,0.97412,2.00,1.20
2010.11.16 22:15:00.205,0.97328,0.97413,1.60,6.30
2010.11.16 22:15:01.592,0.97328,0.97413,1.80,6.50
2010.11.16 22:15:01.873,0.97328,0.97413,1.50,6.30
2010.11.16 22:15:01.983,0.97328,0.97413,1.60,2.40
2010.11.16 22:15:03.696,0.97328,0.97413,1.70,2.40
2010.11.16 22:15:05.235,0.97328,0.97413,1.50,6.30
2010.11.16 22:15:08.033,0.97328,0.97403,1.60,6.10
2010.11.16 22:15:12.899,0.97328,0.9739,1.70,1.50
2010.11.16 22:15:13.320,0.97328,0.97384,1.70,1.50
2010.11.16 22:15:17.635,0.97328,0.97379,1.70,1.50
2010.11.16 22:15:24.223,0.97318,0.97379,1.60,1.50
2010.11.16 22:15:30.963,0.97318,0.9737,1.80,1.50
2010.11.16 22:15:35.967,0.97318,0.9737,1.60,1.50
2010.11.16 22:15:37.914,0.97318,0.97379,1.60,1.50
2010.11.16 22:15:38.440,0.97318,0.97379,4.50,1.50
2010.11.16 22:15:38.776,0.97318,0.9737,10.10,1.50
2010.11.16 22:15:41.314,0.97328,0.9737,2.60,1.50
2010.11.16 22:15:42.064,0.97328,0.97379,2.60,1.50
2010.11.16 22:15:43.291,0.97328,0.97379,6.50,1.50
2010.11.16 22:15:46.153,0.97328,0.97379,6.90,1.50
2010.11.16 22:16:00.273,0.97328,0.97382,6.50,1.10
2010.11.16 22:16:03.447,0.97328,0.97382,2.50,1.10
2010.11.16 22:16:03.665,0.97318,0.97382,2.60,1.10
2010.11.16 22:16:03.774,0.97318,0.97381,2.40,1.10
2010.11.16 22:16:06.424,0.97308,0.97381,8.20,1.10
2010.11.16 22:16:07.965,0.97308,0.97373,8.40,1.10
2010.11.16 22:16:14.735,0.97293,0.97367,1.20,1.80
2010.11.16 22:16:14.956,0.97288,0.97367,6.10,1.70
2010.11.16 22:16:16.238,0.97298,0.97367,2.70,1.10
2010.11.16 22:16:19.275,0.97308,0.97373,1.10,1.10
2010.11.16 22:16:36.804,0.97307,0.97362,3.00,1.10
2010.11.16 22:16:39.294,0.97308,0.97367,2.70,1.10
2010.11.16 22:16:39.404,0.97298,0.97367,3.50,1.10
2010.11.16 22:16:40.246,0.97298,0.97362,3.40,1.20
2010.11.16 22:16:42.154,0.97288,0.97359,3.30,2.60
2010.11.16 22:16:42.265,0.97288,0.97359,3.30,2.60
2010.11.16 22:16:43.285,0.97288,0.97359,1.10,1.10
2010.11.16 22:16:49.986,0.97288,0.97359,3.00,2.40
2010.11.16 22:16:50.094,0.97288,0.97359,3.00,2.40
2010.11.16 22:16:52.697,0.97288,0.97359,3.00,2.10
2010.11.16 22:16:55.338,0.97288,0.97359,3.00,2.10
2010.11.16 22:16:59.346,0.97288,0.97359,3.10,2.40
2010.11.16 22:17:01.475,0.97288,0.97359,3.10,2.10
2010.11.16 22:17:03.191,0.97288,0.97359,3.00,2.10
2010.11.16 22:17:15.937,0.97287,0.97359,3.10,2.40
2010.11.16 22:17:22.518,0.97287,0.97357,3.00,1.40
2010.11.16 22:17:24.677,0.97268,0.9734,3.20,1.10
2010.11.16 22:17:27.248,0.97267,0.97333,3.40,1.10
2010.11.16 22:17:31.025,0.97272,0.97343,1.10,3.30
2010.11.16 22:17:31.134,0.97277,0.97343,3.20,1.10
2010.11.16 22:17:33.004,0.97268,0.97338,3.20,1.10
2010.11.16 22:17:35.290,0.97268,0.97332,3.40,1.10
2010.11.16 22:17:37.154,0.97272,0.97342,1.80,3.10
2010.11.16 22:17:38.940,0.97278,0.97337,3.00,1.30
2010.11.16 22:17:41.216,0.97268,0.97333,3.20,1.20
2010.11.16 22:17:43.318,0.97268,0.97333,3.20,1.10
2010.11.16 22:17:44.874,0.97268,0.97337,1.10,1.60
2010.11.16 22:17:48.266,0.9727,0.97337,1.10,1.10
2010.11.16 22:17:52.436,0.9727,0.97332,1.10,1.10
2010.11.16 22:17:54.505,0.97268,0.9733,3.40,1.10
2010.11.16 22:17:54.615,0.97268,0.9733,3.40,1.10
2010.11.16 22:17:59.267,0.97268,0.97337,3.20,1.50
2010.11.16 22:18:02.407,0.97268,0.97337,3.20,1.10
2010.11.16 22:18:04.184,0.97268,0.97332,3.20,1.20
2010.11.16 22:18:04.649,0.97268,0.97342,3.20,6.80
2010.11.16 22:18:04.974,0.97277,0.97342,3.00,1.20
2010.11.16 22:18:07.238,0.97277,0.9734,3.00,1.10
2010.11.16 22:18:12.544,0.97268,0.9734,3.20,1.10
2010.11.16 22:18:12.655,0.97268,0.9734,3.20,1.10
2010.11.16 22:18:13.016,0.97278,0.9734,3.00,1.10
2010.11.16 22:18:14.417,0.97268,0.97337,3.20,1.10
2010.11.16 22:18:18.795,0.97277,0.97343,3.00,1.20
2010.11.16 22:18:18.904,0.97277,0.97343,3.00,1.20
2010.11.16 22:18:35.566,0.97278,0.97352,3.20,6.10
2010.11.16 22:18:38.257,0.97278,0.97352,3.20,6.10
2010.11.16 22:18:47.207,0.97278,0.97352,3.20,6.10
2010.11.16 22:18:50.225,0.97268,0.97347,3.20,1.20
2010.11.16 22:18:55.252,0.97277,0.97353,3.20,6.30
2010.11.16 22:18:57.288,0.97277,0.97347,3.20,1.20
2010.11.16 22:18:58.279,0.97277,0.97353,3.20,6.90
2010.11.16 22:19:07.213,0.97277,0.97363,3.20,6.30
2010.11.16 22:19:25.189,0.97267,0.97342,4.00,1.20
2010.11.16 22:19:27.207,0.97267,0.97343,4.00,1.20
2010.11.16 22:19:29.477,0.97268,0.97353,1.60,6.30
2010.11.16 22:19:32.206,0.97272,0.97343,1.10,1.20
2010.11.16 22:19:36.394,0.97267,0.97343,3.30,1.10
2010.11.16 22:19:37.931,0.97267,0.9734,6.80,2.10
2010.11.16 22:19:38.389,0.97267,0.97344,6.60,1.50
2010.11.16 22:19:38.874,0.97278,0.97347,3.00,1.40
2010.11.16 22:19:39.315,0.97278,0.97352,3.20,1.10
2010.11.16 22:19:41.302,0.97278,0.9735,3.10,2.40
2010.11.16 22:19:41.754,0.97282,0.97353,1.10,1.20
2010.11.16 22:19:45.012,0.97287,0.97358,3.20,1.20
2010.11.16 22:19:45.354,0.97287,0.9736,3.20,2.30
2010.11.16 22:19:49.236,0.97287,0.9736,3.20,1.10
2010.11.16 22:19:56.050,0.97287,0.97358,3.20,1.40
2010.11.16 22:19:58.696,0.97287,0.9736,3.20,2.40
2010.11.16 22:20:04.767,0.97288,0.97373,1.10,6.40
2010.11.16 22:20:05.493,0.97298,0.97372,3.00,1.20
2010.11.16 22:20:05.833,0.97287,0.97373,3.40,6.50
2010.11.16 22:20:09.361,0.97287,0.97373,3.20,6.90
2010.11.16 22:20:09.697,0.97287,0.97367,3.20,1.20
2010.11.16 22:20:09.839,0.97287,0.97373,3.20,6.50
2010.11.16 22:20:12.268,0.97287,0.97373,3.20,6.30
2010.11.16 22:20:14.165,0.97287,0.97373,3.20,6.30
2010.11.16 22:20:27.058,0.97287,0.9736,3.00,2.40
2010.11.16 22:20:32.358,0.97278,0.9736,3.20,2.10
2010.11.16 22:20:33.516,0.97278,0.9736,3.20,2.40
2010.11.16 22:20:33.734,0.97278,0.9736,3.20,2.40
2010.11.16 22:20:37.934,0.97278,0.9736,3.20,2.60
2010.11.16 22:20:44.985,0.97278,0.97352,3.20,1.20
2010.11.16 22:20:47.575,0.97278,0.97348,3.20,1.20
2010.11.16 22:20:50.729,0.97278,0.97352,3.20,1.20
2010.11.16 22:20:58.287,0.97278,0.9736,3.20,2.40
2010.11.16 22:21:09.116,0.97278,0.9736,3.20,2.10
2010.11.16 22:21:11.207,0.97278,0.9736,3.20,2.40
2010.11.16 22:21:12.725,0.97278,0.9736,3.20,2.60
2010.11.16 22:21:13.905,0.97288,0.97357,3.00,1.20
2010.11.16 22:21:14.546,0.97288,0.9736,3.00,2.10
2010.11.16 22:21:16.816,0.97288,0.9737,3.20,2.70
2010.11.16 22:21:20.305,0.97297,0.9737,3.00,2.10
2010.11.16 22:21:23.076,0.97297,0.9737,3.00,2.10
2010.11.16 22:21:24.576,0.97298,0.97367,3.00,1.20
2010.11.16 22:21:29.205,0.97298,0.9737,3.00,2.10
2010.11.16 22:21:40.876,0.97298,0.97362,3.00,1.20
2010.11.16 22:21:45.306,0.97298,0.9736,3.20,1.10
2010.11.16 22:22:01.785,0.97293,0.9736,1.10,2.10
2010.11.16 22:22:08.808,0.97293,0.97362,1.10,1.20
2010.11.16 22:22:10.100,0.97293,0.9736,1.60,2.40
2010.11.16 22:22:13.095,0.97293,0.9736,1.30,2.40
2010.11.16 22:22:16.165,0.97293,0.9736,1.10,2.40
2010.11.16 22:22:17.925,0.97298,0.9736,1.10,2.70
2010.11.16 22:22:24.316,0.97292,0.9736,1.10,2.40
2010.11.16 22:22:28.254,0.97292,0.97353,1.10,1.20
2010.11.16 22:22:30.364,0.97288,0.97353,3.20,1.20
2010.11.16 22:22:40.408,0.97288,0.97352,3.20,1.20
2010.11.16 22:22:43.224,0.97288,0.97352,3.40,1.10
2010.11.16 22:22:44.960,0.97288,0.9736,3.20,1.50
2010.11.16 22:22:49.105,0.97299,0.97367,1.70,1.30
2010.11.16 22:22:49.325,0.97309,0.97377,1.70,1.10
2010.11.16 22:22:49.544,0.97309,0.97377,1.70,1.10
2010.11.16 22:22:51.364,0.97309,0.97372,1.70,1.20
2010.11.16 22:22:53.365,0.97309,0.9737,1.70,1.10
2010.11.16 22:22:54.898,0.97309,0.97378,1.70,1.10
2010.11.16 22:22:57.309,0.97307,0.97382,1.70,1.20
2010.11.16 22:22:59.645,0.97303,0.97379,1.10,1.10
2010.11.16 22:23:01.241,0.97298,0.97379,3.20,2.10
2010.11.16 22:23:01.825,0.97298,0.97379,3.40,1.10
2010.11.16 22:23:03.884,0.97307,0.97388,1.10,1.20
2010.11.16 22:23:04.774,0.97305,0.97379,1.70,1.10
2010.11.16 22:23:04.884,0.97307,0.97383,1.10,1.10
2010.11.16 22:23:08.624,0.97307,0.97382,3.30,1.10
2010.11.16 22:23:09.374,0.97307,0.97382,3.20,1.10
2010.11.16 22:23:11.694,0.97307,0.97382,3.20,1.60
2010.11.16 22:23:12.276,0.97307,0.97382,3.40,1.10
2010.11.16 22:23:15.046,0.97307,0.97382,3.20,1.60
2010.11.16 22:23:16.614,0.97311,0.97387,1.70,1.60
2010.11.16 22:23:28.906,0.97311,0.97379,1.70,1.10
2010.11.16 22:23:31.270,0.97311,0.97383,1.70,1.20
2010.11.16 22:23:32.895,0.97299,0.97383,1.70,1.20
2010.11.16 22:23:35.745,0.97299,0.97379,1.70,2.40
2010.11.16 22:23:37.757,0.97302,0.97379,1.10,2.40
2010.11.16 22:23:40.345,0.97302,0.97379,1.10,2.10
2010.11.16 22:23:42.955,0.97299,0.97383,1.70,1.20
2010.11.16 22:23:45.316,0.97307,0.97379,3.20,1.10
2010.11.16 22:23:45.646,0.97299,0.97379,1.70,2.40
2010.11.16 22:23:47.914,0.97307,0.97383,1.10,1.20
2010.11.16 22:23:50.060,0.97312,0.9738,1.10,2.40
2010.11.16 22:23:52.120,0.97312,0.9738,1.20,2.10
2010.11.16 22:23:55.530,0.97309,0.9738,1.50,2.40
2010.11.16 22:23:58.266,0.97318,0.9738,1.10,2.40
2010.11.16 22:24:02.715,0.97299,0.9738,1.10,2.40
2010.11.16 22:24:06.122,0.973,0.97387,1.10,3.10
2010.11.16 22:24:07.207,0.973,0.97387,1.10,3.10
2010.11.16 22:24:10.313,0.973,0.97387,1.50,2.10
2010.11.16 22:24:10.436,0.973,0.97387,1.50,2.60
2010.11.16 22:24:10.544,0.973,0.97387,1.50,2.10
2010.11.16 22:24:11.706,0.97302,0.97387,1.10,1.10
2010.11.16 22:24:11.815,0.97303,0.97387,1.20,2.40
2010.11.16 22:24:12.755,0.97308,0.97388,3.00,1.20
2010.11.16 22:24:12.997,0.97308,0.9738,3.30,1.10
2010.11.16 22:24:16.297,0.97308,0.97386,3.20,1.10
2010.11.16 22:24:17.175,0.973,0.9738,1.10,2.40
2010.11.16 22:24:20.914,0.97302,0.9738,1.10,2.70
2010.11.16 22:24:23.257,0.97298,0.9738,3.10,2.90
2010.11.16 22:24:23.735,0.97303,0.9738,1.20,1.10
2010.11.16 22:24:23.845,0.97317,0.9739,3.00,2.10
2010.11.16 22:24:24.284,0.97317,0.9739,3.00,2.40
2010.11.16 22:24:37.803,0.97307,0.9739,3.20,2.60
2010.11.16 22:24:46.708,0.97312,0.9738,1.10,2.10
2010.11.16 22:24:49.106,0.97318,0.97386,3.20,2.70
2010.11.16 22:24:52.064,0.97318,0.9739,6.60,2.40
2010.11.16 22:24:55.202,0.97327,0.9739,1.10,2.40
2010.11.16 22:24:56.336,0.97327,0.9739,1.10,1.10
2010.11.16 22:24:59.317,0.97338,0.97402,1.10,1.40
2010.11.16 22:25:00.925,0.97327,0.97403,1.30,1.40
2010.11.16 22:25:02.280,0.97323,0.974,1.20,2.40
2010.11.16 22:25:05.476,0.97327,0.97398,1.10,1.20
2010.11.16 22:25:10.015,0.97338,0.974,1.10,2.40
2010.11.16 22:25:13.604,0.97333,0.974,1.10,2.70
2010.11.16 22:25:14.596,0.97312,0.97403,1.10,1.20
2010.11.16 22:25:14.705,0.97312,0.974,1.10,2.70
2010.11.16 22:25:15.144,0.97317,0.974,3.20,2.70
2010.11.16 22:25:17.148,0.97318,0.9739,1.20,2.10
2010.11.16 22:25:19.176,0.97322,0.9739,1.10,2.40
2010.11.16 22:25:22.024,0.97324,0.974,1.10,1.10
2010.11.16 22:25:22.464,0.97318,0.974,3.20,2.50
2010.11.16 22:25:23.010,0.97318,0.974,3.20,2.40
2010.11.16 22:25:23.615,0.97327,0.974,3.10,2.30
2010.11.16 22:25:26.127,0.97322,0.97396,1.20,1.50
2010.11.16 22:25:27.178,0.97318,0.9739,3.00,2.40
2010.11.16 22:25:27.547,0.97308,0.9739,3.30,2.40
2010.11.16 22:25:27.655,0.97308,0.97382,3.30,1.10
2010.11.16 22:25:30.218,0.97313,0.97382,1.20,1.20
2010.11.16 22:25:31.306,0.97312,0.97383,1.10,1.20
2010.11.16 22:25:31.745,0.97318,0.9739,1.10,2.30
2010.11.16 22:25:40.996,0.97318,0.97403,3.10,1.20
2010.11.16 22:25:41.325,0.97327,0.97402,3.00,1.10
2010.11.16 22:25:42.388,0.97327,0.974,3.00,2.40
2010.11.16 22:25:43.684,0.97318,0.974,3.30,2.40
2010.11.16 22:25:47.208,0.97318,0.974,3.20,1.10
2010.11.16 22:25:48.694,0.97328,0.97403,3.00,1.20
2010.11.16 22:25:52.137,0.97323,0.9739,1.10,1.10
2010.11.16 22:26:03.611,0.97318,0.97396,1.20,1.50
2010.11.16 22:26:10.216,0.97318,0.97392,1.20,1.20
2010.11.16 22:26:10.350,0.97317,0.97396,3.50,1.10
2010.11.16 22:26:13.899,0.97318,0.97392,1.20,1.20
2010.11.16 22:26:16.433,0.97318,0.97396,1.20,1.50
2010.11.16 22:26:16.894,0.97318,0.9739,1.20,2.10
2010.11.16 22:26:17.294,0.97322,0.9739,1.10,1.10
2010.11.16 22:26:20.641,0.97322,0.9739,1.10,1.10
2010.11.16 22:26:22.886,0.97312,0.9739,1.10,2.90
2010.11.16 22:26:23.646,0.97318,0.97397,1.10,1.20
2010.11.16 22:26:23.865,0.97308,0.9739,6.80,1.10
2010.11.16 22:26:28.425,0.97308,0.97392,3.20,1.20
2010.11.16 22:26:28.644,0.97313,0.9739,1.10,1.10
2010.11.16 22:26:37.488,0.97308,0.9739,1.10,2.70
2010.11.16 22:27:02.428,0.97308,0.9739,3.20,2.40
2010.11.16 22:27:04.745,0.97313,0.9739,1.10,2.40
2010.11.16 22:27:04.965,0.97313,0.9739,1.10,2.40
2010.11.16 22:27:09.015,0.97308,0.9739,6.80,2.40
2010.11.16 22:27:11.247,0.97308,0.9739,1.20,2.10
2010.11.16 22:27:22.249,0.97312,0.9739,1.10,1.10
2010.11.16 22:27:34.207,0.97313,0.9739,1.10,2.40
2010.11.16 22:27:38.178,0.97312,0.9739,1.10,1.10
2010.11.16 22:27:38.394,0.97312,0.9739,1.10,1.10
2010.11.16 22:27:41.632,0.97307,0.9739,3.20,2.40
2010.11.16 22:27:41.855,0.97307,0.9739,3.00,2.40
2010.11.16 22:27:55.669,0.97298,0.9739,3.00,2.10
2010.11.16 22:28:04.518,0.97298,0.97387,3.00,1.10
2010.11.16 22:28:04.968,0.97298,0.9739,3.00,2.40
2010.11.16 22:28:09.176,0.97298,0.9739,3.00,2.70
2010.11.16 22:28:12.040,0.97298,0.9739,3.00,2.10
2010.11.16 22:28:16.746,0.97298,0.97388,3.00,1.30
2010.11.16 22:28:17.075,0.97298,0.9739,3.00,2.40
2010.11.16 22:28:20.990,0.97298,0.97392,3.00,7.10
2010.11.16 22:28:21.208,0.97298,0.9739,3.00,2.10
2010.11.16 22:28:22.886,0.97298,0.9739,3.00,2.40
2010.11.16 22:28:23.847,0.97295,0.97383,1.10,2.40
2010.11.16 22:28:28.248,0.97298,0.9739,1.10,2.70
2010.11.16 22:28:30.624,0.97297,0.9739,3.00,2.70
2010.11.16 22:28:35.968,0.97297,0.9739,3.00,2.60
2010.11.16 22:28:37.224,0.97295,0.97382,1.10,2.40
2010.11.16 22:28:39.378,0.97298,0.9739,3.30,2.70
2010.11.16 22:28:41.235,0.97298,0.9739,3.20,2.40
2010.11.16 22:28:43.246,0.97298,0.9739,3.20,2.70
2010.11.16 22:28:45.285,0.97298,0.9739,3.30,2.70
2010.11.16 22:28:47.298,0.97297,0.9738,1.20,2.10
2010.11.16 22:28:47.867,0.97303,0.9739,1.10,2.40
2010.11.16 22:28:48.818,0.97302,0.97393,1.20,3.20
2010.11.16 22:28:50.209,0.97299,0.97392,1.50,1.20
2010.11.16 22:28:52.678,0.97299,0.97393,1.50,6.60
2010.11.16 22:28:57.502,0.97302,0.97393,1.20,3.00
2010.11.16 22:29:06.164,0.97302,0.97393,1.20,3.00
2010.11.16 22:29:07.374,0.97308,0.97403,1.10,3.20
2010.11.16 22:29:11.284,0.97307,0.97402,6.60,1.10
2010.11.16 22:29:17.014,0.97312,0.97398,1.10,1.10
2010.11.16 22:29:18.984,0.97316,0.97402,1.50,1.20
2010.11.16 22:30:03.527,0.97318,0.97402,1.20,1.80
2010.11.16 22:30:03.745,0.97318,0.97402,1.20,1.80
2010.11.16 22:30:04.233,0.97308,0.97402,1.10,1.70
2010.11.16 22:30:04.788,0.97307,0.97402,3.20,1.70
2010.11.16 22:30:10.206,0.97307,0.97393,6.60,1.50
2010.11.16 22:30:18.495,0.97318,0.97403,1.20,7.10
2010.11.16 22:30:18.628,0.97319,0.97415,1.10,1.10
2010.11.16 22:30:18.736,0.97319,0.97429,4.30,1.40
2010.11.16 22:30:22.131,0.97319,0.97417,1.10,1.20
2010.11.16 22:30:22.726,0.97318,0.97412,3.20,6.10
2010.11.16 22:30:23.336,0.97318,0.97412,6.80,2.50
2010.11.16 22:30:26.935,0.97318,0.97418,3.20,1.20
2010.11.16 22:30:27.709,0.97317,0.97403,1.10,2.30
2010.11.16 22:30:28.978,0.97317,0.97419,6.60,2.60
2010.11.16 22:30:31.254,0.97319,0.97413,1.10,2.60
2010.11.16 22:30:36.326,0.97318,0.97419,1.10,1.10
2010.11.16 22:30:42.167,0.97327,0.97429,2.30,2.40
2010.11.16 22:30:42.519,0.97327,0.97429,2.60,2.70
2010.11.16 22:30:42.928,0.97338,0.97429,2.30,2.40
2010.11.16 22:30:43.036,0.97328,0.97429,2.30,2.40
2010.11.16 22:30:43.145,0.97338,0.97429,2.30,2.40
2010.11.16 22:30:44.968,0.97327,0.97429,2.30,2.40
2010.11.16 22:30:45.361,0.97327,0.97429,2.30,2.60
2010.11.16 22:30:47.371,0.97327,0.97429,2.40,2.40
2010.11.16 22:30:51.985,0.97327,0.97429,3.00,2.40
2010.11.16 22:30:52.096,0.97308,0.97422,6.80,1.20
2010.11.16 22:30:53.185,0.97318,0.97429,3.00,2.60
2010.11.16 22:30:55.449,0.97318,0.97418,3.00,1.20
2010.11.16 22:30:58.468,0.97308,0.97409,3.00,1.10
2010.11.16 22:31:00.687,0.97319,0.9743,2.40,1.10
2010.11.16 22:31:01.666,0.97328,0.97432,2.30,3.20
2010.11.16 22:31:02.255,0.97328,0.9743,2.30,1.50
2010.11.16 22:31:02.365,0.97318,0.97427,3.00,1.20
2010.11.16 22:31:04.374,0.97318,0.97429,2.30,2.60
2010.11.16 22:31:08.325,0.97328,0.97429,2.30,2.60
2010.11.16 22:31:10.456,0.97318,0.97429,2.30,2.60
2010.11.16 22:31:12.164,0.97318,0.97428,2.30,1.20
2010.11.16 22:31:12.384,0.97327,0.97428,2.30,1.20
2010.11.16 22:31:15.911,0.97327,0.97429,2.30,2.60
2010.11.16 22:31:16.125,0.97318,0.97412,2.30,1.20
2010.11.16 22:31:16.455,0.97318,0.97429,2.30,2.60
2010.11.16 22:31:16.820,0.97327,0.97429,2.30,2.60
2010.11.16 22:31:18.155,0.97318,0.97429,2.30,2.60
2010.11.16 22:31:20.355,0.97318,0.97418,2.30,1.20
2010.11.16 22:31:20.465,0.97328,0.97422,2.30,1.20
2010.11.16 22:31:21.634,0.97328,0.97428,2.30,1.20
2010.11.16 22:31:22.348,0.97328,0.9743,2.30,1.50
2010.11.16 22:31:24.101,0.97328,0.97423,2.40,1.10
2010.11.16 22:31:26.235,0.97328,0.97412,6.50,1.10
2010.11.16 22:31:28.995,0.97328,0.97417,2.50,1.20
2010.11.16 22:31:31.515,0.97327,0.97417,5.90,1.20
2010.11.16 22:31:33.406,0.97328,0.97417,6.90,1.10
2010.11.16 22:31:33.845,0.97337,0.97413,2.60,1.10
2010.11.16 22:31:36.708,0.97337,0.97423,6.50,1.10
2010.11.16 22:31:36.850,0.97337,0.97412,2.60,1.10
2010.11.16 22:31:37.021,0.97337,0.97427,6.10,1.20
2010.11.16 22:31:37.486,0.97337,0.97417,2.40,1.10
2010.11.16 22:31:40.467,0.97337,0.97422,2.60,1.10
2010.11.16 22:31:44.977,0.97327,0.97412,2.40,1.20
2010.11.16 22:31:47.188,0.97317,0.97423,6.10,6.80
2010.11.16 22:31:47.514,0.97327,0.97423,2.40,1.20
2010.11.16 22:31:48.135,0.97327,0.97417,6.10,1.10
2010.11.16 22:31:49.176,0.97327,0.97417,6.10,1.20
2010.11.16 22:31:51.344,0.97328,0.97417,1.20,1.10
2010.11.16 22:31:54.253,0.97337,0.97413,6.50,1.10
2010.11.16 22:31:57.628,0.97338,0.97422,2.50,1.20
2010.11.16 22:32:00.394,0.97327,0.97412,6.50,1.10
2010.11.16 22:32:02.417,0.97327,0.97427,6.10,1.20
2010.11.16 22:32:02.636,0.97337,0.97429,6.50,1.10
2010.11.16 22:32:02.964,0.97337,0.97429,2.40,2.10
2010.11.16 22:32:06.544,0.97328,0.97432,6.30,1.20
2010.11.16 22:32:07.884,0.97337,0.97428,2.70,1.20
2010.11.16 22:32:08.974,0.97338,0.97433,2.40,1.20
2010.11.16 22:32:10.114,0.97338,0.97433,6.10,1.20
2010.11.16 22:32:10.561,0.97368,0.97433,2.30,1.20
2010.11.16 22:32:12.655,0.97357,0.97433,2.70,1.10
2010.11.16 22:32:14.216,0.97347,0.97427,6.30,1.20
2010.11.16 22:32:18.466,0.97312,0.97413,1.10,1.10
2010.11.16 22:32:20.520,0.97308,0.97409,1.10,2.40
2010.11.16 22:32:21.597,0.97308,0.97409,1.10,1.10
2010.11.16 22:32:23.924,0.97303,0.97412,1.20,1.20
2010.11.16 22:32:31.484,0.97308,0.97409,3.30,2.40
2010.11.16 22:32:34.276,0.97308,0.97413,6.60,1.20
2010.11.16 22:32:36.552,0.97317,0.97413,1.10,1.10
2010.11.16 22:32:42.433,0.97318,0.97409,1.10,1.10
2010.11.16 22:32:44.685,0.97302,0.97413,1.20,1.20
2010.11.16 22:32:47.277,0.97309,0.97409,1.10,1.10
2010.11.16 22:32:47.429,0.97309,0.97418,2.10,1.20
2010.11.16 22:32:49.362,0.97317,0.97413,1.10,1.10
2010.11.16 22:32:50.995,0.97308,0.97412,1.20,1.20
2010.11.16 22:32:51.106,0.97307,0.97409,1.10,1.10
2010.11.16 22:32:52.164,0.97303,0.97412,1.20,1.20
2010.11.16 22:32:53.684,0.97309,0.97409,1.10,1.10
2010.11.16 22:33:01.284,0.97309,0.97409,2.40,1.10
2010.11.16 22:33:05.836,0.97307,0.97413,6.80,1.20
2010.11.16 22:33:09.805,0.97312,0.97409,1.30,2.40
2010.11.16 22:33:12.095,0.97338,0.97431,2.40,1.20
2010.11.16 22:33:14.257,0.97337,0.97443,2.60,6.30
2010.11.16 22:33:17.680,0.97337,0.97428,2.60,1.20
2010.11.16 22:33:19.992,0.97337,0.97428,3.30,1.20
2010.11.16 22:33:25.088,0.97338,0.97432,3.20,6.30
2010.11.16 22:33:26.396,0.97328,0.97427,3.20,1.20
2010.11.16 22:33:27.932,0.97328,0.97412,1.10,1.20
2010.11.16 22:33:28.374,0.97327,0.97418,3.30,1.20
2010.11.16 22:33:32.899,0.97332,0.97413,1.10,1.20
2010.11.16 22:33:34.915,0.97327,0.97423,6.60,6.30
2010.11.16 22:33:36.817,0.97338,0.97432,3.00,6.30
2010.11.16 22:33:40.276,0.97338,0.97432,3.20,6.30
2010.11.16 22:33:43.122,0.97337,0.97418,3.30,1.20
2010.11.16 22:33:43.370,0.97337,0.97427,3.20,1.20
2010.11.16 22:33:45.927,0.97337,0.97433,3.20,6.30
2010.11.16 22:33:46.453,0.97337,0.97433,3.10,6.30
2010.11.16 22:33:46.966,0.97337,0.97433,3.30,6.90
2010.11.16 22:33:48.088,0.97337,0.97433,3.10,6.30
2010.11.16 22:33:48.348,0.97337,0.97433,3.20,6.30
2010.11.16 22:33:48.646,0.97338,0.97422,1.10,1.20
2010.11.16 22:33:48.865,0.97337,0.97433,3.30,6.90
2010.11.16 22:33:54.424,0.97343,0.97432,1.10,1.20
2010.11.16 22:33:54.540,0.97342,0.97423,1.10,1.20
2010.11.16 22:33:57.105,0.97338,0.97422,1.10,1.20
2010.11.16 22:33:57.217,0.97348,0.97428,3.20,1.20
2010.11.16 22:34:00.390,0.97353,0.97427,1.10,1.20
2010.11.16 22:34:00.606,0.97353,0.97442,1.10,6.30
2010.11.16 22:34:04.546,0.97378,0.97463,3.10,1.20
2010.11.16 22:34:05.766,0.97373,0.97457,1.10,1.20
2010.11.16 22:34:06.016,0.97372,0.97458,1.20,2.40
2010.11.16 22:34:19.965,0.97368,0.97455,3.40,1.50
2010.11.16 22:34:27.817,0.97368,0.97458,1.50,1.20
2010.11.16 22:34:30.300,0.97377,0.97448,1.10,1.10
2010.11.16 22:34:31.566,0.97368,0.97447,1.60,2.60
2010.11.16 22:34:36.027,0.9738,0.97452,1.10,1.20
2010.11.16 22:34:38.106,0.97372,0.97448,1.10,1.10
2010.11.16 22:34:40.781,0.9737,0.97452,1.10,1.20
2010.11.16 22:34:43.256,0.97368,0.97442,1.10,1.10
2010.11.16 22:34:45.279,0.97363,0.97447,1.20,1.20
2010.11.16 22:34:46.485,0.97373,0.97457,1.10,1.10
2010.11.16 22:34:49.286,0.97372,0.97453,1.10,1.10
2010.11.16 22:34:49.395,0.97372,0.97453,1.10,1.10
2010.11.16 22:34:49.730,0.97367,0.97448,3.30,1.20
2010.11.16 22:34:51.642,0.97363,0.97442,1.20,1.20
2010.11.16 22:34:51.975,0.97362,0.97453,1.20,1.20
2010.11.16 22:34:54.217,0.97368,0.97452,1.20,1.20
2010.11.16 22:34:56.396,0.97367,0.97448,1.10,1.10
2010.11.16 22:35:02.446,0.97358,0.97442,1.10,1.10
2010.11.16 22:35:02.665,0.97348,0.97442,2.70,1.10
2010.11.16 22:35:03.826,0.97348,0.97442,3.10,1.10
2010.11.16 22:35:05.869,0.97348,0.97453,2.40,1.70
2010.11.16 22:35:06.200,0.97348,0.97442,2.40,1.20
2010.11.16 22:35:16.915,0.97348,0.97432,1.20,1.10
2010.11.16 22:35:18.867,0.97348,0.97432,2.40,1.20
2010.11.16 22:35:27.370,0.97348,0.97428,1.10,1.10
2010.11.16 22:35:31.895,0.97347,0.97418,1.10,1.10
2010.11.16 22:35:34.016,0.97347,0.97423,1.20,1.20
2010.11.16 22:35:46.864,0.97347,0.97418,1.10,1.10
2010.11.16 22:35:52.355,0.97343,0.97407,1.10,1.10
2010.11.16 22:35:57.125,0.97333,0.97407,1.20,1.10
2010.11.16 22:35:58.498,0.97338,0.97412,1.20,1.10
2010.11.16 22:36:04.164,0.97337,0.97403,1.20,1.10
2010.11.16 22:36:07.865,0.97342,0.97399,1.10,1.10
2010.11.16 22:36:13.037,0.97337,0.97399,1.50,1.50
2010.11.16 22:36:13.145,0.97337,0.97399,1.50,1.50
2010.11.16 22:36:15.675,0.97343,0.97402,1.30,1.10
2010.11.16 22:36:22.256,0.97348,0.97407,1.10,1.10
2010.11.16 22:36:23.525,0.97338,0.97408,2.40,1.10
2010.11.16 22:36:30.029,0.97348,0.97402,1.20,1.10
2010.11.16 22:36:32.278,0.97332,0.97402,1.10,1.10
2010.11.16 22:36:39.205,0.97325,0.97397,1.50,1.20
2010.11.16 22:36:43.215,0.97335,0.97402,1.10,1.10
2010.11.16 22:36:47.585,0.97335,0.9741,1.10,1.70
2010.11.16 22:36:51.159,0.97335,0.9741,1.10,1.70
2010.11.16 22:36:54.487,0.97327,0.97402,1.10,4.00
2010.11.16 22:37:05.121,0.97316,0.97389,1.50,1.10
2010.11.16 22:37:05.336,0.97316,0.97389,1.50,1.10
2010.11.16 22:37:11.415,0.97317,0.97399,1.20,1.70
2010.11.16 22:37:20.146,0.97317,0.97389,1.10,1.10
2010.11.16 22:37:23.176,0.97317,0.97388,1.20,1.20
2010.11.16 22:37:24.491,0.97323,0.9738,1.10,1.10
2010.11.16 22:37:25.922,0.97316,0.97389,1.50,1.50
2010.11.16 22:37:35.071,0.97317,0.97383,1.20,1.20
2010.11.16 22:37:38.210,0.97317,0.9738,1.10,2.40
2010.11.16 22:37:40.377,0.97316,0.97387,1.50,1.20
2010.11.16 22:37:43.115,0.97316,0.97387,1.50,1.20
2010.11.16 22:37:49.326,0.97318,0.97382,1.10,1.10
2010.11.16 22:38:04.665,0.97318,0.97372,1.30,1.10
2010.11.16 22:38:08.870,0.97318,0.97381,1.70,1.10
2010.11.16 22:38:12.676,0.97318,0.97381,1.10,1.50
2010.11.16 22:38:12.895,0.97318,0.97381,1.60,1.50
2010.11.16 22:38:34.506,0.9732,0.97382,1.70,1.10
2010.11.16 22:38:43.556,0.97338,0.97415,4.10,1.50
2010.11.16 22:38:50.049,0.97345,0.97403,1.70,1.10
2010.11.16 22:38:52.514,0.97345,0.97402,1.70,1.10
2010.11.16 22:38:59.348,0.97353,0.97413,1.10,1.20
2010.11.16 22:39:01.420,0.97348,0.97421,1.10,1.70
2010.11.16 22:39:05.891,0.97347,0.97403,1.10,1.10
2010.11.16 22:39:10.436,0.97332,0.97406,1.10,1.70
2010.11.16 22:39:15.698,0.97338,0.97402,1.30,1.10
2010.11.16 22:39:18.368,0.97338,0.97402,1.30,1.10
2010.11.16 22:39:22.750,0.97338,0.97403,1.10,1.10
2010.11.16 22:39:25.328,0.97338,0.97403,1.10,1.10
2010.11.16 22:39:26.304,0.97348,0.97417,1.80,1.20
2010.11.16 22:39:26.414,0.97348,0.97423,4.00,1.20
2010.11.16 22:39:29.325,0.97353,0.97418,2.30,1.20
2010.11.16 22:39:35.391,0.97361,0.97418,1.10,1.20
2010.11.16 22:39:41.755,0.97348,0.97412,3.10,1.20
2010.11.16 22:39:41.865,0.97338,0.97412,1.20,1.20
2010.11.16 22:39:52.308,0.97338,0.9741,1.10,1.10
2010.11.16 22:39:54.976,0.97342,0.97413,1.10,1.10
2010.11.16 22:39:59.629,0.97347,0.97413,1.10,1.10
2010.11.16 22:40:02.360,0.97343,0.9741,1.10,1.10
2010.11.16 22:40:03.194,0.97342,0.97413,1.10,1.10
2010.11.16 22:40:05.525,0.97342,0.97408,1.10,1.10
2010.11.16 22:40:07.627,0.97338,0.97402,1.10,1.10
2010.11.16 22:40:16.127,0.97343,0.97402,1.10,1.10
2010.11.16 22:40:19.068,0.97343,0.97407,1.10,1.10
2010.11.16 22:40:24.243,0.97332,0.97413,1.20,1.20
2010.11.16 22:40:33.867,0.9733,0.97407,1.10,1.10
2010.11.16 22:40:34.085,0.9733,0.97412,1.50,1.20
2010.11.16 22:40:34.305,0.9733,0.97408,1.10,1.10
2010.11.16 22:40:34.635,0.97332,0.97404,1.10,1.10
2010.11.16 22:40:35.776,0.97336,0.97404,1.10,1.10
2010.11.16 22:40:51.668,0.97336,0.97404,1.10,1.50
2010.11.16 22:40:51.775,0.97336,0.97404,1.10,1.50
2010.11.16 22:40:56.905,0.97329,0.97399,1.10,1.50
2010.11.16 22:41:17.953,0.97329,0.97397,1.10,1.20
2010.11.16 22:41:28.316,0.97332,0.97398,1.10,1.10
2010.11.16 22:41:34.217,0.97329,0.97398,1.10,1.20
2010.11.16 22:41:42.157,0.97329,0.97397,1.10,1.20
2010.11.16 22:41:47.276,0.97333,0.97397,1.10,1.20
2010.11.16 22:42:21.108,0.97336,0.974,1.50,1.50
2010.11.16 22:42:33.828,0.97336,0.97398,1.50,1.20
2010.11.16 22:43:17.826,0.97343,0.97402,1.10,1.20
2010.11.16 22:43:21.721,0.97348,0.97412,1.10,1.20
2010.11.16 22:43:24.219,0.97343,0.97402,1.10,1.10
2010.11.16 22:43:26.509,0.97337,0.97408,6.80,1.20
2010.11.16 22:43:27.862,0.97337,0.97408,6.80,1.20
2010.11.16 22:43:28.296,0.97348,0.97402,1.10,1.10
2010.11.16 22:43:31.456,0.97338,0.97407,1.20,1.20
2010.11.16 22:43:32.315,0.97343,0.97402,1.10,1.10
2010.11.16 22:43:34.602,0.97347,0.97403,1.10,1.10
2010.11.16 22:43:38.330,0.97347,0.97408,1.10,1.10
2010.11.16 22:43:40.713,0.97338,0.97407,1.20,1.20
2010.11.16 22:43:41.396,0.97348,0.97412,1.10,1.10
2010.11.16 22:43:43.207,0.97353,0.97412,1.10,1.20
2010.11.16 22:43:47.320,0.97353,0.97417,1.10,1.20
2010.11.16 22:43:47.645,0.97346,0.97417,1.50,1.20
2010.11.16 22:43:50.552,0.97348,0.97402,1.10,1.10
2010.11.16 22:44:37.726,0.97353,0.97407,1.10,1.10
2010.11.16 22:44:52.527,0.97358,0.97417,1.10,1.20
2010.11.16 22:44:54.835,0.97357,0.9741,1.10,1.10
2010.11.16 22:45:09.758,0.97353,0.9741,1.10,1.10
2010.11.16 22:45:09.976,0.97353,0.9741,1.10,1.10
2010.11.16 22:45:11.165,0.97347,0.97408,1.10,1.20
2010.11.16 22:45:20.057,0.97342,0.97403,1.10,1.20
2010.11.16 22:45:20.529,0.97342,0.97403,1.10,1.20
2010.11.16 22:45:21.166,0.97342,0.97403,1.10,1.20
2010.11.16 22:45:21.717,0.97348,0.97413,1.70,1.10
2010.11.16 22:45:23.976,0.97342,0.97413,1.10,1.10
2010.11.16 22:45:24.085,0.97342,0.97413,1.10,1.10
2010.11.16 22:45:24.527,0.97327,0.97403,1.10,1.10
2010.11.16 22:45:24.746,0.97327,0.97402,1.10,3.20
2010.11.16 22:45:24.964,0.97327,0.97403,1.10,1.10
2010.11.16 22:45:28.176,0.97327,0.97383,1.10,1.10
2010.11.16 22:45:31.005,0.97323,0.97402,1.20,3.20
2010.11.16 22:45:31.115,0.97323,0.97407,1.20,1.20
2010.11.16 22:45:31.335,0.97334,0.97407,1.10,1.20
2010.11.16 22:45:34.238,0.97338,0.97407,1.10,1.10
2010.11.16 22:45:37.437,0.97334,0.97413,1.50,1.20
2010.11.16 22:45:40.216,0.97337,0.97408,1.20,1.20
2010.11.16 22:45:45.215,0.97334,0.97407,1.50,1.20
2010.11.16 22:45:45.734,0.97334,0.97402,1.10,1.10
2010.11.16 22:45:49.504,0.97334,0.97402,1.10,1.10
2010.11.16 22:45:58.675,0.97334,0.97407,1.50,1.20
2010.11.16 22:46:03.012,0.97337,0.97393,1.10,1.10
2010.11.16 22:46:06.256,0.97333,0.97387,1.10,1.10
2010.11.16 22:46:07.985,0.97332,0.97398,1.10,1.20
2010.11.16 22:46:10.026,0.97337,0.97403,1.10,1.20
2010.11.16 22:46:12.179,0.97343,0.97392,1.10,1.10
2010.11.16 22:46:15.700,0.97335,0.97393,1.70,1.10
2010.11.16 22:46:15.914,0.97332,0.97393,1.10,1.10
2010.11.16 22:46:22.502,0.97334,0.97397,1.10,1.10
2010.11.16 22:46:23.425,0.97334,0.97397,1.10,1.10
2010.11.16 22:46:29.892,0.97343,0.97397,1.10,1.20
2010.11.16 22:46:34.937,0.97334,0.97392,1.10,1.10
2010.11.16 22:46:35.156,0.97333,0.97397,1.10,1.20
2010.11.16 22:46:37.196,0.97333,0.97382,1.10,1.10
2010.11.16 22:46:39.557,0.97333,0.97387,1.10,1.10
2010.11.16 22:46:39.886,0.97337,0.97397,1.70,1.20
2010.11.16 22:46:42.233,0.97342,0.97393,1.10,1.10
2010.11.16 22:46:43.735,0.97333,0.97397,1.10,1.20
2010.11.16 22:46:48.136,0.97333,0.97397,1.10,1.20
2010.11.16 22:46:50.347,0.97334,0.97398,1.50,1.20
2010.11.16 22:46:55.326,0.97333,0.97397,1.10,1.20
2010.11.16 22:46:55.436,0.97333,0.97397,1.10,1.20
2010.11.16 22:46:55.656,0.97333,0.97397,1.10,1.20
2010.11.16 22:46:58.915,0.97333,0.97397,1.10,1.20
2010.11.16 22:47:04.379,0.97336,0.97398,1.10,1.20
2010.11.16 22:47:06.945,0.97332,0.97398,1.10,1.20
2010.11.16 22:47:09.297,0.97338,0.97392,1.10,1.10
2010.11.16 22:47:10.646,0.97328,0.97387,1.90,1.10
2010.11.16 22:47:10.866,0.97333,0.97397,1.10,1.20
2010.11.16 22:47:20.736,0.97332,0.97398,1.10,1.20
2010.11.16 22:47:23.199,0.97333,0.97387,1.10,1.20
2010.11.16 22:47:34.276,0.97332,0.97388,1.10,1.10
2010.11.16 22:47:34.636,0.97332,0.97388,1.10,1.10
2010.11.16 22:47:36.946,0.97335,0.97397,1.10,1.20
2010.11.16 22:47:42.798,0.97335,0.97393,1.10,1.10
2010.11.16 22:47:48.856,0.97333,0.97392,1.10,1.20
2010.11.16 22:47:51.231,0.97332,0.97383,1.10,1.10
2010.11.16 22:48:21.276,0.97323,0.97392,1.20,1.20
2010.11.16 22:48:21.495,0.97323,0.97392,1.20,1.20
2010.11.16 22:48:25.776,0.97322,0.97393,1.20,1.20
2010.11.16 22:48:37.017,0.97325,0.97387,1.10,1.20
2010.11.16 22:48:37.236,0.97325,0.97387,1.10,1.20
2010.11.16 22:48:42.126,0.9733,0.97392,1.10,1.10
2010.11.16 22:48:52.747,0.97323,0.9739,1.30,1.10
2010.11.16 22:48:52.966,0.97323,0.97387,1.30,1.10
2010.11.16 22:48:54.686,0.9733,0.97393,1.10,1.10
2010.11.16 22:48:59.277,0.9733,0.97398,1.10,1.20
2010.11.16 22:48:59.386,0.9733,0.97398,1.10,1.20
2010.11.16 22:49:12.096,0.9733,0.97397,1.50,1.20
2010.11.16 22:49:19.201,0.9733,0.97392,1.10,1.10
2010.11.16 22:49:24.579,0.9733,0.97398,1.50,1.20
2010.11.16 22:49:27.220,0.9733,0.97397,1.10,1.20
2010.11.16 22:49:27.899,0.97321,0.9739,1.70,1.10
2010.11.16 22:49:28.006,0.97321,0.9739,1.70,2.70
2010.11.16 22:49:28.356,0.97304,0.97383,1.10,2.50
2010.11.16 22:49:29.195,0.97312,0.97392,1.80,6.60
2010.11.16 22:49:29.305,0.97312,0.97392,1.80,6.60
2010.11.16 22:49:32.145,0.97309,0.97388,1.50,1.20
2010.11.16 22:49:36.696,0.97318,0.97383,1.70,1.10
2010.11.16 22:49:39.242,0.97326,0.97388,1.10,1.20
2010.11.16 22:49:42.905,0.97323,0.97382,1.10,1.10
2010.11.16 22:49:48.394,0.97312,0.97388,1.10,1.10
2010.11.16 22:50:07.876,0.97313,0.97382,1.30,1.10
2010.11.16 22:50:08.296,0.97312,0.97388,1.10,1.20
2010.11.16 22:50:16.111,0.97313,0.97377,1.10,1.20
2010.11.16 22:50:16.547,0.97313,0.97377,1.10,1.20
2010.11.16 22:50:18.295,0.97319,0.97377,1.70,1.20
2010.11.16 22:50:24.375,0.97319,0.97377,1.70,1.20
2010.11.16 22:50:36.796,0.97306,0.97368,1.10,1.20
2010.11.16 22:50:36.907,0.97306,0.97368,1.10,1.20
2010.11.16 22:50:38.876,0.97306,0.97362,1.10,1.10
2010.11.16 22:50:55.931,0.97302,0.97373,1.20,1.20
2010.11.16 22:50:59.732,0.97308,0.97367,1.10,1.10
2010.11.16 22:51:02.276,0.97308,0.97362,1.10,1.10
2010.11.16 22:51:04.917,0.97307,0.97368,1.10,1.10
2010.11.16 22:51:07.376,0.97307,0.97368,1.10,1.10
2010.11.16 22:51:09.246,0.97313,0.97372,1.10,1.10
2010.11.16 22:51:20.627,0.97318,0.97387,1.10,1.10
2010.11.16 22:51:30.557,0.97308,0.97382,1.20,1.20
2010.11.16 22:51:30.667,0.97308,0.97382,1.20,1.20
2010.11.16 22:51:30.778,0.97314,0.97387,1.50,1.20
2010.11.16 22:51:32.466,0.97308,0.97382,1.20,1.20
2010.11.16 22:51:41.712,0.97309,0.9738,1.50,2.40
2010.11.16 22:51:41.818,0.97312,0.97388,1.20,1.20
2010.11.16 22:51:45.876,0.97318,0.97382,1.10,1.10
2010.11.16 22:51:46.377,0.97318,0.97382,1.10,1.10
2010.11.16 22:52:00.708,0.97317,0.97388,1.20,1.20
2010.11.16 22:52:05.160,0.97312,0.9738,1.10,1.10
2010.11.16 22:52:05.486,0.97312,0.97378,1.10,1.10
2010.11.16 22:52:07.727,0.97313,0.97387,1.20,1.20
2010.11.16 22:52:15.916,0.97317,0.97383,1.10,1.10
2010.11.16 22:52:18.910,0.97312,0.97388,1.20,1.20
2010.11.16 22:52:26.116,0.97318,0.97388,1.10,1.10
2010.11.16 22:52:28.357,0.97328,0.97382,1.10,1.10
2010.11.16 22:52:33.786,0.97308,0.97382,6.80,1.20
2010.11.16 22:52:33.896,0.97308,0.97382,1.20,1.20
2010.11.16 22:52:38.516,0.97314,0.9738,1.10,2.40
2010.11.16 22:52:38.626,0.97314,0.97382,1.10,1.10
2010.11.16 22:52:39.126,0.97307,0.97388,1.20,1.20
2010.11.16 22:52:42.907,0.97308,0.97388,6.60,1.20
2010.11.16 22:52:57.185,0.97313,0.97392,1.20,1.20
2010.11.16 22:53:02.263,0.97318,0.97382,1.10,1.10
2010.11.16 22:53:09.231,0.97317,0.97383,1.10,1.10
2010.11.16 22:53:13.273,0.97313,0.97387,1.20,1.20
2010.11.16 22:53:27.804,0.97317,0.97388,1.10,1.10
2010.11.16 22:53:36.046,0.97312,0.97388,1.10,1.10
2010.11.16 22:53:39.574,0.97317,0.97383,1.10,1.10
2010.11.16 22:53:58.986,0.97313,0.97392,2.10,1.20
2010.11.16 22:53:59.376,0.97318,0.97392,1.20,1.20
2010.11.16 22:54:05.547,0.97322,0.97393,1.20,1.20
2010.11.16 22:54:05.995,0.97323,0.97398,1.90,1.20
2010.11.16 22:54:08.231,0.97333,0.97397,1.20,1.20
2010.11.16 22:54:14.778,0.97328,0.97393,1.10,1.10
2010.11.16 22:54:14.886,0.97328,0.97393,1.10,1.10
2010.11.16 22:54:15.107,0.97327,0.97393,1.10,1.10
2010.11.16 22:54:17.241,0.97322,0.97388,1.20,1.20
2010.11.16 22:54:55.517,0.97313,0.97387,1.20,1.20
2010.11.16 22:54:55.738,0.97312,0.97383,1.10,1.10
2010.11.16 22:54:55.956,0.97312,0.97383,1.10,1.10
2010.11.16 22:55:03.916,0.97312,0.97383,1.10,1.10
2010.11.16 22:55:06.327,0.97318,0.97382,1.10,1.10
2010.11.16 22:55:07.480,0.97303,0.97378,1.10,1.20
2010.11.16 22:55:07.585,0.97303,0.97378,1.10,1.20
2010.11.16 22:55:08.026,0.97293,0.97373,1.20,5.90
2010.11.16 22:55:09.256,0.97298,0.97372,1.10,1.20
2010.11.16 22:55:22.887,0.97308,0.97373,1.20,3.10
2010.11.16 22:55:22.999,0.97304,0.97382,1.20,1.20
2010.11.16 22:55:24.287,0.97307,0.97383,1.10,1.10
2010.11.16 22:55:26.777,0.97302,0.9738,1.10,1.70
2010.11.16 22:55:28.969,0.97308,0.9738,1.30,1.50
2010.11.16 22:55:29.077,0.97308,0.9738,1.20,1.20
2010.11.16 22:55:29.296,0.97303,0.97388,1.20,1.20
2010.11.16 22:55:31.940,0.97303,0.9738,1.30,1.10
2010.11.16 22:55:32.328,0.97298,0.97377,1.10,1.10
2010.11.16 22:55:33.262,0.97292,0.97372,1.20,5.90
2010.11.16 22:55:34.527,0.97308,0.97372,1.20,2.30
2010.11.16 22:55:34.748,0.97303,0.97385,2.60,1.50
2010.11.16 22:55:37.231,0.97313,0.97382,1.10,1.10
2010.11.16 22:55:37.717,0.97298,0.9738,1.10,3.50
2010.11.16 22:55:39.316,0.97297,0.97372,1.10,6.10
2010.11.16 22:55:40.802,0.97293,0.97372,1.20,6.30
2010.11.16 22:55:44.921,0.97308,0.97365,1.20,2.70
2010.11.16 22:55:45.028,0.97309,0.9738,1.20,1.30
2010.11.16 22:55:49.690,0.97308,0.97373,1.10,1.10
2010.11.16 22:55:53.177,0.97307,0.97363,1.10,1.10
2010.11.16 22:55:56.109,0.97297,0.97364,1.20,1.50
2010.11.16 22:55:56.597,0.97293,0.97364,1.20,1.50
2010.11.16 22:55:59.007,0.97292,0.97358,1.20,1.20
2010.11.16 22:56:30.518,0.97302,0.97358,1.10,1.10
2010.11.16 22:56:32.670,0.97288,0.97357,1.20,1.20
2010.11.16 22:56:32.886,0.97288,0.97357,1.20,1.20
2010.11.16 22:56:37.166,0.97288,0.97357,1.10,1.10
2010.11.16 22:56:37.386,0.97278,0.97352,1.10,1.30
2010.11.16 22:56:39.206,0.97283,0.97352,1.10,1.10
2010.11.16 22:56:39.316,0.97283,0.97352,1.10,1.30
2010.11.16 22:56:39.537,0.97273,0.97352,1.20,1.60
2010.11.16 22:56:42.466,0.97278,0.97337,1.10,1.10
2010.11.16 22:56:43.176,0.97272,0.97342,1.20,1.50
2010.11.16 22:56:46.606,0.97272,0.97338,1.10,1.10
2010.11.16 22:56:46.831,0.97262,0.97332,1.20,1.10
2010.11.16 22:56:49.146,0.97272,0.97338,1.10,1.10
2010.11.16 22:56:49.369,0.97272,0.97333,1.10,1.10
2010.11.16 22:56:51.385,0.97273,0.97332,1.10,1.10
2010.11.16 22:56:53.469,0.97257,0.97328,1.20,1.20
2010.11.16 22:56:53.914,0.97257,0.97328,1.20,1.20
2010.11.16 22:56:56.296,0.97262,0.97328,1.10,1.10
2010.11.16 22:57:03.966,0.97263,0.97332,1.20,1.20
2010.11.16 22:57:04.195,0.97263,0.97332,1.20,1.20
2010.11.16 22:57:08.768,0.97263,0.97322,1.10,1.10
2010.11.16 22:57:08.986,0.97263,0.97322,1.10,1.10
2010.11.16 22:57:16.219,0.97257,0.97328,1.20,1.20
2010.11.16 22:57:31.740,0.97257,0.97333,1.20,1.20
2010.11.16 22:57:34.246,0.97257,0.97328,1.20,1.20
2010.11.16 22:57:34.465,0.97257,0.97328,1.20,1.20
2010.11.16 22:57:40.170,0.97248,0.97312,1.10,1.10
2010.11.16 22:57:40.676,0.97248,0.97312,1.10,1.30
2010.11.16 22:57:42.147,0.97233,0.97312,1.10,1.10
2010.11.16 22:57:42.257,0.97232,0.97313,1.10,1.10
2010.11.16 22:57:44.491,0.97242,0.97308,1.10,1.10
2010.11.16 22:57:45.876,0.97237,0.97308,1.20,1.20
2010.11.16 22:57:45.988,0.97228,0.973,1.10,1.10
2010.11.16 22:57:46.097,0.97228,0.973,1.10,1.10
2010.11.16 22:57:46.206,0.97227,0.97303,1.10,1.50
2010.11.16 22:57:46.317,0.97227,0.97303,1.10,1.10
2010.11.16 22:57:46.793,0.97232,0.97303,1.10,1.10
2010.11.16 22:57:49.257,0.97239,0.97303,1.10,1.10
2010.11.16 22:57:50.642,0.97249,0.97312,2.40,1.10
2010.11.16 22:57:51.020,0.97242,0.97308,1.20,1.20
2010.11.16 22:57:51.303,0.97242,0.97314,1.10,3.20
2010.11.16 22:57:52.527,0.97239,0.97314,2.10,3.00
2010.11.16 22:57:52.885,0.97248,0.97314,2.40,2.30
2010.11.16 22:57:53.002,0.97248,0.97358,2.30,3.10
2010.11.16 22:57:53.107,0.97248,0.97358,2.30,2.60
2010.11.16 22:57:54.219,0.97247,0.97352,2.60,1.20
2010.11.16 22:57:55.473,0.97248,0.97343,2.40,1.20
2010.11.16 22:57:56.297,0.97239,0.97348,2.60,2.60
2010.11.16 22:57:57.203,0.97239,0.97343,2.70,1.20
2010.11.16 22:57:59.357,0.97248,0.97347,6.50,1.20
2010.11.16 22:58:00.088,0.97248,0.97352,6.30,3.00
2010.11.16 22:58:01.796,0.97252,0.97348,1.20,2.60
2010.11.16 22:58:02.940,0.97248,0.97348,2.70,2.40
2010.11.16 22:58:03.285,0.97248,0.97353,2.40,3.00
2010.11.16 22:58:06.306,0.97248,0.97352,2.70,3.00
2010.11.16 22:58:07.376,0.97262,0.97362,1.20,3.00
2010.11.16 22:58:07.486,0.97268,0.97362,2.40,3.00
2010.11.16 22:58:07.595,0.97268,0.97372,8.00,2.30
2010.11.16 22:58:10.229,0.97267,0.97373,6.30,2.30
2010.11.16 22:58:11.076,0.97257,0.97368,6.30,2.10
2010.11.16 22:58:11.537,0.97268,0.97373,1.20,3.00
2010.11.16 22:58:12.868,0.97258,0.97368,2.60,2.40
2010.11.16 22:58:13.190,0.97268,0.97373,1.20,3.00
2010.11.16 22:58:14.027,0.97268,0.97368,5.90,2.40
2010.11.16 22:58:14.335,0.97258,0.97372,8.20,3.00
2010.11.16 22:58:15.356,0.97258,0.97372,3.30,3.00
2010.11.16 22:58:15.827,0.97253,0.97353,1.20,2.30
2010.11.16 22:58:17.436,0.97238,0.97348,2.70,2.70
2010.11.16 22:58:24.389,0.97243,0.97348,1.20,2.70
2010.11.16 22:58:24.743,0.97243,0.97353,1.20,6.10
2010.11.16 22:58:32.215,0.97248,0.97352,8.00,6.10
2010.11.16 22:58:34.259,0.97238,0.97348,8.20,2.60
2010.11.16 22:58:36.887,0.97243,0.97348,1.20,1.10
2010.11.16 22:58:38.786,0.97247,0.97362,6.30,1.20
2010.11.16 22:58:40.681,0.97229,0.97342,2.60,2.30
2010.11.16 22:58:40.794,0.97228,0.97342,6.30,2.30
2010.11.16 22:58:45.246,0.97238,0.97358,6.10,1.20
2010.11.16 22:58:47.342,0.97238,0.97348,1.20,1.10
2010.11.16 22:59:12.730,0.97243,0.97348,1.20,1.10
2010.11.16 22:59:15.776,0.97248,0.97357,1.20,1.10
2010.11.16 22:59:19.528,0.97247,0.97358,6.10,2.40
2010.11.16 22:59:19.635,0.97238,0.97352,3.10,1.10
2010.11.16 22:59:22.216,0.97238,0.97342,1.20,1.10
2010.11.16 22:59:25.271,0.97229,0.97337,2.60,1.20
2010.11.16 22:59:26.263,0.97229,0.97333,2.70,1.10
2010.11.16 22:59:26.476,0.97229,0.97332,1.10,1.10
2010.11.16 22:59:28.547,0.97217,0.97348,6.30,2.10
2010.11.16 22:59:29.316,0.97219,0.97332,2.40,3.10
2010.11.16 22:59:29.537,0.97207,0.97323,1.20,3.10
2010.11.16 22:59:31.485,0.97207,0.97323,2.70,3.30
2010.11.16 22:59:33.966,0.97208,0.97318,2.70,2.40
2010.11.16 22:59:35.338,0.97208,0.97312,6.30,3.10
2010.11.16 22:59:36.114,0.97208,0.97308,2.70,1.10
2010.11.16 22:59:38.198,0.97203,0.97308,1.20,1.10
2010.11.16 22:59:39.009,0.97199,0.97313,2.40,1.20
2010.11.16 22:59:39.227,0.97199,0.97312,2.60,1.20
2010.11.16 22:59:41.307,0.97208,0.97307,1.20,1.10
2010.11.16 22:59:48.347,0.97208,0.97308,6.10,1.10
2010.11.16 22:59:51.957,0.97208,0.97307,1.20,1.10
2010.11.16 22:59:52.652,0.97207,0.97307,6.50,1.10
2010.11.16 22:59:52.977,0.97208,0.97313,1.20,3.00
2010.11.16 22:59:53.917,0.97218,0.97327,6.50,1.10
2010.11.16 22:59:54.026,0.97207,0.97322,6.30,1.20
2010.11.16 22:59:54.245,0.97207,0.97323,6.10,3.20
2010.11.16 22:59:56.465,0.97227,0.97328,2.30,1.20
2010.11.16 22:59:56.576,0.97197,0.97303,6.30,2.30
2010.11.16 22:59:56.905,0.97218,0.97322,2.40,3.20
2010.11.16 22:59:57.745,0.97218,0.97322,2.50,6.80
