2015.01.28 04:00:03.442,0.7233,0.72372,1.00,1.00
2015.01.28 04:00:03.744,0.72313,0.72331,1.00,1.00
2015.01.28 04:00:03.795,0.72311,0.72331,1.00,1.00
2015.01.28 04:00:04.147,0.72307,0.72335,1.00,1.00
2015.01.28 04:00:04.248,0.72311,0.72345,1.00,1.37
2015.01.28 04:00:04.349,0.72311,0.72345,1.00,1.00
2015.01.28 04:00:04.449,0.72306,0.72346,1.00,1.00
2015.01.28 04:00:04.542,0.72303,0.72346,1.00,1.00
2015.01.28 04:00:04.693,0.72299,0.72343,1.00,1.00
2015.01.28 04:00:05.003,0.72297,0.72344,1.00,1.00
2015.01.28 04:00:13.058,0.72299,0.72344,1.00,1.00
2015.01.28 04:00:13.360,0.72304,0.72348,1.00,1.00
2015.01.28 04:00:27.091,0.72302,0.72347,1.00,1.00
2015.01.28 04:00:29.840,0.723,0.72345,1.00,1.00
2015.01.28 04:00:30.217,0.72298,0.72343,1.00,1.00
2015.01.28 04:00:30.625,0.72297,0.72341,1.00,1.00
2015.01.28 04:00:40.423,0.72298,0.72343,1.00,1.00
2015.01.28 04:00:40.524,0.72302,0.72347,1.00,1.37
2015.01.28 04:00:40.826,0.72307,0.7235,1.00,1.00
2015.01.28 04:00:41.228,0.72308,0.72345,1.00,1.00
2015.01.28 04:00:41.551,0.72308,0.72351,1.00,1.00
2015.01.28 04:00:41.611,0.7231,0.72351,1.00,1.00
2015.01.28 04:00:42.122,0.7231,0.7235,1.00,1.00
2015.01.28 04:00:42.952,0.72308,0.7235,1.00,1.00
2015.01.28 04:00:43.103,0.72307,0.72346,1.00,1.00
2015.01.28 04:00:43.204,0.72307,0.7235,1.00,1.00
2015.01.28 04:00:43.311,0.72306,0.72345,1.00,1.00
2015.01.28 04:00:43.421,0.72305,0.72349,1.00,1.00
2015.01.28 04:00:43.521,0.72305,0.72345,1.00,1.00
2015.01.28 04:00:43.591,0.72303,0.72345,1.00,1.00
2015.01.28 04:00:43.692,0.72303,0.72347,1.00,1.00
2015.01.28 04:01:01.310,0.723,0.72345,1.00,1.00
2015.01.28 04:01:01.441,0.72297,0.72342,1.00,1.00
2015.01.28 04:01:01.772,0.72299,0.72344,1.00,1.00
2015.01.28 04:01:10.760,0.72298,0.72342,1.00,1.00
2015.01.28 04:01:15.072,0.72294,0.72339,1.00,1.00
2015.01.28 04:01:15.381,0.7229,0.72337,1.00,1.00
2015.01.28 04:01:15.656,0.7229,0.72335,1.00,1.00
2015.01.28 04:01:15.882,0.72286,0.72332,1.00,1.00
2015.01.28 04:01:16.311,0.72288,0.72332,1.00,1.00
2015.01.28 04:01:16.773,0.72284,0.72329,1.00,1.00
2015.01.28 04:01:16.874,0.72281,0.72326,1.00,1.00
2015.01.28 04:01:21.852,0.72279,0.72326,1.00,1.00
2015.01.28 04:01:22.053,0.72282,0.72327,1.00,1.00
2015.01.28 04:01:22.844,0.72285,0.7233,1.00,1.00
2015.01.28 04:01:22.945,0.72286,0.72332,1.00,1.00
2015.01.28 04:01:23.489,0.72287,0.72333,1.00,1.00
2015.01.28 04:01:39.629,0.72288,0.72332,1.00,1.00
2015.01.28 04:01:45.049,0.72288,0.72334,1.00,1.00
2015.01.28 04:01:45.150,0.72288,0.72332,1.00,1.00
2015.01.28 04:01:57.587,0.72289,0.72333,1.00,1.00
2015.01.28 04:01:58.913,0.72286,0.72331,1.00,1.00
2015.01.28 04:02:12.118,0.72287,0.72333,1.00,1.00
2015.01.28 04:02:12.432,0.72285,0.72329,1.00,1.00
2015.01.28 04:02:19.889,0.72285,0.7233,1.00,1.00
2015.01.28 04:02:20.422,0.72284,0.7233,1.00,1.00
2015.01.28 04:02:27.819,0.72283,0.72327,1.00,1.00
2015.01.28 04:02:28.165,0.72281,0.72325,1.00,1.00
2015.01.28 04:02:28.618,0.72282,0.72327,1.00,1.00
2015.01.28 04:02:29.236,0.72281,0.72326,1.00,1.00
2015.01.28 04:02:30.606,0.72282,0.72327,1.00,1.00
2015.01.28 04:02:30.778,0.72284,0.72329,1.00,1.00
2015.01.28 04:02:31.109,0.72287,0.72332,1.00,1.00
2015.01.28 04:02:41.890,0.72288,0.72332,1.00,1.00
2015.01.28 04:02:45.078,0.7229,0.72334,1.00,1.00
2015.01.28 04:02:50.028,0.72291,0.72336,1.00,1.00
2015.01.28 04:02:55.466,0.72292,0.72337,1.00,1.00
2015.01.28 04:02:55.566,0.72294,0.72339,1.00,1.00
2015.01.28 04:02:55.973,0.72296,0.72341,1.00,1.00
2015.01.28 04:03:03.386,0.72295,0.7234,1.00,1.00
2015.01.28 04:03:03.899,0.72296,0.72341,1.00,1.00
2015.01.28 04:03:07.414,0.72296,0.7234,1.00,1.00
2015.01.28 04:03:08.259,0.72296,0.72335,1.00,1.00
2015.01.28 04:03:08.699,0.72296,0.7234,1.00,1.00
2015.01.28 04:03:10.019,0.72296,0.72341,1.00,1.00
2015.01.28 04:03:10.568,0.72296,0.7234,1.00,1.00
2015.01.28 04:03:11.119,0.72296,0.72341,1.00,1.50
2015.01.28 04:03:11.811,0.72296,0.7234,1.00,1.00
2015.01.28 04:03:12.768,0.72296,0.72341,1.00,1.00
2015.01.28 04:03:13.674,0.72296,0.7234,1.00,1.00
2015.01.28 04:03:14.418,0.72296,0.72341,1.00,1.50
2015.01.28 04:03:15.119,0.72296,0.7234,1.00,1.00
2015.01.28 04:03:17.088,0.72297,0.7234,1.00,1.00
2015.01.28 04:03:17.314,0.723,0.72344,1.00,1.00
2015.01.28 04:03:19.478,0.723,0.7234,1.00,1.00
2015.01.28 04:03:20.138,0.723,0.72344,1.00,1.00
2015.01.28 04:03:20.908,0.723,0.7234,1.00,1.00
2015.01.28 04:03:21.458,0.723,0.72344,1.00,1.00
2015.01.28 04:03:22.447,0.723,0.7234,1.00,1.00
2015.01.28 04:03:23.580,0.723,0.72344,1.00,1.00
2015.01.28 04:03:23.878,0.723,0.7234,1.00,1.00
2015.01.28 04:03:24.538,0.723,0.72344,1.00,1.00
2015.01.28 04:03:24.758,0.723,0.7234,1.00,1.00
2015.01.28 04:03:24.868,0.723,0.72344,1.00,1.00
2015.01.28 04:03:25.002,0.723,0.7234,1.00,1.00
2015.01.28 04:03:25.308,0.723,0.72344,1.00,1.00
2015.01.28 04:03:25.638,0.723,0.72341,1.00,1.00
2015.01.28 04:03:26.266,0.723,0.7234,1.00,1.00
2015.01.28 04:03:26.408,0.723,0.72344,1.00,1.00
2015.01.28 04:03:26.892,0.723,0.7234,1.00,1.00
2015.01.28 04:03:27.838,0.723,0.72344,1.00,1.00
2015.01.28 04:03:28.278,0.723,0.7234,1.00,1.00
2015.01.28 04:03:30.808,0.723,0.72344,1.00,1.00
2015.01.28 04:03:30.962,0.723,0.7234,1.00,1.00
2015.01.28 04:03:31.138,0.723,0.72344,1.00,1.00
2015.01.28 04:03:31.468,0.723,0.7234,1.00,1.00
2015.01.28 04:03:32.238,0.723,0.72344,1.00,1.00
2015.01.28 04:03:32.788,0.723,0.7234,1.00,1.00
2015.01.28 04:03:37.958,0.723,0.72344,1.00,1.00
2015.01.28 04:03:38.223,0.72302,0.72345,1.00,1.00
2015.01.28 04:03:38.727,0.72301,0.72345,1.00,1.00
2015.01.28 04:03:39.136,0.72304,0.72345,1.00,1.00
2015.01.28 04:03:39.389,0.72304,0.72349,1.00,1.00
2015.01.28 04:03:39.654,0.72302,0.7235,1.00,1.00
2015.01.28 04:03:39.758,0.72297,0.72342,1.00,1.00
2015.01.28 04:03:39.861,0.72291,0.72339,1.00,1.00
2015.01.28 04:03:40.098,0.72291,0.72336,1.00,1.00
2015.01.28 04:03:40.602,0.7229,0.72335,1.00,1.00
2015.01.28 04:03:44.037,0.72291,0.72336,1.00,1.00
2015.01.28 04:03:44.372,0.72293,0.72338,1.00,1.00
2015.01.28 04:03:44.710,0.72295,0.72341,1.00,1.00
2015.01.28 04:03:45.797,0.72293,0.72339,1.00,1.00
2015.01.28 04:03:46.148,0.7229,0.72337,1.00,1.00
2015.01.28 04:03:54.817,0.72289,0.72334,1.00,1.00
2015.01.28 04:03:57.478,0.72287,0.72333,1.00,1.00
2015.01.28 04:04:05.190,0.72289,0.72334,1.00,1.00
2015.01.28 04:04:05.878,0.7229,0.72335,1.00,1.00
2015.01.28 04:04:07.060,0.72291,0.72336,1.00,1.00
2015.01.28 04:04:07.295,0.72292,0.72339,1.00,1.00
2015.01.28 04:04:07.396,0.7229,0.72337,1.00,1.00
2015.01.28 04:04:07.933,0.72289,0.72336,1.00,1.00
2015.01.28 04:04:14.294,0.72291,0.72336,1.00,1.00
2015.01.28 04:04:14.445,0.72291,0.72338,1.00,1.00
2015.01.28 04:04:14.546,0.72294,0.7234,1.00,1.00
2015.01.28 04:04:14.848,0.72299,0.72344,1.00,1.00
2015.01.28 04:04:20.337,0.723,0.72345,1.00,1.00
2015.01.28 04:04:21.898,0.72286,0.72326,1.00,1.00
2015.01.28 04:04:22.214,0.72279,0.72324,1.00,1.00
2015.01.28 04:04:22.767,0.72278,0.72325,1.00,1.00
2015.01.28 04:04:36.416,0.7228,0.72325,1.00,1.00
2015.01.28 04:04:36.768,0.72278,0.72325,1.00,1.00
2015.01.28 04:04:37.288,0.72278,0.72324,1.00,1.00
2015.01.28 04:04:39.707,0.72277,0.72324,1.00,1.00
2015.01.28 04:04:43.897,0.72279,0.72325,1.00,1.00
2015.01.28 04:04:44.475,0.72279,0.72327,1.00,1.00
2015.01.28 04:04:44.576,0.72281,0.72327,1.00,1.00
2015.01.28 04:04:44.869,0.72282,0.7233,1.00,1.00
2015.01.28 04:04:47.287,0.72285,0.72332,1.00,1.00
2015.01.28 04:04:47.836,0.72284,0.7233,1.00,1.00
2015.01.28 04:04:48.872,0.72282,0.7233,1.00,1.00
2015.01.28 04:04:49.469,0.72281,0.72329,1.00,1.00
2015.01.28 04:04:50.369,0.72282,0.72328,1.00,1.00
2015.01.28 04:04:53.556,0.72281,0.72327,1.00,1.00
2015.01.28 04:04:54.488,0.72283,0.72331,1.00,1.00
2015.01.28 04:05:00.046,0.72282,0.72328,1.00,1.00
2015.01.28 04:05:00.611,0.72283,0.72331,1.00,1.00
2015.01.28 04:05:00.826,0.72283,0.72329,1.00,1.00
2015.01.28 04:05:01.377,0.72284,0.7233,1.00,1.00
2015.01.28 04:05:01.686,0.72286,0.72332,1.00,1.00
2015.01.28 04:05:01.847,0.72287,0.72334,1.00,1.00
2015.01.28 04:05:02.376,0.72287,0.72333,1.00,1.00
2015.01.28 04:05:03.136,0.72285,0.72331,1.00,1.00
2015.01.28 04:05:04.116,0.72285,0.72333,1.00,1.00
2015.01.28 04:05:04.226,0.72287,0.72334,1.00,1.00
2015.01.28 04:05:04.380,0.72285,0.72333,1.00,1.00
2015.01.28 04:05:10.961,0.72285,0.72331,1.00,1.00
2015.01.28 04:05:11.269,0.72283,0.72329,1.00,1.00
2015.01.28 04:05:12.586,0.72282,0.72328,1.00,1.00
2015.01.28 04:05:12.916,0.7228,0.72326,1.00,1.00
2015.01.28 04:05:13.136,0.72278,0.72327,1.00,1.00
2015.01.28 04:05:13.401,0.7228,0.72326,1.00,1.00
2015.01.28 04:05:14.361,0.7228,0.72328,1.00,1.00
2015.01.28 04:05:20.836,0.72285,0.72331,1.00,1.00
2015.01.28 04:05:38.369,0.72286,0.72332,1.00,1.00
2015.01.28 04:05:38.687,0.72291,0.72337,1.00,1.00
2015.01.28 04:05:39.049,0.72294,0.7234,1.00,1.00
2015.01.28 04:05:41.990,0.7229,0.72336,1.00,1.00
2015.01.28 04:05:42.292,0.72287,0.72334,1.00,1.00
2015.01.28 04:05:45.392,0.72288,0.72335,1.00,1.00
2015.01.28 04:05:45.970,0.72289,0.72335,1.00,1.00
2015.01.28 04:05:46.466,0.72289,0.72337,1.00,1.00
2015.01.28 04:06:07.841,0.72292,0.72338,1.00,1.00
2015.01.28 04:06:08.270,0.72294,0.7234,1.00,1.00
2015.01.28 04:06:08.687,0.72292,0.72338,1.00,1.00
2015.01.28 04:06:09.345,0.72291,0.72337,1.00,1.00
2015.01.28 04:06:09.812,0.72293,0.72341,1.00,1.00
2015.01.28 04:06:31.938,0.72293,0.72339,1.00,1.00
2015.01.28 04:06:33.803,0.72294,0.7234,1.00,1.00
2015.01.28 04:06:34.149,0.72292,0.72338,1.00,1.00
2015.01.28 04:06:35.237,0.72295,0.72341,1.00,1.00
2015.01.28 04:06:35.569,0.72293,0.72339,1.00,1.00
2015.01.28 04:06:36.075,0.72295,0.72341,1.00,1.00
2015.01.28 04:06:36.414,0.72297,0.72343,1.00,1.00
2015.01.28 04:06:37.284,0.72295,0.72343,1.00,1.00
2015.01.28 04:06:39.167,0.72294,0.72342,1.00,1.00
2015.01.28 04:06:39.691,0.72293,0.72341,1.00,1.00
2015.01.28 04:06:42.063,0.72291,0.72337,1.00,1.00
2015.01.28 04:06:42.164,0.72287,0.72335,1.00,1.00
2015.01.28 04:06:42.726,0.72286,0.72334,1.00,1.00
2015.01.28 04:06:45.534,0.72285,0.72331,1.00,1.00
2015.01.28 04:06:46.884,0.72284,0.7233,1.00,1.00
2015.01.28 04:06:47.203,0.72279,0.72325,1.00,1.00
2015.01.28 04:06:47.671,0.72276,0.72322,1.00,1.00
2015.01.28 04:06:48.001,0.72277,0.72326,1.00,1.00
2015.01.28 04:06:48.325,0.72279,0.72325,1.07,1.00
2015.01.28 04:06:48.426,0.72282,0.72328,1.00,1.00
2015.01.28 04:06:49.054,0.72281,0.72329,1.00,1.00
2015.01.28 04:06:49.306,0.72287,0.72333,1.00,1.00
2015.01.28 04:06:49.626,0.72283,0.72329,1.00,1.00
2015.01.28 04:06:50.038,0.7228,0.72326,1.00,1.00
2015.01.28 04:06:50.925,0.72279,0.72327,1.00,1.00
2015.01.28 04:06:51.491,0.72281,0.72327,1.00,1.00
2015.01.28 04:06:51.802,0.72285,0.72331,1.00,1.00
2015.01.28 04:06:52.366,0.72284,0.7233,1.00,1.00
2015.01.28 04:06:52.685,0.72282,0.72328,1.00,1.00
2015.01.28 04:06:53.237,0.72283,0.72329,1.00,1.00
2015.01.28 04:06:54.056,0.7228,0.72326,1.00,1.00
2015.01.28 04:06:54.667,0.72279,0.72325,1.00,1.00
2015.01.28 04:06:55.434,0.72279,0.72327,1.00,1.00
2015.01.28 04:06:55.701,0.72282,0.72328,1.00,1.00
2015.01.28 04:06:56.534,0.72283,0.72331,1.00,1.00
2015.01.28 04:06:56.974,0.72283,0.72329,1.00,1.00
2015.01.28 04:07:01.594,0.72282,0.72328,1.00,1.00
2015.01.28 04:07:05.476,0.7228,0.72326,1.00,1.00
2015.01.28 04:07:05.576,0.72277,0.72326,1.00,1.00
2015.01.28 04:07:08.769,0.7228,0.72326,1.00,1.00
2015.01.28 04:07:09.073,0.72282,0.72328,1.00,1.00
2015.01.28 04:07:09.123,0.7228,0.72328,1.00,1.00
2015.01.28 04:07:10.394,0.72281,0.72327,1.00,1.00
2015.01.28 04:07:11.383,0.72283,0.72329,1.00,1.00
2015.01.28 04:07:12.062,0.7228,0.72326,1.00,1.00
2015.01.28 04:07:12.369,0.72276,0.72322,1.00,1.00
2015.01.28 04:07:12.419,0.72274,0.72321,1.00,1.00
2015.01.28 04:07:12.594,0.72273,0.72319,1.00,1.00
2015.01.28 04:07:13.135,0.72272,0.72318,1.00,1.00
2015.01.28 04:07:13.594,0.7227,0.72316,1.00,1.00
2015.01.28 04:07:14.135,0.72271,0.72318,1.00,1.00
2015.01.28 04:07:23.077,0.72271,0.72317,1.00,1.00
2015.01.28 04:07:23.178,0.72266,0.72312,1.00,1.00
2015.01.28 04:07:23.704,0.72264,0.7231,1.00,1.00
2015.01.28 04:07:24.039,0.72262,0.72311,1.00,1.00
2015.01.28 04:07:24.410,0.72262,0.72308,1.00,1.00
2015.01.28 04:07:24.712,0.72271,0.72317,1.00,1.00
2015.01.28 04:07:25.024,0.72263,0.7231,1.00,1.00
2015.01.28 04:07:26.041,0.72261,0.72309,1.00,1.00
2015.01.28 04:07:26.142,0.72259,0.72305,1.00,1.00
2015.01.28 04:07:26.593,0.72261,0.72307,1.00,1.00
2015.01.28 04:07:26.795,0.72261,0.72309,1.00,1.00
2015.01.28 04:07:26.896,0.72261,0.72307,1.00,1.00
2015.01.28 04:07:27.442,0.72262,0.72308,1.00,1.00
2015.01.28 04:07:27.594,0.72271,0.72318,1.00,1.00
2015.01.28 04:07:27.695,0.72274,0.7232,1.00,1.00
2015.01.28 04:07:28.237,0.72273,0.72319,1.00,1.00
2015.01.28 04:07:28.873,0.7227,0.72318,1.00,1.00
2015.01.28 04:07:29.533,0.72272,0.72319,1.00,1.00
2015.01.28 04:07:30.311,0.72271,0.72318,1.00,1.00
2015.01.28 04:07:38.553,0.72273,0.72319,1.00,1.00
2015.01.28 04:07:39.433,0.72272,0.72318,1.00,1.00
2015.01.28 04:07:39.937,0.72271,0.72318,1.00,1.00
2015.01.28 04:07:40.760,0.72273,0.7232,1.00,1.00
2015.01.28 04:07:47.802,0.72275,0.72322,1.00,1.00
2015.01.28 04:07:48.053,0.72276,0.72325,1.00,1.00
2015.01.28 04:07:48.123,0.72275,0.72322,1.00,1.00
2015.01.28 04:07:48.454,0.72281,0.72328,1.00,1.00
2015.01.28 04:07:48.785,0.72283,0.7233,1.00,1.00
2015.01.28 04:07:50.881,0.7228,0.72329,1.00,1.00
2015.01.28 04:07:53.342,0.7228,0.72325,1.00,1.00
2015.01.28 04:07:53.443,0.7228,0.72329,1.00,1.00
2015.01.28 04:07:53.544,0.72272,0.72321,1.00,1.00
2015.01.28 04:07:53.846,0.72271,0.72318,1.00,1.00
2015.01.28 04:07:54.404,0.7227,0.72319,1.00,1.00
2015.01.28 04:07:55.054,0.72272,0.72319,1.00,1.00
2015.01.28 04:07:55.384,0.72281,0.72325,1.00,1.00
2015.01.28 04:07:55.434,0.72281,0.72328,1.00,1.00
2015.01.28 04:07:55.964,0.72282,0.72329,1.00,1.00
2015.01.28 04:07:56.163,0.72285,0.72332,1.00,1.00
2015.01.28 04:08:00.885,0.72282,0.72331,1.00,1.00
2015.01.28 04:08:01.218,0.72286,0.72333,1.00,1.00
2015.01.28 04:08:01.453,0.72283,0.72332,1.00,1.00
2015.01.28 04:08:01.571,0.72286,0.72333,1.00,1.00
2015.01.28 04:08:02.110,0.72285,0.72332,1.00,1.00
2015.01.28 04:08:02.613,0.72284,0.72331,1.00,1.00
2015.01.28 04:08:03.204,0.72285,0.72332,1.00,1.00
2015.01.28 04:08:03.634,0.72283,0.7233,1.00,1.00
2015.01.28 04:08:04.179,0.72282,0.72329,1.00,1.00
2015.01.28 04:08:05.394,0.72281,0.72328,1.00,1.00
2015.01.28 04:08:06.602,0.72284,0.72331,1.00,1.00
2015.01.28 04:08:06.917,0.72288,0.72335,1.00,1.00
2015.01.28 04:08:07.225,0.7229,0.72337,1.00,1.00
2015.01.28 04:08:08.803,0.72287,0.72334,1.00,1.00
2015.01.28 04:08:09.253,0.72285,0.72332,1.00,1.00
2015.01.28 04:08:23.652,0.72286,0.72333,1.00,1.00
2015.01.28 04:08:35.094,0.72284,0.72331,1.00,1.00
2015.01.28 04:08:35.534,0.72281,0.72328,1.00,1.00
2015.01.28 04:08:35.691,0.72279,0.72328,1.00,1.00
2015.01.28 04:08:37.640,0.72281,0.72328,1.00,1.00
2015.01.28 04:08:38.164,0.7228,0.72327,1.00,1.00
2015.01.28 04:08:38.853,0.72279,0.72326,1.00,1.00
2015.01.28 04:08:39.100,0.72277,0.72326,1.00,1.00
2015.01.28 04:08:43.452,0.72277,0.72324,1.00,1.00
2015.01.28 04:08:47.993,0.72276,0.72323,1.00,1.00
2015.01.28 04:08:48.295,0.72267,0.72314,1.00,1.00
2015.01.28 04:08:48.619,0.72265,0.72312,1.00,1.00
2015.01.28 04:08:49.063,0.72262,0.72309,1.00,1.00
2015.01.28 04:08:49.581,0.72261,0.72308,1.00,1.00
2015.01.28 04:08:49.632,0.72259,0.72308,1.00,1.00
2015.01.28 04:08:50.163,0.7226,0.72307,1.00,1.00
2015.01.28 04:08:50.652,0.72262,0.72309,1.00,1.00
2015.01.28 04:08:50.822,0.72264,0.72313,1.00,1.00
2015.01.28 04:08:50.973,0.72264,0.72311,1.00,1.00
2015.01.28 04:08:51.942,0.72262,0.72311,1.00,1.00
2015.01.28 04:08:54.122,0.72262,0.72309,1.00,1.00
2015.01.28 04:08:55.113,0.72263,0.7231,1.00,1.00
2015.01.28 04:08:55.470,0.72266,0.72313,1.00,1.00
2015.01.28 04:08:57.972,0.72259,0.72308,1.00,1.00
2015.01.28 04:08:58.123,0.72257,0.72306,1.00,1.00
2015.01.28 04:09:00.062,0.72258,0.72307,1.00,1.00
2015.01.28 04:09:05.693,0.72258,0.72305,1.00,1.00
2015.01.28 04:09:15.482,0.72253,0.72301,1.00,1.00
2015.01.28 04:09:15.583,0.72251,0.723,1.00,1.00
2015.01.28 04:09:17.820,0.72248,0.72296,1.00,1.00
2015.01.28 04:09:17.921,0.72246,0.72296,1.00,1.00
2015.01.28 04:09:20.081,0.72249,0.72297,1.00,1.00
2015.01.28 04:09:20.391,0.72252,0.72299,1.00,1.00
2015.01.28 04:09:20.441,0.72254,0.72304,1.00,1.00
2015.01.28 04:09:20.674,0.72257,0.72305,1.00,1.00
2015.01.28 04:09:30.972,0.72256,0.72304,1.00,1.00
2015.01.28 04:09:31.571,0.72253,0.72301,1.00,1.00
2015.01.28 04:09:36.407,0.72253,0.723,1.00,1.00
2015.01.28 04:09:36.952,0.72252,0.72299,1.00,1.00
2015.01.28 04:09:44.725,0.72253,0.723,1.00,1.00
2015.01.28 04:09:44.951,0.72252,0.72302,1.00,1.00
2015.01.28 04:09:45.052,0.72256,0.72304,1.00,1.00
2015.01.28 04:09:52.872,0.72255,0.72303,1.00,1.00
2015.01.28 04:09:53.181,0.72253,0.723,1.00,1.00
2015.01.28 04:09:58.733,0.72252,0.723,1.00,1.00
2015.01.28 04:09:59.269,0.72253,0.723,1.00,1.00
2015.01.28 04:10:01.601,0.72251,0.72301,1.00,1.00
2015.01.28 04:10:02.543,0.72254,0.72301,1.00,1.00
2015.01.28 04:10:02.695,0.72255,0.72303,1.00,1.00
2015.01.28 04:10:04.412,0.72256,0.72304,1.00,1.00
2015.01.28 04:10:20.961,0.72256,0.72306,1.00,1.00
2015.01.28 04:10:21.582,0.72258,0.72305,1.00,1.00
2015.01.28 04:10:21.792,0.7226,0.72308,1.00,1.00
2015.01.28 04:10:22.012,0.7226,0.7231,1.00,1.00
2015.01.28 04:10:22.163,0.72262,0.72312,1.00,1.00
2015.01.28 04:10:24.321,0.72265,0.72313,1.00,1.00
2015.01.28 04:10:39.613,0.72266,0.72314,1.00,1.00
2015.01.28 04:10:43.691,0.72265,0.72313,1.00,1.00
2015.01.28 04:10:43.994,0.72263,0.72311,1.00,1.00
2015.01.28 04:10:44.145,0.72261,0.7231,1.00,1.00
2015.01.28 04:10:45.240,0.72263,0.72311,1.00,1.00
2015.01.28 04:10:45.341,0.72261,0.7231,1.00,1.00
2015.01.28 04:10:46.321,0.72263,0.72311,1.00,1.00
2015.01.28 04:10:46.559,0.72265,0.72315,1.00,1.00
2015.01.28 04:11:06.340,0.72264,0.72312,1.00,1.00
2015.01.28 04:11:06.644,0.72262,0.7231,1.00,1.00
2015.01.28 04:11:07.330,0.7226,0.72309,1.00,1.00
2015.01.28 04:11:10.331,0.72259,0.72309,1.00,1.00
2015.01.28 04:11:11.978,0.72261,0.72309,1.00,1.00
2015.01.28 04:11:12.286,0.72264,0.72312,1.00,1.00
2015.01.28 04:11:12.792,0.72265,0.72313,1.00,1.00
2015.01.28 04:11:18.110,0.72263,0.72311,1.00,1.00
2015.01.28 04:11:18.631,0.72262,0.7231,1.00,1.00
2015.01.28 04:11:19.100,0.72258,0.72308,1.00,1.00
2015.01.28 04:11:22.623,0.72261,0.72309,1.00,1.00
2015.01.28 04:11:22.842,0.72258,0.72308,1.00,1.00
2015.01.28 04:11:40.110,0.7227,0.72314,1.00,1.00
2015.01.28 04:11:41.673,0.72272,0.72314,1.00,1.00
2015.01.28 04:11:53.752,0.72271,0.72314,1.00,1.00
2015.01.28 04:11:58.303,0.72271,0.72315,1.00,1.00
2015.01.28 04:11:58.629,0.72273,0.72315,1.00,1.00
2015.01.28 04:11:58.931,0.72276,0.72318,1.00,1.00
2015.01.28 04:11:59.490,0.72275,0.72318,1.00,1.00
2015.01.28 04:12:01.801,0.72274,0.72315,1.00,1.00
2015.01.28 04:12:02.002,0.72276,0.72318,1.00,1.00
2015.01.28 04:12:08.095,0.72278,0.72318,1.00,1.00
2015.01.28 04:12:08.196,0.72278,0.72321,1.00,1.00
2015.01.28 04:12:10.468,0.72278,0.72324,1.00,1.00
2015.01.28 04:12:27.959,0.72276,0.72324,1.00,1.50
2015.01.28 04:12:28.081,0.72276,0.7232,1.00,1.00
2015.01.28 04:12:28.641,0.72275,0.7232,1.00,1.00
2015.01.28 04:12:40.087,0.72273,0.72316,1.00,1.00
2015.01.28 04:12:40.395,0.72271,0.72312,1.00,1.00
2015.01.28 04:12:40.510,0.72268,0.72312,1.00,1.00
2015.01.28 04:12:41.420,0.72268,0.72315,1.00,1.00
2015.01.28 04:12:45.120,0.72263,0.72311,1.00,1.00
2015.01.28 04:12:45.170,0.72263,0.72311,1.00,1.37
2015.01.28 04:12:45.582,0.7226,0.72304,1.00,1.00
2015.01.28 04:12:45.901,0.72259,0.72299,1.00,1.00
2015.01.28 04:12:46.239,0.72262,0.72306,1.00,1.00
2015.01.28 04:12:47.199,0.72262,0.72311,1.00,1.65
2015.01.28 04:12:47.350,0.72265,0.72311,1.00,1.20
2015.01.28 04:12:52.159,0.72267,0.72311,1.00,1.20
2015.01.28 04:12:52.310,0.72267,0.72315,1.00,1.37
2015.01.28 04:12:52.411,0.72269,0.72317,1.00,1.37
2015.01.28 04:12:52.612,0.72272,0.72318,1.00,1.00
2015.01.28 04:12:52.713,0.72274,0.72321,1.00,1.00
2015.01.28 04:12:53.857,0.72276,0.72325,1.00,2.02
2015.01.28 04:12:53.962,0.72273,0.72323,1.00,1.55
2015.01.28 04:12:54.269,0.72276,0.72325,1.00,2.02
2015.01.28 04:12:54.320,0.72276,0.72325,1.00,1.50
2015.01.28 04:12:54.579,0.7228,0.72327,1.00,1.37
2015.01.28 04:12:55.109,0.72281,0.72327,1.00,1.00
2015.01.28 04:12:55.769,0.7228,0.72327,1.00,1.00
2015.01.28 04:12:56.081,0.7228,0.72325,1.00,1.00
2015.01.28 04:12:56.131,0.7228,0.72327,1.00,1.00
2015.01.28 04:13:00.221,0.72276,0.72327,1.00,1.87
2015.01.28 04:13:00.322,0.72274,0.72322,1.00,1.00
2015.01.28 04:13:00.741,0.72276,0.72324,1.00,1.87
2015.01.28 04:13:01.750,0.72275,0.72323,1.00,1.00
2015.01.28 04:13:02.859,0.72275,0.72323,1.00,1.37
2015.01.28 04:13:03.202,0.72275,0.7232,1.00,1.00
2015.01.28 04:13:03.340,0.72275,0.72323,1.00,1.37
2015.01.28 04:13:03.859,0.72273,0.72321,1.00,1.00
2015.01.28 04:13:04.439,0.72272,0.7232,1.00,1.00
2015.01.28 04:13:05.468,0.72271,0.72319,1.00,1.00
2015.01.28 04:13:05.835,0.7227,0.72317,1.00,1.00
2015.01.28 04:13:06.143,0.72266,0.72314,1.00,1.00
2015.01.28 04:13:06.254,0.72264,0.72314,1.00,1.00
2015.01.28 04:13:06.355,0.72264,0.72312,1.00,1.00
2015.01.28 04:13:06.506,0.72262,0.72312,1.00,1.50
2015.01.28 04:13:08.547,0.72262,0.72309,1.00,1.00
2015.01.28 04:13:08.852,0.72264,0.72311,1.00,1.00
2015.01.28 04:13:08.902,0.72267,0.72315,1.00,1.00
2015.01.28 04:13:09.472,0.72267,0.72316,1.00,1.50
2015.01.28 04:13:14.301,0.72268,0.72317,1.00,1.00
2015.01.28 04:13:14.506,0.72267,0.72315,1.00,1.00
2015.01.28 04:13:15.200,0.72267,0.72316,1.00,1.00
2015.01.28 04:13:15.716,0.72268,0.72319,1.00,1.00
2015.01.28 04:13:18.900,0.72267,0.72316,1.00,1.00
2015.01.28 04:13:20.757,0.72267,0.72315,1.00,1.00
2015.01.28 04:13:21.183,0.72264,0.72311,1.00,1.00
2015.01.28 04:13:23.768,0.72264,0.72312,1.00,1.00
2015.01.28 04:13:24.129,0.72268,0.72317,1.00,1.37
2015.01.28 04:13:24.385,0.72269,0.72318,1.00,1.00
2015.01.28 04:13:24.436,0.72272,0.72318,1.00,1.00
2015.01.28 04:13:37.378,0.72271,0.72318,1.00,1.00
2015.01.28 04:13:37.479,0.72267,0.72316,1.00,1.00
2015.01.28 04:13:37.591,0.7227,0.72316,1.00,1.00
2015.01.28 04:13:38.908,0.72272,0.72316,1.00,1.00
2015.01.28 04:13:40.130,0.72269,0.72316,1.00,1.00
2015.01.28 04:13:41.010,0.72272,0.72318,1.00,1.00
2015.01.28 04:13:41.767,0.72273,0.72318,1.00,1.00
2015.01.28 04:13:41.882,0.72273,0.72323,1.00,1.10
2015.01.28 04:13:42.491,0.72274,0.72324,1.00,1.17
2015.01.28 04:13:42.759,0.72276,0.72324,1.00,1.17
2015.01.28 04:13:44.534,0.72275,0.72323,1.00,1.10
2015.01.28 04:13:45.053,0.72276,0.72324,1.00,1.17
2015.01.28 04:13:45.611,0.72276,0.72324,1.00,1.10
2015.01.28 04:14:05.318,0.72276,0.72325,1.00,1.00
2015.01.28 04:14:07.076,0.72278,0.72327,1.00,1.37
2015.01.28 04:14:07.410,0.72283,0.72331,1.00,1.55
2015.01.28 04:14:08.153,0.72283,0.72333,1.00,1.15
2015.01.28 04:14:08.468,0.72287,0.72336,1.00,1.52
2015.01.28 04:14:08.720,0.72285,0.72333,1.00,1.15
2015.01.28 04:14:11.360,0.72285,0.72333,1.00,1.65
2015.01.28 04:14:11.479,0.72285,0.72333,1.00,1.15
2015.01.28 04:14:12.248,0.72286,0.72334,1.00,1.15
2015.01.28 04:14:12.399,0.72286,0.72335,1.00,1.00
2015.01.28 04:14:12.500,0.72296,0.7234,1.00,1.00
2015.01.28 04:14:12.651,0.72296,0.72345,1.00,1.50
2015.01.28 04:14:12.701,0.72302,0.72345,1.00,1.00
2015.01.28 04:14:12.903,0.72304,0.72351,1.00,1.00
2015.01.28 04:14:13.155,0.72302,0.7235,1.00,1.50
2015.01.28 04:14:13.360,0.72304,0.7235,1.00,1.00
2015.01.28 04:14:13.900,0.72305,0.7235,1.00,1.00
2015.01.28 04:14:14.733,0.72305,0.72351,1.00,1.00
2015.01.28 04:14:14.784,0.72303,0.72351,1.00,1.50
2015.01.28 04:14:14.884,0.723,0.72345,1.00,1.00
2015.01.28 04:14:15.449,0.723,0.72346,1.00,1.50
2015.01.28 04:14:16.708,0.723,0.72345,1.00,1.00
2015.01.28 04:14:17.323,0.72298,0.72345,1.00,1.00
2015.01.28 04:14:17.423,0.72295,0.7234,1.00,1.00
2015.01.28 04:14:17.675,0.72294,0.72342,1.00,1.00
2015.01.28 04:14:17.876,0.72292,0.7234,1.00,1.00
2015.01.28 04:14:18.397,0.72293,0.72341,1.00,1.00
2015.01.28 04:14:20.090,0.72294,0.72342,1.00,1.50
2015.01.28 04:14:21.586,0.72294,0.72338,1.00,1.00
2015.01.28 04:14:21.636,0.72292,0.72338,1.00,1.00
2015.01.28 04:14:21.737,0.72292,0.72336,1.00,1.00
2015.01.28 04:14:21.837,0.7229,0.72336,1.00,1.00
2015.01.28 04:14:21.938,0.7229,0.72333,1.00,1.00
2015.01.28 04:14:25.260,0.72289,0.7233,1.00,1.00
2015.01.28 04:14:26.977,0.72292,0.72334,1.00,1.00
2015.01.28 04:14:27.086,0.72292,0.7234,1.00,1.50
2015.01.28 04:14:27.137,0.72295,0.7234,1.00,1.00
2015.01.28 04:14:27.187,0.72295,0.72342,1.00,1.00
2015.01.28 04:14:27.238,0.72298,0.72347,1.00,1.65
2015.01.28 04:14:27.548,0.72298,0.7234,1.00,1.00
2015.01.28 04:14:27.858,0.72296,0.72345,1.00,1.00
2015.01.28 04:14:29.082,0.72296,0.72339,1.00,1.00
2015.01.28 04:14:29.577,0.72299,0.72339,1.00,1.00
2015.01.28 04:14:31.607,0.72301,0.72339,1.00,1.00
2015.01.28 04:14:31.708,0.72301,0.72345,1.00,1.00
2015.01.28 04:14:32.253,0.72302,0.72345,1.00,1.00
2015.01.28 04:14:34.785,0.72302,0.72348,1.00,1.15
2015.01.28 04:14:37.877,0.72304,0.72342,1.00,1.00
2015.01.28 04:14:40.066,0.72304,0.72345,1.00,1.00
2015.01.28 04:14:40.167,0.72302,0.72345,1.00,1.00
2015.01.28 04:14:40.645,0.72299,0.72339,1.00,1.00
2015.01.28 04:14:56.573,0.72297,0.72339,1.00,1.00
2015.01.28 04:14:57.145,0.72296,0.72342,1.00,1.00
2015.01.28 04:14:58.695,0.72295,0.72342,1.00,1.00
2015.01.28 04:14:58.795,0.72292,0.72336,1.00,1.00
2015.01.28 04:14:59.890,0.72289,0.72336,1.00,1.00
2015.01.28 04:15:00.121,0.72289,0.7233,1.00,1.00
2015.01.28 04:15:02.864,0.72288,0.7233,1.00,1.00
2015.01.28 04:15:03.166,0.72288,0.72327,1.00,1.00
2015.01.28 04:15:04.927,0.72286,0.72327,1.00,1.00
2015.01.28 04:15:05.054,0.72286,0.72324,1.00,1.00
2015.01.28 04:15:05.155,0.72284,0.72325,1.00,1.00
2015.01.28 04:15:05.258,0.72282,0.72325,1.00,1.00
2015.01.28 04:15:05.840,0.7228,0.72325,1.00,1.00
2015.01.28 04:15:05.941,0.7228,0.7232,1.00,1.00
2015.01.28 04:15:06.578,0.72278,0.7232,1.00,1.00
2015.01.28 04:15:06.734,0.72278,0.72322,1.00,1.00
2015.01.28 04:15:07.592,0.72278,0.72326,1.00,1.00
2015.01.28 04:15:08.898,0.72276,0.72326,1.00,1.00
2015.01.28 04:15:09.437,0.72276,0.72325,1.00,1.00
2015.01.28 04:15:09.589,0.72273,0.72323,1.00,1.10
2015.01.28 04:15:09.690,0.72272,0.72321,1.00,1.00
2015.01.28 04:15:10.278,0.72273,0.72321,1.00,1.00
2015.01.28 04:15:11.569,0.72273,0.72323,1.00,1.57
2015.01.28 04:15:20.466,0.72274,0.72323,1.00,1.10
2015.01.28 04:15:20.768,0.72277,0.72326,1.00,1.15
2015.01.28 04:15:29.601,0.72277,0.72326,1.00,1.07
2015.01.28 04:15:29.652,0.72277,0.72326,1.00,1.00
2015.01.28 04:15:47.056,0.72279,0.72327,1.00,1.00
2015.01.28 04:15:47.578,0.72279,0.72324,1.00,1.00
2015.01.28 04:15:57.097,0.7228,0.72324,1.00,1.00
2015.01.28 04:15:57.638,0.72277,0.72324,1.00,1.00
2015.01.28 04:15:57.739,0.72277,0.72321,1.00,1.00
2015.01.28 04:15:58.256,0.72278,0.72321,1.00,1.00
2015.01.28 04:15:59.266,0.72278,0.72325,1.00,1.00
2015.01.28 04:16:04.128,0.72277,0.72325,1.00,1.00
2015.01.28 04:16:04.356,0.72276,0.72321,1.00,1.00
2015.01.28 04:16:04.466,0.72274,0.72321,1.00,1.00
2015.01.28 04:16:04.772,0.72277,0.72321,1.00,1.00
2015.01.28 04:16:05.978,0.72276,0.72321,1.00,1.00
2015.01.28 04:16:06.129,0.72274,0.72321,1.00,1.00
2015.01.28 04:16:07.085,0.72273,0.72318,1.00,1.00
2015.01.28 04:16:08.396,0.72276,0.72318,1.00,1.00
2015.01.28 04:16:08.446,0.72276,0.72321,1.00,1.00
2015.01.28 04:16:08.547,0.72274,0.72321,1.00,1.00
2015.01.28 04:16:13.145,0.72277,0.72321,1.00,1.00
2015.01.28 04:16:15.012,0.72274,0.72321,1.00,1.00
2015.01.28 04:16:22.365,0.72274,0.72319,1.00,1.00
2015.01.28 04:16:39.525,0.72273,0.72319,1.00,1.00
2015.01.28 04:16:42.619,0.72271,0.72319,1.00,1.00
2015.01.28 04:16:45.576,0.72271,0.72313,1.00,1.00
2015.01.28 04:17:01.748,0.72271,0.7231,1.00,1.00
2015.01.28 04:17:09.775,0.7227,0.7231,1.00,1.00
2015.01.28 04:17:13.295,0.72269,0.7231,1.00,1.00
2015.01.28 04:17:13.615,0.72268,0.72307,1.00,1.00
2015.01.28 04:17:40.574,0.72266,0.72307,1.00,1.00
2015.01.28 04:17:40.685,0.72266,0.72304,1.00,1.00
2015.01.28 04:17:41.331,0.72265,0.72304,1.00,1.00
2015.01.28 04:17:57.886,0.72266,0.72308,1.00,1.00
2015.01.28 04:17:58.305,0.72269,0.72308,1.00,1.00
2015.01.28 04:17:58.406,0.72269,0.7231,1.00,1.00
2015.01.28 04:17:58.635,0.72271,0.7231,1.00,1.00
2015.01.28 04:18:00.704,0.72271,0.72313,1.00,1.00
2015.01.28 04:18:08.514,0.72267,0.72313,1.00,1.00
2015.01.28 04:18:09.650,0.72267,0.72316,1.00,1.00
2015.01.28 04:18:30.663,0.72269,0.72318,1.00,1.50
2015.01.28 04:18:30.866,0.7227,0.7232,1.00,1.00
2015.01.28 04:18:31.071,0.72273,0.72321,1.00,1.00
2015.01.28 04:18:31.584,0.72274,0.72321,1.00,1.00
2015.01.28 04:18:31.924,0.72277,0.72321,1.00,1.00
2015.01.28 04:18:33.045,0.72277,0.72324,1.00,1.10
2015.01.28 04:18:42.527,0.72277,0.72328,1.00,1.00
2015.01.28 04:18:42.627,0.72279,0.72329,1.00,1.50
2015.01.28 04:18:42.930,0.72283,0.72329,1.00,1.00
2015.01.28 04:18:42.980,0.72279,0.72331,1.00,1.00
2015.01.28 04:18:43.081,0.72277,0.72326,1.00,1.00
2015.01.28 04:18:46.024,0.72274,0.72325,1.00,1.00
2015.01.28 04:18:46.155,0.72271,0.7232,1.00,1.00
2015.01.28 04:18:46.363,0.72269,0.7232,1.00,1.00
2015.01.28 04:18:48.593,0.72272,0.72321,1.00,1.00
2015.01.28 04:18:48.928,0.7227,0.72319,1.00,1.00
2015.01.28 04:18:51.093,0.72267,0.72317,1.00,1.00
2015.01.28 04:19:00.214,0.72269,0.72319,1.00,1.00
2015.01.28 04:19:00.728,0.7227,0.7232,1.00,1.00
2015.01.28 04:19:07.804,0.72268,0.7232,1.00,1.00
2015.01.28 04:19:08.024,0.72266,0.72318,1.00,1.00
2015.01.28 04:19:09.690,0.7227,0.7232,1.00,1.00
2015.01.28 04:19:10.193,0.72269,0.72321,1.00,1.00
2015.01.28 04:19:13.302,0.72273,0.72322,1.00,1.00
2015.01.28 04:19:13.604,0.72276,0.72325,1.00,1.00
2015.01.28 04:19:13.655,0.72278,0.7233,1.00,1.00
2015.01.28 04:19:13.756,0.7228,0.72331,1.00,1.00
2015.01.28 04:19:20.364,0.72282,0.72331,1.00,1.00
2015.01.28 04:20:11.858,0.7228,0.72329,1.00,1.00
2015.01.28 04:20:12.164,0.72273,0.72322,1.00,1.00
2015.01.28 04:20:50.338,0.7227,0.72321,1.00,1.00
2015.01.28 04:20:50.439,0.72268,0.72318,1.00,1.00
2015.01.28 04:20:50.544,0.72266,0.72317,1.00,1.00
2015.01.28 04:20:50.896,0.72264,0.72315,1.00,1.00
2015.01.28 04:20:51.642,0.72263,0.72312,1.00,1.00
2015.01.28 04:20:52.017,0.7226,0.7231,1.00,1.00
2015.01.28 04:20:52.118,0.72258,0.72308,1.00,1.00
2015.01.28 04:20:52.767,0.72262,0.72311,1.00,1.00
2015.01.28 04:21:01.560,0.72265,0.72314,1.00,1.00
2015.01.28 04:21:02.356,0.72267,0.72316,1.00,1.00
2015.01.28 04:21:02.457,0.72269,0.72321,1.00,1.00
2015.01.28 04:21:02.558,0.72271,0.7232,1.00,1.00
2015.01.28 04:21:09.145,0.7227,0.7232,1.00,1.00
2015.01.28 04:21:09.452,0.72268,0.72318,1.00,1.00
2015.01.28 04:21:09.722,0.72269,0.72321,1.00,1.00
2015.01.28 04:21:09.914,0.72271,0.7232,1.00,1.00
2015.01.28 04:21:10.472,0.7227,0.7232,1.00,1.00
2015.01.28 04:21:11.122,0.72271,0.7232,1.00,1.00
2015.01.28 04:21:18.041,0.72273,0.72322,1.00,1.00
2015.01.28 04:21:34.344,0.72271,0.72322,1.00,1.00
2015.01.28 04:21:34.445,0.72267,0.72319,1.00,1.00
2015.01.28 04:21:34.697,0.7227,0.7232,1.00,1.00
2015.01.28 04:21:36.316,0.72269,0.72319,1.00,1.00
2015.01.28 04:21:36.672,0.72271,0.7232,1.00,1.00
2015.01.28 04:21:51.042,0.72273,0.72322,1.00,1.00
2015.01.28 04:21:55.919,0.72271,0.7232,1.00,1.00
2015.01.28 04:21:56.020,0.72269,0.72321,1.00,1.00
2015.01.28 04:21:56.121,0.72268,0.72318,1.00,1.00
2015.01.28 04:22:03.931,0.72266,0.72316,1.00,1.00
2015.01.28 04:22:12.062,0.72264,0.72314,1.00,1.00
2015.01.28 04:22:13.384,0.72263,0.72313,1.00,1.00
2015.01.28 04:22:13.745,0.72261,0.72311,1.00,1.00
2015.01.28 04:22:14.382,0.72259,0.7231,1.00,1.00
2015.01.28 04:22:14.930,0.72257,0.72308,1.00,1.00
2015.01.28 04:22:15.431,0.72258,0.72309,1.00,1.00
2015.01.28 04:22:17.440,0.7226,0.72309,1.00,1.00
2015.01.28 04:22:20.411,0.72259,0.72308,1.00,1.00
2015.01.28 04:22:31.331,0.72257,0.72308,1.00,1.00
2015.01.28 04:22:31.432,0.72257,0.72306,1.00,1.00
2015.01.28 04:22:31.851,0.72254,0.72306,1.00,1.00
2015.01.28 04:22:32.962,0.72257,0.72306,1.00,1.00
2015.01.28 04:22:33.611,0.72256,0.72307,1.00,1.00
2015.01.28 04:22:49.009,0.72255,0.72305,1.00,1.00
2015.01.28 04:22:49.572,0.72252,0.72302,1.00,1.00
2015.01.28 04:22:50.116,0.72252,0.72301,1.00,1.00
2015.01.28 04:22:50.646,0.72252,0.72302,1.00,1.00
2015.01.28 04:23:39.498,0.72253,0.72303,1.00,1.00
2015.01.28 04:23:41.536,0.72254,0.72304,1.00,1.00
2015.01.28 04:23:41.738,0.72259,0.7231,1.00,1.00
2015.01.28 04:23:50.389,0.7226,0.7231,1.00,1.00
2015.01.28 04:23:51.171,0.72261,0.72311,1.00,1.00
2015.01.28 04:24:04.389,0.7226,0.7231,1.00,1.00
2015.01.28 04:24:04.490,0.72259,0.72308,1.00,1.00
2015.01.28 04:24:04.810,0.72255,0.72304,1.00,1.00
2015.01.28 04:24:05.481,0.72256,0.72307,1.00,1.00
2015.01.28 04:24:05.899,0.72259,0.72308,1.00,1.00
2015.01.28 04:24:08.098,0.7226,0.72309,1.00,1.00
2015.01.28 04:24:30.326,0.72259,0.72311,1.00,1.00
2015.01.28 04:24:30.985,0.72261,0.72311,1.00,1.00
2015.01.28 04:24:36.481,0.72261,0.72313,1.00,1.00
2015.01.28 04:24:36.699,0.72263,0.72313,1.00,1.00
2015.01.28 04:24:38.568,0.72262,0.72312,1.00,1.00
2015.01.28 04:24:42.347,0.72261,0.72311,1.00,1.00
2015.01.28 04:24:48.050,0.7226,0.72311,1.00,1.00
2015.01.28 04:24:48.403,0.72257,0.72308,1.00,1.00
2015.01.28 04:24:48.730,0.72256,0.72305,1.00,1.00
2015.01.28 04:24:51.477,0.72259,0.72308,1.00,1.00
2015.01.28 04:24:52.012,0.7226,0.72309,1.00,1.00
2015.01.28 04:25:00.347,0.72259,0.7231,1.00,1.00
2015.01.28 04:25:11.128,0.72261,0.72311,1.00,1.00
2015.01.28 04:25:47.669,0.72264,0.72315,1.00,1.00
2015.01.28 04:25:47.770,0.72263,0.72312,1.00,1.00
2015.01.28 04:25:47.871,0.72255,0.72305,1.00,1.00
2015.01.28 04:25:47.979,0.72266,0.72315,1.00,1.00
2015.01.28 04:25:48.199,0.72259,0.72311,1.00,1.00
2015.01.28 04:25:48.533,0.72261,0.72313,1.00,1.00
2015.01.28 04:25:48.894,0.72257,0.72306,1.00,1.00
2015.01.28 04:25:49.439,0.72256,0.72305,1.00,1.00
2015.01.28 04:25:51.093,0.72257,0.72307,1.00,1.00
2015.01.28 04:25:51.199,0.72261,0.7231,1.00,1.00
2015.01.28 04:25:51.501,0.72263,0.72313,1.00,1.00
2015.01.28 04:25:52.611,0.72266,0.72315,1.00,1.00
2015.01.28 04:25:52.713,0.7227,0.72322,1.00,1.00
2015.01.28 04:25:52.964,0.72271,0.7232,1.00,1.00
2015.01.28 04:25:57.460,0.72271,0.72321,1.00,1.00
2015.01.28 04:25:57.768,0.72278,0.72328,1.00,1.00
2015.01.28 04:25:57.878,0.72276,0.72328,1.00,1.00
2015.01.28 04:25:57.988,0.7228,0.7233,1.00,1.00
2015.01.28 04:26:02.980,0.72283,0.72332,1.00,1.00
2015.01.28 04:26:03.085,0.72289,0.72339,1.00,1.00
2015.01.28 04:26:03.290,0.72288,0.72337,1.00,1.00
2015.01.28 04:26:05.163,0.72286,0.72335,1.00,1.00
2015.01.28 04:26:16.039,0.72285,0.72334,1.00,1.00
2015.01.28 04:26:16.138,0.7228,0.7233,1.00,1.00
2015.01.28 04:26:16.648,0.72279,0.72329,1.00,1.00
2015.01.28 04:26:17.597,0.72282,0.72332,1.00,1.00
2015.01.28 04:26:17.899,0.72286,0.72335,1.00,1.00
2015.01.28 04:26:18.263,0.72282,0.72332,1.00,1.00
2015.01.28 04:26:18.480,0.7228,0.7233,1.00,1.00
2015.01.28 04:26:20.128,0.72282,0.72332,1.00,1.00
2015.01.28 04:26:20.430,0.72286,0.72335,1.00,1.00
2015.01.28 04:26:20.868,0.72284,0.72333,1.00,1.00
2015.01.28 04:26:21.387,0.72283,0.72332,1.00,1.00
2015.01.28 04:26:21.936,0.72282,0.72332,1.00,1.00
2015.01.28 04:26:22.517,0.72285,0.72334,1.00,1.00
2015.01.28 04:26:22.781,0.72288,0.72338,1.00,1.00
2015.01.28 04:26:23.067,0.72291,0.72341,1.00,1.00
2015.01.28 04:26:23.617,0.72292,0.72341,1.00,1.00
2015.01.28 04:26:24.057,0.7229,0.7234,1.00,1.00
2015.01.28 04:26:24.322,0.72288,0.72337,1.00,1.00
2015.01.28 04:26:24.856,0.72287,0.72336,1.00,1.00
2015.01.28 04:26:28.347,0.72284,0.72335,1.00,1.00
2015.01.28 04:26:30.547,0.72283,0.72332,1.00,1.00
2015.01.28 04:26:30.812,0.72279,0.72331,1.00,1.00
2015.01.28 04:26:30.925,0.72279,0.72329,1.00,1.00
2015.01.28 04:26:35.087,0.72279,0.72331,1.00,1.00
2015.01.28 04:26:38.591,0.7228,0.72332,1.00,1.00
2015.01.28 04:26:40.359,0.72284,0.72333,1.00,1.00
2015.01.28 04:26:40.561,0.72284,0.72335,1.00,1.00
2015.01.28 04:26:40.667,0.72287,0.72336,1.00,1.00
2015.01.28 04:26:40.981,0.72285,0.72334,1.00,1.00
2015.01.28 04:26:41.108,0.72285,0.72336,1.00,1.00
2015.01.28 04:26:50.016,0.72288,0.72337,1.00,1.00
2015.01.28 04:26:50.250,0.7229,0.7234,1.00,1.00
2015.01.28 04:26:50.478,0.7229,0.72342,1.00,1.00
2015.01.28 04:26:50.579,0.72292,0.72341,1.00,1.00
2015.01.28 04:26:51.087,0.72291,0.72341,1.00,1.00
2015.01.28 04:26:51.138,0.72293,0.72344,1.00,1.00
2015.01.28 04:26:51.238,0.72295,0.72344,1.00,1.00
2015.01.28 04:26:51.490,0.7229,0.72342,1.00,1.00
2015.01.28 04:26:52.576,0.72292,0.72341,1.00,1.00
2015.01.28 04:26:52.886,0.72296,0.72345,1.00,1.00
2015.01.28 04:26:53.188,0.72293,0.72342,1.00,1.00
2015.01.28 04:26:53.779,0.72292,0.72341,1.00,1.00
2015.01.28 04:26:54.989,0.72296,0.72347,1.00,1.00
2015.01.28 04:26:55.090,0.72296,0.72345,1.00,1.00
2015.01.28 04:26:55.456,0.72293,0.72344,1.00,1.00
2015.01.28 04:26:55.990,0.72293,0.72342,1.00,1.00
2015.01.28 04:26:57.984,0.72295,0.72344,1.00,1.00
2015.01.28 04:27:04.671,0.72293,0.72344,1.00,1.00
2015.01.28 04:27:04.866,0.72291,0.72342,1.00,1.00
2015.01.28 04:27:05.226,0.72294,0.72345,1.00,1.00
2015.01.28 04:27:05.557,0.72292,0.72341,1.00,1.00
2015.01.28 04:27:06.066,0.72293,0.72342,1.00,1.00
2015.01.28 04:27:07.616,0.72291,0.72341,1.00,1.00
2015.01.28 04:27:08.276,0.72292,0.72341,1.00,1.00
2015.01.28 04:27:08.535,0.72296,0.72345,1.00,1.00
2015.01.28 04:27:08.635,0.72293,0.72344,1.00,1.00
2015.01.28 04:27:08.736,0.72291,0.72341,1.00,1.00
2015.01.28 04:27:11.381,0.72294,0.72345,1.00,1.00
2015.01.28 04:27:11.734,0.72294,0.72343,1.00,1.00
2015.01.28 04:27:12.127,0.72296,0.72345,1.00,1.00
2015.01.28 04:27:12.726,0.72295,0.72344,1.00,1.00
2015.01.28 04:27:14.356,0.72295,0.72346,1.00,1.00
2015.01.28 04:27:14.457,0.72298,0.72347,1.00,1.00
2015.01.28 04:27:14.565,0.72298,0.7235,1.00,1.00
2015.01.28 04:27:14.766,0.72301,0.72351,1.00,1.00
2015.01.28 04:27:15.346,0.723,0.7235,1.00,1.00
2015.01.28 04:27:20.046,0.72302,0.72351,1.00,1.00
2015.01.28 04:27:20.397,0.72304,0.72353,1.00,1.00
2015.01.28 04:27:22.830,0.72305,0.72354,1.00,1.00
2015.01.28 04:27:22.906,0.72307,0.72357,1.00,1.00
2015.01.28 04:27:23.346,0.72309,0.72359,1.00,1.00
2015.01.28 04:27:36.105,0.72307,0.72357,1.00,1.00
2015.01.28 04:27:36.437,0.72305,0.72354,1.00,1.00
2015.01.28 04:27:39.856,0.72306,0.72357,1.00,1.00
2015.01.28 04:27:42.497,0.72308,0.72358,1.00,1.00
2015.01.28 04:27:42.799,0.72316,0.72365,1.00,1.00
2015.01.28 04:27:43.104,0.72313,0.72362,1.00,1.00
2015.01.28 04:27:43.467,0.72311,0.7236,1.00,1.00
2015.01.28 04:27:45.376,0.72313,0.72362,1.00,1.00
2015.01.28 04:27:45.678,0.72316,0.72365,1.00,1.00
2015.01.28 04:27:45.930,0.72312,0.72363,1.00,1.00
2015.01.28 04:27:47.812,0.72311,0.7236,1.00,1.00
2015.01.28 04:27:48.034,0.72308,0.72358,1.00,1.00
2015.01.28 04:27:48.241,0.72307,0.72356,1.00,1.00
2015.01.28 04:27:48.566,0.72305,0.72354,1.00,1.00
2015.01.28 04:27:57.775,0.72305,0.72356,1.00,1.00
2015.01.28 04:27:58.042,0.72307,0.72356,1.00,1.00
2015.01.28 04:27:59.465,0.72312,0.72362,1.00,1.00
2015.01.28 04:27:59.566,0.72314,0.72363,1.00,1.00
2015.01.28 04:27:59.778,0.72321,0.72371,1.00,1.10
2015.01.28 04:27:59.879,0.72319,0.72371,1.00,1.10
2015.01.28 04:27:59.980,0.72319,0.72369,1.00,1.00
2015.01.28 04:28:01.627,0.72319,0.72368,1.00,1.00
2015.01.28 04:28:04.377,0.72314,0.72365,1.00,1.00
2015.01.28 04:28:04.528,0.72314,0.72363,1.00,1.00
2015.01.28 04:28:04.747,0.7231,0.7236,1.00,1.00
2015.01.28 04:28:05.255,0.72311,0.72361,1.00,1.00
2015.01.28 04:28:05.606,0.72309,0.72361,1.00,1.00
2015.01.28 04:28:12.210,0.72317,0.72366,1.00,1.00
2015.01.28 04:28:12.411,0.72315,0.72366,1.00,1.00
2015.01.28 04:28:12.626,0.72317,0.72368,1.00,1.37
2015.01.28 04:28:12.928,0.72324,0.72374,1.00,1.00
2015.01.28 04:28:13.230,0.72331,0.72381,1.00,1.00
2015.01.28 04:28:17.821,0.7233,0.72379,1.00,1.00
2015.01.28 04:28:17.922,0.72324,0.72374,1.00,1.00
2015.01.28 04:28:18.125,0.72321,0.7237,1.00,1.00
2015.01.28 04:28:18.634,0.7232,0.72371,1.00,1.00
2015.01.28 04:28:18.945,0.72315,0.72365,1.00,1.00
2015.01.28 04:28:27.074,0.72313,0.72363,1.00,1.00
2015.01.28 04:28:28.486,0.72312,0.72362,1.00,1.00
2015.01.28 04:28:28.807,0.72306,0.72356,1.00,1.00
2015.01.28 04:28:29.923,0.72307,0.72356,1.00,1.00
2015.01.28 04:28:30.365,0.7231,0.72359,1.00,1.00
2015.01.28 04:28:31.875,0.72308,0.72357,1.00,1.00
2015.01.28 04:28:32.143,0.72302,0.72354,1.00,1.00
2015.01.28 04:28:39.905,0.72305,0.72354,1.00,1.00
2015.01.28 04:28:52.884,0.72304,0.72353,1.00,1.00
2015.01.28 04:28:53.104,0.72302,0.72354,1.00,1.00
2015.01.28 04:28:53.341,0.72302,0.72352,1.00,1.00
2015.01.28 04:28:53.679,0.72299,0.72348,1.00,1.00
2015.01.28 04:28:54.235,0.72298,0.72347,1.00,1.00
2015.01.28 04:28:55.437,0.72296,0.72347,1.00,1.00
2015.01.28 04:29:00.711,0.72298,0.72347,1.00,1.00
2015.01.28 04:29:01.413,0.72299,0.72348,1.00,1.00
2015.01.28 04:29:02.124,0.72301,0.72351,1.00,1.00
2015.01.28 04:29:02.345,0.72298,0.72347,1.00,1.00
2015.01.28 04:29:02.454,0.72295,0.72346,1.00,1.00
2015.01.28 04:29:03.114,0.72295,0.72344,1.00,1.00
2015.01.28 04:29:22.824,0.72293,0.72343,1.00,1.00
2015.01.28 04:29:23.793,0.72291,0.72341,1.00,1.00
2015.01.28 04:29:24.311,0.72291,0.7234,1.00,1.00
2015.01.28 04:29:40.083,0.72291,0.72341,1.00,1.00
2015.01.28 04:29:40.415,0.72294,0.72344,1.00,1.00
2015.01.28 04:29:40.727,0.72299,0.72348,1.00,1.00
2015.01.28 04:29:40.777,0.723,0.72351,1.00,1.00
2015.01.28 04:29:41.304,0.72303,0.72352,1.00,1.00
2015.01.28 04:29:49.984,0.72302,0.72351,1.00,1.00
2015.01.28 04:29:50.290,0.72294,0.72343,1.00,1.00
2015.01.28 04:29:50.341,0.72296,0.72346,1.00,1.00
2015.01.28 04:29:50.443,0.72297,0.72348,1.00,1.00
2015.01.28 04:29:51.104,0.72297,0.72347,1.00,1.00
2015.01.28 04:30:02.844,0.72288,0.72337,1.00,1.00
2015.01.28 04:30:02.995,0.72286,0.72336,1.00,1.00
2015.01.28 04:30:03.096,0.72279,0.72329,1.00,1.00
2015.01.28 04:30:03.398,0.72278,0.72327,1.00,1.00
2015.01.28 04:30:03.799,0.72272,0.72321,1.00,1.00
2015.01.28 04:30:05.826,0.7227,0.7232,1.00,1.00
2015.01.28 04:30:06.255,0.72273,0.72323,1.00,1.00
2015.01.28 04:30:06.726,0.72271,0.72321,1.00,1.00
2015.01.28 04:30:07.064,0.72273,0.72323,1.00,1.00
2015.01.28 04:30:08.472,0.72272,0.72322,1.00,1.00
2015.01.28 04:30:09.015,0.72271,0.72321,1.00,1.00
2015.01.28 04:30:24.745,0.72272,0.72322,1.00,1.00
2015.01.28 04:30:29.916,0.72274,0.72324,1.00,1.00
2015.01.28 04:30:30.224,0.72276,0.72325,1.00,1.00
2015.01.28 04:30:49.971,0.72276,0.72327,1.00,1.00
2015.01.28 04:30:50.286,0.72278,0.72327,1.00,1.00
2015.01.28 04:30:50.635,0.7228,0.72329,1.00,1.00
2015.01.28 04:30:59.397,0.72281,0.72331,1.00,1.00
2015.01.28 04:31:00.403,0.72281,0.7233,1.00,1.00
2015.01.28 04:31:00.864,0.72279,0.7233,1.00,1.00
2015.01.28 04:31:01.396,0.72281,0.72331,1.00,1.00
2015.01.28 04:31:02.037,0.72282,0.72332,1.00,1.00
2015.01.28 04:31:02.188,0.7228,0.72332,1.00,1.00
2015.01.28 04:31:02.289,0.72281,0.7233,1.00,1.00
2015.01.28 04:31:04.152,0.72278,0.72329,1.00,1.00
2015.01.28 04:31:05.473,0.72281,0.7233,1.00,1.00
2015.01.28 04:31:05.795,0.72282,0.72332,1.00,1.00
2015.01.28 04:31:05.996,0.72284,0.72334,1.00,1.00
2015.01.28 04:31:06.103,0.72285,0.72336,1.00,1.00
2015.01.28 04:31:06.323,0.72287,0.72338,1.00,1.00
2015.01.28 04:31:06.647,0.7229,0.7234,1.00,1.00
2015.01.28 04:31:07.106,0.72292,0.72342,1.00,1.00
2015.01.28 04:31:09.073,0.72294,0.72343,1.00,1.00
2015.01.28 04:31:09.325,0.72295,0.72346,1.00,1.07
2015.01.28 04:31:10.064,0.72295,0.72344,1.00,1.00
2015.01.28 04:31:17.767,0.72296,0.72345,1.00,1.10
2015.01.28 04:31:19.118,0.72295,0.72344,1.00,1.00
2015.01.28 04:31:24.494,0.7229,0.72339,1.00,1.00
2015.01.28 04:31:24.696,0.72282,0.72332,1.00,1.00
2015.01.28 04:31:25.062,0.7228,0.72329,1.00,1.00
2015.01.28 04:31:25.668,0.72279,0.7233,1.00,1.00
2015.01.28 04:31:26.023,0.72281,0.7233,1.00,1.00
2015.01.28 04:31:27.153,0.72279,0.72328,1.00,1.00
2015.01.28 04:31:27.458,0.72275,0.72324,1.00,1.00
2015.01.28 04:31:29.994,0.72276,0.72325,1.00,1.00
2015.01.28 04:31:30.196,0.72281,0.72331,1.00,1.00
2015.01.28 04:31:30.303,0.7228,0.72329,1.00,1.00
2015.01.28 04:31:30.758,0.72278,0.72327,1.00,1.00
2015.01.28 04:31:31.331,0.72279,0.72328,1.00,1.00
2015.01.28 04:31:31.514,0.72279,0.7233,1.00,1.00
2015.01.28 04:31:32.214,0.72279,0.72328,1.00,1.00
2015.01.28 04:31:34.052,0.72277,0.72326,1.00,1.00
2015.01.28 04:31:40.312,0.72275,0.72326,1.00,1.00
2015.01.28 04:31:49.992,0.72276,0.72325,1.00,1.00
2015.01.28 04:31:50.523,0.72275,0.72324,1.00,1.00
2015.01.28 04:31:52.893,0.72276,0.72325,1.00,1.00
2015.01.28 04:31:52.997,0.72276,0.72328,1.00,1.00
2015.01.28 04:31:54.282,0.72278,0.72328,1.00,1.00
2015.01.28 04:31:54.865,0.7228,0.7233,1.00,1.00
2015.01.28 04:31:55.428,0.72281,0.7233,1.00,1.00
2015.01.28 04:32:03.199,0.72278,0.7233,1.00,1.00
2015.01.28 04:32:03.350,0.72277,0.72327,1.00,1.00
2015.01.28 04:32:03.692,0.72271,0.7232,1.00,1.00
2015.01.28 04:32:04.205,0.72272,0.72321,1.00,1.00
2015.01.28 04:32:21.011,0.72273,0.72322,1.00,1.00
2015.01.28 04:32:27.550,0.72276,0.72325,1.00,1.00
2015.01.28 04:32:28.602,0.72274,0.72323,1.00,1.00
2015.01.28 04:32:29.182,0.72273,0.72322,1.00,1.00
2015.01.28 04:32:30.031,0.72274,0.72323,1.00,1.00
2015.01.28 04:32:30.808,0.72273,0.72322,1.00,1.00
2015.01.28 04:32:31.123,0.72271,0.7232,1.00,1.00
2015.01.28 04:32:31.631,0.7227,0.7232,1.00,1.00
2015.01.28 04:32:32.036,0.72268,0.72318,1.00,1.00
2015.01.28 04:32:32.613,0.72267,0.72317,1.00,1.00
2015.01.28 04:32:33.148,0.72266,0.72318,1.00,1.00
2015.01.28 04:32:33.450,0.72266,0.72315,1.00,1.00
2015.01.28 04:32:33.551,0.72267,0.72319,1.00,1.00
2015.01.28 04:32:33.804,0.72267,0.72316,1.00,1.00
2015.01.28 04:32:33.991,0.72265,0.72316,1.00,1.00
2015.01.28 04:32:37.291,0.72264,0.72313,1.00,1.00
2015.01.28 04:32:37.579,0.72261,0.72311,1.00,1.00
2015.01.28 04:32:37.992,0.72265,0.72314,1.00,1.00
2015.01.28 04:32:38.218,0.72267,0.72319,1.00,1.00
2015.01.28 04:32:38.331,0.72266,0.72317,1.00,1.00
2015.01.28 04:32:38.643,0.72271,0.7232,1.00,1.00
2015.01.28 04:32:38.945,0.72275,0.72324,1.00,1.00
2015.01.28 04:32:39.492,0.72278,0.72328,1.00,1.00
2015.01.28 04:32:39.643,0.7228,0.7233,1.00,1.00
2015.01.28 04:32:39.744,0.72281,0.72332,1.00,1.00
2015.01.28 04:32:42.612,0.72281,0.7233,1.00,1.00
2015.01.28 04:32:42.712,0.72278,0.7233,1.00,1.00
2015.01.28 04:32:43.455,0.72278,0.72328,1.00,1.00
2015.01.28 04:32:44.147,0.72277,0.72327,1.00,1.00
2015.01.28 04:32:44.483,0.72275,0.72324,1.00,1.00
2015.01.28 04:32:44.813,0.72271,0.7232,1.00,1.00
2015.01.28 04:32:45.321,0.7227,0.72321,1.00,1.00
2015.01.28 04:32:46.531,0.72269,0.72319,1.00,1.00
2015.01.28 04:32:46.867,0.72266,0.72315,1.00,1.00
2015.01.28 04:32:47.430,0.72265,0.72314,1.00,1.00
2015.01.28 04:32:49.940,0.72266,0.72315,1.00,1.00
2015.01.28 04:32:50.711,0.72267,0.72316,1.00,1.00
2015.01.28 04:32:58.544,0.72266,0.72315,1.00,1.00
2015.01.28 04:33:12.422,0.72267,0.72317,1.00,1.00
2015.01.28 04:33:12.522,0.72275,0.72324,1.00,1.00
2015.01.28 04:33:12.623,0.72276,0.72328,1.00,1.00
2015.01.28 04:33:14.360,0.72276,0.72325,1.00,1.00
2015.01.28 04:33:14.892,0.72275,0.72324,1.00,1.00
2015.01.28 04:33:15.251,0.72273,0.72322,1.00,1.00
2015.01.28 04:33:15.351,0.7227,0.72321,1.00,1.00
2015.01.28 04:33:15.942,0.72273,0.72322,1.00,1.00
2015.01.28 04:33:23.271,0.72272,0.72321,1.00,1.00
2015.01.28 04:33:24.384,0.72269,0.72321,1.00,1.00
2015.01.28 04:33:24.485,0.72264,0.72315,1.00,1.00
2015.01.28 04:33:24.811,0.72263,0.72312,1.00,1.00
2015.01.28 04:33:25.177,0.72265,0.72314,1.00,1.00
2015.01.28 04:33:29.650,0.72266,0.72315,1.00,1.00
2015.01.28 04:33:29.984,0.72272,0.72321,1.00,1.00
2015.01.28 04:33:30.136,0.7227,0.7232,1.00,1.00
2015.01.28 04:33:30.462,0.72273,0.72322,1.00,1.00
2015.01.28 04:33:37.790,0.72271,0.72321,1.00,1.00
2015.01.28 04:33:48.939,0.72274,0.72323,1.00,1.00
2015.01.28 04:33:53.192,0.72275,0.72324,1.00,1.00
2015.01.28 04:33:53.660,0.72275,0.72326,1.00,1.00
2015.01.28 04:33:53.761,0.72278,0.7233,1.00,1.00
2015.01.28 04:33:53.862,0.72281,0.72331,1.00,1.00
2015.01.28 04:33:59.390,0.72284,0.72333,1.00,1.10
2015.01.28 04:34:00.162,0.72285,0.72334,1.00,1.00
2015.01.28 04:34:00.339,0.7228,0.72332,1.00,1.00
2015.01.28 04:34:00.491,0.72278,0.72328,1.00,1.00
2015.01.28 04:34:00.710,0.72278,0.7233,1.00,1.00
2015.01.28 04:34:00.818,0.72281,0.72331,1.00,1.00
2015.01.28 04:34:01.380,0.72282,0.72331,1.00,1.00
2015.01.28 04:34:01.912,0.72281,0.72331,1.00,1.00
2015.01.28 04:34:02.040,0.72277,0.72329,1.00,1.00
2015.01.28 04:34:02.141,0.72279,0.72329,1.00,1.00
2015.01.28 04:34:02.472,0.72282,0.72331,1.00,1.00
2015.01.28 04:34:03.309,0.7228,0.7233,1.00,1.00
2015.01.28 04:34:03.460,0.72278,0.72328,1.00,1.00
2015.01.28 04:34:04.029,0.72279,0.72329,1.00,1.00
2015.01.28 04:34:04.080,0.7228,0.72332,1.00,1.00
2015.01.28 04:34:04.883,0.72279,0.72331,1.00,1.00
2015.01.28 04:34:04.994,0.72278,0.72328,1.00,1.00
2015.01.28 04:34:05.299,0.72277,0.72326,1.00,1.00
2015.01.28 04:34:06.430,0.72276,0.72325,1.00,1.00
2015.01.28 04:34:06.762,0.72274,0.72323,1.00,1.00
2015.01.28 04:34:06.980,0.72272,0.72323,1.00,1.00
2015.01.28 04:34:08.040,0.72272,0.72321,1.00,1.00
2015.01.28 04:34:08.191,0.72269,0.72319,1.00,1.00
2015.01.28 04:34:08.393,0.72268,0.72317,1.00,1.00
2015.01.28 04:34:10.239,0.72267,0.72316,1.00,1.00
2015.01.28 04:34:21.246,0.72267,0.72318,1.00,1.00
2015.01.28 04:34:21.397,0.72269,0.72319,1.00,1.00
2015.01.28 04:34:21.949,0.72268,0.72318,1.00,1.00
2015.01.28 04:34:22.603,0.72269,0.7232,1.00,1.00
2015.01.28 04:34:22.815,0.72271,0.7232,1.00,1.00
2015.01.28 04:34:23.440,0.72267,0.72319,1.00,1.00
2015.01.28 04:34:32.500,0.7227,0.72319,1.00,1.00
2015.01.28 04:34:32.802,0.72274,0.72323,1.00,1.00
2015.01.28 04:34:33.559,0.72272,0.72323,1.00,1.00
2015.01.28 04:34:37.301,0.72276,0.72325,1.00,1.00
2015.01.28 04:34:37.832,0.72276,0.72326,1.00,1.00
2015.01.28 04:34:40.270,0.72276,0.72325,1.00,1.00
2015.01.28 04:34:52.148,0.72275,0.72324,1.00,1.00
2015.01.28 04:34:58.748,0.72274,0.72323,1.00,1.00
2015.01.28 04:34:59.126,0.72272,0.72323,1.00,1.00
2015.01.28 04:34:59.560,0.72272,0.72321,1.00,1.00
2015.01.28 04:34:59.761,0.7227,0.72321,1.00,1.00
2015.01.28 04:35:00.399,0.7227,0.7232,1.00,1.00
2015.01.28 04:35:02.272,0.72267,0.72319,1.00,1.00
2015.01.28 04:35:11.651,0.7227,0.72319,1.00,1.00
2015.01.28 04:35:13.715,0.72269,0.72318,1.00,1.00
2015.01.28 04:35:14.589,0.72267,0.72317,1.00,1.00
2015.01.28 04:35:14.741,0.72264,0.72313,1.00,1.00
2015.01.28 04:35:15.060,0.72258,0.72309,1.00,1.00
2015.01.28 04:35:15.581,0.72256,0.72308,1.00,1.00
2015.01.28 04:35:15.732,0.72253,0.72302,1.00,1.00
2015.01.28 04:35:16.083,0.72251,0.723,1.00,1.00
2015.01.28 04:35:17.057,0.7225,0.72299,1.00,1.00
2015.01.28 04:35:17.495,0.72252,0.72303,1.00,1.00
2015.01.28 04:35:17.595,0.72254,0.72303,1.00,1.00
2015.01.28 04:35:18.150,0.72252,0.72301,1.00,1.00
2015.01.28 04:35:18.440,0.72246,0.72298,1.00,1.00
2015.01.28 04:35:25.809,0.72249,0.72299,1.00,1.00
2015.01.28 04:35:32.189,0.72251,0.723,1.00,1.00
2015.01.28 04:35:32.340,0.72251,0.72302,1.00,1.00
2015.01.28 04:35:32.441,0.72254,0.72303,1.00,1.00
2015.01.28 04:35:34.616,0.72255,0.72304,1.00,1.00
2015.01.28 04:35:40.439,0.72258,0.72308,1.00,1.00
2015.01.28 04:35:41.140,0.72259,0.72308,1.00,1.00
2015.01.28 04:35:41.358,0.72261,0.7231,1.00,1.00
2015.01.28 04:35:46.709,0.72263,0.72312,1.00,1.00
2015.01.28 04:35:47.162,0.72257,0.72308,1.00,1.00
2015.01.28 04:35:47.615,0.7226,0.72309,1.00,1.00
2015.01.28 04:35:50.052,0.72262,0.72314,1.00,1.00
2015.01.28 04:35:50.257,0.72264,0.72314,1.00,1.00
2015.01.28 04:35:50.767,0.72264,0.72313,1.00,1.00
2015.01.28 04:35:51.070,0.72256,0.72305,1.00,1.00
2015.01.28 04:35:51.221,0.72258,0.72308,1.00,1.00
2015.01.28 04:36:01.696,0.72256,0.72306,1.00,1.00
2015.01.28 04:36:01.797,0.72253,0.72304,1.00,1.00
2015.01.28 04:36:02.048,0.72251,0.723,1.00,1.00
2015.01.28 04:36:02.660,0.72249,0.72299,1.00,1.00
2015.01.28 04:36:10.386,0.72248,0.72298,1.00,1.00
2015.01.28 04:36:10.486,0.72248,0.723,1.00,1.00
2015.01.28 04:36:15.869,0.7225,0.72301,1.00,1.00
2015.01.28 04:36:16.238,0.72253,0.72302,1.00,1.00
2015.01.28 04:36:16.861,0.72255,0.72304,1.00,1.00
2015.01.28 04:36:17.288,0.72253,0.72302,1.00,1.00
2015.01.28 04:36:19.378,0.72252,0.72301,1.00,1.00
2015.01.28 04:36:19.967,0.72253,0.72302,1.00,1.00
2015.01.28 04:36:20.815,0.72252,0.72301,1.00,1.00
2015.01.28 04:36:21.028,0.72249,0.72299,1.00,1.00
2015.01.28 04:36:24.551,0.7225,0.72299,1.00,1.00
2015.01.28 04:36:24.702,0.72255,0.72304,1.00,1.00
2015.01.28 04:36:25.111,0.72253,0.72302,1.00,1.00
2015.01.28 04:36:36.868,0.72255,0.72304,1.00,1.00
2015.01.28 04:36:37.019,0.72256,0.72306,1.00,1.00
2015.01.28 04:36:39.974,0.7226,0.72309,1.00,1.00
2015.01.28 04:36:40.300,0.72262,0.72311,1.00,1.00
2015.01.28 04:36:40.705,0.72264,0.72313,1.00,1.00
2015.01.28 04:36:41.622,0.72265,0.72314,1.00,1.10
2015.01.28 04:36:42.234,0.72264,0.72316,1.00,1.15
2015.01.28 04:36:43.046,0.72264,0.72313,1.00,1.00
2015.01.28 04:36:43.146,0.72259,0.72309,1.00,1.00
2015.01.28 04:36:44.244,0.72258,0.72308,1.00,1.00
2015.01.28 04:36:49.097,0.72257,0.72307,1.00,1.00
2015.01.28 04:36:49.510,0.72257,0.72307,1.00,1.37
2015.01.28 04:36:49.560,0.72253,0.72302,1.00,1.00
2015.01.28 04:36:51.114,0.72253,0.72302,1.00,1.37
2015.01.28 04:36:53.518,0.72248,0.72298,1.00,1.00
2015.01.28 04:36:53.619,0.72239,0.72289,1.00,1.00
2015.01.28 04:36:54.167,0.72238,0.72288,1.00,1.00
2015.01.28 04:36:57.348,0.72236,0.72288,1.00,1.00
2015.01.28 04:37:00.298,0.72237,0.72286,1.00,1.00
2015.01.28 04:37:01.073,0.72237,0.72287,1.00,1.00
2015.01.28 04:37:01.397,0.7224,0.7229,1.00,1.00
2015.01.28 04:37:02.525,0.72241,0.7229,1.00,1.00
2015.01.28 04:37:04.162,0.72242,0.72291,1.00,1.00
2015.01.28 04:37:04.263,0.72243,0.72294,1.00,1.00
2015.01.28 04:37:06.567,0.72245,0.72294,1.00,1.00
2015.01.28 04:37:07.671,0.72244,0.72293,1.00,1.00
2015.01.28 04:37:07.823,0.7224,0.7229,1.00,1.00
2015.01.28 04:37:08.896,0.72237,0.72289,1.00,1.00
2015.01.28 04:37:09.149,0.7223,0.7228,1.00,1.00
2015.01.28 04:37:11.988,0.72226,0.72278,1.00,1.00
2015.01.28 04:37:12.095,0.72224,0.72274,1.00,1.00
2015.01.28 04:37:12.655,0.72226,0.72276,1.00,1.00
2015.01.28 04:37:13.259,0.72225,0.72275,1.00,1.00
2015.01.28 04:37:13.521,0.72228,0.72279,1.00,1.00
2015.01.28 04:37:14.157,0.72229,0.7228,1.00,1.00
2015.01.28 04:37:14.513,0.72224,0.72274,1.00,1.00
2015.01.28 04:37:14.815,0.72222,0.72272,1.00,1.00
2015.01.28 04:37:14.866,0.7222,0.72271,1.00,1.00
2015.01.28 04:37:16.280,0.72221,0.72271,1.00,1.00
2015.01.28 04:37:16.890,0.72222,0.72272,1.00,1.00
2015.01.28 04:37:17.457,0.72221,0.72271,1.00,1.00
2015.01.28 04:37:22.332,0.7222,0.72271,1.00,1.00
2015.01.28 04:37:25.963,0.72218,0.72269,1.00,1.00
2015.01.28 04:37:26.537,0.72217,0.72269,1.00,1.00
2015.01.28 04:37:26.838,0.72219,0.7227,1.00,1.00
2015.01.28 04:37:30.372,0.7222,0.72271,1.00,1.00
2015.01.28 04:37:38.369,0.72222,0.72272,1.00,1.00
2015.01.28 04:37:38.927,0.72223,0.72273,1.00,1.00
2015.01.28 04:37:39.439,0.72224,0.72273,1.00,1.00
2015.01.28 04:37:45.225,0.72223,0.72272,1.00,1.00
2015.01.28 04:37:45.627,0.72221,0.72271,1.00,1.00
2015.01.28 04:37:48.476,0.72223,0.72276,1.00,1.00
2015.01.28 04:37:50.284,0.72222,0.72274,1.00,1.00
2015.01.28 04:37:53.583,0.72221,0.72273,1.00,1.00
2015.01.28 04:37:53.912,0.72217,0.72269,1.00,1.12
2015.01.28 04:37:54.639,0.72217,0.72268,1.00,1.00
2015.01.28 04:37:55.296,0.72213,0.72265,1.00,1.00
2015.01.28 04:37:55.452,0.7221,0.72262,1.00,1.00
2015.01.28 04:37:55.661,0.72206,0.72259,1.00,1.00
2015.01.28 04:37:57.547,0.72206,0.72259,1.00,1.37
2015.01.28 04:38:01.677,0.72208,0.7226,1.00,1.00
2015.01.28 04:38:01.988,0.72201,0.72253,1.00,1.00
2015.01.28 04:38:02.337,0.72206,0.72257,1.00,1.00
2015.01.28 04:38:03.589,0.72207,0.72258,1.00,1.00
2015.01.28 04:38:19.402,0.72206,0.72257,1.00,1.00
2015.01.28 04:38:20.269,0.72205,0.72256,1.00,1.00
2015.01.28 04:38:28.076,0.72205,0.72254,1.00,1.00
2015.01.28 04:38:49.657,0.72206,0.72257,1.00,1.00
2015.01.28 04:38:50.296,0.72208,0.72257,1.00,1.00
2015.01.28 04:38:54.369,0.72208,0.72258,1.00,1.00
2015.01.28 04:38:54.686,0.72213,0.72262,1.00,1.00
2015.01.28 04:38:55.094,0.72216,0.72267,1.00,1.15
2015.01.28 04:38:59.703,0.72216,0.72267,1.00,1.00
2015.01.28 04:39:01.295,0.72217,0.72269,1.00,1.00
2015.01.28 04:39:01.407,0.72221,0.7227,1.00,1.00
2015.01.28 04:39:02.775,0.72219,0.72271,1.00,1.00
2015.01.28 04:39:06.914,0.72221,0.7227,1.00,1.00
2015.01.28 04:39:08.357,0.7222,0.7227,1.00,1.00
2015.01.28 04:39:08.877,0.7222,0.72271,1.00,1.00
2015.01.28 04:39:14.187,0.72222,0.72271,1.00,1.00
2015.01.28 04:39:14.940,0.7222,0.72271,1.00,1.00
2015.01.28 04:39:15.445,0.72219,0.72271,1.00,1.00
2015.01.28 04:39:16.058,0.7222,0.7227,1.00,1.00
2015.01.28 04:39:19.259,0.72221,0.7227,1.00,1.00
2015.01.28 04:39:20.356,0.72222,0.72271,1.00,1.00
2015.01.28 04:39:28.486,0.72221,0.7227,1.00,1.00
2015.01.28 04:39:44.000,0.72222,0.72271,1.00,1.00
2015.01.28 04:39:46.724,0.7222,0.7227,1.00,1.00
2015.01.28 04:39:48.931,0.72219,0.72269,1.00,1.00
2015.01.28 04:39:51.344,0.72218,0.72268,1.00,1.00
2015.01.28 04:39:53.765,0.72217,0.72267,1.00,1.00
2015.01.28 04:39:56.865,0.72217,0.72266,1.00,1.00
2015.01.28 04:39:57.634,0.72215,0.72264,1.00,1.00
2015.01.28 04:39:58.089,0.7221,0.72261,1.00,1.00
2015.01.28 04:39:58.189,0.72209,0.72259,1.00,1.00
2015.01.28 04:39:58.391,0.72207,0.72259,1.00,1.00
2015.01.28 04:39:59.601,0.72209,0.72259,1.00,1.00
2015.01.28 04:39:59.815,0.72207,0.72259,1.00,1.00
2015.01.28 04:40:00.384,0.72208,0.7226,1.00,1.00
2015.01.28 04:40:00.485,0.72212,0.72261,1.00,1.00
2015.01.28 04:40:00.805,0.7221,0.72261,1.00,1.00
2015.01.28 04:40:05.116,0.72212,0.72261,1.00,1.00
2015.01.28 04:40:05.446,0.72214,0.72263,1.00,1.00
2015.01.28 04:40:05.697,0.72217,0.72267,1.00,1.10
2015.01.28 04:40:06.575,0.72219,0.72268,1.00,1.17
2015.01.28 04:40:07.101,0.72219,0.72268,1.00,1.10
2015.01.28 04:40:08.405,0.72221,0.7227,1.00,1.00
2015.01.28 04:40:08.506,0.72226,0.72276,1.00,1.00
2015.01.28 04:40:09.276,0.72227,0.72277,1.00,1.00
2015.01.28 04:40:16.787,0.72226,0.72276,1.00,1.00
2015.01.28 04:40:16.865,0.72224,0.72274,1.00,1.00
2015.01.28 04:40:17.185,0.72221,0.7227,1.00,1.00
2015.01.28 04:40:17.236,0.72219,0.7227,1.00,1.00
2015.01.28 04:40:20.604,0.72218,0.72267,1.00,1.00
2015.01.28 04:40:21.725,0.72216,0.72266,1.00,1.00
2015.01.28 04:40:23.356,0.72215,0.72265,1.00,1.00
2015.01.28 04:40:24.585,0.72216,0.72266,1.00,1.00
2015.01.28 04:40:24.675,0.72218,0.72267,1.00,1.00
2015.01.28 04:40:33.932,0.72217,0.72267,1.00,1.00
2015.01.28 04:40:34.575,0.72217,0.72268,1.00,1.00
2015.01.28 04:40:35.145,0.72216,0.72268,1.00,1.00
2015.01.28 04:40:35.483,0.72216,0.72266,1.00,1.00
2015.01.28 04:40:38.119,0.72214,0.72265,1.00,1.00
2015.01.28 04:40:38.220,0.72211,0.7226,1.00,1.00
2015.01.28 04:40:38.321,0.72207,0.72257,1.00,1.00
2015.01.28 04:40:38.842,0.72206,0.72256,1.00,1.00
2015.01.28 04:40:39.355,0.72207,0.72257,1.00,1.00
2015.01.28 04:40:42.518,0.72206,0.72256,1.00,1.00
2015.01.28 04:40:43.375,0.72207,0.72259,1.00,1.00
2015.01.28 04:40:56.135,0.72208,0.72258,1.00,1.00
2015.01.28 04:41:02.844,0.72206,0.72255,1.00,1.00
2015.01.28 04:41:03.261,0.72203,0.72252,1.00,1.00
2015.01.28 04:41:07.244,0.72201,0.7225,1.00,1.00
2015.01.28 04:41:07.395,0.72197,0.72247,1.00,1.00
2015.01.28 04:41:07.596,0.72195,0.72244,1.00,1.00
2015.01.28 04:41:07.904,0.72192,0.72241,1.00,1.00
2015.01.28 04:41:08.125,0.72189,0.72239,1.00,1.00
2015.01.28 04:41:09.337,0.72189,0.72241,1.00,1.00
2015.01.28 04:41:09.488,0.72192,0.72241,1.00,1.00
2015.01.28 04:41:09.831,0.72195,0.72244,1.00,1.00
2015.01.28 04:41:10.325,0.72195,0.72246,1.00,1.00
2015.01.28 04:41:12.854,0.72198,0.72248,1.00,1.00
2015.01.28 04:41:13.176,0.722,0.7225,1.00,1.00
2015.01.28 04:41:13.894,0.72199,0.72249,1.00,1.00
2015.01.28 04:41:14.948,0.72201,0.7225,1.00,1.00
2015.01.28 04:41:15.523,0.722,0.7225,1.00,1.00
2015.01.28 04:41:16.600,0.72201,0.7225,1.00,1.00
2015.01.28 04:41:17.260,0.72204,0.72253,1.00,1.00
2015.01.28 04:41:17.562,0.72201,0.7225,1.00,1.00
2015.01.28 04:41:18.134,0.72202,0.72251,1.00,1.00
2015.01.28 04:41:18.703,0.72201,0.7225,1.00,1.00
2015.01.28 04:41:27.928,0.72199,0.72251,1.00,1.00
2015.01.28 04:41:37.063,0.72198,0.72248,1.00,1.00
2015.01.28 04:41:43.698,0.722,0.7225,1.00,1.00
2015.01.28 04:41:44.000,0.72208,0.72258,1.00,1.00
2015.01.28 04:41:44.534,0.72207,0.72257,1.00,1.00
2015.01.28 04:41:48.620,0.72205,0.72254,1.00,1.00
2015.01.28 04:41:49.121,0.72204,0.72253,1.00,1.00
2015.01.28 04:41:51.353,0.72203,0.72252,1.00,1.00
2015.01.28 04:41:52.673,0.722,0.72251,1.00,1.00
2015.01.28 04:41:54.921,0.72202,0.72253,1.00,1.00
2015.01.28 04:42:13.793,0.72203,0.72254,1.00,1.00
2015.01.28 04:42:15.373,0.72204,0.72253,1.00,1.00
2015.01.28 04:42:15.915,0.72203,0.72252,1.00,1.00
2015.01.28 04:42:21.848,0.72202,0.72251,1.00,1.00
2015.01.28 04:42:22.593,0.72203,0.72252,1.00,1.00
2015.01.28 04:42:24.792,0.72204,0.72253,1.00,1.00
2015.01.28 04:42:25.123,0.72206,0.72255,1.00,1.00
2015.01.28 04:42:25.697,0.72206,0.72256,1.00,1.00
2015.01.28 04:42:34.707,0.72212,0.72261,1.00,1.00
2015.01.28 04:42:35.183,0.72216,0.72265,1.00,1.00
2015.01.28 04:42:35.706,0.72216,0.72266,1.00,1.00
2015.01.28 04:42:42.329,0.72214,0.72263,1.00,1.00
2015.01.28 04:42:42.662,0.72211,0.7226,1.00,1.00
2015.01.28 04:42:42.763,0.72208,0.7226,1.00,1.00
2015.01.28 04:42:42.964,0.72208,0.72258,1.00,1.00
2015.01.28 04:42:46.279,0.72208,0.7226,1.00,1.00
2015.01.28 04:42:46.708,0.7221,0.72259,1.00,1.00
2015.01.28 04:42:47.046,0.72212,0.72261,1.00,1.00
2015.01.28 04:42:47.599,0.72209,0.72259,1.00,1.00
2015.01.28 04:42:47.702,0.72203,0.72252,1.00,1.00
2015.01.28 04:42:48.008,0.72206,0.72255,1.00,1.00
2015.01.28 04:42:50.862,0.72203,0.72252,1.00,1.00
2015.01.28 04:42:53.750,0.72201,0.7225,1.00,1.00
2015.01.28 04:42:53.851,0.72199,0.72249,1.00,1.00
2015.01.28 04:42:53.952,0.72197,0.72247,1.00,1.00
2015.01.28 04:42:54.290,0.72197,0.72249,1.00,1.00
2015.01.28 04:42:54.654,0.722,0.7225,1.00,1.00
2015.01.28 04:42:55.094,0.72202,0.72253,1.00,1.00
2015.01.28 04:42:55.154,0.72204,0.72253,1.00,1.00
2015.01.28 04:42:55.373,0.72206,0.72256,1.00,1.00
2015.01.28 04:42:55.929,0.72207,0.72257,1.00,1.00
2015.01.28 04:42:59.805,0.72208,0.72258,1.00,1.00
2015.01.28 04:42:59.906,0.72212,0.72261,1.00,1.00
2015.01.28 04:43:00.253,0.72214,0.72263,1.00,1.00
2015.01.28 04:43:02.572,0.72213,0.72262,1.00,1.00
2015.01.28 04:43:03.113,0.72212,0.72261,1.00,1.00
2015.01.28 04:43:03.883,0.72208,0.72258,1.00,1.00
2015.01.28 04:43:03.984,0.72206,0.72255,1.00,1.00
2015.01.28 04:43:05.305,0.72207,0.72257,1.00,1.00
2015.01.28 04:43:05.510,0.72209,0.72259,1.00,1.00
2015.01.28 04:43:06.033,0.72208,0.72258,1.00,1.00
2015.01.28 04:43:06.153,0.72209,0.7226,1.00,1.00
2015.01.28 04:43:06.522,0.72212,0.72261,1.00,1.00
2015.01.28 04:43:06.623,0.72208,0.7226,1.00,1.00
2015.01.28 04:43:06.740,0.72208,0.72258,1.00,1.00
2015.01.28 04:43:09.247,0.72209,0.72259,1.00,1.00
2015.01.28 04:43:12.326,0.7221,0.72259,1.00,1.00
2015.01.28 04:43:15.968,0.72208,0.7226,1.00,1.00
2015.01.28 04:43:16.171,0.72208,0.72258,1.00,1.00
2015.01.28 04:43:19.287,0.7221,0.72259,1.00,1.00
2015.01.28 04:43:19.352,0.72212,0.72263,1.00,1.00
2015.01.28 04:43:30.241,0.72213,0.72264,1.00,1.00
2015.01.28 04:43:40.801,0.72213,0.72262,1.00,1.00
2015.01.28 04:43:50.262,0.72215,0.72265,1.00,1.00
2015.01.28 04:43:55.475,0.72216,0.72266,1.00,1.00
2015.01.28 04:43:58.841,0.72218,0.72267,1.00,1.00
2015.01.28 04:44:01.801,0.72218,0.72267,1.00,1.75
2015.01.28 04:44:01.852,0.72211,0.72231,1.00,1.75
2015.01.28 04:44:01.953,0.72207,0.72256,1.00,1.75
2015.01.28 04:44:02.003,0.72207,0.72256,1.00,1.75
2015.01.28 04:44:02.054,0.722,0.72245,1.00,1.75
2015.01.28 04:44:02.155,0.72182,0.72233,1.00,1.00
2015.01.28 04:44:02.255,0.7218,0.72211,1.00,1.00
2015.01.28 04:44:02.406,0.72175,0.72211,1.00,1.00
2015.01.28 04:44:02.457,0.72175,0.72216,1.00,1.00
2015.01.28 04:44:02.837,0.72172,0.72216,1.00,1.00
2015.01.28 04:44:03.397,0.72172,0.72217,1.00,1.50
2015.01.28 04:44:03.904,0.72171,0.72216,1.00,1.37
2015.01.28 04:44:05.331,0.72174,0.72216,1.00,1.37
2015.01.28 04:44:05.838,0.72175,0.72225,1.00,1.90
2015.01.28 04:44:14.571,0.72174,0.72224,1.00,1.95
2015.01.28 04:44:14.945,0.72174,0.72223,1.00,1.75
2015.01.28 04:44:15.272,0.72171,0.7222,1.00,1.75
2015.01.28 04:44:15.594,0.72168,0.72218,1.00,1.75
2015.01.28 04:44:15.791,0.72171,0.7222,1.00,1.75
2015.01.28 04:44:15.842,0.72171,0.7222,1.00,1.75
2015.01.28 04:44:16.043,0.72173,0.72225,1.00,1.90
2015.01.28 04:44:16.345,0.72175,0.72225,1.00,1.90
2015.01.28 04:44:16.879,0.72176,0.72226,1.00,1.90
2015.01.28 04:44:17.855,0.72176,0.72226,1.00,1.52
2015.01.28 04:44:17.956,0.72176,0.72226,1.00,1.07
2015.01.28 04:44:18.057,0.72179,0.72228,1.00,1.00
2015.01.28 04:44:29.531,0.72177,0.72228,1.00,1.00
2015.01.28 04:44:30.301,0.72171,0.72223,1.00,1.00
2015.01.28 04:44:30.631,0.72171,0.7222,1.00,1.00
2015.01.28 04:44:32.848,0.72168,0.72218,1.00,1.00
2015.01.28 04:44:32.950,0.72166,0.72215,1.00,1.00
2015.01.28 04:44:33.252,0.72163,0.72213,1.00,5.25
2015.01.28 04:44:33.303,0.72154,0.72203,1.00,1.00
2015.01.28 04:44:33.505,0.72163,0.72212,1.00,1.00
2015.01.28 04:44:36.130,0.72164,0.72213,1.00,1.00
2015.01.28 04:44:36.791,0.72161,0.72212,1.00,1.00
2015.01.28 04:44:48.710,0.72164,0.72214,1.00,1.00
2015.01.28 04:44:49.012,0.7217,0.72219,1.00,1.00
2015.01.28 04:44:52.300,0.72169,0.72218,1.00,1.00
2015.01.28 04:44:52.455,0.72167,0.72217,1.00,1.00
2015.01.28 04:44:52.669,0.72168,0.72219,1.00,1.00
2015.01.28 04:44:52.770,0.7217,0.72221,1.00,1.00
2015.01.28 04:44:53.655,0.72169,0.72218,1.00,1.00
2015.01.28 04:44:53.756,0.72167,0.72217,1.00,1.00
2015.01.28 04:44:53.841,0.72169,0.72218,1.00,1.00
2015.01.28 04:44:54.180,0.72171,0.7222,1.00,1.00
2015.01.28 04:44:58.680,0.7217,0.72219,1.00,1.00
2015.01.28 04:45:00.481,0.72171,0.7222,1.00,1.00
2015.01.28 04:45:09.696,0.7217,0.72219,1.00,1.00
2015.01.28 04:45:10.231,0.72169,0.7222,1.00,1.00
2015.01.28 04:45:11.771,0.72168,0.7222,1.00,1.00
2015.01.28 04:45:12.084,0.72166,0.72215,1.00,1.00
2015.01.28 04:45:12.404,0.7216,0.72209,1.00,1.00
2015.01.28 04:45:12.921,0.72159,0.72209,1.00,1.00
2015.01.28 04:45:15.635,0.7216,0.72209,1.00,1.00
2015.01.28 04:45:15.937,0.72164,0.72213,1.00,1.00
2015.01.28 04:45:15.988,0.72167,0.72217,1.00,1.00
2015.01.28 04:45:18.810,0.72169,0.72219,1.00,1.00
2015.01.28 04:45:19.152,0.72172,0.72221,1.00,1.00
2015.01.28 04:45:20.255,0.72173,0.72222,1.00,1.00
2015.01.28 04:45:33.331,0.7217,0.72219,1.00,1.00
2015.01.28 04:45:33.688,0.72172,0.72221,1.00,1.00
2015.01.28 04:45:34.348,0.72168,0.7222,1.00,1.00
2015.01.28 04:45:35.530,0.72166,0.72216,1.00,1.00
2015.01.28 04:45:36.071,0.72165,0.72216,1.00,1.00
2015.01.28 04:45:36.522,0.72168,0.72218,1.00,1.00
2015.01.28 04:46:14.591,0.72166,0.72216,1.00,1.00
2015.01.28 04:46:14.910,0.72165,0.72214,1.00,1.00
2015.01.28 04:46:15.240,0.72165,0.72216,1.00,1.00
2015.01.28 04:46:15.679,0.72165,0.72214,1.00,1.00
2015.01.28 04:46:44.619,0.72166,0.72215,1.00,1.00
2015.01.28 04:46:44.980,0.72168,0.72218,1.00,1.00
2015.01.28 04:46:51.429,0.72168,0.7222,1.00,1.00
2015.01.28 04:46:52.639,0.7217,0.72219,1.00,1.00
2015.01.28 04:46:52.970,0.72173,0.72222,1.00,1.00
2015.01.28 04:46:53.345,0.72175,0.72225,1.00,1.00
2015.01.28 04:46:53.849,0.72177,0.72227,1.00,1.00
2015.01.28 04:47:10.128,0.7218,0.7223,1.00,1.00
2015.01.28 04:47:10.710,0.72181,0.72231,1.00,1.00
2015.01.28 04:47:10.789,0.72184,0.72237,1.00,1.00
2015.01.28 04:47:11.274,0.72187,0.72238,1.00,1.00
2015.01.28 04:47:13.469,0.72188,0.72238,1.00,1.00
2015.01.28 04:47:20.249,0.72189,0.72239,1.00,1.00
2015.01.28 04:47:44.448,0.72191,0.72243,1.00,1.00
2015.01.28 04:47:44.712,0.72193,0.72244,1.00,1.00
2015.01.28 04:47:45.108,0.72197,0.72247,1.00,1.00
2015.01.28 04:47:47.993,0.72196,0.72247,1.00,1.00
2015.01.28 04:47:48.508,0.72197,0.72247,1.00,1.00
2015.01.28 04:47:48.760,0.72194,0.72247,1.00,1.00
2015.01.28 04:47:54.568,0.72195,0.72246,1.00,1.00
2015.01.28 04:47:55.105,0.72196,0.72247,1.00,1.00
2015.01.28 04:47:58.787,0.72196,0.72246,1.00,1.00
2015.01.28 04:47:58.998,0.72197,0.72248,1.00,1.00
2015.01.28 04:48:03.818,0.72196,0.72246,1.00,1.00
2015.01.28 04:48:04.138,0.72193,0.72244,1.00,1.00
2015.01.28 04:48:10.407,0.72193,0.72242,1.00,1.00
2015.01.28 04:48:23.618,0.72194,0.72243,1.00,1.00
2015.01.28 04:48:24.360,0.72195,0.72245,1.00,1.00
2015.01.28 04:48:24.511,0.72197,0.72247,1.00,1.00
2015.01.28 04:48:25.611,0.72198,0.72247,1.00,1.00
2015.01.28 04:48:30.449,0.72196,0.72246,1.00,1.00
2015.01.28 04:48:30.798,0.72193,0.72245,1.00,1.00
2015.01.28 04:48:36.918,0.72194,0.72243,1.00,1.00
2015.01.28 04:48:38.721,0.72194,0.72246,1.00,1.00
2015.01.28 04:48:40.025,0.72195,0.72245,1.00,1.00
2015.01.28 04:48:41.567,0.72193,0.72244,1.00,1.00
2015.01.28 04:48:41.647,0.72195,0.72245,1.00,1.00
2015.01.28 04:48:47.037,0.72194,0.72245,1.00,1.00
2015.01.28 04:48:48.137,0.72195,0.72244,1.00,1.00
2015.01.28 04:48:49.457,0.72194,0.72243,1.00,1.00
2015.01.28 04:49:02.437,0.72192,0.72241,1.00,1.00
2015.01.28 04:49:02.689,0.72188,0.72238,1.00,1.00
2015.01.28 04:49:02.987,0.72186,0.72235,1.00,1.00
2015.01.28 04:49:26.196,0.72183,0.72232,1.00,1.00
2015.01.28 04:49:41.816,0.72184,0.72235,1.00,1.00
2015.01.28 04:49:56.446,0.72184,0.72234,1.00,1.00
2015.01.28 04:49:57.668,0.7218,0.72229,1.00,1.00
2015.01.28 04:49:58.096,0.72177,0.72226,1.00,1.00
2015.01.28 04:50:00.783,0.72179,0.7223,1.00,1.00
2015.01.28 04:50:00.884,0.72181,0.7223,1.00,1.00
2015.01.28 04:50:01.193,0.72183,0.72233,1.00,1.00
2015.01.28 04:50:01.739,0.72184,0.72234,1.00,1.00
2015.01.28 04:50:13.386,0.72183,0.72233,1.00,1.00
2015.01.28 04:50:13.623,0.72182,0.72231,1.00,1.00
2015.01.28 04:50:13.724,0.7218,0.7223,1.00,1.00
2015.01.28 04:50:24.937,0.72178,0.72227,1.00,1.00
2015.01.28 04:51:25.008,0.72155,0.72251,1.82,1.12
2015.01.28 04:51:35.380,0.72171,0.72223,1.00,1.00
2015.01.28 04:51:35.708,0.72177,0.72226,1.00,1.00
2015.01.28 04:51:37.535,0.72178,0.72227,1.00,1.00
2015.01.28 04:52:04.636,0.72179,0.72228,1.00,1.00
2015.01.28 04:52:04.737,0.72182,0.72232,1.00,1.00
2015.01.28 04:52:04.967,0.72185,0.72234,1.00,1.00
2015.01.28 04:52:05.497,0.72187,0.72236,1.00,1.00
2015.01.28 04:52:06.184,0.72184,0.72234,1.00,1.00
2015.01.28 04:52:12.294,0.72185,0.72235,1.00,1.00
2015.01.28 04:52:14.934,0.72184,0.72236,1.00,1.00
2015.01.28 04:52:15.086,0.72185,0.72234,1.00,1.00
2015.01.28 04:52:22.634,0.72186,0.72235,1.00,1.00
2015.01.28 04:52:33.526,0.72185,0.72234,1.00,1.00
2015.01.28 04:52:33.790,0.72183,0.72233,1.00,1.00
2015.01.28 04:52:33.890,0.72185,0.72234,1.00,1.00
2015.01.28 04:52:38.185,0.72186,0.72235,1.00,1.00
2015.01.28 04:52:40.719,0.72186,0.72237,1.00,1.00
2015.01.28 04:52:40.971,0.7219,0.72239,1.00,1.00
2015.01.28 04:52:41.278,0.72193,0.72242,1.00,1.00
2015.01.28 04:52:41.376,0.72194,0.72245,1.00,1.00
2015.01.28 04:52:42.364,0.72194,0.72243,1.00,1.00
2015.01.28 04:52:42.515,0.72191,0.72241,1.00,1.00
2015.01.28 04:52:42.695,0.72193,0.72242,1.00,1.00
2015.01.28 04:52:43.224,0.72194,0.72243,1.00,1.00
2015.01.28 04:52:43.732,0.7219,0.72242,1.00,1.00
2015.01.28 04:52:43.933,0.7219,0.72239,1.00,1.00
2015.01.28 04:52:44.451,0.72189,0.72238,1.00,1.00
2015.01.28 04:52:48.413,0.72188,0.72237,1.00,1.00
2015.01.28 04:53:00.623,0.72189,0.72238,1.00,1.00
2015.01.28 04:53:00.844,0.7219,0.72241,1.00,1.00
2015.01.28 04:53:17.150,0.7219,0.72239,1.00,1.00
2015.01.28 04:53:22.295,0.72189,0.72238,1.00,1.00
2015.01.28 04:53:22.843,0.72186,0.72235,1.00,1.00
2015.01.28 04:53:23.216,0.72184,0.72234,1.00,1.00
2015.01.28 04:53:42.093,0.72183,0.72233,1.00,1.00
2015.01.28 04:53:42.326,0.72182,0.72231,1.00,1.00
2015.01.28 04:53:42.428,0.7218,0.72231,1.00,1.00
2015.01.28 04:53:43.338,0.72176,0.72226,1.00,1.00
2015.01.28 04:53:43.439,0.72172,0.72223,1.00,1.00
2015.01.28 04:53:44.874,0.72171,0.72221,1.00,1.00
2015.01.28 04:54:37.201,0.72172,0.72222,1.00,1.00
2015.01.28 04:54:38.556,0.72171,0.7222,1.00,1.00
2015.01.28 04:54:41.492,0.72172,0.72222,1.00,1.00
2015.01.28 04:54:47.586,0.72173,0.72223,1.00,1.00
2015.01.28 04:54:47.687,0.72175,0.72224,1.00,1.00
2015.01.28 04:54:48.031,0.72177,0.72226,1.00,1.00
2015.01.28 04:54:48.233,0.7218,0.7223,1.00,1.00
2015.01.28 04:55:00.412,0.72181,0.72231,1.00,1.00
2015.01.28 04:55:00.999,0.72182,0.72232,1.00,1.00
2015.01.28 04:55:07.934,0.72186,0.72235,1.00,1.00
2015.01.28 04:55:10.249,0.72188,0.72237,1.00,1.00
2015.01.28 04:55:11.083,0.72188,0.72238,1.00,1.00
2015.01.28 04:55:11.602,0.7219,0.7224,1.00,1.00
2015.01.28 04:55:18.385,0.7219,0.72242,1.00,1.00
2015.01.28 04:55:18.485,0.72194,0.72245,1.00,1.00
2015.01.28 04:55:18.833,0.72196,0.72245,1.00,1.00
2015.01.28 04:55:19.163,0.72194,0.72243,1.00,1.00
2015.01.28 04:55:19.466,0.72194,0.72245,1.00,1.00
2015.01.28 04:55:22.558,0.72197,0.72246,1.00,1.00
2015.01.28 04:55:26.863,0.72196,0.72245,1.00,1.00
2015.01.28 04:55:27.584,0.72194,0.72243,1.00,1.00
2015.01.28 04:55:28.030,0.72194,0.72245,1.00,1.00
2015.01.28 04:55:28.133,0.72194,0.72243,1.00,1.00
2015.01.28 04:55:28.465,0.72192,0.72242,1.00,1.00
2015.01.28 04:55:28.574,0.7219,0.7224,1.00,1.00
2015.01.28 04:55:30.682,0.7219,0.72239,1.00,1.00
2015.01.28 04:55:31.873,0.72189,0.72241,1.00,1.00
2015.01.28 04:55:33.341,0.7219,0.72239,1.00,1.00
2015.01.28 04:55:34.123,0.7219,0.72242,1.00,1.00
2015.01.28 04:55:34.953,0.72189,0.7224,1.00,1.00
2015.01.28 04:55:36.505,0.7219,0.7224,1.00,1.00
2015.01.28 04:55:42.543,0.72192,0.72242,1.00,1.00
2015.01.28 04:55:42.874,0.72194,0.72243,1.00,1.00
2015.01.28 04:55:44.968,0.7219,0.72239,1.00,1.00
2015.01.28 04:55:45.292,0.7219,0.72241,1.00,1.00
2015.01.28 04:55:45.622,0.72192,0.72242,1.00,1.00
2015.01.28 04:55:46.835,0.72193,0.72244,1.00,1.00
2015.01.28 04:55:46.986,0.72193,0.72242,1.00,1.00
2015.01.28 04:55:52.662,0.72194,0.72243,1.00,1.00
2015.01.28 04:56:02.715,0.72193,0.72242,1.00,1.00
2015.01.28 04:56:12.792,0.72191,0.72241,1.00,1.00
2015.01.28 04:56:13.562,0.7219,0.7224,1.00,1.00
2015.01.28 04:56:13.718,0.7219,0.72242,1.00,1.00
2015.01.28 04:56:21.374,0.72192,0.72242,1.00,1.00
2015.01.28 04:56:21.697,0.72194,0.72243,1.00,1.00
2015.01.28 04:56:49.531,0.72192,0.72243,1.00,1.00
2015.01.28 04:56:50.302,0.72191,0.72241,1.00,1.00
2015.01.28 04:57:01.557,0.7219,0.72239,1.00,1.00
2015.01.28 04:57:02.081,0.72189,0.72238,1.00,1.00
2015.01.28 04:57:02.181,0.72189,0.7224,1.00,1.00
2015.01.28 04:57:18.902,0.72188,0.72237,1.00,1.00
2015.01.28 04:57:19.128,0.72189,0.72239,1.00,1.00
2015.01.28 04:57:20.599,0.7219,0.7224,1.00,1.00
2015.01.28 04:57:24.632,0.72192,0.72241,1.00,1.00
2015.01.28 04:57:25.149,0.72193,0.72242,1.00,1.00
2015.01.28 04:57:41.388,0.72191,0.72241,1.00,1.00
2015.01.28 04:57:41.489,0.72184,0.72235,1.00,1.00
2015.01.28 04:57:41.590,0.72184,0.72233,1.00,1.00
2015.01.28 04:57:42.330,0.72182,0.72232,1.00,1.00
2015.01.28 04:57:48.060,0.72181,0.72231,1.00,1.00
2015.01.28 04:57:50.800,0.72182,0.72233,1.00,1.00
2015.01.28 04:57:52.781,0.72182,0.72232,1.00,1.00
2015.01.28 04:57:53.551,0.72181,0.72231,1.00,1.00
2015.01.28 04:57:53.661,0.72181,0.72233,1.00,1.00
2015.01.28 04:57:54.030,0.72181,0.72231,1.00,1.00
2015.01.28 04:57:54.352,0.72181,0.72233,1.00,1.00
2015.01.28 04:57:54.453,0.72181,0.72231,1.00,1.00
2015.01.28 04:58:07.520,0.72178,0.7223,1.00,1.00
2015.01.28 04:58:07.741,0.72178,0.72227,1.00,1.00
2015.01.28 04:58:07.850,0.72179,0.72229,1.00,1.00
2015.01.28 04:58:08.221,0.72177,0.72228,1.00,1.00
2015.01.28 04:58:18.080,0.72179,0.72229,1.00,1.00
2015.01.28 04:58:30.312,0.72179,0.72228,1.00,1.00
2015.01.28 04:58:30.425,0.72177,0.72228,1.00,1.00
2015.01.28 04:58:31.290,0.72179,0.72229,1.00,1.00
2015.01.28 04:58:40.410,0.7218,0.7223,1.00,1.00
2015.01.28 04:58:53.391,0.72182,0.72232,1.00,1.00
2015.01.28 04:58:56.579,0.72183,0.72232,1.00,1.00
2015.01.28 04:58:56.891,0.72187,0.72236,1.00,1.00
2015.01.28 04:58:56.941,0.72191,0.72241,1.00,1.00
2015.01.28 04:58:57.379,0.72193,0.72242,1.00,1.00
2015.01.28 04:59:11.002,0.72196,0.72245,1.00,1.00
2015.01.28 04:59:12.239,0.72194,0.72243,1.00,1.00
2015.01.28 04:59:13.848,0.72192,0.72241,1.00,1.00
2015.01.28 04:59:14.374,0.72193,0.72242,1.00,1.00
2015.01.28 04:59:19.916,0.72192,0.72241,1.00,1.00
2015.01.28 04:59:20.440,0.72193,0.72242,1.00,1.00
2015.01.28 04:59:28.492,0.72193,0.72244,1.00,1.00
2015.01.28 04:59:28.745,0.72197,0.72246,1.00,1.00
2015.01.28 04:59:29.818,0.72198,0.72247,1.00,1.00
2015.01.28 04:59:30.038,0.72199,0.72249,1.00,1.00
2015.01.28 04:59:31.262,0.72197,0.72248,1.00,1.00
2015.01.28 04:59:31.669,0.72196,0.72245,1.00,1.00
2015.01.28 04:59:33.450,0.72195,0.72245,1.00,1.00
2015.01.28 04:59:33.765,0.72192,0.72242,1.00,1.00
2015.01.28 04:59:40.181,0.72193,0.72243,1.00,1.00
2015.01.28 04:59:40.690,0.72195,0.72244,1.00,1.00
2015.01.28 04:59:48.538,0.72192,0.72242,1.00,1.00
2015.01.28 04:59:49.158,0.72194,0.72243,1.00,1.00
2015.01.28 04:59:49.702,0.72193,0.72243,1.00,1.00
2015.01.28 04:59:50.232,0.72193,0.72244,1.00,1.00
2015.01.28 04:59:54.345,0.72192,0.72242,1.00,1.00
2015.01.28 04:59:55.098,0.72194,0.72243,1.00,1.00
2015.01.28 04:59:56.088,0.72195,0.72246,1.00,1.00
