2010.09.29 23:00:01.912,0.94665,0.947,1.00,2.40
2010.09.29 23:00:02.324,0.94665,0.947,1.00,2.40
2010.09.29 23:00:04.154,0.94665,0.947,1.00,2.40
2010.09.29 23:00:05.755,0.94665,0.947,1.00,2.40
2010.09.29 23:00:05.944,0.9466,0.947,2.40,2.40
2010.09.29 23:00:13.026,0.94665,0.947,1.00,2.50
2010.09.29 23:00:25.570,0.9466,0.947,2.50,2.50
2010.09.29 23:00:28.545,0.94665,0.947,1.00,2.40
2010.09.29 23:00:37.472,0.9466,0.947,2.40,2.40
2010.09.29 23:00:46.066,0.94665,0.947,1.00,2.50
2010.09.29 23:00:48.069,0.9466,0.947,2.40,2.40
2010.09.29 23:01:02.905,0.9466,0.947,2.50,2.40
2010.09.29 23:01:02.995,0.9466,0.947,2.50,2.50
2010.09.29 23:01:07.284,0.9466,0.947,4.10,2.50
2010.09.29 23:01:09.796,0.94665,0.947,1.00,2.40
2010.09.29 23:01:10.946,0.94665,0.947,1.00,2.50
2010.09.29 23:01:11.899,0.9466,0.947,2.40,2.40
2010.09.29 23:01:12.632,0.94665,0.947,1.00,2.40
2010.09.29 23:01:29.064,0.9466,0.947,2.40,2.40
2010.09.29 23:01:32.389,0.94665,0.947,1.00,2.40
2010.09.29 23:01:33.925,0.94665,0.947,1.00,2.50
2010.09.29 23:01:35.254,0.9466,0.947,2.50,2.50
2010.09.29 23:01:35.726,0.94665,0.947,1.00,2.40
2010.09.29 23:02:01.221,0.9467,0.947,1.00,2.40
2010.09.29 23:02:07.006,0.9467,0.947,1.00,2.40
2010.09.29 23:02:12.168,0.94665,0.947,1.00,2.40
2010.09.29 23:02:12.268,0.9467,0.947,1.00,2.40
2010.09.29 23:02:13.826,0.94665,0.947,1.00,2.40
2010.09.29 23:02:15.826,0.94665,0.94705,1.00,1.00
2010.09.29 23:02:17.046,0.9467,0.94705,1.00,1.00
2010.09.29 23:02:19.284,0.94665,0.94705,1.00,1.00
2010.09.29 23:02:19.530,0.94665,0.947,1.00,2.40
2010.09.29 23:02:19.880,0.94665,0.947,1.00,2.40
2010.09.29 23:02:20.436,0.9467,0.947,1.00,2.40
2010.09.29 23:02:21.634,0.94665,0.947,1.00,2.40
2010.09.29 23:02:21.830,0.9467,0.947,1.00,2.40
2010.09.29 23:02:25.386,0.94665,0.947,1.00,2.40
2010.09.29 23:02:26.930,0.94665,0.947,1.00,2.50
2010.09.29 23:02:27.929,0.94665,0.947,1.00,2.40
2010.09.29 23:02:29.886,0.9467,0.94705,1.00,1.00
2010.09.29 23:02:29.975,0.9467,0.947,1.00,2.40
2010.09.29 23:02:31.906,0.94675,0.9471,1.00,2.40
2010.09.29 23:02:33.105,0.94675,0.9471,1.00,2.40
2010.09.29 23:02:34.146,0.9467,0.94705,1.00,1.00
2010.09.29 23:02:36.425,0.94665,0.94705,1.00,1.00
2010.09.29 23:02:36.645,0.94665,0.947,1.00,2.40
2010.09.29 23:02:37.716,0.94665,0.947,1.00,2.40
2010.09.29 23:02:38.657,0.94665,0.947,1.00,1.00
2010.09.29 23:02:38.996,0.94665,0.94705,1.00,1.00
2010.09.29 23:02:41.095,0.94665,0.947,1.00,1.00
2010.09.29 23:02:47.365,0.9467,0.94705,1.00,1.00
2010.09.29 23:02:47.495,0.94665,0.9471,1.00,2.50
2010.09.29 23:02:47.625,0.9467,0.9471,2.40,1.00
2010.09.29 23:02:47.755,0.9467,0.94715,2.50,1.00
2010.09.29 23:02:49.875,0.94675,0.94715,1.00,1.00
2010.09.29 23:02:57.195,0.9467,0.94715,2.40,1.00
2010.09.29 23:02:59.885,0.94675,0.9472,1.00,2.40
2010.09.29 23:03:00.669,0.94675,0.9472,1.00,2.50
2010.09.29 23:03:01.336,0.9467,0.94715,2.50,1.00
2010.09.29 23:03:03.146,0.9467,0.94715,2.40,1.00
2010.09.29 23:03:03.199,0.94675,0.94715,1.00,1.00
2010.09.29 23:03:03.247,0.9468,0.9472,1.00,2.40
2010.09.29 23:03:11.197,0.94675,0.9472,1.00,2.50
2010.09.29 23:03:12.096,0.9468,0.9472,1.00,2.50
2010.09.29 23:03:12.745,0.94675,0.9472,1.00,2.40
2010.09.29 23:03:12.915,0.94675,0.9472,1.00,2.50
2010.09.29 23:03:13.107,0.94675,0.94715,1.00,1.00
2010.09.29 23:03:15.249,0.94675,0.9472,1.00,2.40
2010.09.29 23:03:18.756,0.9467,0.9472,2.50,2.50
2010.09.29 23:03:18.879,0.9467,0.9472,1.00,2.50
2010.09.29 23:03:18.996,0.9467,0.94715,1.00,2.40
2010.09.29 23:03:19.117,0.9467,0.9471,1.00,2.40
2010.09.29 23:03:19.907,0.9466,0.9471,1.00,4.00
2010.09.29 23:03:20.605,0.9466,0.9471,1.00,4.00
2010.09.29 23:03:21.316,0.9466,0.94705,1.00,1.60
2010.09.29 23:03:22.196,0.94665,0.94705,1.00,1.60
2010.09.29 23:03:22.535,0.9466,0.94705,1.00,1.60
2010.09.29 23:03:22.706,0.9466,0.94705,1.00,1.60
2010.09.29 23:03:23.115,0.9466,0.947,2.40,2.40
2010.09.29 23:03:24.026,0.9466,0.947,2.40,2.40
2010.09.29 23:03:24.247,0.9466,0.947,2.40,2.50
2010.09.29 23:03:24.476,0.9465,0.947,1.00,3.30
2010.09.29 23:03:25.108,0.94655,0.9469,1.00,2.40
2010.09.29 23:03:25.455,0.94645,0.9469,1.00,2.40
2010.09.29 23:03:27.295,0.94645,0.9469,1.00,2.40
2010.09.29 23:03:28.026,0.94645,0.9469,1.00,2.40
2010.09.29 23:03:28.135,0.9465,0.9469,2.40,2.40
2010.09.29 23:03:29.208,0.9465,0.9469,2.40,2.40
2010.09.29 23:03:29.530,0.9465,0.9469,2.40,2.40
2010.09.29 23:03:29.756,0.9466,0.94695,2.40,1.00
2010.09.29 23:03:29.986,0.9466,0.94695,2.40,1.60
2010.09.29 23:03:30.856,0.9466,0.947,2.40,2.40
2010.09.29 23:03:32.247,0.9466,0.9469,1.00,2.40
2010.09.29 23:03:32.628,0.94655,0.9469,1.00,2.40
2010.09.29 23:03:33.527,0.9466,0.9469,1.00,2.40
2010.09.29 23:03:35.578,0.94655,0.947,1.00,2.40
2010.09.29 23:03:36.515,0.9466,0.947,1.00,2.40
2010.09.29 23:03:37.419,0.9466,0.947,1.00,2.40
2010.09.29 23:03:40.327,0.94655,0.947,1.00,2.40
2010.09.29 23:03:41.101,0.9466,0.9471,1.00,2.80
2010.09.29 23:03:41.380,0.94655,0.9469,1.00,2.40
2010.09.29 23:03:42.715,0.9465,0.9469,2.40,2.40
2010.09.29 23:03:43.736,0.94655,0.9469,1.00,2.40
2010.09.29 23:03:53.266,0.9466,0.947,2.40,2.50
2010.09.29 23:03:53.977,0.9466,0.94695,2.40,1.00
2010.09.29 23:03:54.175,0.9466,0.947,2.40,2.40
2010.09.29 23:03:56.407,0.9466,0.94695,2.50,1.00
2010.09.29 23:03:56.818,0.9466,0.94695,2.40,1.00
2010.09.29 23:03:56.956,0.9466,0.94695,2.50,1.00
2010.09.29 23:04:00.115,0.9466,0.94695,2.40,1.00
2010.09.29 23:04:02.775,0.9466,0.94695,2.40,1.00
2010.09.29 23:04:02.918,0.94655,0.9469,1.00,2.40
2010.09.29 23:04:03.043,0.9465,0.9469,2.50,2.40
2010.09.29 23:04:03.630,0.9465,0.9469,1.00,2.40
2010.09.29 23:04:03.712,0.9465,0.9469,1.00,2.40
2010.09.29 23:04:04.144,0.9465,0.9469,2.50,2.40
2010.09.29 23:04:04.714,0.94655,0.9469,1.00,2.40
2010.09.29 23:04:05.063,0.9465,0.9468,1.00,2.40
2010.09.29 23:04:05.665,0.94655,0.9468,1.00,2.40
2010.09.29 23:04:06.002,0.9465,0.9468,1.00,2.40
2010.09.29 23:04:07.837,0.94655,0.9469,1.00,2.80
2010.09.29 23:04:08.096,0.9465,0.9469,1.00,2.40
2010.09.29 23:04:08.335,0.9465,0.9469,2.40,2.40
2010.09.29 23:04:09.147,0.9465,0.94685,1.00,1.00
2010.09.29 23:04:10.387,0.9465,0.9468,1.00,2.40
2010.09.29 23:04:15.257,0.94655,0.9469,1.00,2.40
2010.09.29 23:04:15.396,0.94655,0.9468,1.00,2.40
2010.09.29 23:04:15.956,0.9465,0.9468,1.00,2.40
2010.09.29 23:04:17.217,0.9465,0.9468,1.00,2.40
2010.09.29 23:04:19.309,0.94655,0.9469,1.00,2.40
2010.09.29 23:04:22.256,0.9465,0.9469,1.00,2.50
2010.09.29 23:04:23.158,0.94655,0.94695,1.00,1.00
2010.09.29 23:04:24.337,0.94655,0.9469,1.00,1.00
2010.09.29 23:04:26.589,0.9465,0.9468,1.00,2.40
2010.09.29 23:04:27.786,0.9465,0.9469,1.00,2.40
2010.09.29 23:04:28.125,0.9465,0.9468,1.00,2.40
2010.09.29 23:04:29.715,0.9465,0.9468,1.00,2.40
2010.09.29 23:04:33.688,0.9465,0.9468,1.00,2.40
2010.09.29 23:04:35.827,0.94645,0.9468,1.00,2.40
2010.09.29 23:04:36.990,0.9464,0.9469,1.00,2.40
2010.09.29 23:04:37.308,0.9464,0.9469,1.00,2.40
2010.09.29 23:04:38.190,0.9464,0.94695,1.00,1.60
2010.09.29 23:04:38.891,0.94645,0.94695,1.00,1.60
2010.09.29 23:04:39.658,0.94645,0.94695,1.00,1.60
2010.09.29 23:04:40.547,0.94645,0.9469,1.00,2.40
2010.09.29 23:04:41.310,0.9464,0.94695,1.00,1.00
2010.09.29 23:04:41.654,0.94635,0.94695,1.00,1.00
2010.09.29 23:04:41.967,0.9463,0.94695,4.00,1.00
2010.09.29 23:04:42.828,0.9463,0.94695,1.60,1.00
2010.09.29 23:04:43.061,0.94635,0.94695,1.00,1.00
2010.09.29 23:04:43.289,0.94635,0.94695,1.00,1.00
2010.09.29 23:04:46.371,0.9464,0.94695,1.00,1.00
2010.09.29 23:04:46.580,0.94645,0.947,1.00,2.40
2010.09.29 23:04:46.789,0.9465,0.947,1.00,2.40
2010.09.29 23:04:47.929,0.94645,0.947,1.00,2.50
2010.09.29 23:04:50.592,0.94635,0.94695,1.00,1.00
2010.09.29 23:04:50.750,0.94635,0.94695,1.00,1.00
2010.09.29 23:04:51.407,0.9464,0.94705,1.00,2.00
2010.09.29 23:04:52.297,0.9464,0.94705,1.00,2.00
2010.09.29 23:04:53.524,0.94635,0.94705,1.00,2.00
2010.09.29 23:04:53.878,0.94635,0.94705,1.00,2.00
2010.09.29 23:04:54.219,0.9464,0.94705,1.00,2.00
2010.09.29 23:04:54.428,0.9464,0.94705,1.00,2.10
2010.09.29 23:04:55.198,0.94645,0.94705,1.00,2.00
2010.09.29 23:04:55.440,0.94645,0.94705,1.00,1.00
2010.09.29 23:04:55.906,0.9464,0.94705,1.00,1.00
2010.09.29 23:04:57.047,0.9464,0.94705,1.00,1.00
2010.09.29 23:04:58.066,0.94635,0.94705,1.00,1.00
2010.09.29 23:04:58.200,0.9464,0.94705,1.00,1.00
2010.09.29 23:04:59.153,0.9464,0.94705,1.00,1.00
2010.09.29 23:04:59.676,0.94645,0.94705,1.00,1.00
2010.09.29 23:05:00.913,0.94645,0.94715,1.00,2.00
2010.09.29 23:05:04.728,0.94635,0.947,1.00,1.00
2010.09.29 23:05:06.707,0.94635,0.947,1.00,1.00
2010.09.29 23:05:06.967,0.94635,0.947,1.00,1.00
2010.09.29 23:05:07.700,0.9464,0.947,1.00,1.00
2010.09.29 23:05:08.066,0.94635,0.947,1.00,1.00
2010.09.29 23:05:08.248,0.9464,0.947,1.00,1.00
2010.09.29 23:05:09.387,0.9464,0.947,1.00,1.00
2010.09.29 23:05:13.107,0.94635,0.947,1.00,1.00
2010.09.29 23:05:13.385,0.94635,0.94705,1.00,1.00
2010.09.29 23:05:14.056,0.9464,0.94705,1.00,1.00
2010.09.29 23:05:29.633,0.94635,0.94705,1.00,1.00
2010.09.29 23:05:29.736,0.94635,0.94705,1.00,1.00
2010.09.29 23:05:32.076,0.94635,0.94705,1.00,1.00
2010.09.29 23:05:36.483,0.94635,0.947,1.00,2.40
2010.09.29 23:05:36.996,0.94635,0.94695,1.00,1.00
2010.09.29 23:05:42.576,0.94635,0.94695,1.00,1.70
2010.09.29 23:05:42.703,0.9463,0.9469,1.00,4.00
2010.09.29 23:05:42.826,0.94635,0.9469,1.00,4.00
2010.09.29 23:05:44.076,0.9463,0.9469,1.00,4.00
2010.09.29 23:05:44.918,0.9463,0.9469,1.00,4.10
2010.09.29 23:05:45.832,0.9463,0.9469,2.50,2.50
2010.09.29 23:05:46.947,0.9463,0.94685,2.50,1.00
2010.09.29 23:05:48.067,0.94635,0.94685,1.00,1.00
2010.09.29 23:05:59.231,0.94635,0.9469,1.00,2.40
2010.09.29 23:06:08.047,0.9463,0.9469,1.60,2.40
2010.09.29 23:06:08.136,0.9463,0.9469,1.00,2.40
2010.09.29 23:06:09.402,0.94635,0.9469,1.00,2.40
2010.09.29 23:06:10.548,0.94635,0.9469,1.00,2.40
2010.09.29 23:06:11.252,0.94635,0.94695,1.00,1.60
2010.09.29 23:06:11.392,0.9464,0.947,2.40,2.50
2010.09.29 23:06:12.478,0.94645,0.947,1.00,2.50
2010.09.29 23:06:13.632,0.9465,0.947,2.50,2.40
2010.09.29 23:06:13.797,0.9465,0.947,2.40,2.40
2010.09.29 23:06:13.967,0.9465,0.94705,1.00,1.60
2010.09.29 23:06:14.136,0.94645,0.947,1.00,2.40
2010.09.29 23:06:14.298,0.9464,0.947,1.00,2.40
2010.09.29 23:06:15.946,0.9464,0.947,1.00,2.40
2010.09.29 23:06:16.906,0.9464,0.947,1.00,2.50
2010.09.29 23:06:17.018,0.9464,0.947,1.00,2.40
2010.09.29 23:06:19.139,0.9464,0.947,1.00,3.20
2010.09.29 23:06:19.306,0.94635,0.9469,1.00,2.40
2010.09.29 23:06:19.467,0.94635,0.9469,1.00,3.20
2010.09.29 23:06:20.278,0.9463,0.9469,2.40,3.20
2010.09.29 23:06:21.226,0.9463,0.94685,2.40,1.00
2010.09.29 23:06:22.522,0.9463,0.94685,2.50,1.00
2010.09.29 23:06:22.791,0.9463,0.94695,4.10,1.00
2010.09.29 23:06:23.096,0.94635,0.947,1.00,2.90
2010.09.29 23:06:23.246,0.94635,0.947,1.00,2.50
2010.09.29 23:06:25.057,0.9464,0.947,1.00,2.50
2010.09.29 23:06:26.716,0.94635,0.94695,1.00,1.00
2010.09.29 23:06:26.877,0.94635,0.9469,1.00,2.40
2010.09.29 23:06:27.039,0.9463,0.9469,4.00,3.20
2010.09.29 23:06:27.206,0.9463,0.9468,1.00,2.40
2010.09.29 23:06:28.037,0.9463,0.9468,1.00,2.40
2010.09.29 23:06:30.076,0.9463,0.9468,1.00,2.50
2010.09.29 23:06:30.838,0.9463,0.9468,1.00,2.40
2010.09.29 23:06:31.422,0.9463,0.94685,1.00,1.00
2010.09.29 23:06:31.567,0.9463,0.9469,1.00,2.40
2010.09.29 23:06:31.716,0.9463,0.94695,2.40,1.60
2010.09.29 23:06:31.866,0.9463,0.94695,4.00,1.00
2010.09.29 23:06:32.017,0.94635,0.947,1.00,2.90
2010.09.29 23:06:32.777,0.9463,0.9469,4.00,1.00
2010.09.29 23:06:32.967,0.9463,0.9469,2.40,2.40
2010.09.29 23:06:33.157,0.9463,0.9469,4.00,2.40
2010.09.29 23:06:33.346,0.9463,0.9469,2.40,2.40
2010.09.29 23:06:34.031,0.9463,0.9469,4.00,2.40
2010.09.29 23:06:34.217,0.9463,0.94685,4.10,1.00
2010.09.29 23:06:35.626,0.9463,0.94685,2.50,1.00
2010.09.29 23:06:37.627,0.9463,0.94695,2.40,2.40
2010.09.29 23:06:37.650,0.9463,0.94695,4.00,2.40
2010.09.29 23:06:37.666,0.9463,0.94695,4.00,1.00
2010.09.29 23:06:37.935,0.9463,0.94695,4.00,1.00
2010.09.29 23:06:39.077,0.94635,0.94695,1.00,1.00
2010.09.29 23:06:39.316,0.9464,0.947,1.00,2.80
2010.09.29 23:06:40.756,0.9464,0.94695,1.00,1.00
2010.09.29 23:06:40.916,0.9464,0.9469,1.00,2.40
2010.09.29 23:06:41.248,0.94635,0.9469,1.00,2.40
2010.09.29 23:06:41.408,0.94635,0.9469,1.00,3.20
2010.09.29 23:06:42.539,0.9463,0.94685,4.10,1.00
2010.09.29 23:06:43.279,0.94635,0.9469,1.00,2.40
2010.09.29 23:06:45.121,0.94635,0.94685,1.00,1.00
2010.09.29 23:06:45.876,0.94635,0.9469,1.00,2.50
2010.09.29 23:06:46.517,0.94635,0.9469,1.00,3.20
2010.09.29 23:06:47.177,0.94635,0.9469,1.00,3.30
2010.09.29 23:06:47.286,0.94635,0.9469,1.00,2.50
2010.09.29 23:06:48.018,0.9463,0.94685,2.50,1.00
2010.09.29 23:06:48.910,0.94635,0.94685,1.00,1.00
2010.09.29 23:06:49.957,0.9463,0.94685,2.50,1.00
2010.09.29 23:06:51.108,0.94635,0.94685,1.00,1.00
2010.09.29 23:06:52.287,0.94635,0.9469,1.00,3.20
2010.09.29 23:06:52.419,0.94635,0.9469,1.00,2.40
2010.09.29 23:06:53.051,0.9463,0.94685,2.40,1.00
2010.09.29 23:06:53.159,0.9463,0.94685,4.00,1.00
2010.09.29 23:06:53.418,0.9463,0.9468,4.00,2.40
2010.09.29 23:06:53.727,0.9463,0.9468,4.00,2.40
2010.09.29 23:06:54.027,0.9463,0.9468,4.00,2.40
2010.09.29 23:06:54.639,0.9463,0.9468,1.60,2.40
2010.09.29 23:06:54.799,0.9463,0.9468,1.00,2.40
2010.09.29 23:06:55.087,0.9463,0.94685,1.00,2.10
2010.09.29 23:06:55.378,0.9463,0.9469,1.00,2.50
2010.09.29 23:06:55.669,0.9463,0.94695,4.00,1.60
2010.09.29 23:06:56.556,0.9463,0.9468,4.00,2.40
2010.09.29 23:06:56.894,0.9463,0.94695,4.40,1.00
2010.09.29 23:06:57.116,0.9464,0.947,1.00,2.50
2010.09.29 23:06:58.317,0.9464,0.94695,1.00,1.00
2010.09.29 23:06:58.716,0.9464,0.947,1.00,2.50
2010.09.29 23:06:59.127,0.9464,0.947,1.00,3.30
2010.09.29 23:06:59.328,0.9463,0.9469,4.40,1.00
2010.09.29 23:06:59.570,0.9463,0.9469,4.00,2.40
2010.09.29 23:07:00.187,0.9463,0.94695,1.00,1.00
2010.09.29 23:07:00.450,0.9463,0.9469,2.50,2.40
2010.09.29 23:07:00.968,0.94635,0.9469,1.00,2.40
2010.09.29 23:07:01.760,0.9463,0.94685,4.00,1.00
2010.09.29 23:07:02.387,0.9463,0.9468,1.00,2.40
2010.09.29 23:07:04.580,0.9463,0.9468,1.00,2.40
2010.09.29 23:07:11.498,0.9463,0.9468,1.00,2.40
2010.09.29 23:07:12.047,0.9463,0.9468,1.00,2.50
2010.09.29 23:07:12.531,0.9463,0.9468,1.00,2.40
2010.09.29 23:07:20.195,0.9463,0.9468,1.00,2.40
2010.09.29 23:07:21.307,0.9463,0.9468,1.00,2.40
2010.09.29 23:07:27.756,0.9463,0.9468,1.00,2.40
2010.09.29 23:07:28.647,0.9463,0.9468,1.00,2.40
2010.09.29 23:07:28.728,0.9463,0.9468,1.00,2.50
2010.09.29 23:07:32.109,0.9463,0.9468,2.40,1.00
2010.09.29 23:07:33.926,0.9463,0.9468,2.50,1.00
2010.09.29 23:07:37.117,0.94635,0.94685,1.00,1.00
2010.09.29 23:07:37.246,0.94635,0.9468,1.00,2.40
2010.09.29 23:07:37.645,0.9463,0.9468,2.40,2.40
2010.09.29 23:07:37.778,0.94635,0.9468,1.00,2.40
2010.09.29 23:07:38.464,0.94635,0.94685,1.00,1.00
2010.09.29 23:07:38.719,0.9463,0.94685,2.40,1.00
2010.09.29 23:07:38.978,0.94635,0.94685,1.00,1.00
2010.09.29 23:07:39.487,0.9463,0.94685,2.40,1.00
2010.09.29 23:07:40.660,0.9463,0.9468,1.00,2.40
2010.09.29 23:07:41.117,0.94625,0.9468,1.00,2.50
2010.09.29 23:07:43.358,0.9463,0.9468,1.00,2.40
2010.09.29 23:07:43.448,0.9463,0.9468,1.00,2.40
2010.09.29 23:07:54.007,0.9463,0.9468,1.00,3.20
2010.09.29 23:08:17.235,0.9463,0.9467,1.00,1.00
2010.09.29 23:08:19.547,0.94625,0.94675,1.00,1.00
2010.09.29 23:08:19.766,0.94625,0.9467,1.00,2.40
2010.09.29 23:08:20.465,0.94625,0.9467,1.00,2.50
2010.09.29 23:08:20.577,0.94625,0.94665,1.00,1.00
2010.09.29 23:08:23.067,0.94625,0.9467,1.00,2.40
2010.09.29 23:08:24.547,0.94625,0.9467,1.60,2.40
2010.09.29 23:08:24.668,0.9463,0.94675,4.00,1.00
2010.09.29 23:08:24.789,0.9463,0.9468,2.40,3.30
2010.09.29 23:08:24.908,0.94625,0.9468,1.00,3.30
2010.09.29 23:08:25.027,0.94625,0.9468,1.00,3.30
2010.09.29 23:08:26.673,0.9462,0.9467,4.80,1.00
2010.09.29 23:08:27.526,0.9462,0.9467,3.20,1.00
2010.09.29 23:08:28.183,0.9462,0.9467,2.40,1.00
2010.09.29 23:08:28.824,0.9462,0.9467,2.50,2.40
2010.09.29 23:08:29.217,0.9462,0.94675,2.50,1.00
2010.09.29 23:08:29.347,0.9462,0.9467,2.40,1.00
2010.09.29 23:08:31.079,0.9462,0.9467,2.40,1.00
2010.09.29 23:08:36.987,0.9462,0.94675,2.50,1.00
2010.09.29 23:08:39.971,0.9462,0.94665,2.40,1.00
2010.09.29 23:08:41.819,0.94625,0.94665,1.00,1.00
2010.09.29 23:08:43.860,0.9462,0.9466,2.40,1.00
2010.09.29 23:08:44.456,0.9462,0.94665,2.40,1.00
2010.09.29 23:08:45.926,0.9462,0.9466,2.50,1.00
2010.09.29 23:08:50.005,0.9462,0.94655,2.40,1.00
2010.09.29 23:08:53.226,0.9462,0.9467,2.40,2.40
2010.09.29 23:08:53.307,0.9462,0.9467,2.40,1.00
2010.09.29 23:08:54.937,0.9462,0.9467,2.50,1.00
2010.09.29 23:08:55.147,0.9462,0.94675,2.40,1.00
2010.09.29 23:09:06.113,0.9462,0.9467,2.40,1.00
2010.09.29 23:09:06.199,0.9462,0.9467,1.00,3.20
2010.09.29 23:09:06.890,0.9462,0.9467,1.00,3.20
2010.09.29 23:09:13.278,0.9462,0.9467,1.00,3.20
2010.09.29 23:09:14.368,0.94615,0.9467,1.00,3.30
2010.09.29 23:09:14.536,0.94615,0.9467,1.00,3.20
2010.09.29 23:09:17.527,0.9461,0.94665,4.10,1.00
2010.09.29 23:09:18.291,0.9461,0.94665,2.50,1.00
2010.09.29 23:09:18.883,0.9461,0.94665,2.50,1.00
2010.09.29 23:09:25.738,0.94615,0.94665,1.00,1.00
2010.09.29 23:09:26.149,0.9461,0.94665,2.40,1.00
2010.09.29 23:09:26.747,0.9461,0.9466,2.50,1.00
2010.09.29 23:09:26.937,0.9461,0.9466,1.00,3.20
2010.09.29 23:09:31.457,0.94605,0.94655,1.60,1.00
2010.09.29 23:09:31.726,0.94605,0.94655,1.00,1.00
2010.09.29 23:09:33.947,0.9461,0.94655,1.00,1.00
2010.09.29 23:09:35.377,0.94605,0.94655,1.00,1.00
2010.09.29 23:09:40.707,0.9461,0.94655,1.00,1.00
2010.09.29 23:09:42.701,0.94605,0.9466,1.00,3.60
2010.09.29 23:09:42.888,0.94605,0.9466,1.00,3.20
2010.09.29 23:09:42.957,0.9461,0.9466,1.00,3.20
2010.09.29 23:09:44.198,0.94615,0.9466,1.00,3.20
2010.09.29 23:09:44.858,0.9461,0.9466,1.00,3.20
2010.09.29 23:09:47.852,0.9461,0.94665,2.50,2.00
2010.09.29 23:09:48.010,0.9461,0.9466,1.00,3.20
2010.09.29 23:09:54.409,0.9461,0.94655,1.00,1.00
2010.09.29 23:09:54.497,0.94605,0.94655,1.00,1.00
2010.09.29 23:09:55.797,0.94605,0.94655,1.00,1.00
2010.09.29 23:09:56.878,0.94605,0.9466,1.00,4.00
2010.09.29 23:09:57.127,0.94605,0.9466,1.00,3.20
2010.09.29 23:09:58.178,0.9461,0.9466,1.00,3.20
2010.09.29 23:09:58.666,0.9461,0.94655,1.00,1.00
2010.09.29 23:09:58.707,0.94605,0.94655,1.00,1.00
2010.09.29 23:09:59.891,0.94605,0.94655,1.00,1.00
2010.09.29 23:10:05.786,0.9461,0.94655,1.00,1.00
2010.09.29 23:10:06.718,0.94605,0.94655,1.00,1.00
2010.09.29 23:10:12.746,0.94605,0.94655,1.00,1.00
2010.09.29 23:10:12.917,0.9461,0.94655,1.00,1.00
2010.09.29 23:10:14.756,0.94605,0.94655,1.00,1.00
2010.09.29 23:10:15.036,0.9461,0.94655,1.00,1.00
2010.09.29 23:10:15.627,0.94615,0.94655,1.00,1.00
2010.09.29 23:10:16.418,0.9461,0.94655,2.40,1.00
2010.09.29 23:10:16.677,0.94615,0.94655,1.00,1.00
2010.09.29 23:10:17.197,0.9461,0.94655,2.50,1.00
2010.09.29 23:10:19.648,0.9461,0.9465,2.50,1.00
2010.09.29 23:10:19.787,0.94605,0.9465,1.00,3.20
2010.09.29 23:10:19.928,0.946,0.9465,4.00,3.20
2010.09.29 23:10:20.071,0.946,0.94645,2.40,1.00
2010.09.29 23:10:20.799,0.9459,0.9464,4.10,3.60
2010.09.29 23:10:21.137,0.9459,0.9464,4.10,3.20
2010.09.29 23:10:21.477,0.94595,0.9464,1.00,3.20
2010.09.29 23:10:22.739,0.94595,0.9464,1.00,3.20
2010.09.29 23:10:23.414,0.94595,0.94635,1.00,1.00
2010.09.29 23:10:23.738,0.946,0.9464,1.00,3.20
2010.09.29 23:10:24.440,0.946,0.9464,1.00,3.30
2010.09.29 23:10:24.611,0.946,0.9464,1.00,2.40
2010.09.29 23:10:24.780,0.946,0.94645,2.50,1.30
2010.09.29 23:10:24.947,0.946,0.94645,2.50,1.00
2010.09.29 23:10:25.937,0.94605,0.94645,1.00,1.00
2010.09.29 23:10:27.318,0.946,0.9464,2.40,1.00
2010.09.29 23:10:27.817,0.946,0.94645,2.40,1.00
2010.09.29 23:10:27.967,0.946,0.9464,2.40,1.00
2010.09.29 23:10:30.037,0.946,0.94645,2.40,1.00
2010.09.29 23:10:30.127,0.946,0.9464,2.50,1.00
2010.09.29 23:10:31.272,0.946,0.94645,2.40,1.00
2010.09.29 23:10:32.038,0.946,0.9464,2.50,1.00
2010.09.29 23:10:38.215,0.946,0.94645,2.40,1.00
2010.09.29 23:10:38.948,0.946,0.9464,2.40,1.00
2010.09.29 23:10:43.767,0.946,0.94645,2.40,1.00
2010.09.29 23:10:44.782,0.946,0.94645,2.40,1.00
2010.09.29 23:10:44.967,0.946,0.94645,2.50,1.00
2010.09.29 23:10:45.328,0.946,0.94645,2.40,1.00
2010.09.29 23:10:45.518,0.946,0.94645,2.40,1.00
2010.09.29 23:10:46.901,0.946,0.94645,2.40,1.00
2010.09.29 23:10:47.337,0.946,0.94645,2.40,1.00
2010.09.29 23:10:55.817,0.946,0.94645,2.40,4.80
2010.09.29 23:10:56.898,0.946,0.94645,2.40,4.90
2010.09.29 23:10:58.721,0.946,0.9464,2.40,1.00
2010.09.29 23:10:58.957,0.9459,0.9464,4.10,3.20
2010.09.29 23:10:59.197,0.9459,0.9464,4.10,7.20
2010.09.29 23:10:59.953,0.9459,0.9464,4.10,7.30
2010.09.29 23:11:01.161,0.94595,0.9464,1.00,7.20
2010.09.29 23:11:02.888,0.946,0.9464,1.00,7.20
2010.09.29 23:11:04.179,0.946,0.9464,1.00,7.20
2010.09.29 23:11:20.357,0.94595,0.9464,1.00,7.20
2010.09.29 23:11:20.566,0.946,0.9464,1.00,4.80
2010.09.29 23:11:21.917,0.946,0.9464,1.00,4.80
2010.09.29 23:11:36.527,0.94595,0.9464,1.00,4.00
2010.09.29 23:11:36.668,0.946,0.9464,2.40,4.00
2010.09.29 23:11:36.819,0.946,0.94645,2.40,5.30
2010.09.29 23:11:36.966,0.946,0.94645,2.40,4.90
2010.09.29 23:11:37.925,0.946,0.94645,2.40,4.80
2010.09.29 23:11:38.901,0.946,0.9464,2.50,1.00
2010.09.29 23:11:45.296,0.94605,0.94645,1.00,4.90
2010.09.29 23:11:53.200,0.94605,0.9464,1.00,1.00
2010.09.29 23:11:53.277,0.946,0.9464,2.50,1.00
2010.09.29 23:11:53.418,0.946,0.9464,1.00,3.20
2010.09.29 23:11:53.707,0.946,0.9464,1.00,7.20
2010.09.29 23:11:55.858,0.946,0.9464,1.00,3.20
2010.09.29 23:11:56.369,0.94595,0.94635,1.00,1.00
2010.09.29 23:11:56.629,0.94595,0.9464,1.00,3.20
2010.09.29 23:11:57.679,0.94595,0.9464,1.00,7.20
2010.09.29 23:11:58.358,0.94595,0.9464,1.00,6.40
2010.09.29 23:11:58.658,0.94595,0.9464,1.00,2.40
2010.09.29 23:12:18.170,0.94595,0.9464,1.00,2.40
2010.09.29 23:12:18.388,0.946,0.94645,4.00,4.00
2010.09.29 23:12:18.437,0.946,0.9465,4.00,2.90
2010.09.29 23:12:18.558,0.946,0.9465,4.00,2.50
2010.09.29 23:12:19.994,0.946,0.9465,4.10,2.40
2010.09.29 23:12:20.394,0.94605,0.9465,1.00,2.40
2010.09.29 23:12:59.755,0.94605,0.9465,1.00,2.40
2010.09.29 23:13:00.510,0.94615,0.9465,1.00,3.20
2010.09.29 23:13:00.608,0.9461,0.9465,2.40,2.40
2010.09.29 23:13:00.709,0.9461,0.9465,1.00,2.40
2010.09.29 23:13:01.298,0.94615,0.9465,1.00,2.40
2010.09.29 23:13:03.299,0.94615,0.9465,1.00,2.40
2010.09.29 23:13:03.759,0.94615,0.9465,1.00,2.40
2010.09.29 23:13:05.439,0.94615,0.9465,1.00,2.50
2010.09.29 23:13:05.551,0.9461,0.9465,1.00,3.30
2010.09.29 23:13:05.878,0.9461,0.9465,1.00,2.50
2010.09.29 23:13:07.249,0.94615,0.9465,1.00,2.40
2010.09.29 23:13:08.458,0.9461,0.9465,2.40,3.20
2010.09.29 23:13:09.156,0.9461,0.9465,2.40,7.20
2010.09.29 23:13:10.430,0.9461,0.94645,2.40,1.00
2010.09.29 23:13:10.728,0.9461,0.9464,1.00,2.40
2010.09.29 23:13:11.030,0.9461,0.9464,2.40,1.00
2010.09.29 23:13:11.781,0.946,0.9464,2.40,11.30
2010.09.29 23:13:12.104,0.94595,0.9463,1.00,2.40
2010.09.29 23:13:13.522,0.946,0.9463,1.00,2.40
2010.09.29 23:13:14.008,0.946,0.9463,1.00,2.40
2010.09.29 23:13:14.708,0.94605,0.9464,1.00,11.60
2010.09.29 23:13:14.907,0.94605,0.9464,1.00,10.40
2010.09.29 23:13:15.578,0.94605,0.9464,1.00,2.40
2010.09.29 23:13:16.018,0.9461,0.9464,1.00,2.40
2010.09.29 23:13:17.198,0.94605,0.9464,1.00,2.40
2010.09.29 23:13:19.229,0.9461,0.9464,1.00,2.40
2010.09.29 23:13:20.092,0.94605,0.9464,1.00,2.40
2010.09.29 23:13:20.419,0.94605,0.9464,1.00,3.20
2010.09.29 23:13:21.120,0.946,0.9463,1.00,2.40
2010.09.29 23:13:21.282,0.94605,0.9463,1.00,2.40
2010.09.29 23:13:21.761,0.946,0.9463,1.00,2.40
2010.09.29 23:13:25.110,0.94595,0.9463,1.70,2.40
2010.09.29 23:13:26.798,0.946,0.9463,1.00,2.40
2010.09.29 23:13:35.643,0.94595,0.9463,1.70,2.40
2010.09.29 23:13:37.680,0.946,0.9463,1.00,2.40
2010.09.29 23:13:38.867,0.946,0.9463,1.00,2.40
2010.09.29 23:13:38.920,0.946,0.9463,1.00,2.40
2010.09.29 23:13:39.775,0.94595,0.9463,1.70,2.40
2010.09.29 23:13:42.167,0.94595,0.9463,1.60,2.40
2010.09.29 23:13:42.790,0.94595,0.9463,1.60,2.40
2010.09.29 23:13:43.465,0.94595,0.9463,1.60,2.40
2010.09.29 23:13:45.938,0.94595,0.9463,1.70,2.40
2010.09.29 23:13:47.240,0.94595,0.9463,1.60,2.40
2010.09.29 23:13:47.882,0.94595,0.9463,1.00,2.40
2010.09.29 23:13:48.842,0.94595,0.9463,1.60,2.40
2010.09.29 23:14:26.912,0.94595,0.9463,1.60,2.40
2010.09.29 23:14:27.729,0.9459,0.9462,1.00,2.40
2010.09.29 23:14:31.602,0.94585,0.9462,1.60,2.40
2010.09.29 23:14:31.778,0.94585,0.9462,1.70,2.40
2010.09.29 23:14:31.869,0.9459,0.9463,1.60,10.40
2010.09.29 23:14:32.049,0.9459,0.9463,4.00,4.00
2010.09.29 23:14:32.138,0.9459,0.94635,4.00,4.00
2010.09.29 23:14:32.228,0.9459,0.9464,4.00,2.40
2010.09.29 23:14:32.839,0.9459,0.9463,4.00,2.40
2010.09.29 23:14:33.155,0.9459,0.9464,4.10,2.50
2010.09.29 23:14:33.469,0.9459,0.9464,4.10,2.70
2010.09.29 23:14:33.781,0.9459,0.9462,1.70,2.40
2010.09.29 23:14:34.089,0.9459,0.9462,1.60,2.40
2010.09.29 23:14:35.775,0.9459,0.9462,1.60,2.40
2010.09.29 23:14:38.838,0.9459,0.9463,4.00,2.40
2010.09.29 23:14:40.189,0.94595,0.9463,1.00,2.40
2010.09.29 23:14:40.378,0.94595,0.9464,1.00,7.30
2010.09.29 23:14:41.110,0.946,0.9463,1.00,2.40
2010.09.29 23:14:41.458,0.9459,0.9463,4.00,2.40
2010.09.29 23:14:42.778,0.9459,0.9463,4.00,2.40
2010.09.29 23:14:42.938,0.9459,0.9463,4.10,2.50
2010.09.29 23:14:44.299,0.94595,0.9463,1.00,2.40
2010.09.29 23:14:50.078,0.9459,0.9463,4.10,2.40
2010.09.29 23:14:50.239,0.9459,0.9464,4.00,2.40
2010.09.29 23:14:50.558,0.94595,0.9464,1.00,2.40
2010.09.29 23:14:50.718,0.94595,0.9464,1.00,2.40
2010.09.29 23:14:52.211,0.94595,0.9464,1.00,2.40
2010.09.29 23:14:53.131,0.94595,0.9463,1.00,2.40
2010.09.29 23:14:53.708,0.9459,0.9463,4.10,2.40
2010.09.29 23:14:55.840,0.9459,0.9463,4.10,2.50
2010.09.29 23:14:57.088,0.94595,0.9463,1.00,2.40
2010.09.29 23:15:02.286,0.94595,0.9463,1.60,2.40
2010.09.29 23:15:02.848,0.94595,0.9463,1.70,2.40
2010.09.29 23:15:03.738,0.94595,0.9463,1.60,2.40
2010.09.29 23:15:03.858,0.94595,0.9462,1.60,2.40
2010.09.29 23:15:03.980,0.94595,0.9462,1.00,2.40
2010.09.29 23:15:05.117,0.9459,0.9462,1.00,2.40
2010.09.29 23:15:10.696,0.94585,0.9462,1.70,2.40
2010.09.29 23:15:10.862,0.9459,0.9463,2.40,2.50
2010.09.29 23:15:10.938,0.9459,0.9463,4.00,2.50
2010.09.29 23:15:11.833,0.9459,0.9463,4.00,2.40
2010.09.29 23:15:12.160,0.94585,0.9462,1.60,2.40
2010.09.29 23:15:13.838,0.9459,0.9462,1.00,2.40
2010.09.29 23:15:13.998,0.9459,0.9462,1.00,2.40
2010.09.29 23:15:18.111,0.9459,0.9463,4.10,2.40
2010.09.29 23:15:18.969,0.94595,0.9463,1.00,2.40
2010.09.29 23:15:19.090,0.94595,0.9464,1.00,10.40
2010.09.29 23:15:19.149,0.94595,0.9464,1.00,11.30
2010.09.29 23:15:19.209,0.94595,0.9464,1.00,3.20
2010.09.29 23:15:19.318,0.94595,0.9463,1.00,2.40
2010.09.29 23:15:19.469,0.94595,0.9463,1.00,2.40
2010.09.29 23:15:20.060,0.94595,0.9464,1.00,6.40
2010.09.29 23:15:20.201,0.94595,0.9464,1.00,2.40
2010.09.29 23:15:20.483,0.9459,0.9464,4.00,3.20
2010.09.29 23:15:20.618,0.9459,0.9462,1.00,2.40
2010.09.29 23:15:25.018,0.94585,0.9462,1.60,2.40
2010.09.29 23:15:26.144,0.94585,0.9462,1.60,2.40
2010.09.29 23:15:26.479,0.9458,0.9462,2.40,2.50
2010.09.29 23:15:27.312,0.94575,0.9461,1.70,2.40
2010.09.29 23:15:33.590,0.94575,0.9462,1.70,2.50
2010.09.29 23:15:33.763,0.9458,0.9462,1.00,2.40
2010.09.29 23:15:33.932,0.9458,0.9462,4.00,2.40
2010.09.29 23:15:34.101,0.9458,0.9462,4.00,2.40
2010.09.29 23:15:34.810,0.9458,0.9462,4.10,2.40
2010.09.29 23:15:36.247,0.94585,0.9462,1.00,2.40
2010.09.29 23:15:37.381,0.9459,0.9462,1.00,2.40
2010.09.29 23:15:38.440,0.94585,0.9462,1.00,2.40
2010.09.29 23:15:38.678,0.9458,0.9462,4.00,2.40
2010.09.29 23:15:38.919,0.9458,0.9462,1.00,2.40
2010.09.29 23:15:43.673,0.94575,0.9462,1.60,2.40
2010.09.29 23:15:47.869,0.9458,0.9462,1.00,2.40
2010.09.29 23:15:48.229,0.9458,0.9462,1.00,2.50
2010.09.29 23:15:50.981,0.94585,0.9462,1.00,2.40
2010.09.29 23:15:51.523,0.9458,0.9462,1.00,2.50
2010.09.29 23:15:51.699,0.94585,0.9462,1.00,2.40
2010.09.29 23:15:52.425,0.9458,0.9462,1.00,2.50
2010.09.29 23:15:52.952,0.9458,0.9462,1.00,2.40
2010.09.29 23:15:53.210,0.9458,0.9462,2.40,2.40
2010.09.29 23:15:53.470,0.94585,0.9462,1.00,2.40
2010.09.29 23:15:54.685,0.94585,0.9462,1.00,2.40
2010.09.29 23:15:54.811,0.94585,0.9462,1.00,3.20
2010.09.29 23:15:54.930,0.9458,0.9462,1.00,3.20
2010.09.29 23:15:55.170,0.9458,0.9462,1.00,7.20
2010.09.29 23:15:55.289,0.94585,0.9462,1.00,7.20
2010.09.29 23:15:56.701,0.9458,0.9462,1.00,2.40
2010.09.29 23:15:56.919,0.94585,0.9462,1.00,2.40
2010.09.29 23:15:57.140,0.9458,0.9462,1.00,3.20
2010.09.29 23:15:57.359,0.94585,0.9461,1.00,2.40
2010.09.29 23:15:57.581,0.9458,0.9462,1.00,10.40
2010.09.29 23:15:58.355,0.94585,0.9462,1.00,2.40
2010.09.29 23:15:58.991,0.9459,0.9462,1.00,2.40
2010.09.29 23:15:59.201,0.94585,0.9462,1.00,2.40
2010.09.29 23:16:00.091,0.9458,0.9461,1.00,2.40
2010.09.29 23:16:01.188,0.94575,0.9461,1.00,2.40
2010.09.29 23:16:01.339,0.94575,0.9461,1.00,2.40
2010.09.29 23:16:02.893,0.9458,0.9461,1.00,2.40
2010.09.29 23:16:07.919,0.94585,0.9461,1.00,2.40
2010.09.29 23:16:08.189,0.9459,0.9461,1.00,2.40
2010.09.29 23:16:09.011,0.94585,0.9461,1.00,2.40
2010.09.29 23:16:09.177,0.9458,0.9462,1.00,2.40
2010.09.29 23:16:09.341,0.94585,0.9461,1.00,2.40
2010.09.29 23:16:11.389,0.9458,0.9461,1.00,2.40
2010.09.29 23:16:14.099,0.94585,0.9461,1.00,2.40
2010.09.29 23:16:20.144,0.9458,0.9461,1.00,2.40
2010.09.29 23:16:30.099,0.94585,0.9461,1.00,2.40
2010.09.29 23:16:31.050,0.9458,0.9461,1.00,2.40
2010.09.29 23:16:34.890,0.94585,0.9461,1.00,2.40
2010.09.29 23:16:35.034,0.9458,0.9461,1.00,2.40
2010.09.29 23:16:36.371,0.9458,0.9461,1.00,2.40
2010.09.29 23:16:37.331,0.9458,0.9461,1.00,2.40
2010.09.29 23:16:47.879,0.94585,0.9461,1.00,2.40
2010.09.29 23:16:49.310,0.94585,0.9461,1.00,2.40
2010.09.29 23:16:49.779,0.9458,0.9461,1.00,2.40
2010.09.29 23:16:49.878,0.9458,0.9461,1.00,2.40
2010.09.29 23:16:51.310,0.9458,0.9461,1.00,2.40
2010.09.29 23:16:58.841,0.94585,0.9461,1.00,2.40
2010.09.29 23:17:01.549,0.9458,0.9461,1.00,2.40
2010.09.29 23:17:05.946,0.9458,0.9461,1.00,2.40
2010.09.29 23:17:08.508,0.94585,0.9461,1.00,2.40
2010.09.29 23:17:12.348,0.94585,0.9461,1.00,2.40
2010.09.29 23:17:14.621,0.9458,0.9461,1.00,2.40
2010.09.29 23:17:14.709,0.9458,0.9462,2.40,2.40
2010.09.29 23:17:15.511,0.9459,0.9462,1.00,2.40
2010.09.29 23:17:15.801,0.94585,0.9462,1.00,2.40
2010.09.29 23:17:16.372,0.9459,0.9462,1.00,2.40
2010.09.29 23:17:17.705,0.94585,0.9462,1.00,2.40
2010.09.29 23:17:20.907,0.94585,0.9462,1.00,2.40
2010.09.29 23:17:22.513,0.94585,0.9462,1.00,2.40
2010.09.29 23:17:23.189,0.94585,0.9462,1.00,2.40
2010.09.29 23:17:24.713,0.94585,0.9462,1.00,3.20
2010.09.29 23:17:25.414,0.94585,0.9461,1.00,2.40
2010.09.29 23:17:32.432,0.9458,0.9461,1.00,2.40
2010.09.29 23:17:36.685,0.94585,0.9461,1.00,2.40
2010.09.29 23:17:39.438,0.94585,0.9461,1.00,2.40
2010.09.29 23:17:41.978,0.9458,0.9461,1.00,2.40
2010.09.29 23:17:53.151,0.94585,0.9461,1.00,2.40
2010.09.29 23:17:53.787,0.94585,0.946,1.00,2.40
2010.09.29 23:17:54.092,0.9458,0.9461,1.00,2.40
2010.09.29 23:17:54.400,0.94585,0.9461,1.00,2.40
2010.09.29 23:17:58.225,0.9459,0.9461,1.00,2.40
2010.09.29 23:17:58.361,0.9458,0.9461,1.00,2.40
2010.09.29 23:17:58.960,0.9458,0.9462,1.00,11.40
2010.09.29 23:17:59.236,0.94585,0.9461,1.00,2.40
2010.09.29 23:18:01.280,0.9458,0.9461,1.00,2.40
2010.09.29 23:18:13.483,0.94585,0.9461,1.00,2.40
2010.09.29 23:18:24.759,0.9458,0.9461,1.00,2.40
2010.09.29 23:18:33.191,0.9458,0.9461,1.00,2.40
2010.09.29 23:18:35.019,0.94585,0.9461,1.00,2.40
2010.09.29 23:18:38.279,0.94585,0.9461,1.00,2.40
2010.09.29 23:18:38.999,0.94585,0.9462,1.00,2.40
2010.09.29 23:18:40.019,0.9459,0.9462,1.00,2.40
2010.09.29 23:18:41.406,0.94585,0.9462,1.00,2.40
2010.09.29 23:18:43.139,0.94585,0.9462,1.00,2.50
2010.09.29 23:18:48.057,0.94585,0.9462,1.00,2.40
2010.09.29 23:18:50.629,0.9459,0.9462,1.00,2.40
2010.09.29 23:19:01.804,0.94595,0.9462,1.00,2.40
2010.09.29 23:19:05.280,0.9459,0.9462,1.00,2.40
2010.09.29 23:19:05.412,0.9459,0.9462,1.00,2.40
2010.09.29 23:19:06.131,0.9459,0.9462,1.00,2.40
2010.09.29 23:19:07.150,0.94585,0.9461,1.00,2.40
2010.09.29 23:19:07.719,0.94585,0.9461,1.00,2.40
2010.09.29 23:19:08.759,0.9459,0.9461,1.00,2.40
2010.09.29 23:19:10.240,0.9459,0.9462,1.00,2.40
2010.09.29 23:19:10.339,0.94595,0.9462,1.00,2.40
2010.09.29 23:19:11.121,0.9459,0.9462,1.00,2.40
2010.09.29 23:19:12.083,0.94595,0.9462,1.00,2.40
2010.09.29 23:19:17.339,0.9459,0.9462,1.00,2.40
2010.09.29 23:19:17.530,0.94585,0.9462,1.00,2.40
2010.09.29 23:19:18.090,0.9459,0.9462,1.00,2.40
2010.09.29 23:19:19.090,0.9459,0.9462,1.00,2.40
2010.09.29 23:19:19.998,0.9459,0.9462,1.00,2.40
2010.09.29 23:19:20.569,0.94585,0.9462,1.00,3.20
2010.09.29 23:19:21.219,0.94585,0.9461,1.00,2.40
2010.09.29 23:19:21.331,0.94585,0.9461,1.00,2.40
2010.09.29 23:19:22.440,0.9458,0.9461,1.00,2.40
2010.09.29 23:19:23.419,0.9458,0.9461,1.00,2.40
2010.09.29 23:19:23.860,0.94585,0.9461,1.00,2.40
2010.09.29 23:19:24.248,0.9458,0.9461,1.00,2.40
2010.09.29 23:19:36.040,0.94575,0.9461,1.00,2.40
2010.09.29 23:19:45.539,0.94575,0.9461,1.00,2.40
2010.09.29 23:19:45.939,0.94575,0.9461,1.00,2.40
2010.09.29 23:19:50.162,0.9457,0.9461,4.00,2.40
2010.09.29 23:19:52.656,0.94575,0.9461,1.00,2.50
2010.09.29 23:19:53.180,0.94575,0.9461,1.00,2.40
2010.09.29 23:19:54.959,0.94575,0.946,1.00,2.40
2010.09.29 23:19:55.894,0.94575,0.946,1.00,2.40
2010.09.29 23:20:05.267,0.94575,0.946,1.00,2.40
2010.09.29 23:20:05.991,0.94575,0.9461,1.00,2.80
2010.09.29 23:20:06.182,0.9458,0.9461,1.00,2.80
2010.09.29 23:20:08.775,0.9458,0.9461,1.00,2.40
2010.09.29 23:20:12.210,0.94575,0.9461,1.00,2.50
2010.09.29 23:20:15.722,0.9457,0.9461,4.10,2.50
2010.09.29 23:20:16.048,0.9457,0.9461,2.50,2.50
2010.09.29 23:20:16.290,0.9457,0.9461,1.00,2.50
2010.09.29 23:20:16.450,0.94565,0.94605,1.60,1.00
2010.09.29 23:20:16.529,0.9457,0.94605,1.00,1.00
2010.09.29 23:20:16.689,0.9457,0.94605,1.00,1.00
2010.09.29 23:20:19.941,0.9457,0.9461,1.00,3.90
2010.09.29 23:20:20.704,0.9457,0.946,1.00,2.40
2010.09.29 23:20:21.569,0.9457,0.946,1.00,2.40
2010.09.29 23:20:23.859,0.94565,0.946,1.00,2.40
2010.09.29 23:20:26.265,0.9456,0.946,4.10,2.50
2010.09.29 23:20:27.228,0.94565,0.946,1.00,2.40
2010.09.29 23:20:29.890,0.94565,0.946,1.00,2.40
2010.09.29 23:20:31.052,0.9457,0.946,1.60,2.40
2010.09.29 23:20:31.232,0.9457,0.946,1.00,2.40
2010.09.29 23:20:31.469,0.9457,0.946,1.00,2.40
2010.09.29 23:20:31.948,0.94565,0.946,1.00,2.40
2010.09.29 23:20:32.959,0.9457,0.946,1.00,2.40
2010.09.29 23:20:34.318,0.94575,0.946,1.00,2.40
2010.09.29 23:20:34.538,0.94575,0.9461,1.00,2.60
2010.09.29 23:20:35.911,0.9457,0.9461,1.00,2.70
2010.09.29 23:20:36.203,0.9457,0.9461,1.00,2.60
2010.09.29 23:20:41.576,0.9457,0.9461,1.00,2.40
2010.09.29 23:20:42.220,0.9457,0.9461,4.00,2.40
2010.09.29 23:20:42.888,0.94575,0.9461,1.00,2.40
2010.09.29 23:20:44.801,0.94575,0.9462,1.00,2.40
2010.09.29 23:20:44.989,0.9458,0.9462,1.00,2.40
2010.09.29 23:20:45.183,0.9458,0.9462,8.00,2.40
2010.09.29 23:20:45.910,0.9458,0.9462,4.00,2.40
2010.09.29 23:20:46.170,0.94575,0.9462,4.10,2.40
2010.09.29 23:20:46.950,0.94575,0.9461,1.00,2.40
2010.09.29 23:20:47.707,0.94575,0.9461,1.00,3.40
2010.09.29 23:20:47.940,0.94575,0.9461,1.00,3.40
2010.09.29 23:20:48.339,0.9457,0.9461,1.00,3.40
2010.09.29 23:20:48.938,0.94575,0.9461,1.00,3.40
2010.09.29 23:20:50.507,0.94575,0.9461,1.00,3.20
2010.09.29 23:20:51.308,0.94575,0.9461,1.00,2.40
2010.09.29 23:20:52.949,0.9458,0.9461,1.00,2.40
2010.09.29 23:21:00.399,0.94575,0.9461,1.00,2.40
2010.09.29 23:21:00.599,0.9458,0.9461,1.00,2.40
2010.09.29 23:21:01.442,0.94575,0.9461,1.00,2.40
2010.09.29 23:21:01.588,0.9458,0.9461,1.00,2.40
2010.09.29 23:21:01.858,0.9458,0.9462,1.00,11.60
2010.09.29 23:21:02.128,0.9458,0.9462,1.00,3.20
2010.09.29 23:21:03.558,0.9458,0.9462,1.00,2.40
2010.09.29 23:21:03.918,0.94575,0.94615,1.00,1.00
2010.09.29 23:21:04.201,0.9458,0.9462,1.00,2.40
2010.09.29 23:21:08.528,0.94575,0.9462,1.00,3.20
2010.09.29 23:21:09.199,0.94575,0.9461,1.00,2.40
2010.09.29 23:21:09.711,0.94575,0.9461,1.00,2.40
2010.09.29 23:21:10.298,0.9458,0.9461,1.00,2.40
2010.09.29 23:21:10.718,0.94575,0.9461,1.00,2.40
2010.09.29 23:21:11.259,0.9458,0.9461,1.00,2.40
2010.09.29 23:21:11.657,0.94575,0.9461,1.00,2.40
2010.09.29 23:21:12.343,0.9458,0.9461,1.00,2.40
2010.09.29 23:21:12.668,0.94575,0.9461,1.00,2.40
2010.09.29 23:21:13.885,0.94575,0.9461,1.00,3.20
2010.09.29 23:21:15.780,0.94575,0.9461,1.00,3.20
2010.09.29 23:21:16.392,0.94565,0.94605,1.00,1.00
2010.09.29 23:21:16.518,0.94565,0.94605,1.00,1.00
2010.09.29 23:21:16.639,0.94565,0.946,1.00,2.40
2010.09.29 23:21:18.039,0.94565,0.946,1.00,2.40
2010.09.29 23:21:19.510,0.9457,0.946,1.00,2.40
2010.09.29 23:21:19.688,0.9457,0.9461,1.00,3.20
2010.09.29 23:21:20.570,0.94575,0.9461,1.00,3.20
2010.09.29 23:21:21.683,0.94575,0.9461,1.00,3.20
2010.09.29 23:21:22.538,0.94575,0.9461,1.00,7.20
2010.09.29 23:21:24.663,0.9458,0.9461,1.00,6.40
2010.09.29 23:21:25.952,0.9458,0.9461,1.00,6.40
2010.09.29 23:21:27.719,0.9458,0.9461,1.00,2.40
2010.09.29 23:21:39.998,0.94575,0.9461,1.00,2.40
2010.09.29 23:21:40.178,0.94575,0.9461,1.60,2.40
2010.09.29 23:21:41.231,0.9458,0.9461,1.00,2.40
2010.09.29 23:21:45.612,0.94575,0.9461,1.00,2.40
2010.09.29 23:21:47.533,0.94575,0.946,1.00,2.40
2010.09.29 23:21:47.829,0.9457,0.946,1.00,2.40
2010.09.29 23:21:51.108,0.9457,0.9461,2.50,3.20
2010.09.29 23:21:51.200,0.94575,0.9461,1.00,2.40
2010.09.29 23:21:51.299,0.9458,0.9461,1.00,2.40
2010.09.29 23:21:51.698,0.94575,0.9461,1.00,2.40
2010.09.29 23:21:53.618,0.9458,0.9461,1.00,2.40
2010.09.29 23:22:24.729,0.94585,0.9461,1.00,2.40
2010.09.29 23:22:39.978,0.9458,0.9461,1.00,2.40
2010.09.29 23:22:41.952,0.9458,0.9461,1.00,2.40
2010.09.29 23:22:42.048,0.9458,0.9462,1.00,11.40
2010.09.29 23:22:42.148,0.94585,0.9462,1.00,11.40
2010.09.29 23:22:42.247,0.94585,0.9462,1.00,10.60
2010.09.29 23:22:42.348,0.94585,0.9462,1.00,2.60
2010.09.29 23:22:43.671,0.9459,0.9462,1.00,2.40
2010.09.29 23:22:44.882,0.94595,0.9462,1.00,2.40
2010.09.29 23:22:45.938,0.9459,0.9462,1.00,2.40
2010.09.29 23:22:47.538,0.9459,0.9462,1.00,2.40
2010.09.29 23:22:48.288,0.9459,0.9462,1.00,2.40
2010.09.29 23:22:48.408,0.9459,0.94625,1.00,8.00
2010.09.29 23:22:48.620,0.9459,0.9462,1.00,2.40
2010.09.29 23:22:49.189,0.94585,0.9462,1.00,2.40
2010.09.29 23:22:49.400,0.94585,0.9463,1.00,11.90
2010.09.29 23:22:49.688,0.9459,0.9463,1.00,11.80
2010.09.29 23:22:55.065,0.94595,0.9463,1.00,11.80
2010.09.29 23:22:55.204,0.94595,0.9463,1.00,11.00
2010.09.29 23:22:55.789,0.9459,0.9463,1.00,4.60
2010.09.29 23:22:55.983,0.94595,0.94635,1.00,8.80
2010.09.29 23:22:56.175,0.94595,0.9463,1.00,2.40
2010.09.29 23:22:56.559,0.9459,0.94635,1.00,8.40
2010.09.29 23:22:57.110,0.9459,0.94635,1.00,8.00
2010.09.29 23:22:57.299,0.9459,0.9464,1.00,11.80
2010.09.29 23:22:58.134,0.94595,0.9464,1.00,11.90
2010.09.29 23:22:58.321,0.94595,0.9464,1.00,11.80
2010.09.29 23:22:58.501,0.946,0.9464,1.00,11.80
2010.09.29 23:23:00.468,0.946,0.94635,1.00,1.00
2010.09.29 23:23:00.609,0.946,0.94635,1.00,9.20
2010.09.29 23:23:00.749,0.946,0.9463,1.00,2.40
2010.09.29 23:23:01.938,0.946,0.9463,1.00,2.40
2010.09.29 23:23:07.278,0.94595,0.9463,1.00,2.40
2010.09.29 23:23:08.428,0.94605,0.9463,1.00,2.40
2010.09.29 23:23:09.508,0.94605,0.9463,1.00,2.40
2010.09.29 23:23:09.584,0.9461,0.9465,1.00,7.80
2010.09.29 23:23:09.659,0.9461,0.9465,1.00,3.80
2010.09.29 23:23:09.739,0.9461,0.9465,1.00,7.80
2010.09.29 23:23:09.810,0.9461,0.9465,1.00,11.80
2010.09.29 23:23:09.959,0.9461,0.9465,1.00,12.20
2010.09.29 23:23:10.160,0.94605,0.9464,1.00,2.40
2010.09.29 23:23:11.954,0.9461,0.9464,1.00,2.40
2010.09.29 23:23:12.828,0.9461,0.9464,1.00,2.40
2010.09.29 23:23:15.049,0.94605,0.9464,1.00,2.40
2010.09.29 23:23:15.200,0.9461,0.94645,1.00,1.20
2010.09.29 23:23:15.349,0.9461,0.9464,1.00,2.40
2010.09.29 23:23:15.498,0.9461,0.94645,1.00,1.00
2010.09.29 23:23:15.629,0.9461,0.94645,1.00,8.40
2010.09.29 23:23:15.759,0.9461,0.9465,1.00,11.80
2010.09.29 23:23:16.623,0.94605,0.9465,1.00,11.80
2010.09.29 23:23:18.889,0.9461,0.9465,1.00,11.80
2010.09.29 23:23:20.129,0.94605,0.9465,1.00,11.80
2010.09.29 23:23:20.239,0.9461,0.9465,1.00,11.80
2010.09.29 23:23:21.191,0.9461,0.9464,1.00,2.40
2010.09.29 23:23:21.535,0.94615,0.9464,1.00,2.40
2010.09.29 23:23:22.445,0.94605,0.9464,1.00,2.40
2010.09.29 23:23:22.785,0.9461,0.9464,1.00,2.40
2010.09.29 23:23:24.270,0.94615,0.9464,1.00,2.40
2010.09.29 23:23:29.919,0.94615,0.9464,1.00,2.40
2010.09.29 23:23:30.079,0.94615,0.9464,1.00,2.40
2010.09.29 23:23:35.504,0.94615,0.9464,1.00,2.40
2010.09.29 23:23:40.173,0.9462,0.9464,1.00,2.40
2010.09.29 23:23:43.457,0.94615,0.9464,1.00,2.40
2010.09.29 23:23:44.527,0.94615,0.9464,1.00,2.40
2010.09.29 23:23:52.823,0.9462,0.9464,1.00,2.40
2010.09.29 23:23:53.581,0.94615,0.9464,1.00,2.40
2010.09.29 23:24:04.339,0.9461,0.9464,1.00,2.40
2010.09.29 23:24:05.198,0.94615,0.9464,1.00,2.40
2010.09.29 23:24:11.872,0.9462,0.9464,1.00,2.40
2010.09.29 23:24:11.985,0.94615,0.9464,1.00,2.40
2010.09.29 23:24:12.076,0.94615,0.9465,1.00,11.80
2010.09.29 23:24:13.210,0.94615,0.9465,1.00,11.80
2010.09.29 23:24:14.450,0.94615,0.9465,1.00,11.80
2010.09.29 23:24:15.240,0.94605,0.94635,1.00,1.00
2010.09.29 23:24:15.342,0.946,0.9463,1.00,2.40
2010.09.29 23:24:15.769,0.946,0.9463,1.00,2.40
2010.09.29 23:24:15.999,0.946,0.9463,1.00,3.20
2010.09.29 23:24:16.100,0.946,0.9463,1.00,11.20
2010.09.29 23:24:17.780,0.946,0.9463,1.00,11.20
2010.09.29 23:24:20.885,0.946,0.9463,1.00,10.40
2010.09.29 23:24:21.561,0.946,0.9463,1.00,2.40
2010.09.29 23:24:21.959,0.94605,0.9463,1.00,2.40
2010.09.29 23:24:30.501,0.946,0.9463,1.00,2.40
2010.09.29 23:24:31.217,0.946,0.9463,1.00,2.40
2010.09.29 23:24:31.374,0.946,0.9462,1.00,2.40
2010.09.29 23:24:31.713,0.946,0.9463,1.00,2.40
2010.09.29 23:24:32.343,0.946,0.9464,1.00,11.00
2010.09.29 23:24:32.687,0.94605,0.9464,1.00,2.40
2010.09.29 23:24:34.414,0.94595,0.9463,1.00,2.40
2010.09.29 23:24:34.741,0.946,0.9463,1.00,2.40
2010.09.29 23:24:36.079,0.946,0.9463,1.00,2.40
2010.09.29 23:24:38.663,0.94595,0.9463,1.00,2.40
2010.09.29 23:24:39.874,0.946,0.9463,1.00,2.40
2010.09.29 23:24:45.122,0.94595,0.9462,1.00,2.40
2010.09.29 23:24:46.460,0.9459,0.9462,1.00,2.40
2010.09.29 23:24:47.079,0.94595,0.9462,1.00,2.40
2010.09.29 23:24:48.779,0.946,0.9462,1.00,2.40
2010.09.29 23:24:48.900,0.946,0.9463,1.00,6.40
2010.09.29 23:24:49.139,0.946,0.9463,1.00,2.40
2010.09.29 23:24:49.864,0.94595,0.9463,1.00,2.40
2010.09.29 23:24:50.502,0.9459,0.9463,2.40,2.40
2010.09.29 23:24:50.711,0.9458,0.9463,4.00,2.40
2010.09.29 23:24:51.579,0.9458,0.9463,4.00,2.50
2010.09.29 23:24:52.980,0.9458,0.9463,4.00,2.40
2010.09.29 23:24:53.129,0.9458,0.9463,2.40,2.40
2010.09.29 23:24:53.270,0.94575,0.9463,1.00,12.00
2010.09.29 23:24:53.994,0.9458,0.9463,4.00,2.40
2010.09.29 23:24:54.775,0.9458,0.9463,4.00,2.50
2010.09.29 23:24:54.919,0.9458,0.9463,4.00,2.40
2010.09.29 23:24:57.040,0.9458,0.9463,4.00,2.40
2010.09.29 23:24:57.919,0.9458,0.9463,4.00,2.50
2010.09.29 23:25:00.455,0.9458,0.9463,4.10,2.40
2010.09.29 23:25:01.412,0.94585,0.9463,1.00,2.40
2010.09.29 23:25:15.677,0.9458,0.9463,4.10,2.40
2010.09.29 23:25:15.711,0.9458,0.9463,4.90,2.40
2010.09.29 23:25:15.799,0.9458,0.94635,4.90,4.80
2010.09.29 23:25:15.858,0.9458,0.94635,4.90,4.00
2010.09.29 23:25:15.891,0.9458,0.9464,4.90,12.30
2010.09.29 23:25:15.920,0.94585,0.9464,1.00,11.50
2010.09.29 23:25:16.012,0.94585,0.9464,1.00,11.40
2010.09.29 23:25:16.078,0.94585,0.9464,1.00,10.60
2010.09.29 23:25:16.113,0.94585,0.9464,1.00,11.40
2010.09.29 23:25:16.132,0.94585,0.9464,1.00,9.00
2010.09.29 23:25:16.722,0.94585,0.9464,1.00,3.40
2010.09.29 23:25:16.954,0.9458,0.9463,4.10,2.40
2010.09.29 23:25:17.412,0.94585,0.9463,1.00,2.40
2010.09.29 23:25:17.662,0.9458,0.9463,4.10,2.40
2010.09.29 23:25:18.995,0.9458,0.9463,4.00,2.40
2010.09.29 23:25:19.644,0.9458,0.9463,4.00,2.40
2010.09.29 23:25:19.879,0.9458,0.94635,1.60,9.00
2010.09.29 23:25:19.950,0.94575,0.94635,2.40,8.20
2010.09.29 23:25:20.098,0.9458,0.94635,4.00,8.20
2010.09.29 23:25:20.409,0.9458,0.94635,4.00,4.20
2010.09.29 23:25:20.521,0.9458,0.94635,4.00,1.00
2010.09.29 23:25:21.118,0.9458,0.9464,4.00,12.60
2010.09.29 23:25:21.840,0.9458,0.9464,4.00,12.60
2010.09.29 23:25:22.934,0.94585,0.9464,1.00,12.70
2010.09.29 23:25:33.690,0.94585,0.9464,1.00,12.60
2010.09.29 23:25:34.650,0.94585,0.9464,1.00,12.60
2010.09.29 23:25:39.069,0.94585,0.9464,1.00,9.40
2010.09.29 23:25:39.249,0.94585,0.9464,1.00,12.60
2010.09.29 23:25:41.075,0.94585,0.94635,1.00,1.00
2010.09.29 23:25:41.093,0.9458,0.94635,4.10,1.00
2010.09.29 23:25:41.112,0.9458,0.9463,4.10,2.40
2010.09.29 23:25:42.215,0.94575,0.9463,1.00,3.40
2010.09.29 23:25:42.531,0.94575,0.9463,1.00,12.20
2010.09.29 23:25:43.159,0.94575,0.9463,1.00,12.20
2010.09.29 23:25:45.469,0.9457,0.94625,4.00,1.00
2010.09.29 23:25:45.598,0.9457,0.94625,4.00,1.00
2010.09.29 23:25:45.730,0.9457,0.9462,4.00,2.40
2010.09.29 23:25:46.739,0.9457,0.9462,4.00,3.40
2010.09.29 23:25:46.850,0.9457,0.9462,1.60,3.40
2010.09.29 23:25:46.959,0.9457,0.9462,1.60,12.20
2010.09.29 23:25:47.179,0.9457,0.9462,1.60,12.20
2010.09.29 23:25:47.510,0.9457,0.94615,1.60,4.00
2010.09.29 23:25:49.039,0.9456,0.94615,4.00,4.00
2010.09.29 23:25:49.260,0.94565,0.94615,1.00,4.00
2010.09.29 23:25:49.519,0.94565,0.9462,1.00,12.30
2010.09.29 23:25:51.959,0.9456,0.94615,4.10,1.00
2010.09.29 23:25:52.199,0.9456,0.9461,4.10,2.40
2010.09.29 23:25:53.559,0.9456,0.9461,4.00,2.40
2010.09.29 23:25:54.301,0.94565,0.9462,1.00,1.00
2010.09.29 23:25:54.510,0.94565,0.94625,1.00,10.70
2010.09.29 23:25:56.523,0.9457,0.94625,2.40,10.70
2010.09.29 23:25:56.663,0.9457,0.94625,4.00,1.00
2010.09.29 23:25:57.150,0.9457,0.9463,4.00,12.20
2010.09.29 23:25:57.200,0.94575,0.9463,1.00,12.20
2010.09.29 23:25:58.691,0.9458,0.9463,1.00,10.60
2010.09.29 23:25:58.812,0.9458,0.9463,1.00,1.00
2010.09.29 23:26:02.209,0.9458,0.94635,1.00,9.40
2010.09.29 23:26:08.009,0.94585,0.94635,1.00,8.60
2010.09.29 23:26:08.170,0.94585,0.94635,1.00,1.00
2010.09.29 23:26:08.262,0.9459,0.94635,2.40,1.00
2010.09.29 23:26:08.351,0.9459,0.9464,6.40,2.40
2010.09.29 23:26:09.293,0.9459,0.9464,4.00,2.40
2010.09.29 23:26:09.970,0.9459,0.9464,4.10,2.40
2010.09.29 23:26:10.973,0.9459,0.9464,4.00,2.40
2010.09.29 23:26:11.171,0.9459,0.9464,4.10,2.40
2010.09.29 23:26:11.280,0.9459,0.9464,2.50,2.40
2010.09.29 23:26:11.391,0.9459,0.9464,1.00,2.40
2010.09.29 23:26:11.500,0.94585,0.9463,8.10,2.40
2010.09.29 23:26:11.609,0.94585,0.9463,1.00,2.40
2010.09.29 23:26:12.340,0.94585,0.9463,1.00,2.40
2010.09.29 23:26:13.253,0.94585,0.9463,1.00,2.40
2010.09.29 23:26:13.399,0.94585,0.9464,1.00,11.00
2010.09.29 23:26:13.550,0.94585,0.9463,1.00,2.40
2010.09.29 23:26:15.290,0.94585,0.9463,1.00,2.40
2010.09.29 23:26:15.792,0.94585,0.9463,1.00,2.40
2010.09.29 23:26:18.399,0.9458,0.9463,4.00,2.40
2010.09.29 23:26:21.704,0.9459,0.9463,1.00,2.40
2010.09.29 23:26:21.800,0.9459,0.9464,2.40,11.40
2010.09.29 23:26:21.870,0.9459,0.9464,4.00,7.40
2010.09.29 23:26:21.910,0.9459,0.9464,4.00,6.60
2010.09.29 23:26:21.941,0.9459,0.9464,4.00,2.60
2010.09.29 23:26:22.039,0.9459,0.9464,4.00,2.40
2010.09.29 23:26:23.051,0.94585,0.9464,10.60,2.40
2010.09.29 23:26:23.345,0.94585,0.9464,1.00,2.40
2010.09.29 23:26:23.631,0.94585,0.9464,1.00,3.40
2010.09.29 23:26:23.920,0.94585,0.9463,1.00,2.40
2010.09.29 23:26:25.882,0.94585,0.9463,1.00,2.40
2010.09.29 23:26:27.744,0.9458,0.9463,4.10,2.40
2010.09.29 23:26:31.470,0.94585,0.9463,1.00,2.40
2010.09.29 23:26:36.624,0.9459,0.9463,1.00,2.40
2010.09.29 23:26:36.741,0.9459,0.9463,1.00,2.40
2010.09.29 23:26:39.446,0.9459,0.9463,1.00,2.40
2010.09.29 23:26:39.923,0.94585,0.9463,1.00,2.40
2010.09.29 23:26:41.669,0.9459,0.9463,1.00,2.40
2010.09.29 23:26:44.122,0.94585,0.9463,1.00,2.40
2010.09.29 23:26:44.470,0.9459,0.9463,1.00,2.40
2010.09.29 23:26:47.350,0.9459,0.9464,2.40,2.60
2010.09.29 23:26:49.171,0.94595,0.9464,1.00,2.60
2010.09.29 23:26:49.510,0.9459,0.9464,2.40,2.60
2010.09.29 23:26:54.823,0.94595,0.9464,1.00,2.60
2010.09.29 23:26:59.612,0.9459,0.9464,2.40,2.60
2010.09.29 23:26:59.700,0.9459,0.9464,2.40,2.60
2010.09.29 23:27:01.122,0.94595,0.9464,1.00,2.60
2010.09.29 23:27:12.461,0.94595,0.9464,1.00,2.40
2010.09.29 23:27:12.481,0.9459,0.9464,2.40,2.40
2010.09.29 23:27:12.589,0.9459,0.9464,4.00,2.40
2010.09.29 23:27:12.810,0.9459,0.9464,2.40,2.40
2010.09.29 23:27:13.920,0.94595,0.9464,1.00,2.40
2010.09.29 23:27:15.720,0.9459,0.9464,4.00,2.40
2010.09.29 23:27:19.749,0.9459,0.9464,2.40,2.40
2010.09.29 23:27:20.897,0.94595,0.9464,1.00,2.40
2010.09.29 23:27:21.060,0.946,0.94645,2.40,1.60
2010.09.29 23:27:21.219,0.946,0.9465,4.00,3.40
2010.09.29 23:27:22.556,0.946,0.9465,4.00,3.40
2010.09.29 23:27:23.289,0.946,0.9465,4.00,3.40
2010.09.29 23:27:23.454,0.94595,0.9464,1.00,2.40
2010.09.29 23:27:27.012,0.9459,0.9464,4.00,2.40
2010.09.29 23:27:28.189,0.9459,0.9464,4.10,2.40
2010.09.29 23:27:32.179,0.94595,0.9464,1.00,2.40
2010.09.29 23:27:34.069,0.9459,0.9464,4.10,2.40
2010.09.29 23:27:34.492,0.94595,0.9464,1.00,2.40
2010.09.29 23:27:36.699,0.9459,0.9464,4.10,2.40
2010.09.29 23:27:36.939,0.94595,0.9464,1.00,2.40
2010.09.29 23:27:37.930,0.946,0.9464,1.00,2.40
2010.09.29 23:27:38.180,0.946,0.9464,1.00,2.40
2010.09.29 23:27:46.821,0.94595,0.9464,1.00,2.40
2010.09.29 23:27:46.921,0.9459,0.9464,8.00,2.40
2010.09.29 23:27:47.020,0.94595,0.9464,4.00,2.40
2010.09.29 23:27:49.580,0.946,0.9464,2.40,2.40
2010.09.29 23:27:51.176,0.946,0.9464,2.50,2.40
2010.09.29 23:27:51.953,0.94605,0.9464,1.00,2.40
2010.09.29 23:27:53.799,0.9461,0.9464,1.00,2.40
2010.09.29 23:28:19.085,0.94605,0.9464,1.00,2.40
2010.09.29 23:28:26.234,0.9461,0.9464,1.00,2.40
2010.09.29 23:28:26.301,0.94605,0.9464,1.00,2.40
2010.09.29 23:28:26.373,0.946,0.9464,1.00,2.40
2010.09.29 23:28:27.643,0.94605,0.9464,1.00,2.40
2010.09.29 23:28:39.771,0.946,0.9464,1.00,2.40
2010.09.29 23:28:41.040,0.94595,0.9464,1.00,2.50
2010.09.29 23:28:41.812,0.946,0.9464,1.00,2.40
2010.09.29 23:28:42.209,0.94605,0.9464,1.00,2.40
2010.09.29 23:28:49.722,0.946,0.94645,2.50,1.00
2010.09.29 23:28:50.472,0.94605,0.94645,1.00,1.00
2010.09.29 23:29:00.040,0.94605,0.9464,1.00,2.40
2010.09.29 23:29:02.910,0.94605,0.9464,1.00,2.40
2010.09.29 23:29:09.651,0.9461,0.9464,1.00,2.40
2010.09.29 23:29:09.879,0.9461,0.9464,1.00,2.40
2010.09.29 23:29:30.290,0.94605,0.9464,1.00,2.40
2010.09.29 23:29:30.351,0.9461,0.9464,1.00,2.40
2010.09.29 23:29:32.119,0.94605,0.9464,1.00,2.40
2010.09.29 23:29:33.311,0.9461,0.9464,1.00,2.40
2010.09.29 23:29:54.433,0.94605,0.9464,1.00,2.40
2010.09.29 23:30:03.490,0.9461,0.9464,1.00,2.40
2010.09.29 23:30:03.580,0.9461,0.94645,2.50,8.00
2010.09.29 23:30:03.670,0.9461,0.9465,2.50,2.60
2010.09.29 23:30:04.445,0.9461,0.9465,4.10,2.60
2010.09.29 23:30:04.630,0.94615,0.9465,1.00,2.60
2010.09.29 23:30:06.854,0.9461,0.9465,1.00,2.60
2010.09.29 23:30:07.059,0.9461,0.9465,2.50,2.60
2010.09.29 23:30:07.159,0.9461,0.9465,2.50,10.60
2010.09.29 23:30:07.261,0.9461,0.9465,2.40,10.60
2010.09.29 23:30:07.370,0.94605,0.9464,1.00,2.40
2010.09.29 23:30:07.481,0.94605,0.9464,1.00,2.40
2010.09.29 23:30:07.880,0.9461,0.9464,1.00,2.40
2010.09.29 23:30:09.030,0.9461,0.9464,1.00,2.40
2010.09.29 23:30:09.270,0.9461,0.9465,1.00,10.60
2010.09.29 23:30:09.510,0.9461,0.9465,1.00,10.40
2010.09.29 23:30:09.631,0.9461,0.9465,2.50,6.40
2010.09.29 23:30:09.750,0.9461,0.9465,2.50,2.40
2010.09.29 23:30:10.259,0.9461,0.9465,4.10,2.40
2010.09.29 23:30:11.441,0.94615,0.9465,1.00,2.40
2010.09.29 23:30:11.904,0.9462,0.9465,1.00,2.40
2010.09.29 23:30:13.172,0.9462,0.9465,1.00,4.00
2010.09.29 23:30:14.007,0.9462,0.94645,1.00,1.60
2010.09.29 23:30:16.019,0.9462,0.9465,1.00,2.40
2010.09.29 23:30:18.684,0.94615,0.9465,1.00,2.40
2010.09.29 23:30:24.000,0.9462,0.9465,1.00,2.40
2010.09.29 23:30:39.433,0.94615,0.9465,1.00,2.40
2010.09.29 23:30:44.951,0.9461,0.9465,4.10,2.40
2010.09.29 23:30:45.050,0.9461,0.9465,1.70,2.60
2010.09.29 23:30:45.150,0.9461,0.9465,1.00,2.60
2010.09.29 23:30:46.041,0.9461,0.9465,1.00,2.60
2010.09.29 23:30:46.701,0.9461,0.9464,1.00,2.40
2010.09.29 23:30:48.831,0.9461,0.9464,1.00,2.40
2010.09.29 23:30:50.801,0.9461,0.9465,1.00,2.70
2010.09.29 23:30:51.200,0.9461,0.9465,1.00,2.60
2010.09.29 23:30:52.650,0.9461,0.9464,1.00,2.40
2010.09.29 23:30:53.971,0.9461,0.9464,1.00,2.40
2010.09.29 23:30:54.902,0.94605,0.9464,1.00,2.40
2010.09.29 23:30:58.433,0.9461,0.94645,4.00,1.60
2010.09.29 23:30:59.656,0.9461,0.94645,4.10,1.60
2010.09.29 23:31:00.021,0.9461,0.9464,1.00,2.40
2010.09.29 23:31:01.150,0.94605,0.9464,1.00,2.40
2010.09.29 23:31:01.231,0.94605,0.9465,1.00,2.60
2010.09.29 23:31:03.121,0.94605,0.9464,1.00,2.40
2010.09.29 23:31:03.978,0.9461,0.9465,1.00,2.60
2010.09.29 23:31:04.974,0.94605,0.9465,1.00,2.60
2010.09.29 23:31:07.708,0.9461,0.9465,1.60,2.60
2010.09.29 23:31:07.730,0.9461,0.9465,1.70,2.60
2010.09.29 23:31:07.771,0.9461,0.9465,1.70,2.40
2010.09.29 23:31:07.911,0.9461,0.9465,4.10,2.40
2010.09.29 23:31:08.181,0.94615,0.9465,1.00,2.40
2010.09.29 23:31:10.370,0.94615,0.9465,1.00,2.40
2010.09.29 23:31:10.490,0.94615,0.94645,1.00,1.60
2010.09.29 23:31:11.263,0.94615,0.94645,1.00,1.60
2010.09.29 23:31:11.593,0.9462,0.9465,1.70,2.40
2010.09.29 23:31:11.921,0.9462,0.94645,1.00,1.60
2010.09.29 23:31:13.051,0.94625,0.94645,1.00,1.60
2010.09.29 23:31:14.510,0.94625,0.94655,1.00,1.60
2010.09.29 23:31:14.801,0.9463,0.94655,1.00,1.60
2010.09.29 23:31:15.500,0.9463,0.94665,1.00,1.80
2010.09.29 23:31:16.793,0.94625,0.94665,1.00,1.60
2010.09.29 23:31:17.131,0.9463,0.94665,1.00,1.60
2010.09.29 23:31:18.550,0.94625,0.94665,1.00,1.60
2010.09.29 23:31:20.376,0.94625,0.94665,1.00,1.60
2010.09.29 23:31:20.600,0.94625,0.94665,1.00,1.70
2010.09.29 23:31:21.425,0.94625,0.94665,1.00,1.60
2010.09.29 23:31:21.559,0.94625,0.94665,1.00,1.60
2010.09.29 23:31:25.001,0.9463,0.94665,1.00,1.60
2010.09.29 23:31:28.939,0.9462,0.94665,2.50,1.70
2010.09.29 23:31:29.650,0.94625,0.94665,1.00,1.60
2010.09.29 23:31:29.929,0.94625,0.94665,1.00,1.70
2010.09.29 23:31:30.210,0.9463,0.94665,1.00,1.60
2010.09.29 23:31:31.274,0.9463,0.94665,2.40,1.60
2010.09.29 23:31:32.521,0.9463,0.94665,2.40,1.70
2010.09.29 23:31:33.550,0.9463,0.94665,2.40,1.60
2010.09.29 23:31:33.671,0.94625,0.9466,1.00,2.40
2010.09.29 23:31:34.551,0.9462,0.9466,4.10,2.40
2010.09.29 23:31:36.961,0.9462,0.9466,4.00,2.40
2010.09.29 23:31:37.841,0.94625,0.9466,1.00,2.40
2010.09.29 23:31:42.041,0.9462,0.9466,4.10,2.40
2010.09.29 23:31:42.693,0.94625,0.9466,1.00,2.40
2010.09.29 23:31:42.730,0.94625,0.9466,1.00,2.40
2010.09.29 23:31:43.823,0.9462,0.9466,4.00,2.40
2010.09.29 23:31:44.811,0.9462,0.9466,4.00,2.40
2010.09.29 23:31:45.140,0.94625,0.9466,1.00,2.40
2010.09.29 23:31:45.460,0.94625,0.9466,1.00,2.40
2010.09.29 23:31:45.781,0.9462,0.9466,4.10,2.40
2010.09.29 23:31:45.951,0.9462,0.9466,4.30,2.40
2010.09.29 23:31:46.691,0.9463,0.94665,2.40,9.60
2010.09.29 23:31:46.898,0.9463,0.94665,2.40,1.60
2010.09.29 23:31:47.114,0.9463,0.94665,2.40,1.60
2010.09.29 23:31:49.511,0.9463,0.94665,2.40,1.70
2010.09.29 23:31:50.470,0.9463,0.94665,2.40,1.60
2010.09.29 23:31:50.540,0.94625,0.9466,1.60,2.40
2010.09.29 23:31:50.731,0.94625,0.9466,1.00,2.40
2010.09.29 23:31:51.582,0.94625,0.9466,1.00,2.40
2010.09.29 23:31:53.170,0.94625,0.9466,1.00,2.40
2010.09.29 23:31:53.300,0.9462,0.9466,4.30,2.40
2010.09.29 23:31:53.907,0.9462,0.9466,4.20,2.40
2010.09.29 23:31:54.882,0.94625,0.9466,1.00,2.40
2010.09.29 23:31:57.468,0.9462,0.9466,4.20,2.40
2010.09.29 23:31:58.211,0.9462,0.9466,4.20,2.40
2010.09.29 23:32:01.821,0.94625,0.9466,1.00,2.40
2010.09.29 23:32:01.882,0.94625,0.9466,1.00,2.40
2010.09.29 23:32:36.540,0.94625,0.9466,1.00,2.40
2010.09.29 23:32:42.180,0.94625,0.9466,1.00,2.40
2010.09.29 23:32:42.779,0.9463,0.9466,1.00,2.40
2010.09.29 23:32:42.834,0.9464,0.94675,2.40,5.60
2010.09.29 23:32:47.392,0.9464,0.94675,2.40,6.40
2010.09.29 23:32:48.087,0.9464,0.94675,2.40,7.00
2010.09.29 23:32:48.153,0.94625,0.9467,1.00,10.40
2010.09.29 23:32:48.491,0.9463,0.9467,2.40,10.40
2010.09.29 23:32:48.661,0.94625,0.9467,1.00,6.40
2010.09.29 23:32:48.832,0.9463,0.9467,2.40,6.40
2010.09.29 23:32:49.001,0.94625,0.9467,1.60,10.40
2010.09.29 23:32:49.723,0.94625,0.9467,1.00,10.40
2010.09.29 23:32:50.066,0.9463,0.9467,2.40,6.40
2010.09.29 23:32:50.413,0.9463,0.9467,2.50,6.40
2010.09.29 23:32:50.561,0.9463,0.9467,2.50,2.40
2010.09.29 23:32:50.751,0.9463,0.9467,2.40,2.40
2010.09.29 23:32:50.971,0.9463,0.94665,2.40,1.60
2010.09.29 23:32:51.051,0.9463,0.9466,1.00,2.40
2010.09.29 23:32:52.132,0.94635,0.9467,1.60,2.40
2010.09.29 23:32:52.281,0.94635,0.9467,1.60,6.40
2010.09.29 23:32:52.481,0.9464,0.9467,2.40,4.00
2010.09.29 23:32:52.680,0.9464,0.9467,2.40,1.00
2010.09.29 23:32:54.273,0.9464,0.94675,2.40,1.60
2010.09.29 23:32:54.871,0.9464,0.94675,2.40,5.60
2010.09.29 23:32:55.000,0.9464,0.94675,2.40,5.70
2010.09.29 23:32:55.932,0.9464,0.94675,2.40,5.60
2010.09.29 23:32:56.292,0.9464,0.9467,2.40,1.00
2010.09.29 23:32:56.461,0.9464,0.94675,2.40,5.60
2010.09.29 23:32:56.522,0.9464,0.94675,2.60,5.60
2010.09.29 23:32:56.580,0.9465,0.94675,2.40,5.60
2010.09.29 23:32:57.193,0.9465,0.94685,2.40,1.00
2010.09.29 23:32:57.910,0.9465,0.9469,2.40,8.30
2010.09.29 23:32:58.130,0.9464,0.9469,4.30,8.30
2010.09.29 23:32:58.241,0.9464,0.9469,5.00,8.00
2010.09.29 23:32:58.471,0.9464,0.94685,4.20,4.00
2010.09.29 23:32:58.702,0.94645,0.94685,1.00,4.00
2010.09.29 23:32:59.483,0.9464,0.94685,4.20,4.00
2010.09.29 23:32:59.730,0.9464,0.94685,2.60,4.00
2010.09.29 23:33:00.350,0.9464,0.94685,2.40,4.00
2010.09.29 23:33:01.003,0.9464,0.94685,2.50,4.00
2010.09.29 23:33:14.168,0.9464,0.94685,2.40,4.00
2010.09.29 23:33:16.051,0.9464,0.94685,2.40,4.10
2010.09.29 23:33:19.653,0.9464,0.94685,2.40,4.00
2010.09.29 23:33:20.671,0.9464,0.9469,2.40,12.00
2010.09.29 23:33:25.393,0.9464,0.94685,2.40,4.00
2010.09.29 23:33:25.830,0.9464,0.94685,2.40,4.00
2010.09.29 23:33:25.941,0.9464,0.94685,2.40,4.00
2010.09.29 23:33:27.531,0.9464,0.9469,2.40,12.00
2010.09.29 23:33:32.483,0.9464,0.94685,2.40,4.00
2010.09.29 23:33:32.941,0.9464,0.94685,2.40,4.00
2010.09.29 23:33:34.369,0.9464,0.94685,2.40,4.00
2010.09.29 23:33:35.515,0.9464,0.94685,2.40,4.00
2010.09.29 23:33:35.680,0.9464,0.94685,2.40,4.10
2010.09.29 23:33:36.510,0.9464,0.94685,2.40,4.00
2010.09.29 23:33:37.010,0.9464,0.94685,2.40,4.00
2010.09.29 23:33:39.818,0.9464,0.9469,2.40,12.00
2010.09.29 23:33:45.430,0.9464,0.94685,2.40,1.00
2010.09.29 23:33:46.350,0.9464,0.9469,2.50,12.10
2010.09.29 23:33:53.596,0.9464,0.94685,2.40,1.00
2010.09.29 23:33:54.524,0.9464,0.94685,2.50,4.10
2010.09.29 23:33:55.113,0.9464,0.94685,2.40,4.10
2010.09.29 23:33:55.630,0.9464,0.94685,2.50,4.10
2010.09.29 23:33:57.140,0.9464,0.94685,2.50,4.00
2010.09.29 23:34:03.545,0.9464,0.94685,2.40,4.00
2010.09.29 23:34:04.382,0.9464,0.9469,2.40,12.00
2010.09.29 23:34:05.762,0.9464,0.94685,2.40,1.00
2010.09.29 23:34:06.961,0.9464,0.94685,2.40,1.00
2010.09.29 23:34:07.761,0.9464,0.94685,2.50,1.00
2010.09.29 23:34:08.022,0.9464,0.9468,2.40,2.40
2010.09.29 23:34:08.181,0.94635,0.9468,1.80,2.40
2010.09.29 23:34:08.747,0.94635,0.9468,1.00,2.40
2010.09.29 23:34:08.915,0.9464,0.9468,2.40,2.40
2010.09.29 23:34:09.951,0.9464,0.9468,2.50,2.40
2010.09.29 23:34:10.291,0.9464,0.9468,2.40,2.40
2010.09.29 23:34:11.006,0.9463,0.9467,2.60,2.40
2010.09.29 23:34:11.223,0.9463,0.9467,2.70,2.40
2010.09.29 23:34:12.208,0.94635,0.9467,1.00,2.40
2010.09.29 23:34:15.173,0.94635,0.9467,1.00,2.40
2010.09.29 23:34:15.795,0.94635,0.9467,1.00,10.40
2010.09.29 23:34:15.909,0.9463,0.9467,2.40,10.40
2010.09.29 23:34:16.003,0.9463,0.9467,2.40,2.40
2010.09.29 23:34:16.281,0.9463,0.9467,2.40,6.40
2010.09.29 23:34:16.371,0.9463,0.9467,2.40,6.40
2010.09.29 23:34:17.142,0.94635,0.9467,1.00,2.40
2010.09.29 23:34:17.623,0.9463,0.9467,2.40,2.40
2010.09.29 23:34:18.102,0.94635,0.9467,1.00,2.40
2010.09.29 23:34:19.303,0.94635,0.9467,1.00,2.40
2010.09.29 23:34:21.418,0.9463,0.9466,1.00,2.40
2010.09.29 23:34:23.514,0.94625,0.9466,1.00,2.40
2010.09.29 23:34:23.695,0.94625,0.9466,1.00,2.40
2010.09.29 23:34:24.620,0.9463,0.9466,1.00,2.40
2010.09.29 23:34:24.781,0.94625,0.94665,1.00,9.60
2010.09.29 23:34:25.576,0.94625,0.9467,1.00,10.40
2010.09.29 23:34:25.769,0.9463,0.9467,2.40,10.40
2010.09.29 23:34:25.944,0.9463,0.9467,2.40,6.40
2010.09.29 23:34:26.283,0.9463,0.9467,2.50,6.40
2010.09.29 23:34:27.673,0.9463,0.9467,2.40,6.50
2010.09.29 23:34:27.822,0.9463,0.9467,2.40,6.40
2010.09.29 23:34:28.972,0.94635,0.9467,1.00,6.40
2010.09.29 23:34:30.074,0.94635,0.9467,1.00,2.40
2010.09.29 23:34:30.700,0.9463,0.9467,2.40,2.40
2010.09.29 23:34:32.092,0.94635,0.9467,1.00,2.40
2010.09.29 23:34:33.110,0.9463,0.9467,2.50,2.50
2010.09.29 23:34:33.650,0.94635,0.9467,1.00,2.40
2010.09.29 23:34:37.404,0.9463,0.9467,2.40,2.40
2010.09.29 23:34:38.013,0.94625,0.9467,1.00,10.40
2010.09.29 23:34:39.810,0.9462,0.9467,4.20,10.40
2010.09.29 23:34:41.985,0.94625,0.9466,1.00,2.40
2010.09.29 23:34:42.351,0.94625,0.9466,1.00,2.40
2010.09.29 23:34:44.427,0.94625,0.9466,1.00,2.40
2010.09.29 23:34:44.685,0.9462,0.9466,4.00,2.40
2010.09.29 23:34:44.945,0.94625,0.9466,1.00,2.40
2010.09.29 23:34:47.901,0.9463,0.94665,2.40,9.60
2010.09.29 23:34:48.031,0.9463,0.94665,2.40,1.60
2010.09.29 23:34:48.931,0.9463,0.94665,2.40,1.60
2010.09.29 23:34:55.522,0.9463,0.94665,2.50,1.60
2010.09.29 23:34:56.588,0.9463,0.94665,2.40,1.60
2010.09.29 23:35:00.671,0.9463,0.9467,2.40,8.00
2010.09.29 23:35:00.850,0.9463,0.9467,2.40,6.40
2010.09.29 23:35:01.881,0.9463,0.9467,2.50,6.50
2010.09.29 23:35:02.471,0.94625,0.9467,1.60,6.40
2010.09.29 23:35:02.545,0.94625,0.9467,1.70,6.40
2010.09.29 23:35:02.731,0.9463,0.9467,2.40,6.40
2010.09.29 23:35:02.922,0.9463,0.9467,2.40,10.40
2010.09.29 23:35:03.281,0.94625,0.9467,1.00,10.40
2010.09.29 23:35:04.742,0.94625,0.9467,1.00,11.40
2010.09.29 23:35:05.111,0.94625,0.94665,1.00,1.60
2010.09.29 23:35:05.201,0.94625,0.94665,1.00,9.60
2010.09.29 23:35:05.390,0.94625,0.9466,1.00,2.40
2010.09.29 23:35:07.094,0.9462,0.9466,4.00,2.40
2010.09.29 23:35:07.202,0.9462,0.94655,4.00,1.60
2010.09.29 23:35:09.493,0.9462,0.9466,4.10,10.40
2010.09.29 23:35:09.881,0.9462,0.9466,4.10,2.40
2010.09.29 23:35:10.744,0.94625,0.9466,1.00,2.40
2010.09.29 23:35:10.993,0.9463,0.94665,2.40,1.60
2010.09.29 23:35:11.242,0.9463,0.94665,2.40,1.60
2010.09.29 23:35:13.152,0.9463,0.9467,2.40,12.10
2010.09.29 23:35:13.301,0.9463,0.9467,2.40,6.50
2010.09.29 23:35:14.481,0.9463,0.9467,2.50,2.40
2010.09.29 23:35:14.771,0.94635,0.9467,1.00,2.40
2010.09.29 23:35:15.060,0.9463,0.9467,2.50,2.40
2010.09.29 23:35:16.015,0.94635,0.9467,1.00,6.40
2010.09.29 23:35:24.674,0.94635,0.9467,1.00,6.40
2010.09.29 23:35:24.792,0.9465,0.9467,2.40,4.00
2010.09.29 23:35:25.503,0.9464,0.94685,2.60,9.70
2010.09.29 23:35:27.052,0.9464,0.94685,2.70,9.70
2010.09.29 23:35:27.874,0.9464,0.94685,2.70,9.60
2010.09.29 23:35:35.573,0.9464,0.94685,2.60,9.60
2010.09.29 23:35:49.530,0.9464,0.94685,2.40,9.60
2010.09.29 23:35:49.661,0.9464,0.9468,2.40,2.40
2010.09.29 23:35:50.812,0.94645,0.9468,1.00,2.40
2010.09.29 23:35:59.062,0.9464,0.9468,2.40,6.40
2010.09.29 23:35:59.875,0.9464,0.9468,2.40,6.40
2010.09.29 23:36:23.102,0.94645,0.9468,1.00,6.40
2010.09.29 23:36:38.396,0.9464,0.9468,2.40,6.40
2010.09.29 23:36:38.977,0.9464,0.94675,2.40,5.60
2010.09.29 23:36:39.423,0.94635,0.9467,1.00,2.40
2010.09.29 23:36:39.572,0.9464,0.9467,1.00,2.40
2010.09.29 23:36:40.270,0.94635,0.9467,1.00,6.40
2010.09.29 23:36:40.415,0.9463,0.9467,2.70,2.40
2010.09.29 23:36:40.722,0.94635,0.9467,1.00,2.40
2010.09.29 23:36:41.921,0.94635,0.9467,1.00,2.40
2010.09.29 23:36:43.153,0.9463,0.9467,2.70,2.40
2010.09.29 23:36:43.353,0.9463,0.9467,2.60,2.40
2010.09.29 23:36:44.361,0.94635,0.9467,1.00,2.40
2010.09.29 23:36:45.443,0.9463,0.9467,2.60,2.40
2010.09.29 23:36:45.772,0.9463,0.9467,2.60,6.40
2010.09.29 23:36:46.674,0.9463,0.9467,2.60,2.40
2010.09.29 23:36:46.842,0.94635,0.9467,1.00,2.40
2010.09.29 23:36:47.491,0.94635,0.9467,1.00,6.40
2010.09.29 23:36:51.357,0.9463,0.9466,1.00,2.40
2010.09.29 23:36:52.531,0.9463,0.9467,2.40,12.10
2010.09.29 23:36:52.762,0.9463,0.9467,2.40,10.50
2010.09.29 23:36:52.994,0.9463,0.9467,2.50,6.40
2010.09.29 23:36:55.334,0.94635,0.9467,1.00,6.40
2010.09.29 23:37:33.632,0.9463,0.9467,2.40,6.40
2010.09.29 23:37:35.421,0.94635,0.9467,1.00,6.40
2010.09.29 23:37:36.296,0.9463,0.9467,2.40,6.40
2010.09.29 23:37:36.503,0.9463,0.9467,2.50,2.40
2010.09.29 23:37:36.711,0.9463,0.9467,2.40,2.40
2010.09.29 23:37:42.596,0.94635,0.9467,1.00,2.40
2010.09.29 23:37:43.394,0.9463,0.9467,2.40,6.40
2010.09.29 23:37:43.972,0.9463,0.9467,2.50,6.50
2010.09.29 23:38:02.671,0.94635,0.9467,1.00,6.40
2010.09.29 23:38:02.961,0.94635,0.9467,1.00,2.40
2010.09.29 23:38:04.270,0.9463,0.9467,2.50,2.50
2010.09.29 23:38:05.273,0.9463,0.9467,2.50,6.50
2010.09.29 23:38:10.271,0.94635,0.9467,1.00,6.40
2010.09.29 23:38:10.401,0.94635,0.9467,1.00,6.40
2010.09.29 23:38:11.632,0.9463,0.9467,2.40,6.40
2010.09.29 23:38:20.784,0.94635,0.9467,1.00,6.40
2010.09.29 23:38:23.062,0.9464,0.9467,1.00,6.40
2010.09.29 23:38:23.402,0.9464,0.9467,1.00,2.40
2010.09.29 23:38:23.502,0.94635,0.9467,1.00,2.40
2010.09.29 23:38:23.601,0.9464,0.9467,1.00,2.40
2010.09.29 23:38:24.982,0.94635,0.9467,1.00,6.40
2010.09.29 23:38:25.821,0.94635,0.9467,1.00,6.40
2010.09.29 23:38:26.111,0.9463,0.9467,2.50,6.50
2010.09.29 23:38:26.690,0.94635,0.9467,1.00,6.40
2010.09.29 23:38:27.892,0.94635,0.9467,1.00,6.40
2010.09.29 23:38:28.220,0.94635,0.9467,1.00,6.40
2010.09.29 23:38:30.901,0.9464,0.9467,1.00,6.40
2010.09.29 23:38:31.391,0.9463,0.9467,2.40,6.40
2010.09.29 23:38:40.843,0.94625,0.9466,1.00,2.40
2010.09.29 23:38:43.011,0.9462,0.9466,4.10,2.40
2010.09.29 23:38:43.181,0.9462,0.94665,4.10,8.00
2010.09.29 23:38:43.812,0.94625,0.9467,1.00,12.00
2010.09.29 23:38:44.749,0.94625,0.9467,1.00,10.40
2010.09.29 23:38:59.202,0.94625,0.9467,1.00,10.40
2010.09.29 23:38:59.561,0.94625,0.9467,1.90,6.40
2010.09.29 23:38:59.741,0.9463,0.9467,2.40,6.40
2010.09.29 23:39:00.432,0.9463,0.9467,2.50,6.40
2010.09.29 23:39:00.571,0.9463,0.9467,2.40,6.40
2010.09.29 23:39:01.906,0.94635,0.9467,1.00,6.40
2010.09.29 23:39:13.750,0.94635,0.9467,1.00,6.40
2010.09.29 23:39:59.581,0.94635,0.9467,1.00,2.40
2010.09.29 23:40:13.882,0.9463,0.9467,2.40,2.40
2010.09.29 23:40:39.841,0.9464,0.9467,1.00,2.40
2010.09.29 23:40:40.961,0.9464,0.9467,1.00,2.40
2010.09.29 23:40:47.021,0.9463,0.9467,2.50,2.40
2010.09.29 23:40:47.193,0.9463,0.9467,1.00,10.40
2010.09.29 23:40:48.664,0.9463,0.9467,1.00,11.20
2010.09.29 23:40:49.313,0.94635,0.94665,1.00,4.00
2010.09.29 23:40:49.464,0.94635,0.9466,1.00,2.40
2010.09.29 23:40:49.925,0.9463,0.9466,1.00,2.40
2010.09.29 23:40:51.304,0.94625,0.9465,1.00,2.40
2010.09.29 23:40:52.243,0.9462,0.9465,1.60,2.40
2010.09.29 23:40:53.932,0.94625,0.9465,1.00,2.40
2010.09.29 23:40:57.354,0.9462,0.9465,1.70,2.40
2010.09.29 23:40:57.941,0.94625,0.9465,1.00,2.40
2010.09.29 23:40:59.916,0.94625,0.9465,1.00,2.40
2010.09.29 23:41:03.832,0.94625,0.94655,1.00,1.60
2010.09.29 23:41:03.982,0.94625,0.9466,1.60,2.40
2010.09.29 23:41:04.133,0.9463,0.9467,2.40,10.40
2010.09.29 23:41:04.422,0.9463,0.9467,2.40,6.40
2010.09.29 23:41:06.234,0.9463,0.9467,2.40,6.40
2010.09.29 23:41:06.857,0.94635,0.9467,1.00,6.40
2010.09.29 23:41:07.625,0.9464,0.9467,1.00,6.40
2010.09.29 23:41:12.002,0.94635,0.9467,1.00,6.40
2010.09.29 23:41:12.272,0.9463,0.9467,1.00,6.40
2010.09.29 23:41:12.361,0.9463,0.9467,1.00,10.40
2010.09.29 23:41:12.451,0.9463,0.9467,2.40,10.40
2010.09.29 23:41:12.572,0.9463,0.9467,1.00,6.40
2010.09.29 23:41:12.933,0.94625,0.9467,1.70,10.40
2010.09.29 23:41:29.325,0.94625,0.9467,1.00,10.40
2010.09.29 23:41:29.722,0.94625,0.9467,1.00,10.40
2010.09.29 23:41:36.392,0.9462,0.9467,4.30,6.50
2010.09.29 23:41:57.967,0.94625,0.9467,1.00,6.40
2010.09.29 23:41:58.282,0.94625,0.9467,1.00,10.40
2010.09.29 23:42:00.342,0.94625,0.9467,1.00,10.40
2010.09.29 23:42:00.861,0.9462,0.9467,4.20,10.40
2010.09.29 23:42:02.492,0.94625,0.9467,1.00,10.40
2010.09.29 23:42:08.995,0.9462,0.9467,4.00,10.40
2010.09.29 23:42:11.301,0.94625,0.9467,1.00,10.40
2010.09.29 23:42:11.373,0.94625,0.9467,1.00,10.40
2010.09.29 23:42:13.100,0.9462,0.9467,4.10,10.40
2010.09.29 23:42:13.941,0.94625,0.9467,1.00,10.40
2010.09.29 23:42:14.133,0.94625,0.9467,1.00,10.40
2010.09.29 23:42:14.869,0.94625,0.9467,1.00,10.40
2010.09.29 23:42:15.401,0.9462,0.9467,4.00,10.40
2010.09.29 23:42:18.725,0.9462,0.9467,4.10,10.40
2010.09.29 23:42:19.723,0.94625,0.9467,1.00,10.40
2010.09.29 23:42:20.252,0.9462,0.94665,4.00,1.00
2010.09.29 23:42:21.873,0.9462,0.9467,4.00,10.40
2010.09.29 23:42:29.061,0.9463,0.9467,2.40,10.40
2010.09.29 23:42:29.421,0.9463,0.9467,2.40,2.40
2010.09.29 23:42:30.910,0.9463,0.9467,2.40,2.50
2010.09.29 23:42:31.494,0.9463,0.94665,2.40,1.70
2010.09.29 23:42:31.591,0.94625,0.9466,1.60,2.40
2010.09.29 23:42:31.784,0.9462,0.9466,4.20,2.40
2010.09.29 23:42:31.983,0.9462,0.9466,4.20,6.40
2010.09.29 23:42:32.583,0.9462,0.9466,4.20,10.40
2010.09.29 23:42:32.745,0.94625,0.9467,1.00,10.40
2010.09.29 23:42:34.281,0.94625,0.9467,1.70,10.40
2010.09.29 23:42:34.969,0.9463,0.9467,2.40,6.40
2010.09.29 23:42:35.123,0.9463,0.9467,2.40,2.40
2010.09.29 23:42:35.865,0.9463,0.9467,2.40,2.40
2010.09.29 23:42:37.273,0.94635,0.9467,1.00,2.40
2010.09.29 23:42:38.042,0.9463,0.9467,2.50,2.50
2010.09.29 23:42:49.903,0.94635,0.9467,1.00,2.40
2010.09.29 23:42:52.214,0.9463,0.9467,2.40,2.40
2010.09.29 23:42:53.392,0.94625,0.9467,1.60,2.40
2010.09.29 23:42:53.642,0.94625,0.9467,1.00,10.40
2010.09.29 23:42:53.892,0.9463,0.9467,1.00,10.40
2010.09.29 23:42:54.826,0.9463,0.9467,2.40,10.40
2010.09.29 23:42:55.166,0.9463,0.9467,2.40,2.40
2010.09.29 23:42:55.942,0.9463,0.9467,2.50,2.40
2010.09.29 23:42:56.932,0.94635,0.9467,1.00,2.40
2010.09.29 23:43:02.101,0.94635,0.9467,1.00,6.40
2010.09.29 23:43:03.416,0.94635,0.9467,1.00,2.40
2010.09.29 23:43:03.696,0.9463,0.9467,2.50,6.40
2010.09.29 23:43:05.321,0.9463,0.9467,2.50,2.40
2010.09.29 23:43:05.772,0.94635,0.9467,1.00,2.40
2010.09.29 23:43:07.293,0.94635,0.9467,1.00,2.40
2010.09.29 23:43:07.409,0.94635,0.9467,1.00,2.40
2010.09.29 23:43:08.655,0.9463,0.9467,2.50,2.40
2010.09.29 23:43:11.552,0.9463,0.9467,2.50,6.40
2010.09.29 23:43:19.701,0.94635,0.9467,1.00,6.40
2010.09.29 23:43:20.231,0.94635,0.9467,1.00,2.40
2010.09.29 23:43:21.065,0.94635,0.9467,1.00,6.40
2010.09.29 23:43:26.483,0.94635,0.9467,1.00,2.40
2010.09.29 23:44:20.052,0.9463,0.9467,2.40,2.40
2010.09.29 23:44:23.190,0.9463,0.94665,2.40,1.60
2010.09.29 23:44:23.260,0.9463,0.9466,1.00,2.40
2010.09.29 23:44:31.287,0.94625,0.9466,1.60,2.40
2010.09.29 23:44:38.455,0.9463,0.9466,1.00,2.40
2010.09.29 23:45:33.983,0.94635,0.9466,1.00,2.40
2010.09.29 23:45:41.742,0.9463,0.9466,1.00,2.40
2010.09.29 23:45:44.657,0.94635,0.9466,1.00,2.40
2010.09.29 23:45:58.491,0.9463,0.9466,1.00,2.40
2010.09.29 23:45:58.516,0.9463,0.9467,2.40,10.40
2010.09.29 23:45:59.093,0.9463,0.9467,2.40,2.40
2010.09.29 23:45:59.961,0.9464,0.9467,1.00,2.40
2010.09.29 23:46:01.588,0.9464,0.9467,1.00,6.40
2010.09.29 23:46:01.733,0.9464,0.9467,1.00,2.40
2010.09.29 23:46:03.813,0.94635,0.9467,1.60,2.40
2010.09.29 23:46:04.861,0.9464,0.9467,1.00,2.40
2010.09.29 23:46:27.452,0.94645,0.9467,1.00,2.40
2010.09.29 23:46:27.692,0.9464,0.9467,1.00,2.40
2010.09.29 23:46:27.741,0.9464,0.9467,1.00,2.40
2010.09.29 23:46:27.821,0.9464,0.9467,1.00,2.40
2010.09.29 23:46:27.902,0.9464,0.94685,2.60,8.80
2010.09.29 23:46:28.457,0.9464,0.94685,3.40,8.80
2010.09.29 23:46:28.763,0.9465,0.9469,2.40,2.40
2010.09.29 23:46:29.071,0.9465,0.9469,2.40,4.00
2010.09.29 23:46:30.002,0.9465,0.9469,2.40,4.00
2010.09.29 23:46:31.401,0.9465,0.9469,2.50,4.00
2010.09.29 23:46:31.951,0.94655,0.9469,1.00,4.00
2010.09.29 23:46:53.632,0.94655,0.9469,1.00,2.40
2010.09.29 23:46:53.783,0.9466,0.9469,1.00,2.40
2010.09.29 23:46:54.732,0.9465,0.9469,2.50,2.40
2010.09.29 23:46:55.957,0.9465,0.9469,2.40,2.40
2010.09.29 23:46:58.020,0.94655,0.9469,1.00,2.40
2010.09.29 23:47:11.023,0.9465,0.9469,2.40,2.60
2010.09.29 23:47:11.224,0.94645,0.9468,1.00,2.40
2010.09.29 23:47:13.266,0.94645,0.9468,1.00,2.40
2010.09.29 23:47:21.754,0.94645,0.9468,1.00,2.40
2010.09.29 23:47:22.981,0.94645,0.9468,1.00,2.40
2010.09.29 23:47:23.164,0.9465,0.9468,1.00,2.40
2010.09.29 23:47:23.243,0.9465,0.94685,2.40,1.60
2010.09.29 23:47:35.043,0.9465,0.94685,2.40,1.80
2010.09.29 23:47:35.214,0.9465,0.9468,1.00,2.40
2010.09.29 23:47:35.382,0.94645,0.9468,1.70,2.40
2010.09.29 23:47:35.904,0.94645,0.9468,1.60,2.40
2010.09.29 23:47:38.373,0.9465,0.9468,1.00,2.40
2010.09.29 23:47:39.814,0.9465,0.9468,1.00,2.40
2010.09.29 23:47:41.866,0.94645,0.94685,1.60,1.60
2010.09.29 23:47:42.992,0.9465,0.94685,1.00,1.60
2010.09.29 23:47:54.162,0.9465,0.9468,1.00,2.40
2010.09.29 23:47:54.183,0.9465,0.9468,1.00,2.40
2010.09.29 23:47:56.303,0.9465,0.9468,1.00,2.40
2010.09.29 23:48:08.585,0.94645,0.9468,1.60,2.40
2010.09.29 23:48:08.642,0.9465,0.9468,1.60,2.40
2010.09.29 23:48:08.691,0.9465,0.9469,4.00,4.20
2010.09.29 23:48:09.752,0.9465,0.9469,4.00,4.20
2010.09.29 23:48:10.132,0.9465,0.94685,4.00,1.00
2010.09.29 23:48:10.323,0.9465,0.94685,4.00,1.80
2010.09.29 23:48:11.048,0.94645,0.9468,1.60,2.40
2010.09.29 23:48:11.224,0.94645,0.9468,1.70,2.40
2010.09.29 23:48:11.655,0.94645,0.9468,1.60,2.40
2010.09.29 23:48:12.003,0.94645,0.94685,1.60,1.60
2010.09.29 23:48:12.936,0.94645,0.94685,1.60,1.60
2010.09.29 23:48:13.293,0.9465,0.94685,1.00,1.60
2010.09.29 23:48:13.372,0.94655,0.9469,1.60,2.40
2010.09.29 23:48:15.847,0.94655,0.9469,1.60,2.40
2010.09.29 23:48:22.789,0.9466,0.9469,1.00,2.40
2010.09.29 23:48:25.152,0.9466,0.94695,1.00,1.60
2010.09.29 23:48:25.353,0.94655,0.94695,1.60,1.70
2010.09.29 23:48:26.803,0.94655,0.94695,1.60,1.80
2010.09.29 23:48:26.962,0.94655,0.9469,1.60,2.40
2010.09.29 23:48:27.766,0.94655,0.9469,1.60,2.40
2010.09.29 23:48:28.867,0.94655,0.9469,1.60,2.50
2010.09.29 23:48:47.702,0.9465,0.9469,4.10,4.10
2010.09.29 23:48:47.768,0.94645,0.9468,1.60,2.40
2010.09.29 23:48:47.892,0.94645,0.9468,1.60,2.40
2010.09.29 23:48:48.892,0.94645,0.9468,1.70,2.40
2010.09.29 23:48:49.725,0.9465,0.94685,4.00,1.00
2010.09.29 23:48:50.014,0.9465,0.9469,4.00,4.20
2010.09.29 23:48:50.093,0.94645,0.94685,1.60,1.60
2010.09.29 23:48:50.244,0.94645,0.94685,1.60,1.90
2010.09.29 23:48:50.392,0.94645,0.9468,1.60,2.40
2010.09.29 23:48:51.053,0.94645,0.9468,1.60,2.40
2010.09.29 23:48:52.977,0.94645,0.9468,1.60,2.40
2010.09.29 23:48:55.364,0.94645,0.9468,1.60,2.60
2010.09.29 23:48:55.492,0.94645,0.9468,1.60,2.70
2010.09.29 23:48:56.342,0.94645,0.9468,1.60,2.60
2010.09.29 23:48:56.712,0.94645,0.9468,1.60,2.40
2010.09.29 23:48:58.283,0.94645,0.9468,1.60,2.50
2010.09.29 23:48:59.918,0.94645,0.9468,1.70,2.40
2010.09.29 23:49:01.903,0.94645,0.9468,1.70,2.50
2010.09.29 23:49:03.793,0.94645,0.9468,1.60,2.40
2010.09.29 23:49:04.459,0.94645,0.94685,1.60,1.60
2010.09.29 23:49:05.003,0.9465,0.94685,1.00,1.60
2010.09.29 23:49:05.204,0.94655,0.94685,1.60,1.00
2010.09.29 23:49:05.404,0.94655,0.9469,1.60,2.40
2010.09.29 23:49:06.765,0.94655,0.9469,1.60,2.50
2010.09.29 23:49:11.783,0.9465,0.94685,4.00,1.80
2010.09.29 23:49:11.885,0.9465,0.9468,1.60,2.40
2010.09.29 23:49:11.983,0.94645,0.9468,1.60,2.40
2010.09.29 23:49:13.946,0.94645,0.9468,1.70,2.40
2010.09.29 23:49:16.680,0.9465,0.9468,1.00,2.40
2010.09.29 23:49:17.428,0.94645,0.9468,1.60,2.40
2010.09.29 23:49:23.014,0.9465,0.9468,1.00,2.40
2010.09.29 23:49:24.911,0.9465,0.9468,1.00,2.40
2010.09.29 23:49:26.115,0.94645,0.9468,1.60,2.40
2010.09.29 23:49:27.632,0.94645,0.94685,1.60,1.60
2010.09.29 23:49:27.912,0.9465,0.94685,1.60,1.60
2010.09.29 23:49:28.052,0.9465,0.94685,1.60,1.60
2010.09.29 23:49:28.192,0.9465,0.94685,1.00,1.60
2010.09.29 23:49:28.942,0.94645,0.94685,1.60,1.60
2010.09.29 23:49:30.293,0.9465,0.94685,1.00,1.60
2010.09.29 23:49:31.798,0.94655,0.94685,1.00,1.60
2010.09.29 23:49:33.422,0.94655,0.94685,1.00,1.60
2010.09.29 23:49:33.835,0.9465,0.94685,1.00,1.60
2010.09.29 23:49:35.374,0.94655,0.94685,1.00,1.60
2010.09.29 23:49:38.963,0.9465,0.94685,1.00,1.60
2010.09.29 23:49:42.422,0.94655,0.94685,1.00,1.60
2010.09.29 23:49:42.505,0.9465,0.94685,1.00,1.60
2010.09.29 23:49:43.382,0.94655,0.94685,1.00,1.60
2010.09.29 23:49:44.852,0.94655,0.94685,1.00,1.60
2010.09.29 23:49:47.563,0.9465,0.94685,1.00,1.60
2010.09.29 23:49:49.012,0.9465,0.9469,1.00,2.60
2010.09.29 23:49:52.772,0.9465,0.9469,1.00,2.40
2010.09.29 23:49:52.944,0.9465,0.9469,2.40,2.40
2010.09.29 23:49:53.934,0.94655,0.9469,1.00,2.40
2010.09.29 23:50:09.393,0.94655,0.94685,1.00,1.00
2010.09.29 23:50:09.546,0.9465,0.94685,2.50,1.00
2010.09.29 23:50:09.626,0.9465,0.9468,1.00,2.40
2010.09.29 23:50:10.819,0.9465,0.9469,1.00,2.60
2010.09.29 23:50:11.166,0.94655,0.9469,1.00,2.40
2010.09.29 23:50:11.334,0.9465,0.9469,2.50,2.40
2010.09.29 23:50:12.936,0.94655,0.9469,1.00,2.40
2010.09.29 23:50:16.012,0.9465,0.9469,2.40,2.40
2010.09.29 23:50:17.152,0.94655,0.9469,1.00,2.50
2010.09.29 23:50:17.996,0.94655,0.9469,1.70,2.50
2010.09.29 23:50:19.003,0.94655,0.9469,1.90,2.50
2010.09.29 23:50:19.092,0.9466,0.94695,1.00,1.60
2010.09.29 23:50:19.273,0.9466,0.947,1.70,1.60
2010.09.29 23:50:20.016,0.94665,0.94705,1.60,1.60
2010.09.29 23:50:20.274,0.94665,0.94705,2.40,1.60
2010.09.29 23:50:20.535,0.94665,0.9471,1.60,1.60
2010.09.29 23:50:21.487,0.9467,0.9471,1.00,1.60
2010.09.29 23:50:22.114,0.94675,0.9471,1.00,1.60
2010.09.29 23:50:22.982,0.94675,0.9471,1.00,1.60
2010.09.29 23:50:23.922,0.94675,0.9471,1.00,1.60
2010.09.29 23:50:27.861,0.9467,0.9471,1.00,1.60
2010.09.29 23:50:29.480,0.94675,0.94705,1.00,1.60
2010.09.29 23:50:31.683,0.9467,0.94705,1.00,1.60
2010.09.29 23:50:36.632,0.9467,0.94705,1.00,1.60
2010.09.29 23:50:37.953,0.9467,0.94705,2.40,1.60
2010.09.29 23:50:38.103,0.94675,0.9471,1.60,2.40
2010.09.29 23:50:40.199,0.94675,0.9471,1.70,2.50
2010.09.29 23:50:43.606,0.94685,0.9472,1.60,2.40
2010.09.29 23:50:43.842,0.94685,0.9472,1.70,2.40
2010.09.29 23:50:45.175,0.94685,0.9472,1.60,2.50
2010.09.29 23:50:45.874,0.94685,0.94715,1.60,1.00
2010.09.29 23:50:46.116,0.9468,0.9471,1.00,2.40
2010.09.29 23:50:46.414,0.94675,0.94715,1.60,1.60
2010.09.29 23:50:47.384,0.9468,0.94715,1.00,1.60
2010.09.29 23:50:55.625,0.94685,0.94715,1.00,1.60
2010.09.29 23:50:56.716,0.94685,0.94715,1.00,1.60
2010.09.29 23:50:57.765,0.94685,0.94715,1.00,1.60
2010.09.29 23:50:58.004,0.94685,0.94715,1.00,1.60
2010.09.29 23:50:58.697,0.9469,0.94715,1.00,1.60
2010.09.29 23:50:59.004,0.94685,0.94715,1.00,1.60
2010.09.29 23:50:59.625,0.94685,0.94715,1.00,1.60
2010.09.29 23:51:00.446,0.94685,0.94715,1.00,2.40
2010.09.29 23:51:00.678,0.9468,0.9471,1.00,1.00
2010.09.29 23:51:00.908,0.9468,0.9471,1.00,4.20
2010.09.29 23:51:01.488,0.9467,0.9471,2.50,5.00
2010.09.29 23:51:01.827,0.9467,0.9471,1.00,8.00
2010.09.29 23:51:02.163,0.9467,0.9471,1.00,4.00
2010.09.29 23:51:02.844,0.9467,0.9471,2.40,4.00
2010.09.29 23:51:04.373,0.9467,0.9471,2.40,4.00
2010.09.29 23:51:04.992,0.9467,0.9471,2.50,4.00
2010.09.29 23:51:06.023,0.9467,0.9471,2.40,4.00
2010.09.29 23:51:07.424,0.94675,0.9471,1.00,4.00
2010.09.29 23:51:07.613,0.9467,0.9471,1.00,4.00
2010.09.29 23:51:08.733,0.9467,0.9471,1.00,5.00
2010.09.29 23:51:09.024,0.94665,0.9471,1.00,5.00
2010.09.29 23:51:09.874,0.94665,0.9471,1.00,5.00
2010.09.29 23:51:17.866,0.9466,0.9471,1.00,5.00
2010.09.29 23:51:19.855,0.9466,0.9471,1.00,5.00
2010.09.29 23:51:20.412,0.94665,0.9471,1.00,5.00
2010.09.29 23:51:21.047,0.9466,0.9471,1.00,5.00
2010.09.29 23:51:21.224,0.9466,0.9471,1.00,5.00
2010.09.29 23:51:21.954,0.9466,0.94705,1.00,1.00
2010.09.29 23:51:22.113,0.9466,0.947,1.00,2.40
2010.09.29 23:51:23.389,0.94655,0.94705,1.00,10.40
2010.09.29 23:51:23.606,0.94655,0.9471,1.00,12.80
2010.09.29 23:51:24.555,0.94655,0.9471,1.00,8.80
2010.09.29 23:51:24.893,0.94665,0.9471,1.00,8.80
2010.09.29 23:51:26.779,0.9466,0.9471,1.00,8.80
2010.09.29 23:51:27.062,0.9466,0.94705,1.00,1.00
2010.09.29 23:51:27.183,0.94655,0.947,1.00,2.40
2010.09.29 23:51:27.833,0.9466,0.947,1.00,2.40
2010.09.29 23:51:28.102,0.94655,0.947,1.00,2.40
2010.09.29 23:51:29.302,0.9465,0.947,2.50,2.40
2010.09.29 23:51:29.492,0.94655,0.947,1.00,2.40
2010.09.29 23:51:29.939,0.9466,0.947,1.00,2.40
2010.09.29 23:51:31.248,0.94655,0.94695,1.00,1.60
2010.09.29 23:51:31.443,0.94655,0.947,1.00,6.60
2010.09.29 23:51:31.643,0.9465,0.947,2.40,2.60
2010.09.29 23:51:31.842,0.94655,0.947,1.00,2.60
2010.09.29 23:51:32.709,0.94655,0.947,1.00,2.60
2010.09.29 23:51:32.897,0.9466,0.947,1.00,2.60
2010.09.29 23:51:33.932,0.94665,0.947,1.00,2.60
2010.09.29 23:51:34.153,0.9466,0.947,1.00,2.60
2010.09.29 23:51:34.812,0.94665,0.947,1.00,2.60
2010.09.29 23:51:35.027,0.94665,0.947,1.00,2.40
2010.09.29 23:51:39.471,0.94665,0.947,1.00,2.40
2010.09.29 23:51:46.732,0.9466,0.947,1.00,2.40
2010.09.29 23:51:46.822,0.9466,0.947,1.00,3.80
2010.09.29 23:51:46.912,0.9466,0.9469,1.00,2.40
2010.09.29 23:51:47.758,0.9466,0.947,1.00,3.80
2010.09.29 23:51:47.853,0.9466,0.947,1.00,3.00
2010.09.29 23:51:48.932,0.94665,0.947,1.00,3.00
2010.09.29 23:51:49.665,0.9466,0.947,1.00,3.00
2010.09.29 23:51:49.732,0.9466,0.947,1.00,3.80
2010.09.29 23:51:49.802,0.9466,0.9469,1.00,2.40
2010.09.29 23:51:50.986,0.94655,0.9469,1.00,2.40
2010.09.29 23:51:51.203,0.9466,0.9469,1.00,2.40
2010.09.29 23:51:51.633,0.94655,0.9469,1.00,2.40
2010.09.29 23:51:57.074,0.9465,0.9469,1.00,2.40
2010.09.29 23:51:57.254,0.94655,0.94695,1.00,1.60
2010.09.29 23:51:57.859,0.94655,0.9469,1.00,2.40
2010.09.29 23:51:58.053,0.9465,0.9469,1.00,2.40
2010.09.29 23:51:58.245,0.9465,0.9469,1.00,2.40
2010.09.29 23:51:58.612,0.9465,0.9469,1.00,2.40
2010.09.29 23:52:00.113,0.9465,0.9469,1.00,2.40
2010.09.29 23:52:03.907,0.9465,0.9469,1.00,2.40
2010.09.29 23:52:05.706,0.9465,0.9469,1.00,2.40
2010.09.29 23:52:07.013,0.94655,0.9469,1.00,2.40
2010.09.29 23:52:07.865,0.9465,0.9469,1.00,2.40
2010.09.29 23:52:09.843,0.94655,0.9469,1.00,2.40
2010.09.29 23:52:11.991,0.9465,0.9469,1.00,2.40
2010.09.29 23:52:30.772,0.9465,0.9469,1.00,2.40
2010.09.29 23:52:30.856,0.94645,0.9469,1.90,2.40
2010.09.29 23:52:31.264,0.9465,0.9469,1.00,2.40
2010.09.29 23:52:32.084,0.94645,0.9469,1.80,2.40
2010.09.29 23:52:32.333,0.9465,0.9469,1.00,2.40
2010.09.29 23:52:32.833,0.94645,0.9469,1.80,2.40
2010.09.29 23:52:33.972,0.9465,0.9469,1.00,2.40
2010.09.29 23:52:41.433,0.94645,0.9469,1.80,2.40
2010.09.29 23:52:41.963,0.9465,0.9469,1.00,2.40
2010.09.29 23:52:43.846,0.9465,0.9469,1.00,2.40
2010.09.29 23:52:47.587,0.9465,0.9469,1.00,2.40
2010.09.29 23:52:51.705,0.94655,0.9469,1.00,2.40
2010.09.29 23:52:51.873,0.9465,0.9469,1.00,2.40
2010.09.29 23:52:52.711,0.9465,0.9469,1.00,2.40
2010.09.29 23:52:53.412,0.94655,0.9469,1.00,2.40
2010.09.29 23:52:54.112,0.94655,0.9469,1.00,2.40
2010.09.29 23:53:00.766,0.9465,0.9469,2.40,2.40
2010.09.29 23:53:00.904,0.94655,0.9469,1.00,2.40
2010.09.29 23:53:10.068,0.9465,0.9469,1.00,2.40
2010.09.29 23:53:10.974,0.9465,0.9469,1.00,2.40
2010.09.29 23:53:32.732,0.9465,0.94695,1.00,2.40
2010.09.29 23:53:33.325,0.9465,0.94695,1.00,1.60
2010.09.29 23:53:34.592,0.94655,0.94695,1.60,1.60
2010.09.29 23:53:38.281,0.9465,0.94695,1.00,1.60
2010.09.29 23:53:39.952,0.9465,0.94695,2.40,1.60
2010.09.29 23:53:40.629,0.9465,0.94695,2.50,1.60
2010.09.29 23:53:40.893,0.94655,0.94695,1.00,1.60
2010.09.29 23:53:58.012,0.9465,0.94695,2.50,1.60
2010.09.29 23:53:58.233,0.94655,0.94695,1.00,1.60
2010.09.29 23:54:06.784,0.94655,0.94705,1.00,1.60
2010.09.29 23:54:07.910,0.94665,0.94705,1.00,1.60
2010.09.29 23:54:09.053,0.9466,0.94705,1.00,1.60
2010.09.29 23:54:09.231,0.94665,0.94705,1.00,1.60
2010.09.29 23:54:09.723,0.9466,0.94705,1.00,1.60
2010.09.29 23:54:11.352,0.94665,0.94705,1.00,1.60
2010.09.29 23:54:12.408,0.9466,0.94705,1.00,1.60
2010.09.29 23:54:13.463,0.94665,0.94705,1.00,1.60
2010.09.29 23:54:14.678,0.94665,0.94705,1.00,1.60
2010.09.29 23:54:15.408,0.94665,0.94705,1.00,1.60
2010.09.29 23:54:15.824,0.94665,0.94705,1.00,1.60
2010.09.29 23:54:16.163,0.9466,0.94705,1.00,1.60
2010.09.29 23:54:17.068,0.9466,0.94705,1.00,1.60
2010.09.29 23:54:17.355,0.9466,0.94705,1.00,1.60
2010.09.29 23:54:17.634,0.94665,0.94705,1.00,1.60
2010.09.29 23:54:18.504,0.9466,0.94705,1.00,1.60
2010.09.29 23:54:19.984,0.94665,0.94705,1.00,1.60
2010.09.29 23:54:21.629,0.9466,0.94705,2.50,1.60
2010.09.29 23:54:22.031,0.94665,0.94705,1.00,1.60
2010.09.29 23:54:23.135,0.94665,0.9471,1.00,1.00
2010.09.29 23:54:23.695,0.94665,0.9471,1.00,1.00
2010.09.29 23:54:24.427,0.9467,0.9471,2.50,1.00
2010.09.29 23:54:24.765,0.9467,0.9471,2.40,1.00
2010.09.29 23:54:26.314,0.9467,0.9471,2.50,1.00
2010.09.29 23:54:27.932,0.94675,0.9471,1.00,1.00
2010.09.29 23:54:29.402,0.9467,0.9471,2.40,1.00
2010.09.29 23:54:30.503,0.9467,0.9471,2.40,1.00
2010.09.29 23:54:30.623,0.94665,0.9471,1.00,2.60
2010.09.29 23:54:30.743,0.94665,0.94705,1.00,1.60
2010.09.29 23:54:30.863,0.9467,0.9471,2.40,1.00
2010.09.29 23:54:31.772,0.9467,0.9471,2.50,1.00
2010.09.29 23:54:32.314,0.9467,0.9471,2.40,1.00
2010.09.29 23:54:32.584,0.94665,0.94705,1.00,1.60
2010.09.29 23:54:34.149,0.94675,0.9471,1.00,1.00
2010.09.29 23:54:34.323,0.9467,0.9471,2.40,1.00
2010.09.29 23:54:35.694,0.9467,0.9471,2.40,1.00
2010.09.29 23:54:36.893,0.94675,0.9471,1.00,1.00
2010.09.29 23:54:40.644,0.9467,0.9471,2.50,1.00
2010.09.29 23:54:41.563,0.94675,0.9471,1.00,1.00
2010.09.29 23:54:41.845,0.94675,0.94715,1.00,1.60
2010.09.29 23:54:42.655,0.9467,0.9472,2.40,5.40
2010.09.29 23:54:42.988,0.9468,0.9472,2.40,2.20
2010.09.29 23:54:43.634,0.9468,0.9472,2.40,2.20
2010.09.29 23:54:44.749,0.9468,0.9472,2.40,2.20
2010.09.29 23:54:46.262,0.9468,0.9472,2.40,2.20
2010.09.29 23:54:46.703,0.9468,0.9472,2.40,2.20
2010.09.29 23:54:47.712,0.9468,0.9472,2.40,2.20
2010.09.29 23:54:49.943,0.9468,0.9472,2.40,2.20
2010.09.29 23:54:50.845,0.9468,0.9472,2.40,2.20
2010.09.29 23:54:51.282,0.9468,0.9472,2.40,2.20
2010.09.29 23:54:52.127,0.9468,0.9472,2.40,2.20
2010.09.29 23:54:53.274,0.9468,0.9472,2.50,2.30
2010.09.29 23:55:02.317,0.9468,0.9472,2.40,2.20
2010.09.29 23:55:03.158,0.9468,0.9472,2.50,2.20
2010.09.29 23:55:04.478,0.9468,0.9472,2.40,2.20
2010.09.29 23:55:10.761,0.9468,0.9472,2.40,2.20
2010.09.29 23:55:10.986,0.9468,0.9472,2.40,2.30
2010.09.29 23:55:11.602,0.9468,0.9472,2.40,2.20
2010.09.29 23:55:12.755,0.9468,0.9472,2.40,2.20
2010.09.29 23:55:15.062,0.9468,0.9472,2.50,2.20
2010.09.29 23:55:15.213,0.9468,0.9472,2.40,2.30
2010.09.29 23:55:15.884,0.9468,0.94715,2.40,1.00
2010.09.29 23:55:18.033,0.9468,0.9472,2.40,3.00
2010.09.29 23:55:18.154,0.94675,0.94715,1.00,1.60
2010.09.29 23:55:19.850,0.94665,0.9471,1.00,11.00
2010.09.29 23:55:19.894,0.94665,0.9471,1.00,8.60
2010.09.29 23:55:19.943,0.94665,0.9471,1.00,8.20
2010.09.29 23:55:20.032,0.94665,0.9471,1.00,1.00
2010.09.29 23:55:20.153,0.9466,0.9471,1.00,1.00
2010.09.29 23:55:20.293,0.9466,0.9471,1.70,1.00
2010.09.29 23:55:20.863,0.9466,0.9471,1.70,8.20
2010.09.29 23:55:21.195,0.9466,0.9471,4.10,1.00
2010.09.29 23:55:21.845,0.94665,0.9471,1.00,1.00
2010.09.29 23:55:23.299,0.9467,0.94715,1.00,5.60
2010.09.29 23:55:23.386,0.9467,0.9472,1.00,5.90
2010.09.29 23:55:27.767,0.9467,0.9472,1.00,6.70
2010.09.29 23:55:34.454,0.9467,0.9472,1.00,5.90
2010.09.29 23:55:34.511,0.9467,0.9472,1.00,5.70
2010.09.29 23:55:35.206,0.9467,0.9472,2.50,5.70
2010.09.29 23:55:35.262,0.9467,0.9472,2.50,1.70
2010.09.29 23:55:35.855,0.94675,0.9472,1.00,1.70
2010.09.29 23:55:36.737,0.9468,0.9472,1.00,1.60
2010.09.29 23:55:38.823,0.94675,0.9472,1.00,1.60
2010.09.29 23:55:39.001,0.94675,0.9472,1.00,1.70
2010.09.29 23:55:40.440,0.9468,0.9472,1.00,1.70
2010.09.29 23:55:44.421,0.9468,0.9472,1.00,4.10
2010.09.29 23:55:47.372,0.9468,0.9472,1.00,4.00
2010.09.29 23:55:47.762,0.9468,0.9472,1.00,4.00
2010.09.29 23:55:49.802,0.9468,0.9472,1.00,4.00
2010.09.29 23:55:52.323,0.9468,0.9472,1.00,4.00
2010.09.29 23:55:54.424,0.94675,0.9472,1.00,4.00
2010.09.29 23:55:55.382,0.94675,0.94715,1.00,1.00
2010.09.29 23:55:55.702,0.9468,0.9472,1.00,4.00
2010.09.29 23:55:56.361,0.94675,0.94715,1.00,1.00
2010.09.29 23:55:57.483,0.94675,0.9472,1.00,4.00
2010.09.29 23:55:58.938,0.9467,0.9472,2.40,4.10
2010.09.29 23:55:58.973,0.9467,0.94715,2.40,1.00
2010.09.29 23:55:59.844,0.94665,0.94705,1.00,1.60
2010.09.29 23:56:00.532,0.94665,0.94705,1.00,1.60
2010.09.29 23:56:01.992,0.94665,0.94705,1.00,1.60
2010.09.29 23:56:03.372,0.9467,0.94705,1.00,1.60
2010.09.29 23:56:07.415,0.94665,0.947,1.00,2.40
2010.09.29 23:56:09.263,0.94655,0.947,1.60,3.40
2010.09.29 23:56:09.462,0.94655,0.94695,1.00,1.60
2010.09.29 23:56:09.662,0.94655,0.9469,1.00,2.40
2010.09.29 23:56:11.107,0.9466,0.9469,1.00,2.40
2010.09.29 23:56:11.382,0.9466,0.9469,1.00,2.40
2010.09.29 23:56:13.492,0.94655,0.9469,1.00,2.40
2010.09.29 23:56:13.661,0.94655,0.9469,1.00,2.40
2010.09.29 23:56:14.912,0.94655,0.9469,1.00,2.40
2010.09.29 23:56:15.201,0.94655,0.9469,1.00,2.40
2010.09.29 23:56:20.720,0.9466,0.9469,1.00,2.40
2010.09.29 23:56:24.309,0.94655,0.9469,1.00,2.40
2010.09.29 23:56:24.406,0.9466,0.9469,1.00,2.40
2010.09.29 23:56:24.905,0.94655,0.9469,1.00,2.40
2010.09.29 23:56:29.710,0.94655,0.9469,1.00,2.40
2010.09.29 23:56:30.327,0.94655,0.94705,1.00,5.60
2010.09.29 23:56:30.347,0.94655,0.94705,1.00,1.60
2010.09.29 23:56:30.382,0.94655,0.94705,1.00,5.60
2010.09.29 23:56:30.393,0.94655,0.94705,1.00,4.00
2010.09.29 23:56:30.563,0.94655,0.9471,1.00,12.20
2010.09.29 23:56:30.572,0.94655,0.9471,1.00,8.20
2010.09.29 23:56:31.752,0.9466,0.9471,1.00,8.30
2010.09.29 23:56:32.593,0.9466,0.9471,1.00,6.70
2010.09.29 23:56:33.302,0.94665,0.9471,1.00,6.60
2010.09.29 23:56:33.602,0.9466,0.9471,2.50,6.70
2010.09.29 23:56:34.678,0.9466,0.947,2.40,2.40
2010.09.29 23:56:34.965,0.9466,0.947,1.00,2.40
2010.09.29 23:56:36.012,0.94665,0.947,1.00,2.40
2010.09.29 23:56:36.773,0.9466,0.947,1.00,2.40
2010.09.29 23:56:39.431,0.9466,0.947,2.50,2.40
2010.09.29 23:56:39.874,0.94665,0.947,1.00,2.40
2010.09.29 23:56:42.983,0.94665,0.947,1.00,2.40
2010.09.29 23:56:43.842,0.94665,0.947,1.00,2.40
2010.09.29 23:56:45.104,0.94665,0.947,1.00,2.40
2010.09.29 23:56:47.632,0.9466,0.947,1.00,2.40
2010.09.29 23:56:48.643,0.9466,0.947,1.00,2.40
2010.09.29 23:56:48.853,0.94665,0.947,1.00,2.40
2010.09.29 23:56:49.822,0.9466,0.947,1.00,2.40
2010.09.29 23:56:50.495,0.9466,0.947,1.00,2.50
2010.09.29 23:56:50.545,0.94665,0.947,1.00,2.40
2010.09.29 23:56:52.672,0.9466,0.947,1.00,2.40
2010.09.29 23:56:52.792,0.9466,0.947,1.00,2.40
2010.09.29 23:56:54.046,0.94655,0.947,1.00,10.40
2010.09.29 23:56:54.384,0.9466,0.947,1.00,10.40
2010.09.29 23:56:56.222,0.9466,0.947,1.00,10.40
2010.09.29 23:56:57.344,0.9466,0.947,1.00,10.40
2010.09.29 23:56:57.893,0.9466,0.947,1.00,10.50
2010.09.29 23:56:58.624,0.94655,0.947,1.00,2.50
2010.09.29 23:56:58.913,0.9466,0.947,1.00,2.40
2010.09.29 23:56:59.203,0.94655,0.947,1.00,10.40
2010.09.29 23:57:00.042,0.94655,0.94695,1.00,1.00
2010.09.29 23:57:00.602,0.94655,0.947,1.00,10.50
2010.09.29 23:57:01.462,0.94655,0.947,1.00,10.40
2010.09.29 23:57:02.182,0.9466,0.947,1.00,10.40
2010.09.29 23:57:03.306,0.9466,0.947,1.00,10.50
2010.09.29 23:57:05.274,0.9466,0.947,1.00,10.40
2010.09.29 23:57:06.908,0.9466,0.947,1.00,10.40
2010.09.29 23:57:07.083,0.9466,0.947,1.00,6.40
2010.09.29 23:57:07.263,0.9466,0.947,1.00,2.50
2010.09.29 23:57:09.309,0.94655,0.947,1.00,2.50
2010.09.29 23:57:09.574,0.94655,0.947,1.00,10.50
2010.09.29 23:57:10.543,0.94655,0.94695,1.00,1.00
2010.09.29 23:57:11.382,0.9466,0.947,1.00,10.40
2010.09.29 23:57:14.108,0.9466,0.947,1.00,10.50
2010.09.29 23:57:14.712,0.9466,0.947,1.00,10.40
2010.09.29 23:57:17.036,0.9466,0.947,1.00,10.40
2010.09.29 23:57:26.962,0.9466,0.947,2.40,10.40
2010.09.29 23:57:27.124,0.9466,0.947,2.40,2.40
2010.09.29 23:57:27.256,0.94665,0.947,1.00,2.40
2010.09.29 23:57:27.934,0.9466,0.947,2.50,3.80
2010.09.29 23:57:28.325,0.9466,0.9469,1.00,2.40
2010.09.29 23:57:29.804,0.94655,0.94695,1.00,1.60
2010.09.29 23:57:30.034,0.9466,0.94695,1.00,2.40
2010.09.29 23:57:30.263,0.9466,0.9469,1.00,2.40
2010.09.29 23:57:31.062,0.9466,0.9469,1.00,2.40
2010.09.29 23:57:32.506,0.94655,0.9469,1.00,2.40
2010.09.29 23:57:32.884,0.94655,0.9469,1.00,2.40
2010.09.29 23:57:35.302,0.9466,0.9469,1.00,2.40
2010.09.29 23:57:36.893,0.9466,0.9469,1.00,2.40
2010.09.29 23:57:39.742,0.94655,0.9469,1.00,2.40
2010.09.29 23:57:52.076,0.9466,0.9469,1.00,2.40
2010.09.29 23:57:53.084,0.94655,0.9469,1.00,2.50
2010.09.29 23:58:26.783,0.94645,0.9469,1.00,2.40
2010.09.29 23:58:26.992,0.94645,0.9469,1.00,10.40
2010.09.29 23:58:28.407,0.94645,0.9469,1.00,10.40
2010.09.29 23:58:28.682,0.94645,0.94685,1.00,1.00
2010.09.29 23:58:29.571,0.9465,0.9469,1.00,10.40
2010.09.29 23:58:30.094,0.94645,0.94685,1.00,1.00
2010.09.29 23:58:31.261,0.9465,0.9469,1.00,10.40
2010.09.29 23:58:31.823,0.94645,0.94685,1.00,1.00
2010.09.29 23:58:36.441,0.9465,0.9469,1.00,10.40
2010.09.29 23:58:38.211,0.94645,0.94685,1.00,1.00
2010.09.29 23:58:53.474,0.94645,0.9469,1.00,10.40
2010.09.29 23:58:53.722,0.94645,0.9469,1.60,10.40
2010.09.29 23:58:53.842,0.94645,0.9469,1.60,2.40
2010.09.29 23:58:54.702,0.9465,0.9469,1.00,2.40
2010.09.29 23:58:56.892,0.9465,0.9469,1.00,2.40
2010.09.29 23:58:59.972,0.9465,0.94685,1.00,1.00
2010.09.29 23:59:00.122,0.9465,0.9468,1.00,2.40
2010.09.29 23:59:00.722,0.9464,0.9468,1.00,2.40
2010.09.29 23:59:01.912,0.9464,0.9468,1.00,2.40
2010.09.29 23:59:02.602,0.9464,0.9468,1.00,2.40
2010.09.29 23:59:02.976,0.94645,0.9468,1.00,2.40
2010.09.29 23:59:13.910,0.94645,0.9467,1.00,2.40
2010.09.29 23:59:14.009,0.94635,0.9467,1.00,2.40
2010.09.29 23:59:14.184,0.94635,0.94675,1.00,1.00
2010.09.29 23:59:15.923,0.9464,0.94675,1.00,1.00
2010.09.29 23:59:17.851,0.94635,0.94675,1.00,1.00
2010.09.29 23:59:25.615,0.9464,0.94675,1.00,1.00
2010.09.29 23:59:27.894,0.94635,0.94675,1.00,1.00
2010.09.29 23:59:31.179,0.9464,0.94675,1.00,1.00
2010.09.29 23:59:42.078,0.94635,0.94675,1.00,1.00
2010.09.29 23:59:45.263,0.9464,0.94675,1.00,1.00
2010.09.29 23:59:52.564,0.94635,0.94675,1.00,1.00
