2016.04.20 10:00:08.683,0.75177,0.75196,1.00,1.00
2016.04.20 10:00:09.477,0.75176,0.75195,1.00,1.00
2016.04.20 10:00:11.038,0.75176,0.75199,1.00,1.75
2016.04.20 10:00:12.377,0.75172,0.75195,1.35,1.37
2016.04.20 10:00:13.774,0.75176,0.75198,1.35,1.75
2016.04.20 10:00:14.076,0.75176,0.75195,1.60,1.00
2016.04.20 10:00:14.277,0.75171,0.75196,1.35,2.25
2016.04.20 10:00:14.412,0.75172,0.75191,1.00,1.00
2016.04.20 10:00:16.985,0.75175,0.75191,1.00,1.00
2016.04.20 10:00:17.346,0.75172,0.75191,1.00,1.00
2016.04.20 10:00:24.120,0.7517,0.75193,1.75,1.50
2016.04.20 10:00:26.586,0.75173,0.752,1.75,2.25
2016.04.20 10:00:26.888,0.7518,0.75203,1.50,1.75
2016.04.20 10:00:30.082,0.75179,0.75199,1.75,1.00
2016.04.20 10:00:31.184,0.75178,0.75201,1.75,1.00
2016.04.20 10:00:32.330,0.75178,0.75205,1.75,2.25
2016.04.20 10:00:32.638,0.75171,0.75198,1.75,1.75
2016.04.20 10:00:35.615,0.75178,0.75202,1.35,1.75
2016.04.20 10:00:35.918,0.75175,0.75202,2.25,1.75
2016.04.20 10:00:36.220,0.75174,0.75198,1.35,1.75
2016.04.20 10:00:36.556,0.75174,0.75199,1.35,2.25
2016.04.20 10:00:38.512,0.7517,0.75198,2.25,1.75
2016.04.20 10:00:38.613,0.7517,0.75197,2.25,2.25
2016.04.20 10:00:39.533,0.75167,0.75194,1.75,3.75
2016.04.20 10:00:39.633,0.75167,0.75193,1.75,3.75
2016.04.20 10:00:46.535,0.75166,0.75191,1.35,1.75
2016.04.20 10:00:48.922,0.75165,0.75191,1.75,1.75
2016.04.20 10:00:51.345,0.75167,0.75191,1.35,1.75
2016.04.20 10:00:51.446,0.75167,0.75191,1.35,1.37
2016.04.20 10:00:51.853,0.75172,0.75198,1.75,1.75
2016.04.20 10:00:54.274,0.7517,0.75196,1.75,1.75
2016.04.20 10:00:54.485,0.75165,0.7519,1.75,1.75
2016.04.20 10:00:55.151,0.75165,0.75189,1.75,1.75
2016.04.20 10:00:57.773,0.75165,0.75191,1.75,3.75
2016.04.20 10:00:57.874,0.75165,0.75193,1.75,1.75
2016.04.20 10:00:58.195,0.75164,0.7519,1.37,1.75
2016.04.20 10:00:58.246,0.75164,0.75189,1.12,2.25
2016.04.20 10:00:58.649,0.75159,0.75186,2.10,3.00
2016.04.20 10:00:59.290,0.75165,0.75186,1.00,2.25
2016.04.20 10:00:59.642,0.7516,0.75185,1.75,1.75
2016.04.20 10:01:00.775,0.7516,0.75185,1.37,1.75
2016.04.20 10:01:00.876,0.7516,0.75185,1.12,5.25
2016.04.20 10:01:03.383,0.7516,0.75183,1.00,3.00
2016.04.20 10:01:04.794,0.7516,0.75178,1.00,1.00
2016.04.20 10:01:05.473,0.7516,0.75178,1.37,1.00
2016.04.20 10:01:05.739,0.75165,0.75185,1.00,3.75
2016.04.20 10:01:05.790,0.75165,0.75185,1.00,1.75
2016.04.20 10:01:05.992,0.75165,0.75186,1.37,1.75
2016.04.20 10:01:06.093,0.75165,0.75186,1.00,1.75
2016.04.20 10:01:07.595,0.75164,0.75188,1.12,3.75
2016.04.20 10:01:08.104,0.75165,0.75188,1.00,2.25
2016.04.20 10:01:10.214,0.75169,0.75188,1.00,2.25
2016.04.20 10:01:10.315,0.75169,0.75191,1.00,4.50
2016.04.20 10:01:11.863,0.7517,0.75191,1.00,3.75
2016.04.20 10:01:12.105,0.75165,0.7519,1.75,1.75
2016.04.20 10:01:13.308,0.75169,0.75191,1.00,3.75
2016.04.20 10:01:13.842,0.75165,0.75191,1.75,3.75
2016.04.20 10:01:16.232,0.75165,0.7519,1.75,1.75
2016.04.20 10:01:20.001,0.7517,0.75191,1.00,1.75
2016.04.20 10:01:20.707,0.75164,0.7519,1.75,1.75
2016.04.20 10:01:24.338,0.75167,0.75192,1.35,1.75
2016.04.20 10:01:24.640,0.7517,0.75196,1.75,1.75
2016.04.20 10:01:29.854,0.7517,0.75196,1.75,1.75
2016.04.20 10:01:30.719,0.75167,0.7519,3.60,1.00
2016.04.20 10:01:30.770,0.75167,0.7519,1.75,1.37
2016.04.20 10:01:30.871,0.75165,0.7519,1.75,2.25
2016.04.20 10:01:31.349,0.75165,0.75189,1.37,1.75
2016.04.20 10:01:46.493,0.75165,0.75182,1.00,1.00
2016.04.20 10:01:47.190,0.75163,0.75182,1.50,1.00
2016.04.20 10:01:47.520,0.75165,0.75182,1.00,1.00
2016.04.20 10:01:48.736,0.75163,0.75182,1.00,1.00
2016.04.20 10:01:49.721,0.75163,0.75182,1.60,1.00
2016.04.20 10:01:50.023,0.75165,0.75189,1.75,1.75
2016.04.20 10:01:50.804,0.75167,0.75193,1.75,1.75
2016.04.20 10:01:51.631,0.75171,0.7519,1.00,1.00
2016.04.20 10:01:58.131,0.75166,0.75191,1.67,2.25
2016.04.20 10:01:58.633,0.75165,0.75187,1.75,1.75
2016.04.20 10:01:59.343,0.75165,0.75185,1.12,1.75
2016.04.20 10:02:00.230,0.7516,0.75185,2.85,2.25
2016.04.20 10:02:02.233,0.75163,0.75182,1.00,1.00
2016.04.20 10:02:02.842,0.75163,0.7518,1.00,1.00
2016.04.20 10:02:03.833,0.75163,0.75181,1.00,1.00
2016.04.20 10:02:04.575,0.75163,0.7518,1.00,1.00
2016.04.20 10:02:05.480,0.75163,0.75182,1.00,1.00
2016.04.20 10:02:06.252,0.75163,0.7518,1.00,1.00
2016.04.20 10:02:06.981,0.7516,0.7518,1.35,1.12
2016.04.20 10:02:10.204,0.7516,0.7518,2.10,1.00
2016.04.20 10:02:10.255,0.7516,0.75185,2.85,2.25
2016.04.20 10:02:13.192,0.7516,0.75184,2.10,1.75
2016.04.20 10:02:13.765,0.7516,0.7518,1.35,1.00
2016.04.20 10:02:16.077,0.7516,0.7518,1.35,1.12
2016.04.20 10:02:16.608,0.75162,0.75181,1.00,1.00
2016.04.20 10:02:20.511,0.75162,0.75185,1.00,2.25
2016.04.20 10:02:23.710,0.75159,0.75185,2.10,2.25
2016.04.20 10:02:24.112,0.75161,0.7518,1.00,1.00
2016.04.20 10:02:24.213,0.75158,0.7518,1.75,1.75
2016.04.20 10:02:24.564,0.75158,0.75175,1.00,1.75
2016.04.20 10:02:24.615,0.75153,0.75175,1.35,1.75
2016.04.20 10:02:28.496,0.75153,0.75172,1.67,1.00
2016.04.20 10:02:29.163,0.75153,0.75172,1.35,1.00
2016.04.20 10:02:36.285,0.75153,0.75175,1.67,1.75
2016.04.20 10:02:39.327,0.75153,0.75175,1.35,1.75
2016.04.20 10:02:50.282,0.75153,0.75175,1.35,1.75
2016.04.20 10:02:53.187,0.75155,0.75173,1.00,1.00
2016.04.20 10:02:54.757,0.75152,0.75175,1.35,1.75
2016.04.20 10:03:03.111,0.75151,0.75174,1.35,1.75
2016.04.20 10:03:08.201,0.75152,0.75176,1.75,1.75
2016.04.20 10:03:09.490,0.75153,0.75172,1.00,1.00
2016.04.20 10:03:09.591,0.75153,0.7517,1.00,1.00
2016.04.20 10:03:10.376,0.75153,0.75169,1.00,1.00
2016.04.20 10:03:10.427,0.75146,0.75169,1.35,1.75
2016.04.20 10:03:10.780,0.75146,0.7517,1.30,2.25
2016.04.20 10:03:15.829,0.75146,0.7517,2.47,1.75
2016.04.20 10:03:16.132,0.7515,0.75173,1.35,1.75
2016.04.20 10:03:16.340,0.7515,0.75174,1.35,1.75
2016.04.20 10:03:16.925,0.7515,0.75175,2.10,1.75
2016.04.20 10:03:17.405,0.7515,0.75175,2.10,1.75
2016.04.20 10:03:18.680,0.7515,0.75175,2.10,2.25
2016.04.20 10:03:19.058,0.75155,0.7518,1.75,2.25
2016.04.20 10:03:19.432,0.75155,0.7518,1.75,2.25
2016.04.20 10:03:25.119,0.75158,0.75177,1.00,1.00
2016.04.20 10:03:25.699,0.75155,0.7518,2.25,1.75
2016.04.20 10:03:26.006,0.75155,0.7518,1.87,3.00
2016.04.20 10:03:26.319,0.75156,0.75175,1.00,1.00
2016.04.20 10:03:27.208,0.75157,0.75175,1.00,1.00
2016.04.20 10:03:27.332,0.75159,0.75178,1.00,1.00
2016.04.20 10:03:27.534,0.75162,0.75186,1.75,1.75
2016.04.20 10:03:27.931,0.75162,0.75181,1.00,1.00
2016.04.20 10:03:28.243,0.75161,0.75185,1.75,1.75
2016.04.20 10:03:28.967,0.75158,0.7518,1.75,1.00
2016.04.20 10:03:29.017,0.75158,0.7518,1.75,1.75
2016.04.20 10:03:29.119,0.75158,0.7518,1.50,1.75
2016.04.20 10:03:29.660,0.7516,0.75184,1.50,2.25
2016.04.20 10:03:32.749,0.75156,0.7518,1.75,1.75
2016.04.20 10:03:33.035,0.75155,0.75181,2.10,2.25
2016.04.20 10:03:34.238,0.75158,0.75177,1.00,1.00
2016.04.20 10:03:41.522,0.75156,0.7518,1.75,1.75
2016.04.20 10:03:42.094,0.75156,0.7518,1.75,1.75
2016.04.20 10:03:42.438,0.75159,0.75183,1.75,1.75
2016.04.20 10:03:43.349,0.75164,0.75182,1.00,1.00
2016.04.20 10:03:43.451,0.75165,0.75184,1.00,1.00
2016.04.20 10:03:49.370,0.75165,0.75185,1.12,1.75
2016.04.20 10:03:49.712,0.75167,0.7519,1.50,1.75
2016.04.20 10:03:50.015,0.7517,0.75195,1.75,2.25
2016.04.20 10:03:50.711,0.75173,0.75195,1.00,1.75
2016.04.20 10:03:50.762,0.75173,0.75195,1.75,1.75
2016.04.20 10:03:50.889,0.75177,0.75195,1.00,1.00
2016.04.20 10:03:51.423,0.75177,0.75196,1.00,1.00
2016.04.20 10:03:52.568,0.75177,0.75195,1.00,1.00
2016.04.20 10:03:52.669,0.75173,0.75195,1.75,1.75
2016.04.20 10:03:54.982,0.75173,0.75192,1.00,1.00
2016.04.20 10:03:56.696,0.75168,0.75193,1.35,1.75
2016.04.20 10:03:56.999,0.75172,0.75195,2.10,1.12
2016.04.20 10:03:57.514,0.75178,0.75196,1.00,1.00
2016.04.20 10:04:03.106,0.75174,0.75199,1.50,2.25
2016.04.20 10:04:03.672,0.7517,0.75195,2.10,1.75
2016.04.20 10:04:13.091,0.75168,0.75193,1.35,1.75
2016.04.20 10:04:13.779,0.75168,0.75193,1.35,1.75
2016.04.20 10:04:15.198,0.75168,0.75194,2.10,1.75
2016.04.20 10:04:18.140,0.75166,0.7519,1.75,1.75
2016.04.20 10:04:18.519,0.75165,0.75188,1.35,1.75
2016.04.20 10:04:18.873,0.75168,0.75187,1.00,1.00
2016.04.20 10:04:18.923,0.75165,0.75189,1.75,1.75
2016.04.20 10:04:19.830,0.75165,0.75184,1.00,1.00
2016.04.20 10:04:21.132,0.75164,0.75185,1.35,1.00
2016.04.20 10:04:21.504,0.75167,0.7519,1.75,1.75
2016.04.20 10:04:21.605,0.7517,0.75189,1.00,1.00
2016.04.20 10:04:21.952,0.75172,0.7519,1.00,1.00
2016.04.20 10:04:22.355,0.75173,0.75192,1.00,1.00
2016.04.20 10:04:25.924,0.75169,0.75196,3.00,2.25
2016.04.20 10:04:26.416,0.75171,0.75195,3.00,1.12
2016.04.20 10:04:27.065,0.75176,0.75195,1.00,1.50
2016.04.20 10:04:27.318,0.75171,0.75195,1.75,1.75
2016.04.20 10:04:28.561,0.75165,0.7519,3.60,2.25
2016.04.20 10:04:28.762,0.75168,0.75187,1.00,1.00
2016.04.20 10:04:28.863,0.75164,0.75189,1.75,1.75
2016.04.20 10:04:30.449,0.75164,0.75183,1.00,1.00
2016.04.20 10:04:30.556,0.75156,0.75181,2.10,1.50
2016.04.20 10:04:30.857,0.75156,0.75184,1.35,1.75
2016.04.20 10:04:35.935,0.75156,0.7518,1.75,1.37
2016.04.20 10:04:36.237,0.75161,0.7518,1.75,1.00
2016.04.20 10:04:36.693,0.75161,0.75185,1.75,1.50
2016.04.20 10:04:37.195,0.75161,0.75185,1.75,1.75
2016.04.20 10:04:39.438,0.7516,0.7518,1.35,1.00
2016.04.20 10:04:40.537,0.7516,0.75181,1.35,1.00
2016.04.20 10:04:40.799,0.75163,0.7518,1.00,1.12
2016.04.20 10:04:41.437,0.75156,0.75175,2.25,1.00
2016.04.20 10:04:41.488,0.75157,0.75175,1.00,1.00
2016.04.20 10:04:41.589,0.7515,0.75175,2.25,1.50
2016.04.20 10:04:42.109,0.75155,0.75178,1.75,1.75
2016.04.20 10:04:42.564,0.75154,0.7518,1.75,2.25
2016.04.20 10:04:43.067,0.75152,0.75175,1.75,1.12
2016.04.20 10:04:43.384,0.75149,0.75175,2.25,1.50
2016.04.20 10:04:43.718,0.75146,0.75176,4.50,2.25
2016.04.20 10:04:44.078,0.7515,0.75176,1.75,1.75
2016.04.20 10:04:44.591,0.7515,0.7518,3.00,1.75
2016.04.20 10:04:49.184,0.75153,0.7518,1.75,1.75
2016.04.20 10:04:50.608,0.7516,0.75183,1.12,1.75
2016.04.20 10:04:50.709,0.75154,0.75183,6.00,1.75
2016.04.20 10:04:51.989,0.7516,0.75185,1.75,1.75
2016.04.20 10:04:52.293,0.75164,0.75183,1.00,1.00
2016.04.20 10:05:00.577,0.75158,0.7518,1.75,1.00
2016.04.20 10:05:00.729,0.7516,0.75179,1.50,1.00
2016.04.20 10:05:01.668,0.75161,0.75179,1.00,1.00
2016.04.20 10:05:02.458,0.75161,0.75187,1.50,2.25
2016.04.20 10:05:03.497,0.75161,0.75188,1.75,1.75
2016.04.20 10:05:03.833,0.75169,0.75189,1.75,1.00
2016.04.20 10:05:04.440,0.7517,0.75193,1.75,1.75
2016.04.20 10:05:07.338,0.75164,0.7519,1.75,3.00
2016.04.20 10:05:10.010,0.75165,0.75184,1.00,1.00
2016.04.20 10:05:12.005,0.75162,0.75189,1.75,1.75
2016.04.20 10:05:12.508,0.75162,0.75184,1.75,1.00
2016.04.20 10:05:13.028,0.75162,0.75189,1.75,1.75
2016.04.20 10:05:13.630,0.75162,0.75189,1.75,1.75
2016.04.20 10:05:17.456,0.75163,0.7519,1.75,2.25
2016.04.20 10:05:17.665,0.75165,0.75184,1.00,1.00
2016.04.20 10:05:17.766,0.75164,0.7519,1.75,2.25
2016.04.20 10:05:18.076,0.75166,0.75192,1.75,1.75
2016.04.20 10:05:23.950,0.75166,0.7519,1.75,1.75
2016.04.20 10:05:24.052,0.75164,0.75183,1.00,1.00
2016.04.20 10:05:24.153,0.75159,0.75187,2.25,2.25
2016.04.20 10:05:24.469,0.75164,0.75188,1.75,1.75
2016.04.20 10:05:25.249,0.75166,0.75192,1.75,1.75
2016.04.20 10:05:26.928,0.75168,0.75194,1.75,2.25
2016.04.20 10:05:26.979,0.7517,0.75195,1.75,1.75
2016.04.20 10:05:27.130,0.75168,0.75193,1.75,1.75
2016.04.20 10:05:27.181,0.75167,0.75193,1.75,2.25
2016.04.20 10:05:33.165,0.75169,0.75195,1.75,2.25
2016.04.20 10:05:33.467,0.75171,0.75196,1.75,1.75
2016.04.20 10:05:35.872,0.7517,0.7519,1.12,1.75
2016.04.20 10:05:36.074,0.75167,0.7519,1.12,1.75
2016.04.20 10:05:36.175,0.75167,0.7519,1.12,1.75
2016.04.20 10:05:37.888,0.75165,0.75185,1.50,1.12
2016.04.20 10:05:37.989,0.75159,0.75186,3.00,1.75
2016.04.20 10:05:38.493,0.75165,0.75184,1.50,1.00
2016.04.20 10:05:39.027,0.75165,0.75188,1.12,1.75
2016.04.20 10:05:39.379,0.75162,0.75185,1.37,1.75
2016.04.20 10:05:39.430,0.75162,0.7518,1.00,1.00
2016.04.20 10:05:39.531,0.75162,0.75185,1.00,3.00
2016.04.20 10:05:40.063,0.7516,0.75185,1.50,3.75
2016.04.20 10:05:40.366,0.7516,0.75183,1.37,1.75
2016.04.20 10:05:40.416,0.7516,0.75183,1.12,1.75
2016.04.20 10:05:42.572,0.75161,0.75184,1.37,3.00
2016.04.20 10:05:42.623,0.75161,0.75185,1.75,1.75
2016.04.20 10:05:42.724,0.75161,0.75185,1.75,1.75
2016.04.20 10:05:42.826,0.75162,0.75181,1.00,1.00
2016.04.20 10:05:42.877,0.7516,0.75183,1.37,1.75
2016.04.20 10:05:43.028,0.75156,0.7518,1.35,1.75
2016.04.20 10:05:43.537,0.7516,0.75182,1.00,1.75
2016.04.20 10:05:44.040,0.75157,0.7518,1.50,1.75
2016.04.20 10:05:45.093,0.75157,0.7518,1.37,1.75
2016.04.20 10:05:45.194,0.75157,0.7518,1.12,1.75
2016.04.20 10:05:46.546,0.75157,0.7518,1.50,1.75
2016.04.20 10:05:53.163,0.75154,0.75176,2.25,1.00
2016.04.20 10:05:53.657,0.75154,0.7518,1.75,2.25
2016.04.20 10:05:54.270,0.75154,0.7518,1.75,3.00
2016.04.20 10:06:01.252,0.75156,0.75177,1.00,1.75
2016.04.20 10:06:01.773,0.7515,0.75175,1.75,1.75
2016.04.20 10:06:01.924,0.75147,0.75166,1.00,1.00
2016.04.20 10:06:06.764,0.75145,0.75169,1.75,1.75
2016.04.20 10:06:06.815,0.75145,0.75169,1.75,1.50
2016.04.20 10:06:07.954,0.7515,0.7517,1.50,1.50
2016.04.20 10:06:08.466,0.7515,0.7517,1.75,1.37
2016.04.20 10:06:08.971,0.7515,0.7517,1.50,1.75
2016.04.20 10:06:12.597,0.75155,0.75173,1.00,1.75
2016.04.20 10:06:12.816,0.7515,0.7517,1.50,1.75
2016.04.20 10:06:15.194,0.75146,0.7517,1.75,1.75
2016.04.20 10:06:17.252,0.7515,0.75169,1.37,1.37
2016.04.20 10:06:17.303,0.75151,0.75169,1.00,1.00
2016.04.20 10:06:17.839,0.75151,0.7517,1.00,1.00
2016.04.20 10:06:18.500,0.7515,0.75172,1.37,2.25
2016.04.20 10:06:19.018,0.7515,0.7517,1.00,1.75
2016.04.20 10:06:19.416,0.7515,0.75172,1.37,1.75
2016.04.20 10:06:19.467,0.7515,0.75172,1.50,1.75
2016.04.20 10:06:22.419,0.75155,0.75176,1.00,1.75
2016.04.20 10:06:22.565,0.75155,0.75176,1.00,1.75
2016.04.20 10:06:23.098,0.75151,0.7517,1.00,1.00
2016.04.20 10:06:23.300,0.75146,0.75171,1.50,2.25
2016.04.20 10:06:23.721,0.75149,0.75171,1.50,1.75
2016.04.20 10:06:24.424,0.75149,0.75174,2.25,1.75
2016.04.20 10:06:25.567,0.7515,0.75174,1.75,1.75
2016.04.20 10:06:25.617,0.75152,0.75175,1.75,2.25
2016.04.20 10:06:25.821,0.75151,0.7517,1.00,1.00
2016.04.20 10:06:26.812,0.7515,0.75174,1.75,1.87
2016.04.20 10:06:28.016,0.7515,0.75175,2.25,2.25
2016.04.20 10:06:28.359,0.7515,0.75174,2.25,1.75
2016.04.20 10:06:31.426,0.75155,0.75174,1.00,1.75
2016.04.20 10:06:32.946,0.75154,0.75175,1.00,1.75
2016.04.20 10:06:33.461,0.75155,0.75175,1.00,2.25
2016.04.20 10:06:33.992,0.75154,0.75175,1.00,1.75
2016.04.20 10:06:34.513,0.75154,0.75173,1.00,1.75
2016.04.20 10:06:37.565,0.75155,0.75173,1.00,2.25
2016.04.20 10:06:38.046,0.75154,0.75174,1.00,1.75
2016.04.20 10:06:38.248,0.75155,0.75175,1.50,1.87
2016.04.20 10:06:38.450,0.75154,0.75176,1.50,2.25
2016.04.20 10:06:38.956,0.75154,0.75175,1.00,1.75
2016.04.20 10:06:39.887,0.75155,0.75175,1.00,2.25
2016.04.20 10:06:40.593,0.75155,0.75175,1.12,2.25
2016.04.20 10:06:40.694,0.75159,0.75175,1.00,1.75
2016.04.20 10:06:41.235,0.7516,0.7518,1.00,4.50
2016.04.20 10:06:44.621,0.75154,0.75175,1.75,1.75
2016.04.20 10:06:45.155,0.75155,0.75175,1.12,2.25
2016.04.20 10:06:45.485,0.7516,0.75177,1.00,1.75
2016.04.20 10:06:46.607,0.7516,0.75176,1.00,1.00
2016.04.20 10:06:46.709,0.75155,0.75175,1.75,1.12
2016.04.20 10:06:46.810,0.75155,0.75175,1.37,1.75
2016.04.20 10:06:46.911,0.75155,0.75172,1.12,1.00
2016.04.20 10:06:47.082,0.75155,0.75175,1.00,1.75
2016.04.20 10:06:52.319,0.75155,0.75175,1.00,1.75
2016.04.20 10:06:52.746,0.75159,0.75175,1.00,3.00
2016.04.20 10:06:53.199,0.75155,0.75175,1.00,3.75
2016.04.20 10:06:53.517,0.7516,0.75175,1.00,3.00
2016.04.20 10:06:53.719,0.7516,0.75176,1.00,1.75
2016.04.20 10:06:54.195,0.75155,0.75175,1.12,1.75
2016.04.20 10:06:55.664,0.7515,0.75174,1.75,2.25
2016.04.20 10:06:55.714,0.7515,0.75174,1.75,2.25
2016.04.20 10:06:59.786,0.75154,0.75175,1.00,1.75
2016.04.20 10:07:00.121,0.75154,0.75176,1.12,2.25
2016.04.20 10:07:00.548,0.75152,0.75173,1.12,1.75
2016.04.20 10:07:01.115,0.7515,0.75173,2.25,1.75
2016.04.20 10:07:02.245,0.7515,0.75175,1.75,3.00
2016.04.20 10:07:02.835,0.75154,0.75175,1.12,1.75
2016.04.20 10:07:03.464,0.75155,0.75175,1.00,1.75
2016.04.20 10:07:04.715,0.75155,0.75176,1.12,1.75
2016.04.20 10:07:12.944,0.75155,0.75176,1.00,3.00
2016.04.20 10:07:13.449,0.75155,0.75174,1.00,1.75
2016.04.20 10:07:13.753,0.75155,0.7517,1.00,1.00
2016.04.20 10:07:16.074,0.75154,0.7517,1.00,1.00
2016.04.20 10:07:16.617,0.75154,0.75171,1.00,1.00
2016.04.20 10:07:17.155,0.75155,0.75171,1.00,1.00
2016.04.20 10:07:17.594,0.7516,0.75171,1.00,1.00
2016.04.20 10:07:18.047,0.7516,0.7518,1.00,1.75
2016.04.20 10:07:18.148,0.75159,0.75181,1.50,2.25
2016.04.20 10:07:18.400,0.7516,0.7518,1.12,2.25
2016.04.20 10:07:18.723,0.7516,0.75173,1.00,1.00
2016.04.20 10:07:19.587,0.75155,0.75173,2.25,1.00
2016.04.20 10:07:19.899,0.7516,0.75179,1.00,1.75
2016.04.20 10:07:20.050,0.7516,0.7518,1.00,2.25
2016.04.20 10:07:20.554,0.7516,0.7518,1.12,1.75
2016.04.20 10:07:34.207,0.75156,0.75176,1.50,1.37
2016.04.20 10:07:34.559,0.7516,0.7518,1.00,3.60
2016.04.20 10:07:38.280,0.75159,0.7518,1.50,1.75
2016.04.20 10:07:38.583,0.75159,0.75181,1.75,1.75
2016.04.20 10:07:40.574,0.75159,0.75181,1.37,2.25
2016.04.20 10:07:40.709,0.75159,0.75181,1.12,2.25
2016.04.20 10:07:41.488,0.7516,0.7518,1.00,1.75
2016.04.20 10:07:42.036,0.75159,0.75181,1.75,1.75
2016.04.20 10:07:42.633,0.7516,0.7518,2.25,1.75
2016.04.20 10:07:43.389,0.7516,0.7518,2.25,1.37
2016.04.20 10:07:43.792,0.75165,0.75182,1.00,1.75
2016.04.20 10:07:43.893,0.7516,0.7518,1.50,1.37
2016.04.20 10:07:44.411,0.7516,0.7518,1.37,1.50
2016.04.20 10:07:44.512,0.7516,0.7518,1.00,1.75
2016.04.20 10:07:46.615,0.75159,0.7518,1.00,1.75
2016.04.20 10:07:47.380,0.75159,0.7518,1.00,1.75
2016.04.20 10:07:50.325,0.7516,0.7518,1.00,1.75
2016.04.20 10:07:50.628,0.75161,0.7518,1.00,1.50
2016.04.20 10:07:50.679,0.75165,0.7518,1.00,1.00
2016.04.20 10:07:50.780,0.75161,0.7518,1.00,1.50
2016.04.20 10:07:51.233,0.75165,0.7518,1.00,1.00
2016.04.20 10:07:51.560,0.75165,0.75182,1.00,1.75
2016.04.20 10:07:52.889,0.75164,0.75182,1.00,1.75
2016.04.20 10:07:53.881,0.75164,0.75182,1.00,1.75
2016.04.20 10:07:53.983,0.7516,0.75177,1.00,1.00
2016.04.20 10:07:56.603,0.75165,0.75177,1.00,1.00
2016.04.20 10:07:57.081,0.7516,0.75177,1.00,1.00
2016.04.20 10:08:00.883,0.75165,0.75182,1.00,1.75
2016.04.20 10:08:01.142,0.75165,0.75185,1.00,1.75
2016.04.20 10:08:01.243,0.75164,0.75186,1.50,1.75
2016.04.20 10:08:01.344,0.75165,0.75187,1.75,2.10
2016.04.20 10:08:05.538,0.75165,0.75187,1.50,1.75
2016.04.20 10:08:05.844,0.7517,0.7519,1.00,3.75
2016.04.20 10:08:07.944,0.7517,0.7519,1.00,2.25
2016.04.20 10:08:08.469,0.75169,0.7519,1.00,1.75
2016.04.20 10:08:10.679,0.7517,0.7519,1.00,2.25
2016.04.20 10:08:11.082,0.7517,0.75188,1.00,1.00
2016.04.20 10:08:11.289,0.7517,0.7519,1.00,1.75
2016.04.20 10:08:11.793,0.7517,0.7519,1.00,3.60
2016.04.20 10:08:13.864,0.75165,0.75185,1.75,1.50
2016.04.20 10:08:15.780,0.7517,0.75185,1.00,1.00
2016.04.20 10:08:16.720,0.7517,0.7519,1.00,3.00
2016.04.20 10:08:16.872,0.75165,0.75185,1.75,1.50
2016.04.20 10:08:17.275,0.75169,0.75189,1.00,1.75
2016.04.20 10:08:17.426,0.75163,0.75185,1.75,1.75
2016.04.20 10:08:17.879,0.7516,0.75185,2.25,2.25
2016.04.20 10:08:17.929,0.7516,0.75185,2.25,2.25
2016.04.20 10:08:18.857,0.7516,0.75181,2.25,1.00
2016.04.20 10:08:26.493,0.75158,0.75182,1.75,1.00
2016.04.20 10:08:32.483,0.7516,0.75184,1.75,1.75
2016.04.20 10:08:33.021,0.7516,0.75183,1.75,1.75
2016.04.20 10:08:37.008,0.7516,0.75185,2.25,1.75
2016.04.20 10:08:37.210,0.7516,0.75185,2.25,1.75
2016.04.20 10:08:37.729,0.75165,0.75187,1.75,2.25
2016.04.20 10:08:46.409,0.75163,0.75185,1.75,1.00
2016.04.20 10:08:47.835,0.75165,0.7519,1.75,3.75
2016.04.20 10:08:48.371,0.75165,0.75189,1.50,1.75
2016.04.20 10:08:48.961,0.75165,0.75189,2.25,1.75
2016.04.20 10:08:49.012,0.75167,0.75186,1.00,1.00
2016.04.20 10:08:51.366,0.75165,0.75189,1.75,1.75
2016.04.20 10:08:51.904,0.75164,0.75185,1.75,1.12
2016.04.20 10:08:52.055,0.75164,0.75185,1.75,1.00
2016.04.20 10:08:52.605,0.75169,0.75191,1.12,1.75
2016.04.20 10:08:53.107,0.75167,0.75185,1.75,1.00
2016.04.20 10:08:54.973,0.75167,0.7519,1.75,1.75
2016.04.20 10:08:55.275,0.75166,0.7519,1.75,1.75
2016.04.20 10:08:55.619,0.7517,0.75192,1.00,2.25
2016.04.20 10:08:59.235,0.7517,0.75186,1.00,1.00
2016.04.20 10:08:59.454,0.7517,0.75194,1.87,3.00
2016.04.20 10:08:59.555,0.7517,0.75195,2.25,2.25
2016.04.20 10:09:00.129,0.7517,0.75195,1.50,2.25
2016.04.20 10:09:00.281,0.7517,0.75192,1.37,3.00
2016.04.20 10:09:00.382,0.75167,0.7519,1.50,1.75
2016.04.20 10:09:02.884,0.75167,0.75188,1.00,1.75
2016.04.20 10:09:13.189,0.75165,0.75185,1.75,1.00
2016.04.20 10:09:13.604,0.7517,0.7519,1.00,1.75
2016.04.20 10:09:14.111,0.7517,0.7519,1.00,1.75
2016.04.20 10:09:15.550,0.75169,0.75191,1.12,1.75
2016.04.20 10:09:16.773,0.7517,0.75189,1.00,1.75
2016.04.20 10:09:17.538,0.75165,0.75184,1.50,1.00
2016.04.20 10:09:17.639,0.7517,0.75184,1.00,1.00
2016.04.20 10:09:17.791,0.75165,0.75185,1.75,1.12
2016.04.20 10:09:17.892,0.75165,0.75185,1.37,1.50
2016.04.20 10:09:19.103,0.75165,0.75185,1.00,1.75
2016.04.20 10:09:19.612,0.75164,0.75186,1.12,3.00
2016.04.20 10:09:20.398,0.75165,0.75185,1.00,1.75
2016.04.20 10:09:20.938,0.75159,0.75184,2.25,1.75
2016.04.20 10:09:24.048,0.75165,0.75185,1.00,1.75
2016.04.20 10:09:24.672,0.75164,0.75186,1.12,2.25
2016.04.20 10:09:27.202,0.75165,0.75185,1.00,1.75
2016.04.20 10:09:30.551,0.75165,0.75185,1.12,1.75
2016.04.20 10:09:30.854,0.75165,0.75185,1.75,1.50
2016.04.20 10:09:31.162,0.75164,0.75186,1.50,2.25
2016.04.20 10:09:33.266,0.75165,0.75185,1.00,1.75
2016.04.20 10:09:33.418,0.75159,0.75186,2.25,2.25
2016.04.20 10:09:43.394,0.75165,0.75185,1.00,1.75
2016.04.20 10:09:45.198,0.75165,0.75184,1.00,1.75
2016.04.20 10:09:47.842,0.75165,0.75184,1.00,1.75
2016.04.20 10:09:48.402,0.75159,0.75181,1.75,1.75
2016.04.20 10:09:49.849,0.7516,0.75181,1.12,1.75
2016.04.20 10:09:50.471,0.75155,0.7518,2.25,2.25
2016.04.20 10:09:50.972,0.75156,0.75181,1.75,1.75
2016.04.20 10:09:52.806,0.7516,0.7518,1.00,1.75
2016.04.20 10:09:53.570,0.75159,0.75181,1.12,1.75
2016.04.20 10:09:55.424,0.7516,0.7518,1.00,1.75
2016.04.20 10:09:56.231,0.75156,0.7518,1.75,1.75
2016.04.20 10:09:56.926,0.7516,0.75181,1.00,2.25
2016.04.20 10:09:57.578,0.75165,0.75183,1.50,2.25
2016.04.20 10:09:57.679,0.75165,0.75182,1.50,1.00
2016.04.20 10:09:57.780,0.75165,0.75188,1.75,1.75
2016.04.20 10:10:00.630,0.75163,0.75185,1.75,3.75
2016.04.20 10:10:00.681,0.75162,0.75182,1.00,1.75
2016.04.20 10:10:00.782,0.75157,0.7518,1.75,3.00
2016.04.20 10:10:03.687,0.75159,0.75178,1.00,1.50
2016.04.20 10:10:04.203,0.75159,0.75177,1.00,1.00
2016.04.20 10:10:04.718,0.75159,0.75178,1.00,1.00
2016.04.20 10:10:05.946,0.75155,0.7517,1.75,2.10
2016.04.20 10:10:06.098,0.75145,0.75164,1.50,1.60
2016.04.20 10:10:06.149,0.75139,0.75161,2.25,1.87
2016.04.20 10:10:06.300,0.75135,0.75154,1.00,1.50
2016.04.20 10:10:06.351,0.7513,0.75145,1.37,1.37
2016.04.20 10:10:06.505,0.75125,0.75145,1.12,1.75
2016.04.20 10:10:06.556,0.75125,0.75145,1.00,1.75
2016.04.20 10:10:07.270,0.7513,0.75146,1.00,2.25
2016.04.20 10:10:07.321,0.7513,0.75148,1.00,2.25
2016.04.20 10:10:07.477,0.75129,0.75144,1.00,1.00
2016.04.20 10:10:07.779,0.75125,0.7515,1.50,4.50
2016.04.20 10:10:07.980,0.75125,0.75148,1.00,1.75
2016.04.20 10:10:08.383,0.75124,0.75146,1.00,1.75
2016.04.20 10:10:08.947,0.75125,0.75145,1.00,1.75
2016.04.20 10:10:10.524,0.7513,0.75146,1.00,1.75
2016.04.20 10:10:10.625,0.7513,0.75148,1.00,1.35
2016.04.20 10:10:10.726,0.7513,0.75148,1.00,1.67
2016.04.20 10:10:11.734,0.75125,0.75145,1.00,1.00
2016.04.20 10:10:12.082,0.7513,0.75148,1.00,1.67
2016.04.20 10:10:14.280,0.75125,0.75145,1.00,1.00
2016.04.20 10:10:14.431,0.75125,0.75145,1.00,1.72
2016.04.20 10:10:17.672,0.75125,0.75144,1.00,2.85
2016.04.20 10:10:17.723,0.7512,0.7514,1.00,1.00
2016.04.20 10:10:17.975,0.7512,0.75142,1.00,1.50
2016.04.20 10:10:18.503,0.75119,0.75142,1.00,1.00
2016.04.20 10:10:20.316,0.7512,0.75142,1.00,1.00
2016.04.20 10:10:21.460,0.75119,0.75142,1.00,1.00
2016.04.20 10:10:22.183,0.7512,0.75142,1.00,1.00
2016.04.20 10:10:23.745,0.7512,0.75144,1.00,2.10
2016.04.20 10:10:26.508,0.75119,0.75144,1.00,2.10
2016.04.20 10:10:27.516,0.7512,0.75144,1.00,2.10
2016.04.20 10:10:27.717,0.7512,0.75144,1.12,1.35
2016.04.20 10:10:28.332,0.75119,0.75143,1.75,1.35
2016.04.20 10:10:33.324,0.7512,0.75143,1.37,1.35
2016.04.20 10:10:33.576,0.75115,0.75141,1.12,2.25
2016.04.20 10:10:33.627,0.75115,0.75141,1.50,2.25
2016.04.20 10:10:34.243,0.75114,0.75142,1.75,4.50
2016.04.20 10:10:34.794,0.75115,0.75142,1.75,2.25
2016.04.20 10:10:36.246,0.75115,0.75141,1.50,2.25
2016.04.20 10:10:36.297,0.75115,0.7514,1.50,3.00
2016.04.20 10:10:37.524,0.75115,0.75139,1.37,2.25
2016.04.20 10:10:37.625,0.75113,0.75139,1.50,3.75
2016.04.20 10:10:37.727,0.75111,0.75134,1.37,1.35
2016.04.20 10:10:37.778,0.75111,0.75134,1.12,1.35
2016.04.20 10:10:37.974,0.7511,0.75125,1.00,1.00
2016.04.20 10:10:38.229,0.75106,0.75125,1.00,1.00
2016.04.20 10:10:38.330,0.75105,0.75129,1.37,2.25
2016.04.20 10:10:38.834,0.75105,0.75129,1.37,1.75
2016.04.20 10:10:40.106,0.751,0.75127,2.25,2.10
2016.04.20 10:10:40.447,0.751,0.75127,2.25,5.10
2016.04.20 10:10:40.498,0.751,0.75127,1.75,1.35
2016.04.20 10:10:40.783,0.75104,0.75128,1.75,1.75
2016.04.20 10:10:41.186,0.75101,0.75128,1.75,1.75
2016.04.20 10:10:47.812,0.75104,0.75129,1.75,1.35
2016.04.20 10:10:53.285,0.75105,0.75128,1.75,1.75
2016.04.20 10:11:00.881,0.75109,0.75129,1.00,1.75
2016.04.20 10:11:00.932,0.75109,0.75133,1.75,1.75
2016.04.20 10:11:01.033,0.7511,0.75134,1.75,1.75
2016.04.20 10:11:01.993,0.75111,0.75136,1.75,2.10
2016.04.20 10:11:02.173,0.7511,0.75136,2.25,2.10
2016.04.20 10:11:02.725,0.7511,0.75136,1.75,2.10
2016.04.20 10:11:06.553,0.75111,0.75136,1.75,1.35
2016.04.20 10:11:16.098,0.75111,0.75136,1.75,1.35
2016.04.20 10:11:16.654,0.75114,0.7514,2.25,1.75
2016.04.20 10:11:20.007,0.75115,0.7514,1.75,1.75
2016.04.20 10:11:24.236,0.75115,0.7514,1.75,1.75
2016.04.20 10:11:24.337,0.75115,0.7514,1.75,1.75
2016.04.20 10:11:26.489,0.75115,0.75141,1.75,2.10
2016.04.20 10:11:31.690,0.75115,0.75141,6.00,1.50
2016.04.20 10:11:32.003,0.75123,0.75141,1.00,1.00
2016.04.20 10:11:32.205,0.7512,0.75146,1.75,1.75
2016.04.20 10:11:33.695,0.7512,0.75145,1.75,1.75
2016.04.20 10:11:42.311,0.75123,0.75148,1.75,1.75
2016.04.20 10:11:42.412,0.75125,0.75149,1.75,1.75
2016.04.20 10:11:42.724,0.75128,0.75153,1.75,2.10
2016.04.20 10:11:46.374,0.75127,0.75152,1.50,1.75
2016.04.20 10:11:46.425,0.75127,0.75146,1.50,1.00
2016.04.20 10:11:46.526,0.75122,0.75148,1.75,1.75
2016.04.20 10:11:47.048,0.75122,0.75145,1.75,1.75
2016.04.20 10:11:51.723,0.75125,0.75148,1.75,1.75
2016.04.20 10:11:55.228,0.75125,0.75149,1.75,1.75
2016.04.20 10:11:56.547,0.75125,0.75149,1.50,1.75
2016.04.20 10:12:01.746,0.75125,0.75149,1.75,1.75
2016.04.20 10:12:02.048,0.7513,0.7515,1.75,1.75
2016.04.20 10:12:12.130,0.7513,0.7515,1.37,2.10
2016.04.20 10:12:12.181,0.7513,0.7515,1.12,2.10
2016.04.20 10:12:12.689,0.75125,0.75149,1.75,1.75
2016.04.20 10:12:15.280,0.75125,0.7515,1.75,1.75
2016.04.20 10:12:15.784,0.75125,0.75148,1.75,1.75
2016.04.20 10:12:18.844,0.75125,0.75147,1.75,1.75
2016.04.20 10:12:18.895,0.75125,0.75147,1.75,1.75
2016.04.20 10:12:19.197,0.7513,0.75149,1.00,2.10
2016.04.20 10:12:23.359,0.75125,0.75145,1.75,1.50
2016.04.20 10:12:26.696,0.75126,0.75146,1.00,2.25
2016.04.20 10:12:45.031,0.7513,0.75148,1.00,1.75
2016.04.20 10:12:45.132,0.75125,0.75148,1.37,1.75
2016.04.20 10:12:46.470,0.75125,0.7515,1.37,2.25
2016.04.20 10:12:50.372,0.75126,0.75148,1.00,1.75
2016.04.20 10:12:50.523,0.75124,0.75143,1.00,1.00
2016.04.20 10:12:50.574,0.75121,0.75143,1.37,2.25
2016.04.20 10:12:50.624,0.75121,0.75143,1.00,2.25
2016.04.20 10:12:50.755,0.75115,0.75138,1.75,1.75
2016.04.20 10:12:52.849,0.7512,0.75141,1.37,1.50
2016.04.20 10:12:53.050,0.75119,0.75143,4.50,1.12
2016.04.20 10:12:56.049,0.75121,0.75143,1.75,1.00
2016.04.20 10:12:56.572,0.7512,0.75146,3.00,1.75
2016.04.20 10:12:56.838,0.75128,0.75146,1.00,1.00
2016.04.20 10:12:57.291,0.75129,0.75152,1.37,1.75
2016.04.20 10:12:57.342,0.7513,0.75149,1.00,1.00
2016.04.20 10:13:01.720,0.7513,0.75148,1.00,1.00
2016.04.20 10:13:01.770,0.75124,0.75148,1.75,1.50
2016.04.20 10:13:02.659,0.75123,0.75145,2.25,1.00
2016.04.20 10:13:02.890,0.75129,0.75148,1.00,1.00
2016.04.20 10:13:03.041,0.7513,0.7515,1.37,1.50
2016.04.20 10:13:03.092,0.75131,0.7515,1.00,1.50
2016.04.20 10:13:03.143,0.7513,0.75155,1.75,3.00
2016.04.20 10:13:03.395,0.75131,0.75156,3.00,1.37
2016.04.20 10:13:04.412,0.75137,0.75156,1.00,1.50
2016.04.20 10:13:07.538,0.75137,0.75155,1.00,1.00
2016.04.20 10:13:12.426,0.75136,0.75155,1.00,1.50
2016.04.20 10:13:14.332,0.75131,0.75156,3.75,1.50
2016.04.20 10:13:14.634,0.7514,0.75156,1.00,1.00
2016.04.20 10:13:14.735,0.7514,0.75158,1.00,1.00
2016.04.20 10:13:14.836,0.75132,0.75159,2.25,1.75
2016.04.20 10:13:17.092,0.75132,0.75159,2.25,1.75
2016.04.20 10:13:17.142,0.7513,0.75155,5.25,1.50
2016.04.20 10:13:17.344,0.75132,0.75156,2.25,1.12
2016.04.20 10:13:22.218,0.75135,0.75158,1.75,1.50
2016.04.20 10:13:31.312,0.75135,0.75155,1.75,1.00
2016.04.20 10:13:31.941,0.75131,0.75154,2.25,1.00
2016.04.20 10:13:32.728,0.75131,0.75156,3.00,1.50
2016.04.20 10:13:33.031,0.75135,0.75155,1.75,1.00
2016.04.20 10:13:33.545,0.75132,0.75155,3.00,1.00
2016.04.20 10:13:34.074,0.75139,0.75155,1.00,1.00
2016.04.20 10:13:34.175,0.75132,0.75154,1.75,1.12
2016.04.20 10:13:34.708,0.75132,0.75155,1.75,1.87
2016.04.20 10:13:35.209,0.75135,0.75154,1.75,1.00
2016.04.20 10:13:35.750,0.75131,0.75154,1.75,1.12
2016.04.20 10:13:43.188,0.7513,0.75153,1.75,1.00
2016.04.20 10:13:43.321,0.7513,0.75153,1.75,1.50
2016.04.20 10:13:43.472,0.75127,0.7515,3.00,1.00
2016.04.20 10:13:44.154,0.75126,0.75149,2.25,1.00
2016.04.20 10:13:45.065,0.75126,0.75148,2.25,1.00
2016.04.20 10:13:45.116,0.75125,0.75148,1.75,1.00
2016.04.20 10:13:45.489,0.75126,0.75151,1.75,1.50
2016.04.20 10:13:46.251,0.75125,0.75151,2.25,1.75
2016.04.20 10:13:46.302,0.75124,0.75149,3.75,1.50
2016.04.20 10:13:46.352,0.75125,0.75149,1.75,1.75
2016.04.20 10:13:46.403,0.75125,0.75149,1.75,1.75
2016.04.20 10:13:46.705,0.75124,0.75149,2.25,1.75
2016.04.20 10:13:47.029,0.75124,0.75149,1.75,1.50
2016.04.20 10:13:51.642,0.75125,0.7515,1.75,1.75
2016.04.20 10:13:53.225,0.75125,0.75147,1.75,1.50
2016.04.20 10:13:53.527,0.75119,0.75144,1.75,1.75
2016.04.20 10:13:53.829,0.75119,0.7514,1.75,1.00
2016.04.20 10:13:55.631,0.7512,0.75141,1.75,1.00
2016.04.20 10:13:58.297,0.7512,0.75144,1.75,1.50
2016.04.20 10:14:00.323,0.75119,0.75144,1.75,1.75
2016.04.20 10:14:00.870,0.75118,0.75141,2.85,1.00
2016.04.20 10:14:01.378,0.75125,0.75143,1.00,1.37
2016.04.20 10:14:01.950,0.75119,0.75143,3.00,1.12
2016.04.20 10:14:02.459,0.75118,0.75144,2.10,1.75
2016.04.20 10:14:02.971,0.75118,0.75144,3.60,1.37
2016.04.20 10:14:03.072,0.75126,0.75144,1.00,1.00
2016.04.20 10:14:03.464,0.75121,0.75144,2.25,1.12
2016.04.20 10:14:04.249,0.7512,0.75144,4.50,1.12
2016.04.20 10:14:06.494,0.75122,0.75145,2.25,1.37
2016.04.20 10:14:06.797,0.75123,0.75144,3.75,1.00
2016.04.20 10:14:07.199,0.75123,0.75148,3.75,1.50
2016.04.20 10:14:18.916,0.75121,0.75148,2.25,1.75
2016.04.20 10:14:19.418,0.75121,0.75145,2.25,1.50
2016.04.20 10:14:19.519,0.75127,0.75145,1.00,1.00
2016.04.20 10:14:20.368,0.75127,0.75144,1.00,1.00
2016.04.20 10:14:20.714,0.75127,0.75146,1.00,1.00
2016.04.20 10:14:21.115,0.75129,0.75147,1.00,1.50
2016.04.20 10:14:21.678,0.75129,0.75146,1.00,1.00
2016.04.20 10:14:22.191,0.75129,0.75147,1.00,1.50
2016.04.20 10:14:22.540,0.75131,0.75147,1.00,1.00
2016.04.20 10:14:23.072,0.75125,0.75147,1.75,1.12
2016.04.20 10:14:23.375,0.75125,0.75146,1.50,1.75
2016.04.20 10:14:23.711,0.75125,0.75148,1.75,1.50
2016.04.20 10:14:24.571,0.75125,0.75146,1.75,1.00
2016.04.20 10:14:24.622,0.75126,0.75145,1.00,1.00
2016.04.20 10:14:25.032,0.75125,0.75149,1.75,1.75
2016.04.20 10:14:25.234,0.7513,0.75149,1.00,1.50
2016.04.20 10:14:25.776,0.7513,0.75148,1.00,1.00
2016.04.20 10:14:27.727,0.7513,0.75149,1.00,1.00
2016.04.20 10:14:28.942,0.7513,0.75148,1.00,1.00
2016.04.20 10:14:29.553,0.7513,0.75149,1.00,1.00
2016.04.20 10:14:33.217,0.75124,0.7515,3.00,1.50
2016.04.20 10:14:33.750,0.75125,0.7515,3.00,2.25
2016.04.20 10:14:34.289,0.75133,0.7515,1.00,1.00
2016.04.20 10:14:34.835,0.75133,0.75149,1.00,1.00
2016.04.20 10:14:35.449,0.75133,0.75151,1.00,1.00
2016.04.20 10:14:35.973,0.75129,0.75151,1.75,1.50
2016.04.20 10:14:36.728,0.7513,0.75151,1.75,1.50
2016.04.20 10:14:38.772,0.7513,0.75154,1.75,1.37
2016.04.20 10:14:44.651,0.7513,0.75153,1.75,1.50
2016.04.20 10:14:48.563,0.75129,0.75155,2.25,1.50
2016.04.20 10:14:48.614,0.75136,0.75155,1.00,1.50
2016.04.20 10:14:49.278,0.75136,0.75154,1.00,1.00
2016.04.20 10:14:52.275,0.7513,0.75154,1.75,1.50
2016.04.20 10:14:53.459,0.7513,0.75153,3.00,1.00
2016.04.20 10:14:54.030,0.7513,0.75155,3.00,1.87
2016.04.20 10:14:54.897,0.7513,0.75153,3.00,1.00
2016.04.20 10:14:56.216,0.7513,0.75154,3.00,1.00
2016.04.20 10:14:56.889,0.75132,0.75155,2.25,1.00
2016.04.20 10:14:57.417,0.75132,0.75157,2.25,1.50
2016.04.20 10:15:00.078,0.7513,0.75154,2.10,1.50
2016.04.20 10:15:00.280,0.75128,0.7515,1.75,1.50
2016.04.20 10:15:01.679,0.75125,0.75149,1.75,1.37
2016.04.20 10:15:02.211,0.75125,0.75149,1.75,1.75
2016.04.20 10:15:02.724,0.75125,0.75147,1.75,1.50
2016.04.20 10:15:03.062,0.75125,0.75144,1.75,1.12
2016.04.20 10:15:07.040,0.75125,0.7515,1.75,2.25
2016.04.20 10:15:07.141,0.75129,0.75148,1.00,1.00
2016.04.20 10:15:08.377,0.7513,0.75148,1.00,1.00
2016.04.20 10:15:09.146,0.75129,0.75148,1.00,1.00
2016.04.20 10:15:09.830,0.75125,0.7515,2.25,2.25
2016.04.20 10:15:11.209,0.75125,0.7515,1.75,2.10
2016.04.20 10:15:14.347,0.75129,0.75152,1.75,2.10
2016.04.20 10:15:14.398,0.75131,0.7515,1.00,1.00
2016.04.20 10:15:18.957,0.7513,0.75153,1.75,1.35
2016.04.20 10:15:19.260,0.75135,0.75156,1.75,1.37
2016.04.20 10:15:19.862,0.75135,0.75159,1.75,2.10
2016.04.20 10:15:20.064,0.7514,0.75159,1.00,1.50
2016.04.20 10:15:24.331,0.75134,0.7516,3.75,1.50
2016.04.20 10:15:24.830,0.75137,0.75161,2.25,1.50
2016.04.20 10:15:25.349,0.75139,0.75163,2.25,1.12
2016.04.20 10:15:25.450,0.75145,0.75165,1.75,1.12
2016.04.20 10:15:26.639,0.75145,0.75168,1.75,1.75
2016.04.20 10:15:27.155,0.75143,0.75169,1.75,2.25
2016.04.20 10:15:27.741,0.75145,0.7517,1.75,2.10
2016.04.20 10:15:27.996,0.7515,0.75169,1.00,1.00
2016.04.20 10:15:29.000,0.75146,0.75167,1.75,1.72
2016.04.20 10:15:29.151,0.75144,0.75162,1.00,1.00
2016.04.20 10:15:30.813,0.75144,0.7516,1.00,1.00
2016.04.20 10:15:31.090,0.75144,0.75162,1.00,1.00
2016.04.20 10:15:31.482,0.7514,0.75163,1.75,2.10
2016.04.20 10:15:45.007,0.75136,0.7516,1.75,1.75
2016.04.20 10:15:45.309,0.75137,0.75162,1.75,1.35
2016.04.20 10:15:46.479,0.75136,0.75157,1.75,1.00
2016.04.20 10:15:46.894,0.75135,0.75159,1.75,1.75
2016.04.20 10:15:53.228,0.75135,0.7516,1.75,1.75
2016.04.20 10:16:05.652,0.7514,0.7516,1.75,1.50
2016.04.20 10:16:05.957,0.7514,0.7516,2.25,1.00
2016.04.20 10:16:06.163,0.7514,0.7516,2.25,1.00
2016.04.20 10:16:06.746,0.7514,0.7516,2.25,1.00
2016.04.20 10:16:07.279,0.75145,0.75164,1.12,1.75
2016.04.20 10:16:09.178,0.7515,0.75167,1.00,1.75
2016.04.20 10:16:09.280,0.75151,0.75175,1.75,1.75
2016.04.20 10:16:09.381,0.75157,0.75175,1.00,1.00
2016.04.20 10:16:09.482,0.75151,0.75175,3.00,1.00
2016.04.20 10:16:10.215,0.75155,0.75178,1.75,1.75
2016.04.20 10:16:11.180,0.7516,0.75183,2.25,1.75
2016.04.20 10:16:11.512,0.75161,0.75175,1.00,1.00
2016.04.20 10:16:11.562,0.7515,0.75175,1.75,1.50
2016.04.20 10:16:12.080,0.7515,0.75175,1.75,2.25
2016.04.20 10:16:12.955,0.75155,0.75176,1.50,1.37
2016.04.20 10:16:13.006,0.75155,0.75176,1.75,1.00
2016.04.20 10:16:13.057,0.75155,0.7518,1.75,2.25
2016.04.20 10:16:13.383,0.75155,0.75175,1.75,1.00
2016.04.20 10:16:13.586,0.75155,0.75175,1.75,1.00
2016.04.20 10:16:13.687,0.7515,0.75175,1.75,1.50
2016.04.20 10:16:13.888,0.7515,0.75175,1.75,1.75
2016.04.20 10:16:15.788,0.7515,0.75175,1.75,1.75
2016.04.20 10:16:16.491,0.7515,0.75175,1.75,1.75
2016.04.20 10:16:17.760,0.75154,0.75175,1.00,1.75
2016.04.20 10:16:20.966,0.7515,0.75173,1.75,1.00
2016.04.20 10:16:23.118,0.7515,0.75175,1.37,3.00
2016.04.20 10:16:27.603,0.7515,0.75174,1.12,3.00
2016.04.20 10:16:28.023,0.75145,0.7517,3.00,1.50
2016.04.20 10:16:28.325,0.75146,0.7517,3.00,1.00
2016.04.20 10:16:28.874,0.7515,0.75175,1.75,3.00
2016.04.20 10:16:29.326,0.7515,0.75175,1.75,2.25
2016.04.20 10:16:32.521,0.7515,0.75175,1.75,1.75
2016.04.20 10:16:33.146,0.75153,0.75172,1.00,1.00
2016.04.20 10:16:33.535,0.7515,0.75175,1.75,2.25
2016.04.20 10:16:34.231,0.7515,0.75175,3.00,1.50
2016.04.20 10:16:34.735,0.75157,0.75176,1.00,1.00
2016.04.20 10:16:35.283,0.75155,0.7518,1.75,2.25
2016.04.20 10:16:35.741,0.75155,0.7518,1.75,1.50
2016.04.20 10:16:36.272,0.75155,0.7518,2.25,1.75
2016.04.20 10:16:41.769,0.75155,0.7518,1.75,1.75
2016.04.20 10:16:42.321,0.75154,0.7518,1.75,1.75
2016.04.20 10:16:43.757,0.75154,0.7518,1.75,2.25
2016.04.20 10:16:44.059,0.75145,0.75171,3.75,1.50
2016.04.20 10:16:44.391,0.75145,0.75172,2.25,1.75
2016.04.20 10:16:46.465,0.7515,0.75172,1.00,1.75
2016.04.20 10:16:48.141,0.75144,0.7517,3.75,1.75
2016.04.20 10:16:48.645,0.7515,0.75174,1.50,2.25
2016.04.20 10:16:49.568,0.75145,0.7517,1.75,1.37
2016.04.20 10:16:50.688,0.7515,0.75172,1.50,1.75
2016.04.20 10:16:51.192,0.7515,0.75173,1.75,1.75
2016.04.20 10:16:51.526,0.75145,0.7517,1.75,1.75
2016.04.20 10:16:52.028,0.75145,0.7517,3.00,1.50
2016.04.20 10:16:53.507,0.75145,0.75166,1.75,1.00
2016.04.20 10:16:53.558,0.75145,0.75166,1.75,1.00
2016.04.20 10:16:53.772,0.75145,0.75165,1.75,1.00
2016.04.20 10:16:53.873,0.75141,0.75165,1.75,1.37
2016.04.20 10:16:53.974,0.75141,0.75165,1.75,1.75
2016.04.20 10:16:59.286,0.75145,0.75165,1.37,1.75
2016.04.20 10:17:00.047,0.75145,0.75165,1.50,1.75
2016.04.20 10:17:00.338,0.75145,0.75161,1.00,1.00
2016.04.20 10:17:00.590,0.7514,0.7516,1.75,1.12
2016.04.20 10:17:00.640,0.75142,0.7516,1.00,1.37
2016.04.20 10:17:00.963,0.7514,0.7516,1.12,1.75
2016.04.20 10:17:01.497,0.75139,0.75161,1.12,2.25
2016.04.20 10:17:02.126,0.75139,0.75161,1.37,2.25
2016.04.20 10:17:02.389,0.75139,0.75161,1.75,1.75
2016.04.20 10:17:03.117,0.75141,0.7516,1.00,1.50
2016.04.20 10:17:03.218,0.7514,0.7516,1.12,1.75
2016.04.20 10:17:05.247,0.7514,0.75157,1.12,1.00
2016.04.20 10:17:05.549,0.75145,0.7516,1.00,1.00
2016.04.20 10:17:05.701,0.75144,0.75163,1.37,1.37
2016.04.20 10:17:06.048,0.7514,0.7516,1.75,1.00
2016.04.20 10:17:06.642,0.75145,0.75165,1.00,2.25
2016.04.20 10:17:08.054,0.75145,0.75165,1.37,2.25
2016.04.20 10:17:08.724,0.75145,0.75165,1.12,2.25
2016.04.20 10:17:12.061,0.75144,0.75166,1.50,2.10
2016.04.20 10:17:12.562,0.75145,0.75165,1.50,1.37
2016.04.20 10:17:13.037,0.75149,0.75168,1.00,1.35
2016.04.20 10:17:14.177,0.75149,0.75169,1.37,1.75
2016.04.20 10:17:14.338,0.75149,0.75169,1.75,1.50
2016.04.20 10:17:14.389,0.7515,0.75169,1.50,1.50
2016.04.20 10:17:14.691,0.75154,0.75175,1.37,1.75
2016.04.20 10:17:15.097,0.75155,0.75175,1.37,1.75
2016.04.20 10:17:15.148,0.75155,0.75175,1.75,1.50
2016.04.20 10:17:17.075,0.75155,0.75178,1.75,1.75
2016.04.20 10:17:17.599,0.75155,0.7518,1.75,2.25
2016.04.20 10:17:18.580,0.75159,0.75182,1.50,1.75
2016.04.20 10:17:18.742,0.7516,0.7518,1.75,1.00
2016.04.20 10:17:19.053,0.75161,0.7518,1.00,1.50
2016.04.20 10:17:19.902,0.7516,0.75181,1.12,1.75
2016.04.20 10:17:20.435,0.75155,0.7518,2.25,2.25
2016.04.20 10:17:22.099,0.75155,0.7518,2.25,2.25
2016.04.20 10:17:22.698,0.75159,0.75178,1.00,1.00
2016.04.20 10:17:26.497,0.75155,0.7518,1.75,1.75
2016.04.20 10:17:27.184,0.75155,0.7518,2.25,2.25
2016.04.20 10:17:28.116,0.75155,0.7518,2.25,2.25
2016.04.20 10:17:29.821,0.75155,0.75178,1.75,1.37
2016.04.20 10:17:30.324,0.75157,0.75177,1.00,1.37
2016.04.20 10:17:30.627,0.7515,0.75171,1.00,2.25
2016.04.20 10:17:30.779,0.75145,0.75165,1.75,1.50
2016.04.20 10:17:31.343,0.75144,0.7517,2.25,1.75
2016.04.20 10:17:33.938,0.75146,0.7517,1.75,1.75
2016.04.20 10:17:34.089,0.75149,0.75167,1.00,1.00
2016.04.20 10:17:34.140,0.75146,0.7517,1.75,1.75
2016.04.20 10:17:34.356,0.75146,0.75164,1.00,1.00
2016.04.20 10:17:36.555,0.75141,0.75165,1.35,1.75
2016.04.20 10:17:36.656,0.75141,0.75165,1.35,1.75
2016.04.20 10:17:36.707,0.75142,0.75161,1.00,1.00
2016.04.20 10:17:38.800,0.75144,0.75161,1.00,1.00
2016.04.20 10:17:40.117,0.75145,0.75165,1.00,1.75
2016.04.20 10:17:41.445,0.7515,0.75166,1.00,1.75
2016.04.20 10:17:52.002,0.7515,0.75167,1.00,1.75
2016.04.20 10:17:53.082,0.7515,0.75169,1.00,1.75
2016.04.20 10:17:53.183,0.7515,0.7517,1.00,1.75
2016.04.20 10:17:53.386,0.75149,0.75168,1.87,1.00
2016.04.20 10:17:54.578,0.75149,0.75169,2.25,1.00
2016.04.20 10:18:01.101,0.7515,0.75173,1.00,1.75
2016.04.20 10:18:01.637,0.75145,0.75169,1.75,1.75
2016.04.20 10:18:02.152,0.7515,0.75169,1.00,1.75
2016.04.20 10:18:02.709,0.75145,0.75169,1.75,1.75
2016.04.20 10:18:03.964,0.7515,0.75169,1.00,1.75
2016.04.20 10:18:05.855,0.75145,0.7517,1.75,2.25
2016.04.20 10:18:10.159,0.75145,0.75165,1.75,1.00
2016.04.20 10:18:10.311,0.75145,0.75165,1.75,1.50
2016.04.20 10:18:12.136,0.75145,0.75165,1.12,1.75
2016.04.20 10:18:14.213,0.75141,0.75165,1.75,1.75
2016.04.20 10:18:14.748,0.75145,0.75164,1.00,1.00
2016.04.20 10:18:16.708,0.75144,0.75167,1.50,1.75
2016.04.20 10:18:17.389,0.7514,0.75165,2.25,2.25
2016.04.20 10:18:17.748,0.7514,0.75165,2.25,2.25
2016.04.20 10:18:18.085,0.7514,0.75165,2.25,2.25
2016.04.20 10:18:18.525,0.7514,0.75165,2.25,3.00
2016.04.20 10:18:19.068,0.75141,0.75165,1.75,1.75
2016.04.20 10:18:27.335,0.75145,0.75165,1.50,1.75
2016.04.20 10:18:43.574,0.75145,0.75163,1.37,1.00
2016.04.20 10:18:44.852,0.75145,0.75166,1.50,1.50
2016.04.20 10:18:45.203,0.75147,0.75165,1.00,1.00
2016.04.20 10:18:46.333,0.75149,0.75165,1.00,1.00
2016.04.20 10:18:46.485,0.75149,0.75167,1.37,1.00
2016.04.20 10:18:46.990,0.75149,0.75168,1.00,1.00
2016.04.20 10:18:47.266,0.75145,0.75169,1.75,1.75
2016.04.20 10:18:48.676,0.75146,0.75168,1.00,1.75
2016.04.20 10:18:49.188,0.75145,0.75165,1.00,1.75
2016.04.20 10:18:51.319,0.7514,0.75165,2.85,1.75
2016.04.20 10:18:51.984,0.75142,0.75167,1.75,1.75
2016.04.20 10:19:02.846,0.75145,0.75165,1.75,1.00
2016.04.20 10:19:02.947,0.75145,0.75168,1.50,2.25
2016.04.20 10:19:03.450,0.75146,0.75165,1.00,1.00
2016.04.20 10:19:03.551,0.75143,0.75165,1.75,1.00
2016.04.20 10:19:03.901,0.75145,0.7517,1.75,2.25
2016.04.20 10:19:05.557,0.75145,0.7517,1.75,1.75
2016.04.20 10:19:06.108,0.7515,0.75169,1.00,1.00
2016.04.20 10:19:11.751,0.75146,0.75174,3.00,1.75
2016.04.20 10:19:12.108,0.7515,0.75175,2.10,2.25
2016.04.20 10:19:12.927,0.75153,0.75175,1.75,1.12
2016.04.20 10:19:13.028,0.75158,0.75175,1.00,1.12
2016.04.20 10:19:16.274,0.75154,0.75179,1.75,1.75
2016.04.20 10:19:16.325,0.75159,0.75178,1.00,1.00
2016.04.20 10:19:17.339,0.75159,0.7518,1.00,2.25
2016.04.20 10:19:17.641,0.75154,0.75179,3.00,1.50
2016.04.20 10:19:19.088,0.75153,0.75175,4.50,1.00
2016.04.20 10:19:19.349,0.75147,0.75175,1.75,2.25
2016.04.20 10:19:20.065,0.75153,0.75172,1.00,1.50
2016.04.20 10:19:21.366,0.75152,0.75174,1.00,1.75
2016.04.20 10:19:28.410,0.7515,0.75173,1.50,1.75
2016.04.20 10:19:28.931,0.75153,0.75172,1.00,1.00
2016.04.20 10:19:30.405,0.75149,0.75174,2.10,1.50
2016.04.20 10:19:30.455,0.75155,0.75174,1.50,1.00
2016.04.20 10:19:30.506,0.75155,0.75175,1.50,1.37
2016.04.20 10:19:32.794,0.75155,0.75175,1.37,1.50
2016.04.20 10:19:33.143,0.75155,0.75175,1.00,1.75
2016.04.20 10:19:33.294,0.75151,0.75175,1.50,1.75
2016.04.20 10:19:34.779,0.7515,0.75172,1.50,1.75
2016.04.20 10:19:35.282,0.7515,0.75168,1.00,1.00
2016.04.20 10:19:44.002,0.75146,0.75168,1.75,1.00
2016.04.20 10:19:45.343,0.75145,0.7517,1.75,2.25
2016.04.20 10:19:46.397,0.75145,0.75167,1.75,1.00
2016.04.20 10:19:49.035,0.75145,0.75168,1.75,1.00
2016.04.20 10:19:50.307,0.7515,0.75173,1.75,1.75
2016.04.20 10:19:50.752,0.75153,0.75174,1.00,1.75
2016.04.20 10:19:50.803,0.75155,0.75172,1.00,1.00
2016.04.20 10:19:51.132,0.75153,0.75171,1.00,1.37
2016.04.20 10:19:51.436,0.75149,0.75171,1.75,2.25
2016.04.20 10:19:51.839,0.7515,0.75169,1.12,1.50
2016.04.20 10:19:52.384,0.75144,0.7517,1.75,1.75
2016.04.20 10:19:52.687,0.7515,0.75173,1.75,1.75
2016.04.20 10:19:53.199,0.7515,0.75172,1.75,1.37
2016.04.20 10:19:53.873,0.75155,0.75174,1.00,1.75
2016.04.20 10:19:54.390,0.7515,0.75175,2.25,2.25
2016.04.20 10:19:55.543,0.75154,0.75176,1.37,1.75
2016.04.20 10:19:55.594,0.75157,0.75175,1.00,1.00
2016.04.20 10:19:56.144,0.75154,0.75176,2.25,1.75
2016.04.20 10:19:56.661,0.75156,0.75176,1.00,1.75
2016.04.20 10:19:56.835,0.75153,0.75175,1.50,1.75
2016.04.20 10:19:57.374,0.75149,0.75176,1.75,2.25
2016.04.20 10:20:04.668,0.75155,0.75173,1.00,1.00
2016.04.20 10:20:05.534,0.75154,0.75173,1.50,1.00
2016.04.20 10:20:05.915,0.75155,0.75175,1.75,1.50
2016.04.20 10:20:06.237,0.7516,0.7518,1.00,2.85
2016.04.20 10:20:06.344,0.75155,0.75175,2.25,1.50
2016.04.20 10:20:06.890,0.75155,0.75175,1.37,1.50
2016.04.20 10:20:08.669,0.75155,0.75175,1.12,1.50
2016.04.20 10:20:11.855,0.75154,0.75176,1.37,1.75
2016.04.20 10:20:12.404,0.75154,0.75176,1.75,1.75
2016.04.20 10:20:13.875,0.75155,0.75175,2.25,1.50
2016.04.20 10:20:13.976,0.7516,0.75176,1.12,1.00
2016.04.20 10:20:14.510,0.75155,0.75175,1.75,1.00
2016.04.20 10:20:15.068,0.7516,0.7518,1.12,2.25
2016.04.20 10:20:15.696,0.75155,0.75175,1.75,1.00
2016.04.20 10:20:16.399,0.75155,0.75175,1.75,1.12
2016.04.20 10:20:16.600,0.75151,0.75175,1.75,1.37
2016.04.20 10:20:17.168,0.75155,0.75174,1.00,1.00
2016.04.20 10:20:18.386,0.75153,0.75175,1.75,1.50
2016.04.20 10:20:18.661,0.75156,0.7518,1.75,1.75
2016.04.20 10:20:18.762,0.75159,0.75178,1.00,1.00
2016.04.20 10:20:21.108,0.75155,0.75179,1.75,1.75
2016.04.20 10:20:21.427,0.75158,0.75175,1.00,1.37
2016.04.20 10:20:21.579,0.75154,0.75178,1.75,1.75
2016.04.20 10:20:22.114,0.75151,0.75175,2.25,1.12
2016.04.20 10:20:22.680,0.7515,0.75175,5.25,1.37
2016.04.20 10:20:23.198,0.7515,0.75175,1.75,2.25
2016.04.20 10:20:24.202,0.7515,0.7517,1.75,1.00
2016.04.20 10:20:24.252,0.75152,0.7517,1.00,1.00
2016.04.20 10:20:24.353,0.75148,0.7517,1.75,1.50
2016.04.20 10:20:24.715,0.75145,0.75169,1.75,1.37
2016.04.20 10:20:25.256,0.75145,0.75169,1.75,1.75
2016.04.20 10:20:25.633,0.75147,0.75172,1.75,1.75
2016.04.20 10:20:27.134,0.75147,0.75172,1.75,1.75
2016.04.20 10:20:28.115,0.75151,0.75176,1.37,2.25
2016.04.20 10:20:28.622,0.75153,0.75172,1.00,1.00
2016.04.20 10:20:29.127,0.75152,0.75175,1.75,1.75
2016.04.20 10:20:29.415,0.75151,0.75175,1.75,1.75
2016.04.20 10:20:29.935,0.75151,0.75175,1.75,1.50
2016.04.20 10:20:34.929,0.75154,0.75175,1.00,2.25
2016.04.20 10:20:35.530,0.7515,0.75175,1.75,2.25
2016.04.20 10:20:36.961,0.7515,0.75175,1.75,2.25
2016.04.20 10:20:37.012,0.75151,0.75175,1.75,1.75
2016.04.20 10:20:37.063,0.75151,0.75175,1.75,1.75
2016.04.20 10:20:40.348,0.75156,0.75175,1.00,1.75
2016.04.20 10:20:40.968,0.75154,0.75174,1.00,2.25
2016.04.20 10:20:41.070,0.7515,0.75174,1.75,2.25
2016.04.20 10:20:41.238,0.7515,0.7517,1.50,1.37
2016.04.20 10:20:43.356,0.75148,0.75174,1.75,2.25
2016.04.20 10:20:43.623,0.75153,0.75176,1.75,3.00
2016.04.20 10:20:44.200,0.75151,0.75176,1.75,3.00
2016.04.20 10:20:44.653,0.75149,0.75174,1.75,1.75
2016.04.20 10:20:44.853,0.75149,0.75174,1.75,1.75
2016.04.20 10:20:45.566,0.75149,0.75174,1.75,1.75
2016.04.20 10:20:46.277,0.75147,0.7517,1.75,1.50
2016.04.20 10:20:46.428,0.75147,0.7517,1.50,1.75
2016.04.20 10:20:46.479,0.75145,0.7517,2.25,1.75
2016.04.20 10:20:46.580,0.75145,0.75168,1.50,1.75
2016.04.20 10:20:46.883,0.75147,0.75166,1.00,1.50
2016.04.20 10:20:49.743,0.75146,0.7517,1.75,1.75
2016.04.20 10:20:49.793,0.75149,0.75168,1.00,1.00
2016.04.20 10:20:50.360,0.7515,0.75168,1.00,1.00
2016.04.20 10:20:51.138,0.7515,0.75173,1.37,1.75
2016.04.20 10:20:51.639,0.7515,0.75175,2.25,2.25
2016.04.20 10:20:52.285,0.75155,0.75175,1.00,1.75
2016.04.20 10:20:53.294,0.7515,0.75175,1.75,2.25
2016.04.20 10:20:53.577,0.7515,0.75175,1.75,2.25
2016.04.20 10:20:53.879,0.75153,0.75175,1.75,1.75
2016.04.20 10:20:54.561,0.75152,0.75175,1.75,1.75
2016.04.20 10:20:55.074,0.75151,0.75175,1.75,1.75
2016.04.20 10:20:59.616,0.7515,0.75175,1.87,3.00
2016.04.20 10:20:59.717,0.75152,0.7517,1.00,1.00
2016.04.20 10:21:00.345,0.7515,0.75175,1.75,2.25
2016.04.20 10:21:00.656,0.75155,0.75176,1.12,1.75
2016.04.20 10:21:00.707,0.75155,0.75176,1.50,1.75
2016.04.20 10:21:00.910,0.75154,0.75171,1.00,1.00
2016.04.20 10:21:00.962,0.7515,0.75171,1.37,1.37
2016.04.20 10:21:01.013,0.7515,0.75171,1.00,1.75
2016.04.20 10:21:01.862,0.75145,0.7517,2.25,1.75
2016.04.20 10:21:06.524,0.75145,0.7517,1.75,2.25
2016.04.20 10:21:18.066,0.75145,0.75168,1.87,3.22
2016.04.20 10:21:18.116,0.75145,0.75164,1.50,1.35
2016.04.20 10:21:18.167,0.75145,0.7516,1.00,1.37
2016.04.20 10:21:18.268,0.75135,0.7516,3.60,1.75
2016.04.20 10:21:18.794,0.7514,0.75163,1.12,1.75
2016.04.20 10:21:19.984,0.7514,0.75164,1.37,1.75
2016.04.20 10:21:20.564,0.75141,0.7516,1.00,1.00
2016.04.20 10:21:30.987,0.7514,0.75162,1.37,1.75
2016.04.20 10:21:31.635,0.7514,0.75162,1.00,1.75
2016.04.20 10:21:32.346,0.75136,0.75161,1.75,1.75
2016.04.20 10:21:34.272,0.7514,0.75162,1.00,1.75
2016.04.20 10:21:35.043,0.75139,0.75162,1.12,1.75
2016.04.20 10:21:35.583,0.7514,0.75162,1.00,1.75
2016.04.20 10:21:39.497,0.7514,0.75164,1.37,3.00
2016.04.20 10:21:39.550,0.7514,0.75164,1.75,1.75
2016.04.20 10:21:39.651,0.75143,0.75162,1.00,1.00
2016.04.20 10:21:40.158,0.75144,0.75162,1.00,1.00
2016.04.20 10:21:40.992,0.75145,0.75162,1.00,1.00
2016.04.20 10:21:42.634,0.75143,0.75162,1.00,1.00
2016.04.20 10:21:43.099,0.75145,0.75162,1.00,1.00
2016.04.20 10:21:43.412,0.75143,0.75162,1.00,1.00
2016.04.20 10:21:43.792,0.7514,0.75165,2.25,1.75
2016.04.20 10:21:44.389,0.75143,0.75166,1.75,1.75
2016.04.20 10:21:46.399,0.75144,0.75169,1.75,1.75
2016.04.20 10:21:46.944,0.7515,0.7517,1.00,2.25
2016.04.20 10:21:47.822,0.75145,0.75168,1.50,1.75
2016.04.20 10:21:53.110,0.75146,0.75164,1.00,1.00
2016.04.20 10:21:55.140,0.7514,0.75164,2.25,1.50
2016.04.20 10:21:55.190,0.7514,0.7516,2.25,1.72
2016.04.20 10:21:55.241,0.7514,0.7516,1.87,1.72
2016.04.20 10:21:55.292,0.7514,0.7516,1.50,2.10
2016.04.20 10:21:55.393,0.75137,0.75155,1.12,1.50
2016.04.20 10:22:05.780,0.7514,0.75159,1.00,1.75
2016.04.20 10:22:06.105,0.7514,0.75159,1.00,1.75
2016.04.20 10:22:06.425,0.75135,0.75155,1.12,1.75
2016.04.20 10:22:08.183,0.7514,0.75158,1.00,1.75
2016.04.20 10:22:08.284,0.75134,0.75156,1.50,1.75
2016.04.20 10:22:08.423,0.75134,0.75156,1.75,1.75
2016.04.20 10:22:09.274,0.75134,0.75156,1.75,1.75
2016.04.20 10:22:13.300,0.75136,0.75155,1.00,1.50
2016.04.20 10:22:17.399,0.75136,0.7515,1.00,1.00
2016.04.20 10:22:17.942,0.75136,0.75155,1.00,1.50
2016.04.20 10:22:22.379,0.75135,0.75155,1.37,1.75
2016.04.20 10:22:24.176,0.75135,0.75155,1.37,1.75
2016.04.20 10:22:24.920,0.75135,0.75155,1.00,1.75
2016.04.20 10:22:30.204,0.75135,0.75153,1.00,1.00
2016.04.20 10:22:30.254,0.7514,0.75153,1.00,1.00
2016.04.20 10:22:30.761,0.7514,0.75159,1.00,1.75
2016.04.20 10:22:33.221,0.7514,0.75158,1.00,1.75
2016.04.20 10:22:33.742,0.75139,0.75159,1.00,1.75
2016.04.20 10:22:38.141,0.7514,0.75159,1.00,1.75
2016.04.20 10:22:39.131,0.75139,0.75159,1.00,1.75
2016.04.20 10:22:40.211,0.75139,0.75159,1.00,1.75
2016.04.20 10:22:40.733,0.75139,0.75157,1.12,1.50
2016.04.20 10:22:42.452,0.75139,0.75158,1.50,1.50
2016.04.20 10:22:43.101,0.7514,0.75157,1.12,1.50
2016.04.20 10:22:43.152,0.7514,0.75157,1.00,1.75
2016.04.20 10:22:43.998,0.75139,0.75157,1.00,1.75
2016.04.20 10:22:44.667,0.7514,0.75157,1.00,1.75
2016.04.20 10:22:46.188,0.75139,0.75156,1.00,1.50
2016.04.20 10:22:46.281,0.75135,0.75156,1.50,1.50
2016.04.20 10:22:46.540,0.75139,0.75157,1.00,1.75
2016.04.20 10:22:46.641,0.7514,0.75157,1.00,1.50
2016.04.20 10:22:46.838,0.75142,0.75163,1.50,1.75
2016.04.20 10:22:46.939,0.75145,0.75163,1.00,1.00
2016.04.20 10:22:47.559,0.75145,0.75164,1.00,1.00
2016.04.20 10:22:48.250,0.75142,0.75165,1.75,1.75
2016.04.20 10:22:48.663,0.75144,0.75165,1.75,1.50
2016.04.20 10:22:48.965,0.75146,0.75166,1.75,1.12
2016.04.20 10:22:49.530,0.75147,0.75169,1.75,1.50
2016.04.20 10:22:50.353,0.75145,0.75171,2.25,1.75
2016.04.20 10:22:51.934,0.75146,0.75171,1.75,1.75
2016.04.20 10:22:52.440,0.75146,0.75171,1.75,1.75
2016.04.20 10:22:53.154,0.75146,0.75171,1.75,1.75
2016.04.20 10:23:00.670,0.75144,0.75166,3.00,1.00
2016.04.20 10:23:00.821,0.7514,0.75166,2.25,2.25
2016.04.20 10:23:00.872,0.7514,0.75165,1.50,2.25
2016.04.20 10:23:04.201,0.75135,0.7516,2.25,1.75
2016.04.20 10:23:06.603,0.75135,0.7516,1.75,1.75
2016.04.20 10:23:09.777,0.75136,0.75161,2.10,1.50
2016.04.20 10:23:10.080,0.75145,0.75168,1.75,1.75
2016.04.20 10:23:11.185,0.7515,0.75168,1.00,1.75
2016.04.20 10:23:11.686,0.7515,0.75168,1.00,1.75
2016.04.20 10:23:12.240,0.75149,0.75169,1.12,1.75
2016.04.20 10:23:12.822,0.7515,0.75169,1.00,1.75
2016.04.20 10:23:18.692,0.75145,0.75169,1.75,1.75
2016.04.20 10:23:19.194,0.7515,0.75169,1.00,1.75
2016.04.20 10:23:23.132,0.75155,0.75168,1.00,1.00
2016.04.20 10:23:23.233,0.75155,0.75173,1.00,2.10
2016.04.20 10:23:28.751,0.7516,0.75175,1.00,1.75
2016.04.20 10:23:28.811,0.75155,0.75175,1.00,2.25
2016.04.20 10:23:30.281,0.7516,0.75175,1.00,1.75
2016.04.20 10:23:30.901,0.75154,0.75175,1.12,1.75
2016.04.20 10:23:31.431,0.75154,0.75176,1.37,1.75
2016.04.20 10:23:33.126,0.75155,0.75175,1.37,1.75
2016.04.20 10:23:34.420,0.7516,0.75177,1.00,2.10
2016.04.20 10:23:40.151,0.75155,0.75175,1.50,1.75
2016.04.20 10:23:44.393,0.75155,0.75175,1.50,1.50
2016.04.20 10:23:45.086,0.75155,0.75175,1.50,1.12
2016.04.20 10:23:46.461,0.75155,0.75175,1.50,1.37
2016.04.20 10:23:46.763,0.7516,0.7518,1.37,1.75
2016.04.20 10:23:47.066,0.7516,0.75179,1.12,1.75
2016.04.20 10:23:49.159,0.75157,0.75176,1.00,1.00
2016.04.20 10:23:49.278,0.7516,0.75176,1.00,1.00
2016.04.20 10:23:49.530,0.75157,0.75176,1.00,1.00
2016.04.20 10:23:49.580,0.75157,0.75179,1.00,1.75
2016.04.20 10:23:49.883,0.7516,0.75178,1.00,1.75
2016.04.20 10:23:50.398,0.7516,0.75179,1.00,1.75
2016.04.20 10:23:50.760,0.7516,0.75179,1.00,1.75
2016.04.20 10:23:52.266,0.75159,0.75178,1.00,1.75
2016.04.20 10:23:52.782,0.7516,0.75175,1.00,1.00
2016.04.20 10:23:53.588,0.75155,0.7518,1.75,3.00
2016.04.20 10:23:56.476,0.7516,0.75178,1.00,1.75
2016.04.20 10:23:56.678,0.75155,0.75175,1.75,1.12
2016.04.20 10:23:58.935,0.75155,0.7518,1.75,3.00
2016.04.20 10:23:59.570,0.75155,0.75179,1.50,1.75
2016.04.20 10:24:00.547,0.75155,0.75178,1.50,1.75
2016.04.20 10:24:00.597,0.75155,0.75178,1.75,1.50
2016.04.20 10:24:00.648,0.7516,0.75178,1.37,1.00
2016.04.20 10:24:01.191,0.7516,0.75182,1.75,1.75
2016.04.20 10:24:01.292,0.7516,0.75178,1.00,1.00
2016.04.20 10:24:03.749,0.7516,0.7518,1.50,1.50
2016.04.20 10:24:03.800,0.75161,0.7518,1.00,1.50
2016.04.20 10:24:06.471,0.75161,0.7518,1.00,1.50
2016.04.20 10:24:10.870,0.7516,0.75178,1.00,1.00
2016.04.20 10:24:11.229,0.7516,0.7518,1.50,1.50
2016.04.20 10:24:11.470,0.7516,0.7518,1.75,1.12
2016.04.20 10:24:13.252,0.7516,0.7518,1.75,1.00
2016.04.20 10:24:17.592,0.7516,0.7518,1.75,1.00
2016.04.20 10:24:18.579,0.7516,0.7518,1.75,1.00
2016.04.20 10:24:20.826,0.7516,0.75181,1.75,1.00
2016.04.20 10:24:21.028,0.7516,0.75178,1.75,2.10
2016.04.20 10:24:21.079,0.75159,0.75178,1.75,2.10
2016.04.20 10:24:21.130,0.75159,0.75177,1.37,2.47
2016.04.20 10:24:21.181,0.75152,0.7517,2.25,1.00
2016.04.20 10:24:21.282,0.7515,0.7517,1.75,1.00
2016.04.20 10:24:21.333,0.7515,0.7517,1.37,1.37
2016.04.20 10:24:21.383,0.75148,0.75167,1.50,1.00
2016.04.20 10:24:21.434,0.75145,0.75169,1.75,1.37
2016.04.20 10:24:21.597,0.7515,0.75169,1.75,1.12
2016.04.20 10:24:22.636,0.75145,0.7517,1.75,2.25
2016.04.20 10:24:22.687,0.75145,0.7517,1.75,2.25
2016.04.20 10:24:24.177,0.75145,0.75168,1.75,1.75
2016.04.20 10:24:24.504,0.7514,0.75165,1.75,1.75
2016.04.20 10:24:24.808,0.75145,0.75168,1.75,1.35
2016.04.20 10:24:26.368,0.75145,0.75168,1.75,2.10
2016.04.20 10:24:26.419,0.75145,0.75168,1.75,2.10
2016.04.20 10:24:26.961,0.75145,0.75168,1.75,2.10
2016.04.20 10:24:27.441,0.75145,0.75167,1.37,1.35
2016.04.20 10:24:27.597,0.75145,0.75167,1.00,2.10
2016.04.20 10:24:27.892,0.75145,0.75167,1.50,2.10
2016.04.20 10:24:28.385,0.75146,0.75165,1.00,1.00
2016.04.20 10:24:28.486,0.75144,0.75166,1.50,1.75
2016.04.20 10:24:28.587,0.75145,0.75164,1.12,1.87
2016.04.20 10:24:28.756,0.7514,0.75163,1.00,1.75
2016.04.20 10:24:30.178,0.75139,0.75162,1.75,1.75
2016.04.20 10:24:30.379,0.7514,0.75164,1.75,2.25
2016.04.20 10:24:31.624,0.75145,0.75163,1.00,1.75
2016.04.20 10:24:33.228,0.75145,0.75163,1.00,1.75
2016.04.20 10:24:33.748,0.7514,0.7516,1.75,1.00
2016.04.20 10:24:33.799,0.7514,0.7516,1.75,1.00
2016.04.20 10:24:34.000,0.7514,0.7516,1.50,2.25
2016.04.20 10:24:34.302,0.75135,0.75155,1.75,1.50
2016.04.20 10:24:34.820,0.75135,0.75152,1.50,1.12
2016.04.20 10:24:35.134,0.75135,0.75154,1.00,1.75
2016.04.20 10:24:35.636,0.75134,0.75153,1.00,1.75
2016.04.20 10:24:36.986,0.75135,0.75153,1.00,1.75
2016.04.20 10:24:37.490,0.75135,0.75153,1.00,1.75
2016.04.20 10:24:37.540,0.75129,0.75153,1.35,1.75
2016.04.20 10:24:37.591,0.75134,0.75153,1.00,1.00
2016.04.20 10:24:37.642,0.75145,0.75153,1.00,1.00
2016.04.20 10:24:37.692,0.75145,0.75159,1.00,1.00
2016.04.20 10:24:37.894,0.75145,0.75164,1.00,1.75
2016.04.20 10:24:41.276,0.75144,0.75164,1.12,1.75
2016.04.20 10:24:41.824,0.75145,0.75164,1.00,1.75
2016.04.20 10:24:43.606,0.75145,0.75164,1.00,1.75
2016.04.20 10:24:43.708,0.75145,0.75164,1.50,1.37
2016.04.20 10:24:43.809,0.75145,0.75164,1.75,1.00
2016.04.20 10:24:43.910,0.75145,0.75169,1.75,1.75
2016.04.20 10:24:44.415,0.75144,0.75166,1.75,1.50
2016.04.20 10:24:45.929,0.75144,0.75169,1.75,1.75
2016.04.20 10:24:46.438,0.75145,0.75167,1.75,1.50
2016.04.20 10:24:47.920,0.75145,0.7516,1.00,1.12
2016.04.20 10:24:48.021,0.7514,0.7516,1.50,1.50
2016.04.20 10:24:48.122,0.75135,0.75158,1.75,1.75
2016.04.20 10:24:48.223,0.75137,0.75156,1.00,1.00
2016.04.20 10:24:48.425,0.75134,0.75155,1.75,1.75
2016.04.20 10:24:48.951,0.7513,0.75154,1.75,1.75
2016.04.20 10:24:49.739,0.75135,0.75155,1.50,1.75
2016.04.20 10:24:49.840,0.75135,0.75158,1.75,1.75
2016.04.20 10:24:50.328,0.7514,0.75159,1.50,1.00
2016.04.20 10:24:50.530,0.7514,0.75157,1.00,1.00
2016.04.20 10:24:50.631,0.75136,0.75155,1.00,1.00
2016.04.20 10:24:51.549,0.75135,0.75159,1.75,2.25
2016.04.20 10:24:52.820,0.75135,0.75155,1.75,1.00
2016.04.20 10:24:53.769,0.75135,0.75159,1.75,1.50
2016.04.20 10:24:53.870,0.75134,0.75154,1.75,1.00
2016.04.20 10:24:53.971,0.75136,0.75154,1.00,1.00
2016.04.20 10:24:54.074,0.75134,0.75157,1.75,1.75
2016.04.20 10:24:54.276,0.75134,0.75158,3.00,1.12
2016.04.20 10:24:55.269,0.75145,0.75161,1.00,1.00
2016.04.20 10:24:55.667,0.75143,0.7516,1.00,1.00
2016.04.20 10:24:56.747,0.7514,0.7516,1.75,1.00
2016.04.20 10:24:57.258,0.75145,0.75162,1.00,1.00
2016.04.20 10:24:57.359,0.75145,0.75165,1.00,2.25
2016.04.20 10:24:57.460,0.7514,0.75165,1.75,2.25
2016.04.20 10:24:58.832,0.75141,0.75162,1.00,1.75
2016.04.20 10:25:00.558,0.75143,0.75162,1.00,1.50
2016.04.20 10:25:00.659,0.7514,0.75162,1.75,1.75
2016.04.20 10:25:00.987,0.7514,0.75163,1.75,1.50
2016.04.20 10:25:03.850,0.75145,0.75159,1.12,1.00
2016.04.20 10:25:03.951,0.75139,0.75159,1.75,1.12
2016.04.20 10:25:04.216,0.7514,0.75157,1.75,1.00
2016.04.20 10:25:04.501,0.75135,0.75156,1.37,1.75
2016.04.20 10:25:05.467,0.7514,0.75155,1.00,1.37
2016.04.20 10:25:05.674,0.75139,0.7516,1.50,2.10
2016.04.20 10:25:06.520,0.75134,0.75155,1.75,1.00
2016.04.20 10:25:06.862,0.75134,0.75156,1.75,1.50
2016.04.20 10:25:07.882,0.75135,0.75154,1.00,1.50
2016.04.20 10:25:08.460,0.75134,0.75155,1.75,1.37
2016.04.20 10:25:08.782,0.75134,0.75156,1.75,1.00
2016.04.20 10:25:08.953,0.75134,0.75158,3.00,1.12
2016.04.20 10:25:10.471,0.75134,0.75157,1.75,1.12
2016.04.20 10:25:10.901,0.7514,0.75159,1.00,1.50
2016.04.20 10:25:11.792,0.7514,0.75158,1.00,1.00
2016.04.20 10:25:12.312,0.7514,0.75157,1.50,1.00
2016.04.20 10:25:12.773,0.7514,0.75159,1.00,1.50
2016.04.20 10:25:12.874,0.75145,0.7516,1.00,1.75
2016.04.20 10:25:12.975,0.75139,0.7516,1.75,1.00
2016.04.20 10:25:13.076,0.75135,0.7516,2.25,1.75
2016.04.20 10:25:13.596,0.75141,0.75159,1.00,1.00
2016.04.20 10:25:14.149,0.75135,0.7516,1.75,1.75
2016.04.20 10:25:15.819,0.7514,0.7516,1.12,1.75
2016.04.20 10:25:16.877,0.7514,0.75162,1.50,1.75
2016.04.20 10:25:17.667,0.7514,0.7516,1.12,1.75
2016.04.20 10:25:18.720,0.75139,0.75162,1.50,1.75
2016.04.20 10:25:20.528,0.7514,0.75159,1.37,1.75
2016.04.20 10:25:20.579,0.75134,0.75159,2.25,1.75
2016.04.20 10:25:21.103,0.75132,0.75155,1.75,1.12
2016.04.20 10:25:21.780,0.75134,0.75155,1.75,1.12
2016.04.20 10:25:21.882,0.75134,0.75155,1.75,1.75
2016.04.20 10:25:22.438,0.7513,0.75154,1.75,1.75
2016.04.20 10:25:23.319,0.75135,0.75155,1.12,1.75
2016.04.20 10:25:23.631,0.75135,0.75158,1.75,1.75
2016.04.20 10:25:25.492,0.75134,0.75159,1.75,2.25
2016.04.20 10:25:26.525,0.75135,0.75158,1.75,1.50
2016.04.20 10:25:30.056,0.75134,0.75157,1.75,1.50
2016.04.20 10:25:30.602,0.75135,0.75157,1.75,1.75
2016.04.20 10:25:30.904,0.75134,0.75156,1.75,1.75
2016.04.20 10:25:32.173,0.7513,0.75154,1.75,1.75
2016.04.20 10:25:32.274,0.7513,0.7515,1.75,1.12
2016.04.20 10:25:32.425,0.75131,0.7515,1.00,1.50
2016.04.20 10:25:33.359,0.75135,0.7515,1.00,1.50
2016.04.20 10:25:36.324,0.75135,0.75158,1.75,1.35
2016.04.20 10:25:36.375,0.7514,0.75158,1.00,1.35
2016.04.20 10:25:37.119,0.75135,0.75158,1.75,1.35
2016.04.20 10:25:39.630,0.7514,0.7516,1.00,2.25
2016.04.20 10:25:40.223,0.75135,0.75158,1.75,1.75
2016.04.20 10:25:42.255,0.75135,0.75158,1.37,1.75
2016.04.20 10:25:42.356,0.75135,0.75158,1.12,2.25
2016.04.20 10:25:42.758,0.75135,0.75148,1.00,1.00
2016.04.20 10:25:43.067,0.75129,0.7515,1.50,1.75
2016.04.20 10:25:44.158,0.75129,0.7515,1.00,2.10
2016.04.20 10:25:44.461,0.7513,0.75146,1.00,1.75
2016.04.20 10:25:44.672,0.7513,0.75146,1.00,1.75
2016.04.20 10:25:45.200,0.75129,0.75148,1.00,1.75
2016.04.20 10:25:46.244,0.7513,0.75148,1.00,1.75
2016.04.20 10:25:49.090,0.75124,0.75148,1.75,1.75
2016.04.20 10:25:49.200,0.7513,0.75148,1.00,1.75
2016.04.20 10:25:49.310,0.75125,0.75148,1.75,1.75
2016.04.20 10:25:49.530,0.7513,0.75148,1.00,1.75
2016.04.20 10:25:53.329,0.75125,0.75144,1.00,1.50
2016.04.20 10:25:53.380,0.75124,0.75145,1.00,1.75
2016.04.20 10:25:53.531,0.7512,0.75139,1.50,1.00
2016.04.20 10:25:53.862,0.75125,0.75141,1.37,1.37
2016.04.20 10:25:53.913,0.75125,0.75143,1.50,1.12
2016.04.20 10:25:54.416,0.75121,0.75145,1.75,1.75
2016.04.20 10:25:54.467,0.75121,0.75145,1.75,1.75
2016.04.20 10:25:54.779,0.75121,0.75145,1.50,1.75
2016.04.20 10:25:55.586,0.7512,0.75143,1.50,1.75
2016.04.20 10:25:55.927,0.75122,0.75141,1.00,1.00
2016.04.20 10:25:56.729,0.75125,0.75141,1.00,1.00
2016.04.20 10:25:57.046,0.75135,0.75152,1.00,1.00
2016.04.20 10:25:57.248,0.7514,0.75156,1.37,1.37
2016.04.20 10:25:57.299,0.7514,0.75156,1.37,1.00
2016.04.20 10:25:57.451,0.75139,0.75162,1.50,1.75
2016.04.20 10:25:58.743,0.7514,0.75163,1.37,2.25
2016.04.20 10:25:59.279,0.7514,0.75165,1.75,1.75
2016.04.20 10:26:01.671,0.75145,0.75166,1.37,1.37
2016.04.20 10:26:01.722,0.75148,0.75165,1.00,1.00
2016.04.20 10:26:01.932,0.75148,0.75167,1.00,1.00
2016.04.20 10:26:03.164,0.75146,0.75173,1.75,1.35
2016.04.20 10:26:03.214,0.75146,0.75173,1.75,1.35
2016.04.20 10:26:03.735,0.75149,0.75172,1.50,1.75
2016.04.20 10:26:04.307,0.75149,0.75172,1.00,1.75
2016.04.20 10:26:04.827,0.7515,0.75172,1.12,1.75
2016.04.20 10:26:06.026,0.75145,0.75168,1.75,1.75
2016.04.20 10:26:06.077,0.75145,0.75168,1.75,1.75
2016.04.20 10:26:06.179,0.7514,0.75167,3.00,1.75
2016.04.20 10:26:06.330,0.75135,0.7516,3.00,1.50
2016.04.20 10:26:06.380,0.75141,0.7516,1.00,1.50
2016.04.20 10:26:06.532,0.75135,0.7516,1.75,1.75
2016.04.20 10:26:07.142,0.7514,0.75161,1.00,1.75
2016.04.20 10:26:07.320,0.75134,0.75161,1.75,2.25
2016.04.20 10:26:07.868,0.7514,0.75162,1.00,1.75
2016.04.20 10:26:08.416,0.75135,0.75161,1.75,1.35
2016.04.20 10:26:11.125,0.7514,0.75158,1.37,1.00
2016.04.20 10:26:11.880,0.7514,0.75164,1.00,3.00
2016.04.20 10:26:13.178,0.75139,0.75165,1.50,3.75
2016.04.20 10:26:13.757,0.75139,0.75163,1.50,1.75
2016.04.20 10:26:14.122,0.75139,0.7516,1.00,1.50
2016.04.20 10:26:14.640,0.75135,0.75159,1.75,2.25
2016.04.20 10:26:15.078,0.75135,0.75159,1.12,2.25
2016.04.20 10:26:15.821,0.75125,0.75151,3.00,2.47
2016.04.20 10:26:15.872,0.75125,0.7515,1.75,1.35
2016.04.20 10:26:15.923,0.75125,0.7515,1.75,1.35
2016.04.20 10:26:15.974,0.75124,0.75149,1.50,1.75
2016.04.20 10:26:17.379,0.75129,0.7515,1.00,1.35
2016.04.20 10:26:18.559,0.75125,0.7515,1.37,2.10
2016.04.20 10:26:19.118,0.7513,0.7515,1.00,1.35
2016.04.20 10:26:19.219,0.7513,0.75145,1.00,1.00
2016.04.20 10:26:19.420,0.75125,0.7515,1.75,2.10
2016.04.20 10:26:20.698,0.75125,0.7515,1.50,1.35
2016.04.20 10:26:20.799,0.75125,0.75144,1.50,1.00
2016.04.20 10:26:20.900,0.75125,0.7515,1.50,1.35
2016.04.20 10:26:20.951,0.75127,0.75146,1.00,1.00
2016.04.20 10:26:21.419,0.75125,0.75146,1.75,1.00
2016.04.20 10:26:22.415,0.75125,0.7515,1.75,1.35
2016.04.20 10:26:22.466,0.75126,0.75145,1.00,1.00
2016.04.20 10:26:22.516,0.75124,0.75148,1.37,2.85
2016.04.20 10:26:22.567,0.75124,0.75148,1.00,4.35
2016.04.20 10:26:22.618,0.75124,0.75146,1.00,2.25
2016.04.20 10:26:22.870,0.7512,0.75139,1.00,1.00
2016.04.20 10:26:22.921,0.75119,0.75143,1.50,2.25
2016.04.20 10:26:25.360,0.75125,0.75143,1.00,2.85
2016.04.20 10:26:25.511,0.7512,0.75143,1.00,2.85
2016.04.20 10:26:26.053,0.75115,0.75142,1.75,3.75
2016.04.20 10:26:26.557,0.75115,0.75138,1.75,1.75
2016.04.20 10:26:27.139,0.75117,0.75142,1.37,3.75
2016.04.20 10:26:27.290,0.75115,0.7514,1.37,3.00
2016.04.20 10:26:27.341,0.75114,0.75133,1.50,1.00
2016.04.20 10:26:27.492,0.7511,0.75136,1.75,1.75
2016.04.20 10:26:27.543,0.7511,0.75136,1.75,3.00
2016.04.20 10:26:28.522,0.7511,0.75135,1.50,3.75
2016.04.20 10:26:29.530,0.7511,0.75136,1.50,3.00
2016.04.20 10:26:30.576,0.75115,0.75136,1.00,3.00
2016.04.20 10:26:30.727,0.75115,0.75139,1.12,4.50
2016.04.20 10:26:30.828,0.75115,0.75139,1.50,1.75
2016.04.20 10:26:31.929,0.75115,0.75139,1.12,2.25
2016.04.20 10:26:33.182,0.75115,0.75139,2.25,2.25
2016.04.20 10:26:33.283,0.75115,0.75139,1.75,1.75
2016.04.20 10:26:34.436,0.75115,0.75138,1.50,1.75
2016.04.20 10:26:34.537,0.75115,0.75138,1.75,1.75
2016.04.20 10:26:35.798,0.75119,0.75139,1.00,1.75
2016.04.20 10:26:36.357,0.75115,0.75139,1.75,1.75
2016.04.20 10:26:37.092,0.7512,0.75139,1.00,1.75
2016.04.20 10:26:37.317,0.75114,0.75139,1.75,1.75
2016.04.20 10:26:38.048,0.75115,0.75138,1.50,1.75
2016.04.20 10:26:40.473,0.75115,0.75137,1.50,1.75
2016.04.20 10:26:40.942,0.7512,0.75137,1.00,1.75
2016.04.20 10:26:41.144,0.7512,0.75141,1.12,1.75
2016.04.20 10:26:42.796,0.7512,0.75141,1.12,1.75
2016.04.20 10:26:42.897,0.7512,0.75137,1.00,1.75
2016.04.20 10:26:42.948,0.75115,0.75137,1.00,1.75
2016.04.20 10:26:43.150,0.75117,0.75138,1.00,2.85
2016.04.20 10:26:43.251,0.75117,0.75138,1.50,1.35
2016.04.20 10:26:43.553,0.75122,0.75143,1.00,2.85
2016.04.20 10:26:43.777,0.7512,0.75143,2.25,1.35
2016.04.20 10:26:43.979,0.7512,0.75143,1.75,1.67
2016.04.20 10:26:44.231,0.7512,0.7514,1.37,1.50
2016.04.20 10:26:44.483,0.7511,0.75137,2.25,1.75
2016.04.20 10:26:45.218,0.75115,0.75137,1.00,1.75
2016.04.20 10:26:45.763,0.75111,0.75137,1.75,1.75
2016.04.20 10:26:47.139,0.75115,0.75135,1.00,1.75
2016.04.20 10:26:47.640,0.7511,0.75135,1.75,2.25
2016.04.20 10:26:47.950,0.75114,0.75135,1.75,1.75
2016.04.20 10:26:48.152,0.75116,0.75135,1.00,1.00
2016.04.20 10:26:48.253,0.75116,0.75141,1.75,1.75
2016.04.20 10:26:48.836,0.7512,0.75144,1.12,1.75
2016.04.20 10:26:49.728,0.7512,0.75144,1.50,1.75
2016.04.20 10:26:49.778,0.75119,0.75144,2.25,1.75
2016.04.20 10:26:51.884,0.7512,0.75139,1.00,1.00
2016.04.20 10:26:52.738,0.7512,0.75145,2.25,2.25
2016.04.20 10:26:53.167,0.75122,0.75141,1.00,1.00
2016.04.20 10:26:54.086,0.7512,0.75143,1.75,1.50
2016.04.20 10:26:55.151,0.75117,0.75144,3.00,1.75
2016.04.20 10:26:55.201,0.75117,0.75144,1.75,1.75
2016.04.20 10:26:56.058,0.7512,0.75144,1.75,1.75
2016.04.20 10:26:58.759,0.75119,0.75146,1.75,2.25
2016.04.20 10:26:58.860,0.7512,0.75146,1.75,2.25
2016.04.20 10:27:01.508,0.75125,0.75147,1.12,1.75
2016.04.20 10:27:01.609,0.75125,0.75147,1.50,1.75
2016.04.20 10:27:01.805,0.75125,0.75147,1.75,1.75
2016.04.20 10:27:01.907,0.75124,0.75147,1.75,1.75
2016.04.20 10:27:02.008,0.75124,0.75147,1.50,1.75
2016.04.20 10:27:02.710,0.75118,0.75143,1.75,1.75
2016.04.20 10:27:02.922,0.75117,0.75142,1.75,1.50
2016.04.20 10:27:03.426,0.75119,0.75143,1.75,1.75
2016.04.20 10:27:03.729,0.75125,0.75147,1.37,1.50
2016.04.20 10:27:03.779,0.75125,0.75147,1.75,1.00
2016.04.20 10:27:03.932,0.75129,0.7515,1.00,1.75
2016.04.20 10:27:04.285,0.75122,0.75148,1.75,1.75
2016.04.20 10:27:04.336,0.75122,0.75148,1.75,1.75
2016.04.20 10:27:04.387,0.75124,0.75145,1.00,1.50
2016.04.20 10:27:06.382,0.75122,0.75143,1.00,1.50
2016.04.20 10:27:06.584,0.75121,0.75142,2.25,1.37
2016.04.20 10:27:06.685,0.75125,0.75149,1.75,1.75
2016.04.20 10:27:07.189,0.75125,0.75149,1.75,1.75
2016.04.20 10:27:07.708,0.75128,0.75149,1.00,1.75
2016.04.20 10:27:07.910,0.7512,0.75145,1.75,1.37
2016.04.20 10:27:08.061,0.75117,0.75144,1.75,1.75
2016.04.20 10:27:08.112,0.75117,0.75144,1.75,1.75
2016.04.20 10:27:08.583,0.75119,0.7514,1.12,1.75
2016.04.20 10:27:08.684,0.75114,0.75139,1.75,1.75
2016.04.20 10:27:08.785,0.75115,0.75138,1.75,1.50
2016.04.20 10:27:09.295,0.75116,0.75141,1.50,1.75
2016.04.20 10:27:09.929,0.75115,0.7514,1.75,1.75
2016.04.20 10:27:11.197,0.75117,0.75139,1.00,1.75
2016.04.20 10:27:16.627,0.7511,0.75135,2.25,1.50
2016.04.20 10:27:17.172,0.75111,0.75136,1.75,1.75
2016.04.20 10:27:17.812,0.75108,0.75135,1.75,3.00
2016.04.20 10:27:18.115,0.75106,0.75132,1.75,1.75
2016.04.20 10:27:21.025,0.75105,0.7513,1.75,1.75
2016.04.20 10:27:24.111,0.75105,0.75128,1.75,1.35
2016.04.20 10:27:24.212,0.75102,0.75125,1.75,1.72
2016.04.20 10:27:24.263,0.751,0.75123,3.00,1.00
2016.04.20 10:27:24.314,0.751,0.75123,1.75,1.75
2016.04.20 10:27:24.415,0.75099,0.75121,1.75,1.75
2016.04.20 10:27:24.717,0.751,0.7512,1.00,1.75
2016.04.20 10:27:24.919,0.75094,0.75113,1.50,1.00
2016.04.20 10:27:26.499,0.75094,0.75116,1.12,1.75
2016.04.20 10:27:26.878,0.751,0.75112,1.00,1.00
2016.04.20 10:27:26.988,0.75095,0.75112,1.00,1.00
2016.04.20 10:27:28.734,0.75095,0.75119,1.87,1.75
2016.04.20 10:27:28.785,0.75098,0.75121,1.00,3.75
2016.04.20 10:27:28.836,0.75098,0.75123,1.75,2.25
2016.04.20 10:27:29.328,0.75095,0.7512,1.87,3.75
2016.04.20 10:27:30.508,0.75095,0.75117,1.37,1.75
2016.04.20 10:27:31.045,0.75095,0.75117,1.00,1.75
2016.04.20 10:27:33.243,0.75095,0.75112,1.00,1.00
2016.04.20 10:27:37.565,0.75095,0.75113,1.00,1.00
2016.04.20 10:27:38.676,0.75094,0.75113,1.50,1.00
2016.04.20 10:27:39.045,0.75094,0.75116,1.12,1.75
2016.04.20 10:27:39.636,0.75095,0.75116,1.00,1.75
2016.04.20 10:27:40.186,0.75095,0.75116,1.00,1.75
2016.04.20 10:27:40.258,0.75091,0.75116,1.75,2.25
2016.04.20 10:27:40.965,0.75095,0.75116,1.00,1.75
2016.04.20 10:27:42.127,0.75094,0.75117,1.00,3.75
2016.04.20 10:27:45.279,0.75095,0.75117,1.00,3.75
2016.04.20 10:27:45.590,0.75095,0.75112,1.00,1.00
2016.04.20 10:27:46.097,0.75095,0.75118,2.25,2.10
2016.04.20 10:27:46.444,0.751,0.75119,1.00,1.35
2016.04.20 10:27:46.965,0.751,0.75119,1.00,1.35
2016.04.20 10:27:49.062,0.75105,0.7512,1.00,1.35
2016.04.20 10:27:49.656,0.751,0.7512,1.00,2.85
2016.04.20 10:27:53.345,0.75099,0.7512,1.00,2.10
2016.04.20 10:27:54.115,0.751,0.75119,1.00,1.75
2016.04.20 10:27:58.226,0.75094,0.75116,1.37,1.75
2016.04.20 10:27:58.327,0.75086,0.7511,3.75,1.00
2016.04.20 10:27:58.641,0.75085,0.75104,1.00,1.35
2016.04.20 10:27:58.692,0.7508,0.75101,1.37,1.75
2016.04.20 10:27:58.743,0.75085,0.75101,1.00,1.75
2016.04.20 10:27:58.995,0.75084,0.75107,1.00,3.75
2016.04.20 10:27:59.096,0.75084,0.75102,1.00,1.00
2016.04.20 10:27:59.633,0.75085,0.75103,1.50,1.00
2016.04.20 10:28:00.364,0.75087,0.75103,1.00,1.00
2016.04.20 10:28:00.666,0.7509,0.75111,1.12,1.75
2016.04.20 10:28:00.978,0.75087,0.7511,1.50,1.75
2016.04.20 10:28:03.166,0.7509,0.75111,1.00,1.75
2016.04.20 10:28:03.318,0.7509,0.75112,1.12,1.35
2016.04.20 10:28:04.409,0.7509,0.75109,1.50,1.00
2016.04.20 10:28:04.778,0.7509,0.75112,1.37,1.35
2016.04.20 10:28:05.301,0.7509,0.75113,1.00,1.75
2016.04.20 10:28:05.517,0.75095,0.75116,1.12,1.75
2016.04.20 10:28:05.877,0.75095,0.75114,1.12,1.35
2016.04.20 10:28:06.028,0.7509,0.7511,1.12,1.75
2016.04.20 10:28:06.521,0.75089,0.75113,1.75,2.10
2016.04.20 10:28:06.572,0.75089,0.75113,1.75,1.75
2016.04.20 10:28:06.925,0.7509,0.75113,1.37,1.75
2016.04.20 10:28:07.900,0.7509,0.75115,2.25,2.25
2016.04.20 10:28:08.001,0.75095,0.75115,1.00,1.75
2016.04.20 10:28:08.152,0.75095,0.75117,1.75,1.75
2016.04.20 10:28:08.354,0.751,0.7512,1.00,1.75
2016.04.20 10:28:08.556,0.75099,0.75122,1.75,1.75
2016.04.20 10:28:08.872,0.75104,0.75124,1.00,2.10
2016.04.20 10:28:09.104,0.751,0.75124,2.25,2.10
2016.04.20 10:28:11.795,0.751,0.75126,2.25,2.25
2016.04.20 10:28:11.846,0.75105,0.75127,1.00,2.25
2016.04.20 10:28:12.412,0.75102,0.75127,1.75,1.75
2016.04.20 10:28:12.769,0.75104,0.75126,1.75,1.75
2016.04.20 10:28:12.870,0.75104,0.75122,1.00,1.00
2016.04.20 10:28:13.373,0.75105,0.75126,1.12,1.75
2016.04.20 10:28:14.042,0.75105,0.75125,1.00,1.75
2016.04.20 10:28:15.487,0.75105,0.75125,1.37,1.50
2016.04.20 10:28:15.588,0.75107,0.75125,1.00,1.50
2016.04.20 10:28:16.093,0.75105,0.75128,1.75,2.10
2016.04.20 10:28:27.334,0.75105,0.75124,1.37,1.35
2016.04.20 10:28:27.385,0.75103,0.75123,1.37,2.85
2016.04.20 10:28:27.436,0.751,0.75117,1.37,1.87
2016.04.20 10:28:27.487,0.75095,0.75109,1.00,1.00
2016.04.20 10:28:27.688,0.75094,0.75115,1.00,3.00
2016.04.20 10:28:27.932,0.75095,0.75113,1.00,1.35
2016.04.20 10:28:28.534,0.75094,0.75113,1.00,1.35
2016.04.20 10:28:29.043,0.75095,0.75113,1.00,1.35
2016.04.20 10:28:30.814,0.7509,0.75113,1.75,1.35
2016.04.20 10:28:32.838,0.75095,0.75113,1.00,1.35
2016.04.20 10:28:34.357,0.75096,0.75118,1.00,2.25
2016.04.20 10:28:34.659,0.751,0.7512,1.00,1.35
2016.04.20 10:28:35.464,0.75099,0.75118,1.00,3.60
2016.04.20 10:28:36.147,0.751,0.75118,1.00,3.60
2016.04.20 10:28:36.976,0.75095,0.75117,1.00,1.75
2016.04.20 10:28:37.971,0.751,0.75116,1.00,2.10
2016.04.20 10:28:38.322,0.75095,0.75116,1.00,2.10
2016.04.20 10:28:38.693,0.75095,0.75113,1.00,1.00
2016.04.20 10:28:40.427,0.75094,0.75113,1.50,1.00
2016.04.20 10:28:40.679,0.75095,0.75114,1.00,1.75
2016.04.20 10:28:41.186,0.75089,0.75111,1.75,2.10
2016.04.20 10:28:41.981,0.75089,0.75111,2.25,2.10
2016.04.20 10:28:42.597,0.75089,0.75111,2.25,2.10
2016.04.20 10:28:43.686,0.75094,0.75111,1.00,1.35
2016.04.20 10:28:44.895,0.7509,0.75111,1.75,1.35
2016.04.20 10:28:45.449,0.75095,0.75111,1.00,1.35
2016.04.20 10:28:48.891,0.75095,0.75111,1.00,1.67
2016.04.20 10:28:49.215,0.75093,0.75112,1.00,1.67
2016.04.20 10:28:49.729,0.7509,0.75111,1.75,1.35
2016.04.20 10:28:51.084,0.75089,0.75111,1.75,2.10
2016.04.20 10:28:51.185,0.7509,0.7511,1.50,1.75
2016.04.20 10:28:51.488,0.75089,0.75109,1.00,2.10
2016.04.20 10:28:51.690,0.7509,0.75107,1.00,1.00
2016.04.20 10:28:52.084,0.7509,0.7511,1.37,2.85
2016.04.20 10:28:52.185,0.75095,0.75112,1.00,1.35
2016.04.20 10:28:52.814,0.75095,0.75113,1.00,1.35
2016.04.20 10:28:56.225,0.75095,0.75114,1.12,1.75
2016.04.20 10:28:56.276,0.751,0.75114,1.00,1.75
2016.04.20 10:28:56.377,0.751,0.75115,1.00,1.00
2016.04.20 10:28:57.950,0.751,0.75118,1.00,1.75
2016.04.20 10:28:58.516,0.751,0.75119,1.00,1.75
2016.04.20 10:28:59.044,0.751,0.75116,1.00,1.00
2016.04.20 10:29:00.410,0.751,0.75118,1.00,1.00
2016.04.20 10:29:00.561,0.75104,0.75118,1.00,1.00
2016.04.20 10:29:01.104,0.75105,0.75121,1.00,1.35
2016.04.20 10:29:01.716,0.75105,0.75121,1.00,1.35
2016.04.20 10:29:02.090,0.751,0.7512,1.12,1.75
2016.04.20 10:29:02.192,0.75104,0.75121,1.00,1.35
2016.04.20 10:29:02.474,0.751,0.75121,1.12,1.35
2016.04.20 10:29:03.090,0.751,0.75119,1.00,2.10
2016.04.20 10:29:05.536,0.751,0.75119,1.00,1.35
2016.04.20 10:29:05.944,0.75095,0.75115,1.75,1.00
2016.04.20 10:29:06.045,0.751,0.7512,1.00,2.85
2016.04.20 10:29:07.245,0.75095,0.75115,1.75,1.00
2016.04.20 10:29:07.507,0.75099,0.75118,1.50,1.50
2016.04.20 10:29:08.359,0.751,0.75118,1.00,1.00
2016.04.20 10:29:09.449,0.75099,0.75118,1.50,1.00
2016.04.20 10:29:10.577,0.751,0.75118,1.00,1.00
2016.04.20 10:29:11.425,0.75099,0.75115,1.00,1.00
2016.04.20 10:29:11.626,0.75095,0.75115,1.50,2.25
2016.04.20 10:29:11.677,0.7509,0.75111,1.75,1.12
2016.04.20 10:29:14.995,0.75092,0.75116,1.75,2.10
2016.04.20 10:29:15.298,0.75089,0.75115,1.75,1.75
2016.04.20 10:29:15.399,0.75093,0.75112,1.00,1.00
2016.04.20 10:29:16.398,0.7509,0.75115,2.25,2.25
2016.04.20 10:29:16.599,0.7509,0.75113,1.75,1.75
2016.04.20 10:29:16.935,0.75088,0.75109,1.12,1.35
2016.04.20 10:29:21.496,0.75085,0.75106,2.25,1.00
2016.04.20 10:29:21.689,0.7509,0.75115,1.87,5.25
2016.04.20 10:29:21.740,0.7509,0.75115,2.25,1.75
2016.04.20 10:29:23.715,0.75091,0.75114,1.75,1.67
2016.04.20 10:29:24.315,0.75091,0.75114,1.75,1.67
2016.04.20 10:29:28.595,0.75095,0.75116,1.37,1.35
2016.04.20 10:29:31.625,0.75095,0.75115,1.37,1.00
2016.04.20 10:29:31.726,0.75095,0.75114,1.50,1.00
2016.04.20 10:29:34.654,0.75095,0.75114,1.50,1.00
2016.04.20 10:29:34.958,0.75092,0.75115,1.75,1.75
2016.04.20 10:29:35.009,0.75092,0.75115,1.75,1.75
2016.04.20 10:29:36.985,0.7509,0.75116,1.75,2.85
2016.04.20 10:29:37.036,0.75091,0.7511,1.00,1.00
2016.04.20 10:29:38.872,0.75089,0.75115,2.25,1.75
2016.04.20 10:29:39.513,0.75091,0.75115,1.75,1.75
2016.04.20 10:29:41.567,0.75095,0.75116,1.12,1.35
2016.04.20 10:29:41.618,0.75095,0.75116,1.50,1.35
2016.04.20 10:29:41.773,0.75095,0.75119,1.75,1.75
2016.04.20 10:29:41.824,0.75095,0.75119,1.75,1.75
2016.04.20 10:29:41.975,0.75101,0.75123,1.37,2.25
2016.04.20 10:29:42.144,0.75101,0.75125,1.75,2.10
2016.04.20 10:29:44.272,0.75101,0.75125,1.75,2.10
2016.04.20 10:29:44.575,0.75101,0.75125,1.75,1.75
2016.04.20 10:29:44.626,0.75101,0.75125,1.75,1.75
2016.04.20 10:29:45.731,0.75105,0.75127,1.75,1.67
2016.04.20 10:29:48.453,0.75105,0.75127,1.37,1.35
2016.04.20 10:29:48.571,0.75105,0.75125,1.00,1.75
2016.04.20 10:29:49.154,0.75105,0.75125,1.00,2.25
2016.04.20 10:29:49.372,0.751,0.7512,1.50,1.75
2016.04.20 10:29:49.676,0.75098,0.75117,1.00,1.00
2016.04.20 10:29:53.333,0.751,0.75117,1.00,1.00
2016.04.20 10:29:53.840,0.75099,0.75117,1.00,1.00
2016.04.20 10:29:54.251,0.75099,0.75124,2.62,3.00
2016.04.20 10:29:54.402,0.75105,0.75125,1.12,1.75
2016.04.20 10:29:54.914,0.75105,0.75124,1.50,1.50
2016.04.20 10:29:55.298,0.75105,0.75128,1.75,1.75
2016.04.20 10:29:57.740,0.7511,0.75125,1.00,1.12
2016.04.20 10:29:57.942,0.75105,0.75124,1.12,1.75
2016.04.20 10:29:58.926,0.75098,0.75122,3.00,1.72
2016.04.20 10:29:59.078,0.75105,0.75121,1.00,1.35
2016.04.20 10:29:59.178,0.751,0.75118,1.00,1.35
2016.04.20 10:29:59.698,0.751,0.75117,1.00,1.72
2016.04.20 10:30:00.230,0.751,0.75116,1.00,1.00
2016.04.20 10:30:00.732,0.75099,0.75116,1.00,1.00
2016.04.20 10:30:01.244,0.75097,0.75116,1.00,1.00
2016.04.20 10:30:03.845,0.75097,0.75116,1.00,2.85
2016.04.20 10:30:04.177,0.7509,0.75112,1.87,1.35
2016.04.20 10:30:04.228,0.75089,0.75108,1.50,1.00
2016.04.20 10:30:04.278,0.75089,0.7511,1.50,1.35
2016.04.20 10:30:04.547,0.75087,0.75106,1.00,1.00
2016.04.20 10:30:04.705,0.75085,0.75109,1.75,1.75
2016.04.20 10:30:05.246,0.7509,0.75109,1.00,1.75
2016.04.20 10:30:05.807,0.75085,0.75109,1.75,1.75
2016.04.20 10:30:07.087,0.75095,0.75111,1.00,1.75
2016.04.20 10:30:07.326,0.75095,0.75115,1.12,2.10
2016.04.20 10:30:09.326,0.75095,0.75115,1.50,1.35
2016.04.20 10:30:09.527,0.7509,0.75115,1.75,2.10
2016.04.20 10:30:11.071,0.75095,0.75115,1.00,1.35
2016.04.20 10:30:11.122,0.75095,0.75113,1.00,1.00
2016.04.20 10:30:11.710,0.7509,0.75114,1.75,1.75
2016.04.20 10:30:11.822,0.75092,0.75111,1.00,1.00
2016.04.20 10:30:11.923,0.7509,0.75112,1.75,1.75
2016.04.20 10:30:12.226,0.75095,0.75111,1.00,1.50
2016.04.20 10:30:12.377,0.7509,0.7511,1.50,1.37
2016.04.20 10:30:12.428,0.7509,0.7511,1.12,1.50
2016.04.20 10:30:13.029,0.75095,0.75111,1.00,1.75
2016.04.20 10:30:13.130,0.7509,0.75111,1.12,1.75
2016.04.20 10:30:14.635,0.7509,0.75109,1.12,1.75
2016.04.20 10:30:19.066,0.75095,0.75108,1.00,1.50
2016.04.20 10:30:19.217,0.75095,0.7511,1.00,1.50
2016.04.20 10:30:19.898,0.7509,0.75113,1.75,1.75
2016.04.20 10:30:20.150,0.75094,0.75113,1.00,1.75
2016.04.20 10:30:20.452,0.75095,0.75114,1.00,1.75
2016.04.20 10:30:21.190,0.75095,0.75114,1.00,1.75
2016.04.20 10:30:23.309,0.75094,0.75114,1.00,1.75
2016.04.20 10:30:23.360,0.75094,0.75116,1.50,1.75
2016.04.20 10:30:23.575,0.75095,0.75118,1.75,1.75
2016.04.20 10:30:24.439,0.75095,0.75117,1.50,1.75
2016.04.20 10:30:24.854,0.7509,0.75114,1.75,1.75
2016.04.20 10:30:25.969,0.7509,0.75114,1.75,1.75
2016.04.20 10:30:26.070,0.7509,0.75112,1.50,1.75
2016.04.20 10:30:32.939,0.7509,0.75111,1.75,1.50
2016.04.20 10:30:32.990,0.7509,0.75111,1.75,1.50
2016.04.20 10:30:34.313,0.75095,0.75112,1.00,1.75
2016.04.20 10:30:34.524,0.75089,0.75112,1.75,1.75
2016.04.20 10:30:35.955,0.75095,0.75112,1.00,1.75
2016.04.20 10:30:36.207,0.75094,0.75115,1.75,1.50
2016.04.20 10:30:36.358,0.75094,0.75115,1.75,1.37
2016.04.20 10:30:36.459,0.75094,0.75117,1.75,1.50
2016.04.20 10:30:36.560,0.75095,0.75117,1.50,1.75
2016.04.20 10:30:36.688,0.75095,0.75117,1.50,1.75
2016.04.20 10:30:37.202,0.7509,0.75114,1.75,1.75
2016.04.20 10:30:37.737,0.75094,0.75112,1.00,1.00
2016.04.20 10:30:37.788,0.7509,0.75111,1.75,1.75
2016.04.20 10:30:37.989,0.7509,0.75112,1.50,1.75
2016.04.20 10:30:38.385,0.75095,0.75113,1.00,1.75
2016.04.20 10:30:38.921,0.75094,0.75115,1.00,3.60
2016.04.20 10:30:39.274,0.7509,0.7511,1.50,1.75
2016.04.20 10:30:39.374,0.75095,0.75112,1.00,1.35
2016.04.20 10:30:39.765,0.7509,0.7511,1.50,1.75
2016.04.20 10:30:40.513,0.75094,0.75111,1.00,1.75
2016.04.20 10:30:40.742,0.7509,0.7511,1.50,1.75
2016.04.20 10:30:42.036,0.75094,0.75111,1.00,1.75
2016.04.20 10:30:42.585,0.7509,0.7511,1.12,1.75
2016.04.20 10:30:43.024,0.75095,0.75111,1.00,1.75
2016.04.20 10:30:43.246,0.7509,0.7511,1.12,2.25
2016.04.20 10:30:44.025,0.75085,0.75105,1.75,1.35
2016.04.20 10:30:44.127,0.75085,0.75105,1.50,2.10
2016.04.20 10:30:44.178,0.75082,0.75105,1.50,2.10
2016.04.20 10:30:44.229,0.75082,0.75105,1.50,2.10
2016.04.20 10:30:44.331,0.7508,0.75101,1.12,1.75
2016.04.20 10:30:51.577,0.75075,0.75099,1.75,2.10
2016.04.20 10:30:51.628,0.75077,0.75096,1.00,1.00
2016.04.20 10:30:51.679,0.75074,0.75097,1.37,3.00
2016.04.20 10:30:51.730,0.75074,0.75094,1.00,1.75
2016.04.20 10:30:52.265,0.75075,0.75095,1.00,1.75
2016.04.20 10:30:53.336,0.75075,0.75095,1.00,3.00
2016.04.20 10:30:53.437,0.7507,0.75095,1.87,4.50
2016.04.20 10:30:53.488,0.7507,0.75094,1.87,2.25
2016.04.20 10:30:53.888,0.7507,0.75084,1.00,1.00
2016.04.20 10:30:55.035,0.7507,0.75093,1.75,1.75
2016.04.20 10:30:55.237,0.7507,0.75095,2.25,1.75
2016.04.20 10:30:55.804,0.75074,0.75091,1.00,1.00
2016.04.20 10:30:56.541,0.75075,0.75091,1.00,1.00
2016.04.20 10:30:57.082,0.75075,0.75097,1.12,2.10
2016.04.20 10:30:57.654,0.75074,0.75092,1.00,1.00
2016.04.20 10:30:58.086,0.7508,0.75092,1.00,1.00
2016.04.20 10:30:58.383,0.7508,0.75102,1.00,2.25
2016.04.20 10:30:58.435,0.7508,0.75103,1.12,2.25
2016.04.20 10:31:06.567,0.75079,0.75103,1.12,3.60
2016.04.20 10:31:07.089,0.7508,0.75103,1.00,3.60
2016.04.20 10:31:08.099,0.75079,0.75103,1.12,3.60
2016.04.20 10:31:08.964,0.7508,0.75101,1.00,1.75
2016.04.20 10:31:12.932,0.75079,0.75101,1.12,1.75
2016.04.20 10:31:13.457,0.7508,0.75102,1.00,1.75
2016.04.20 10:31:15.581,0.7508,0.75102,1.00,1.75
2016.04.20 10:31:18.565,0.75079,0.75103,1.12,3.60
2016.04.20 10:31:19.081,0.7508,0.751,1.00,1.75
2016.04.20 10:31:22.580,0.7508,0.75101,1.12,1.75
2016.04.20 10:31:24.611,0.75085,0.751,1.00,1.50
2016.04.20 10:31:24.882,0.75085,0.75106,1.75,1.35
2016.04.20 10:31:26.176,0.75086,0.7511,1.75,2.10
2016.04.20 10:31:26.508,0.75089,0.75107,1.00,1.00
2016.04.20 10:31:27.010,0.75088,0.75107,1.00,1.00
2016.04.20 10:31:27.060,0.75086,0.7511,1.37,2.10
2016.04.20 10:31:27.224,0.75085,0.7511,2.25,2.10
2016.04.20 10:31:27.664,0.7509,0.7511,1.00,1.35
2016.04.20 10:31:28.367,0.7509,0.7511,1.00,1.35
2016.04.20 10:31:28.870,0.7509,0.75101,1.00,2.10
2016.04.20 10:31:29.022,0.75085,0.75104,1.50,1.35
2016.04.20 10:31:29.072,0.75085,0.75103,1.37,1.35
2016.04.20 10:31:29.123,0.75084,0.751,1.00,1.35
2016.04.20 10:31:29.224,0.75081,0.751,1.75,1.30
2016.04.20 10:31:29.275,0.7508,0.751,1.37,1.67
2016.04.20 10:31:29.325,0.7508,0.751,1.12,1.35
2016.04.20 10:31:29.540,0.75079,0.75093,1.00,2.10
2016.04.20 10:31:29.692,0.75074,0.75092,1.12,1.35
2016.04.20 10:31:29.894,0.75072,0.7509,1.00,1.67
2016.04.20 10:31:30.196,0.7507,0.75086,1.00,1.35
2016.04.20 10:31:30.356,0.75065,0.75086,1.00,1.35
2016.04.20 10:31:30.572,0.7507,0.75086,1.00,1.35
2016.04.20 10:31:30.675,0.75065,0.75086,1.00,1.35
2016.04.20 10:31:30.776,0.7507,0.75086,1.00,1.35
2016.04.20 10:31:30.927,0.7507,0.75086,1.00,1.35
2016.04.20 10:31:33.054,0.75065,0.75085,1.50,1.75
2016.04.20 10:31:33.831,0.75065,0.75084,1.50,1.35
2016.04.20 10:31:34.335,0.75065,0.75082,1.00,1.67
2016.04.20 10:31:34.844,0.75065,0.75086,1.00,2.25
2016.04.20 10:31:35.297,0.75065,0.75086,1.37,1.87
2016.04.20 10:31:35.348,0.75065,0.75086,1.75,1.87
2016.04.20 10:31:35.464,0.75066,0.75086,1.75,1.50
2016.04.20 10:31:35.724,0.75065,0.75086,1.75,1.87
2016.04.20 10:31:35.991,0.75064,0.75086,1.75,2.25
2016.04.20 10:31:36.042,0.75066,0.75084,1.00,1.00
2016.04.20 10:31:36.944,0.75065,0.75086,1.37,2.25
2016.04.20 10:31:37.045,0.75065,0.75086,1.00,2.25
2016.04.20 10:31:37.442,0.75069,0.75086,1.00,2.25
2016.04.20 10:31:38.903,0.75065,0.75086,1.00,2.25
2016.04.20 10:31:39.233,0.7507,0.75086,1.00,2.25
2016.04.20 10:31:39.943,0.75065,0.75087,1.00,1.35
2016.04.20 10:31:40.044,0.7507,0.75085,1.00,1.00
2016.04.20 10:31:40.145,0.7507,0.7509,1.37,1.35
2016.04.20 10:31:40.246,0.7507,0.7509,1.37,1.60
2016.04.20 10:31:43.843,0.7507,0.75094,1.75,1.35
2016.04.20 10:31:44.238,0.7507,0.75094,1.50,1.35
2016.04.20 10:31:44.764,0.7507,0.75089,1.50,1.00
2016.04.20 10:31:51.434,0.75075,0.75089,1.00,1.00
2016.04.20 10:31:51.568,0.7507,0.75089,1.50,1.00
2016.04.20 10:31:53.160,0.75069,0.75094,2.25,1.35
2016.04.20 10:31:57.272,0.7507,0.75093,1.12,2.25
2016.04.20 10:31:57.622,0.75069,0.75084,1.00,1.00
2016.04.20 10:31:58.372,0.7507,0.7509,1.00,1.35
2016.04.20 10:31:58.422,0.7507,0.75088,1.00,1.00
2016.04.20 10:31:58.474,0.75075,0.75091,1.00,1.35
2016.04.20 10:31:58.525,0.75075,0.75092,1.00,3.60
2016.04.20 10:31:59.957,0.75075,0.75092,1.00,2.85
2016.04.20 10:32:00.008,0.75071,0.75092,1.00,2.85
2016.04.20 10:32:01.045,0.7507,0.75089,1.12,1.35
2016.04.20 10:32:01.347,0.75064,0.75086,1.37,2.85
2016.04.20 10:32:01.548,0.75061,0.75082,1.37,1.67
2016.04.20 10:32:01.660,0.75061,0.75078,1.12,1.00
2016.04.20 10:32:02.316,0.75065,0.75083,1.00,1.35
2016.04.20 10:32:02.367,0.75066,0.75083,1.12,1.67
2016.04.20 10:32:02.523,0.75066,0.75083,1.12,1.30
2016.04.20 10:32:02.775,0.75064,0.75083,1.12,1.67
2016.04.20 10:32:02.876,0.75065,0.75083,1.50,1.30
2016.04.20 10:32:03.179,0.7506,0.75084,1.75,2.10
2016.04.20 10:32:03.454,0.75063,0.75082,1.00,1.00
2016.04.20 10:32:06.343,0.75059,0.75082,1.75,1.50
2016.04.20 10:32:06.884,0.75059,0.75083,1.75,2.10
2016.04.20 10:32:08.015,0.75065,0.75083,1.00,2.10
2016.04.20 10:32:08.278,0.75059,0.75083,1.75,2.10
2016.04.20 10:32:09.125,0.75065,0.75082,1.00,1.75
2016.04.20 10:32:09.458,0.7506,0.75081,1.75,1.67
2016.04.20 10:32:09.664,0.7506,0.75081,1.50,1.35
2016.04.20 10:32:13.192,0.7506,0.75081,1.12,1.35
2016.04.20 10:32:13.503,0.75064,0.75082,1.00,1.35
2016.04.20 10:32:14.044,0.7506,0.75082,1.75,1.35
2016.04.20 10:32:14.480,0.75065,0.75082,1.00,1.35
2016.04.20 10:32:14.724,0.7506,0.75082,1.75,1.35
2016.04.20 10:32:17.144,0.75064,0.75082,1.00,1.35
2016.04.20 10:32:17.705,0.75059,0.75082,1.75,1.35
2016.04.20 10:32:18.091,0.7506,0.75081,1.75,1.35
2016.04.20 10:32:18.407,0.75059,0.75081,1.50,2.10
2016.04.20 10:32:18.808,0.7506,0.75081,1.50,1.35
2016.04.20 10:32:18.910,0.7506,0.75081,1.75,1.67
2016.04.20 10:32:19.319,0.75065,0.75085,1.37,2.10
2016.04.20 10:32:20.713,0.75062,0.75086,1.75,1.35
2016.04.20 10:32:21.214,0.75065,0.75087,1.75,1.35
2016.04.20 10:32:21.698,0.75065,0.75087,2.25,1.67
2016.04.20 10:32:22.358,0.75065,0.75089,2.25,2.85
2016.04.20 10:32:29.022,0.75065,0.7509,2.25,1.35
2016.04.20 10:32:32.222,0.75069,0.75089,1.75,1.35
2016.04.20 10:32:33.149,0.7507,0.7509,1.50,1.35
2016.04.20 10:32:33.580,0.7507,0.7509,1.12,2.10
2016.04.20 10:32:37.051,0.75065,0.75088,1.75,1.35
2016.04.20 10:32:37.571,0.75065,0.75087,1.75,1.50
2016.04.20 10:32:38.454,0.7506,0.75079,1.75,1.00
2016.04.20 10:32:38.793,0.75059,0.75082,1.75,1.50
2016.04.20 10:32:38.953,0.75059,0.75082,1.75,2.10
2016.04.20 10:32:39.466,0.75055,0.75078,2.25,1.30
2016.04.20 10:32:39.869,0.7506,0.75077,1.00,1.50
2016.04.20 10:32:40.483,0.7506,0.75077,1.12,1.12
2016.04.20 10:32:43.277,0.7506,0.75077,1.12,2.47
2016.04.20 10:32:43.479,0.75049,0.75074,2.25,1.35
2016.04.20 10:32:44.092,0.75049,0.7507,1.75,1.00
2016.04.20 10:32:45.332,0.7505,0.75071,1.75,1.00
2016.04.20 10:32:45.585,0.7505,0.75071,1.75,1.75
2016.04.20 10:32:47.938,0.7505,0.75068,1.75,1.00
2016.04.20 10:32:48.090,0.7505,0.75068,1.00,1.75
2016.04.20 10:32:49.012,0.7505,0.75068,1.37,1.37
2016.04.20 10:32:50.210,0.7505,0.75068,1.00,1.12
2016.04.20 10:32:50.794,0.7505,0.7507,1.37,1.75
2016.04.20 10:32:50.896,0.75051,0.7507,1.00,1.50
2016.04.20 10:32:51.978,0.7505,0.7507,1.75,1.00
2016.04.20 10:32:52.484,0.75054,0.75073,1.12,1.50
2016.04.20 10:32:53.201,0.75054,0.75073,1.75,1.12
2016.04.20 10:32:54.497,0.7505,0.75073,1.75,1.75
2016.04.20 10:32:56.593,0.75055,0.75073,1.00,2.25
2016.04.20 10:32:56.701,0.7505,0.75073,1.75,2.25
2016.04.20 10:32:57.166,0.75055,0.75073,1.00,1.75
2016.04.20 10:32:58.467,0.7505,0.75073,1.75,2.10
2016.04.20 10:32:59.077,0.75054,0.75073,1.00,2.10
2016.04.20 10:33:02.024,0.7505,0.75072,2.25,1.50
2016.04.20 10:33:04.446,0.75049,0.75073,2.25,2.10
2016.04.20 10:33:06.233,0.7505,0.7507,1.75,1.00
2016.04.20 10:33:06.435,0.7505,0.7507,1.12,1.75
2016.04.20 10:33:06.936,0.7505,0.7507,1.50,1.75
2016.04.20 10:33:16.543,0.75045,0.75069,2.25,1.75
2016.04.20 10:33:16.594,0.75045,0.75069,2.25,1.75
2016.04.20 10:33:17.117,0.75044,0.75069,2.25,2.25
2016.04.20 10:33:17.370,0.7505,0.7507,1.75,1.12
2016.04.20 10:33:21.434,0.75049,0.7507,1.50,1.50
2016.04.20 10:33:21.485,0.75049,0.75068,1.50,1.00
2016.04.20 10:33:27.588,0.75049,0.7507,1.75,1.75
2016.04.20 10:33:31.703,0.7505,0.75073,1.75,2.25
2016.04.20 10:33:32.103,0.75055,0.75074,1.00,4.35
2016.04.20 10:33:36.321,0.7505,0.75073,3.75,2.10
2016.04.20 10:33:36.779,0.7505,0.75074,3.75,2.10
2016.04.20 10:33:37.308,0.75055,0.75074,1.75,2.47
2016.04.20 10:33:50.753,0.7505,0.75073,3.00,1.00
2016.04.20 10:33:50.804,0.7505,0.7507,2.25,1.00
2016.04.20 10:33:50.854,0.75047,0.7507,1.75,1.00
2016.04.20 10:33:50.905,0.75047,0.75065,1.75,1.00
2016.04.20 10:33:50.956,0.75047,0.75065,1.75,1.00
2016.04.20 10:33:51.057,0.75045,0.75065,1.75,1.00
2016.04.20 10:33:51.360,0.75045,0.75064,1.75,1.30
2016.04.20 10:33:51.871,0.75043,0.75065,1.75,1.72
2016.04.20 10:33:52.574,0.75043,0.75068,1.75,2.25
2016.04.20 10:33:55.562,0.75049,0.75072,1.00,3.00
2016.04.20 10:33:55.714,0.75049,0.7507,1.37,1.37
2016.04.20 10:33:55.765,0.75049,0.7507,1.75,1.12
2016.04.20 10:33:56.268,0.75054,0.7507,1.00,1.00
2016.04.20 10:33:57.064,0.75054,0.75073,1.00,2.85
2016.04.20 10:33:58.817,0.7505,0.75071,2.25,1.37
2016.04.20 10:33:58.947,0.7505,0.75071,2.25,1.75
2016.04.20 10:33:59.150,0.7505,0.75073,1.12,3.60
2016.04.20 10:33:59.453,0.7505,0.75073,1.75,2.85
2016.04.20 10:34:00.143,0.75049,0.75071,2.25,1.75
2016.04.20 10:34:00.447,0.75045,0.75065,1.75,1.30
2016.04.20 10:34:00.951,0.75045,0.75066,2.25,1.35
2016.04.20 10:34:06.266,0.75045,0.75064,1.12,1.30
2016.04.20 10:34:10.554,0.75042,0.75064,1.75,1.35
2016.04.20 10:34:12.609,0.75042,0.75064,1.75,1.75
2016.04.20 10:34:12.840,0.7504,0.75059,1.50,1.00
2016.04.20 10:34:13.371,0.7504,0.75061,1.50,2.10
2016.04.20 10:34:14.584,0.75039,0.75059,2.25,1.00
2016.04.20 10:34:15.244,0.75045,0.75063,1.00,1.75
2016.04.20 10:34:15.345,0.75042,0.75063,1.12,1.75
2016.04.20 10:34:16.529,0.75044,0.75063,1.12,1.75
2016.04.20 10:34:18.534,0.75045,0.75064,1.00,1.35
2016.04.20 10:34:19.879,0.75042,0.75061,1.00,1.00
2016.04.20 10:34:19.987,0.75042,0.75064,1.00,1.75
2016.04.20 10:34:20.489,0.75041,0.75064,1.75,1.75
2016.04.20 10:34:21.617,0.75045,0.75064,1.00,1.75
2016.04.20 10:34:21.718,0.75041,0.75064,1.75,1.75
2016.04.20 10:34:24.169,0.75045,0.75064,1.00,1.75
2016.04.20 10:34:24.718,0.75044,0.75061,1.87,1.00
2016.04.20 10:34:25.278,0.75045,0.75064,1.00,1.75
2016.04.20 10:34:25.938,0.75044,0.75064,1.12,1.75
2016.04.20 10:34:29.289,0.75045,0.75064,1.00,1.75
2016.04.20 10:34:29.833,0.75043,0.75064,1.50,1.75
2016.04.20 10:34:30.135,0.7505,0.75065,1.00,1.00
2016.04.20 10:34:30.637,0.7505,0.75071,1.00,2.10
2016.04.20 10:34:31.420,0.7505,0.75071,1.50,2.10
2016.04.20 10:34:32.019,0.7505,0.75071,1.50,2.10
2016.04.20 10:34:32.069,0.7505,0.75068,1.50,1.00
2016.04.20 10:34:35.216,0.7505,0.75071,2.25,1.35
2016.04.20 10:34:35.818,0.7505,0.75071,1.12,1.35
2016.04.20 10:34:36.843,0.7505,0.75071,1.37,2.10
2016.04.20 10:34:37.365,0.7505,0.75068,1.00,1.00
2016.04.20 10:34:37.915,0.7505,0.75071,1.50,2.10
2016.04.20 10:34:38.738,0.75049,0.75071,1.00,2.85
2016.04.20 10:34:38.940,0.75047,0.75065,1.00,1.00
2016.04.20 10:34:39.625,0.75046,0.75065,1.50,1.00
2016.04.20 10:34:40.211,0.75045,0.75068,2.25,2.10
2016.04.20 10:34:40.463,0.75045,0.75068,2.25,1.75
2016.04.20 10:34:40.615,0.75045,0.7507,2.25,1.75
2016.04.20 10:34:41.869,0.75052,0.75073,1.00,2.10
2016.04.20 10:34:42.378,0.75051,0.75073,1.12,2.10
2016.04.20 10:34:46.434,0.7505,0.75072,1.12,1.75
2016.04.20 10:34:47.171,0.7505,0.75072,1.37,1.75
2016.04.20 10:34:47.674,0.7505,0.75072,1.75,1.75
2016.04.20 10:34:48.258,0.75051,0.75072,1.00,1.75
2016.04.20 10:34:55.189,0.7505,0.75072,1.50,1.75
2016.04.20 10:34:57.816,0.7505,0.7507,1.50,3.00
2016.04.20 10:34:57.967,0.75045,0.75068,1.50,1.75
2016.04.20 10:34:58.280,0.75048,0.75066,1.00,1.75
2016.04.20 10:34:58.600,0.75046,0.75066,1.12,1.75
2016.04.20 10:34:59.974,0.75046,0.75066,1.00,1.75
2016.04.20 10:35:00.380,0.75043,0.75065,1.12,2.25
2016.04.20 10:35:02.104,0.75043,0.75062,1.00,1.75
2016.04.20 10:35:02.154,0.7504,0.75062,1.12,1.75
2016.04.20 10:35:02.255,0.75042,0.75062,1.00,1.75
2016.04.20 10:35:02.850,0.75041,0.75061,1.00,1.75
2016.04.20 10:35:03.398,0.7504,0.75057,1.00,1.00
2016.04.20 10:35:03.996,0.7504,0.75062,2.25,1.75
2016.04.20 10:35:06.487,0.75041,0.75062,1.50,1.75
2016.04.20 10:35:07.008,0.7504,0.75063,1.87,1.75
2016.04.20 10:35:07.995,0.7504,0.75063,1.87,1.75
2016.04.20 10:35:14.690,0.7504,0.75059,1.12,1.35
2016.04.20 10:35:15.006,0.75035,0.75059,2.25,2.10
2016.04.20 10:35:15.543,0.75037,0.75059,1.00,2.10
2016.04.20 10:35:15.886,0.75037,0.75059,1.50,1.35
2016.04.20 10:35:15.936,0.75039,0.75058,1.00,1.00
2016.04.20 10:35:16.439,0.7504,0.75058,1.50,1.00
2016.04.20 10:35:18.295,0.75041,0.75063,1.00,2.10
2016.04.20 10:35:18.547,0.75044,0.75063,1.00,1.35
2016.04.20 10:35:19.404,0.75044,0.75059,1.00,1.00
2016.04.20 10:35:19.505,0.75044,0.75061,1.00,1.00
2016.04.20 10:35:19.556,0.75042,0.75061,1.50,1.00
2016.04.20 10:35:19.923,0.75042,0.75063,1.12,1.35
2016.04.20 10:35:20.260,0.75045,0.75063,1.00,1.35
2016.04.20 10:35:20.311,0.75041,0.75063,1.50,1.35
2016.04.20 10:35:21.171,0.75044,0.75063,1.00,1.35
2016.04.20 10:35:21.893,0.75044,0.75063,1.00,1.35
2016.04.20 10:35:21.944,0.75041,0.75063,1.00,1.35
2016.04.20 10:35:22.045,0.7504,0.75062,1.00,4.35
2016.04.20 10:35:22.351,0.7504,0.75059,1.00,3.75
2016.04.20 10:35:23.042,0.75039,0.75059,1.00,3.75
2016.04.20 10:35:25.590,0.75035,0.75055,1.12,1.75
2016.04.20 10:35:25.901,0.75039,0.75059,1.00,2.25
2016.04.20 10:35:27.230,0.75035,0.75056,1.12,1.75
2016.04.20 10:35:33.822,0.75039,0.75059,1.00,5.25
2016.04.20 10:35:35.297,0.75035,0.75055,1.87,1.75
2016.04.20 10:35:38.656,0.75035,0.75053,1.50,1.00
2016.04.20 10:35:45.121,0.75036,0.75053,1.00,1.00
2016.04.20 10:35:45.171,0.7504,0.75053,1.00,1.00
2016.04.20 10:35:45.373,0.75039,0.7506,1.12,1.35
2016.04.20 10:35:45.920,0.7504,0.7506,1.00,2.10
2016.04.20 10:35:49.971,0.7504,0.7506,1.50,1.75
2016.04.20 10:35:52.673,0.7504,0.75057,1.50,1.00
2016.04.20 10:35:53.697,0.75039,0.75061,1.12,1.75
2016.04.20 10:35:53.798,0.7504,0.7506,1.00,1.75
2016.04.20 10:35:54.188,0.7504,0.7506,1.00,1.75
2016.04.20 10:35:55.172,0.7504,0.7506,1.12,1.75
2016.04.20 10:35:57.870,0.7504,0.7506,1.50,1.75
2016.04.20 10:35:58.172,0.7504,0.7506,1.50,1.75
2016.04.20 10:36:02.979,0.7504,0.75059,1.00,1.35
2016.04.20 10:36:03.080,0.75036,0.75058,1.00,2.85
2016.04.20 10:36:03.489,0.7504,0.75051,1.00,1.00
2016.04.20 10:36:03.715,0.75034,0.75051,1.50,1.00
2016.04.20 10:36:04.220,0.75035,0.75056,1.00,1.75
2016.04.20 10:36:04.723,0.75035,0.75056,1.12,1.75
2016.04.20 10:36:05.185,0.75035,0.75056,1.00,1.75
2016.04.20 10:36:05.887,0.75035,0.75056,1.12,1.75
2016.04.20 10:36:05.987,0.75035,0.75056,1.00,1.75
2016.04.20 10:36:06.088,0.75035,0.75056,1.00,1.75
2016.04.20 10:36:06.936,0.75033,0.75055,1.50,1.75
2016.04.20 10:36:07.387,0.75033,0.75055,1.50,1.75
2016.04.20 10:36:07.692,0.7503,0.75055,2.25,1.75
2016.04.20 10:36:07.924,0.7503,0.75053,1.87,1.75
2016.04.20 10:36:08.492,0.7503,0.75053,1.50,1.75
2016.04.20 10:36:08.895,0.75035,0.75052,1.00,1.35
2016.04.20 10:36:09.797,0.75034,0.75052,1.00,1.35
2016.04.20 10:36:10.001,0.75034,0.75052,1.12,1.67
2016.04.20 10:36:10.505,0.75035,0.75055,1.00,2.10
2016.04.20 10:36:11.904,0.75035,0.75055,1.00,3.60
2016.04.20 10:36:13.444,0.75035,0.75055,1.00,2.10
2016.04.20 10:36:13.779,0.75031,0.75055,1.50,2.10
2016.04.20 10:36:14.513,0.75033,0.75052,1.00,1.00
2016.04.20 10:36:14.614,0.75035,0.75052,1.00,1.00
2016.04.20 10:36:16.327,0.75035,0.7505,1.00,1.00
2016.04.20 10:36:18.791,0.75032,0.7505,1.00,1.50
2016.04.20 10:36:18.842,0.75032,0.75049,1.00,1.35
2016.04.20 10:36:18.893,0.7503,0.75049,1.12,1.67
2016.04.20 10:36:18.943,0.7503,0.75049,1.50,1.30
2016.04.20 10:36:19.446,0.7503,0.75052,1.75,1.67
2016.04.20 10:36:20.237,0.7503,0.75052,2.25,1.35
2016.04.20 10:36:20.438,0.75024,0.75048,2.25,1.35
2016.04.20 10:36:21.726,0.75028,0.75046,1.00,1.50
2016.04.20 10:36:23.108,0.7503,0.75046,1.00,1.35
2016.04.20 10:36:23.749,0.75025,0.75046,2.25,2.10
2016.04.20 10:36:23.850,0.75025,0.75046,1.87,2.10
2016.04.20 10:36:26.421,0.7502,0.75045,1.75,3.00
2016.04.20 10:36:39.694,0.75028,0.75048,1.00,1.35
2016.04.20 10:36:39.899,0.75032,0.7505,1.00,2.10
2016.04.20 10:36:39.949,0.75027,0.7505,1.75,2.10
2016.04.20 10:36:40.000,0.75027,0.75049,1.75,1.35
2016.04.20 10:36:40.051,0.75025,0.75049,2.25,1.35
2016.04.20 10:36:40.102,0.75025,0.75049,1.87,1.35
2016.04.20 10:36:41.348,0.75028,0.75049,1.00,1.35
2016.04.20 10:36:41.550,0.75026,0.75044,1.00,1.00
2016.04.20 10:36:41.600,0.75026,0.75049,1.75,1.35
2016.04.20 10:36:45.633,0.7503,0.75052,1.00,2.85
2016.04.20 10:36:45.784,0.7503,0.75052,1.50,1.35
2016.04.20 10:36:48.202,0.7503,0.75052,1.12,1.35
2016.04.20 10:36:50.082,0.7503,0.75052,1.50,1.35
2016.04.20 10:36:50.674,0.7503,0.75048,1.00,1.00
2016.04.20 10:36:52.050,0.75029,0.75048,1.50,1.00
2016.04.20 10:36:53.186,0.75029,0.7505,1.37,1.75
2016.04.20 10:36:53.287,0.75028,0.7505,1.37,1.75
2016.04.20 10:36:53.938,0.75026,0.75052,1.75,2.85
2016.04.20 10:36:57.514,0.75024,0.7505,1.75,3.00
2016.04.20 10:36:58.772,0.75023,0.75045,1.87,1.75
2016.04.20 10:37:00.539,0.7502,0.75043,2.25,1.35
2016.04.20 10:37:00.690,0.75016,0.7504,1.75,1.35
2016.04.20 10:37:02.339,0.75015,0.75034,1.00,1.00
2016.04.20 10:37:02.842,0.75015,0.7504,2.25,1.75
2016.04.20 10:37:07.032,0.75017,0.7504,1.75,1.75
2016.04.20 10:37:07.634,0.75016,0.75035,1.00,1.00
2016.04.20 10:37:07.735,0.75015,0.75033,1.50,1.00
2016.04.20 10:37:08.038,0.75015,0.75038,1.00,5.25
2016.04.20 10:37:08.287,0.75015,0.75038,1.12,1.75
2016.04.20 10:37:10.018,0.75016,0.7504,1.00,5.10
2016.04.20 10:37:10.069,0.75017,0.75036,1.00,1.00
2016.04.20 10:37:10.663,0.75018,0.75037,1.00,1.00
2016.04.20 10:37:12.168,0.75017,0.7504,1.75,1.75
2016.04.20 10:37:13.087,0.75019,0.75038,1.00,1.00
2016.04.20 10:37:13.430,0.75016,0.7504,1.75,1.75
2016.04.20 10:37:13.782,0.75016,0.7504,1.50,1.75
2016.04.20 10:37:13.984,0.75014,0.75033,2.25,1.00
2016.04.20 10:37:14.286,0.75014,0.75037,1.12,1.75
2016.04.20 10:37:14.895,0.75015,0.75037,1.00,1.75
2016.04.20 10:37:15.500,0.75011,0.75035,1.75,1.75
2016.04.20 10:37:22.180,0.75011,0.75032,1.75,1.00
2016.04.20 10:37:22.624,0.75015,0.75034,1.50,1.00
2016.04.20 10:37:29.828,0.75015,0.75037,1.37,1.75
2016.04.20 10:37:35.099,0.75011,0.75035,1.75,2.10
2016.04.20 10:37:35.150,0.75011,0.75035,1.75,2.10
2016.04.20 10:37:35.251,0.75014,0.75032,1.00,1.00
2016.04.20 10:37:36.654,0.75015,0.75032,1.00,1.00
2016.04.20 10:37:38.202,0.75012,0.75032,1.75,1.00
2016.04.20 10:37:38.354,0.7501,0.75035,2.25,2.10
2016.04.20 10:37:38.747,0.75006,0.7503,1.75,1.50
2016.04.20 10:37:39.059,0.75008,0.75027,1.00,1.00
2016.04.20 10:37:42.378,0.7501,0.75027,1.00,1.00
2016.04.20 10:37:44.643,0.7501,0.75034,1.50,1.75
2016.04.20 10:37:45.448,0.75012,0.75035,1.00,1.75
2016.04.20 10:37:45.550,0.75015,0.75034,1.50,1.00
2016.04.20 10:37:45.600,0.75015,0.75037,1.50,1.37
2016.04.20 10:37:45.903,0.75017,0.7504,1.75,1.75
2016.04.20 10:37:46.553,0.75017,0.7504,1.75,1.75
2016.04.20 10:37:47.094,0.7502,0.75042,1.00,1.75
2016.04.20 10:37:48.912,0.75019,0.75042,1.12,1.75
2016.04.20 10:37:49.258,0.7502,0.75045,2.25,2.85
2016.04.20 10:37:49.579,0.75019,0.75043,1.75,1.75
2016.04.20 10:37:49.894,0.75019,0.75043,1.12,2.25
2016.04.20 10:37:50.627,0.7502,0.75043,1.00,3.00
2016.04.20 10:37:50.879,0.7502,0.75043,1.50,1.75
2016.04.20 10:37:51.847,0.75016,0.7504,1.75,1.75
2016.04.20 10:37:53.244,0.75015,0.7504,2.25,1.75
2016.04.20 10:37:54.039,0.7502,0.75043,1.00,3.00
2016.04.20 10:37:55.037,0.75015,0.75035,2.25,1.00
2016.04.20 10:37:55.088,0.75015,0.75035,2.25,1.37
2016.04.20 10:37:55.139,0.75015,0.75035,1.37,1.75
2016.04.20 10:37:55.189,0.75015,0.75035,1.00,1.75
2016.04.20 10:37:55.290,0.75011,0.7503,1.00,1.00
2016.04.20 10:37:57.977,0.75012,0.7503,1.00,1.00
2016.04.20 10:37:58.396,0.75011,0.75036,1.12,3.00
2016.04.20 10:38:00.368,0.7501,0.75036,2.25,1.75
2016.04.20 10:38:00.990,0.7501,0.75035,1.50,3.00
2016.04.20 10:38:02.792,0.75009,0.75034,1.12,3.00
2016.04.20 10:38:03.148,0.75009,0.75034,1.75,1.75
2016.04.20 10:38:06.968,0.7501,0.75029,1.37,1.35
2016.04.20 10:38:07.119,0.75005,0.75025,1.75,1.50
2016.04.20 10:38:07.220,0.75003,0.75026,1.75,1.75
2016.04.20 10:38:07.694,0.75001,0.75025,1.75,1.75
2016.04.20 10:38:09.020,0.75,0.75025,2.25,2.25
2016.04.20 10:38:16.484,0.75,0.75021,1.37,1.35
2016.04.20 10:38:16.633,0.75,0.75021,1.12,1.35
2016.04.20 10:38:17.036,0.75,0.75021,1.00,1.75
2016.04.20 10:38:17.237,0.75,0.75021,1.00,1.75
2016.04.20 10:38:17.338,0.75,0.75023,1.50,1.75
2016.04.20 10:38:18.817,0.75,0.75025,1.75,2.25
2016.04.20 10:38:19.124,0.75005,0.75028,1.75,1.35
2016.04.20 10:38:23.082,0.7501,0.75031,1.00,2.85
2016.04.20 10:38:23.259,0.75006,0.75031,1.50,3.60
2016.04.20 10:38:23.477,0.75009,0.75031,1.00,2.85
2016.04.20 10:38:24.736,0.75009,0.75031,1.12,1.75
2016.04.20 10:38:25.237,0.7501,0.75034,1.00,3.00
2016.04.20 10:38:25.288,0.75015,0.75034,1.00,3.00
2016.04.20 10:38:25.439,0.75015,0.75034,1.00,1.75
2016.04.20 10:38:25.792,0.7501,0.75034,1.37,1.75
2016.04.20 10:38:25.842,0.7501,0.75026,1.00,1.00
2016.04.20 10:38:27.946,0.7501,0.75031,1.12,1.75
2016.04.20 10:38:30.885,0.75009,0.75027,1.00,1.00
2016.04.20 10:38:31.947,0.7501,0.75027,1.00,1.00
2016.04.20 10:38:32.610,0.75009,0.75027,1.00,1.00
2016.04.20 10:38:34.482,0.75008,0.75027,1.00,1.00
2016.04.20 10:38:36.173,0.75004,0.75028,1.75,1.75
2016.04.20 10:38:36.375,0.75003,0.75022,1.00,1.50
2016.04.20 10:38:36.476,0.75005,0.7502,1.00,1.00
2016.04.20 10:38:37.030,0.75001,0.7502,1.00,1.00
2016.04.20 10:38:37.081,0.75,0.75023,1.75,1.50
2016.04.20 10:38:37.585,0.75005,0.75028,1.00,2.25
2016.04.20 10:38:38.216,0.75005,0.75028,1.00,3.00
2016.04.20 10:38:38.368,0.75,0.75025,1.75,1.75
2016.04.20 10:38:38.469,0.75005,0.7502,1.00,1.00
2016.04.20 10:38:38.973,0.75005,0.75022,1.00,1.00
2016.04.20 10:38:39.490,0.75005,0.7503,1.87,2.25
2016.04.20 10:38:42.142,0.75005,0.75029,1.00,3.00
2016.04.20 10:38:42.394,0.75,0.75024,1.50,1.75
2016.04.20 10:38:42.445,0.75005,0.75024,1.00,1.75
2016.04.20 10:38:42.697,0.75004,0.75021,1.50,1.00
2016.04.20 10:38:42.747,0.7501,0.75021,1.00,1.00
2016.04.20 10:38:42.899,0.7501,0.75032,1.00,2.85
2016.04.20 10:38:44.117,0.7501,0.75032,1.12,1.35
2016.04.20 10:38:46.329,0.75015,0.75032,1.00,1.35
2016.04.20 10:38:46.568,0.75009,0.75031,1.87,1.75
2016.04.20 10:38:49.202,0.7501,0.7503,1.00,1.75
2016.04.20 10:38:49.889,0.75007,0.75025,1.37,1.00
2016.04.20 10:38:49.939,0.75007,0.7503,1.12,1.75
2016.04.20 10:38:53.245,0.75005,0.7503,1.75,2.25
2016.04.20 10:38:53.598,0.7501,0.7503,1.00,2.25
2016.04.20 10:38:53.800,0.75006,0.7503,1.75,1.75
2016.04.20 10:38:54.007,0.75005,0.75024,1.50,1.00
2016.04.20 10:38:55.138,0.75005,0.7503,2.25,1.75
2016.04.20 10:38:58.106,0.7501,0.75031,1.00,1.75
2016.04.20 10:38:58.157,0.7501,0.75031,1.37,1.75
2016.04.20 10:38:58.616,0.75011,0.75035,1.75,2.10
2016.04.20 10:38:58.969,0.75015,0.75037,1.00,3.75
2016.04.20 10:38:59.120,0.7501,0.75035,1.75,1.75
2016.04.20 10:38:59.646,0.7501,0.75035,1.75,1.75
2016.04.20 10:39:00.241,0.75012,0.75037,1.75,1.75
2016.04.20 10:39:00.821,0.7501,0.75036,2.25,1.75
2016.04.20 10:39:01.394,0.75009,0.7503,1.75,1.00
2016.04.20 10:39:01.445,0.75005,0.7503,4.50,2.25
2016.04.20 10:39:01.546,0.75005,0.7503,2.25,1.75
2016.04.20 10:39:01.797,0.75006,0.75025,1.00,1.00
2016.04.20 10:39:01.848,0.75005,0.7503,1.75,1.75
2016.04.20 10:39:03.038,0.7501,0.75031,1.00,1.75
2016.04.20 10:39:03.190,0.75006,0.7503,1.75,1.75
2016.04.20 10:39:03.442,0.75008,0.75027,1.00,1.00
2016.04.20 10:39:06.276,0.75009,0.75027,1.00,1.00
2016.04.20 10:39:07.441,0.7501,0.75027,1.00,1.00
2016.04.20 10:39:12.492,0.7501,0.75035,1.50,2.25
2016.04.20 10:39:12.694,0.75009,0.75031,2.25,1.37
2016.04.20 10:39:12.866,0.7501,0.75029,1.00,1.00
2016.04.20 10:39:12.967,0.75006,0.7503,1.75,1.75
2016.04.20 10:39:13.269,0.75005,0.7503,2.25,2.25
2016.04.20 10:39:13.589,0.75008,0.75026,1.00,1.00
2016.04.20 10:39:13.690,0.75006,0.75031,1.75,2.25
2016.04.20 10:39:15.994,0.75006,0.7503,1.75,2.10
2016.04.20 10:39:16.353,0.7501,0.75032,1.37,1.67
2016.04.20 10:39:16.404,0.7501,0.75032,1.75,1.67
2016.04.20 10:39:16.953,0.7501,0.75035,1.75,1.35
2016.04.20 10:39:17.939,0.75013,0.75035,1.00,1.35
2016.04.20 10:39:19.566,0.75013,0.75035,1.50,1.35
2016.04.20 10:39:20.198,0.75013,0.75035,1.50,1.35
2016.04.20 10:39:20.299,0.75014,0.75035,1.75,1.35
2016.04.20 10:39:20.501,0.75016,0.75035,1.00,1.00
2016.04.20 10:39:20.623,0.75015,0.75033,1.00,1.00
2016.04.20 10:39:20.875,0.75017,0.75036,1.00,1.00
2016.04.20 10:39:21.127,0.75019,0.75036,1.00,1.00
2016.04.20 10:39:21.630,0.75018,0.75042,1.12,3.75
2016.04.20 10:39:22.167,0.75019,0.75042,1.00,4.50
2016.04.20 10:39:23.428,0.75019,0.75044,1.50,3.60
2016.04.20 10:39:24.266,0.75022,0.75044,1.00,2.25
2016.04.20 10:39:25.929,0.75025,0.7504,1.00,1.00
2016.04.20 10:39:26.531,0.75024,0.75045,1.00,1.75
2016.04.20 10:39:27.902,0.75025,0.75045,1.00,1.75
2016.04.20 10:39:28.884,0.75024,0.75047,1.00,2.25
2016.04.20 10:39:29.735,0.75024,0.75047,1.00,2.25
2016.04.20 10:39:30.236,0.75025,0.75047,1.00,2.25
2016.04.20 10:39:31.951,0.75024,0.75047,1.50,2.25
2016.04.20 10:39:32.495,0.75026,0.75047,1.00,2.25
2016.04.20 10:39:32.999,0.75025,0.75047,1.50,2.25
2016.04.20 10:39:34.034,0.75027,0.75047,1.00,2.25
2016.04.20 10:39:36.156,0.75028,0.75043,1.00,1.00
2016.04.20 10:39:36.458,0.7503,0.7505,1.00,1.75
2016.04.20 10:39:36.809,0.75028,0.7505,1.00,1.75
2016.04.20 10:39:37.076,0.7503,0.7505,1.00,1.75
2016.04.20 10:39:38.548,0.7503,0.75049,1.00,2.25
2016.04.20 10:39:38.750,0.75029,0.7505,1.00,1.75
2016.04.20 10:39:39.002,0.75026,0.75049,1.00,2.25
2016.04.20 10:39:39.103,0.75028,0.75049,1.00,2.25
2016.04.20 10:39:39.381,0.75031,0.75051,1.12,1.35
2016.04.20 10:39:39.582,0.75033,0.75051,1.00,1.35
2016.04.20 10:39:39.835,0.75035,0.75055,1.50,1.35
2016.04.20 10:39:40.488,0.75035,0.75057,1.50,1.12
2016.04.20 10:39:40.589,0.75035,0.75058,1.87,1.35
2016.04.20 10:39:45.861,0.75035,0.75054,1.50,1.00
2016.04.20 10:39:45.962,0.75035,0.75055,1.87,1.75
2016.04.20 10:39:46.470,0.75035,0.75053,1.50,1.00
2016.04.20 10:39:49.262,0.75034,0.7506,2.25,1.35
2016.04.20 10:39:49.363,0.75039,0.7506,1.37,1.35
2016.04.20 10:39:49.665,0.75045,0.7506,1.00,1.00
2016.04.20 10:39:50.149,0.75041,0.7506,1.00,1.00
2016.04.20 10:39:53.184,0.75037,0.75065,1.75,6.00
2016.04.20 10:39:56.854,0.7504,0.75061,1.37,2.25
2016.04.20 10:39:57.006,0.75037,0.75061,1.12,2.25
2016.04.20 10:39:57.527,0.75036,0.75055,1.00,1.00
2016.04.20 10:40:00.395,0.75037,0.75055,1.00,1.00
2016.04.20 10:40:02.918,0.75036,0.75055,1.00,1.00
2016.04.20 10:40:10.200,0.75032,0.75055,1.75,1.50
2016.04.20 10:40:10.730,0.75032,0.75055,1.75,1.50
2016.04.20 10:40:10.987,0.75034,0.75053,1.00,1.00
2016.04.20 10:40:13.140,0.75032,0.75055,1.75,1.50
2016.04.20 10:40:14.779,0.75035,0.75059,1.12,1.75
2016.04.20 10:40:15.107,0.7504,0.75065,1.75,2.25
2016.04.20 10:40:23.428,0.75045,0.75065,1.00,2.25
2016.04.20 10:40:24.009,0.75044,0.75065,1.00,1.75
2016.04.20 10:40:27.089,0.75045,0.75065,1.50,2.25
2016.04.20 10:40:27.966,0.75044,0.75066,1.00,2.25
2016.04.20 10:40:28.692,0.75044,0.75066,1.37,2.25
2016.04.20 10:40:29.386,0.75044,0.7506,1.37,1.00
2016.04.20 10:40:29.719,0.7504,0.7506,1.00,1.75
2016.04.20 10:40:30.708,0.7504,0.7506,1.00,1.75
2016.04.20 10:40:31.698,0.75039,0.75064,2.25,1.75
2016.04.20 10:40:31.799,0.7504,0.75065,1.75,1.35
2016.04.20 10:40:32.471,0.7504,0.75063,1.37,2.25
2016.04.20 10:40:32.521,0.7504,0.75062,1.00,2.25
2016.04.20 10:40:32.824,0.7504,0.75058,1.00,1.00
2016.04.20 10:40:33.352,0.7504,0.75065,1.87,4.50
2016.04.20 10:40:35.144,0.7504,0.75064,1.87,2.25
2016.04.20 10:40:35.750,0.7504,0.75061,1.00,1.75
2016.04.20 10:40:36.254,0.75038,0.75063,1.37,1.75
2016.04.20 10:40:37.538,0.75037,0.75056,1.00,1.00
2016.04.20 10:40:37.589,0.75036,0.7506,1.75,1.75
2016.04.20 10:40:38.132,0.7504,0.7506,1.12,1.75
2016.04.20 10:40:38.485,0.7504,0.7506,1.12,2.25
2016.04.20 10:40:38.637,0.75035,0.75058,1.50,2.85
2016.04.20 10:40:38.839,0.75033,0.75051,1.50,1.00
2016.04.20 10:40:40.077,0.75033,0.75059,1.50,3.75
2016.04.20 10:40:40.687,0.75034,0.75052,1.00,1.00
2016.04.20 10:40:42.343,0.75035,0.75059,1.37,1.75
2016.04.20 10:40:42.545,0.75037,0.75056,1.00,1.00
2016.04.20 10:40:43.401,0.75036,0.7506,1.75,1.75
2016.04.20 10:40:43.712,0.75035,0.7506,1.75,1.75
2016.04.20 10:40:44.032,0.75035,0.75055,1.75,1.00
2016.04.20 10:40:44.083,0.75037,0.75055,1.00,1.00
2016.04.20 10:40:44.134,0.75035,0.75055,1.75,1.37
2016.04.20 10:40:44.436,0.75029,0.75051,1.75,1.75
2016.04.20 10:40:44.802,0.75035,0.75055,1.00,2.25
2016.04.20 10:40:46.539,0.75035,0.7505,1.00,1.00
2016.04.20 10:40:48.178,0.7503,0.7505,1.75,1.12
2016.04.20 10:40:48.736,0.75034,0.75056,1.00,2.25
2016.04.20 10:40:49.497,0.75034,0.75057,1.87,3.00
2016.04.20 10:40:49.548,0.75034,0.7506,2.25,3.97
2016.04.20 10:40:49.649,0.75034,0.7506,2.25,2.10
2016.04.20 10:40:49.699,0.75035,0.7506,1.75,2.85
2016.04.20 10:40:49.801,0.7504,0.7506,1.00,1.75
2016.04.20 10:40:50.154,0.7504,0.7506,1.37,1.75
2016.04.20 10:40:50.765,0.7504,0.7506,1.75,1.50
2016.04.20 10:40:52.765,0.75041,0.7506,1.00,1.50
2016.04.20 10:40:53.296,0.7504,0.7506,1.50,1.75
2016.04.20 10:40:59.107,0.75039,0.75061,1.87,2.25
2016.04.20 10:41:00.605,0.75035,0.75061,2.25,1.75
2016.04.20 10:41:01.110,0.7504,0.75063,1.37,1.75
2016.04.20 10:41:01.160,0.75041,0.7506,1.00,1.00
2016.04.20 10:41:01.620,0.75041,0.75063,1.00,1.75
2016.04.20 10:41:02.124,0.7504,0.75058,1.00,1.00
2016.04.20 10:41:02.427,0.75041,0.75065,1.50,2.25
2016.04.20 10:41:03.621,0.7504,0.75065,1.50,3.00
2016.04.20 10:41:04.155,0.7504,0.75059,1.50,1.00
2016.04.20 10:41:04.458,0.75043,0.75062,1.00,1.00
2016.04.20 10:41:05.315,0.75045,0.75062,1.12,1.00
2016.04.20 10:41:08.204,0.7504,0.75065,2.25,1.75
2016.04.20 10:41:08.720,0.7504,0.75065,1.75,2.25
2016.04.20 10:41:10.486,0.75044,0.75066,1.00,2.25
2016.04.20 10:41:11.078,0.75045,0.75065,1.00,1.75
2016.04.20 10:41:11.997,0.75041,0.75065,1.75,1.75
2016.04.20 10:41:12.148,0.75045,0.75064,1.00,1.75
2016.04.20 10:41:13.128,0.75045,0.75064,1.00,1.75
2016.04.20 10:41:13.427,0.75041,0.7506,1.50,1.50
2016.04.20 10:41:13.669,0.75044,0.75065,1.00,1.75
2016.04.20 10:41:14.468,0.75045,0.75065,1.00,3.00
2016.04.20 10:41:18.185,0.7504,0.75065,2.25,2.25
2016.04.20 10:41:19.226,0.7504,0.7506,1.50,1.50
2016.04.20 10:41:19.377,0.75039,0.75061,1.75,1.75
2016.04.20 10:41:20.035,0.75039,0.75066,2.25,1.75
2016.04.20 10:41:21.555,0.75041,0.75065,1.50,3.00
2016.04.20 10:41:22.087,0.7504,0.7506,1.50,1.75
2016.04.20 10:41:22.672,0.7504,0.7506,1.00,2.10
2016.04.20 10:41:22.723,0.75035,0.7506,2.25,2.10
2016.04.20 10:41:22.824,0.75035,0.75055,1.87,1.00
2016.04.20 10:41:24.727,0.75036,0.75057,1.50,1.00
2016.04.20 10:41:25.465,0.75036,0.7506,1.75,1.75
2016.04.20 10:41:25.968,0.7504,0.75064,1.50,2.25
2016.04.20 10:41:31.480,0.7504,0.7506,1.00,1.75
2016.04.20 10:41:31.993,0.75037,0.75061,1.75,1.75
2016.04.20 10:41:37.026,0.7504,0.75065,1.75,3.00
2016.04.20 10:41:37.076,0.7504,0.75065,1.75,1.75
2016.04.20 10:41:37.386,0.75039,0.75061,1.75,1.75
2016.04.20 10:41:38.369,0.75038,0.7506,1.75,1.75
2016.04.20 10:41:39.059,0.7504,0.75065,1.75,2.10
2016.04.20 10:41:40.433,0.7504,0.75065,1.75,2.10
2016.04.20 10:41:40.484,0.7504,0.75065,1.75,2.10
2016.04.20 10:41:41.018,0.75045,0.75065,1.00,2.10
2016.04.20 10:41:41.170,0.75044,0.75066,1.87,2.25
2016.04.20 10:41:41.220,0.75049,0.75066,1.00,1.75
2016.04.20 10:41:41.321,0.75045,0.75065,1.87,1.75
2016.04.20 10:41:41.940,0.75046,0.75069,1.00,4.50
2016.04.20 10:41:43.113,0.75045,0.75069,1.87,3.75
2016.04.20 10:41:43.215,0.75045,0.75068,1.50,2.25
2016.04.20 10:41:44.165,0.75046,0.75068,1.00,2.25
2016.04.20 10:41:44.407,0.75048,0.7507,1.75,1.75
2016.04.20 10:41:44.609,0.75051,0.7507,1.00,1.00
2016.04.20 10:41:44.832,0.75055,0.7507,1.00,1.00
2016.04.20 10:41:45.085,0.75051,0.7507,1.00,1.50
2016.04.20 10:41:45.186,0.75055,0.7507,1.00,1.00
2016.04.20 10:41:46.391,0.75051,0.7507,1.00,1.00
2016.04.20 10:41:46.934,0.75052,0.75071,1.00,1.00
2016.04.20 10:41:46.984,0.7505,0.75075,1.37,3.75
2016.04.20 10:41:50.583,0.75048,0.75071,1.50,1.75
2016.04.20 10:41:50.891,0.75045,0.75065,1.50,1.75
2016.04.20 10:41:51.194,0.75045,0.75065,1.00,1.75
2016.04.20 10:41:51.453,0.75038,0.75055,1.37,1.00
2016.04.20 10:41:51.505,0.75038,0.75055,1.00,1.75
2016.04.20 10:41:51.556,0.75032,0.75052,1.75,1.00
2016.04.20 10:41:51.810,0.75034,0.75056,1.12,1.75
2016.04.20 10:41:52.392,0.75035,0.75055,1.00,1.75
2016.04.20 10:41:52.943,0.75032,0.75058,1.75,3.75
2016.04.20 10:41:54.185,0.75035,0.75055,1.00,1.75
2016.04.20 10:41:54.437,0.7503,0.75055,1.50,4.50
2016.04.20 10:41:55.503,0.7503,0.7505,1.12,2.10
2016.04.20 10:41:55.604,0.7503,0.7505,1.00,2.10
2016.04.20 10:41:55.953,0.7503,0.75049,1.00,2.25
2016.04.20 10:41:56.054,0.75025,0.75049,1.12,2.25
2016.04.20 10:41:56.508,0.7503,0.7505,1.00,1.75
2016.04.20 10:41:56.922,0.75025,0.7505,2.25,1.75
2016.04.20 10:41:57.124,0.75025,0.75049,1.12,3.00
2016.04.20 10:42:00.219,0.75025,0.75049,1.00,3.75
2016.04.20 10:42:02.251,0.75024,0.75048,1.12,1.75
2016.04.20 10:42:02.731,0.75023,0.75038,1.00,1.00
2016.04.20 10:42:02.782,0.7502,0.75038,1.50,1.00
2016.04.20 10:42:02.833,0.7502,0.75045,1.50,3.00
2016.04.20 10:42:03.383,0.75021,0.75044,1.00,2.25
2016.04.20 10:42:03.434,0.75021,0.75045,1.37,1.75
2016.04.20 10:42:03.935,0.75023,0.75045,1.00,1.75
2016.04.20 10:42:04.755,0.75023,0.75045,1.37,1.75
2016.04.20 10:42:05.439,0.75025,0.75047,1.00,2.10
2016.04.20 10:42:06.562,0.75025,0.75043,1.00,1.00
2016.04.20 10:42:07.514,0.75025,0.75047,1.00,1.35
2016.04.20 10:42:08.066,0.75025,0.75048,1.00,2.25
2016.04.20 10:42:08.567,0.75025,0.7505,1.50,4.50
2016.04.20 10:42:11.176,0.75025,0.75049,1.12,2.25
2016.04.20 10:42:13.180,0.75025,0.75048,1.00,2.25
2016.04.20 10:42:21.075,0.75027,0.75045,1.00,1.00
2016.04.20 10:42:21.277,0.75024,0.75048,1.12,2.25
2016.04.20 10:42:21.781,0.75025,0.7505,1.12,3.37
2016.04.20 10:42:22.898,0.75024,0.75048,1.12,3.00
2016.04.20 10:42:25.467,0.75025,0.75043,1.00,1.00
2016.04.20 10:42:25.669,0.75025,0.75048,1.00,2.25
2016.04.20 10:42:26.017,0.75016,0.75034,1.00,1.00
2016.04.20 10:42:26.550,0.75016,0.7504,1.12,2.25
2016.04.20 10:42:26.714,0.75015,0.75034,1.12,1.35
2016.04.20 10:42:26.815,0.7501,0.75034,1.87,4.35
2016.04.20 10:42:27.093,0.75012,0.75034,1.00,2.25
2016.04.20 10:42:27.244,0.75008,0.7503,1.75,2.25
2016.04.20 10:42:27.295,0.75008,0.75021,1.00,1.00
2016.04.20 10:42:27.346,0.75003,0.75021,1.00,1.00
2016.04.20 10:42:27.397,0.74999,0.75015,1.00,1.00
2016.04.20 10:42:27.498,0.74998,0.75017,1.00,1.00
2016.04.20 10:42:27.599,0.74996,0.75015,1.00,1.75
2016.04.20 10:42:27.750,0.74992,0.75015,1.50,1.75
2016.04.20 10:42:28.073,0.74995,0.75017,1.00,3.37
2016.04.20 10:42:28.124,0.74995,0.75018,1.00,1.50
2016.04.20 10:42:28.226,0.74995,0.7502,1.00,1.75
2016.04.20 10:42:28.478,0.75,0.75025,1.00,1.87
2016.04.20 10:42:28.962,0.74996,0.75021,1.00,1.75
2016.04.20 10:42:29.271,0.75,0.75023,1.00,1.75
2016.04.20 10:42:29.961,0.75,0.75023,1.00,1.75
2016.04.20 10:42:31.775,0.74996,0.75021,1.00,1.75
2016.04.20 10:42:35.319,0.75,0.75023,1.00,1.75
2016.04.20 10:42:35.622,0.75005,0.75025,1.00,1.00
2016.04.20 10:42:36.249,0.75006,0.7503,1.00,1.12
2016.04.20 10:42:37.130,0.75005,0.7503,1.00,1.75
2016.04.20 10:42:37.911,0.75004,0.75031,1.50,1.75
2016.04.20 10:42:40.323,0.75004,0.75031,2.25,1.50
2016.04.20 10:42:40.740,0.75005,0.75031,1.00,1.75
2016.04.20 10:42:41.276,0.7501,0.75033,1.00,1.75
2016.04.20 10:42:42.254,0.75006,0.7503,1.00,1.75
2016.04.20 10:42:43.467,0.7501,0.75034,1.00,1.75
2016.04.20 10:42:43.568,0.7501,0.75034,1.00,1.75
2016.04.20 10:42:43.985,0.75006,0.75031,1.12,1.12
2016.04.20 10:42:44.399,0.7501,0.75035,1.00,3.75
2016.04.20 10:42:44.551,0.7501,0.75035,1.00,3.00
2016.04.20 10:42:45.425,0.75015,0.75038,1.00,1.00
2016.04.20 10:42:45.475,0.75015,0.7504,1.00,2.25
2016.04.20 10:42:45.669,0.75013,0.75036,1.50,1.00
2016.04.20 10:42:45.821,0.75011,0.75035,1.00,1.12
2016.04.20 10:42:45.922,0.75014,0.75035,1.00,1.12
2016.04.20 10:42:45.973,0.75015,0.7504,1.00,2.25
2016.04.20 10:42:46.901,0.75013,0.75035,1.00,1.00
2016.04.20 10:42:47.002,0.75011,0.75035,1.35,1.12
2016.04.20 10:42:47.435,0.75012,0.75035,1.00,1.75
2016.04.20 10:42:47.536,0.75012,0.75035,1.00,1.00
2016.04.20 10:42:47.986,0.75014,0.75036,1.00,1.00
2016.04.20 10:42:51.570,0.75013,0.75035,1.00,1.00
2016.04.20 10:42:51.620,0.75011,0.75035,1.35,1.00
2016.04.20 10:42:51.671,0.75011,0.75033,1.00,1.00
2016.04.20 10:42:51.772,0.75005,0.75031,3.60,1.00
2016.04.20 10:42:51.873,0.75005,0.75032,1.00,1.75
2016.04.20 10:42:53.759,0.75005,0.7503,1.00,1.00
2016.04.20 10:42:53.861,0.75008,0.7503,1.00,1.00
2016.04.20 10:42:56.759,0.75008,0.75031,1.00,2.25
2016.04.20 10:42:56.861,0.75008,0.75033,1.12,5.25
2016.04.20 10:42:57.487,0.75009,0.75033,1.00,4.50
2016.04.20 10:42:58.014,0.7501,0.75033,1.00,5.25
2016.04.20 10:42:58.913,0.75009,0.7503,1.00,1.75
2016.04.20 10:42:59.015,0.75005,0.7503,2.25,1.75
2016.04.20 10:42:59.565,0.75005,0.7503,2.25,1.75
2016.04.20 10:43:02.003,0.75004,0.75031,2.25,3.00
2016.04.20 10:43:02.104,0.75005,0.7503,1.75,1.75
2016.04.20 10:43:02.321,0.75007,0.75026,1.50,1.00
2016.04.20 10:43:05.241,0.75007,0.7503,1.00,1.75
2016.04.20 10:43:05.782,0.75006,0.7503,1.12,1.75
2016.04.20 10:43:06.301,0.75005,0.75027,1.00,1.75
2016.04.20 10:43:06.531,0.75006,0.7503,1.12,2.25
2016.04.20 10:43:08.011,0.75005,0.75025,1.00,1.75
2016.04.20 10:43:08.062,0.75,0.75025,1.75,2.25
2016.04.20 10:43:08.657,0.75,0.75025,1.87,4.50
2016.04.20 10:43:11.199,0.75001,0.7502,1.00,1.75
2016.04.20 10:43:11.444,0.74998,0.7502,1.12,1.75
2016.04.20 10:43:11.935,0.74995,0.75019,1.50,3.00
2016.04.20 10:43:12.655,0.74995,0.7501,1.00,1.00
2016.04.20 10:43:13.981,0.74992,0.7501,1.35,1.00
2016.04.20 10:43:14.162,0.74994,0.7501,1.00,1.00
2016.04.20 10:43:14.414,0.74995,0.7502,1.75,1.75
2016.04.20 10:43:14.515,0.74996,0.7502,1.75,1.75
2016.04.20 10:43:15.223,0.74998,0.75024,1.50,2.25
2016.04.20 10:43:15.771,0.75001,0.75024,1.00,2.25
2016.04.20 10:43:15.821,0.75001,0.75019,1.00,1.00
2016.04.20 10:43:16.092,0.75005,0.75026,1.00,2.25
2016.04.20 10:43:16.706,0.75005,0.75027,1.00,3.75
2016.04.20 10:43:17.218,0.75004,0.75027,1.00,3.75
2016.04.20 10:43:17.682,0.75006,0.75029,1.00,2.25
2016.04.20 10:43:17.833,0.75006,0.7503,1.37,2.25
2016.04.20 10:43:19.233,0.75006,0.7503,1.75,1.75
2016.04.20 10:43:19.565,0.75006,0.7503,1.50,1.75
2016.04.20 10:43:21.224,0.75005,0.75031,1.75,1.75
2016.04.20 10:43:21.274,0.75008,0.75026,1.00,1.00
2016.04.20 10:43:23.128,0.75009,0.75032,1.00,2.25
2016.04.20 10:43:24.439,0.75007,0.75025,1.00,1.00
2016.04.20 10:43:24.960,0.75006,0.75025,1.00,1.00
2016.04.20 10:43:25.493,0.75007,0.75026,1.50,1.00
2016.04.20 10:43:26.062,0.75006,0.75025,1.50,1.00
2016.04.20 10:43:26.163,0.75006,0.7503,1.75,1.75
2016.04.20 10:43:26.786,0.7501,0.75032,1.00,2.25
2016.04.20 10:43:27.444,0.75009,0.75032,1.00,2.25
2016.04.20 10:43:28.023,0.75006,0.7503,1.75,1.75
2016.04.20 10:43:33.451,0.75006,0.75032,1.75,1.75
2016.04.20 10:43:33.965,0.75009,0.75027,1.50,1.00
2016.04.20 10:43:36.481,0.7501,0.75035,1.75,2.25
2016.04.20 10:43:41.284,0.75016,0.7504,1.37,2.25
2016.04.20 10:43:41.803,0.75017,0.7504,1.50,1.75
2016.04.20 10:43:42.675,0.75017,0.7504,1.50,1.75
2016.04.20 10:43:42.726,0.75018,0.75037,1.00,1.00
2016.04.20 10:43:43.253,0.75019,0.75037,1.00,1.00
2016.04.20 10:43:43.804,0.75018,0.75037,1.00,1.00
2016.04.20 10:43:45.308,0.75016,0.7504,1.75,1.75
2016.04.20 10:43:46.811,0.75019,0.75042,1.00,3.00
2016.04.20 10:43:46.912,0.75017,0.75041,1.75,1.75
2016.04.20 10:43:50.696,0.75018,0.75042,1.50,2.25
2016.04.20 10:43:51.310,0.75015,0.7504,1.75,1.75
2016.04.20 10:43:58.448,0.75019,0.75043,1.00,3.00
2016.04.20 10:43:58.635,0.75019,0.75043,2.10,1.75
2016.04.20 10:43:58.736,0.75025,0.75044,1.37,1.37
2016.04.20 10:43:59.038,0.75025,0.7505,2.25,1.75
2016.04.20 10:43:59.710,0.75025,0.7505,2.25,1.75
2016.04.20 10:44:00.142,0.75026,0.7505,1.75,1.75
2016.04.20 10:44:00.669,0.75027,0.7505,1.50,1.75
2016.04.20 10:44:02.582,0.7503,0.75052,1.00,1.75
2016.04.20 10:44:03.034,0.75025,0.75043,1.50,1.00
2016.04.20 10:44:03.135,0.75025,0.75047,1.12,2.25
2016.04.20 10:44:04.407,0.75024,0.75045,1.00,2.25
2016.04.20 10:44:04.457,0.75021,0.75045,1.12,2.25
2016.04.20 10:44:16.234,0.75024,0.75045,1.00,3.75
2016.04.20 10:44:16.565,0.7502,0.75045,1.50,3.75
2016.04.20 10:44:19.791,0.75021,0.75039,1.00,1.00
2016.04.20 10:44:19.841,0.75025,0.75039,1.00,1.00
2016.04.20 10:44:19.892,0.75025,0.75041,1.00,1.00
2016.04.20 10:44:19.993,0.75026,0.7505,1.12,3.75
2016.04.20 10:44:20.383,0.7503,0.75052,1.00,2.25
2016.04.20 10:44:23.029,0.75029,0.75052,1.00,3.00
2016.04.20 10:44:23.832,0.7503,0.75052,1.00,3.00
2016.04.20 10:44:24.096,0.75033,0.75055,1.37,1.75
2016.04.20 10:44:24.298,0.7503,0.75049,1.50,1.00
2016.04.20 10:44:24.399,0.75028,0.7505,1.50,1.75
2016.04.20 10:44:27.136,0.7503,0.75054,1.00,3.75
2016.04.20 10:44:27.237,0.7503,0.75049,1.00,1.00
2016.04.20 10:44:27.288,0.75029,0.75051,1.37,1.75
2016.04.20 10:44:27.641,0.75027,0.75051,1.72,1.75
2016.04.20 10:44:27.697,0.7503,0.75053,1.50,2.25
2016.04.20 10:44:27.999,0.75031,0.75055,1.00,3.75
2016.04.20 10:44:28.941,0.7503,0.75047,1.12,1.00
2016.04.20 10:44:28.992,0.75029,0.75045,1.00,1.12
2016.04.20 10:44:29.193,0.75026,0.75044,1.00,1.00
2016.04.20 10:44:29.244,0.75026,0.7505,1.00,3.00
2016.04.20 10:44:31.351,0.75025,0.75042,1.00,1.00
2016.04.20 10:44:34.175,0.75026,0.75042,1.00,1.00
2016.04.20 10:44:41.350,0.75026,0.7505,2.10,2.25
2016.04.20 10:44:41.401,0.7503,0.7505,1.00,1.75
2016.04.20 10:44:41.628,0.75031,0.7505,1.50,1.00
2016.04.20 10:44:41.678,0.75031,0.75055,1.50,1.75
2016.04.20 10:44:42.254,0.75032,0.75057,1.75,2.25
2016.04.20 10:44:46.542,0.7503,0.7505,1.75,1.00
2016.04.20 10:44:46.643,0.75027,0.7505,1.75,1.50
2016.04.20 10:44:46.893,0.75027,0.75045,1.75,1.00
2016.04.20 10:44:47.044,0.75024,0.75049,1.35,1.75
2016.04.20 10:44:49.196,0.75025,0.75049,1.37,2.25
2016.04.20 10:44:49.247,0.75025,0.75048,1.00,2.25
2016.04.20 10:44:49.952,0.75024,0.75048,1.72,2.25
2016.04.20 10:44:51.493,0.7503,0.75048,1.00,2.25
2016.04.20 10:44:52.421,0.75025,0.75048,1.00,2.25
2016.04.20 10:44:53.277,0.7503,0.7505,1.00,2.25
2016.04.20 10:44:53.379,0.75025,0.7505,1.12,3.00
2016.04.20 10:44:54.078,0.75026,0.7505,1.30,3.00
2016.04.20 10:44:54.128,0.7503,0.7505,1.00,3.00
2016.04.20 10:44:54.266,0.7503,0.75051,1.00,2.25
2016.04.20 10:44:54.715,0.75027,0.75051,1.12,2.25
2016.04.20 10:44:55.226,0.75025,0.7505,2.10,1.75
2016.04.20 10:44:55.589,0.75029,0.75051,1.00,2.25
2016.04.20 10:44:56.331,0.7503,0.75051,1.00,3.00
2016.04.20 10:44:56.482,0.7503,0.75052,1.00,3.00
2016.04.20 10:44:58.334,0.7503,0.75044,1.00,1.00
2016.04.20 10:44:58.436,0.75027,0.7505,1.35,3.00
2016.04.20 10:44:59.115,0.7503,0.7505,1.00,3.00
2016.04.20 10:44:59.532,0.75027,0.7505,1.72,2.25
2016.04.20 10:45:01.153,0.75027,0.7505,2.10,1.75
2016.04.20 10:45:02.054,0.7503,0.75052,1.00,2.25
2016.04.20 10:45:02.384,0.75028,0.7505,1.12,1.75
2016.04.20 10:45:03.656,0.75027,0.7505,2.10,1.75
2016.04.20 10:45:04.152,0.75026,0.75045,2.10,1.00
2016.04.20 10:45:04.508,0.75025,0.7505,2.25,1.75
2016.04.20 10:45:05.053,0.75025,0.7505,1.50,4.50
2016.04.20 10:45:06.509,0.75025,0.7505,1.50,3.00
2016.04.20 10:45:13.048,0.75025,0.75049,1.87,3.00
2016.04.20 10:45:13.300,0.75023,0.75045,1.67,1.75
2016.04.20 10:45:15.733,0.75025,0.75046,1.00,1.75
2016.04.20 10:45:19.354,0.75022,0.75045,1.75,1.75
2016.04.20 10:45:22.779,0.75025,0.75048,1.00,3.00
2016.04.20 10:45:23.801,0.75025,0.75048,1.72,2.25
2016.04.20 10:45:23.851,0.75031,0.7505,1.00,1.75
2016.04.20 10:45:23.952,0.75031,0.7505,1.50,1.50
2016.04.20 10:45:26.955,0.7503,0.7505,1.75,1.00
2016.04.20 10:45:27.864,0.75035,0.75057,1.00,2.25
2016.04.20 10:45:28.068,0.75033,0.75055,1.12,1.75
2016.04.20 10:45:28.619,0.7503,0.75055,1.50,1.75
2016.04.20 10:45:30.385,0.7503,0.75055,1.37,4.50
2016.04.20 10:45:30.486,0.7503,0.75054,1.12,2.25
2016.04.20 10:45:30.637,0.75031,0.7505,1.00,1.00
2016.04.20 10:45:30.738,0.7503,0.75058,2.25,4.50
2016.04.20 10:45:31.899,0.75032,0.75051,1.00,1.00
2016.04.20 10:45:32.202,0.7503,0.75055,1.50,3.00
2016.04.20 10:45:32.252,0.7503,0.75049,1.50,1.00
2016.04.20 10:45:41.396,0.75029,0.75055,1.37,5.25
2016.04.20 10:45:41.698,0.75025,0.7505,1.87,1.75
2016.04.20 10:45:41.799,0.75025,0.7505,1.12,3.00
2016.04.20 10:45:47.514,0.75025,0.7505,1.50,4.12
2016.04.20 10:45:47.615,0.7503,0.75051,1.12,2.25
2016.04.20 10:45:47.717,0.7503,0.75055,1.50,2.25
2016.04.20 10:45:48.271,0.7503,0.75055,1.75,1.75
2016.04.20 10:45:54.398,0.75031,0.75055,1.12,2.25
2016.04.20 10:46:00.934,0.7503,0.75055,2.25,2.25
2016.04.20 10:46:01.035,0.75032,0.75051,1.00,1.00
2016.04.20 10:46:12.867,0.75028,0.75054,1.50,3.75
2016.04.20 10:46:13.494,0.75028,0.75047,1.50,1.00
2016.04.20 10:46:16.667,0.75025,0.7505,1.50,1.75
2016.04.20 10:46:16.969,0.75022,0.75048,2.10,1.75
2016.04.20 10:46:21.561,0.75021,0.75046,1.50,2.25
2016.04.20 10:46:22.082,0.7502,0.75046,2.85,1.75
2016.04.20 10:46:22.483,0.75024,0.75047,1.00,4.50
2016.04.20 10:46:23.257,0.7502,0.75045,1.35,1.75
2016.04.20 10:46:23.687,0.7502,0.75044,1.30,2.25
2016.04.20 10:46:26.476,0.75019,0.75043,2.10,2.25
2016.04.20 10:46:30.140,0.75019,0.75043,1.72,2.25
2016.04.20 10:46:30.443,0.75021,0.75046,1.50,2.25
2016.04.20 10:46:30.745,0.75016,0.75042,2.10,2.25
2016.04.20 10:46:31.087,0.75016,0.7504,1.12,2.25
2016.04.20 10:46:31.390,0.75019,0.7504,1.00,2.25
2016.04.20 10:46:31.908,0.7502,0.7504,1.00,2.25
2016.04.20 10:46:32.450,0.7502,0.75042,1.00,2.25
2016.04.20 10:46:35.497,0.75016,0.75042,1.75,3.00
2016.04.20 10:46:37.546,0.75018,0.75044,1.75,1.75
2016.04.20 10:46:39.135,0.75019,0.75045,1.50,2.25
2016.04.20 10:46:49.171,0.75018,0.75044,1.75,1.75
2016.04.20 10:46:53.330,0.75019,0.75038,1.00,1.00
2016.04.20 10:47:00.256,0.75016,0.75042,1.75,3.00
2016.04.20 10:47:00.865,0.75016,0.7504,1.75,1.75
2016.04.20 10:47:03.920,0.75019,0.75042,1.00,2.25
2016.04.20 10:47:04.966,0.75015,0.75041,1.75,1.75
2016.04.20 10:47:12.806,0.75013,0.75037,1.72,2.25
2016.04.20 10:47:20.551,0.75016,0.7504,2.47,2.25
2016.04.20 10:47:20.653,0.75019,0.75041,1.67,1.75
2016.04.20 10:47:20.754,0.75019,0.75041,1.67,1.75
2016.04.20 10:47:24.459,0.75021,0.75046,1.35,2.25
2016.04.20 10:47:24.761,0.75029,0.7505,1.00,2.25
2016.04.20 10:47:24.862,0.75029,0.75053,1.50,1.75
2016.04.20 10:47:30.170,0.75029,0.75055,2.25,1.75
2016.04.20 10:47:31.490,0.75027,0.75046,1.75,1.00
2016.04.20 10:47:31.691,0.75016,0.75034,1.50,1.00
2016.04.20 10:47:31.792,0.75016,0.75038,1.00,2.25
2016.04.20 10:47:31.997,0.75014,0.75038,1.12,2.25
2016.04.20 10:47:32.098,0.75014,0.75036,1.00,2.25
2016.04.20 10:47:32.419,0.75011,0.75036,1.37,2.25
2016.04.20 10:47:37.684,0.75015,0.75035,1.00,2.25
2016.04.20 10:47:42.982,0.75015,0.75037,1.00,3.75
2016.04.20 10:47:43.284,0.7502,0.75042,1.50,3.00
2016.04.20 10:47:43.834,0.75021,0.75039,1.00,1.00
2016.04.20 10:47:44.374,0.7502,0.75039,2.25,1.00
2016.04.20 10:47:44.490,0.75024,0.75039,1.00,1.00
2016.04.20 10:47:46.488,0.7502,0.75039,1.50,1.00
2016.04.20 10:47:48.251,0.75025,0.75039,1.00,1.00
2016.04.20 10:47:48.767,0.75024,0.75046,1.00,2.25
2016.04.20 10:47:49.105,0.75025,0.75046,1.37,2.25
2016.04.20 10:47:49.383,0.7503,0.75055,1.75,1.75
2016.04.20 10:47:49.889,0.75035,0.75059,1.00,3.00
2016.04.20 10:47:50.561,0.75035,0.75059,1.60,3.00
2016.04.20 10:47:50.612,0.75035,0.75059,1.97,1.75
2016.04.20 10:47:50.713,0.7504,0.75063,1.37,2.25
2016.04.20 10:47:50.814,0.7504,0.7506,1.75,1.00
2016.04.20 10:47:51.349,0.7504,0.75065,1.75,1.75
2016.04.20 10:47:52.927,0.7504,0.75064,1.37,1.75
2016.04.20 10:47:53.428,0.7504,0.75058,1.00,1.00
2016.04.20 10:47:54.431,0.75039,0.75058,1.50,1.00
2016.04.20 10:47:56.830,0.75037,0.75055,1.00,3.00
2016.04.20 10:47:56.881,0.75035,0.75055,1.00,3.75
2016.04.20 10:47:57.032,0.7503,0.75055,1.75,3.00
2016.04.20 10:48:00.460,0.75035,0.75058,1.00,4.50
2016.04.20 10:48:01.648,0.7503,0.75055,2.25,1.75
2016.04.20 10:48:03.565,0.7503,0.75053,1.75,1.75
2016.04.20 10:48:03.774,0.75025,0.75044,1.50,1.00
2016.04.20 10:48:04.479,0.75024,0.75051,1.75,5.25
2016.04.20 10:48:07.271,0.7503,0.75051,1.00,3.75
2016.04.20 10:48:07.730,0.75027,0.7505,1.00,1.75
2016.04.20 10:48:08.032,0.7503,0.75052,1.00,3.75
2016.04.20 10:48:08.184,0.75025,0.7505,1.75,1.75
2016.04.20 10:48:08.478,0.7503,0.75052,1.00,3.75
2016.04.20 10:48:16.689,0.7503,0.75052,1.00,2.25
2016.04.20 10:48:18.555,0.75025,0.7505,1.75,1.75
2016.04.20 10:48:20.184,0.75025,0.7505,1.75,1.75
2016.04.20 10:48:24.087,0.75025,0.7505,1.75,1.75
2016.04.20 10:48:24.703,0.75025,0.7505,1.75,1.75
2016.04.20 10:48:25.743,0.7503,0.75052,1.00,2.25
2016.04.20 10:48:26.173,0.75025,0.7505,1.75,1.75
2016.04.20 10:48:26.690,0.75027,0.75046,1.00,1.00
2016.04.20 10:48:27.349,0.7503,0.75046,1.00,1.00
2016.04.20 10:48:27.495,0.75027,0.75046,1.00,1.00
2016.04.20 10:48:28.502,0.75025,0.75047,1.37,2.25
2016.04.20 10:48:28.552,0.75025,0.75046,1.00,2.25
2016.04.20 10:48:30.979,0.75024,0.75046,1.00,2.25
2016.04.20 10:48:31.529,0.75024,0.75048,1.12,3.75
2016.04.20 10:48:31.631,0.75025,0.75049,1.50,1.75
2016.04.20 10:48:31.933,0.7503,0.7505,1.00,2.25
2016.04.20 10:48:32.505,0.7503,0.75051,1.00,3.75
2016.04.20 10:48:35.014,0.7503,0.7505,1.00,2.25
2016.04.20 10:48:41.906,0.75029,0.7505,1.00,2.25
2016.04.20 10:48:42.858,0.7503,0.7505,1.00,2.25
2016.04.20 10:48:43.848,0.75029,0.7505,1.00,2.25
2016.04.20 10:48:47.141,0.75029,0.75052,1.00,4.50
2016.04.20 10:48:53.958,0.75024,0.75051,2.25,1.75
2016.04.20 10:48:58.389,0.75029,0.75052,1.75,1.75
2016.04.20 10:49:00.175,0.75035,0.75055,1.00,1.75
2016.04.20 10:49:00.707,0.75035,0.75058,1.50,2.25
2016.04.20 10:49:01.182,0.7503,0.75055,1.75,1.75
2016.04.20 10:49:01.708,0.75029,0.75055,2.25,1.75
2016.04.20 10:49:03.896,0.75033,0.75051,1.00,1.00
2016.04.20 10:49:05.076,0.75029,0.75055,2.25,1.75
2016.04.20 10:49:05.328,0.75033,0.75051,1.00,1.00
2016.04.20 10:49:06.514,0.7503,0.75054,1.75,1.75
2016.04.20 10:49:07.617,0.7503,0.75054,1.75,1.75
2016.04.20 10:49:09.021,0.7503,0.75055,2.25,1.75
2016.04.20 10:49:09.312,0.75035,0.75057,1.12,3.00
2016.04.20 10:49:11.503,0.75034,0.75057,1.50,1.75
2016.04.20 10:49:11.604,0.75035,0.75057,1.75,1.75
2016.04.20 10:49:11.705,0.75035,0.75054,1.50,1.00
2016.04.20 10:49:11.806,0.75035,0.75059,1.75,1.75
2016.04.20 10:49:12.684,0.75035,0.75059,1.37,3.00
2016.04.20 10:49:12.836,0.75035,0.75058,1.00,3.00
2016.04.20 10:49:13.037,0.75035,0.75058,1.37,1.75
2016.04.20 10:49:26.584,0.75035,0.75059,1.50,1.75
2016.04.20 10:49:26.902,0.7504,0.75059,1.00,1.75
2016.04.20 10:49:27.313,0.7504,0.75054,1.00,1.00
2016.04.20 10:49:29.632,0.75035,0.75059,2.25,1.75
2016.04.20 10:49:30.194,0.75039,0.75055,1.00,1.00
2016.04.20 10:49:30.463,0.7504,0.75061,1.12,1.75
2016.04.20 10:49:30.991,0.7504,0.75061,1.00,1.75
2016.04.20 10:49:31.553,0.7504,0.75061,1.12,1.75
2016.04.20 10:49:33.184,0.75036,0.7506,1.75,1.75
2016.04.20 10:49:33.707,0.7504,0.75059,1.00,1.00
2016.04.20 10:49:38.970,0.75035,0.75058,1.75,1.37
2016.04.20 10:49:39.172,0.7503,0.75049,1.50,1.00
2016.04.20 10:49:45.226,0.75033,0.75053,1.00,1.75
2016.04.20 10:49:45.837,0.75032,0.75053,1.12,1.75
2016.04.20 10:49:47.725,0.75033,0.75054,1.00,1.75
2016.04.20 10:49:47.911,0.75033,0.75054,1.50,1.50
2016.04.20 10:49:48.625,0.75035,0.75054,1.00,1.50
2016.04.20 10:49:49.160,0.75036,0.75055,1.00,1.75
2016.04.20 10:49:50.150,0.75035,0.75054,1.00,1.50
2016.04.20 10:49:53.017,0.75033,0.75054,1.50,1.50
2016.04.20 10:49:53.219,0.75035,0.75054,1.00,1.75
2016.04.20 10:49:53.722,0.75034,0.75056,1.12,1.75
2016.04.20 10:49:54.368,0.75035,0.75056,1.00,1.75
2016.04.20 10:49:54.934,0.75033,0.75056,1.50,1.75
2016.04.20 10:49:55.437,0.75035,0.75056,1.00,1.75
2016.04.20 10:49:56.108,0.75033,0.75056,1.50,1.75
2016.04.20 10:49:57.980,0.75035,0.75056,1.00,1.75
2016.04.20 10:49:58.499,0.75034,0.75056,1.12,1.75
2016.04.20 10:49:59.687,0.75035,0.75056,1.00,1.75
2016.04.20 10:50:00.299,0.75035,0.75056,1.12,1.75
2016.04.20 10:50:02.344,0.75035,0.75056,1.00,1.75
2016.04.20 10:50:02.850,0.75032,0.75056,1.75,1.75
2016.04.20 10:50:03.709,0.75036,0.75056,1.00,1.75
2016.04.20 10:50:03.910,0.75034,0.75056,1.12,1.75
2016.04.20 10:50:13.192,0.75031,0.75056,1.75,1.75
2016.04.20 10:50:31.318,0.75032,0.75051,1.12,1.37
2016.04.20 10:50:31.632,0.75025,0.75046,1.50,1.75
2016.04.20 10:50:34.246,0.7503,0.7505,1.00,3.75
2016.04.20 10:50:34.347,0.7503,0.7505,1.00,1.75
2016.04.20 10:50:34.888,0.7503,0.75052,1.87,1.75
2016.04.20 10:50:34.939,0.7503,0.75052,1.00,1.75
2016.04.20 10:50:36.986,0.75035,0.75053,1.00,2.25
2016.04.20 10:50:37.036,0.75035,0.75055,1.00,1.75
2016.04.20 10:50:37.137,0.75037,0.75056,1.12,1.75
2016.04.20 10:50:46.297,0.7504,0.75061,1.00,1.75
2016.04.20 10:50:48.638,0.75045,0.75062,1.00,3.75
2016.04.20 10:50:48.689,0.75045,0.75065,1.50,2.25
2016.04.20 10:50:48.740,0.75045,0.75065,1.50,2.25
2016.04.20 10:50:49.245,0.75045,0.75066,2.25,1.12
2016.04.20 10:50:49.560,0.75049,0.75073,1.37,1.75
2016.04.20 10:50:49.611,0.75053,0.75072,1.00,1.00
2016.04.20 10:50:49.762,0.75056,0.75075,1.00,1.50
2016.04.20 10:50:50.065,0.75058,0.75077,1.00,1.00
2016.04.20 10:50:55.218,0.7506,0.75077,1.00,1.00
2016.04.20 10:50:56.000,0.75058,0.75077,1.00,1.00
2016.04.20 10:50:56.539,0.7506,0.75077,1.00,1.00
2016.04.20 10:50:56.902,0.75058,0.75077,1.00,1.00
2016.04.20 10:50:57.639,0.75059,0.75077,1.00,1.00
2016.04.20 10:50:59.312,0.75056,0.75075,1.00,1.00
2016.04.20 10:50:59.818,0.75055,0.75076,1.00,1.75
2016.04.20 10:51:01.928,0.75054,0.75076,1.12,1.75
2016.04.20 10:51:03.582,0.75055,0.75075,1.00,1.75
2016.04.20 10:51:04.299,0.75055,0.75075,1.00,1.75
2016.04.20 10:51:08.736,0.75055,0.75073,1.00,1.75
2016.04.20 10:51:08.989,0.7505,0.75073,1.12,1.75
2016.04.20 10:51:09.241,0.75049,0.75071,1.00,1.75
2016.04.20 10:51:09.717,0.75045,0.7507,1.37,4.50
2016.04.20 10:51:10.622,0.75046,0.7507,1.75,1.75
2016.04.20 10:51:10.937,0.7505,0.75075,1.75,2.25
2016.04.20 10:51:13.392,0.75055,0.75075,1.00,1.75
2016.04.20 10:51:19.422,0.7505,0.75072,1.37,1.75
2016.04.20 10:51:20.422,0.7505,0.75072,1.00,1.75
2016.04.20 10:51:21.040,0.7505,0.75071,1.00,3.00
2016.04.20 10:51:21.551,0.75046,0.7507,1.00,2.25
2016.04.20 10:51:30.745,0.75045,0.75062,1.00,1.00
2016.04.20 10:51:32.666,0.75046,0.75062,1.00,1.00
2016.04.20 10:51:33.142,0.75046,0.75067,1.00,1.75
2016.04.20 10:51:34.678,0.75044,0.75069,2.25,2.25
2016.04.20 10:51:35.049,0.75045,0.7507,2.25,1.75
2016.04.20 10:51:35.351,0.75055,0.75074,1.00,1.75
2016.04.20 10:51:35.896,0.75055,0.75077,1.00,2.25
2016.04.20 10:51:36.483,0.75055,0.75078,1.00,2.25
2016.04.20 10:51:38.450,0.7506,0.75079,1.00,2.25
2016.04.20 10:51:38.500,0.7506,0.7508,1.00,3.75
2016.04.20 10:51:38.601,0.75059,0.7508,1.12,1.75
2016.04.20 10:51:39.187,0.75065,0.75082,1.00,1.75
2016.04.20 10:51:40.579,0.75065,0.75084,1.00,3.75
2016.04.20 10:51:41.235,0.75065,0.75084,1.00,5.25
2016.04.20 10:51:41.286,0.75059,0.75084,1.12,5.25
2016.04.20 10:51:41.800,0.7506,0.75084,1.00,5.25
2016.04.20 10:51:41.951,0.75064,0.75084,1.00,5.25
2016.04.20 10:51:42.052,0.7506,0.75084,1.00,5.25
2016.04.20 10:51:43.039,0.75059,0.75084,1.12,4.50
2016.04.20 10:51:43.703,0.7506,0.75084,1.00,4.50
2016.04.20 10:51:45.920,0.75059,0.75084,1.12,3.75
2016.04.20 10:51:46.473,0.7506,0.75084,1.00,3.75
2016.04.20 10:51:46.985,0.7506,0.75084,1.12,2.25
2016.04.20 10:51:50.186,0.75065,0.75084,1.00,3.00
2016.04.20 10:51:53.065,0.7506,0.75084,1.12,3.00
2016.04.20 10:51:54.236,0.7506,0.75083,1.00,3.00
2016.04.20 10:51:54.546,0.7506,0.75085,1.12,3.00
2016.04.20 10:51:54.597,0.75065,0.75086,1.00,3.00
2016.04.20 10:51:54.699,0.75065,0.75087,1.00,1.75
2016.04.20 10:51:55.210,0.75065,0.75088,1.00,1.75
2016.04.20 10:51:55.699,0.75065,0.75087,1.37,1.75
2016.04.20 10:51:55.749,0.75065,0.75087,1.75,1.75
2016.04.20 10:51:58.511,0.75066,0.75087,1.00,1.75
2016.04.20 10:52:01.453,0.75065,0.7509,2.25,1.75
2016.04.20 10:52:11.249,0.75063,0.75085,1.37,1.75
2016.04.20 10:52:11.299,0.75062,0.75085,1.12,1.75
2016.04.20 10:52:11.350,0.75062,0.75085,1.12,1.75
2016.04.20 10:52:11.653,0.7506,0.75084,1.00,2.25
2016.04.20 10:52:13.585,0.75059,0.75084,1.12,2.25
2016.04.20 10:52:14.101,0.7506,0.75084,1.00,2.25
2016.04.20 10:52:14.655,0.75059,0.75084,1.12,2.25
2016.04.20 10:52:18.683,0.75055,0.7508,1.50,2.25
2016.04.20 10:52:19.014,0.75057,0.75076,1.00,1.00
2016.04.20 10:52:19.527,0.7506,0.75076,1.00,1.00
2016.04.20 10:52:19.766,0.75058,0.75076,1.00,1.00
2016.04.20 10:52:19.816,0.7506,0.75076,1.00,1.00
2016.04.20 10:52:19.917,0.75058,0.75076,1.00,1.00
2016.04.20 10:52:20.220,0.75058,0.75082,1.72,2.25
2016.04.20 10:52:20.321,0.7506,0.75084,2.10,1.50
2016.04.20 10:52:20.522,0.75066,0.75089,1.75,1.75
2016.04.20 10:52:21.042,0.75066,0.7509,1.50,2.25
2016.04.20 10:52:25.175,0.7507,0.7509,1.00,1.75
2016.04.20 10:52:26.548,0.7507,0.75092,1.00,3.75
2016.04.20 10:52:30.195,0.7507,0.75092,1.00,5.25
2016.04.20 10:52:30.698,0.7507,0.75091,1.00,3.00
2016.04.20 10:52:33.348,0.75065,0.7509,1.50,1.75
2016.04.20 10:52:37.118,0.7507,0.75091,1.00,2.25
2016.04.20 10:52:37.446,0.75066,0.7509,1.12,1.75
2016.04.20 10:52:37.497,0.75066,0.75088,1.12,1.75
2016.04.20 10:52:37.936,0.75062,0.7508,1.37,1.00
2016.04.20 10:52:37.987,0.75062,0.75085,1.12,1.75
2016.04.20 10:52:38.372,0.75065,0.75085,1.00,2.25
2016.04.20 10:52:38.473,0.7506,0.75085,1.50,3.00
2016.04.20 10:52:40.745,0.75065,0.75085,1.00,2.25
2016.04.20 10:52:40.988,0.75059,0.75085,2.25,2.25
2016.04.20 10:52:41.186,0.75064,0.75085,1.00,2.25
2016.04.20 10:52:41.518,0.75064,0.75087,1.00,1.75
2016.04.20 10:52:41.569,0.75065,0.75086,1.00,2.25
2016.04.20 10:52:42.008,0.75065,0.75088,1.00,2.25
2016.04.20 10:52:43.560,0.75065,0.75086,1.00,2.25
2016.04.20 10:52:44.898,0.75065,0.75085,1.00,3.75
2016.04.20 10:52:45.049,0.7506,0.75083,1.50,2.25
2016.04.20 10:52:45.704,0.75062,0.75083,1.00,2.25
2016.04.20 10:52:45.806,0.75062,0.75084,1.00,1.75
2016.04.20 10:52:46.473,0.75062,0.75079,1.12,1.00
2016.04.20 10:52:46.974,0.7506,0.75085,1.50,4.50
2016.04.20 10:52:48.886,0.75065,0.75085,1.00,3.75
2016.04.20 10:52:48.996,0.75061,0.75085,1.12,4.50
2016.04.20 10:52:49.261,0.75064,0.75085,1.00,3.75
2016.04.20 10:52:49.475,0.7506,0.75085,2.25,3.75
2016.04.20 10:52:49.576,0.75065,0.75085,1.00,3.75
2016.04.20 10:52:49.873,0.7506,0.75085,2.25,4.50
2016.04.20 10:52:49.923,0.75065,0.75085,1.00,3.75
2016.04.20 10:52:51.114,0.7506,0.75085,1.50,3.75
2016.04.20 10:52:51.637,0.75065,0.75085,1.00,3.75
2016.04.20 10:52:51.857,0.7506,0.75085,1.50,3.75
2016.04.20 10:52:51.966,0.75065,0.75085,1.00,3.75
2016.04.20 10:52:52.405,0.7506,0.75085,2.25,4.50
2016.04.20 10:52:53.652,0.75062,0.75085,1.00,3.00
2016.04.20 10:52:54.175,0.75065,0.75085,1.00,2.25
2016.04.20 10:52:58.933,0.7506,0.75083,1.50,2.25
2016.04.20 10:52:59.034,0.7506,0.75081,1.00,3.75
2016.04.20 10:52:59.325,0.75055,0.75074,2.25,1.00
2016.04.20 10:52:59.489,0.75057,0.75074,1.00,1.00
2016.04.20 10:53:02.451,0.7506,0.75076,1.00,1.00
2016.04.20 10:53:02.957,0.7506,0.75075,1.00,1.00
2016.04.20 10:53:03.455,0.75057,0.75075,1.50,1.00
2016.04.20 10:53:03.556,0.75059,0.75075,1.00,1.00
2016.04.20 10:53:04.660,0.7506,0.75075,1.00,1.00
2016.04.20 10:53:06.476,0.7506,0.75076,1.00,1.00
2016.04.20 10:53:11.483,0.7506,0.75085,2.25,2.25
2016.04.20 10:53:12.287,0.75061,0.75085,1.00,3.75
2016.04.20 10:53:12.590,0.75064,0.75086,1.00,2.25
2016.04.20 10:53:13.114,0.75065,0.75086,1.00,2.25
2016.04.20 10:53:13.270,0.75065,0.75087,1.00,2.25
2016.04.20 10:53:13.788,0.75064,0.75087,1.00,2.25
2016.04.20 10:53:15.820,0.75065,0.75087,1.00,2.25
2016.04.20 10:53:19.024,0.75065,0.75088,1.12,1.75
2016.04.20 10:53:19.125,0.75065,0.75087,1.00,2.25
2016.04.20 10:53:25.255,0.75065,0.75089,1.12,5.25
2016.04.20 10:53:34.338,0.75065,0.75089,3.22,2.25
2016.04.20 10:53:34.514,0.7507,0.7509,1.75,1.12
2016.04.20 10:53:34.616,0.75075,0.75098,1.00,3.00
2016.04.20 10:53:35.900,0.75075,0.75094,1.50,1.00
2016.04.20 10:53:36.433,0.75076,0.75095,1.00,1.00
2016.04.20 10:53:37.397,0.75079,0.75095,1.00,1.00
2016.04.20 10:53:37.504,0.75079,0.75103,1.75,2.25
2016.04.20 10:53:37.605,0.75082,0.75103,1.75,1.75
2016.04.20 10:53:40.874,0.75085,0.75106,1.00,1.75
2016.04.20 10:53:41.410,0.7508,0.75106,1.75,1.75
2016.04.20 10:53:42.034,0.7508,0.75104,1.50,1.75
2016.04.20 10:53:42.398,0.75076,0.75101,3.00,1.50
2016.04.20 10:53:43.828,0.75077,0.75105,1.75,3.00
2016.04.20 10:53:44.571,0.7508,0.75105,1.75,1.75
2016.04.20 10:53:45.094,0.75076,0.75104,1.75,1.75
2016.04.20 10:53:50.058,0.75076,0.75103,1.75,2.25
2016.04.20 10:53:50.346,0.75076,0.75095,1.00,1.00
2016.04.20 10:53:50.447,0.75074,0.75097,1.50,2.25
2016.04.20 10:53:50.599,0.75071,0.75096,1.12,2.25
2016.04.20 10:53:51.139,0.75072,0.75097,1.12,3.00
2016.04.20 10:53:51.755,0.75072,0.75098,1.75,3.75
2016.04.20 10:53:52.164,0.75075,0.75101,2.25,1.75
2016.04.20 10:53:52.875,0.7508,0.75103,1.00,4.50
2016.04.20 10:53:53.486,0.75075,0.75103,1.75,3.00
2016.04.20 10:54:03.407,0.75074,0.75099,1.75,1.75
2016.04.20 10:54:03.459,0.7507,0.75097,1.75,3.75
2016.04.20 10:54:03.772,0.75074,0.75098,1.12,1.75
2016.04.20 10:54:03.873,0.75074,0.75098,1.75,1.75
2016.04.20 10:54:04.333,0.75074,0.75101,1.75,2.25
2016.04.20 10:54:06.134,0.75075,0.75103,1.75,4.50
2016.04.20 10:54:06.185,0.75075,0.75102,1.75,2.25
2016.04.20 10:54:08.448,0.75075,0.75098,1.37,1.75
2016.04.20 10:54:08.499,0.75074,0.75093,1.00,1.00
2016.04.20 10:54:08.550,0.75072,0.75095,1.00,4.50
2016.04.20 10:54:08.853,0.7507,0.75096,1.75,2.25
2016.04.20 10:54:08.954,0.75075,0.75098,1.12,1.75
2016.04.20 10:54:09.440,0.75075,0.75102,1.75,1.75
2016.04.20 10:54:12.896,0.7507,0.75099,2.25,3.00
2016.04.20 10:54:13.098,0.7507,0.75089,1.50,1.00
2016.04.20 10:54:13.302,0.7507,0.75096,1.75,2.25
2016.04.20 10:54:16.577,0.75065,0.75094,1.75,3.00
2016.04.20 10:54:17.275,0.75065,0.75093,1.75,2.25
2016.04.20 10:54:19.396,0.75068,0.75094,1.50,4.50
2016.04.20 10:54:19.922,0.75068,0.75095,1.75,3.75
2016.04.20 10:54:22.574,0.75067,0.7509,1.37,1.75
2016.04.20 10:54:22.624,0.75067,0.7509,1.12,1.75
2016.04.20 10:54:22.785,0.75069,0.75088,1.00,1.00
2016.04.20 10:54:24.225,0.7507,0.75088,1.00,1.00
2016.04.20 10:54:24.326,0.75071,0.7509,1.00,1.00
2016.04.20 10:54:24.377,0.7507,0.75097,1.75,4.50
2016.04.20 10:54:24.427,0.75075,0.75094,1.00,1.00
2016.04.20 10:54:24.905,0.75078,0.75097,1.00,1.00
2016.04.20 10:54:25.544,0.7508,0.75097,1.00,1.00
2016.04.20 10:54:27.085,0.7508,0.75098,1.00,1.37
2016.04.20 10:54:27.162,0.75078,0.75098,1.00,1.37
2016.04.20 10:54:30.794,0.7508,0.75097,1.00,1.75
2016.04.20 10:54:31.194,0.7508,0.75097,1.12,1.12
2016.04.20 10:54:32.504,0.75079,0.75098,1.00,1.50
2016.04.20 10:54:33.607,0.75075,0.75098,1.75,1.75
2016.04.20 10:54:34.273,0.75075,0.75099,1.75,1.75
2016.04.20 10:54:35.194,0.7508,0.75099,1.00,1.75
2016.04.20 10:54:35.345,0.75075,0.75098,2.25,1.75
2016.04.20 10:54:35.645,0.7508,0.75098,1.00,1.75
2016.04.20 10:54:36.878,0.75075,0.75098,2.25,1.75
2016.04.20 10:54:37.725,0.7508,0.75098,1.00,1.75
2016.04.20 10:54:38.616,0.75075,0.75098,2.25,1.75
2016.04.20 10:54:39.155,0.7508,0.75098,1.00,1.75
2016.04.20 10:54:39.482,0.75075,0.75098,2.25,1.75
2016.04.20 10:54:42.344,0.7508,0.75097,1.00,1.75
2016.04.20 10:54:43.580,0.75074,0.75097,2.25,1.75
2016.04.20 10:54:48.642,0.75074,0.75096,1.37,1.75
2016.04.20 10:54:48.851,0.75068,0.75094,1.50,2.25
2016.04.20 10:54:49.442,0.7507,0.75092,1.00,1.75
2016.04.20 10:54:53.258,0.75066,0.75092,1.75,1.75
2016.04.20 10:54:53.573,0.75075,0.75095,1.12,1.75
2016.04.20 10:54:54.020,0.7508,0.75096,1.00,1.75
2016.04.20 10:54:55.572,0.75075,0.75095,1.12,1.75
2016.04.20 10:54:55.875,0.7507,0.75094,2.25,1.75
2016.04.20 10:54:56.177,0.75071,0.7509,1.00,1.00
2016.04.20 10:55:01.066,0.75065,0.7509,1.87,1.75
2016.04.20 10:55:01.268,0.75063,0.75082,1.00,1.00
2016.04.20 10:55:02.154,0.75061,0.75087,1.75,1.75
2016.04.20 10:55:04.394,0.75062,0.75087,1.50,1.75
2016.04.20 10:55:05.884,0.75062,0.75086,1.12,2.25
2016.04.20 10:55:07.700,0.75058,0.75084,1.75,1.75
2016.04.20 10:55:12.580,0.75062,0.75083,1.00,1.75
2016.04.20 10:55:13.009,0.7506,0.75084,1.75,1.75
2016.04.20 10:55:13.516,0.7506,0.75084,1.50,1.75
2016.04.20 10:55:16.600,0.75059,0.75083,1.75,1.75
2016.04.20 10:55:18.495,0.75059,0.75082,1.75,1.75
2016.04.20 10:55:18.546,0.75061,0.75082,1.75,1.75
2016.04.20 10:55:18.748,0.75061,0.75086,1.75,1.75
2016.04.20 10:55:19.281,0.75065,0.75087,1.00,2.25
2016.04.20 10:55:19.901,0.7506,0.75085,2.25,1.75
2016.04.20 10:55:19.952,0.75064,0.75087,1.12,2.25
2016.04.20 10:55:20.205,0.75064,0.75087,1.12,2.25
2016.04.20 10:55:20.708,0.75065,0.75085,1.12,1.75
2016.04.20 10:55:29.847,0.7506,0.75085,1.75,1.75
2016.04.20 10:55:30.199,0.75065,0.75086,1.00,2.25
2016.04.20 10:55:31.135,0.75065,0.75086,1.00,2.25
2016.04.20 10:55:31.516,0.7506,0.75085,1.75,1.75
2016.04.20 10:55:31.668,0.7506,0.75083,1.50,1.75
2016.04.20 10:55:33.166,0.7506,0.75083,1.75,1.75
2016.04.20 10:55:34.744,0.7506,0.75078,1.00,1.00
2016.04.20 10:55:35.440,0.7506,0.7508,1.00,1.75
2016.04.20 10:55:35.592,0.75055,0.75079,1.75,2.25
2016.04.20 10:55:37.215,0.75055,0.75079,1.50,2.25
2016.04.20 10:55:37.316,0.75055,0.75074,1.50,1.00
2016.04.20 10:55:39.769,0.75055,0.75077,1.75,1.50
2016.04.20 10:55:41.270,0.75055,0.7508,1.50,2.25
2016.04.20 10:55:41.973,0.75057,0.75078,1.00,1.75
2016.04.20 10:55:42.726,0.75055,0.75077,2.25,1.75
2016.04.20 10:55:44.008,0.75055,0.7508,2.25,2.25
2016.04.20 10:55:44.159,0.7506,0.7508,1.12,1.75
2016.04.20 10:55:44.411,0.7506,0.75079,2.25,1.00
2016.04.20 10:55:44.935,0.7506,0.75085,2.25,1.75
2016.04.20 10:55:45.786,0.7506,0.75085,2.25,1.75
2016.04.20 10:55:49.422,0.7506,0.75083,1.50,1.75
2016.04.20 10:55:49.473,0.7506,0.75079,1.50,1.00
2016.04.20 10:55:52.128,0.7506,0.75085,1.50,2.25
2016.04.20 10:55:52.667,0.7506,0.75085,1.75,2.25
2016.04.20 10:55:53.187,0.75062,0.75085,1.00,2.25
2016.04.20 10:55:56.439,0.7506,0.75082,1.50,1.75
2016.04.20 10:55:56.742,0.7506,0.75079,1.00,3.75
2016.04.20 10:55:56.864,0.75054,0.75079,1.50,3.75
2016.04.20 10:55:57.592,0.75054,0.75079,1.50,2.25
2016.04.20 10:55:58.131,0.75055,0.75079,1.75,2.25
2016.04.20 10:55:59.517,0.7506,0.75079,1.00,1.75
2016.04.20 10:55:59.938,0.75065,0.75082,1.00,1.75
2016.04.20 10:56:00.502,0.7506,0.75082,1.50,1.75
2016.04.20 10:56:04.807,0.75065,0.75084,1.00,1.75
2016.04.20 10:56:06.048,0.75065,0.75085,1.00,2.25
2016.04.20 10:56:07.765,0.7506,0.75085,1.50,3.75
2016.04.20 10:56:08.953,0.75064,0.75084,1.00,1.75
2016.04.20 10:56:09.472,0.75064,0.75084,1.00,1.75
2016.04.20 10:56:11.874,0.75064,0.75084,1.12,1.75
2016.04.20 10:56:12.408,0.75064,0.75084,1.12,1.75
2016.04.20 10:56:13.129,0.75064,0.75084,1.00,1.75
2016.04.20 10:56:15.883,0.75062,0.75084,1.50,1.75
2016.04.20 10:56:17.473,0.75062,0.75085,1.50,1.75
2016.04.20 10:56:17.819,0.75065,0.75082,1.00,3.75
2016.04.20 10:56:17.870,0.75056,0.7508,1.50,2.25
2016.04.20 10:56:18.379,0.75055,0.7508,1.50,1.75
2016.04.20 10:56:18.754,0.7506,0.7508,1.00,1.75
2016.04.20 10:56:19.000,0.75055,0.7508,2.25,2.25
2016.04.20 10:56:28.833,0.75058,0.7508,1.00,1.75
2016.04.20 10:56:29.482,0.75058,0.75078,1.00,2.25
2016.04.20 10:56:29.533,0.75055,0.7507,1.00,1.00
2016.04.20 10:56:29.583,0.75055,0.75071,1.00,1.75
2016.04.20 10:56:29.685,0.75053,0.7507,1.00,1.75
2016.04.20 10:56:29.736,0.7505,0.7507,1.00,1.75
2016.04.20 10:56:30.055,0.7505,0.7507,1.00,1.75
2016.04.20 10:56:30.233,0.75054,0.75071,1.00,1.75
2016.04.20 10:56:32.214,0.75054,0.75067,1.00,1.00
2016.04.20 10:56:32.642,0.75055,0.7507,1.00,1.00
2016.04.20 10:56:33.093,0.75055,0.75075,1.00,2.25
2016.04.20 10:56:33.597,0.75054,0.75075,1.00,3.00
2016.04.20 10:56:34.147,0.75055,0.75075,1.00,2.25
2016.04.20 10:56:34.849,0.75054,0.75074,1.00,2.25
2016.04.20 10:56:36.361,0.75055,0.75073,1.00,1.75
2016.04.20 10:56:39.714,0.75054,0.75074,1.00,1.75
2016.04.20 10:56:44.622,0.75055,0.75074,1.00,1.75
2016.04.20 10:56:45.757,0.75052,0.75074,1.00,1.75
2016.04.20 10:56:46.152,0.75055,0.75074,1.00,1.75
2016.04.20 10:56:46.752,0.75055,0.75074,1.00,1.75
2016.04.20 10:56:47.282,0.75054,0.75076,1.50,1.35
2016.04.20 10:56:49.644,0.75054,0.75075,1.00,3.75
2016.04.20 10:56:50.161,0.75055,0.75076,1.00,2.85
2016.04.20 10:56:50.514,0.75055,0.75075,1.00,3.75
2016.04.20 10:56:51.101,0.75054,0.75075,1.00,3.75
2016.04.20 10:56:53.756,0.75055,0.75075,1.00,5.25
2016.04.20 10:56:54.976,0.75054,0.75075,1.00,5.25
2016.04.20 10:56:57.813,0.7505,0.75075,2.25,5.25
2016.04.20 10:56:58.065,0.75047,0.7507,1.00,3.00
2016.04.20 10:56:58.460,0.75045,0.7507,1.87,3.00
2016.04.20 10:56:58.801,0.7505,0.7507,1.00,2.25
2016.04.20 10:57:02.675,0.75045,0.7507,1.87,3.00
2016.04.20 10:57:05.852,0.75045,0.75067,1.00,1.75
2016.04.20 10:57:08.501,0.75045,0.75065,1.00,1.75
2016.04.20 10:57:08.551,0.7504,0.75064,1.50,2.25
2016.04.20 10:57:08.602,0.7504,0.75063,1.00,2.25
2016.04.20 10:57:08.880,0.75035,0.75058,1.37,1.75
2016.04.20 10:57:25.917,0.7503,0.75055,1.75,1.75
2016.04.20 10:57:26.018,0.7503,0.75055,1.75,1.75
2016.04.20 10:57:26.503,0.7503,0.75055,1.75,2.25
2016.04.20 10:57:29.970,0.75035,0.75052,1.37,1.00
2016.04.20 10:57:30.223,0.75035,0.75059,1.75,1.75
2016.04.20 10:57:30.324,0.7504,0.7506,1.00,1.75
2016.04.20 10:57:30.525,0.75035,0.7506,1.75,2.25
2016.04.20 10:57:31.420,0.7504,0.75059,1.00,1.75
2016.04.20 10:57:32.590,0.75035,0.75059,1.75,1.75
2016.04.20 10:57:33.123,0.75035,0.75059,1.75,1.75
2016.04.20 10:57:34.624,0.75038,0.75061,1.75,1.75
2016.04.20 10:57:41.930,0.75037,0.75061,2.25,1.37
2016.04.20 10:57:41.981,0.7504,0.75061,1.75,1.00
2016.04.20 10:57:42.082,0.75041,0.75065,1.75,1.75
2016.04.20 10:57:46.432,0.75045,0.75067,1.50,1.75
2016.04.20 10:57:49.780,0.75045,0.75064,1.50,1.50
2016.04.20 10:57:52.830,0.7505,0.75067,1.00,1.75
2016.04.20 10:57:52.940,0.75044,0.75067,1.75,1.75
2016.04.20 10:57:57.965,0.75045,0.75066,1.50,1.75
2016.04.20 10:58:01.431,0.7505,0.75067,1.00,1.75
2016.04.20 10:58:01.539,0.75045,0.75067,1.12,1.75
2016.04.20 10:58:05.009,0.75045,0.75068,1.00,5.25
2016.04.20 10:58:05.110,0.75045,0.75066,1.00,2.25
2016.04.20 10:58:05.317,0.75044,0.75065,1.12,1.75
2016.04.20 10:58:05.867,0.75045,0.75066,1.00,1.75
2016.04.20 10:58:13.228,0.75045,0.75067,1.00,1.75
2016.04.20 10:58:14.079,0.75044,0.75067,1.12,1.75
2016.04.20 10:58:15.730,0.75045,0.75067,1.00,1.75
2016.04.20 10:58:17.755,0.7504,0.75065,1.75,2.25
2016.04.20 10:58:17.856,0.7504,0.75061,1.12,1.75
2016.04.20 10:58:20.719,0.75039,0.7506,1.12,1.75
2016.04.20 10:58:21.231,0.7504,0.7506,1.00,1.75
2016.04.20 10:58:21.890,0.75039,0.7506,1.00,1.75
2016.04.20 10:58:22.439,0.7504,0.7506,1.00,1.75
2016.04.20 10:58:33.719,0.75045,0.7506,1.00,1.75
2016.04.20 10:58:35.600,0.7504,0.75061,1.00,1.75
2016.04.20 10:58:39.567,0.75039,0.7506,1.00,1.75
2016.04.20 10:58:40.142,0.75034,0.75061,2.25,1.75
2016.04.20 10:58:40.658,0.7504,0.75061,1.00,1.75
2016.04.20 10:58:41.100,0.75035,0.75061,1.75,1.75
2016.04.20 10:58:41.899,0.7504,0.75061,1.00,1.75
2016.04.20 10:58:42.418,0.75034,0.75061,2.25,1.75
2016.04.20 10:58:42.934,0.75034,0.75061,2.25,3.00
2016.04.20 10:58:43.779,0.7504,0.75059,1.00,1.75
2016.04.20 10:58:44.342,0.75039,0.75059,1.00,1.75
2016.04.20 10:58:44.891,0.7504,0.7506,1.00,1.75
2016.04.20 10:58:45.406,0.7504,0.7506,1.00,1.75
2016.04.20 10:58:45.944,0.75034,0.7506,1.75,1.75
2016.04.20 10:58:46.497,0.75035,0.75058,1.50,1.75
2016.04.20 10:58:50.681,0.75034,0.75059,1.37,3.00
2016.04.20 10:58:50.732,0.75033,0.75058,1.12,2.25
2016.04.20 10:58:50.934,0.7503,0.75055,1.37,1.75
2016.04.20 10:58:50.984,0.7503,0.75055,1.12,3.00
2016.04.20 10:59:04.745,0.75029,0.75053,1.75,2.25
2016.04.20 10:59:04.846,0.75029,0.75053,2.25,1.75
2016.04.20 10:59:10.563,0.75026,0.7505,1.35,1.75
2016.04.20 10:59:10.745,0.75029,0.75048,1.00,1.00
2016.04.20 10:59:11.279,0.7503,0.75048,1.00,1.00
2016.04.20 10:59:11.822,0.75025,0.7505,2.25,2.25
2016.04.20 10:59:12.366,0.75025,0.7505,2.25,2.25
2016.04.20 10:59:13.347,0.75025,0.7505,2.25,2.25
2016.04.20 10:59:14.449,0.7503,0.75049,1.00,1.75
2016.04.20 10:59:15.035,0.75025,0.75051,2.25,1.75
2016.04.20 10:59:15.569,0.75025,0.75044,1.50,1.00
2016.04.20 10:59:15.739,0.75025,0.75049,1.12,3.00
2016.04.20 10:59:16.428,0.75025,0.7505,1.37,4.50
2016.04.20 10:59:16.479,0.75024,0.7505,2.25,1.75
2016.04.20 10:59:18.634,0.75028,0.7505,1.00,1.75
2016.04.20 10:59:18.785,0.75026,0.75044,1.00,1.00
2016.04.20 10:59:19.316,0.75025,0.75044,1.00,1.00
2016.04.20 10:59:19.467,0.75025,0.7505,1.87,2.25
2016.04.20 10:59:19.988,0.7503,0.7505,1.00,1.75
2016.04.20 10:59:20.089,0.75025,0.7505,2.25,1.75
2016.04.20 10:59:21.845,0.75025,0.75049,1.75,1.75
2016.04.20 10:59:21.896,0.75027,0.75046,1.00,1.00
2016.04.20 10:59:22.399,0.75028,0.75047,1.00,1.00
2016.04.20 10:59:23.649,0.7503,0.75047,1.00,1.00
2016.04.20 10:59:24.214,0.75028,0.75047,1.00,1.00
2016.04.20 10:59:24.648,0.7503,0.75047,1.00,1.00
2016.04.20 10:59:26.871,0.75028,0.75047,1.00,1.00
2016.04.20 10:59:27.429,0.7503,0.75047,1.00,1.00
2016.04.20 10:59:28.157,0.75028,0.75047,1.00,1.00
2016.04.20 10:59:28.817,0.7503,0.75047,1.00,1.00
2016.04.20 10:59:31.679,0.75028,0.75047,1.00,1.00
2016.04.20 10:59:32.230,0.75029,0.75047,1.00,1.00
2016.04.20 10:59:33.897,0.75031,0.75049,1.00,1.00
2016.04.20 10:59:34.630,0.75031,0.7505,1.00,1.00
2016.04.20 10:59:36.068,0.7503,0.75051,1.75,1.50
2016.04.20 10:59:36.478,0.75031,0.75051,2.25,1.00
2016.04.20 10:59:36.719,0.7503,0.75052,1.75,1.12
2016.04.20 10:59:36.978,0.75035,0.75052,1.37,1.00
2016.04.20 10:59:37.079,0.75035,0.75056,1.50,1.50
2016.04.20 10:59:37.813,0.75035,0.7506,1.75,1.75
2016.04.20 10:59:38.498,0.75037,0.75058,1.00,1.75
2016.04.20 10:59:39.391,0.75036,0.75055,1.00,1.50
2016.04.20 10:59:41.106,0.75034,0.75055,1.35,1.37
2016.04.20 10:59:41.259,0.7504,0.75061,1.00,3.00
2016.04.20 10:59:41.360,0.7504,0.75061,1.75,1.50
2016.04.20 10:59:41.511,0.7504,0.75062,1.75,1.00
2016.04.20 10:59:42.015,0.75045,0.75063,1.50,1.12
2016.04.20 10:59:43.312,0.75045,0.75063,1.50,1.37
2016.04.20 10:59:43.813,0.75045,0.75063,1.12,1.50
2016.04.20 10:59:44.334,0.75045,0.75064,1.50,1.50
2016.04.20 10:59:47.597,0.75045,0.75062,1.50,1.00
2016.04.20 10:59:47.839,0.75044,0.75062,1.00,1.00
2016.04.20 10:59:47.940,0.7504,0.75062,1.75,1.00
2016.04.20 10:59:49.437,0.7504,0.75062,1.75,1.12
2016.04.20 10:59:50.062,0.7504,0.75061,1.75,1.00
2016.04.20 10:59:50.591,0.75039,0.75066,3.00,2.25
2016.04.20 10:59:53.187,0.75047,0.75066,1.00,2.25
2016.04.20 10:59:53.400,0.75045,0.75068,1.75,1.75
2016.04.20 10:59:55.150,0.75045,0.75067,1.00,1.00
2016.04.20 10:59:55.655,0.75045,0.75068,1.00,1.00
2016.04.20 10:59:57.237,0.75044,0.75068,1.00,1.00
2016.04.20 10:59:57.893,0.75045,0.75068,1.00,1.00
2016.04.20 10:59:58.452,0.7504,0.75065,1.00,1.00
2016.04.20 10:59:58.848,0.75045,0.75068,1.00,1.00
2016.04.20 10:59:59.397,0.7504,0.75065,1.00,1.00
2016.04.20 10:59:59.885,0.75038,0.75065,1.00,1.50
