2013.02.19 17:00:00.498,0.9542,0.95441,2.25,1.88
2013.02.19 17:00:00.558,0.95422,0.95444,1.50,2.63
2013.02.19 17:00:01.158,0.95426,0.95444,1.50,1.50
2013.02.19 17:00:01.398,0.95426,0.95447,1.50,1.50
2013.02.19 17:00:02.167,0.95426,0.95444,1.50,1.50
2013.02.19 17:00:02.479,0.95426,0.95444,1.50,1.50
2013.02.19 17:00:02.670,0.95425,0.95444,1.50,1.50
2013.02.19 17:00:02.788,0.95422,0.95444,3.00,2.25
2013.02.19 17:00:03.038,0.95424,0.95447,1.50,2.48
2013.02.19 17:00:03.859,0.95426,0.95449,1.50,1.73
2013.02.19 17:00:05.251,0.95425,0.95449,1.50,1.73
2013.02.19 17:00:05.944,0.95424,0.95449,1.50,1.73
2013.02.19 17:00:06.022,0.95422,0.95449,1.50,1.73
2013.02.19 17:00:06.149,0.95421,0.95448,1.50,1.73
2013.02.19 17:00:06.508,0.95417,0.95439,2.25,1.13
2013.02.19 17:00:07.193,0.95417,0.95442,2.25,1.95
2013.02.19 17:00:07.899,0.95417,0.95439,2.25,1.13
2013.02.19 17:00:08.889,0.95417,0.95442,2.25,1.35
2013.02.19 17:00:09.330,0.95417,0.95439,1.50,1.13
2013.02.19 17:00:10.440,0.95417,0.95439,1.50,1.13
2013.02.19 17:00:11.058,0.95415,0.95439,1.50,1.13
2013.02.19 17:00:11.660,0.95415,0.95439,1.50,1.13
2013.02.19 17:00:12.239,0.95418,0.95439,1.50,1.13
2013.02.19 17:00:12.798,0.95418,0.9544,1.50,1.13
2013.02.19 17:00:13.058,0.95415,0.95439,2.25,1.13
2013.02.19 17:00:13.908,0.95415,0.95439,2.25,1.13
2013.02.19 17:00:15.225,0.95415,0.95439,2.25,1.13
2013.02.19 17:00:17.757,0.95415,0.95439,2.25,1.13
2013.02.19 17:00:17.817,0.95418,0.95439,1.50,1.13
2013.02.19 17:00:18.377,0.95417,0.95439,1.50,1.13
2013.02.19 17:00:20.398,0.95417,0.95439,1.50,1.13
2013.02.19 17:00:22.639,0.95414,0.95439,2.25,1.13
2013.02.19 17:00:23.208,0.95416,0.95439,2.25,1.13
2013.02.19 17:00:33.947,0.95417,0.9544,1.50,1.88
2013.02.19 17:00:35.130,0.95417,0.9544,2.25,1.13
2013.02.19 17:00:44.168,0.95414,0.9544,2.85,1.50
2013.02.19 17:00:44.227,0.95414,0.95438,2.10,1.50
2013.02.19 17:00:44.818,0.95412,0.95438,2.40,1.50
2013.02.19 17:00:45.788,0.95413,0.95439,1.65,2.48
2013.02.19 17:00:46.319,0.95417,0.95442,1.50,1.13
2013.02.19 17:00:46.539,0.95417,0.95444,2.25,1.13
2013.02.19 17:00:47.018,0.95416,0.9544,1.50,1.13
2013.02.19 17:00:50.078,0.95416,0.95441,1.50,1.13
2013.02.19 17:00:50.198,0.95416,0.95442,1.65,1.73
2013.02.19 17:00:50.258,0.95416,0.95442,1.65,1.50
2013.02.19 17:00:54.208,0.95416,0.95442,1.65,2.25
2013.02.19 17:00:54.329,0.95415,0.95442,1.65,3.23
2013.02.19 17:00:58.221,0.95415,0.95442,1.65,2.48
2013.02.19 17:00:58.818,0.95415,0.9544,1.65,2.48
2013.02.19 17:01:13.379,0.95415,0.95439,1.50,1.35
2013.02.19 17:01:16.119,0.95415,0.95437,1.50,1.88
2013.02.19 17:01:16.297,0.95406,0.95433,3.00,2.25
2013.02.19 17:01:16.418,0.95406,0.95433,3.00,3.00
2013.02.19 17:01:16.478,0.95407,0.95433,1.50,2.25
2013.02.19 17:01:21.419,0.9541,0.95433,1.50,1.50
2013.02.19 17:01:21.728,0.95407,0.95432,1.50,1.50
2013.02.19 17:01:21.908,0.95406,0.95434,1.50,3.00
2013.02.19 17:01:29.410,0.95412,0.95436,1.13,3.38
2013.02.19 17:01:30.427,0.95413,0.95439,1.65,2.85
2013.02.19 17:01:34.681,0.95414,0.95438,1.65,1.13
2013.02.19 17:01:35.008,0.95411,0.95433,1.50,1.13
2013.02.19 17:01:46.289,0.95412,0.95437,1.13,1.35
2013.02.19 17:01:47.152,0.95414,0.95439,1.65,1.88
2013.02.19 17:01:48.489,0.95414,0.95438,1.65,2.63
2013.02.19 17:01:52.939,0.95413,0.95438,1.13,1.13
2013.02.19 17:01:54.199,0.95413,0.95437,1.13,1.13
2013.02.19 17:01:55.599,0.95413,0.95438,1.13,1.13
2013.02.19 17:01:56.155,0.95416,0.95438,1.50,1.13
2013.02.19 17:01:59.147,0.95416,0.95439,2.25,1.35
2013.02.19 17:01:59.208,0.95416,0.95438,2.25,1.13
2013.02.19 17:01:59.568,0.95414,0.95437,1.50,1.13
2013.02.19 17:02:02.518,0.95414,0.95438,1.65,1.13
2013.02.19 17:02:03.469,0.95416,0.95437,1.50,1.13
2013.02.19 17:02:08.339,0.95414,0.95437,3.90,1.13
2013.02.19 17:02:21.510,0.95414,0.95438,2.40,1.13
2013.02.19 17:02:26.531,0.95414,0.95439,3.15,1.35
2013.02.19 17:02:26.738,0.95415,0.9544,1.13,1.13
2013.02.19 17:02:43.288,0.95416,0.95439,2.63,1.13
2013.02.19 17:02:46.221,0.95416,0.95439,1.88,1.13
2013.02.19 17:02:46.278,0.95416,0.95437,1.50,1.13
2013.02.19 17:02:47.417,0.95415,0.95437,1.65,1.13
2013.02.19 17:02:48.202,0.95415,0.95439,1.88,1.73
2013.02.19 17:02:48.319,0.95417,0.95441,1.13,1.13
2013.02.19 17:02:48.378,0.95415,0.95439,3.15,1.13
2013.02.19 17:02:49.301,0.95417,0.95437,1.50,1.13
2013.02.19 17:02:52.607,0.95414,0.95437,2.40,1.13
2013.02.19 17:03:12.278,0.95414,0.95438,2.40,1.13
2013.02.19 17:03:13.278,0.95414,0.95438,2.40,1.13
2013.02.19 17:03:13.588,0.95416,0.95439,1.13,1.13
2013.02.19 17:03:17.189,0.95416,0.95439,1.88,1.13
2013.02.19 17:03:18.180,0.95417,0.95439,1.65,1.13
2013.02.19 17:03:18.559,0.95416,0.95439,1.88,1.13
2013.02.19 17:03:22.637,0.95414,0.95439,2.63,2.10
2013.02.19 17:03:24.450,0.95416,0.95439,1.13,2.10
2013.02.19 17:03:29.202,0.95414,0.95439,3.15,2.10
2013.02.19 17:03:29.836,0.95414,0.95438,2.40,1.13
2013.02.19 17:03:30.550,0.95414,0.95438,3.15,1.13
2013.02.19 17:03:35.268,0.95414,0.95438,2.40,1.13
2013.02.19 17:03:35.559,0.95414,0.95439,3.15,2.10
2013.02.19 17:03:36.436,0.95412,0.95438,2.63,1.13
2013.02.19 17:03:41.798,0.95415,0.95438,1.50,1.13
2013.02.19 17:03:42.485,0.95415,0.95438,2.25,1.13
2013.02.19 17:03:44.558,0.95415,0.95438,2.40,1.13
2013.02.19 17:03:46.337,0.95415,0.95437,1.65,1.13
2013.02.19 17:03:49.745,0.95415,0.95438,2.40,1.13
2013.02.19 17:03:52.597,0.95415,0.95439,2.63,1.65
2013.02.19 17:04:13.606,0.95415,0.95439,1.13,1.13
2013.02.19 17:04:14.118,0.95414,0.95437,2.40,1.13
2013.02.19 17:04:14.650,0.95416,0.95439,1.50,1.35
2013.02.19 17:04:21.469,0.95409,0.95436,3.00,1.73
2013.02.19 17:04:21.528,0.95409,0.95431,2.25,1.13
2013.02.19 17:04:21.648,0.95409,0.95433,2.25,1.13
2013.02.19 17:04:36.350,0.95409,0.95433,2.40,1.13
2013.02.19 17:04:38.181,0.95408,0.95433,1.13,1.13
2013.02.19 17:04:40.580,0.95414,0.95435,1.13,2.25
2013.02.19 17:04:40.988,0.95419,0.95441,1.13,1.65
2013.02.19 17:04:45.678,0.95421,0.95447,1.65,1.88
2013.02.19 17:04:46.384,0.95419,0.95443,2.63,1.13
2013.02.19 17:04:46.448,0.95419,0.95443,2.63,1.13
2013.02.19 17:04:55.611,0.95416,0.95439,1.50,1.13
2013.02.19 17:04:56.229,0.95413,0.95436,1.13,1.50
2013.02.19 17:04:56.664,0.95413,0.95436,1.13,2.25
2013.02.19 17:04:57.209,0.95413,0.95436,1.13,1.50
2013.02.19 17:04:58.291,0.95413,0.95439,1.13,2.85
2013.02.19 17:04:59.959,0.95417,0.95438,1.50,1.13
2013.02.19 17:05:00.898,0.95417,0.95439,1.50,1.13
2013.02.19 17:05:04.568,0.95417,0.95438,1.50,1.13
2013.02.19 17:05:04.929,0.95407,0.95429,3.15,1.13
2013.02.19 17:05:08.408,0.95405,0.95429,1.13,1.13
2013.02.19 17:05:08.468,0.95399,0.95423,2.25,1.13
2013.02.19 17:05:08.528,0.95399,0.95423,2.25,1.13
2013.02.19 17:05:08.648,0.95399,0.95423,2.25,1.13
2013.02.19 17:05:10.835,0.95398,0.95422,2.25,1.13
2013.02.19 17:05:11.380,0.95398,0.95422,2.25,1.13
2013.02.19 17:05:11.918,0.95399,0.95424,3.00,1.35
2013.02.19 17:05:11.987,0.95401,0.95424,1.50,1.35
2013.02.19 17:05:12.168,0.95405,0.95427,1.50,1.73
2013.02.19 17:05:12.288,0.95406,0.95427,1.50,1.50
2013.02.19 17:05:12.651,0.9541,0.95433,1.13,1.13
2013.02.19 17:05:13.688,0.9541,0.95432,1.13,2.40
2013.02.19 17:05:27.717,0.95407,0.9543,1.50,1.13
2013.02.19 17:05:27.960,0.95404,0.9543,1.13,1.13
2013.02.19 17:05:28.318,0.95403,0.95425,1.13,1.50
2013.02.19 17:05:30.445,0.95403,0.95425,1.13,2.25
2013.02.19 17:05:31.214,0.95403,0.95425,1.13,1.50
2013.02.19 17:05:33.298,0.95403,0.95427,1.13,1.50
2013.02.19 17:05:34.149,0.95403,0.95429,1.13,2.40
2013.02.19 17:05:35.298,0.95406,0.9543,1.65,1.13
2013.02.19 17:05:44.420,0.95404,0.9543,1.13,1.13
2013.02.19 17:05:44.974,0.95407,0.9543,1.50,1.13
2013.02.19 17:05:56.648,0.95402,0.95429,2.40,1.13
2013.02.19 17:05:56.708,0.95402,0.95429,2.40,1.13
2013.02.19 17:05:59.218,0.95404,0.95428,1.50,1.13
2013.02.19 17:06:01.813,0.95407,0.95428,1.50,1.13
2013.02.19 17:06:11.888,0.95407,0.95428,1.50,1.13
2013.02.19 17:06:13.148,0.95407,0.9543,1.50,1.13
2013.02.19 17:06:32.948,0.95404,0.95429,2.25,1.13
2013.02.19 17:06:33.009,0.95406,0.95429,1.50,1.13
2013.02.19 17:06:33.069,0.95403,0.95429,2.25,1.13
2013.02.19 17:06:34.560,0.95402,0.95429,2.25,1.13
2013.02.19 17:06:44.888,0.954,0.95425,3.90,1.13
2013.02.19 17:06:47.899,0.95399,0.95425,1.88,1.88
2013.02.19 17:06:48.279,0.95403,0.95428,3.00,1.13
2013.02.19 17:06:48.929,0.95403,0.95423,2.25,1.13
2013.02.19 17:06:49.838,0.95402,0.95423,1.50,1.13
2013.02.19 17:06:50.358,0.95402,0.95423,1.50,1.13
2013.02.19 17:06:50.758,0.95404,0.9543,2.10,2.25
2013.02.19 17:06:50.998,0.95406,0.95431,3.15,1.13
2013.02.19 17:06:51.178,0.95406,0.95429,3.00,1.13
2013.02.19 17:06:51.378,0.95406,0.95429,1.50,1.13
2013.02.19 17:06:53.339,0.95406,0.95429,1.13,1.13
2013.02.19 17:06:53.398,0.95407,0.95433,1.13,3.38
2013.02.19 17:06:53.578,0.95412,0.95434,1.50,1.28
2013.02.19 17:06:54.031,0.95407,0.95435,2.63,2.63
2013.02.19 17:06:54.126,0.95407,0.95435,2.63,2.63
2013.02.19 17:06:57.399,0.95407,0.95435,2.63,2.63
2013.02.19 17:06:57.758,0.95407,0.95433,3.00,1.13
2013.02.19 17:07:06.328,0.9541,0.95433,2.25,1.13
2013.02.19 17:07:08.238,0.95414,0.95434,1.50,1.50
2013.02.19 17:07:08.297,0.95414,0.95439,1.50,3.75
2013.02.19 17:07:12.519,0.95415,0.95435,1.50,1.50
2013.02.19 17:07:14.918,0.95411,0.95435,1.13,2.25
2013.02.19 17:07:24.039,0.95407,0.95432,1.13,1.65
2013.02.19 17:07:25.027,0.95407,0.95432,1.13,2.40
2013.02.19 17:07:39.111,0.95408,0.95432,1.13,2.63
2013.02.19 17:07:43.529,0.95409,0.95432,1.65,1.88
2013.02.19 17:07:44.088,0.95411,0.95434,1.50,1.13
2013.02.19 17:07:44.268,0.95411,0.95434,1.88,1.13
2013.02.19 17:07:44.389,0.95413,0.95436,2.48,1.50
2013.02.19 17:07:44.449,0.95416,0.95439,1.13,1.65
2013.02.19 17:07:44.778,0.95419,0.95443,2.25,1.13
2013.02.19 17:07:44.838,0.95421,0.95445,1.13,1.13
2013.02.19 17:07:45.368,0.95421,0.95443,1.13,2.40
2013.02.19 17:07:45.549,0.95426,0.95448,1.13,2.40
2013.02.19 17:07:45.930,0.95425,0.95449,2.63,1.65
2013.02.19 17:07:47.910,0.95422,0.95444,2.25,1.13
2013.02.19 17:07:48.028,0.95422,0.95444,1.50,1.13
2013.02.19 17:07:48.504,0.95422,0.95448,3.00,1.88
2013.02.19 17:07:49.468,0.95422,0.95445,1.50,1.88
2013.02.19 17:07:54.748,0.95417,0.9544,1.88,1.88
2013.02.19 17:07:55.527,0.95415,0.95437,1.13,1.50
2013.02.19 17:07:57.539,0.95411,0.95437,1.65,1.88
2013.02.19 17:07:57.598,0.95411,0.95437,1.65,1.88
2013.02.19 17:08:00.090,0.95411,0.95434,1.65,1.65
2013.02.19 17:08:00.533,0.95411,0.95435,1.65,1.13
2013.02.19 17:08:01.969,0.95411,0.95437,1.65,1.88
2013.02.19 17:08:03.118,0.9541,0.95435,1.88,1.13
2013.02.19 17:08:11.418,0.95413,0.95434,1.50,1.13
2013.02.19 17:08:11.478,0.95413,0.95434,2.25,1.13
2013.02.19 17:08:11.540,0.95413,0.95438,2.25,1.13
2013.02.19 17:08:11.600,0.95415,0.9544,1.73,1.50
2013.02.19 17:08:11.658,0.9542,0.95443,1.13,2.40
2013.02.19 17:08:11.718,0.9542,0.95443,1.13,2.40
2013.02.19 17:08:12.115,0.95423,0.95447,1.50,1.13
2013.02.19 17:08:12.609,0.95428,0.95451,1.65,1.65
2013.02.19 17:08:13.180,0.95432,0.9545,1.50,1.65
2013.02.19 17:08:13.239,0.95432,0.95446,1.50,1.50
2013.02.19 17:08:13.478,0.95426,0.95446,1.88,1.50
2013.02.19 17:08:13.641,0.95426,0.95446,1.13,1.50
2013.02.19 17:08:15.619,0.95422,0.95446,2.48,1.50
2013.02.19 17:08:16.448,0.95425,0.95448,1.50,1.50
2013.02.19 17:08:16.508,0.95425,0.9545,1.50,1.50
2013.02.19 17:08:16.778,0.95426,0.95447,1.50,1.50
2013.02.19 17:08:18.800,0.95426,0.9545,1.50,1.50
2013.02.19 17:08:20.518,0.95425,0.9545,1.50,1.88
2013.02.19 17:08:20.640,0.95419,0.95443,1.50,1.65
2013.02.19 17:08:20.759,0.95419,0.95438,1.50,1.50
2013.02.19 17:08:20.999,0.95416,0.95438,1.50,1.50
2013.02.19 17:08:23.918,0.95416,0.95442,1.50,1.50
2013.02.19 17:08:26.071,0.95415,0.95442,1.50,2.25
2013.02.19 17:08:26.389,0.95416,0.95442,1.50,2.25
2013.02.19 17:08:26.448,0.95415,0.95442,1.50,2.25
2013.02.19 17:08:27.333,0.95416,0.95442,1.50,2.25
2013.02.19 17:08:28.351,0.95417,0.95442,1.50,2.25
2013.02.19 17:08:28.903,0.95412,0.95442,3.75,3.00
2013.02.19 17:08:30.002,0.95412,0.95438,1.50,1.50
2013.02.19 17:08:33.068,0.95414,0.95441,2.25,2.25
2013.02.19 17:08:33.890,0.95414,0.95441,2.25,2.63
2013.02.19 17:08:40.368,0.95414,0.95439,2.25,1.13
2013.02.19 17:08:40.912,0.95414,0.95437,1.50,1.13
2013.02.19 17:08:51.808,0.95412,0.95438,1.50,1.88
2013.02.19 17:08:53.240,0.95411,0.95434,1.50,1.13
2013.02.19 17:08:56.460,0.95411,0.95434,1.65,1.13
2013.02.19 17:08:58.262,0.95411,0.95434,1.50,1.13
2013.02.19 17:08:58.658,0.95407,0.95433,3.15,1.65
2013.02.19 17:08:58.848,0.95408,0.95433,1.65,3.15
2013.02.19 17:09:01.229,0.95406,0.95433,3.38,1.65
2013.02.19 17:09:01.383,0.95406,0.95433,3.38,1.65
2013.02.19 17:09:01.658,0.95406,0.95433,3.98,1.65
2013.02.19 17:09:02.339,0.95409,0.95434,1.50,1.88
2013.02.19 17:09:03.140,0.95409,0.95434,1.50,2.48
2013.02.19 17:09:03.260,0.95405,0.95429,2.25,1.88
2013.02.19 17:09:09.322,0.95405,0.95425,1.50,1.13
2013.02.19 17:09:09.870,0.95405,0.95429,2.25,1.88
2013.02.19 17:09:10.179,0.95409,0.95429,1.50,1.88
2013.02.19 17:09:10.239,0.95409,0.95429,1.65,1.65
2013.02.19 17:09:10.430,0.95409,0.95429,1.50,1.13
2013.02.19 17:09:10.770,0.95409,0.95428,2.25,1.13
2013.02.19 17:09:11.416,0.95409,0.95434,1.13,1.65
2013.02.19 17:09:11.818,0.95406,0.95432,1.73,1.50
2013.02.19 17:09:12.079,0.95405,0.95429,2.63,1.13
2013.02.19 17:09:12.200,0.95405,0.95429,1.88,1.13
2013.02.19 17:09:12.519,0.95405,0.95429,3.38,1.13
2013.02.19 17:09:12.739,0.95405,0.95432,3.38,1.35
2013.02.19 17:09:13.250,0.95406,0.95429,1.65,1.13
2013.02.19 17:09:14.146,0.95406,0.95429,1.65,1.13
2013.02.19 17:09:14.658,0.95405,0.95429,2.63,1.13
2013.02.19 17:09:14.778,0.95407,0.95429,1.65,1.13
2013.02.19 17:09:15.018,0.95406,0.95429,2.40,1.13
2013.02.19 17:09:15.079,0.95406,0.95429,1.65,2.63
2013.02.19 17:09:20.140,0.95409,0.95432,1.50,1.88
2013.02.19 17:09:20.438,0.95407,0.95429,2.40,1.13
2013.02.19 17:09:26.709,0.95409,0.95428,1.50,1.65
2013.02.19 17:09:27.126,0.95409,0.9543,1.50,1.65
2013.02.19 17:09:28.408,0.95407,0.95431,2.25,1.13
2013.02.19 17:09:28.469,0.95407,0.95423,1.50,1.13
2013.02.19 17:09:28.532,0.95404,0.95423,1.50,1.13
2013.02.19 17:09:28.600,0.95404,0.95423,1.50,1.13
2013.02.19 17:09:28.674,0.954,0.95423,2.25,1.13
2013.02.19 17:09:28.980,0.954,0.95424,1.50,1.13
2013.02.19 17:09:29.159,0.95401,0.95425,2.48,1.50
2013.02.19 17:09:29.660,0.95405,0.95428,1.88,1.50
2013.02.19 17:09:30.108,0.95405,0.95428,1.88,1.50
2013.02.19 17:09:30.423,0.95405,0.95431,2.63,1.13
2013.02.19 17:09:31.091,0.95405,0.95431,2.63,1.13
2013.02.19 17:09:32.049,0.95407,0.95431,1.65,1.13
2013.02.19 17:09:42.321,0.95405,0.95431,2.63,1.13
2013.02.19 17:09:52.661,0.95407,0.95431,1.65,1.13
2013.02.19 17:09:53.447,0.9541,0.95431,2.25,1.13
2013.02.19 17:09:57.391,0.9541,0.95433,1.13,1.13
2013.02.19 17:09:57.448,0.9541,0.95433,1.13,1.13
2013.02.19 17:09:57.700,0.9541,0.95435,1.13,1.13
2013.02.19 17:10:08.729,0.95411,0.95438,3.15,1.88
2013.02.19 17:10:09.799,0.95411,0.95438,3.15,1.88
2013.02.19 17:10:11.230,0.95413,0.95438,1.50,1.13
2013.02.19 17:10:13.339,0.95414,0.95438,1.50,1.13
2013.02.19 17:10:13.558,0.95414,0.95438,1.65,1.13
2013.02.19 17:10:13.679,0.95412,0.95438,3.38,1.13
2013.02.19 17:10:17.887,0.95412,0.95438,1.13,2.10
2013.02.19 17:10:20.389,0.95416,0.95442,1.50,1.35
2013.02.19 17:10:21.902,0.95416,0.95439,1.50,1.13
2013.02.19 17:10:22.559,0.95416,0.95438,1.50,1.88
2013.02.19 17:10:28.609,0.95419,0.95442,1.50,1.88
2013.02.19 17:10:30.841,0.95417,0.95442,1.50,2.63
2013.02.19 17:10:31.038,0.95415,0.95441,1.50,1.88
2013.02.19 17:10:31.159,0.95414,0.95441,1.65,1.13
2013.02.19 17:10:31.231,0.95414,0.9544,1.65,1.65
2013.02.19 17:10:32.159,0.95412,0.95442,2.63,2.85
2013.02.19 17:10:32.284,0.95412,0.95439,1.13,2.48
2013.02.19 17:10:33.498,0.95412,0.95439,1.13,2.48
2013.02.19 17:10:35.369,0.95416,0.9544,1.50,1.88
2013.02.19 17:10:35.688,0.95411,0.95434,2.25,1.13
2013.02.19 17:10:36.149,0.95408,0.95434,1.13,1.35
2013.02.19 17:10:37.459,0.95405,0.95428,2.40,1.13
2013.02.19 17:10:37.518,0.95405,0.95428,2.40,1.13
2013.02.19 17:10:38.138,0.954,0.95423,2.40,1.13
2013.02.19 17:10:38.258,0.95401,0.95428,1.65,3.60
2013.02.19 17:10:38.378,0.95405,0.95425,1.13,1.50
2013.02.19 17:10:38.438,0.95406,0.95429,1.65,1.13
2013.02.19 17:10:39.140,0.95406,0.95431,1.65,1.13
2013.02.19 17:10:43.400,0.95405,0.95427,1.13,1.50
2013.02.19 17:10:43.649,0.954,0.95424,1.88,2.63
2013.02.19 17:10:44.240,0.954,0.95424,1.50,2.85
2013.02.19 17:10:45.310,0.95397,0.9542,1.65,1.13
2013.02.19 17:10:47.009,0.95398,0.95423,1.50,2.10
2013.02.19 17:10:47.359,0.95401,0.95424,1.13,1.65
2013.02.19 17:10:47.599,0.95401,0.95424,1.50,1.35
2013.02.19 17:10:49.049,0.95397,0.95419,3.15,1.13
2013.02.19 17:10:49.540,0.95398,0.95423,1.65,1.35
2013.02.19 17:10:50.658,0.95397,0.95419,1.65,1.13
2013.02.19 17:10:51.658,0.95394,0.95416,1.13,1.50
2013.02.19 17:10:52.285,0.95394,0.95418,1.13,1.65
2013.02.19 17:11:03.360,0.95391,0.95417,1.65,1.88
2013.02.19 17:11:05.178,0.95391,0.95417,1.65,1.88
2013.02.19 17:11:05.938,0.95395,0.95421,2.63,1.13
2013.02.19 17:11:06.298,0.95399,0.95425,1.50,1.13
2013.02.19 17:11:06.694,0.95397,0.95424,2.40,1.88
2013.02.19 17:11:06.818,0.95396,0.95424,3.00,1.88
2013.02.19 17:11:07.058,0.95396,0.95422,1.88,2.10
2013.02.19 17:11:07.598,0.95392,0.95419,1.65,1.88
2013.02.19 17:11:08.034,0.95392,0.95419,1.65,2.10
2013.02.19 17:11:08.144,0.95392,0.95419,1.65,2.10
2013.02.19 17:11:09.368,0.95392,0.95415,1.50,2.48
2013.02.19 17:11:10.281,0.95386,0.95414,3.15,2.10
2013.02.19 17:11:10.979,0.95386,0.95413,1.50,2.10
2013.02.19 17:11:12.140,0.95383,0.9541,2.40,1.13
2013.02.19 17:11:12.203,0.95383,0.95408,1.65,1.13
2013.02.19 17:11:12.258,0.95382,0.95405,1.50,1.88
2013.02.19 17:11:12.438,0.9538,0.95405,1.13,2.03
2013.02.19 17:11:13.717,0.95382,0.95408,1.65,2.85
2013.02.19 17:11:20.229,0.95381,0.95408,1.65,2.85
2013.02.19 17:11:20.291,0.95381,0.95405,1.50,1.88
2013.02.19 17:11:20.411,0.95376,0.95403,1.50,1.88
2013.02.19 17:11:20.679,0.95378,0.95403,1.13,1.88
2013.02.19 17:11:22.219,0.95382,0.95408,1.13,1.88
2013.02.19 17:11:22.554,0.95385,0.95412,1.50,2.85
2013.02.19 17:11:23.589,0.95383,0.95408,2.40,1.13
2013.02.19 17:11:32.348,0.95383,0.95408,2.40,1.13
2013.02.19 17:11:32.989,0.95383,0.95408,2.40,1.13
2013.02.19 17:11:37.071,0.95385,0.95412,1.50,2.63
2013.02.19 17:11:41.049,0.95386,0.95412,1.50,1.88
2013.02.19 17:11:41.614,0.95388,0.95409,2.25,1.13
2013.02.19 17:11:42.284,0.95388,0.95409,2.25,1.13
2013.02.19 17:11:42.763,0.95388,0.95409,2.25,1.13
2013.02.19 17:11:46.014,0.95388,0.95409,2.25,1.13
2013.02.19 17:11:46.378,0.95388,0.95409,2.25,1.13
2013.02.19 17:11:47.809,0.95388,0.95409,2.25,1.35
2013.02.19 17:11:47.928,0.95386,0.95409,3.00,1.13
2013.02.19 17:11:49.417,0.95389,0.95414,2.25,1.35
2013.02.19 17:11:49.960,0.95387,0.95409,1.50,1.35
2013.02.19 17:11:51.009,0.95387,0.95408,1.50,1.13
2013.02.19 17:11:51.199,0.95387,0.95408,1.50,2.85
2013.02.19 17:11:53.328,0.95386,0.95409,3.15,1.13
2013.02.19 17:11:53.389,0.95389,0.95409,2.25,1.13
2013.02.19 17:11:53.800,0.9539,0.95413,1.50,1.35
2013.02.19 17:11:54.919,0.95392,0.95413,1.50,1.35
2013.02.19 17:11:56.589,0.95394,0.95416,1.50,1.13
2013.02.19 17:11:57.019,0.95392,0.95417,1.50,1.35
2013.02.19 17:11:57.222,0.95392,0.95418,3.00,1.13
2013.02.19 17:11:57.801,0.95392,0.95418,3.00,1.13
2013.02.19 17:11:59.839,0.95392,0.95419,2.25,2.10
2013.02.19 17:11:59.964,0.95392,0.95419,2.25,2.10
2013.02.19 17:12:00.069,0.95392,0.95419,2.25,2.10
2013.02.19 17:12:00.179,0.95392,0.95419,2.25,2.10
2013.02.19 17:12:04.848,0.95392,0.95411,1.50,1.88
2013.02.19 17:12:04.972,0.95386,0.95411,1.65,1.88
2013.02.19 17:12:05.089,0.95386,0.95411,1.65,1.88
2013.02.19 17:12:09.689,0.95389,0.95414,2.25,1.13
2013.02.19 17:12:09.748,0.95389,0.95412,2.25,1.13
2013.02.19 17:12:09.808,0.95389,0.95408,2.25,1.13
2013.02.19 17:12:09.988,0.95387,0.95408,1.50,1.13
2013.02.19 17:12:12.029,0.95386,0.95409,1.50,1.50
2013.02.19 17:12:12.330,0.95386,0.95409,1.50,1.50
2013.02.19 17:12:12.998,0.95386,0.95409,1.50,2.25
2013.02.19 17:12:13.502,0.95381,0.95404,1.65,1.13
2013.02.19 17:12:14.143,0.95382,0.95403,1.50,1.13
2013.02.19 17:12:15.919,0.95387,0.95412,1.50,1.13
2013.02.19 17:12:16.588,0.95387,0.9541,1.50,1.88
2013.02.19 17:12:28.269,0.95387,0.9541,1.50,1.88
2013.02.19 17:12:30.439,0.95387,0.9541,1.50,1.88
2013.02.19 17:12:30.919,0.95381,0.95409,3.00,1.50
2013.02.19 17:12:34.840,0.95381,0.95407,1.50,1.88
2013.02.19 17:12:43.129,0.95387,0.95409,1.50,1.88
2013.02.19 17:12:43.389,0.95387,0.9541,1.50,1.13
2013.02.19 17:12:54.458,0.95391,0.95412,1.88,1.50
2013.02.19 17:12:54.579,0.95396,0.95416,1.50,1.88
2013.02.19 17:12:55.009,0.95391,0.95416,1.88,1.88
2013.02.19 17:13:00.279,0.95391,0.95415,1.13,1.13
2013.02.19 17:13:00.602,0.95385,0.95411,2.63,1.13
2013.02.19 17:13:00.810,0.95385,0.95411,4.65,1.13
2013.02.19 17:13:00.870,0.95385,0.95411,2.63,1.13
2013.02.19 17:13:00.988,0.95385,0.95411,2.63,1.13
2013.02.19 17:13:01.049,0.95385,0.95411,2.63,1.13
2013.02.19 17:13:01.699,0.95388,0.95414,2.25,1.35
2013.02.19 17:13:05.552,0.95388,0.95414,2.25,1.35
2013.02.19 17:13:11.599,0.95388,0.95413,2.25,1.35
2013.02.19 17:13:12.187,0.95388,0.95409,2.25,1.13
2013.02.19 17:13:12.724,0.95385,0.95409,2.63,1.13
2013.02.19 17:13:15.239,0.95385,0.95404,2.25,1.13
2013.02.19 17:13:15.719,0.95383,0.95403,2.25,1.13
2013.02.19 17:13:16.159,0.95385,0.95408,2.40,1.35
2013.02.19 17:13:16.909,0.95388,0.95409,2.25,1.13
2013.02.19 17:13:18.547,0.95391,0.95408,2.25,1.13
2013.02.19 17:13:21.846,0.95389,0.95408,2.25,1.13
2013.02.19 17:13:28.869,0.9539,0.95413,1.50,2.10
2013.02.19 17:13:29.803,0.95387,0.95408,1.50,1.13
2013.02.19 17:13:33.160,0.95387,0.95409,1.50,1.13
2013.02.19 17:13:33.819,0.95385,0.95407,2.40,1.13
2013.02.19 17:13:34.370,0.95385,0.95405,2.25,1.13
2013.02.19 17:13:35.271,0.95385,0.95405,2.25,1.13
2013.02.19 17:13:35.849,0.95382,0.95405,1.65,1.13
2013.02.19 17:13:36.036,0.95386,0.95409,1.50,1.35
2013.02.19 17:13:36.558,0.95386,0.95409,1.50,1.35
2013.02.19 17:13:37.721,0.95386,0.95409,1.50,1.35
2013.02.19 17:13:39.909,0.95381,0.95405,1.88,1.13
2013.02.19 17:13:40.029,0.95381,0.95404,1.50,1.35
2013.02.19 17:13:40.388,0.95381,0.95403,1.50,2.10
2013.02.19 17:13:40.448,0.95381,0.95403,1.50,2.10
2013.02.19 17:13:40.880,0.95381,0.95403,1.50,2.10
2013.02.19 17:13:41.098,0.95377,0.95401,1.50,1.13
2013.02.19 17:13:41.889,0.95375,0.95401,1.35,2.63
2013.02.19 17:13:42.201,0.95372,0.954,3.60,1.13
2013.02.19 17:13:42.451,0.95372,0.95391,2.48,1.13
2013.02.19 17:13:42.510,0.95371,0.95391,2.25,1.13
2013.02.19 17:13:42.829,0.95371,0.95391,2.25,1.13
2013.02.19 17:13:43.747,0.95372,0.95393,1.50,1.35
2013.02.19 17:13:44.058,0.95371,0.95391,2.25,1.13
2013.02.19 17:13:44.233,0.95369,0.95391,2.40,1.13
2013.02.19 17:13:52.437,0.95371,0.95394,1.50,1.35
2013.02.19 17:13:52.639,0.95371,0.95394,3.00,1.35
2013.02.19 17:13:52.927,0.95371,0.95391,2.25,1.13
2013.02.19 17:13:53.049,0.95371,0.95394,3.00,1.35
2013.02.19 17:13:53.764,0.95371,0.95394,3.00,1.35
2013.02.19 17:13:56.358,0.9537,0.95391,2.25,1.13
2013.02.19 17:13:56.678,0.95367,0.95391,2.63,1.13
2013.02.19 17:13:57.615,0.95367,0.95391,3.38,1.13
2013.02.19 17:13:58.140,0.95371,0.95394,1.50,1.35
2013.02.19 17:13:58.550,0.95372,0.95394,1.50,1.35
2013.02.19 17:13:58.612,0.95372,0.95389,1.50,1.13
2013.02.19 17:13:58.799,0.95366,0.95389,1.50,1.13
2013.02.19 17:13:59.039,0.95367,0.95392,1.50,2.10
2013.02.19 17:13:59.538,0.95364,0.95387,2.25,1.35
2013.02.19 17:13:59.850,0.95362,0.95386,1.65,1.13
2013.02.19 17:14:01.239,0.95365,0.95387,2.25,1.35
2013.02.19 17:14:01.669,0.95367,0.9539,2.40,1.13
2013.02.19 17:14:02.730,0.95367,0.9539,2.40,1.13
2013.02.19 17:14:03.298,0.95367,0.9539,2.40,1.13
2013.02.19 17:14:03.375,0.95367,0.9539,4.28,1.13
2013.02.19 17:14:03.438,0.95367,0.9539,2.40,1.13
2013.02.19 17:14:05.999,0.95367,0.9539,2.40,1.13
2013.02.19 17:14:09.550,0.95372,0.95393,1.50,1.35
2013.02.19 17:14:09.729,0.95372,0.95394,3.38,1.13
2013.02.19 17:14:09.908,0.95374,0.95399,2.40,1.35
2013.02.19 17:14:10.876,0.95374,0.95399,2.40,1.35
2013.02.19 17:14:11.785,0.95374,0.95399,2.40,1.35
2013.02.19 17:14:12.109,0.95374,0.95399,2.40,1.13
2013.02.19 17:14:12.841,0.95374,0.95399,2.40,1.35
2013.02.19 17:14:13.900,0.95377,0.95403,3.00,1.35
2013.02.19 17:14:15.969,0.95372,0.95395,2.63,1.13
2013.02.19 17:14:16.291,0.95372,0.95395,1.13,1.13
2013.02.19 17:14:16.409,0.95373,0.95398,2.40,1.13
2013.02.19 17:14:17.298,0.95377,0.95398,2.25,1.13
2013.02.19 17:14:20.549,0.95377,0.95396,2.25,1.13
2013.02.19 17:14:20.790,0.95377,0.95398,2.25,2.10
2013.02.19 17:14:21.409,0.95376,0.95399,2.25,1.13
2013.02.19 17:14:24.170,0.95372,0.95398,1.13,2.10
2013.02.19 17:14:24.483,0.95372,0.95399,2.63,1.35
2013.02.19 17:14:25.579,0.95372,0.95399,2.25,1.35
2013.02.19 17:14:28.383,0.95371,0.95394,2.40,1.13
2013.02.19 17:14:29.129,0.95369,0.95392,1.13,1.13
2013.02.19 17:14:30.069,0.95369,0.95392,1.13,1.13
2013.02.19 17:14:30.320,0.95369,0.95392,1.13,1.13
2013.02.19 17:14:31.740,0.95369,0.95393,1.13,1.13
2013.02.19 17:14:33.500,0.95369,0.95394,1.13,1.35
2013.02.19 17:14:33.659,0.95369,0.95394,1.13,1.35
2013.02.19 17:14:34.160,0.95375,0.95394,2.25,1.13
2013.02.19 17:14:38.682,0.95374,0.95394,2.25,1.35
2013.02.19 17:14:40.129,0.95374,0.95392,2.25,1.13
2013.02.19 17:14:40.959,0.95374,0.95394,2.25,1.35
2013.02.19 17:14:41.859,0.95377,0.95394,2.25,1.13
2013.02.19 17:14:44.819,0.95379,0.95399,2.25,1.13
2013.02.19 17:14:44.879,0.95383,0.95399,1.50,1.13
2013.02.19 17:14:46.629,0.9538,0.95399,2.25,1.13
2013.02.19 17:14:49.669,0.9538,0.95399,2.25,1.13
2013.02.19 17:14:49.788,0.9538,0.95399,1.50,1.13
2013.02.19 17:14:50.301,0.95377,0.95393,2.25,1.13
2013.02.19 17:14:51.909,0.95377,0.95398,3.00,1.13
2013.02.19 17:14:54.521,0.95372,0.95393,3.15,1.13
2013.02.19 17:14:55.112,0.95375,0.95393,2.25,1.13
2013.02.19 17:14:55.388,0.95375,0.95393,2.25,1.13
2013.02.19 17:15:03.598,0.95378,0.95393,2.25,1.13
2013.02.19 17:15:03.719,0.95378,0.95398,2.25,1.13
2013.02.19 17:15:07.680,0.95374,0.95396,2.40,1.13
2013.02.19 17:15:07.919,0.95374,0.95396,2.40,1.13
2013.02.19 17:15:08.300,0.95375,0.95396,2.25,1.13
2013.02.19 17:15:09.397,0.95372,0.95396,1.13,1.13
2013.02.19 17:15:09.661,0.95371,0.95394,1.35,1.65
2013.02.19 17:15:09.723,0.95371,0.95394,1.35,1.65
2013.02.19 17:15:10.019,0.95364,0.95387,1.13,2.40
2013.02.19 17:15:10.079,0.95361,0.95384,1.50,1.13
2013.02.19 17:15:10.200,0.95363,0.95388,1.13,1.50
2013.02.19 17:15:10.258,0.95366,0.9539,1.13,2.40
2013.02.19 17:15:10.439,0.95367,0.95392,2.40,1.13
2013.02.19 17:15:10.969,0.95367,0.95392,1.65,1.88
2013.02.19 17:15:11.299,0.95367,0.95392,1.65,1.88
2013.02.19 17:15:12.280,0.95367,0.95392,1.65,1.88
2013.02.19 17:15:12.971,0.95372,0.95397,1.65,1.88
2013.02.19 17:15:14.289,0.95373,0.95397,2.40,1.13
2013.02.19 17:15:14.589,0.95377,0.95403,3.38,1.50
2013.02.19 17:15:15.129,0.95383,0.95407,2.40,1.13
2013.02.19 17:15:15.609,0.95392,0.95414,1.65,1.13
2013.02.19 17:15:15.668,0.95396,0.95414,1.50,1.13
2013.02.19 17:15:15.729,0.95396,0.95421,2.40,1.13
2013.02.19 17:15:15.789,0.95402,0.95423,1.73,1.50
2013.02.19 17:15:16.030,0.95407,0.95428,2.63,1.50
2013.02.19 17:15:16.150,0.95411,0.95428,1.50,1.50
2013.02.19 17:15:16.269,0.95413,0.95433,2.25,1.13
2013.02.19 17:15:16.599,0.95421,0.95445,1.13,2.40
2013.02.19 17:15:16.839,0.95427,0.95448,2.48,1.13
2013.02.19 17:15:17.198,0.95446,0.95452,2.25,1.58
2013.02.19 17:15:17.379,0.95444,0.9546,1.50,2.18
2013.02.19 17:15:17.439,0.95449,0.95462,2.25,2.18
2013.02.19 17:15:17.678,0.95442,0.95464,3.00,1.50
2013.02.19 17:15:18.098,0.95449,0.95461,2.25,1.58
2013.02.19 17:15:18.489,0.95444,0.95466,1.88,1.58
2013.02.19 17:15:18.610,0.95443,0.95464,1.88,2.33
2013.02.19 17:15:18.969,0.95435,0.95459,1.35,1.50
2013.02.19 17:15:19.209,0.95429,0.95457,1.50,1.13
2013.02.19 17:15:19.519,0.95423,0.95448,1.73,1.13
2013.02.19 17:15:19.878,0.95427,0.95446,1.88,1.35
2013.02.19 17:15:20.138,0.95428,0.95441,1.20,1.13
2013.02.19 17:15:20.259,0.95428,0.95439,1.20,1.50
2013.02.19 17:15:20.439,0.95419,0.95433,1.05,1.13
2013.02.19 17:15:20.559,0.95423,0.95439,1.20,1.13
2013.02.19 17:15:20.619,0.95424,0.95441,1.20,1.28
2013.02.19 17:15:20.679,0.95423,0.95441,3.30,1.28
2013.02.19 17:15:20.921,0.95423,0.95439,2.10,1.13
2013.02.19 17:15:20.981,0.95419,0.95435,1.05,1.35
2013.02.19 17:15:21.339,0.95419,0.95437,4.28,1.13
2013.02.19 17:15:21.579,0.95424,0.95442,1.80,2.63
2013.02.19 17:15:21.758,0.95425,0.95442,3.68,2.03
2013.02.19 17:15:22.008,0.95424,0.95442,1.13,2.63
2013.02.19 17:15:22.129,0.95424,0.95442,3.08,1.88
2013.02.19 17:15:22.189,0.95424,0.95442,2.03,1.88
2013.02.19 17:15:22.310,0.95423,0.95439,1.65,1.50
2013.02.19 17:15:22.429,0.95423,0.95439,1.20,1.50
2013.02.19 17:15:22.524,0.95423,0.95439,2.63,1.50
2013.02.19 17:15:22.838,0.95421,0.95442,2.93,1.88
2013.02.19 17:15:22.979,0.95425,0.95437,2.18,1.13
2013.02.19 17:15:23.039,0.95418,0.95437,1.58,1.13
2013.02.19 17:15:23.635,0.9542,0.95434,1.73,1.50
2013.02.19 17:15:23.704,0.95411,0.95433,1.80,2.40
2013.02.19 17:15:23.768,0.95406,0.95433,1.50,2.40
2013.02.19 17:15:23.853,0.95406,0.95433,1.50,2.40
2013.02.19 17:15:23.965,0.95404,0.95433,2.25,2.40
2013.02.19 17:15:24.090,0.95404,0.95427,2.25,1.13
2013.02.19 17:15:24.269,0.95401,0.95421,1.50,1.50
2013.02.19 17:15:24.849,0.95399,0.95421,1.95,1.50
2013.02.19 17:15:25.059,0.954,0.95425,1.50,2.25
2013.02.19 17:15:25.179,0.95401,0.95422,2.25,2.25
2013.02.19 17:15:25.660,0.95398,0.95418,1.95,1.50
2013.02.19 17:15:25.721,0.95397,0.95418,1.50,1.50
2013.02.19 17:15:25.782,0.95397,0.95418,3.30,1.50
2013.02.19 17:15:26.573,0.95396,0.95418,3.45,1.50
2013.02.19 17:15:26.629,0.95396,0.95418,1.50,1.50
2013.02.19 17:15:26.810,0.95396,0.95418,1.50,1.50
2013.02.19 17:15:27.198,0.95393,0.95418,1.50,2.25
2013.02.19 17:15:27.555,0.95394,0.95418,1.50,1.50
2013.02.19 17:15:27.620,0.95393,0.95418,1.50,2.25
2013.02.19 17:15:28.139,0.95391,0.95416,3.00,1.50
2013.02.19 17:15:28.258,0.95391,0.95414,2.25,1.50
2013.02.19 17:15:31.489,0.95387,0.9541,2.10,2.25
2013.02.19 17:15:31.799,0.95383,0.95408,1.13,2.25
2013.02.19 17:15:31.859,0.95378,0.95406,2.25,2.25
2013.02.19 17:15:31.978,0.95376,0.95403,1.65,3.00
2013.02.19 17:15:32.158,0.95377,0.95402,1.65,2.25
2013.02.19 17:15:32.468,0.95377,0.95401,1.65,1.50
2013.02.19 17:15:32.588,0.9538,0.95405,1.50,2.25
2013.02.19 17:15:33.119,0.95381,0.95405,1.65,1.50
2013.02.19 17:15:33.179,0.95381,0.95409,3.15,1.50
2013.02.19 17:15:33.720,0.95383,0.95409,2.25,1.50
2013.02.19 17:15:33.857,0.95383,0.95411,2.25,1.50
2013.02.19 17:15:33.920,0.95387,0.95413,1.50,2.40
2013.02.19 17:15:34.409,0.95389,0.95413,1.13,2.25
2013.02.19 17:15:34.768,0.9539,0.95415,1.65,2.25
2013.02.19 17:15:35.069,0.95384,0.95413,2.63,2.25
2013.02.19 17:15:35.189,0.95385,0.95413,2.40,2.25
2013.02.19 17:15:36.560,0.9539,0.95411,1.50,1.50
2013.02.19 17:15:36.618,0.95387,0.95414,2.40,1.50
2013.02.19 17:15:36.859,0.95384,0.95409,1.13,2.25
2013.02.19 17:15:37.069,0.95384,0.95409,1.13,2.25
2013.02.19 17:15:37.801,0.95384,0.95409,1.13,2.25
2013.02.19 17:15:38.419,0.95385,0.95409,1.13,1.50
2013.02.19 17:15:38.479,0.95385,0.95412,2.63,2.25
2013.02.19 17:15:38.598,0.95387,0.95414,2.40,1.50
2013.02.19 17:15:39.398,0.95386,0.95414,2.40,1.50
2013.02.19 17:15:39.948,0.95391,0.95414,2.63,1.50
2013.02.19 17:15:40.009,0.95392,0.95418,1.13,1.50
2013.02.19 17:15:40.128,0.95392,0.95418,1.50,1.50
2013.02.19 17:15:40.670,0.95392,0.95418,1.13,1.50
2013.02.19 17:15:40.900,0.95392,0.95421,1.13,2.25
2013.02.19 17:15:41.020,0.95395,0.95422,2.40,2.25
2013.02.19 17:15:43.358,0.95397,0.95417,1.50,1.50
2013.02.19 17:15:43.418,0.95394,0.95417,1.65,1.50
2013.02.19 17:15:43.539,0.95394,0.95419,2.40,1.50
2013.02.19 17:15:44.223,0.95394,0.95419,2.40,1.50
2013.02.19 17:15:44.688,0.95397,0.95417,1.50,1.50
2013.02.19 17:15:44.748,0.95395,0.95419,2.40,1.50
2013.02.19 17:15:45.312,0.95395,0.95419,2.40,1.50
2013.02.19 17:15:45.979,0.95395,0.95419,2.25,1.65
2013.02.19 17:15:46.038,0.95395,0.95419,1.13,1.50
2013.02.19 17:15:47.089,0.95396,0.95419,2.40,1.50
2013.02.19 17:15:48.138,0.95396,0.95423,2.40,1.50
2013.02.19 17:15:49.308,0.95396,0.95419,2.40,1.50
2013.02.19 17:15:49.369,0.95394,0.95419,2.85,1.50
2013.02.19 17:15:51.619,0.95395,0.95416,1.50,1.50
2013.02.19 17:15:51.678,0.95393,0.95416,1.50,1.50
2013.02.19 17:15:52.180,0.95393,0.95419,2.25,1.50
2013.02.19 17:15:53.772,0.95393,0.95416,1.50,1.50
2013.02.19 17:15:54.948,0.95391,0.95416,2.40,1.50
2013.02.19 17:15:57.949,0.95389,0.95414,1.50,1.65
2013.02.19 17:15:58.009,0.95387,0.95414,1.50,1.65
2013.02.19 17:15:58.073,0.95384,0.9541,2.25,1.50
2013.02.19 17:15:58.308,0.95384,0.95408,2.25,1.50
2013.02.19 17:15:58.491,0.95382,0.95409,1.50,1.50
2013.02.19 17:15:58.608,0.95382,0.95409,1.50,1.50
2013.02.19 17:15:59.114,0.9538,0.95407,2.40,2.25
2013.02.19 17:15:59.548,0.9538,0.95404,2.40,1.50
2013.02.19 17:15:59.669,0.9538,0.95404,2.40,1.50
2013.02.19 17:15:59.849,0.95374,0.954,2.40,2.25
2013.02.19 17:16:00.547,0.95372,0.95398,1.13,2.25
2013.02.19 17:16:00.731,0.95367,0.95394,1.13,2.25
2013.02.19 17:16:01.000,0.95367,0.95393,1.13,1.50
2013.02.19 17:16:01.179,0.95365,0.9539,1.50,1.50
2013.02.19 17:16:01.579,0.95361,0.95389,2.40,1.50
2013.02.19 17:16:01.853,0.95361,0.95388,2.40,1.50
2013.02.19 17:16:03.564,0.95361,0.95391,2.40,2.40
2013.02.19 17:16:04.060,0.95361,0.95389,2.40,1.50
2013.02.19 17:16:05.960,0.95364,0.95388,1.50,1.50
2013.02.19 17:16:06.019,0.95362,0.95388,3.75,1.50
2013.02.19 17:16:06.079,0.95362,0.95388,1.50,1.50
2013.02.19 17:16:06.139,0.95356,0.95385,1.65,2.48
2013.02.19 17:16:06.318,0.95355,0.95379,2.40,1.50
2013.02.19 17:16:06.490,0.95357,0.95383,1.50,1.50
2013.02.19 17:16:08.760,0.95355,0.95385,3.15,2.25
2013.02.19 17:16:09.271,0.95358,0.95387,2.25,2.40
2013.02.19 17:16:09.753,0.95358,0.95387,2.25,2.40
2013.02.19 17:16:10.705,0.95359,0.95387,3.00,2.40
2013.02.19 17:16:13.119,0.95359,0.95384,1.50,1.50
2013.02.19 17:16:13.669,0.95361,0.95389,2.25,2.63
2013.02.19 17:16:13.859,0.95364,0.95391,2.40,2.25
2013.02.19 17:16:13.919,0.95364,0.95391,1.65,2.25
2013.02.19 17:16:14.270,0.95365,0.95394,2.25,1.65
2013.02.19 17:16:14.630,0.95369,0.95395,1.50,1.35
2013.02.19 17:16:14.716,0.95367,0.95394,1.50,2.40
2013.02.19 17:16:15.958,0.95367,0.95394,1.50,3.38
2013.02.19 17:16:17.089,0.95367,0.95393,2.25,1.65
2013.02.19 17:16:18.281,0.95362,0.95392,3.15,2.40
2013.02.19 17:16:20.020,0.95362,0.95392,3.15,2.40
2013.02.19 17:16:23.880,0.95364,0.95388,1.65,2.25
2013.02.19 17:16:24.870,0.95361,0.95388,1.88,2.25
2013.02.19 17:16:28.711,0.95361,0.95386,1.88,1.50
2013.02.19 17:16:29.249,0.95364,0.95385,1.50,1.50
2013.02.19 17:16:29.610,0.95363,0.95389,1.50,2.25
2013.02.19 17:16:29.668,0.95363,0.95388,1.50,1.50
2013.02.19 17:16:31.259,0.95365,0.95392,1.13,2.25
2013.02.19 17:16:31.379,0.95369,0.95394,1.50,2.25
2013.02.19 17:16:31.558,0.95371,0.95398,1.50,1.65
2013.02.19 17:16:32.559,0.95371,0.95398,1.50,1.65
2013.02.19 17:16:32.620,0.95371,0.95398,1.50,1.65
2013.02.19 17:16:32.738,0.95369,0.95393,2.25,1.65
2013.02.19 17:16:32.799,0.95365,0.95388,2.48,1.50
2013.02.19 17:16:33.519,0.95365,0.95388,1.50,1.50
2013.02.19 17:16:34.099,0.95362,0.95387,3.23,1.50
2013.02.19 17:16:34.359,0.95361,0.95386,1.88,1.50
2013.02.19 17:16:34.679,0.95365,0.95386,1.50,1.50
2013.02.19 17:16:34.739,0.95365,0.95388,2.25,1.50
2013.02.19 17:16:34.799,0.95366,0.95389,1.50,1.50
2013.02.19 17:16:35.298,0.95365,0.95389,2.25,1.65
2013.02.19 17:16:35.621,0.95357,0.95385,1.65,1.73
2013.02.19 17:16:36.369,0.95358,0.95386,1.13,3.23
2013.02.19 17:16:36.728,0.95356,0.9538,2.25,1.13
2013.02.19 17:16:36.909,0.95353,0.95377,2.25,1.13
2013.02.19 17:16:36.969,0.95353,0.95373,1.50,1.50
2013.02.19 17:16:37.088,0.95346,0.95373,3.15,1.50
2013.02.19 17:16:37.329,0.95342,0.95369,1.35,3.38
2013.02.19 17:16:37.858,0.95341,0.95369,1.65,2.40
2013.02.19 17:16:38.038,0.95341,0.95366,1.65,1.50
2013.02.19 17:16:38.158,0.95341,0.95369,1.65,3.15
2013.02.19 17:16:38.279,0.95345,0.95369,1.65,2.25
2013.02.19 17:16:39.650,0.95347,0.95372,3.00,1.50
2013.02.19 17:16:40.189,0.95347,0.95368,1.50,1.50
2013.02.19 17:16:40.369,0.95344,0.95368,2.40,1.50
2013.02.19 17:16:40.704,0.95344,0.95369,2.40,1.50
2013.02.19 17:16:42.039,0.95347,0.95373,3.00,1.50
2013.02.19 17:16:42.799,0.95344,0.9537,1.65,2.25
2013.02.19 17:16:43.478,0.95342,0.9537,3.38,2.25
2013.02.19 17:16:43.538,0.95342,0.95368,3.38,1.50
2013.02.19 17:16:43.598,0.95342,0.95368,3.00,1.65
2013.02.19 17:16:43.960,0.95342,0.95368,1.50,3.15
2013.02.19 17:16:44.021,0.95341,0.95368,1.50,2.40
2013.02.19 17:16:44.426,0.95342,0.95368,1.50,2.40
2013.02.19 17:16:44.491,0.95346,0.95373,2.25,1.50
2013.02.19 17:16:44.739,0.95349,0.95373,1.50,1.50
2013.02.19 17:16:44.798,0.95349,0.95373,1.50,1.50
2013.02.19 17:16:44.858,0.95349,0.95376,2.25,2.40
2013.02.19 17:16:44.991,0.95349,0.95376,3.00,2.40
2013.02.19 17:16:45.519,0.95347,0.95373,3.00,1.50
2013.02.19 17:16:45.609,0.95349,0.95373,1.50,1.50
2013.02.19 17:16:46.939,0.95347,0.95373,1.50,1.50
2013.02.19 17:16:48.283,0.95347,0.95373,1.50,1.73
2013.02.19 17:16:48.520,0.95347,0.95374,1.50,3.38
2013.02.19 17:16:49.419,0.95346,0.95371,1.50,1.50
2013.02.19 17:16:51.489,0.95347,0.95373,1.50,1.73
2013.02.19 17:16:53.849,0.95355,0.95379,1.50,1.65
2013.02.19 17:16:53.909,0.95355,0.95378,2.25,1.50
2013.02.19 17:16:53.979,0.95355,0.95378,1.50,1.50
2013.02.19 17:16:54.570,0.95355,0.95379,2.25,1.65
2013.02.19 17:16:55.111,0.95355,0.95382,2.25,1.35
2013.02.19 17:16:58.659,0.95352,0.95378,1.50,3.23
2013.02.19 17:16:58.900,0.95352,0.95378,1.50,3.00
2013.02.19 17:16:59.029,0.95352,0.95378,1.50,1.50
2013.02.19 17:17:04.599,0.95352,0.95379,3.00,1.65
2013.02.19 17:17:04.819,0.95355,0.9538,1.50,1.65
2013.02.19 17:17:05.130,0.95352,0.9538,2.25,1.65
2013.02.19 17:17:05.250,0.95352,0.95372,1.50,1.65
2013.02.19 17:17:05.309,0.9535,0.95372,1.50,1.65
2013.02.19 17:17:05.870,0.95353,0.95372,1.50,1.65
2013.02.19 17:17:05.929,0.95353,0.95373,1.50,1.65
2013.02.19 17:17:06.873,0.9535,0.95373,2.25,1.65
2013.02.19 17:17:09.403,0.9535,0.95373,2.25,1.65
2013.02.19 17:17:09.709,0.95347,0.95374,1.50,1.65
2013.02.19 17:17:10.449,0.95349,0.95374,1.50,1.65
2013.02.19 17:17:15.618,0.95349,0.95374,1.88,1.50
2013.02.19 17:17:15.922,0.95353,0.95378,1.50,1.88
2013.02.19 17:17:16.159,0.95355,0.95377,2.25,1.13
2013.02.19 17:17:16.399,0.95355,0.9538,2.25,1.13
2013.02.19 17:17:16.778,0.95356,0.95382,3.00,1.13
2013.02.19 17:17:16.900,0.95356,0.95386,3.15,2.40
2013.02.19 17:17:17.910,0.95356,0.95382,1.65,2.25
2013.02.19 17:17:18.707,0.95355,0.95382,1.65,2.25
2013.02.19 17:17:19.212,0.95357,0.95385,2.25,3.90
2013.02.19 17:17:19.730,0.95355,0.95379,1.65,2.25
2013.02.19 17:17:22.395,0.95353,0.95379,1.88,2.25
2013.02.19 17:17:23.599,0.95354,0.95379,1.65,2.25
2013.02.19 17:17:24.629,0.95356,0.95379,1.65,1.50
2013.02.19 17:17:27.138,0.95356,0.95384,2.40,3.23
2013.02.19 17:17:27.260,0.95356,0.95384,3.15,2.25
2013.02.19 17:17:27.580,0.95361,0.95381,1.50,1.50
2013.02.19 17:17:28.050,0.95361,0.95385,1.50,2.40
2013.02.19 17:17:28.764,0.95356,0.95385,3.15,2.40
2013.02.19 17:17:31.776,0.9536,0.95385,1.50,2.40
2013.02.19 17:17:35.759,0.95356,0.95382,1.65,1.50
2013.02.19 17:17:35.819,0.95356,0.95382,1.65,1.50
2013.02.19 17:17:40.299,0.95356,0.95378,1.65,1.50
2013.02.19 17:17:40.359,0.95351,0.95378,2.40,2.25
2013.02.19 17:17:40.479,0.95349,0.95374,1.13,1.50
2013.02.19 17:17:40.552,0.95349,0.95374,1.13,1.50
2013.02.19 17:17:40.789,0.95349,0.95376,1.13,1.50
2013.02.19 17:17:43.608,0.95349,0.95376,1.13,2.25
2013.02.19 17:17:43.668,0.95349,0.95376,1.13,3.00
2013.02.19 17:17:47.139,0.95349,0.95376,1.13,2.48
2013.02.19 17:17:47.321,0.95349,0.95376,1.13,1.50
2013.02.19 17:17:49.189,0.9535,0.95379,2.40,1.65
2013.02.19 17:17:49.253,0.95349,0.95376,2.63,1.50
2013.02.19 17:17:51.989,0.95352,0.95373,1.65,1.50
2013.02.19 17:17:53.348,0.95351,0.95378,1.65,1.50
2013.02.19 17:17:53.751,0.95356,0.95378,1.50,1.50
2013.02.19 17:17:55.753,0.95357,0.95379,1.50,1.50
2013.02.19 17:17:55.833,0.95357,0.95382,1.50,2.25
2013.02.19 17:17:55.972,0.95357,0.95379,1.50,1.50
2013.02.19 17:17:57.410,0.95352,0.95379,1.65,2.25
2013.02.19 17:18:00.629,0.95352,0.95379,1.65,1.50
2013.02.19 17:18:00.820,0.95352,0.95379,1.65,2.25
2013.02.19 17:18:01.450,0.95356,0.95379,1.50,1.50
2013.02.19 17:18:03.100,0.95352,0.95379,1.65,2.25
2013.02.19 17:18:03.709,0.95352,0.95379,1.65,2.25
2013.02.19 17:18:07.007,0.95356,0.95379,1.50,1.50
2013.02.19 17:18:12.598,0.95356,0.95379,1.50,1.50
2013.02.19 17:18:13.650,0.95352,0.95379,1.65,2.25
2013.02.19 17:18:14.416,0.95357,0.95379,1.50,1.50
2013.02.19 17:18:15.789,0.95352,0.95379,1.65,2.25
2013.02.19 17:18:16.099,0.95352,0.95378,1.50,2.40
2013.02.19 17:18:16.218,0.95352,0.95378,1.50,2.40
2013.02.19 17:18:16.338,0.95352,0.95378,1.50,2.40
2013.02.19 17:18:17.327,0.95348,0.95378,2.40,3.15
2013.02.19 17:18:19.317,0.95348,0.95378,2.40,3.15
2013.02.19 17:18:19.388,0.95346,0.95374,1.13,2.25
2013.02.19 17:18:21.259,0.95349,0.95376,2.40,2.25
2013.02.19 17:18:27.190,0.95351,0.95378,2.25,1.65
2013.02.19 17:18:27.439,0.95349,0.95376,1.65,1.50
2013.02.19 17:18:27.789,0.95347,0.95375,2.40,2.25
2013.02.19 17:18:28.408,0.95347,0.95374,2.40,1.50
2013.02.19 17:18:31.140,0.95347,0.95374,2.63,1.50
2013.02.19 17:18:32.331,0.95347,0.95373,2.63,1.50
2013.02.19 17:18:34.020,0.95348,0.95375,1.13,2.25
2013.02.19 17:18:36.309,0.95348,0.95375,1.13,2.25
2013.02.19 17:18:38.901,0.95352,0.95379,1.50,1.50
2013.02.19 17:18:39.079,0.95352,0.95379,1.50,1.50
2013.02.19 17:18:39.199,0.95352,0.95378,2.25,1.50
2013.02.19 17:18:40.161,0.95352,0.95378,2.85,1.50
2013.02.19 17:18:40.219,0.95352,0.95378,2.25,1.50
2013.02.19 17:18:40.401,0.9535,0.95378,2.40,3.00
2013.02.19 17:18:44.840,0.95348,0.95376,1.13,2.25
2013.02.19 17:18:45.369,0.95349,0.95374,1.65,1.50
2013.02.19 17:18:46.274,0.95349,0.95378,2.40,2.25
2013.02.19 17:18:46.460,0.95352,0.95379,2.40,1.50
2013.02.19 17:18:47.421,0.95351,0.95381,3.15,2.25
2013.02.19 17:18:52.059,0.95349,0.95378,2.48,2.25
2013.02.19 17:18:52.179,0.95349,0.95378,2.48,2.25
2013.02.19 17:18:53.265,0.95358,0.9538,1.50,1.50
2013.02.19 17:19:03.838,0.95361,0.95382,1.50,1.65
2013.02.19 17:19:04.828,0.95361,0.9538,1.50,1.50
2013.02.19 17:19:07.460,0.95361,0.9538,1.50,1.50
2013.02.19 17:19:07.579,0.95361,0.95385,1.50,1.13
2013.02.19 17:19:07.668,0.95361,0.95385,1.50,1.13
2013.02.19 17:19:07.732,0.95361,0.95386,1.50,2.48
2013.02.19 17:19:13.522,0.95361,0.95386,1.50,2.48
2013.02.19 17:19:18.224,0.95361,0.95386,1.50,2.48
2013.02.19 17:19:20.220,0.95367,0.95386,1.50,1.73
2013.02.19 17:19:28.239,0.95367,0.95392,1.50,2.25
2013.02.19 17:19:28.359,0.95367,0.9539,1.50,2.25
2013.02.19 17:19:28.479,0.95367,0.95389,1.50,1.13
2013.02.19 17:19:28.599,0.95367,0.9539,1.50,2.63
2013.02.19 17:19:28.670,0.95367,0.9539,1.50,2.63
2013.02.19 17:19:29.062,0.95361,0.9539,1.65,2.63
2013.02.19 17:19:30.369,0.95363,0.95386,1.50,2.25
2013.02.19 17:19:30.721,0.95367,0.95392,1.50,1.73
2013.02.19 17:19:30.795,0.95372,0.95395,1.50,1.65
2013.02.19 17:19:31.209,0.95372,0.95395,1.50,1.65
2013.02.19 17:19:31.909,0.95367,0.95395,1.50,2.40
2013.02.19 17:19:32.415,0.95367,0.95393,1.50,1.13
2013.02.19 17:19:34.329,0.95372,0.95395,1.50,1.65
2013.02.19 17:19:34.449,0.95367,0.95393,1.50,2.40
2013.02.19 17:19:34.990,0.95366,0.9539,1.50,1.13
2013.02.19 17:19:35.109,0.95366,0.9539,1.50,1.13
2013.02.19 17:19:37.519,0.95366,0.9539,1.50,2.63
2013.02.19 17:19:37.578,0.95366,0.95389,1.50,1.13
2013.02.19 17:19:38.369,0.9537,0.9539,1.50,1.88
2013.02.19 17:19:38.619,0.95372,0.95393,1.50,1.35
2013.02.19 17:19:38.738,0.95371,0.95394,1.50,2.10
2013.02.19 17:19:38.858,0.95371,0.95394,1.50,1.65
2013.02.19 17:19:42.216,0.95372,0.95398,2.33,1.88
2013.02.19 17:19:42.540,0.95371,0.95398,1.50,1.88
2013.02.19 17:19:43.761,0.95379,0.95398,1.50,1.88
2013.02.19 17:19:43.820,0.95379,0.95402,1.50,1.73
2013.02.19 17:19:43.879,0.95385,0.95402,1.50,1.50
2013.02.19 17:19:43.999,0.95387,0.95402,1.50,1.50
2013.02.19 17:19:44.058,0.95382,0.95405,1.50,1.65
2013.02.19 17:19:44.119,0.95382,0.95405,1.50,1.65
2013.02.19 17:19:44.469,0.95382,0.95405,1.50,1.88
2013.02.19 17:19:53.203,0.95377,0.95403,1.50,1.88
2013.02.19 17:19:57.769,0.95377,0.95403,1.50,1.50
2013.02.19 17:19:57.949,0.95381,0.95406,1.50,1.65
2013.02.19 17:19:58.659,0.95381,0.95408,1.50,2.10
2013.02.19 17:19:59.093,0.95383,0.95407,2.18,2.10
2013.02.19 17:19:59.167,0.95381,0.95404,1.50,1.88
2013.02.19 17:20:00.930,0.95382,0.95404,1.50,1.88
2013.02.19 17:20:12.470,0.95377,0.95404,2.25,2.63
2013.02.19 17:20:12.589,0.95377,0.95404,2.25,2.85
2013.02.19 17:20:14.149,0.95377,0.95404,2.25,2.85
2013.02.19 17:20:15.270,0.95383,0.95404,1.50,2.10
2013.02.19 17:20:15.389,0.95381,0.95404,1.50,2.10
2013.02.19 17:20:15.509,0.95381,0.95407,1.50,1.65
2013.02.19 17:20:16.425,0.9538,0.95407,2.25,1.65
2013.02.19 17:20:18.959,0.95377,0.95405,2.33,1.65
2013.02.19 17:20:19.079,0.95377,0.95405,2.33,2.10
2013.02.19 17:20:19.199,0.95377,0.95405,1.50,2.10
2013.02.19 17:20:20.260,0.95377,0.95405,1.50,2.10
2013.02.19 17:20:24.679,0.95376,0.95404,1.50,2.10
2013.02.19 17:20:26.139,0.95376,0.95403,1.50,1.20
2013.02.19 17:20:27.640,0.95376,0.95403,1.50,1.20
2013.02.19 17:20:28.189,0.95376,0.95403,1.50,1.95
2013.02.19 17:20:32.531,0.95381,0.95403,1.50,1.95
2013.02.19 17:20:32.649,0.95377,0.95401,1.50,1.13
2013.02.19 17:20:33.999,0.95375,0.954,2.25,1.35
2013.02.19 17:20:36.930,0.95381,0.95403,1.50,1.95
2013.02.19 17:20:37.480,0.95376,0.954,1.50,1.35
2013.02.19 17:20:37.989,0.95376,0.954,1.50,1.35
2013.02.19 17:20:38.619,0.95376,0.954,1.50,1.35
2013.02.19 17:20:39.146,0.95376,0.954,1.50,1.35
2013.02.19 17:20:39.609,0.95381,0.95405,3.38,1.58
2013.02.19 17:20:39.970,0.95393,0.95414,1.50,1.50
2013.02.19 17:20:40.209,0.95392,0.95416,2.25,1.13
2013.02.19 17:20:40.269,0.95391,0.95412,1.50,1.50
2013.02.19 17:20:40.720,0.95391,0.95412,2.03,2.25
2013.02.19 17:20:41.055,0.95387,0.95412,2.63,2.25
2013.02.19 17:20:41.119,0.95387,0.95412,1.88,2.25
2013.02.19 17:20:41.179,0.95387,0.95412,1.88,2.25
2013.02.19 17:20:41.755,0.95387,0.9541,1.88,1.50
2013.02.19 17:20:42.039,0.95389,0.95413,1.65,1.50
2013.02.19 17:20:43.361,0.95389,0.95415,2.40,1.65
2013.02.19 17:20:43.923,0.9539,0.95415,1.65,1.65
2013.02.19 17:20:44.360,0.9539,0.95416,1.65,1.13
2013.02.19 17:20:44.601,0.95396,0.9542,2.25,1.88
2013.02.19 17:20:45.620,0.95396,0.95422,3.00,1.50
2013.02.19 17:20:47.773,0.95396,0.9542,1.50,1.50
2013.02.19 17:20:49.529,0.95394,0.9542,1.65,1.50
2013.02.19 17:20:54.350,0.95393,0.9542,3.15,1.50
2013.02.19 17:20:54.649,0.95393,0.95418,1.50,1.88
2013.02.19 17:20:54.949,0.95387,0.95414,1.88,2.40
2013.02.19 17:20:55.009,0.95387,0.95413,1.50,1.35
2013.02.19 17:20:55.068,0.95386,0.95412,1.50,1.13
2013.02.19 17:20:55.132,0.95386,0.95412,1.50,1.13
2013.02.19 17:20:55.410,0.95386,0.95412,1.50,1.13
2013.02.19 17:20:56.191,0.95386,0.95411,1.50,1.13
2013.02.19 17:20:57.079,0.95384,0.9541,3.15,1.13
2013.02.19 17:20:58.658,0.95384,0.9541,2.40,1.13
2013.02.19 17:20:59.989,0.95384,0.9541,2.40,1.13
2013.02.19 17:21:00.886,0.95388,0.95413,2.25,1.35
2013.02.19 17:21:01.781,0.95388,0.95413,2.25,1.35
2013.02.19 17:21:02.402,0.9539,0.95418,1.88,1.65
2013.02.19 17:21:02.608,0.9539,0.95418,1.88,1.65
2013.02.19 17:21:07.779,0.9539,0.95418,1.88,1.88
2013.02.19 17:21:08.200,0.9539,0.95418,1.13,1.88
2013.02.19 17:21:09.732,0.9539,0.95418,1.88,1.88
2013.02.19 17:21:14.619,0.9539,0.95418,1.13,1.88
2013.02.19 17:21:14.679,0.9539,0.95418,1.13,1.88
2013.02.19 17:21:16.499,0.95387,0.95409,1.88,1.50
2013.02.19 17:21:16.619,0.95387,0.95409,1.50,1.65
2013.02.19 17:21:17.342,0.95383,0.95409,2.40,1.65
2013.02.19 17:21:17.729,0.95383,0.9541,2.40,1.35
2013.02.19 17:21:21.740,0.95383,0.95409,1.65,1.65
2013.02.19 17:21:21.960,0.95383,0.95409,2.40,1.88
2013.02.19 17:21:22.460,0.95383,0.95408,1.65,1.65
2013.02.19 17:21:24.710,0.95383,0.95408,2.40,1.65
2013.02.19 17:21:29.550,0.95383,0.9541,2.40,1.13
2013.02.19 17:21:30.430,0.9539,0.9541,2.25,1.13
2013.02.19 17:21:32.150,0.9539,0.95413,2.25,1.13
2013.02.19 17:21:33.233,0.9539,0.95413,2.25,1.13
2013.02.19 17:21:34.159,0.95388,0.95413,2.25,1.35
2013.02.19 17:21:34.499,0.95386,0.95409,1.65,1.50
2013.02.19 17:21:35.032,0.95386,0.95409,1.65,1.73
2013.02.19 17:21:38.333,0.95383,0.95409,1.88,1.73
2013.02.19 17:21:47.739,0.95383,0.9541,3.38,2.63
2013.02.19 17:21:48.039,0.95385,0.95411,2.25,1.73
2013.02.19 17:21:53.889,0.95383,0.95409,2.40,1.65
2013.02.19 17:21:54.009,0.95383,0.95408,1.65,1.65
2013.02.19 17:21:54.509,0.95381,0.95408,2.40,1.88
2013.02.19 17:21:55.160,0.95381,0.95408,3.15,1.65
2013.02.19 17:21:55.724,0.95381,0.95408,2.40,3.15
2013.02.19 17:21:56.260,0.9538,0.95405,1.13,2.25
2013.02.19 17:21:56.628,0.9538,0.95405,1.13,2.25
2013.02.19 17:21:56.689,0.9538,0.95403,1.13,1.50
2013.02.19 17:21:57.169,0.95384,0.95408,1.50,1.65
2013.02.19 17:21:57.841,0.95381,0.95409,1.65,3.15
2013.02.19 17:21:58.782,0.95383,0.95408,1.13,1.13
2013.02.19 17:22:02.690,0.95384,0.95408,1.65,1.88
2013.02.19 17:22:03.379,0.95384,0.95408,1.65,1.13
2013.02.19 17:22:04.023,0.95384,0.95409,1.65,1.13
2013.02.19 17:22:06.600,0.95383,0.95409,1.13,3.38
2013.02.19 17:22:07.209,0.95383,0.95407,1.13,1.65
2013.02.19 17:22:08.190,0.95383,0.95406,1.13,1.58
2013.02.19 17:22:09.071,0.95382,0.95404,1.13,1.50
2013.02.19 17:22:09.394,0.95383,0.95406,1.13,1.58
2013.02.19 17:22:09.621,0.95381,0.95404,1.13,1.50
2013.02.19 17:22:17.998,0.95383,0.95406,1.13,2.33
2013.02.19 17:22:18.430,0.95383,0.95408,1.13,2.25
2013.02.19 17:22:18.530,0.95381,0.95408,1.88,2.25
2013.02.19 17:22:20.833,0.95381,0.95407,1.88,1.13
2013.02.19 17:22:22.043,0.95383,0.95408,1.65,2.48
2013.02.19 17:22:29.606,0.95383,0.95407,1.50,1.88
2013.02.19 17:22:30.399,0.95382,0.95406,1.13,1.13
2013.02.19 17:22:30.586,0.95382,0.95406,1.13,1.88
2013.02.19 17:22:31.680,0.95382,0.95406,1.13,1.13
2013.02.19 17:22:32.060,0.95381,0.95406,1.88,2.10
2013.02.19 17:22:34.805,0.95381,0.95406,1.65,2.10
2013.02.19 17:22:35.819,0.95381,0.95404,1.50,1.13
2013.02.19 17:22:36.130,0.95376,0.95398,1.50,2.48
2013.02.19 17:22:36.310,0.95376,0.95395,1.50,1.88
2013.02.19 17:22:36.419,0.95376,0.95395,1.50,1.88
2013.02.19 17:22:37.700,0.95372,0.95393,1.50,1.13
2013.02.19 17:22:37.879,0.95368,0.95393,1.13,1.35
2013.02.19 17:22:39.279,0.95367,0.95393,1.88,2.85
2013.02.19 17:22:41.960,0.95367,0.95391,1.65,1.13
2013.02.19 17:22:42.719,0.95367,0.95392,1.65,1.13
2013.02.19 17:22:43.080,0.95382,0.95403,2.25,1.13
2013.02.19 17:22:43.751,0.95382,0.95407,3.00,2.10
2013.02.19 17:22:44.260,0.95382,0.95409,2.25,2.10
2013.02.19 17:22:46.029,0.95382,0.95404,2.25,1.13
2013.02.19 17:22:46.459,0.95378,0.954,2.25,1.13
2013.02.19 17:22:46.520,0.95377,0.95398,1.50,1.13
2013.02.19 17:22:46.699,0.95377,0.95398,1.50,1.13
2013.02.19 17:22:56.802,0.95371,0.95396,1.50,2.40
2013.02.19 17:22:58.699,0.95367,0.95396,1.88,2.40
2013.02.19 17:22:58.819,0.95367,0.95392,1.50,1.13
2013.02.19 17:22:58.938,0.95371,0.95394,1.50,1.73
2013.02.19 17:22:59.473,0.95371,0.95394,1.50,1.13
2013.02.19 17:23:01.918,0.95367,0.95392,2.10,1.13
2013.02.19 17:23:03.969,0.95372,0.95393,1.50,1.13
2013.02.19 17:23:04.830,0.95373,0.95397,1.50,2.70
2013.02.19 17:23:05.109,0.95372,0.95393,1.50,1.13
2013.02.19 17:23:08.131,0.95373,0.95397,1.50,1.20
2013.02.19 17:23:08.570,0.95371,0.95394,3.00,1.13
2013.02.19 17:23:13.220,0.95371,0.95394,1.50,1.13
2013.02.19 17:23:13.870,0.95371,0.95395,1.50,1.13
2013.02.19 17:23:15.119,0.95371,0.95397,1.50,1.88
2013.02.19 17:23:15.758,0.95369,0.95394,1.50,1.65
2013.02.19 17:23:16.644,0.95369,0.95394,1.50,2.25
2013.02.19 17:23:17.309,0.95366,0.95394,2.63,2.25
2013.02.19 17:23:17.849,0.95369,0.95397,2.40,2.63
2013.02.19 17:23:18.214,0.95367,0.95395,2.40,2.40
2013.02.19 17:23:18.281,0.95367,0.95395,1.65,2.40
2013.02.19 17:23:18.520,0.95369,0.95397,2.40,1.13
2013.02.19 17:23:18.721,0.95369,0.95397,1.65,1.13
2013.02.19 17:23:18.840,0.95369,0.95397,2.40,1.13
2013.02.19 17:23:19.121,0.95371,0.95397,2.25,1.13
2013.02.19 17:23:19.299,0.95371,0.95397,2.25,1.13
2013.02.19 17:23:19.710,0.95371,0.95397,2.25,1.13
2013.02.19 17:23:20.309,0.95371,0.95397,2.25,1.13
2013.02.19 17:23:21.040,0.95369,0.95397,2.40,1.13
2013.02.19 17:23:21.350,0.95375,0.95397,2.25,1.13
2013.02.19 17:23:23.780,0.95375,0.95397,2.25,1.13
2013.02.19 17:23:24.580,0.95375,0.95403,2.40,2.63
2013.02.19 17:23:24.699,0.95375,0.95403,2.40,2.63
2013.02.19 17:23:26.051,0.95375,0.95403,2.40,2.63
2013.02.19 17:23:26.401,0.95376,0.95403,1.13,2.25
2013.02.19 17:23:26.579,0.95379,0.95403,2.63,1.50
2013.02.19 17:23:32.739,0.95379,0.95402,1.88,1.50
2013.02.19 17:23:32.799,0.95379,0.95402,1.50,1.65
2013.02.19 17:23:32.980,0.95376,0.95399,2.40,1.50
2013.02.19 17:23:33.249,0.95373,0.95399,2.63,1.50
2013.02.19 17:23:33.771,0.95369,0.95396,1.65,1.65
2013.02.19 17:23:34.070,0.95377,0.95403,1.13,3.15
2013.02.19 17:23:34.619,0.95377,0.95399,1.13,2.25
2013.02.19 17:23:34.685,0.95377,0.95399,1.13,2.25
2013.02.19 17:23:37.149,0.95372,0.95398,2.25,1.13
2013.02.19 17:23:38.090,0.95372,0.95398,2.25,1.35
2013.02.19 17:23:38.594,0.95376,0.95399,1.13,1.50
2013.02.19 17:23:38.709,0.95376,0.95402,1.13,1.13
2013.02.19 17:23:39.631,0.95378,0.95403,1.65,1.65
2013.02.19 17:23:39.689,0.95378,0.95404,2.40,1.13
2013.02.19 17:23:40.282,0.95376,0.95403,2.63,2.40
2013.02.19 17:23:43.542,0.95376,0.95403,2.63,2.40
2013.02.19 17:23:43.650,0.95376,0.95403,2.63,2.40
2013.02.19 17:23:47.111,0.95376,0.95403,2.63,3.15
2013.02.19 17:23:48.046,0.95376,0.95403,2.63,2.40
2013.02.19 17:23:48.550,0.95376,0.95403,2.63,2.40
2013.02.19 17:23:50.362,0.95376,0.95403,2.63,2.40
2013.02.19 17:23:50.690,0.95378,0.95403,2.40,1.65
2013.02.19 17:23:51.297,0.95376,0.95404,1.13,1.88
2013.02.19 17:23:51.407,0.95376,0.95404,1.13,1.13
2013.02.19 17:23:52.177,0.95376,0.95404,1.13,1.13
2013.02.19 17:23:53.941,0.9538,0.95405,1.13,2.25
2013.02.19 17:23:54.509,0.95383,0.95405,1.28,2.25
2013.02.19 17:23:54.630,0.95385,0.95408,2.25,1.50
2013.02.19 17:23:54.930,0.95384,0.95411,1.35,2.40
2013.02.19 17:23:55.049,0.95381,0.95411,2.40,2.40
2013.02.19 17:23:55.531,0.95381,0.95411,2.40,2.40
2013.02.19 17:23:55.991,0.95381,0.95411,2.40,2.40
2013.02.19 17:23:56.532,0.95381,0.95409,2.40,1.50
2013.02.19 17:23:57.363,0.9538,0.95408,1.13,2.25
2013.02.19 17:24:01.280,0.95386,0.95412,2.25,1.13
2013.02.19 17:24:01.932,0.95389,0.95412,2.25,1.13
2013.02.19 17:24:02.239,0.95386,0.95412,2.25,1.13
2013.02.19 17:24:02.365,0.95387,0.95412,2.25,1.13
2013.02.19 17:24:03.260,0.95385,0.9541,2.25,2.63
2013.02.19 17:24:03.379,0.9538,0.9541,2.63,3.00
2013.02.19 17:24:03.500,0.95383,0.95409,2.40,1.50
2013.02.19 17:24:03.919,0.95385,0.95409,2.25,1.50
2013.02.19 17:24:03.979,0.95385,0.9541,2.25,1.13
2013.02.19 17:24:04.340,0.95385,0.9541,2.25,1.13
2013.02.19 17:24:04.511,0.95385,0.9541,2.25,1.13
2013.02.19 17:24:05.209,0.95385,0.9541,2.25,1.13
2013.02.19 17:24:05.933,0.95385,0.9541,2.25,1.13
2013.02.19 17:24:07.359,0.95385,0.9541,2.25,1.13
2013.02.19 17:24:15.399,0.95385,0.9541,2.40,1.13
2013.02.19 17:24:15.459,0.95385,0.95412,2.40,1.13
2013.02.19 17:24:17.442,0.95385,0.95407,2.25,1.13
2013.02.19 17:24:17.559,0.95382,0.95407,2.25,1.13
2013.02.19 17:24:17.620,0.95379,0.95406,1.28,2.40
2013.02.19 17:24:17.980,0.95371,0.95397,2.63,1.13
2013.02.19 17:24:18.040,0.95371,0.95397,2.63,1.13
2013.02.19 17:24:18.099,0.95371,0.95398,2.63,1.13
2013.02.19 17:24:18.499,0.95371,0.95398,2.63,2.10
2013.02.19 17:24:19.063,0.95375,0.95398,2.25,1.13
2013.02.19 17:24:19.852,0.95376,0.95398,1.35,1.13
2013.02.19 17:24:20.091,0.95381,0.95407,2.40,2.70
2013.02.19 17:24:20.593,0.95387,0.95413,2.25,1.73
2013.02.19 17:24:21.159,0.95387,0.95413,2.25,1.50
2013.02.19 17:24:21.759,0.95388,0.95414,2.25,2.25
2013.02.19 17:24:26.190,0.9539,0.95414,1.50,1.50
2013.02.19 17:24:26.840,0.9539,0.95416,2.25,2.03
2013.02.19 17:24:26.899,0.9539,0.95417,2.25,1.13
2013.02.19 17:24:27.089,0.9539,0.95416,2.25,1.95
2013.02.19 17:24:29.001,0.9539,0.95416,2.25,1.95
2013.02.19 17:24:29.271,0.9539,0.95416,2.25,1.13
2013.02.19 17:24:29.449,0.9539,0.95416,2.25,1.13
2013.02.19 17:24:32.249,0.95391,0.95418,2.25,2.63
2013.02.19 17:24:32.309,0.95393,0.95418,1.50,1.13
2013.02.19 17:24:32.373,0.95393,0.95418,1.50,1.13
2013.02.19 17:24:32.489,0.95389,0.95416,2.25,1.13
2013.02.19 17:24:34.447,0.95389,0.95416,2.25,1.13
2013.02.19 17:24:36.830,0.95389,0.95415,2.40,1.13
2013.02.19 17:24:37.611,0.95392,0.95415,1.50,1.13
2013.02.19 17:24:39.450,0.95392,0.95415,2.25,1.13
2013.02.19 17:24:41.160,0.9539,0.95415,2.40,1.13
2013.02.19 17:24:46.160,0.9539,0.95415,2.40,1.13
2013.02.19 17:24:46.221,0.9539,0.95415,2.40,1.13
2013.02.19 17:24:52.489,0.9539,0.95416,2.25,1.13
2013.02.19 17:24:58.811,0.9539,0.95416,2.25,1.13
2013.02.19 17:25:03.321,0.9539,0.95414,2.25,1.65
2013.02.19 17:25:07.129,0.95391,0.95418,1.50,2.63
2013.02.19 17:25:07.823,0.9539,0.95418,2.40,2.63
2013.02.19 17:25:08.373,0.9539,0.95418,2.40,3.38
2013.02.19 17:25:11.071,0.9539,0.95418,2.40,3.38
2013.02.19 17:25:11.379,0.9539,0.95414,1.50,1.88
2013.02.19 17:25:11.781,0.95387,0.95412,2.63,1.13
2013.02.19 17:25:12.284,0.95387,0.95412,2.63,1.13
2013.02.19 17:25:12.489,0.95387,0.95412,2.63,1.13
2013.02.19 17:25:15.010,0.95385,0.95412,1.13,2.63
2013.02.19 17:25:20.079,0.95385,0.95412,1.13,2.63
2013.02.19 17:25:22.125,0.95385,0.95412,1.13,2.63
2013.02.19 17:25:22.241,0.95385,0.95412,1.13,2.63
2013.02.19 17:25:26.970,0.95388,0.95414,2.40,1.13
2013.02.19 17:25:27.240,0.95389,0.95413,1.13,1.65
2013.02.19 17:25:27.512,0.95391,0.95413,2.25,1.65
2013.02.19 17:25:28.289,0.95388,0.95413,2.40,1.65
2013.02.19 17:25:38.309,0.95388,0.95413,2.40,1.65
2013.02.19 17:25:38.830,0.95388,0.95413,2.40,1.65
2013.02.19 17:25:40.189,0.95388,0.95413,2.40,1.65
2013.02.19 17:25:40.819,0.95391,0.95413,2.25,1.65
2013.02.19 17:25:41.281,0.95394,0.95413,1.50,1.65
2013.02.19 17:25:41.930,0.95394,0.95414,2.25,1.13
2013.02.19 17:25:42.475,0.95392,0.95413,2.25,1.50
2013.02.19 17:25:43.230,0.95392,0.95413,2.25,1.50
2013.02.19 17:25:45.720,0.95392,0.95417,2.25,1.13
2013.02.19 17:25:53.036,0.95392,0.95413,2.25,1.50
2013.02.19 17:25:53.960,0.95392,0.95417,2.25,1.13
2013.02.19 17:25:59.792,0.95397,0.95421,2.25,1.13
2013.02.19 17:26:01.118,0.95397,0.95421,2.25,1.13
2013.02.19 17:26:01.241,0.95397,0.95424,2.63,1.65
2013.02.19 17:26:02.450,0.95397,0.9542,2.25,1.13
2013.02.19 17:26:07.579,0.95396,0.9542,2.25,1.13
2013.02.19 17:26:07.884,0.95398,0.9542,2.25,1.13
2013.02.19 17:26:08.010,0.95398,0.9542,2.25,1.13
2013.02.19 17:26:08.149,0.95398,0.9542,2.25,1.13
2013.02.19 17:26:08.840,0.95395,0.9542,1.50,1.13
2013.02.19 17:26:13.601,0.954,0.95424,1.13,3.38
2013.02.19 17:26:13.660,0.954,0.95424,1.13,2.63
2013.02.19 17:26:13.780,0.954,0.95424,1.73,1.13
2013.02.19 17:26:14.347,0.95402,0.95424,2.40,1.13
2013.02.19 17:26:14.453,0.95402,0.95424,1.65,1.13
2013.02.19 17:26:18.409,0.954,0.95424,2.63,1.13
2013.02.19 17:26:18.470,0.954,0.95424,2.63,1.13
2013.02.19 17:26:19.899,0.95398,0.95422,1.50,1.13
2013.02.19 17:26:20.139,0.95397,0.9542,1.13,2.40
2013.02.19 17:26:21.884,0.95397,0.95421,1.13,1.13
2013.02.19 17:26:26.839,0.95402,0.95421,1.50,1.13
2013.02.19 17:26:28.250,0.95402,0.95424,1.88,1.65
2013.02.19 17:26:28.369,0.95402,0.95424,1.88,1.65
2013.02.19 17:26:30.625,0.95403,0.95426,1.13,1.13
2013.02.19 17:26:30.991,0.95402,0.95427,1.88,1.13
2013.02.19 17:26:31.389,0.95403,0.95428,2.40,1.13
2013.02.19 17:26:31.910,0.95403,0.95427,2.40,1.13
2013.02.19 17:26:31.971,0.95402,0.95424,1.13,1.50
2013.02.19 17:26:33.083,0.95402,0.95423,1.13,1.50
2013.02.19 17:26:33.710,0.95401,0.95422,2.25,1.13
2013.02.19 17:26:48.060,0.95395,0.95419,2.25,1.13
2013.02.19 17:26:48.600,0.95393,0.95416,2.40,1.13
2013.02.19 17:26:53.381,0.95396,0.95419,1.13,1.50
2013.02.19 17:26:53.440,0.95396,0.95419,1.13,1.50
2013.02.19 17:26:53.980,0.95397,0.95423,1.13,1.65
2013.02.19 17:26:54.160,0.95398,0.95423,1.13,1.65
2013.02.19 17:26:54.370,0.95398,0.95423,2.63,1.65
2013.02.19 17:26:54.981,0.95398,0.95424,2.63,1.13
2013.02.19 17:26:56.850,0.95397,0.95424,1.88,3.38
2013.02.19 17:26:58.831,0.95398,0.95424,1.13,3.38
2013.02.19 17:26:59.531,0.95398,0.95424,1.13,2.63
2013.02.19 17:27:03.679,0.95396,0.95424,2.63,1.88
2013.02.19 17:27:09.910,0.95396,0.95424,2.63,1.65
2013.02.19 17:27:11.349,0.95401,0.95424,1.13,1.65
2013.02.19 17:27:18.170,0.95399,0.95422,1.50,1.88
2013.02.19 17:27:18.350,0.95394,0.95419,2.63,1.50
2013.02.19 17:27:18.630,0.95394,0.95418,1.88,1.50
2013.02.19 17:27:19.145,0.9539,0.95412,2.40,1.13
2013.02.19 17:27:20.550,0.95392,0.95413,2.63,1.50
2013.02.19 17:27:20.609,0.95392,0.95415,2.63,1.65
2013.02.19 17:27:22.405,0.95392,0.95413,2.63,1.50
2013.02.19 17:27:23.011,0.95392,0.95414,2.63,1.50
2013.02.19 17:27:25.112,0.95389,0.95414,2.48,1.50
2013.02.19 17:27:25.544,0.95381,0.95404,1.13,1.50
2013.02.19 17:27:27.810,0.95381,0.95404,1.13,1.50
2013.02.19 17:27:28.989,0.95382,0.95404,1.88,1.50
2013.02.19 17:27:29.339,0.95382,0.95404,1.88,1.50
2013.02.19 17:27:29.469,0.95382,0.95404,1.88,1.50
2013.02.19 17:27:29.669,0.95382,0.95404,1.88,1.50
2013.02.19 17:27:29.789,0.95382,0.95404,1.88,1.50
2013.02.19 17:27:30.390,0.95382,0.95404,1.88,1.50
2013.02.19 17:27:30.511,0.95382,0.95404,1.88,1.50
2013.02.19 17:27:30.731,0.95382,0.95404,1.88,1.50
2013.02.19 17:27:30.911,0.95382,0.95403,1.88,1.50
2013.02.19 17:27:31.741,0.95381,0.95404,1.13,1.50
2013.02.19 17:27:31.864,0.95381,0.95404,1.13,1.50
2013.02.19 17:27:32.826,0.95381,0.95404,2.63,1.50
2013.02.19 17:27:35.900,0.95379,0.95403,1.50,1.65
2013.02.19 17:27:36.140,0.95377,0.95403,2.40,1.65
2013.02.19 17:27:36.820,0.95377,0.95403,2.40,1.65
2013.02.19 17:27:36.899,0.95377,0.95403,2.40,1.65
2013.02.19 17:27:37.222,0.95377,0.95403,2.40,1.65
2013.02.19 17:27:38.285,0.95377,0.95403,2.40,1.65
2013.02.19 17:27:38.414,0.95377,0.95403,2.40,1.65
2013.02.19 17:27:38.830,0.95379,0.95404,1.50,1.88
2013.02.19 17:27:39.455,0.95377,0.95404,1.65,1.88
2013.02.19 17:27:40.931,0.95377,0.95403,2.40,1.65
2013.02.19 17:27:40.990,0.95377,0.95403,2.40,1.65
2013.02.19 17:27:41.698,0.95377,0.95404,2.40,1.13
2013.02.19 17:27:42.000,0.95383,0.9541,2.25,2.63
2013.02.19 17:27:42.311,0.95383,0.95408,2.25,1.65
2013.02.19 17:27:42.920,0.9538,0.95407,2.63,2.25
2013.02.19 17:27:43.599,0.9538,0.95407,2.63,2.25
2013.02.19 17:27:43.890,0.9538,0.95407,2.63,2.25
2013.02.19 17:27:43.950,0.9538,0.95401,1.50,1.13
2013.02.19 17:27:45.039,0.9538,0.95401,2.25,1.13
2013.02.19 17:27:45.901,0.95381,0.95407,1.13,2.40
2013.02.19 17:27:46.350,0.95382,0.95403,1.13,1.50
2013.02.19 17:27:46.590,0.95382,0.95403,1.13,1.50
2013.02.19 17:27:47.119,0.95382,0.95404,1.13,1.50
2013.02.19 17:27:47.520,0.95379,0.95404,2.25,1.50
2013.02.19 17:27:47.916,0.95381,0.95404,1.13,1.50
2013.02.19 17:27:48.149,0.95379,0.954,2.63,1.13
2013.02.19 17:27:48.525,0.95379,0.95404,1.50,1.65
2013.02.19 17:27:48.711,0.95379,0.95404,1.13,1.65
2013.02.19 17:27:49.189,0.95377,0.954,1.73,1.50
2013.02.19 17:27:49.770,0.95379,0.95404,1.50,1.65
2013.02.19 17:27:52.413,0.95379,0.95399,1.13,1.13
2013.02.19 17:27:57.920,0.95379,0.95399,2.25,1.13
2013.02.19 17:27:59.283,0.95379,0.954,2.25,1.13
2013.02.19 17:28:00.999,0.95379,0.95399,1.50,1.13
2013.02.19 17:28:01.187,0.95377,0.95399,2.40,1.13
2013.02.19 17:28:02.195,0.95377,0.954,2.40,1.13
2013.02.19 17:28:08.420,0.9538,0.95401,2.40,1.13
2013.02.19 17:28:08.800,0.9538,0.954,1.65,1.65
2013.02.19 17:28:09.479,0.95378,0.95401,1.13,1.13
2013.02.19 17:28:21.321,0.95377,0.954,2.63,1.65
2013.02.19 17:28:22.871,0.95378,0.95401,1.13,1.13
2013.02.19 17:28:23.336,0.9538,0.95401,2.40,1.13
2013.02.19 17:28:23.641,0.9538,0.95401,2.40,1.13
2013.02.19 17:28:26.933,0.9538,0.95402,2.25,1.13
2013.02.19 17:28:30.729,0.95376,0.954,2.63,1.65
2013.02.19 17:28:31.341,0.95377,0.95402,1.13,1.35
2013.02.19 17:28:36.512,0.95379,0.954,1.65,1.65
2013.02.19 17:28:37.062,0.95379,0.95402,2.40,1.13
2013.02.19 17:28:39.841,0.95378,0.95402,2.40,1.13
2013.02.19 17:28:40.139,0.95381,0.95406,1.13,1.13
2013.02.19 17:28:42.520,0.95382,0.95404,1.88,1.88
2013.02.19 17:28:43.970,0.95382,0.95404,1.13,1.13
2013.02.19 17:28:44.666,0.95382,0.95406,1.13,1.13
2013.02.19 17:28:45.843,0.95382,0.95406,1.13,1.13
2013.02.19 17:28:46.320,0.95386,0.9541,1.13,1.13
2013.02.19 17:28:46.711,0.95384,0.95407,2.25,1.13
2013.02.19 17:28:47.709,0.95382,0.95409,1.13,3.38
2013.02.19 17:28:48.030,0.95382,0.95407,1.13,2.25
2013.02.19 17:28:48.149,0.9538,0.95407,2.40,1.13
2013.02.19 17:28:48.510,0.9538,0.95406,1.28,1.88
2013.02.19 17:28:48.911,0.9538,0.95406,1.28,1.88
2013.02.19 17:28:49.252,0.9538,0.95406,1.28,1.88
2013.02.19 17:28:49.690,0.9538,0.95408,1.28,3.38
2013.02.19 17:28:49.750,0.9538,0.95408,1.13,3.60
2013.02.19 17:28:49.931,0.95378,0.954,1.13,1.50
2013.02.19 17:28:49.990,0.95378,0.95398,1.13,1.50
2013.02.19 17:28:50.350,0.95377,0.95392,1.50,1.50
2013.02.19 17:28:50.591,0.95373,0.95392,1.13,1.50
2013.02.19 17:28:50.710,0.95372,0.95394,1.13,1.50
2013.02.19 17:28:51.000,0.95372,0.95394,1.13,2.25
2013.02.19 17:28:54.750,0.95373,0.95393,1.13,2.25
2013.02.19 17:28:59.153,0.95371,0.95394,1.73,1.50
2013.02.19 17:28:59.331,0.95373,0.95394,1.13,2.25
2013.02.19 17:28:59.632,0.95373,0.95392,1.13,2.48
2013.02.19 17:28:59.698,0.95365,0.95388,1.13,2.63
2013.02.19 17:29:00.020,0.95365,0.95385,1.13,2.25
2013.02.19 17:29:00.891,0.95365,0.95385,1.13,2.25
2013.02.19 17:29:05.611,0.95365,0.95387,1.13,2.25
2013.02.19 17:29:06.770,0.95365,0.95387,1.13,2.25
2013.02.19 17:29:07.092,0.95365,0.9539,1.13,2.63
2013.02.19 17:29:07.500,0.95365,0.9539,1.13,2.63
2013.02.19 17:29:09.722,0.95365,0.9539,1.13,1.13
2013.02.19 17:29:10.110,0.95373,0.95386,1.13,2.25
2013.02.19 17:29:10.354,0.95373,0.95392,1.13,2.25
2013.02.19 17:29:11.850,0.95371,0.95392,1.13,2.25
2013.02.19 17:29:13.369,0.95367,0.95389,1.73,2.25
2013.02.19 17:29:14.729,0.95367,0.95389,1.13,2.25
2013.02.19 17:29:22.242,0.95367,0.95392,1.13,2.40
2013.02.19 17:29:22.780,0.95367,0.95393,1.13,1.13
2013.02.19 17:29:24.936,0.95367,0.95393,1.13,1.13
2013.02.19 17:29:25.120,0.95367,0.9539,1.13,2.25
2013.02.19 17:29:25.640,0.95367,0.95391,1.13,2.40
2013.02.19 17:29:27.158,0.95367,0.9539,1.13,2.33
2013.02.19 17:29:27.599,0.95368,0.95392,1.13,2.18
2013.02.19 17:29:28.400,0.95368,0.95392,1.13,2.18
2013.02.19 17:29:29.090,0.9536,0.95389,3.00,1.13
2013.02.19 17:29:29.330,0.95364,0.95389,1.73,2.25
2013.02.19 17:29:32.031,0.95364,0.95392,1.73,3.60
2013.02.19 17:29:35.691,0.95365,0.95394,2.40,2.63
2013.02.19 17:29:37.600,0.95365,0.95394,2.40,3.83
2013.02.19 17:29:41.403,0.95365,0.9539,2.40,2.33
2013.02.19 17:29:41.461,0.95365,0.9539,2.40,2.33
2013.02.19 17:29:46.270,0.95365,0.95391,1.13,3.90
2013.02.19 17:29:47.550,0.95366,0.95391,2.40,1.13
2013.02.19 17:29:48.549,0.95365,0.9539,1.13,2.40
2013.02.19 17:29:48.790,0.95361,0.95386,1.13,2.48
2013.02.19 17:29:48.850,0.95358,0.95384,1.13,1.13
2013.02.19 17:29:48.910,0.95358,0.95384,1.13,1.13
2013.02.19 17:29:59.041,0.95357,0.95384,1.88,1.88
2013.02.19 17:29:59.372,0.95358,0.95384,1.13,1.13
2013.02.19 17:29:59.431,0.95358,0.95384,1.13,1.13
2013.02.19 17:30:03.660,0.95358,0.95384,1.13,2.63
2013.02.19 17:30:04.150,0.95356,0.95384,1.73,3.38
2013.02.19 17:30:04.652,0.95358,0.95384,1.13,2.63
2013.02.19 17:30:05.292,0.95358,0.95381,1.13,2.93
2013.02.19 17:30:11.120,0.9536,0.95381,1.13,2.18
2013.02.19 17:30:13.160,0.95361,0.95386,2.40,1.13
2013.02.19 17:30:14.005,0.95366,0.95389,1.13,2.40
2013.02.19 17:30:20.079,0.95366,0.9539,1.13,1.13
2013.02.19 17:30:24.310,0.95366,0.9539,1.13,2.93
2013.02.19 17:30:35.762,0.95364,0.95387,2.63,1.13
2013.02.19 17:30:38.121,0.95364,0.95387,1.13,1.13
2013.02.19 17:30:44.691,0.95361,0.95385,2.63,1.13
2013.02.19 17:30:52.861,0.95361,0.95385,1.88,1.13
2013.02.19 17:30:55.061,0.95357,0.95378,1.13,1.50
2013.02.19 17:31:00.321,0.95357,0.95378,1.13,1.50
2013.02.19 17:31:01.585,0.95355,0.95378,1.13,1.50
2013.02.19 17:31:07.702,0.95355,0.95381,1.13,1.13
2013.02.19 17:31:07.881,0.95355,0.95381,1.13,1.13
2013.02.19 17:31:16.261,0.95355,0.95381,2.63,1.13
2013.02.19 17:31:18.611,0.95355,0.95382,2.25,1.13
2013.02.19 17:31:19.229,0.95352,0.95382,2.63,2.63
2013.02.19 17:31:19.290,0.95352,0.95382,2.63,2.63
2013.02.19 17:31:19.349,0.95352,0.95378,2.63,1.50
2013.02.19 17:31:19.620,0.95352,0.95378,1.13,1.50
2013.02.19 17:31:37.643,0.95352,0.95379,1.13,2.40
2013.02.19 17:31:38.326,0.95351,0.95376,1.13,1.13
2013.02.19 17:31:38.970,0.95349,0.95374,1.88,1.65
2013.02.19 17:31:39.090,0.95349,0.95374,1.88,1.65
2013.02.19 17:31:39.270,0.95351,0.95376,1.13,1.13
2013.02.19 17:31:54.191,0.95352,0.95375,1.88,1.13
2013.02.19 17:31:55.450,0.95352,0.95375,2.63,1.13
2013.02.19 17:31:56.099,0.95355,0.95378,2.40,1.50
2013.02.19 17:31:58.930,0.95355,0.95381,2.40,1.13
2013.02.19 17:32:00.090,0.95359,0.95381,1.50,1.13
2013.02.19 17:32:01.448,0.95359,0.95381,2.25,1.13
2013.02.19 17:32:05.251,0.95359,0.95379,1.50,1.65
2013.02.19 17:32:08.681,0.95359,0.95381,2.25,1.13
2013.02.19 17:32:09.871,0.95359,0.95381,1.50,1.13
2013.02.19 17:32:13.173,0.95359,0.95381,1.50,1.13
2013.02.19 17:32:16.630,0.95353,0.95381,2.63,1.13
2013.02.19 17:32:35.171,0.95357,0.95383,1.13,2.25
2013.02.19 17:32:35.292,0.95357,0.95383,1.13,2.25
2013.02.19 17:32:35.612,0.95356,0.95383,1.13,2.25
2013.02.19 17:32:43.751,0.95356,0.95383,1.13,2.25
2013.02.19 17:32:50.551,0.95356,0.95383,1.13,2.40
2013.02.19 17:32:53.250,0.95357,0.95378,1.13,1.50
2013.02.19 17:32:54.270,0.95354,0.95377,1.13,1.13
2013.02.19 17:32:54.851,0.95354,0.95377,1.13,1.13
2013.02.19 17:32:55.940,0.95354,0.95377,2.63,1.13
2013.02.19 17:32:56.000,0.95354,0.95377,2.63,1.13
2013.02.19 17:32:57.780,0.95354,0.95377,4.13,1.13
2013.02.19 17:32:57.931,0.95357,0.95377,2.25,1.13
2013.02.19 17:32:58.900,0.95354,0.95377,2.63,1.13
2013.02.19 17:32:59.450,0.95356,0.95377,2.40,1.13
2013.02.19 17:33:00.251,0.95354,0.95377,1.13,1.13
2013.02.19 17:33:00.309,0.95356,0.95379,1.13,1.50
2013.02.19 17:33:01.511,0.95359,0.95383,1.13,3.38
2013.02.19 17:33:01.980,0.95359,0.95383,1.13,1.13
2013.02.19 17:33:02.280,0.95364,0.95383,2.25,1.13
2013.02.19 17:33:02.472,0.95364,0.95383,2.25,1.13
2013.02.19 17:33:02.650,0.95364,0.95383,1.50,1.13
2013.02.19 17:33:02.770,0.95361,0.95383,1.50,1.13
2013.02.19 17:33:03.491,0.95359,0.95383,1.13,1.88
2013.02.19 17:33:04.840,0.95359,0.95383,1.13,1.13
2013.02.19 17:33:04.900,0.95359,0.95383,1.13,1.13
2013.02.19 17:33:06.125,0.95359,0.95383,1.13,1.13
2013.02.19 17:33:06.252,0.95359,0.95383,1.13,1.88
2013.02.19 17:33:07.123,0.95359,0.95383,1.13,1.13
2013.02.19 17:33:07.181,0.95359,0.95383,1.13,1.13
2013.02.19 17:33:07.892,0.95359,0.95383,1.13,1.13
2013.02.19 17:33:19.901,0.95359,0.95383,1.13,1.13
2013.02.19 17:33:31.021,0.95361,0.95386,1.13,1.13
2013.02.19 17:33:31.561,0.95361,0.95386,1.13,1.13
2013.02.19 17:33:38.711,0.95361,0.95386,1.13,1.13
2013.02.19 17:33:39.770,0.95361,0.95386,1.13,1.13
2013.02.19 17:33:39.950,0.95361,0.95384,1.13,1.65
2013.02.19 17:33:40.010,0.95361,0.95384,1.13,1.65
2013.02.19 17:33:53.607,0.95361,0.95386,1.13,1.13
2013.02.19 17:33:53.671,0.95361,0.95389,1.13,1.65
2013.02.19 17:33:53.996,0.95362,0.95388,1.13,1.65
2013.02.19 17:33:55.565,0.95362,0.95388,1.13,1.65
2013.02.19 17:34:03.241,0.95357,0.95386,1.13,1.13
2013.02.19 17:34:03.301,0.95357,0.95386,1.13,1.13
2013.02.19 17:34:03.660,0.9536,0.95386,1.13,1.13
2013.02.19 17:34:03.730,0.9536,0.95386,1.13,1.13
2013.02.19 17:34:11.803,0.9536,0.95386,1.13,1.13
2013.02.19 17:34:12.213,0.9536,0.95386,1.13,1.13
2013.02.19 17:34:12.740,0.95367,0.95393,1.13,1.13
2013.02.19 17:34:26.931,0.95366,0.95393,1.13,1.13
2013.02.19 17:34:28.614,0.95366,0.95392,1.13,1.13
2013.02.19 17:34:29.972,0.95368,0.95392,1.13,1.13
2013.02.19 17:34:33.223,0.95368,0.95392,1.13,1.13
2013.02.19 17:34:33.662,0.95366,0.95392,1.13,1.13
2013.02.19 17:34:44.902,0.95366,0.95393,1.13,1.13
2013.02.19 17:34:48.397,0.95367,0.95393,1.13,1.13
2013.02.19 17:34:48.512,0.95366,0.95393,1.13,1.13
2013.02.19 17:34:50.970,0.95366,0.95394,1.35,1.88
2013.02.19 17:34:51.572,0.95371,0.95393,1.13,1.65
2013.02.19 17:34:55.440,0.95366,0.95387,1.13,1.13
2013.02.19 17:34:55.501,0.95364,0.95387,1.13,1.13
2013.02.19 17:34:55.720,0.95361,0.95384,1.35,1.50
2013.02.19 17:34:55.960,0.95364,0.95387,1.13,1.73
2013.02.19 17:34:56.210,0.95364,0.95387,1.13,1.13
2013.02.19 17:34:57.127,0.95366,0.95387,1.13,1.13
2013.02.19 17:35:12.647,0.95366,0.95387,1.13,1.13
2013.02.19 17:35:12.710,0.95366,0.95387,1.13,1.13
2013.02.19 17:35:18.481,0.95362,0.95388,1.13,1.88
2013.02.19 17:35:20.011,0.95362,0.95388,1.13,1.88
2013.02.19 17:35:20.670,0.95363,0.95388,1.13,1.13
2013.02.19 17:35:20.732,0.95367,0.95393,1.13,2.70
2013.02.19 17:35:22.970,0.95361,0.95389,1.35,1.50
2013.02.19 17:35:23.030,0.95361,0.95389,1.13,1.50
2013.02.19 17:35:24.691,0.95361,0.95389,1.35,1.50
2013.02.19 17:35:24.750,0.95367,0.95393,1.13,2.70
2013.02.19 17:35:51.521,0.9537,0.95393,1.13,1.65
2013.02.19 17:36:06.661,0.95371,0.95394,1.13,1.88
2013.02.19 17:36:08.859,0.95371,0.95394,1.13,1.88
2013.02.19 17:36:17.785,0.95368,0.95393,1.13,1.13
2013.02.19 17:36:18.201,0.95367,0.95393,1.13,1.88
2013.02.19 17:36:19.141,0.95367,0.95388,1.13,1.50
2013.02.19 17:36:19.861,0.95367,0.95393,1.13,2.33
2013.02.19 17:36:20.354,0.95367,0.95388,1.13,1.50
2013.02.19 17:36:24.752,0.95367,0.95393,1.13,3.08
2013.02.19 17:36:27.772,0.95367,0.95388,1.13,1.50
2013.02.19 17:36:33.442,0.95367,0.95393,1.13,2.33
2013.02.19 17:36:43.282,0.95367,0.95392,1.13,3.08
2013.02.19 17:36:53.952,0.95365,0.95388,1.13,1.88
2013.02.19 17:36:59.341,0.95365,0.95388,1.13,1.13
2013.02.19 17:36:59.402,0.95365,0.95388,1.13,1.13
2013.02.19 17:37:00.867,0.95369,0.95393,1.13,1.13
2013.02.19 17:37:14.123,0.95371,0.95393,1.13,1.13
2013.02.19 17:37:14.241,0.95371,0.95393,1.13,1.13
2013.02.19 17:37:47.162,0.95375,0.95401,1.13,2.03
2013.02.19 17:37:47.341,0.95376,0.95401,1.13,1.13
2013.02.19 17:37:47.401,0.95376,0.95401,1.13,1.13
2013.02.19 17:37:47.461,0.95376,0.95401,1.13,1.13
2013.02.19 17:37:47.864,0.95376,0.95401,1.13,1.13
2013.02.19 17:37:48.024,0.95376,0.95401,1.13,1.13
2013.02.19 17:38:00.001,0.95378,0.95401,2.25,1.13
2013.02.19 17:38:00.291,0.95378,0.95401,2.25,1.13
2013.02.19 17:38:20.303,0.95381,0.95403,1.13,2.25
2013.02.19 17:38:20.661,0.95387,0.95404,1.13,1.73
2013.02.19 17:38:20.781,0.95387,0.95406,1.13,2.33
2013.02.19 17:38:21.091,0.95387,0.95408,1.13,1.65
2013.02.19 17:38:21.211,0.95387,0.95408,1.50,1.50
2013.02.19 17:38:21.271,0.95383,0.95408,2.85,1.65
2013.02.19 17:38:21.332,0.95385,0.95407,1.13,1.95
2013.02.19 17:38:21.456,0.95386,0.95406,2.25,1.65
2013.02.19 17:38:21.521,0.95385,0.95408,1.13,1.65
2013.02.19 17:38:21.640,0.95383,0.95408,1.35,1.65
2013.02.19 17:38:21.760,0.95383,0.95408,1.35,1.65
2013.02.19 17:38:22.518,0.95383,0.95408,1.35,1.65
2013.02.19 17:38:45.711,0.95386,0.95408,1.13,1.50
2013.02.19 17:38:46.490,0.95386,0.95408,1.13,1.50
2013.02.19 17:38:47.519,0.95386,0.9541,1.13,2.25
2013.02.19 17:38:51.201,0.95386,0.95408,1.13,1.50
2013.02.19 17:39:10.352,0.95386,0.9541,1.13,2.25
2013.02.19 17:39:14.273,0.95386,0.9541,2.63,2.25
2013.02.19 17:39:14.391,0.95389,0.9541,2.25,2.25
2013.02.19 17:39:14.451,0.95391,0.95413,2.25,2.48
2013.02.19 17:39:14.759,0.95395,0.95413,1.50,1.73
2013.02.19 17:39:14.963,0.95395,0.95414,1.50,1.13
2013.02.19 17:39:17.612,0.95395,0.95414,2.25,1.13
2013.02.19 17:39:17.732,0.95395,0.95414,2.25,1.13
2013.02.19 17:39:21.740,0.95395,0.95414,1.50,1.13
2013.02.19 17:39:23.102,0.95395,0.95414,2.25,1.13
2013.02.19 17:39:24.657,0.95395,0.95414,2.25,1.88
2013.02.19 17:39:33.450,0.95391,0.95413,2.40,1.13
2013.02.19 17:39:43.163,0.95394,0.95419,3.00,2.48
2013.02.19 17:39:43.401,0.95394,0.95419,3.00,1.13
2013.02.19 17:39:47.191,0.95398,0.95419,1.35,1.13
2013.02.19 17:39:47.251,0.95398,0.95419,3.08,1.13
2013.02.19 17:39:59.215,0.95399,0.95423,2.40,1.88
2013.02.19 17:39:59.322,0.95402,0.95423,1.13,1.50
2013.02.19 17:39:59.561,0.95408,0.95432,1.35,1.13
2013.02.19 17:39:59.633,0.95407,0.95432,1.50,1.13
2013.02.19 17:39:59.691,0.95407,0.95432,1.50,2.25
2013.02.19 17:40:00.533,0.95405,0.95429,1.13,2.25
2013.02.19 17:40:14.122,0.95402,0.95423,2.85,1.13
2013.02.19 17:40:14.181,0.95402,0.95423,2.10,1.13
2013.02.19 17:40:15.803,0.954,0.95423,2.40,1.13
2013.02.19 17:40:18.411,0.95401,0.95424,1.13,1.50
2013.02.19 17:40:18.471,0.95401,0.95425,1.13,1.50
2013.02.19 17:40:18.591,0.95405,0.95427,1.58,1.13
2013.02.19 17:40:29.940,0.95405,0.95429,1.58,1.13
2013.02.19 17:40:30.001,0.95406,0.95429,2.85,1.13
2013.02.19 17:40:30.362,0.95408,0.95434,2.70,1.88
2013.02.19 17:40:31.431,0.95408,0.95434,2.70,1.88
2013.02.19 17:40:32.521,0.95411,0.95434,1.13,1.13
2013.02.19 17:40:33.512,0.95411,0.95434,1.13,1.13
2013.02.19 17:40:33.631,0.95411,0.95434,1.13,1.13
2013.02.19 17:40:37.102,0.95411,0.95434,1.13,1.13
2013.02.19 17:40:37.475,0.95411,0.95434,1.13,1.13
2013.02.19 17:40:38.145,0.95411,0.95434,1.35,1.13
2013.02.19 17:40:42.004,0.95412,0.95434,1.50,1.13
2013.02.19 17:40:43.323,0.95412,0.95434,1.50,1.13
2013.02.19 17:40:49.421,0.95412,0.95433,1.50,1.65
2013.02.19 17:40:53.602,0.95412,0.95434,1.50,2.40
2013.02.19 17:40:59.481,0.95412,0.95429,1.35,1.13
2013.02.19 17:41:00.153,0.95406,0.95429,2.40,1.13
2013.02.19 17:41:01.132,0.95406,0.95429,2.40,1.13
2013.02.19 17:41:06.261,0.95403,0.95429,3.45,1.13
2013.02.19 17:41:07.692,0.95403,0.95429,1.95,2.63
2013.02.19 17:41:08.184,0.95407,0.95429,2.25,1.13
2013.02.19 17:41:08.581,0.95405,0.95429,2.40,1.13
2013.02.19 17:41:08.902,0.95406,0.95429,2.40,1.13
2013.02.19 17:41:09.453,0.95403,0.95428,1.73,2.40
2013.02.19 17:41:11.786,0.95403,0.95429,3.23,1.13
2013.02.19 17:41:12.637,0.95403,0.95427,2.85,1.13
2013.02.19 17:41:12.752,0.95399,0.95424,1.50,1.50
2013.02.19 17:41:12.931,0.95399,0.95427,2.25,1.13
2013.02.19 17:41:12.991,0.95405,0.95427,1.35,1.13
2013.02.19 17:41:13.111,0.95405,0.95427,1.35,1.13
2013.02.19 17:41:13.171,0.95399,0.95427,3.08,1.13
2013.02.19 17:41:13.300,0.95399,0.95427,3.60,1.13
2013.02.19 17:41:13.360,0.95399,0.95427,3.60,1.13
2013.02.19 17:41:14.162,0.95405,0.95424,1.35,1.13
2013.02.19 17:41:15.551,0.95405,0.95427,1.35,1.13
2013.02.19 17:41:16.436,0.95405,0.95427,1.35,1.13
2013.02.19 17:41:16.501,0.95405,0.95427,1.35,1.13
2013.02.19 17:41:19.570,0.95405,0.95427,1.35,1.13
2013.02.19 17:41:22.001,0.95405,0.95427,1.35,1.13
2013.02.19 17:41:22.538,0.95405,0.95427,1.35,1.13
2013.02.19 17:41:23.642,0.95405,0.95424,1.35,1.13
2013.02.19 17:41:23.701,0.95403,0.95424,2.33,1.13
2013.02.19 17:41:23.882,0.95399,0.95421,3.23,1.13
2013.02.19 17:41:23.941,0.95401,0.95424,1.13,1.65
2013.02.19 17:41:24.292,0.95401,0.95424,1.13,1.65
2013.02.19 17:41:24.351,0.95401,0.95424,1.13,1.65
2013.02.19 17:41:25.123,0.95402,0.95426,1.13,1.13
2013.02.19 17:41:25.962,0.95402,0.95426,1.13,1.13
2013.02.19 17:41:26.391,0.95402,0.95426,1.13,1.13
2013.02.19 17:41:27.543,0.95402,0.95426,1.95,1.13
2013.02.19 17:41:29.492,0.95402,0.95426,1.13,1.13
2013.02.19 17:41:36.891,0.95402,0.95426,1.13,1.13
2013.02.19 17:41:39.502,0.95402,0.95426,1.13,1.13
2013.02.19 17:41:43.681,0.95402,0.95427,2.40,1.13
2013.02.19 17:41:44.889,0.95402,0.95427,2.40,1.13
2013.02.19 17:41:46.593,0.95402,0.95424,1.65,1.50
2013.02.19 17:42:00.781,0.95403,0.95427,2.40,1.13
2013.02.19 17:42:07.215,0.95401,0.95423,1.13,1.50
2013.02.19 17:42:11.603,0.954,0.95423,1.35,1.50
2013.02.19 17:42:11.662,0.95408,0.95429,1.13,3.53
2013.02.19 17:42:11.934,0.95408,0.95429,1.13,2.25
2013.02.19 17:42:12.051,0.95408,0.95429,1.13,2.25
2013.02.19 17:42:12.501,0.95408,0.95433,1.13,2.63
2013.02.19 17:42:16.572,0.95408,0.95431,1.13,2.40
2013.02.19 17:42:24.541,0.95409,0.95433,1.13,1.13
2013.02.19 17:42:31.885,0.9541,0.95431,1.13,2.25
2013.02.19 17:42:39.694,0.9541,0.95435,1.13,2.40
2013.02.19 17:42:40.129,0.9541,0.95434,1.13,1.65
2013.02.19 17:42:41.870,0.9541,0.95434,1.13,1.65
2013.02.19 17:42:42.361,0.9541,0.95434,1.13,1.65
2013.02.19 17:42:43.741,0.9541,0.95434,1.13,1.65
2013.02.19 17:42:48.701,0.9541,0.95434,1.13,1.65
2013.02.19 17:42:49.053,0.95409,0.95428,1.13,2.25
2013.02.19 17:42:49.431,0.95406,0.95426,1.35,1.13
2013.02.19 17:42:49.732,0.954,0.95426,1.73,1.13
2013.02.19 17:42:50.601,0.95405,0.95428,1.13,2.25
2013.02.19 17:43:02.671,0.95397,0.95418,1.35,1.50
2013.02.19 17:43:02.872,0.95397,0.95418,1.13,1.50
2013.02.19 17:43:04.672,0.95397,0.95421,1.13,1.13
2013.02.19 17:43:04.911,0.95402,0.95425,1.13,3.60
2013.02.19 17:43:04.972,0.95402,0.95425,1.13,2.25
2013.02.19 17:43:05.031,0.95402,0.95425,1.13,2.25
2013.02.19 17:43:14.388,0.95396,0.95425,2.10,2.25
2013.02.19 17:43:14.452,0.95396,0.95425,1.35,2.25
2013.02.19 17:43:18.079,0.95402,0.95421,1.13,2.25
2013.02.19 17:43:19.282,0.95397,0.95421,1.13,2.25
2013.02.19 17:43:22.701,0.95402,0.95422,1.13,2.25
2013.02.19 17:43:23.612,0.95406,0.95424,1.13,2.25
2013.02.19 17:43:27.152,0.95406,0.95428,1.13,2.40
2013.02.19 17:43:27.211,0.95406,0.95428,1.13,2.40
2013.02.19 17:43:27.331,0.95406,0.9543,1.13,2.63
2013.02.19 17:43:29.331,0.95406,0.95429,1.13,2.40
2013.02.19 17:43:35.392,0.95407,0.95429,1.13,2.25
2013.02.19 17:43:35.511,0.95412,0.95429,1.13,1.50
2013.02.19 17:43:36.366,0.95412,0.95432,1.13,2.25
2013.02.19 17:43:41.212,0.95417,0.95439,1.13,2.25
2013.02.19 17:43:41.392,0.95417,0.95439,1.13,2.25
2013.02.19 17:43:41.843,0.95417,0.95439,1.13,2.25
2013.02.19 17:43:42.533,0.95417,0.95435,1.13,1.50
2013.02.19 17:43:44.202,0.95411,0.95435,1.13,2.25
2013.02.19 17:43:44.913,0.95413,0.95435,1.13,1.50
2013.02.19 17:43:44.972,0.95419,0.95438,1.13,1.50
2013.02.19 17:43:45.031,0.95419,0.95441,1.13,2.25
2013.02.19 17:43:45.151,0.95414,0.95439,2.48,1.50
2013.02.19 17:43:45.502,0.95411,0.95436,1.13,2.25
2013.02.19 17:43:47.603,0.95411,0.95433,1.13,2.25
2013.02.19 17:43:47.842,0.95413,0.95436,1.13,2.63
2013.02.19 17:43:48.152,0.95417,0.95436,1.13,1.50
2013.02.19 17:43:55.441,0.95419,0.9544,1.13,2.25
2013.02.19 17:43:55.741,0.95411,0.95439,3.45,1.50
2013.02.19 17:43:55.922,0.95417,0.9544,1.13,2.25
2013.02.19 17:43:59.693,0.95419,0.95443,1.13,3.15
2013.02.19 17:44:00.054,0.95419,0.95443,1.13,2.40
2013.02.19 17:44:03.382,0.95419,0.95443,1.13,2.40
2013.02.19 17:44:03.562,0.95421,0.95443,1.13,2.25
2013.02.19 17:44:07.893,0.95421,0.95443,1.13,2.25
2013.02.19 17:44:08.012,0.95428,0.95443,1.13,1.50
2013.02.19 17:44:08.072,0.95428,0.95448,1.13,2.25
2013.02.19 17:44:08.192,0.95424,0.95448,1.73,1.50
2013.02.19 17:44:08.251,0.95421,0.95446,1.13,1.13
2013.02.19 17:44:08.432,0.95421,0.95444,1.13,1.65
2013.02.19 17:44:10.664,0.95422,0.95447,1.13,1.13
2013.02.19 17:44:10.722,0.95427,0.95448,1.13,2.25
2013.02.19 17:44:10.962,0.95424,0.95448,1.35,1.50
2013.02.19 17:44:11.082,0.95422,0.95448,1.35,2.25
2013.02.19 17:44:13.052,0.95422,0.95445,1.13,2.25
2013.02.19 17:44:13.232,0.95419,0.9544,1.13,1.50
2013.02.19 17:44:13.292,0.95417,0.95438,1.13,2.25
2013.02.19 17:44:13.644,0.95417,0.95435,1.13,1.50
2013.02.19 17:44:18.682,0.95412,0.95435,1.13,2.63
2013.02.19 17:44:24.853,0.95411,0.95435,1.13,2.63
2013.02.19 17:44:38.472,0.95406,0.95434,2.25,2.63
2013.02.19 17:44:39.007,0.95404,0.95432,1.13,2.40
2013.02.19 17:44:41.623,0.95403,0.95432,1.65,2.40
2013.02.19 17:44:41.801,0.95414,0.95437,1.13,2.25
2013.02.19 17:44:41.922,0.95411,0.95437,1.13,2.25
2013.02.19 17:44:44.951,0.95414,0.95437,1.13,2.25
2013.02.19 17:44:45.413,0.95411,0.95437,1.35,2.25
2013.02.19 17:44:45.531,0.95411,0.95437,1.13,2.25
2013.02.19 17:44:59.952,0.95411,0.95435,1.13,2.40
2013.02.19 17:45:00.612,0.95411,0.95435,1.13,2.40
2013.02.19 17:45:02.662,0.95411,0.95434,1.13,2.25
2013.02.19 17:45:03.863,0.95411,0.95431,1.13,2.25
2013.02.19 17:45:03.982,0.95407,0.9543,1.35,1.13
2013.02.19 17:45:11.343,0.95407,0.9543,1.13,1.13
2013.02.19 17:45:13.111,0.95407,0.9543,1.13,1.13
2013.02.19 17:45:28.131,0.95406,0.95431,2.85,1.13
2013.02.19 17:45:29.053,0.95409,0.95431,1.13,2.40
2013.02.19 17:45:30.373,0.95409,0.95431,1.13,2.40
2013.02.19 17:45:30.531,0.95409,0.95431,1.13,2.40
2013.02.19 17:45:31.961,0.95409,0.95433,1.13,1.88
2013.02.19 17:45:40.685,0.95409,0.95433,1.13,1.13
2013.02.19 17:45:44.151,0.95408,0.95434,1.13,2.63
2013.02.19 17:45:50.591,0.95408,0.95431,1.13,1.50
2013.02.19 17:45:53.361,0.95408,0.95434,1.13,2.63
2013.02.19 17:45:59.752,0.95409,0.95432,1.13,1.65
2013.02.19 17:46:05.902,0.95411,0.95435,1.13,3.90
2013.02.19 17:46:05.963,0.95411,0.95433,1.13,1.50
2013.02.19 17:46:06.812,0.95406,0.95433,1.88,3.38
2013.02.19 17:46:06.931,0.95406,0.95431,1.88,1.88
2013.02.19 17:46:22.001,0.95407,0.95431,1.13,2.40
2013.02.19 17:46:29.706,0.95407,0.95431,1.13,3.15
2013.02.19 17:46:35.253,0.95407,0.95431,1.88,2.40
2013.02.19 17:46:36.743,0.95407,0.95431,1.13,3.15
2013.02.19 17:46:41.183,0.95406,0.95429,1.65,1.13
2013.02.19 17:46:41.981,0.95404,0.95428,1.13,1.13
2013.02.19 17:46:48.562,0.95402,0.95426,1.13,3.15
2013.02.19 17:46:50.322,0.95404,0.95426,1.13,2.40
2013.02.19 17:46:51.532,0.95403,0.95426,1.13,2.40
2013.02.19 17:46:57.773,0.95403,0.95426,1.13,2.25
2013.02.19 17:46:59.653,0.95401,0.95424,1.50,1.13
2013.02.19 17:46:59.712,0.95401,0.95424,1.50,1.13
2013.02.19 17:47:04.692,0.95401,0.95424,1.13,1.50
2013.02.19 17:47:05.063,0.95404,0.95428,1.13,1.88
2013.02.19 17:47:09.782,0.95403,0.95428,1.13,1.13
2013.02.19 17:47:10.291,0.95407,0.95428,1.50,1.13
2013.02.19 17:47:10.412,0.95407,0.95428,2.25,1.13
2013.02.19 17:47:11.262,0.95411,0.95438,1.13,1.13
2013.02.19 17:47:11.381,0.95413,0.95438,1.13,1.13
2013.02.19 17:47:11.502,0.95417,0.95438,1.50,1.13
2013.02.19 17:47:12.262,0.95413,0.95439,2.63,1.13
2013.02.19 17:47:13.085,0.95416,0.95441,2.25,1.13
2013.02.19 17:47:16.242,0.95418,0.95442,1.50,1.13
2013.02.19 17:47:16.422,0.9542,0.95446,2.63,1.13
2013.02.19 17:47:16.541,0.9542,0.95446,2.63,1.13
2013.02.19 17:47:17.772,0.9542,0.95445,1.13,1.65
2013.02.19 17:47:22.003,0.9542,0.95446,1.88,2.63
2013.02.19 17:47:27.692,0.95421,0.95447,3.15,1.13
2013.02.19 17:47:29.352,0.95426,0.95451,2.40,1.13
2013.02.19 17:47:29.892,0.9543,0.95452,2.25,1.13
2013.02.19 17:47:38.313,0.95425,0.9545,1.13,1.65
2013.02.19 17:47:38.672,0.95423,0.95449,1.50,1.13
2013.02.19 17:47:38.992,0.95426,0.95451,1.13,2.25
2013.02.19 17:47:39.052,0.95432,0.95451,1.50,1.50
2013.02.19 17:47:40.862,0.95427,0.95451,1.65,1.50
2013.02.19 17:47:40.924,0.95427,0.95451,1.65,1.50
2013.02.19 17:47:43.783,0.95427,0.95448,1.65,1.50
2013.02.19 17:47:54.566,0.95427,0.95448,1.65,1.65
2013.02.19 17:48:02.091,0.95426,0.95446,1.13,1.50
2013.02.19 17:48:09.642,0.95423,0.95446,1.65,1.88
2013.02.19 17:48:24.376,0.95422,0.95445,1.65,1.13
2013.02.19 17:48:24.613,0.95423,0.95445,1.65,1.88
2013.02.19 17:48:25.641,0.95424,0.95447,1.50,1.88
2013.02.19 17:48:55.449,0.95421,0.95446,3.15,1.13
2013.02.19 17:49:00.395,0.95421,0.95446,3.15,1.13
2013.02.19 17:49:00.452,0.95427,0.95448,1.65,1.65
2013.02.19 17:49:00.883,0.95425,0.9545,1.13,1.13
2013.02.19 17:49:01.819,0.95425,0.9545,1.13,2.63
2013.02.19 17:49:01.882,0.95426,0.9545,1.65,1.88
2013.02.19 17:49:03.903,0.95425,0.9545,1.13,1.13
2013.02.19 17:49:07.720,0.95424,0.95448,1.50,1.13
2013.02.19 17:49:07.782,0.95418,0.95441,3.00,1.13
2013.02.19 17:49:08.336,0.9542,0.95443,1.50,1.13
2013.02.19 17:49:10.453,0.95422,0.95443,1.50,1.13
2013.02.19 17:49:26.452,0.95421,0.95446,1.65,1.13
2013.02.19 17:49:28.563,0.95422,0.95446,3.15,1.13
2013.02.19 17:49:29.546,0.95421,0.95449,1.65,3.38
2013.02.19 17:49:33.284,0.95423,0.95446,2.25,1.13
2013.02.19 17:49:33.552,0.9542,0.95446,2.63,1.13
2013.02.19 17:49:43.003,0.95421,0.95444,1.50,1.13
2013.02.19 17:49:43.604,0.95419,0.95443,2.40,1.13
2013.02.19 17:49:45.362,0.95421,0.95447,1.50,1.13
2013.02.19 17:49:45.542,0.95421,0.95448,1.50,1.88
2013.02.19 17:49:56.615,0.95423,0.95449,1.13,2.63
2013.02.19 17:50:00.552,0.95427,0.9545,1.13,1.50
2013.02.19 17:50:00.671,0.95431,0.95452,1.13,2.25
2013.02.19 17:50:00.792,0.95431,0.95454,1.88,1.50
2013.02.19 17:50:01.673,0.95431,0.95452,1.13,1.50
2013.02.19 17:50:03.103,0.95427,0.95452,1.50,1.88
2013.02.19 17:50:03.282,0.95424,0.9545,2.63,1.13
2013.02.19 17:50:09.365,0.95425,0.9545,1.65,2.63
2013.02.19 17:50:10.643,0.95425,0.9545,1.65,1.88
2013.02.19 17:50:16.543,0.95425,0.9545,1.65,2.10
2013.02.19 17:50:16.662,0.95425,0.95448,1.65,1.13
2013.02.19 17:50:18.235,0.95424,0.95448,1.65,2.10
2013.02.19 17:50:33.283,0.95424,0.95446,1.50,1.65
2013.02.19 17:50:33.403,0.95418,0.95443,1.13,1.50
2013.02.19 17:50:33.642,0.95418,0.95443,1.13,1.50
2013.02.19 17:50:33.863,0.95418,0.95441,1.13,1.50
2013.02.19 17:50:34.222,0.95416,0.95441,1.65,1.88
2013.02.19 17:50:34.582,0.95421,0.95445,1.13,2.63
2013.02.19 17:50:34.642,0.95423,0.95445,1.13,2.63
2013.02.19 17:50:34.822,0.9542,0.95442,1.13,1.50
2013.02.19 17:50:34.982,0.95418,0.95444,1.13,1.35
2013.02.19 17:50:41.694,0.95418,0.95443,1.13,1.35
2013.02.19 17:50:42.558,0.95421,0.95444,1.50,1.35
2013.02.19 17:50:43.642,0.95421,0.95444,1.50,1.35
2013.02.19 17:50:44.172,0.95421,0.95444,1.50,1.35
2013.02.19 17:50:49.903,0.95422,0.95444,1.13,1.13
2013.02.19 17:50:52.582,0.95422,0.95445,1.13,1.13
2013.02.19 17:51:03.403,0.95422,0.95444,1.13,1.13
2013.02.19 17:51:05.133,0.95421,0.95444,1.65,1.35
2013.02.19 17:51:15.453,0.9542,0.95443,1.13,1.35
2013.02.19 17:51:16.692,0.9542,0.95441,1.13,1.13
2013.02.19 17:51:17.013,0.9542,0.95441,1.13,1.13
2013.02.19 17:51:19.882,0.95422,0.95443,1.65,1.13
2013.02.19 17:51:25.354,0.95422,0.95445,3.15,1.13
2013.02.19 17:51:39.264,0.95421,0.95445,1.13,1.13
2013.02.19 17:51:40.972,0.95418,0.95441,2.63,1.13
2013.02.19 17:51:41.033,0.95418,0.95441,2.63,1.13
2013.02.19 17:51:44.762,0.95418,0.95441,2.63,1.13
2013.02.19 17:51:47.112,0.95418,0.9544,2.63,1.13
2013.02.19 17:51:55.963,0.95422,0.95443,1.50,1.35
2013.02.19 17:51:58.181,0.95418,0.95442,2.40,1.13
2013.02.19 17:52:02.993,0.9542,0.95441,1.13,1.13
2013.02.19 17:52:14.096,0.9542,0.95441,1.13,1.13
2013.02.19 17:52:14.392,0.95415,0.95434,1.35,1.13
2013.02.19 17:52:18.168,0.95415,0.95437,1.50,1.35
2013.02.19 17:52:32.003,0.95416,0.95438,1.50,1.35
2013.02.19 17:52:32.223,0.95416,0.95438,1.50,1.35
2013.02.19 17:52:39.232,0.95416,0.95439,1.88,1.88
2013.02.19 17:52:39.533,0.95421,0.95444,1.13,1.65
2013.02.19 17:52:39.893,0.95426,0.95448,1.13,1.50
2013.02.19 17:52:40.012,0.95429,0.95452,1.65,1.13
2013.02.19 17:52:40.213,0.95429,0.95454,2.40,1.35
2013.02.19 17:52:52.772,0.95427,0.95452,1.88,1.13
2013.02.19 17:52:52.942,0.95427,0.95452,1.88,1.13
2013.02.19 17:52:53.472,0.95427,0.95451,1.13,1.65
2013.02.19 17:52:57.543,0.95428,0.95451,1.13,1.13
2013.02.19 17:53:22.363,0.95428,0.95453,2.63,1.13
2013.02.19 17:53:24.286,0.95432,0.95453,2.25,1.13
2013.02.19 17:53:24.432,0.95432,0.95458,2.40,2.10
2013.02.19 17:53:24.923,0.95435,0.95458,1.50,2.63
2013.02.19 17:53:25.254,0.95437,0.95461,1.50,1.13
2013.02.19 17:53:28.133,0.9544,0.95461,1.50,1.13
2013.02.19 17:53:28.193,0.95442,0.95467,1.13,2.48
2013.02.19 17:53:28.253,0.95446,0.9547,1.50,1.88
2013.02.19 17:53:28.313,0.95446,0.95471,1.50,3.38
2013.02.19 17:53:28.863,0.95442,0.95469,1.13,2.25
2013.02.19 17:53:29.052,0.95442,0.95469,1.13,3.00
2013.02.19 17:53:31.454,0.95442,0.95467,1.13,1.50
2013.02.19 17:53:39.832,0.95442,0.95469,1.13,1.50
2013.02.19 17:53:41.338,0.95442,0.9547,1.88,1.65
2013.02.19 17:53:41.842,0.95442,0.95469,1.88,1.50
2013.02.19 17:53:42.373,0.95442,0.95467,1.88,1.50
2013.02.19 17:53:45.792,0.95442,0.95467,1.65,1.88
2013.02.19 17:53:57.154,0.95445,0.95467,1.50,1.88
2013.02.19 17:53:57.452,0.95449,0.9547,1.88,1.65
2013.02.19 17:53:58.096,0.95448,0.9547,1.50,1.35
2013.02.19 17:53:59.233,0.95447,0.95468,1.50,1.13
2013.02.19 17:54:07.493,0.95448,0.9547,1.50,1.13
2013.02.19 17:54:10.635,0.95446,0.95469,1.50,1.13
2013.02.19 17:54:12.574,0.95446,0.95468,1.50,1.13
2013.02.19 17:54:13.382,0.95446,0.95469,1.50,1.88
2013.02.19 17:54:13.994,0.95446,0.95469,1.50,1.88
2013.02.19 17:54:17.353,0.95447,0.95469,1.13,1.50
2013.02.19 17:54:17.652,0.95456,0.95479,1.88,1.65
2013.02.19 17:54:18.112,0.95457,0.9548,1.65,1.13
2013.02.19 17:54:18.301,0.95457,0.9548,1.65,1.13
2013.02.19 17:54:20.489,0.95458,0.95482,1.65,1.88
2013.02.19 17:54:22.363,0.95461,0.95483,1.50,1.13
2013.02.19 17:54:29.069,0.95459,0.95484,2.25,1.13
2013.02.19 17:54:34.183,0.95461,0.95484,2.63,2.25
2013.02.19 17:54:34.243,0.95462,0.95486,1.88,1.65
2013.02.19 17:54:34.642,0.95466,0.95489,1.65,1.13
2013.02.19 17:54:34.789,0.95466,0.95489,1.65,1.13
2013.02.19 17:54:41.938,0.95468,0.95493,1.50,1.13
2013.02.19 17:54:42.107,0.95466,0.95489,1.65,1.13
2013.02.19 17:54:49.282,0.9547,0.95493,1.88,1.50
2013.02.19 17:54:49.402,0.9547,0.95491,2.40,1.13
2013.02.19 17:54:49.463,0.95474,0.95496,2.40,1.13
2013.02.19 17:54:49.522,0.95476,0.95499,1.50,1.88
2013.02.19 17:54:49.642,0.95476,0.95499,1.88,1.50
2013.02.19 17:54:49.702,0.95476,0.95502,1.88,1.88
2013.02.19 17:54:56.613,0.9548,0.95502,1.50,1.13
2013.02.19 17:54:57.395,0.95477,0.95502,1.65,1.88
2013.02.19 17:54:58.768,0.9548,0.95502,1.50,1.13
2013.02.19 17:54:59.375,0.95477,0.95502,1.65,1.88
2013.02.19 17:55:01.663,0.95477,0.95501,1.65,2.25
2013.02.19 17:55:02.343,0.95477,0.95502,1.65,3.38
2013.02.19 17:55:02.742,0.95477,0.95502,1.65,3.38
2013.02.19 17:55:03.842,0.95477,0.95498,1.50,2.63
2013.02.19 17:55:05.013,0.95467,0.95492,1.50,1.88
2013.02.19 17:55:05.072,0.95467,0.95492,1.50,1.88
2013.02.19 17:55:05.192,0.95462,0.95489,2.85,1.13
2013.02.19 17:55:06.034,0.95466,0.95487,1.50,1.88
2013.02.19 17:55:08.564,0.95466,0.95494,1.50,3.15
2013.02.19 17:55:08.683,0.95469,0.95495,2.25,1.13
2013.02.19 17:55:09.002,0.95476,0.95497,1.50,1.20
2013.02.19 17:55:09.303,0.95476,0.95502,1.50,1.88
2013.02.19 17:55:09.693,0.95481,0.95505,1.50,1.88
2013.02.19 17:55:12.503,0.95476,0.95497,1.50,1.88
2013.02.19 17:55:12.710,0.95476,0.95501,1.50,2.63
2013.02.19 17:55:12.833,0.95476,0.95501,1.50,1.88
2013.02.19 17:55:13.294,0.95476,0.95501,1.50,1.88
2013.02.19 17:55:19.734,0.95476,0.95501,1.50,1.88
2013.02.19 17:55:21.923,0.95478,0.95501,1.13,1.50
2013.02.19 17:55:21.983,0.95479,0.95501,1.13,1.50
2013.02.19 17:55:22.042,0.95479,0.95504,1.13,2.25
2013.02.19 17:55:22.292,0.95479,0.95504,1.13,2.25
2013.02.19 17:55:22.423,0.95478,0.95504,2.03,2.25
2013.02.19 17:55:23.952,0.9548,0.95506,1.13,2.40
2013.02.19 17:55:26.143,0.95487,0.95508,1.50,1.13
2013.02.19 17:55:31.012,0.95486,0.95509,1.50,1.13
2013.02.19 17:55:32.017,0.95486,0.95512,1.50,2.63
2013.02.19 17:55:33.373,0.95484,0.95508,2.25,1.13
2013.02.19 17:55:42.253,0.95484,0.95509,2.40,1.13
2013.02.19 17:55:46.752,0.95488,0.95511,1.13,1.35
2013.02.19 17:55:47.344,0.95491,0.95515,1.50,1.88
2013.02.19 17:55:47.813,0.95493,0.95518,1.13,1.88
2013.02.19 17:55:58.760,0.95493,0.95513,1.13,1.50
2013.02.19 17:55:58.984,0.95493,0.95516,1.13,3.15
2013.02.19 17:56:00.754,0.95493,0.95514,1.13,1.50
2013.02.19 17:56:03.813,0.95493,0.95516,1.13,3.15
2013.02.19 17:56:04.645,0.95492,0.95516,1.13,1.65
2013.02.19 17:56:05.716,0.95492,0.95516,1.13,1.65
2013.02.19 17:56:13.474,0.95492,0.95516,1.13,2.40
2013.02.19 17:56:16.277,0.95492,0.95516,1.13,1.65
2013.02.19 17:56:20.766,0.95493,0.95516,1.13,1.65
2013.02.19 17:56:21.448,0.95493,0.95516,1.13,2.40
2013.02.19 17:56:21.899,0.95489,0.95511,2.40,1.13
2013.02.19 17:56:22.024,0.95488,0.95511,2.63,1.13
2013.02.19 17:56:22.223,0.95488,0.95509,1.13,1.13
2013.02.19 17:56:22.617,0.95483,0.95509,2.03,2.85
2013.02.19 17:56:22.883,0.95482,0.95505,1.13,1.65
2013.02.19 17:56:23.352,0.95482,0.95505,1.13,1.65
2013.02.19 17:56:23.474,0.95482,0.95505,1.88,2.40
2013.02.19 17:56:23.872,0.95482,0.95505,1.13,2.40
2013.02.19 17:56:24.616,0.95478,0.95504,2.40,1.13
2013.02.19 17:56:24.943,0.95477,0.95501,1.88,1.35
2013.02.19 17:56:25.003,0.95477,0.95501,1.13,1.35
2013.02.19 17:56:25.076,0.95477,0.95501,1.13,1.35
2013.02.19 17:56:28.655,0.95477,0.95501,1.13,1.35
2013.02.19 17:56:30.467,0.95477,0.95501,1.13,1.35
2013.02.19 17:56:34.537,0.95472,0.95498,4.95,1.13
2013.02.19 17:56:34.703,0.95472,0.95494,2.40,1.13
2013.02.19 17:56:35.814,0.95477,0.95497,1.65,1.65
2013.02.19 17:56:36.131,0.95477,0.955,1.65,1.88
2013.02.19 17:56:42.943,0.95475,0.95499,1.13,1.13
2013.02.19 17:56:43.003,0.95475,0.95499,1.13,2.63
2013.02.19 17:56:52.643,0.95471,0.95494,1.13,1.13
2013.02.19 17:57:06.493,0.95472,0.95494,1.65,1.13
2013.02.19 17:57:06.817,0.95473,0.95494,2.78,1.13
2013.02.19 17:57:08.025,0.95473,0.95497,3.00,1.35
2013.02.19 17:57:13.145,0.95477,0.95498,1.50,1.35
2013.02.19 17:57:13.313,0.95473,0.95497,3.00,1.35
2013.02.19 17:57:17.773,0.95473,0.95497,3.00,1.35
2013.02.19 17:57:21.830,0.95477,0.95498,1.50,1.35
2013.02.19 17:57:46.294,0.95477,0.95498,1.50,1.35
2013.02.19 17:57:53.224,0.95477,0.95498,1.50,1.35
2013.02.19 17:57:54.574,0.95474,0.95497,2.40,1.13
2013.02.19 17:58:00.004,0.95481,0.95501,1.50,1.20
2013.02.19 17:58:13.364,0.95476,0.95499,1.50,1.35
2013.02.19 17:58:46.722,0.95476,0.95499,1.50,1.35
2013.02.19 17:58:48.435,0.95476,0.95503,1.50,2.63
2013.02.19 17:58:48.983,0.95483,0.95506,1.65,1.13
2013.02.19 17:58:49.043,0.95487,0.95507,1.50,2.10
2013.02.19 17:59:00.045,0.9549,0.95509,1.50,2.10
2013.02.19 17:59:00.163,0.9549,0.95512,1.50,3.98
2013.02.19 17:59:00.223,0.95491,0.95514,1.13,1.35
2013.02.19 17:59:01.093,0.95491,0.95515,1.88,2.40
2013.02.19 17:59:09.344,0.95493,0.95515,1.88,1.65
2013.02.19 17:59:13.233,0.95496,0.95519,1.50,1.95
2013.02.19 17:59:13.533,0.95498,0.95521,1.13,2.40
2013.02.19 17:59:13.653,0.95501,0.95524,1.50,2.85
2013.02.19 17:59:14.175,0.95499,0.95523,1.65,1.20
2013.02.19 17:59:16.720,0.95498,0.95521,1.13,1.13
2013.02.19 17:59:19.074,0.95498,0.95521,1.88,1.88
2013.02.19 17:59:20.175,0.95498,0.95521,1.13,2.63
2013.02.19 17:59:21.273,0.95498,0.95521,1.13,1.88
2013.02.19 17:59:22.743,0.95498,0.95521,1.13,2.63
2013.02.19 17:59:26.065,0.95498,0.95521,1.13,1.88
2013.02.19 17:59:27.003,0.95498,0.95521,1.13,2.63
2013.02.19 17:59:28.843,0.95497,0.95521,1.13,2.63
2013.02.19 17:59:34.234,0.95496,0.95519,1.65,1.13
2013.02.19 17:59:45.993,0.95497,0.95519,2.40,1.13
2013.02.19 17:59:46.119,0.95497,0.95519,1.65,1.13
2013.02.19 17:59:46.758,0.95497,0.95519,1.65,1.13
2013.02.19 17:59:46.984,0.95501,0.95522,1.13,1.13
2013.02.19 17:59:47.346,0.95506,0.95527,1.65,1.50
2013.02.19 17:59:47.463,0.95506,0.95529,1.65,2.63
2013.02.19 17:59:47.643,0.95506,0.95529,1.65,1.13
2013.02.19 17:59:47.763,0.95506,0.95529,1.65,1.13
2013.02.19 17:59:47.857,0.95506,0.95529,1.65,1.13
2013.02.19 17:59:48.394,0.95506,0.95529,1.65,1.13
2013.02.19 17:59:48.925,0.95506,0.95529,1.65,1.13
2013.02.19 17:59:49.354,0.95501,0.95529,2.25,1.13
2013.02.19 17:59:49.653,0.95501,0.95527,1.50,4.73
2013.02.19 17:59:49.713,0.95504,0.95527,1.13,2.48
2013.02.19 17:59:50.073,0.95506,0.9553,1.13,1.13
2013.02.19 17:59:50.423,0.95506,0.95528,1.13,3.00
2013.02.19 17:59:50.543,0.95506,0.95528,1.13,2.40
2013.02.19 17:59:51.834,0.95506,0.95526,1.13,1.50
2013.02.19 17:59:51.954,0.95506,0.95528,1.13,1.65
2013.02.19 17:59:59.664,0.95506,0.95526,1.13,1.50
2013.02.19 17:59:59.983,0.95498,0.95523,1.13,1.13
