2017.07.04 12:00:00.411,0.73395,0.73412,1.00,1.82
2017.07.04 12:00:01.369,0.73391,0.73411,1.95,1.57
2017.07.04 12:00:01.885,0.73394,0.73413,1.00,1.20
2017.07.04 12:00:02.859,0.73391,0.73411,1.95,1.45
2017.07.04 12:00:03.193,0.7339,0.7341,1.50,1.57
2017.07.04 12:00:03.244,0.73389,0.7341,2.25,1.20
2017.07.04 12:00:04.071,0.73395,0.7341,1.00,1.20
2017.07.04 12:00:07.651,0.73394,0.7341,1.00,1.20
2017.07.04 12:00:08.532,0.73395,0.7341,1.00,1.20
2017.07.04 12:00:08.735,0.73395,0.73414,1.12,2.70
2017.07.04 12:00:08.852,0.73395,0.73415,1.50,3.67
2017.07.04 12:00:08.903,0.73395,0.73415,1.85,1.42
2017.07.04 12:00:09.568,0.73399,0.73415,1.00,1.42
2017.07.04 12:00:10.484,0.734,0.73415,1.00,1.42
2017.07.04 12:00:11.245,0.73399,0.73415,1.00,1.67
2017.07.04 12:00:15.267,0.73399,0.73415,1.00,1.80
2017.07.04 12:00:15.940,0.73399,0.73415,1.00,1.42
2017.07.04 12:00:16.714,0.73399,0.73414,1.00,1.01
2017.07.04 12:00:17.294,0.73399,0.73414,1.00,2.32
2017.07.04 12:00:19.360,0.73399,0.73417,1.00,4.61
2017.07.04 12:00:19.898,0.734,0.73417,1.00,1.42
2017.07.04 12:00:20.556,0.73399,0.73419,1.00,1.12
2017.07.04 12:00:20.658,0.734,0.73418,1.12,1.39
2017.07.04 12:00:20.860,0.734,0.73419,1.00,3.11
2017.07.04 12:00:26.715,0.734,0.7342,1.00,4.61
2017.07.04 12:00:28.399,0.734,0.73421,1.20,1.20
2017.07.04 12:00:28.466,0.734,0.73421,1.57,1.20
2017.07.04 12:00:28.567,0.734,0.73421,3.07,1.57
2017.07.04 12:00:30.067,0.734,0.7342,1.57,2.32
2017.07.04 12:00:30.600,0.734,0.73421,1.57,1.95
2017.07.04 12:00:33.373,0.734,0.7342,1.07,2.25
2017.07.04 12:00:33.724,0.73399,0.73419,1.20,1.35
2017.07.04 12:00:34.290,0.734,0.73419,1.10,1.35
2017.07.04 12:00:34.876,0.734,0.73419,2.32,1.35
2017.07.04 12:00:34.926,0.734,0.7342,2.70,2.85
2017.07.04 12:00:41.136,0.734,0.73416,1.00,1.00
2017.07.04 12:00:43.423,0.734,0.73416,1.20,1.00
2017.07.04 12:00:43.934,0.734,0.73421,1.57,2.25
2017.07.04 12:00:48.448,0.734,0.73418,1.00,1.85
2017.07.04 12:00:48.650,0.73394,0.73414,1.85,3.97
2017.07.04 12:00:48.751,0.73396,0.73416,1.20,2.70
2017.07.04 12:00:48.852,0.73396,0.73417,1.57,1.95
2017.07.04 12:00:48.953,0.73396,0.73417,1.20,1.95
2017.07.04 12:00:49.107,0.73397,0.73416,1.00,1.45
2017.07.04 12:00:55.518,0.73395,0.73416,1.10,2.70
2017.07.04 12:00:57.072,0.73395,0.73416,1.57,2.32
2017.07.04 12:00:57.173,0.734,0.73417,1.00,1.85
2017.07.04 12:00:57.274,0.734,0.73417,1.00,1.85
2017.07.04 12:01:05.535,0.73395,0.73416,2.25,4.01
2017.07.04 12:01:05.586,0.73395,0.73414,3.00,1.20
2017.07.04 12:01:21.821,0.73395,0.73412,1.37,2.17
2017.07.04 12:01:21.872,0.73394,0.73412,1.50,1.42
2017.07.04 12:01:21.973,0.73394,0.73412,1.12,1.05
2017.07.04 12:01:22.672,0.73395,0.73413,1.00,1.20
2017.07.04 12:01:23.077,0.73395,0.73409,1.00,1.45
2017.07.04 12:01:24.548,0.7339,0.73409,1.00,1.95
2017.07.04 12:01:27.370,0.7339,0.73411,1.95,3.07
2017.07.04 12:01:27.421,0.73391,0.73409,1.07,1.00
2017.07.04 12:01:28.294,0.73395,0.73409,1.00,1.00
2017.07.04 12:01:28.519,0.73391,0.73409,1.07,1.00
2017.07.04 12:01:28.733,0.73395,0.73409,1.00,1.00
2017.07.04 12:01:31.531,0.73395,0.73412,1.00,2.32
2017.07.04 12:01:32.329,0.73394,0.73412,1.12,1.20
2017.07.04 12:01:32.868,0.73395,0.7341,1.00,1.00
2017.07.04 12:01:33.845,0.73391,0.7341,1.57,1.10
2017.07.04 12:01:34.620,0.73394,0.7341,1.00,1.10
2017.07.04 12:01:37.273,0.73395,0.7341,1.10,1.00
2017.07.04 12:01:37.455,0.73396,0.73416,1.20,2.70
2017.07.04 12:01:51.557,0.73398,0.73416,1.00,1.99
2017.07.04 12:01:51.923,0.73395,0.73415,1.37,2.74
2017.07.04 12:01:54.080,0.73395,0.73413,1.37,1.24
2017.07.04 12:01:54.131,0.73393,0.73412,1.50,1.05
2017.07.04 12:01:54.183,0.73392,0.7341,1.50,1.56
2017.07.04 12:01:54.284,0.7339,0.73408,1.50,1.50
2017.07.04 12:01:54.335,0.7339,0.73408,1.50,1.87
2017.07.04 12:01:59.549,0.73391,0.7341,1.00,1.20
2017.07.04 12:01:59.802,0.73394,0.73411,1.12,3.11
2017.07.04 12:02:00.124,0.7339,0.73411,1.57,2.32
2017.07.04 12:02:00.732,0.7339,0.73409,1.50,2.32
2017.07.04 12:02:01.320,0.7339,0.7341,2.32,1.45
2017.07.04 12:02:01.766,0.73391,0.7341,1.87,1.20
2017.07.04 12:02:01.919,0.73391,0.73411,2.25,1.20
2017.07.04 12:02:02.104,0.73395,0.73411,1.00,1.20
2017.07.04 12:02:02.215,0.7339,0.7341,2.32,1.99
2017.07.04 12:02:02.505,0.7339,0.73408,2.25,1.10
2017.07.04 12:02:07.211,0.73392,0.73408,1.00,1.10
2017.07.04 12:02:07.363,0.7339,0.73408,2.32,1.00
2017.07.04 12:02:12.297,0.73395,0.73408,1.00,1.00
2017.07.04 12:02:13.858,0.734,0.73415,1.00,1.39
2017.07.04 12:02:13.960,0.734,0.73415,1.00,1.39
2017.07.04 12:02:14.432,0.73395,0.73415,2.25,1.39
2017.07.04 12:02:21.449,0.73396,0.73416,1.50,2.32
2017.07.04 12:02:21.995,0.73396,0.73415,1.75,1.01
2017.07.04 12:02:25.624,0.734,0.73415,1.00,1.45
2017.07.04 12:02:26.208,0.73396,0.73415,1.75,1.45
2017.07.04 12:02:28.549,0.73395,0.73415,2.25,1.70
2017.07.04 12:02:30.632,0.73395,0.73414,2.25,1.32
2017.07.04 12:02:34.924,0.73395,0.73414,2.25,1.32
2017.07.04 12:02:36.168,0.73395,0.73414,2.25,1.32
2017.07.04 12:02:36.854,0.73395,0.73415,2.25,3.49
2017.07.04 12:02:37.463,0.73395,0.73414,1.37,1.45
2017.07.04 12:02:37.514,0.73395,0.73414,1.12,1.20
2017.07.04 12:02:52.718,0.73394,0.73412,2.25,1.10
2017.07.04 12:02:58.505,0.73395,0.73412,1.00,1.10
2017.07.04 12:02:59.293,0.73394,0.73412,1.00,1.20
2017.07.04 12:02:59.597,0.7339,0.73409,1.75,1.75
2017.07.04 12:03:00.687,0.7339,0.73409,1.37,1.82
2017.07.04 12:03:00.738,0.7339,0.73409,1.00,1.82
2017.07.04 12:03:01.500,0.7339,0.73407,1.00,1.87
2017.07.04 12:03:02.022,0.7339,0.73406,1.00,1.99
2017.07.04 12:03:04.555,0.73385,0.73404,2.32,1.76
2017.07.04 12:03:04.657,0.7339,0.73404,1.00,1.76
2017.07.04 12:03:05.171,0.7339,0.73404,1.00,1.75
2017.07.04 12:03:05.222,0.73385,0.73404,2.25,1.75
2017.07.04 12:03:06.048,0.7339,0.73404,1.00,1.85
2017.07.04 12:03:06.551,0.7339,0.73404,1.00,1.85
2017.07.04 12:03:08.999,0.7339,0.73406,1.00,1.42
2017.07.04 12:03:09.050,0.7339,0.73407,1.00,1.39
2017.07.04 12:03:12.627,0.73395,0.73408,1.00,3.67
2017.07.04 12:03:12.677,0.7339,0.73409,1.00,3.07
2017.07.04 12:03:13.250,0.7339,0.73409,1.12,3.00
2017.07.04 12:03:18.869,0.7339,0.73409,1.57,1.75
2017.07.04 12:03:19.520,0.7339,0.73408,1.95,1.75
2017.07.04 12:03:21.109,0.7339,0.73411,2.32,4.54
2017.07.04 12:03:25.122,0.73391,0.73411,1.07,3.75
2017.07.04 12:03:25.624,0.7339,0.73411,2.70,3.75
2017.07.04 12:03:26.175,0.73391,0.73411,1.07,3.75
2017.07.04 12:03:26.784,0.7339,0.73411,2.32,3.75
2017.07.04 12:03:32.017,0.73388,0.73408,1.95,2.66
2017.07.04 12:03:32.546,0.73389,0.73407,1.50,1.67
2017.07.04 12:03:38.510,0.7339,0.7341,1.95,1.42
2017.07.04 12:03:38.561,0.73395,0.73411,1.00,2.10
2017.07.04 12:03:38.705,0.73395,0.73411,1.00,1.87
2017.07.04 12:03:38.756,0.73398,0.73417,1.00,4.87
2017.07.04 12:03:38.857,0.734,0.73417,1.00,1.87
2017.07.04 12:03:44.168,0.734,0.73419,1.57,1.35
2017.07.04 12:04:00.768,0.73399,0.73419,1.50,2.55
2017.07.04 12:04:03.293,0.734,0.73419,1.50,1.75
2017.07.04 12:04:03.783,0.734,0.73417,1.12,2.32
2017.07.04 12:04:04.454,0.73397,0.73415,1.00,1.10
2017.07.04 12:04:04.774,0.734,0.73414,1.00,1.00
2017.07.04 12:04:06.699,0.73395,0.73415,1.87,2.70
2017.07.04 12:04:06.800,0.734,0.73416,1.00,3.45
2017.07.04 12:04:06.901,0.734,0.73415,1.00,1.95
2017.07.04 12:04:06.973,0.73395,0.73415,2.32,2.70
2017.07.04 12:04:09.503,0.734,0.73415,1.00,1.20
2017.07.04 12:04:10.380,0.73395,0.73414,1.50,1.80
2017.07.04 12:04:10.481,0.73395,0.73413,1.00,1.35
2017.07.04 12:04:13.325,0.734,0.73414,1.00,1.42
2017.07.04 12:04:13.427,0.734,0.73413,1.00,1.00
2017.07.04 12:04:13.855,0.73395,0.73413,1.12,1.42
2017.07.04 12:04:16.419,0.73394,0.73411,1.50,1.50
2017.07.04 12:04:16.920,0.73395,0.73411,1.00,2.25
2017.07.04 12:04:19.998,0.73391,0.7341,1.75,1.20
2017.07.04 12:04:20.048,0.73395,0.73411,1.00,2.70
2017.07.04 12:04:21.487,0.73395,0.73411,1.00,1.95
2017.07.04 12:04:28.795,0.73394,0.73413,2.70,1.85
2017.07.04 12:04:29.003,0.73395,0.73415,1.85,4.24
2017.07.04 12:04:29.523,0.73395,0.73414,2.25,4.24
2017.07.04 12:04:29.887,0.73392,0.73411,1.75,1.12
2017.07.04 12:04:30.140,0.7339,0.73408,1.82,1.50
2017.07.04 12:04:30.342,0.7339,0.73408,1.12,2.17
2017.07.04 12:04:30.393,0.7339,0.73408,1.50,2.17
2017.07.04 12:04:30.757,0.7339,0.73406,1.00,1.67
2017.07.04 12:04:49.541,0.7339,0.73409,1.37,2.92
2017.07.04 12:04:49.592,0.7339,0.73409,2.25,2.92
2017.07.04 12:04:54.554,0.7339,0.73409,1.85,2.55
2017.07.04 12:04:56.586,0.73395,0.73413,1.00,1.42
2017.07.04 12:04:56.687,0.73395,0.73415,1.12,1.20
2017.07.04 12:04:59.836,0.73395,0.73415,1.20,3.45
2017.07.04 12:05:00.445,0.73395,0.73416,1.20,4.05
2017.07.04 12:05:05.159,0.73392,0.73411,1.12,1.42
2017.07.04 12:05:05.312,0.7339,0.73411,1.82,2.17
2017.07.04 12:05:05.414,0.7339,0.73411,1.57,1.42
2017.07.04 12:05:05.980,0.73391,0.73411,1.32,2.70
2017.07.04 12:05:06.197,0.73395,0.73412,1.00,1.10
2017.07.04 12:05:07.096,0.73394,0.73412,1.00,1.07
2017.07.04 12:05:07.147,0.73394,0.73412,1.00,1.95
2017.07.04 12:05:07.452,0.73391,0.73412,1.57,1.80
2017.07.04 12:05:07.604,0.73394,0.73413,1.50,1.45
2017.07.04 12:05:07.930,0.73395,0.73413,1.75,1.07
2017.07.04 12:05:08.031,0.73395,0.73413,1.12,1.20
2017.07.04 12:05:11.159,0.73396,0.73414,1.00,1.20
2017.07.04 12:05:11.373,0.73394,0.73415,2.32,1.99
2017.07.04 12:05:11.618,0.73395,0.73413,1.00,2.55
2017.07.04 12:05:11.820,0.7339,0.73412,1.95,1.45
2017.07.04 12:05:12.330,0.7339,0.73411,1.82,1.07
2017.07.04 12:05:12.547,0.73395,0.73411,1.00,1.07
2017.07.04 12:05:12.649,0.7339,0.73411,1.82,1.07
2017.07.04 12:05:13.066,0.73395,0.73411,1.00,1.07
2017.07.04 12:05:13.556,0.7339,0.73411,2.70,3.11
2017.07.04 12:05:15.636,0.7339,0.7341,1.75,1.05
2017.07.04 12:05:15.838,0.7339,0.73408,1.50,1.45
2017.07.04 12:05:16.374,0.7339,0.73408,1.50,1.45
2017.07.04 12:05:16.596,0.73385,0.73409,3.07,2.12
2017.07.04 12:05:17.072,0.73388,0.73407,1.00,1.45
2017.07.04 12:05:17.426,0.7339,0.73407,1.00,1.20
2017.07.04 12:05:17.628,0.7339,0.73408,1.50,1.45
2017.07.04 12:05:18.723,0.73394,0.7341,1.00,1.35
2017.07.04 12:05:18.925,0.73395,0.73414,1.12,1.42
2017.07.04 12:05:20.714,0.73392,0.73412,1.85,1.42
2017.07.04 12:05:22.020,0.73395,0.73412,1.00,3.60
2017.07.04 12:05:29.567,0.73392,0.73412,1.20,1.35
2017.07.04 12:05:29.768,0.7339,0.73412,2.70,2.10
2017.07.04 12:05:30.387,0.7339,0.73412,1.57,3.30
2017.07.04 12:05:30.605,0.7339,0.73409,1.12,1.20
2017.07.04 12:05:30.655,0.7339,0.73408,1.00,1.57
2017.07.04 12:05:31.854,0.73389,0.73408,1.20,2.32
2017.07.04 12:05:35.826,0.7339,0.73408,1.00,2.32
2017.07.04 12:05:39.851,0.7339,0.73407,1.00,1.95
2017.07.04 12:05:40.375,0.73389,0.73407,1.00,1.85
2017.07.04 12:05:40.679,0.7339,0.73409,1.07,1.50
2017.07.04 12:05:41.522,0.7339,0.73409,1.10,1.10
2017.07.04 12:05:43.681,0.7339,0.73408,1.00,2.14
2017.07.04 12:05:44.175,0.7339,0.73402,1.00,1.00
2017.07.04 12:05:44.378,0.7339,0.73407,1.00,2.17
2017.07.04 12:05:44.479,0.73385,0.73406,2.32,1.45
2017.07.04 12:05:44.580,0.7339,0.73406,1.00,1.45
2017.07.04 12:05:44.631,0.73385,0.73406,2.25,1.45
2017.07.04 12:05:44.890,0.73385,0.73406,2.25,1.20
2017.07.04 12:05:49.722,0.73385,0.73404,1.75,3.30
2017.07.04 12:05:49.874,0.73385,0.73404,1.12,3.30
2017.07.04 12:05:53.161,0.73384,0.73402,1.50,1.07
2017.07.04 12:05:53.683,0.73385,0.73402,1.00,1.20
2017.07.04 12:05:54.192,0.7338,0.73402,3.26,1.20
2017.07.04 12:05:55.228,0.7338,0.73401,1.85,1.45
2017.07.04 12:05:56.814,0.73379,0.734,1.82,1.45
2017.07.04 12:05:58.191,0.73385,0.73404,1.57,2.62
2017.07.04 12:05:58.293,0.73385,0.73402,1.57,1.00
2017.07.04 12:05:58.824,0.73385,0.73406,3.07,1.82
2017.07.04 12:05:58.875,0.7339,0.73406,1.00,1.82
2017.07.04 12:05:59.148,0.73385,0.73405,1.85,1.42
2017.07.04 12:05:59.291,0.73385,0.73405,1.20,1.42
2017.07.04 12:06:00.917,0.73386,0.73405,1.10,1.42
2017.07.04 12:06:01.220,0.7339,0.73405,1.00,1.42
2017.07.04 12:06:09.215,0.73386,0.73405,1.57,1.67
2017.07.04 12:06:10.672,0.73386,0.73405,1.45,1.67
2017.07.04 12:06:12.023,0.73389,0.73405,1.00,1.67
2017.07.04 12:06:22.201,0.7339,0.73407,1.00,2.32
2017.07.04 12:06:22.504,0.73395,0.7341,1.00,2.32
2017.07.04 12:06:23.032,0.73395,0.7341,1.00,1.87
2017.07.04 12:06:23.234,0.73394,0.73414,1.95,2.32
2017.07.04 12:06:23.454,0.73395,0.73414,1.95,2.25
2017.07.04 12:06:25.666,0.73396,0.73416,1.20,1.50
2017.07.04 12:06:34.273,0.73396,0.73416,1.45,1.87
2017.07.04 12:06:43.671,0.734,0.73414,1.00,2.85
2017.07.04 12:06:46.677,0.73394,0.73414,1.95,3.00
2017.07.04 12:06:53.391,0.73395,0.73415,1.57,1.85
2017.07.04 12:06:53.969,0.73395,0.73413,1.57,1.00
2017.07.04 12:06:54.420,0.73395,0.73413,1.10,1.50
2017.07.04 12:06:54.521,0.73395,0.73414,1.20,3.00
2017.07.04 12:07:03.747,0.734,0.73416,1.00,2.25
2017.07.04 12:07:04.050,0.734,0.73417,1.00,1.00
2017.07.04 12:07:08.863,0.73396,0.73417,1.45,2.85
2017.07.04 12:07:09.384,0.73396,0.73415,1.45,1.00
2017.07.04 12:07:09.434,0.73396,0.73416,1.45,2.25
2017.07.04 12:07:10.812,0.73397,0.73416,1.07,2.25
2017.07.04 12:07:10.863,0.734,0.73416,1.00,1.87
2017.07.04 12:07:12.376,0.73396,0.73415,1.20,1.16
2017.07.04 12:07:12.578,0.73396,0.73414,1.00,1.35
2017.07.04 12:07:29.112,0.73395,0.73414,1.75,1.61
2017.07.04 12:07:36.523,0.73396,0.73416,1.45,2.06
2017.07.04 12:07:36.758,0.734,0.73417,1.00,1.42
2017.07.04 12:07:36.912,0.734,0.73419,1.00,2.89
2017.07.04 12:07:38.450,0.734,0.73419,1.57,2.44
2017.07.04 12:07:41.460,0.734,0.73418,1.50,1.07
2017.07.04 12:07:41.561,0.734,0.73415,1.50,1.45
2017.07.04 12:07:41.872,0.734,0.73412,1.00,1.20
2017.07.04 12:07:41.974,0.73395,0.73413,1.00,1.20
2017.07.04 12:07:42.026,0.73395,0.73413,1.00,1.20
2017.07.04 12:07:42.531,0.7339,0.73411,6.49,1.10
2017.07.04 12:07:43.131,0.73395,0.73411,1.00,1.57
2017.07.04 12:07:43.872,0.73395,0.73411,1.00,2.32
2017.07.04 12:07:43.923,0.7339,0.7341,2.25,1.20
2017.07.04 12:07:46.549,0.7339,0.73408,1.75,1.07
2017.07.04 12:07:47.124,0.7339,0.73409,1.75,1.95
2017.07.04 12:07:49.934,0.7339,0.73409,1.75,1.95
2017.07.04 12:07:50.035,0.7339,0.73409,1.37,2.70
2017.07.04 12:07:50.609,0.7339,0.73409,1.00,1.20
2017.07.04 12:07:52.038,0.7339,0.73408,1.37,1.20
2017.07.04 12:07:52.628,0.73389,0.73408,1.75,1.45
2017.07.04 12:07:53.810,0.7339,0.73408,1.50,2.70
2017.07.04 12:07:54.135,0.7339,0.73405,1.00,1.57
2017.07.04 12:07:54.728,0.73386,0.73402,1.37,1.20
2017.07.04 12:07:54.980,0.7338,0.73398,2.25,1.20
2017.07.04 12:07:55.240,0.7338,0.73396,1.75,1.00
2017.07.04 12:07:55.841,0.7338,0.73397,1.75,1.10
2017.07.04 12:07:56.485,0.7338,0.73396,1.75,1.00
2017.07.04 12:08:02.165,0.7338,0.73396,1.50,1.20
2017.07.04 12:08:02.872,0.7338,0.73397,1.12,1.95
2017.07.04 12:08:11.167,0.73385,0.73398,1.00,1.82
2017.07.04 12:08:11.825,0.73379,0.73398,1.50,1.85
2017.07.04 12:08:12.863,0.73384,0.73397,1.00,1.50
2017.07.04 12:08:14.646,0.7338,0.73397,1.12,1.50
2017.07.04 12:08:17.072,0.73384,0.73397,1.00,1.57
2017.07.04 12:08:17.223,0.7338,0.73395,1.12,1.07
2017.07.04 12:08:17.426,0.7338,0.73395,1.00,1.57
2017.07.04 12:08:17.774,0.73375,0.73392,1.37,1.20
2017.07.04 12:08:18.290,0.73375,0.73391,1.00,1.57
2017.07.04 12:08:18.865,0.73375,0.7339,1.00,1.57
2017.07.04 12:08:31.340,0.73375,0.73388,1.00,1.00
2017.07.04 12:08:32.114,0.73375,0.73388,1.00,1.20
2017.07.04 12:08:32.779,0.73375,0.73388,1.00,1.57
2017.07.04 12:08:34.286,0.73375,0.73387,1.00,1.00
2017.07.04 12:08:36.740,0.73374,0.73387,1.00,1.00
2017.07.04 12:08:37.947,0.73375,0.73387,1.00,1.00
2017.07.04 12:08:38.607,0.73375,0.73388,1.00,1.20
2017.07.04 12:08:39.350,0.73375,0.73389,1.00,1.20
2017.07.04 12:08:43.878,0.7338,0.7339,1.00,1.57
2017.07.04 12:08:44.080,0.7338,0.73393,1.00,1.50
2017.07.04 12:08:44.785,0.73379,0.73393,1.00,1.95
2017.07.04 12:08:45.360,0.73375,0.73393,1.12,1.57
2017.07.04 12:08:45.411,0.73375,0.73393,1.12,1.12
2017.07.04 12:08:47.191,0.7338,0.73393,1.00,1.00
2017.07.04 12:08:54.837,0.73379,0.73393,1.00,1.00
2017.07.04 12:08:55.140,0.7339,0.734,1.00,2.25
2017.07.04 12:08:55.191,0.7339,0.73406,1.00,1.85
2017.07.04 12:08:55.436,0.7339,0.73406,1.00,1.85
2017.07.04 12:08:56.317,0.73389,0.73404,1.00,1.12
2017.07.04 12:08:58.187,0.73386,0.73404,1.20,1.12
2017.07.04 12:09:02.921,0.73384,0.73404,2.92,1.57
2017.07.04 12:09:03.224,0.73385,0.73402,1.00,1.50
2017.07.04 12:09:07.379,0.73395,0.73406,1.00,4.12
2017.07.04 12:09:07.531,0.73394,0.73408,1.00,1.75
2017.07.04 12:09:07.632,0.73395,0.73409,1.00,1.50
2017.07.04 12:09:07.684,0.7339,0.73409,1.50,1.45
2017.07.04 12:09:07.884,0.734,0.73409,1.00,1.47
2017.07.04 12:09:07.935,0.73395,0.73411,1.00,1.10
2017.07.04 12:09:08.238,0.73395,0.73412,1.00,1.20
2017.07.04 12:09:09.303,0.734,0.73413,1.00,2.25
2017.07.04 12:09:09.455,0.734,0.73413,1.00,1.10
2017.07.04 12:09:09.606,0.73395,0.73411,1.50,1.00
2017.07.04 12:09:09.749,0.73394,0.73411,1.12,1.50
2017.07.04 12:09:10.478,0.73394,0.7341,1.00,1.57
2017.07.04 12:09:11.166,0.734,0.7341,1.00,1.50
2017.07.04 12:09:11.469,0.73399,0.73412,1.00,1.12
2017.07.04 12:09:11.876,0.734,0.73417,1.00,1.20
2017.07.04 12:09:15.296,0.73399,0.73418,1.00,1.20
2017.07.04 12:09:15.939,0.73399,0.73417,1.50,1.45
2017.07.04 12:09:26.565,0.734,0.73417,1.00,1.20
2017.07.04 12:09:33.469,0.734,0.73416,1.12,1.20
2017.07.04 12:09:38.842,0.734,0.73415,1.12,1.10
2017.07.04 12:09:49.595,0.73395,0.73413,2.32,1.00
2017.07.04 12:09:50.117,0.73395,0.73413,1.50,1.57
2017.07.04 12:10:05.651,0.73395,0.73412,1.50,1.00
2017.07.04 12:10:08.932,0.73395,0.73413,1.50,1.50
2017.07.04 12:10:09.151,0.73395,0.73413,1.50,1.12
2017.07.04 12:10:09.653,0.73399,0.73413,1.00,1.12
2017.07.04 12:10:10.480,0.734,0.73412,1.00,1.00
2017.07.04 12:10:17.518,0.73395,0.73411,1.75,1.00
2017.07.04 12:10:17.629,0.73395,0.73411,1.00,1.12
2017.07.04 12:10:22.964,0.73392,0.73412,1.01,1.50
2017.07.04 12:10:23.166,0.73391,0.73411,1.76,1.75
2017.07.04 12:10:32.181,0.7339,0.73409,1.50,1.75
2017.07.04 12:10:33.550,0.7339,0.73407,1.00,1.95
2017.07.04 12:10:33.869,0.73385,0.73402,1.00,1.95
2017.07.04 12:10:34.381,0.73384,0.73402,1.00,1.95
2017.07.04 12:10:35.429,0.73385,0.73403,1.00,1.95
2017.07.04 12:10:38.141,0.73387,0.73404,1.00,1.10
2017.07.04 12:10:38.242,0.73385,0.73404,1.12,1.20
2017.07.04 12:10:38.293,0.73385,0.73404,1.12,1.85
2017.07.04 12:10:38.618,0.7339,0.73407,1.00,3.82
2017.07.04 12:10:38.669,0.7339,0.73407,1.00,1.95
2017.07.04 12:10:38.811,0.73384,0.73406,1.82,1.95
2017.07.04 12:10:39.174,0.73389,0.73404,1.00,1.12
2017.07.04 12:10:39.326,0.73385,0.73404,1.12,1.95
2017.07.04 12:10:39.916,0.73384,0.73403,1.00,1.95
2017.07.04 12:10:40.477,0.73385,0.73405,1.00,3.45
2017.07.04 12:10:41.033,0.73385,0.73405,1.50,1.95
2017.07.04 12:10:41.387,0.73386,0.73405,1.10,1.00
2017.07.04 12:10:51.025,0.73386,0.73405,1.07,1.00
2017.07.04 12:10:51.546,0.73386,0.73405,1.10,1.00
2017.07.04 12:10:52.181,0.7339,0.73405,1.00,1.00
2017.07.04 12:10:52.670,0.73386,0.73405,1.10,1.00
2017.07.04 12:10:53.288,0.73386,0.73405,1.00,1.45
2017.07.04 12:10:53.611,0.73385,0.73402,1.00,1.20
2017.07.04 12:10:54.154,0.73384,0.73402,1.00,1.20
2017.07.04 12:10:55.230,0.7339,0.73403,1.00,3.07
2017.07.04 12:10:55.281,0.7339,0.734,1.00,1.00
2017.07.04 12:10:55.433,0.7339,0.73407,1.00,1.95
2017.07.04 12:10:55.924,0.73385,0.73407,2.14,1.95
2017.07.04 12:10:56.465,0.73385,0.73407,2.89,1.95
2017.07.04 12:10:56.791,0.7339,0.73407,1.00,1.95
2017.07.04 12:11:06.631,0.73388,0.73407,1.00,1.75
2017.07.04 12:11:08.639,0.7339,0.73407,1.00,1.75
2017.07.04 12:11:09.838,0.73389,0.73407,1.00,1.75
2017.07.04 12:11:10.368,0.7339,0.73407,1.00,1.75
2017.07.04 12:11:12.119,0.7339,0.73407,1.00,1.75
2017.07.04 12:11:13.042,0.7339,0.73406,1.00,1.20
2017.07.04 12:11:13.290,0.73387,0.73406,1.00,1.20
2017.07.04 12:11:13.838,0.73385,0.73402,1.95,1.00
2017.07.04 12:11:14.469,0.73385,0.73404,1.50,1.85
2017.07.04 12:11:14.722,0.73387,0.73404,1.00,1.75
2017.07.04 12:11:15.563,0.73386,0.73404,1.00,1.75
2017.07.04 12:11:16.225,0.73387,0.73404,1.00,1.75
2017.07.04 12:11:25.302,0.73386,0.73404,1.00,1.75
2017.07.04 12:11:25.821,0.73387,0.73404,1.00,1.75
2017.07.04 12:11:26.344,0.73386,0.73404,1.12,1.50
2017.07.04 12:11:27.639,0.73388,0.73407,1.00,1.95
2017.07.04 12:11:27.942,0.7339,0.73407,1.00,1.85
2017.07.04 12:11:29.129,0.7339,0.73404,1.00,1.00
2017.07.04 12:11:29.649,0.73389,0.73407,1.00,1.95
2017.07.04 12:11:30.447,0.73388,0.73407,1.12,1.95
2017.07.04 12:11:31.703,0.73389,0.73407,1.00,1.95
2017.07.04 12:11:32.274,0.7339,0.73407,1.00,1.95
2017.07.04 12:11:32.480,0.73388,0.73406,1.00,1.85
2017.07.04 12:11:32.582,0.73385,0.73403,1.50,1.20
2017.07.04 12:11:32.684,0.73383,0.73401,1.00,1.10
2017.07.04 12:11:32.987,0.73381,0.73402,1.57,1.20
2017.07.04 12:11:33.356,0.73379,0.73398,1.75,1.57
2017.07.04 12:11:34.061,0.7338,0.734,2.25,1.95
2017.07.04 12:11:34.504,0.73385,0.734,1.00,1.20
2017.07.04 12:11:34.555,0.7338,0.734,1.50,1.20
2017.07.04 12:11:35.083,0.7338,0.73395,1.00,1.00
2017.07.04 12:11:35.770,0.73379,0.73398,1.12,1.20
2017.07.04 12:11:36.277,0.7338,0.73398,1.00,1.20
2017.07.04 12:11:41.973,0.73384,0.734,1.00,1.95
2017.07.04 12:11:42.626,0.73384,0.73401,1.00,1.20
2017.07.04 12:11:43.192,0.73384,0.73401,1.00,1.20
2017.07.04 12:11:46.131,0.73386,0.73402,1.00,1.20
2017.07.04 12:11:46.327,0.73385,0.73404,1.50,1.20
2017.07.04 12:11:46.481,0.73385,0.73405,1.87,3.45
2017.07.04 12:11:49.088,0.73383,0.73405,1.07,3.82
2017.07.04 12:11:49.672,0.73381,0.73403,1.20,1.20
2017.07.04 12:11:53.214,0.73381,0.73401,1.20,1.85
2017.07.04 12:11:56.653,0.73381,0.73402,1.20,1.95
2017.07.04 12:12:09.696,0.7338,0.73401,1.82,1.95
2017.07.04 12:12:16.193,0.7338,0.734,1.47,1.20
2017.07.04 12:12:16.244,0.7338,0.734,1.10,1.20
2017.07.04 12:12:25.585,0.73379,0.73398,1.12,1.75
2017.07.04 12:12:26.039,0.7338,0.734,1.57,1.95
2017.07.04 12:12:26.455,0.73385,0.73403,1.00,2.89
2017.07.04 12:12:26.961,0.73381,0.734,1.00,2.14
2017.07.04 12:12:27.275,0.73376,0.73398,1.20,1.70
2017.07.04 12:12:27.464,0.73378,0.73396,1.00,1.07
2017.07.04 12:12:28.103,0.73378,0.73396,1.00,1.10
2017.07.04 12:12:30.515,0.73375,0.73398,1.95,1.95
2017.07.04 12:12:31.079,0.73376,0.73397,1.07,1.82
2017.07.04 12:12:31.788,0.73376,0.73397,1.07,1.85
2017.07.04 12:12:32.144,0.73375,0.73394,2.25,1.50
2017.07.04 12:12:32.245,0.73375,0.73394,1.87,1.75
2017.07.04 12:12:42.601,0.73375,0.73394,1.57,1.75
2017.07.04 12:12:44.648,0.73373,0.73394,1.20,1.75
2017.07.04 12:12:46.066,0.73375,0.73394,1.07,1.75
2017.07.04 12:12:46.770,0.73374,0.73394,2.32,1.75
2017.07.04 12:12:48.583,0.73374,0.73393,1.95,1.00
2017.07.04 12:12:48.634,0.73372,0.73395,1.20,3.26
2017.07.04 12:12:49.082,0.73372,0.73392,1.07,1.75
2017.07.04 12:12:49.745,0.7337,0.73392,5.70,1.75
2017.07.04 12:12:53.756,0.73372,0.73392,1.07,1.75
2017.07.04 12:12:55.409,0.7337,0.7339,3.45,1.37
2017.07.04 12:12:56.017,0.7337,0.7339,3.07,1.75
2017.07.04 12:12:56.328,0.7337,0.7339,4.20,1.75
2017.07.04 12:12:56.771,0.73371,0.73389,1.45,1.00
2017.07.04 12:12:57.920,0.73371,0.73389,1.45,1.00
2017.07.04 12:12:58.072,0.73375,0.73389,1.45,1.00
2017.07.04 12:12:58.173,0.73375,0.73395,1.57,1.75
2017.07.04 12:12:58.472,0.73374,0.73395,1.42,1.75
2017.07.04 12:13:03.405,0.73374,0.73395,1.95,1.75
2017.07.04 12:13:07.275,0.73375,0.73396,1.20,1.75
2017.07.04 12:13:07.377,0.73375,0.73396,1.57,1.75
2017.07.04 12:13:07.922,0.73375,0.73395,3.86,1.75
2017.07.04 12:13:08.834,0.73375,0.73395,2.74,1.75
2017.07.04 12:13:11.731,0.73377,0.73395,1.32,1.75
2017.07.04 12:13:11.933,0.73377,0.73397,2.89,1.75
2017.07.04 12:13:12.963,0.73379,0.73397,1.45,1.75
2017.07.04 12:13:13.881,0.73379,0.73397,1.20,1.75
2017.07.04 12:13:14.833,0.73377,0.73398,1.45,1.85
2017.07.04 12:13:16.164,0.73378,0.73398,1.07,1.75
2017.07.04 12:13:16.801,0.73377,0.73397,1.95,1.75
2017.07.04 12:13:27.052,0.7338,0.73399,1.10,1.75
2017.07.04 12:13:28.520,0.7338,0.734,1.20,1.75
2017.07.04 12:13:29.050,0.7338,0.73401,1.57,1.75
2017.07.04 12:13:29.669,0.7338,0.73402,1.95,2.06
2017.07.04 12:13:30.259,0.73381,0.73403,1.45,2.32
2017.07.04 12:13:30.465,0.73385,0.73405,1.95,3.19
2017.07.04 12:13:30.924,0.73383,0.73404,1.45,1.76
2017.07.04 12:13:32.126,0.73385,0.73405,1.10,1.95
2017.07.04 12:13:46.944,0.73385,0.73406,1.10,1.95
2017.07.04 12:13:47.465,0.73385,0.73403,1.10,1.00
2017.07.04 12:13:56.394,0.73385,0.73403,1.07,1.00
2017.07.04 12:13:57.124,0.73385,0.73403,1.10,1.00
2017.07.04 12:13:59.171,0.73385,0.73403,1.07,1.00
2017.07.04 12:13:59.852,0.73385,0.73403,1.10,1.00
2017.07.04 12:14:02.570,0.73384,0.73403,1.20,1.00
2017.07.04 12:14:03.171,0.73384,0.73405,1.45,1.85
2017.07.04 12:14:06.579,0.73383,0.73405,1.20,1.85
2017.07.04 12:14:13.465,0.73385,0.73405,1.20,1.85
2017.07.04 12:14:13.995,0.73385,0.73405,1.20,1.82
2017.07.04 12:14:25.517,0.73383,0.73402,1.57,1.10
2017.07.04 12:14:27.754,0.73381,0.73403,2.51,2.32
2017.07.04 12:14:27.855,0.73382,0.73403,1.20,2.32
2017.07.04 12:14:27.906,0.73383,0.73403,1.10,2.32
2017.07.04 12:14:30.574,0.73382,0.73403,1.45,2.32
2017.07.04 12:14:31.382,0.73382,0.73403,1.45,2.32
2017.07.04 12:14:33.395,0.73382,0.73403,1.45,1.85
2017.07.04 12:14:33.964,0.73382,0.73403,1.45,1.82
2017.07.04 12:14:34.336,0.7338,0.734,3.07,1.75
2017.07.04 12:14:34.858,0.7338,0.734,3.45,1.75
2017.07.04 12:14:35.659,0.7338,0.73402,1.57,1.75
2017.07.04 12:14:36.642,0.7338,0.73401,3.07,1.82
2017.07.04 12:14:37.338,0.7338,0.734,2.62,1.85
2017.07.04 12:14:41.417,0.73381,0.73401,1.37,1.75
2017.07.04 12:14:41.669,0.73382,0.73405,1.95,1.82
2017.07.04 12:14:42.668,0.73385,0.73406,1.32,1.75
2017.07.04 12:14:42.846,0.73385,0.73408,1.45,2.32
2017.07.04 12:14:43.366,0.73387,0.73407,1.07,1.85
2017.07.04 12:14:49.512,0.73387,0.73409,1.07,1.95
2017.07.04 12:14:56.748,0.73387,0.73409,1.07,3.26
2017.07.04 12:14:57.548,0.73387,0.73409,1.07,2.51
2017.07.04 12:15:00.452,0.73385,0.73409,2.51,2.14
2017.07.04 12:15:01.137,0.73385,0.73409,2.51,2.51
2017.07.04 12:15:03.622,0.73387,0.73409,1.45,1.20
2017.07.04 12:15:03.726,0.73388,0.7341,1.01,4.57
2017.07.04 12:15:03.776,0.73388,0.7341,1.20,2.51
2017.07.04 12:15:03.978,0.73386,0.73408,1.20,1.20
2017.07.04 12:15:10.148,0.73387,0.73407,1.45,1.75
2017.07.04 12:15:10.673,0.7339,0.73407,1.00,1.75
2017.07.04 12:15:15.234,0.7339,0.73411,1.75,1.82
2017.07.04 12:15:21.577,0.73395,0.73411,1.00,2.70
2017.07.04 12:15:22.413,0.7339,0.73411,1.85,2.32
2017.07.04 12:15:27.056,0.7339,0.7341,1.07,1.85
2017.07.04 12:15:36.868,0.7339,0.73411,1.10,1.95
2017.07.04 12:15:38.961,0.73389,0.7341,1.20,3.64
2017.07.04 12:15:39.063,0.73389,0.73409,1.12,1.20
2017.07.04 12:15:42.908,0.7339,0.73409,1.00,1.85
2017.07.04 12:15:43.177,0.73387,0.73408,1.10,1.95
2017.07.04 12:15:43.228,0.73385,0.73407,6.11,1.07
2017.07.04 12:15:43.279,0.73385,0.73407,6.11,1.20
2017.07.04 12:15:45.990,0.73387,0.73408,2.25,1.57
2017.07.04 12:15:46.662,0.73387,0.73407,2.25,1.07
2017.07.04 12:15:50.926,0.7339,0.73407,1.00,1.07
2017.07.04 12:15:52.088,0.7339,0.73408,1.00,1.95
2017.07.04 12:15:52.242,0.73387,0.73408,2.32,1.95
2017.07.04 12:15:55.229,0.73386,0.73408,1.20,1.95
2017.07.04 12:15:57.019,0.7339,0.73408,1.00,1.76
2017.07.04 12:16:00.326,0.73385,0.73406,1.82,1.12
2017.07.04 12:16:00.377,0.73385,0.73406,1.75,4.01
2017.07.04 12:16:00.478,0.73385,0.73403,1.00,1.20
2017.07.04 12:16:00.730,0.73384,0.73402,1.00,1.07
2017.07.04 12:16:01.879,0.73383,0.73402,1.00,1.07
2017.07.04 12:16:05.233,0.73383,0.73402,1.10,1.10
2017.07.04 12:16:05.761,0.73383,0.73402,1.00,1.07
2017.07.04 12:16:06.937,0.73381,0.73403,2.12,2.32
2017.07.04 12:16:07.678,0.73381,0.73403,1.80,2.32
2017.07.04 12:16:09.468,0.73381,0.73403,1.80,2.32
2017.07.04 12:16:11.624,0.73385,0.73404,1.00,1.20
2017.07.04 12:16:11.826,0.73385,0.73406,1.45,1.82
2017.07.04 12:16:11.978,0.73385,0.73407,1.45,2.32
2017.07.04 12:16:12.028,0.73385,0.73407,1.20,2.32
2017.07.04 12:16:12.079,0.73385,0.73407,1.20,2.32
2017.07.04 12:16:12.568,0.73385,0.73404,1.50,1.45
2017.07.04 12:16:12.899,0.73381,0.73403,3.45,1.20
2017.07.04 12:16:13.965,0.7338,0.73402,3.45,2.32
2017.07.04 12:16:14.548,0.7338,0.73402,3.45,2.32
2017.07.04 12:16:28.720,0.73378,0.73399,1.85,1.45
2017.07.04 12:16:28.822,0.73378,0.73399,1.57,1.20
2017.07.04 12:16:34.098,0.73378,0.73398,1.10,1.45
2017.07.04 12:16:44.960,0.7338,0.73398,1.00,1.82
2017.07.04 12:16:46.324,0.73379,0.73399,1.00,1.20
2017.07.04 12:16:46.655,0.7338,0.73402,1.20,2.14
2017.07.04 12:16:58.283,0.7338,0.734,1.50,2.14
2017.07.04 12:17:06.148,0.7338,0.73402,3.45,2.14
2017.07.04 12:17:06.199,0.7338,0.73402,3.45,2.14
2017.07.04 12:17:11.259,0.73379,0.73399,1.95,1.10
2017.07.04 12:17:11.310,0.73379,0.73398,1.95,1.12
2017.07.04 12:17:11.412,0.73379,0.73399,1.57,1.82
2017.07.04 12:17:12.588,0.73376,0.73397,3.11,1.50
2017.07.04 12:17:13.265,0.73377,0.73397,1.45,1.85
2017.07.04 12:17:16.404,0.73377,0.73396,1.45,1.50
2017.07.04 12:17:20.029,0.73376,0.73396,1.70,1.75
2017.07.04 12:17:20.941,0.73376,0.73396,1.70,1.85
2017.07.04 12:17:22.597,0.73376,0.73396,1.45,1.75
2017.07.04 12:17:22.904,0.73376,0.73397,1.45,1.50
2017.07.04 12:17:30.109,0.73379,0.73397,1.00,1.50
2017.07.04 12:17:32.619,0.7338,0.73397,1.00,1.50
2017.07.04 12:17:37.923,0.73385,0.73399,1.00,1.75
2017.07.04 12:17:37.974,0.7338,0.73399,1.95,1.75
2017.07.04 12:17:38.024,0.7338,0.73402,1.95,3.82
2017.07.04 12:17:38.075,0.7338,0.73402,1.95,1.95
2017.07.04 12:17:38.718,0.7338,0.734,1.95,1.57
2017.07.04 12:17:39.384,0.7338,0.73399,1.75,1.20
2017.07.04 12:17:39.435,0.7338,0.73399,1.50,1.82
2017.07.04 12:17:40.339,0.7338,0.73397,1.00,1.57
2017.07.04 12:17:47.619,0.73379,0.73397,1.00,1.57
2017.07.04 12:17:50.912,0.73378,0.73397,1.10,1.57
2017.07.04 12:17:51.736,0.73378,0.73397,1.00,1.57
2017.07.04 12:17:58.376,0.73377,0.73396,1.10,1.57
2017.07.04 12:18:02.203,0.73377,0.73395,1.00,1.00
2017.07.04 12:18:03.752,0.73377,0.73396,1.00,1.50
2017.07.04 12:18:18.691,0.73375,0.73398,1.82,3.30
2017.07.04 12:18:19.302,0.73375,0.73398,1.82,3.30
2017.07.04 12:18:25.530,0.73376,0.73397,1.95,2.32
2017.07.04 12:18:26.413,0.73379,0.73399,1.07,1.35
2017.07.04 12:18:26.464,0.7338,0.73399,1.20,1.42
2017.07.04 12:18:26.565,0.7338,0.734,1.20,2.32
2017.07.04 12:18:26.806,0.7338,0.73399,1.12,1.07
2017.07.04 12:18:27.072,0.7338,0.73399,1.12,1.05
2017.07.04 12:18:28.547,0.73378,0.73395,1.85,1.00
2017.07.04 12:18:29.230,0.73379,0.73399,1.50,1.75
2017.07.04 12:18:29.888,0.73379,0.734,1.50,4.61
2017.07.04 12:18:32.165,0.73379,0.734,1.50,4.61
2017.07.04 12:18:38.786,0.73379,0.734,1.50,4.99
2017.07.04 12:18:39.471,0.73379,0.734,1.50,4.99
2017.07.04 12:18:44.785,0.73379,0.73399,1.50,1.01
2017.07.04 12:18:45.088,0.73375,0.73395,1.57,1.47
2017.07.04 12:18:45.441,0.73375,0.73395,1.20,1.85
2017.07.04 12:18:45.743,0.7338,0.73396,1.00,1.95
2017.07.04 12:18:46.313,0.73375,0.73393,1.12,1.45
2017.07.04 12:18:46.566,0.7337,0.73392,3.45,1.20
2017.07.04 12:19:01.715,0.7337,0.73391,1.95,1.82
2017.07.04 12:19:04.599,0.7337,0.73389,1.37,3.45
2017.07.04 12:19:04.650,0.7337,0.73387,1.00,1.85
2017.07.04 12:19:04.861,0.73367,0.73387,1.07,1.75
2017.07.04 12:19:05.556,0.73367,0.73387,1.32,1.75
2017.07.04 12:19:06.260,0.73367,0.73387,1.32,1.85
2017.07.04 12:19:06.833,0.73367,0.73388,1.76,1.75
2017.07.04 12:19:07.090,0.73369,0.73388,1.45,1.50
2017.07.04 12:19:25.698,0.73366,0.73388,1.82,1.57
2017.07.04 12:19:38.698,0.7337,0.7339,1.57,2.25
2017.07.04 12:19:38.900,0.7337,0.7339,1.95,1.75
2017.07.04 12:19:40.547,0.7337,0.7339,1.57,1.95
2017.07.04 12:19:41.672,0.73375,0.73391,1.00,2.17
2017.07.04 12:19:46.992,0.73375,0.73392,1.00,3.67
2017.07.04 12:19:51.525,0.73375,0.73389,1.00,1.00
2017.07.04 12:19:53.628,0.7337,0.73389,2.70,1.00
2017.07.04 12:19:53.928,0.73375,0.73389,1.00,1.00
2017.07.04 12:19:54.430,0.73375,0.7339,1.00,1.12
2017.07.04 12:19:56.652,0.7337,0.7339,2.70,1.20
2017.07.04 12:19:56.803,0.7337,0.73389,1.50,1.57
2017.07.04 12:19:56.952,0.73367,0.73388,1.20,1.20
2017.07.04 12:19:57.054,0.73367,0.73388,1.95,1.82
2017.07.04 12:19:59.350,0.7337,0.73387,1.00,1.57
2017.07.04 12:20:00.529,0.73367,0.73387,1.45,1.57
2017.07.04 12:20:01.251,0.7337,0.73388,1.00,1.95
2017.07.04 12:20:02.731,0.73367,0.73388,1.57,1.95
2017.07.04 12:20:03.437,0.7337,0.73388,1.00,1.82
2017.07.04 12:20:12.751,0.7337,0.73389,1.12,2.55
2017.07.04 12:20:30.974,0.73366,0.73385,1.75,1.80
2017.07.04 12:20:31.025,0.73365,0.73385,1.75,4.05
2017.07.04 12:20:31.796,0.73362,0.73384,1.75,2.70
2017.07.04 12:20:31.847,0.73365,0.73384,1.75,1.95
2017.07.04 12:20:32.535,0.73365,0.73383,1.50,1.47
2017.07.04 12:20:33.345,0.73365,0.73383,1.12,1.85
2017.07.04 12:20:34.340,0.73364,0.73385,3.45,2.25
2017.07.04 12:20:34.646,0.73365,0.73385,1.75,2.32
2017.07.04 12:20:38.080,0.7337,0.73385,1.00,1.82
2017.07.04 12:20:39.338,0.73365,0.73385,1.85,2.32
2017.07.04 12:20:41.420,0.73366,0.73385,1.45,1.75
2017.07.04 12:20:41.748,0.7337,0.73386,1.00,2.70
2017.07.04 12:20:41.859,0.73365,0.73385,1.75,3.07
2017.07.04 12:20:43.623,0.73365,0.73385,1.50,4.95
2017.07.04 12:20:44.145,0.73365,0.73384,1.12,1.82
2017.07.04 12:20:48.451,0.73369,0.73384,1.00,1.75
2017.07.04 12:20:48.553,0.73364,0.73385,1.87,3.82
2017.07.04 12:20:48.720,0.73365,0.73385,3.26,1.87
2017.07.04 12:20:48.772,0.7337,0.73391,2.62,3.49
2017.07.04 12:20:48.873,0.7337,0.7339,1.82,1.16
2017.07.04 12:20:48.975,0.73369,0.73387,1.20,1.05
2017.07.04 12:20:49.077,0.73365,0.73387,2.32,1.52
2017.07.04 12:20:49.128,0.73365,0.73387,1.75,2.17
2017.07.04 12:20:49.179,0.73365,0.73386,2.25,1.20
2017.07.04 12:20:49.574,0.73365,0.73388,3.45,1.45
2017.07.04 12:20:50.152,0.73365,0.73388,3.07,1.07
2017.07.04 12:20:58.150,0.73366,0.73389,1.20,3.49
2017.07.04 12:21:04.572,0.7337,0.73391,1.37,1.42
2017.07.04 12:21:05.118,0.7337,0.73392,2.32,2.25
2017.07.04 12:21:07.822,0.73371,0.73394,1.20,1.95
2017.07.04 12:21:08.529,0.73373,0.73391,1.00,1.10
2017.07.04 12:21:10.208,0.73373,0.7339,1.00,1.00
2017.07.04 12:21:10.748,0.7337,0.7339,1.75,1.45
2017.07.04 12:21:11.012,0.73372,0.73392,1.37,2.25
2017.07.04 12:21:11.336,0.73375,0.73393,1.50,1.42
2017.07.04 12:21:11.669,0.7337,0.73392,2.70,1.45
2017.07.04 12:21:13.875,0.73375,0.73395,1.00,3.82
2017.07.04 12:21:14.027,0.73375,0.73396,2.70,1.85
2017.07.04 12:21:14.128,0.73375,0.73396,2.70,1.57
2017.07.04 12:21:16.865,0.73374,0.73396,4.20,1.95
2017.07.04 12:21:16.966,0.73374,0.73397,3.07,2.74
2017.07.04 12:21:23.070,0.73375,0.73396,1.75,1.95
2017.07.04 12:21:24.244,0.73375,0.73396,1.50,2.14
2017.07.04 12:21:27.200,0.73373,0.73392,1.12,1.76
2017.07.04 12:21:27.302,0.73371,0.73393,2.62,4.05
2017.07.04 12:21:27.404,0.7337,0.73391,1.82,1.85
2017.07.04 12:21:29.930,0.73374,0.7339,1.00,1.42
2017.07.04 12:21:31.221,0.7337,0.7339,1.85,2.17
2017.07.04 12:21:37.750,0.73369,0.7339,1.75,2.55
2017.07.04 12:21:39.936,0.7337,0.7339,1.75,3.45
2017.07.04 12:21:40.182,0.7337,0.73391,1.75,1.47
2017.07.04 12:21:41.447,0.7337,0.7339,1.75,1.39
2017.07.04 12:21:41.759,0.7337,0.73388,1.50,1.07
2017.07.04 12:21:42.370,0.7337,0.73389,1.50,1.57
2017.07.04 12:21:45.024,0.73367,0.73389,1.82,1.85
2017.07.04 12:22:05.641,0.7337,0.73389,1.50,1.50
2017.07.04 12:22:09.967,0.73367,0.73388,1.95,1.56
2017.07.04 12:22:10.169,0.73366,0.73385,2.32,1.60
2017.07.04 12:22:10.270,0.73366,0.73386,1.47,2.17
2017.07.04 12:22:10.472,0.73367,0.73387,1.95,1.50
2017.07.04 12:22:12.299,0.73366,0.73388,2.32,2.47
2017.07.04 12:22:12.596,0.7337,0.73389,1.07,3.60
2017.07.04 12:22:14.070,0.7337,0.73389,1.00,1.42
2017.07.04 12:22:14.623,0.73368,0.7339,1.57,2.17
2017.07.04 12:22:16.034,0.7337,0.73391,1.95,2.25
2017.07.04 12:22:18.490,0.7337,0.7339,1.95,1.12
2017.07.04 12:22:19.797,0.7337,0.7339,1.10,2.44
2017.07.04 12:22:25.607,0.7337,0.7339,1.00,2.81
2017.07.04 12:22:43.976,0.7337,0.73389,1.07,2.25
2017.07.04 12:22:44.027,0.7337,0.73389,1.07,1.87
2017.07.04 12:22:44.556,0.73372,0.7339,1.10,1.00
2017.07.04 12:22:45.517,0.7337,0.73391,1.95,3.86
2017.07.04 12:22:46.042,0.73371,0.73391,1.07,3.22
2017.07.04 12:22:46.858,0.7337,0.73391,1.95,3.86
2017.07.04 12:23:02.919,0.7337,0.7339,1.95,1.31
2017.07.04 12:23:05.854,0.7337,0.73391,1.95,4.35
2017.07.04 12:23:07.413,0.7337,0.73391,1.45,4.05
2017.07.04 12:23:08.321,0.73371,0.73391,1.07,3.97
2017.07.04 12:23:08.826,0.7337,0.73391,1.95,4.05
2017.07.04 12:23:10.989,0.73371,0.73391,1.20,3.60
2017.07.04 12:23:11.234,0.73371,0.7339,1.95,1.00
2017.07.04 12:23:11.874,0.73371,0.7339,1.95,1.00
2017.07.04 12:23:12.511,0.73371,0.7339,1.95,1.00
2017.07.04 12:23:26.977,0.73371,0.73392,1.95,2.10
2017.07.04 12:23:27.749,0.73371,0.73392,1.95,2.10
2017.07.04 12:23:28.481,0.73371,0.73392,1.95,2.10
2017.07.04 12:23:35.995,0.73371,0.73392,1.95,2.10
2017.07.04 12:23:36.046,0.7337,0.7339,2.32,1.76
2017.07.04 12:23:36.756,0.7337,0.73387,1.00,1.00
2017.07.04 12:23:38.992,0.7337,0.73388,1.00,3.37
2017.07.04 12:23:39.093,0.7337,0.73388,1.00,3.37
2017.07.04 12:23:41.046,0.73369,0.73387,1.10,1.12
2017.07.04 12:23:43.606,0.7337,0.73388,1.00,3.37
2017.07.04 12:23:48.515,0.73369,0.73387,1.00,1.12
2017.07.04 12:23:49.101,0.7337,0.73387,1.00,1.12
2017.07.04 12:23:51.433,0.73369,0.73389,2.32,3.37
2017.07.04 12:23:51.639,0.7337,0.73389,1.50,1.00
2017.07.04 12:23:51.894,0.7337,0.73387,1.50,1.30
2017.07.04 12:23:52.398,0.73364,0.73386,1.95,2.92
2017.07.04 12:24:08.495,0.7337,0.73385,1.00,2.25
2017.07.04 12:24:08.748,0.73371,0.73388,1.45,1.50
2017.07.04 12:24:08.849,0.7337,0.73392,1.95,2.92
2017.07.04 12:24:09.675,0.7337,0.7339,1.85,1.50
2017.07.04 12:24:09.776,0.7337,0.73391,1.85,1.42
2017.07.04 12:24:19.647,0.7337,0.73385,1.75,2.10
2017.07.04 12:24:19.892,0.7337,0.73385,1.00,1.00
2017.07.04 12:24:19.993,0.73371,0.73388,1.00,2.17
2017.07.04 12:24:21.258,0.73371,0.73389,1.00,4.80
2017.07.04 12:24:22.646,0.73371,0.73389,1.00,3.30
2017.07.04 12:24:23.220,0.73371,0.73389,1.00,3.30
2017.07.04 12:24:24.942,0.7337,0.73388,1.37,2.55
2017.07.04 12:24:25.623,0.7337,0.73388,1.00,2.92
2017.07.04 12:24:31.587,0.7337,0.7339,1.82,1.35
2017.07.04 12:24:43.514,0.73369,0.73389,1.57,1.35
2017.07.04 12:24:44.020,0.73366,0.73386,1.75,3.79
2017.07.04 12:24:44.365,0.7337,0.73387,1.00,2.62
2017.07.04 12:24:44.416,0.73369,0.73385,1.57,1.00
2017.07.04 12:24:44.467,0.73369,0.73385,1.95,1.00
2017.07.04 12:24:44.518,0.73369,0.73387,1.95,1.00
2017.07.04 12:24:48.633,0.7337,0.73389,2.32,1.87
2017.07.04 12:24:49.641,0.7337,0.73389,2.32,1.87
2017.07.04 12:24:54.122,0.7337,0.73391,1.82,1.35
2017.07.04 12:24:54.312,0.7337,0.73391,2.32,1.35
2017.07.04 12:24:55.510,0.7337,0.73391,2.89,2.85
2017.07.04 12:24:56.327,0.7337,0.73389,1.57,1.75
2017.07.04 12:25:00.880,0.7337,0.7339,1.20,2.10
2017.07.04 12:25:00.930,0.73369,0.73389,2.32,1.75
2017.07.04 12:25:01.473,0.7337,0.73389,1.07,1.75
2017.07.04 12:25:01.574,0.7337,0.73389,1.07,1.75
2017.07.04 12:25:02.180,0.73369,0.73389,2.32,1.75
2017.07.04 12:25:04.565,0.73369,0.73388,1.95,1.75
2017.07.04 12:25:04.666,0.73369,0.73388,1.57,1.75
2017.07.04 12:25:05.365,0.73369,0.73389,2.25,1.75
2017.07.04 12:25:05.935,0.73369,0.73389,1.20,1.75
2017.07.04 12:25:06.036,0.73369,0.73387,1.20,1.00
2017.07.04 12:25:06.550,0.73369,0.73387,1.95,1.00
2017.07.04 12:25:06.651,0.73369,0.73389,1.95,1.75
2017.07.04 12:25:06.752,0.73369,0.73387,1.95,1.00
2017.07.04 12:25:07.340,0.7337,0.73391,1.20,3.07
2017.07.04 12:25:08.514,0.7337,0.73391,2.51,3.00
2017.07.04 12:25:10.210,0.73371,0.73391,1.32,1.75
2017.07.04 12:25:10.812,0.73371,0.73391,1.31,1.75
2017.07.04 12:25:11.865,0.7337,0.73391,4.01,1.75
2017.07.04 12:25:12.476,0.73371,0.73391,1.00,1.85
2017.07.04 12:25:13.030,0.7337,0.73391,3.94,1.75
2017.07.04 12:25:13.081,0.7337,0.73391,4.39,1.75
2017.07.04 12:25:15.195,0.7337,0.73391,1.95,3.60
2017.07.04 12:25:15.745,0.73371,0.73391,1.00,3.67
2017.07.04 12:25:18.177,0.7337,0.73391,1.87,3.67
2017.07.04 12:25:23.184,0.7337,0.73391,2.32,3.67
2017.07.04 12:25:31.982,0.73371,0.73391,1.37,4.05
2017.07.04 12:25:32.033,0.73375,0.7339,1.00,1.00
2017.07.04 12:25:32.336,0.7338,0.7339,1.00,1.00
2017.07.04 12:25:32.386,0.7338,0.73398,1.00,3.82
2017.07.04 12:25:32.487,0.73379,0.73398,1.50,1.45
2017.07.04 12:25:32.589,0.73379,0.73399,1.75,1.45
2017.07.04 12:25:33.150,0.7338,0.734,1.75,1.57
2017.07.04 12:25:33.352,0.73382,0.73401,1.50,1.45
2017.07.04 12:25:33.813,0.7338,0.734,1.75,2.51
2017.07.04 12:25:34.015,0.7338,0.73398,1.12,1.45
2017.07.04 12:25:34.204,0.73385,0.73401,1.00,2.32
2017.07.04 12:25:34.305,0.73385,0.73402,1.00,1.20
2017.07.04 12:25:34.407,0.73385,0.73402,1.00,1.20
2017.07.04 12:25:34.710,0.73381,0.734,1.50,1.57
2017.07.04 12:25:34.911,0.73385,0.73401,1.00,1.20
2017.07.04 12:25:36.182,0.73381,0.73401,1.50,1.95
2017.07.04 12:25:36.653,0.73385,0.73399,1.00,1.07
2017.07.04 12:25:36.906,0.73385,0.73402,1.12,1.45
2017.07.04 12:25:37.209,0.7338,0.73401,2.25,1.95
2017.07.04 12:25:37.854,0.7338,0.734,3.37,1.12
2017.07.04 12:25:40.393,0.7338,0.734,2.25,1.57
2017.07.04 12:25:40.545,0.7338,0.734,2.25,1.12
2017.07.04 12:25:40.646,0.73385,0.73402,1.00,2.55
2017.07.04 12:25:41.000,0.73385,0.73402,1.00,2.12
2017.07.04 12:25:42.789,0.73385,0.734,1.00,1.45
2017.07.04 12:25:46.832,0.7338,0.734,2.25,1.20
2017.07.04 12:25:51.302,0.73382,0.734,1.00,1.45
2017.07.04 12:26:05.624,0.7338,0.734,1.87,1.95
2017.07.04 12:26:08.888,0.73379,0.73401,1.87,2.55
2017.07.04 12:26:09.717,0.73379,0.734,2.70,1.07
2017.07.04 12:26:15.354,0.7338,0.734,2.32,1.12
2017.07.04 12:26:15.673,0.7338,0.734,1.50,1.95
2017.07.04 12:26:18.847,0.73381,0.73401,1.37,1.95
2017.07.04 12:26:28.158,0.73381,0.73401,2.25,1.57
2017.07.04 12:26:28.787,0.7338,0.73401,2.32,1.57
2017.07.04 12:26:30.103,0.73381,0.73401,2.25,1.12
2017.07.04 12:26:31.904,0.73385,0.73404,1.75,2.70
2017.07.04 12:26:33.273,0.73385,0.73408,4.57,1.42
2017.07.04 12:26:33.323,0.73389,0.73407,1.00,1.10
2017.07.04 12:26:33.590,0.73386,0.73408,3.26,2.55
2017.07.04 12:26:34.407,0.73386,0.73408,3.26,2.55
2017.07.04 12:26:36.984,0.73386,0.73403,1.00,1.42
2017.07.04 12:26:37.307,0.73381,0.73403,2.62,2.70
2017.07.04 12:26:37.877,0.73381,0.73401,1.50,1.75
2017.07.04 12:26:38.570,0.7338,0.734,1.47,1.57
2017.07.04 12:26:38.899,0.7338,0.734,2.32,1.47
2017.07.04 12:26:42.181,0.73385,0.73403,1.00,1.95
2017.07.04 12:26:45.747,0.7339,0.73405,1.00,2.70
2017.07.04 12:26:45.798,0.7339,0.73406,1.00,1.95
2017.07.04 12:26:45.899,0.7339,0.73408,1.00,1.95
2017.07.04 12:26:46.494,0.7339,0.73408,1.00,1.20
2017.07.04 12:26:46.951,0.7339,0.7341,1.12,2.70
2017.07.04 12:26:49.155,0.73388,0.73405,1.50,1.00
2017.07.04 12:26:49.997,0.73388,0.73405,1.00,1.12
2017.07.04 12:27:03.656,0.73386,0.73405,1.00,1.47
2017.07.04 12:27:04.089,0.73386,0.734,1.00,1.00
2017.07.04 12:27:04.291,0.73382,0.734,1.10,1.50
2017.07.04 12:27:04.508,0.73385,0.734,1.00,1.00
2017.07.04 12:27:04.711,0.73386,0.73405,1.00,2.32
2017.07.04 12:27:08.694,0.73386,0.73405,1.00,1.95
2017.07.04 12:27:08.795,0.73386,0.73405,1.00,2.70
2017.07.04 12:27:09.298,0.73386,0.73405,1.00,2.32
2017.07.04 12:27:09.349,0.73386,0.73405,1.00,2.32
2017.07.04 12:27:10.253,0.73383,0.73405,1.76,1.95
2017.07.04 12:27:13.884,0.73386,0.73404,1.00,4.39
2017.07.04 12:27:14.188,0.73379,0.734,1.75,3.07
2017.07.04 12:27:14.238,0.73379,0.73399,1.50,1.20
2017.07.04 12:27:15.262,0.73378,0.73398,1.85,1.10
2017.07.04 12:27:19.058,0.73377,0.73399,1.76,1.45
2017.07.04 12:27:22.028,0.73376,0.73399,6.64,1.45
2017.07.04 12:27:29.090,0.7338,0.73401,1.20,1.95
2017.07.04 12:27:29.381,0.7338,0.73399,1.75,1.45
2017.07.04 12:27:29.685,0.73379,0.73395,1.00,1.00
2017.07.04 12:27:30.862,0.73379,0.73395,1.00,1.95
2017.07.04 12:27:30.963,0.73375,0.73395,3.00,1.20
2017.07.04 12:27:31.704,0.73376,0.73395,1.75,1.20
2017.07.04 12:27:32.689,0.73376,0.73395,1.75,1.20
2017.07.04 12:27:32.992,0.73375,0.73395,1.87,1.85
2017.07.04 12:27:35.502,0.73375,0.73393,1.50,1.07
2017.07.04 12:27:35.603,0.73375,0.73393,1.00,1.20
2017.07.04 12:27:37.078,0.73375,0.73395,1.12,4.05
2017.07.04 12:27:38.480,0.73375,0.73395,1.50,3.67
2017.07.04 12:27:41.837,0.73375,0.73395,3.00,3.67
2017.07.04 12:27:42.394,0.73375,0.73395,2.25,2.17
2017.07.04 12:27:45.884,0.73375,0.73395,1.50,1.75
2017.07.04 12:27:46.608,0.73376,0.73396,1.37,2.70
2017.07.04 12:27:47.345,0.73374,0.73396,2.32,2.70
2017.07.04 12:27:48.784,0.7338,0.73397,1.00,1.95
2017.07.04 12:27:48.926,0.7338,0.73397,1.37,1.95
2017.07.04 12:27:49.651,0.7338,0.734,1.75,4.20
2017.07.04 12:27:50.317,0.7338,0.73399,2.25,1.07
2017.07.04 12:27:52.215,0.73379,0.73399,1.75,1.07
2017.07.04 12:27:55.950,0.73379,0.73399,1.75,1.42
2017.07.04 12:27:56.052,0.73378,0.73399,2.25,2.17
2017.07.04 12:27:56.103,0.73378,0.73399,2.25,2.55
2017.07.04 12:27:56.778,0.73378,0.73399,1.75,2.12
2017.07.04 12:27:59.271,0.73378,0.73397,2.25,2.55
2017.07.04 12:28:00.165,0.73378,0.73397,2.25,2.55
2017.07.04 12:28:00.216,0.73378,0.73397,1.75,3.67
2017.07.04 12:28:00.318,0.73376,0.73395,1.75,1.05
2017.07.04 12:28:00.419,0.73375,0.73395,1.75,1.42
2017.07.04 12:28:01.056,0.73375,0.73394,3.00,1.95
2017.07.04 12:28:04.631,0.73375,0.73394,3.00,1.95
2017.07.04 12:28:05.135,0.73375,0.73395,2.25,3.11
2017.07.04 12:28:09.695,0.73375,0.73395,2.25,1.61
2017.07.04 12:28:10.299,0.73377,0.73396,1.75,2.14
2017.07.04 12:28:10.833,0.7338,0.73397,1.00,2.70
2017.07.04 12:28:12.620,0.73375,0.73394,2.25,1.07
2017.07.04 12:28:12.671,0.73376,0.73394,1.00,1.20
2017.07.04 12:28:12.722,0.73379,0.73394,1.00,1.20
2017.07.04 12:28:12.925,0.73379,0.73398,1.00,1.85
2017.07.04 12:28:13.532,0.7338,0.73397,1.00,1.20
2017.07.04 12:28:23.258,0.73377,0.73395,1.57,1.12
2017.07.04 12:28:23.409,0.73375,0.73395,1.75,1.07
2017.07.04 12:28:23.562,0.73375,0.73394,1.12,1.20
2017.07.04 12:28:27.756,0.73375,0.73393,1.00,1.20
2017.07.04 12:28:28.358,0.73375,0.73394,1.12,1.75
2017.07.04 12:28:32.969,0.73375,0.73394,1.20,1.75
2017.07.04 12:28:37.052,0.73375,0.73394,1.20,1.75
2017.07.04 12:28:39.872,0.73375,0.73394,1.20,1.75
2017.07.04 12:28:40.074,0.7338,0.73399,1.00,1.85
2017.07.04 12:28:40.689,0.73379,0.73399,1.20,1.85
2017.07.04 12:28:47.951,0.7338,0.73399,1.00,1.85
2017.07.04 12:28:51.864,0.73375,0.73395,1.57,1.37
2017.07.04 12:28:51.915,0.73375,0.73394,1.20,1.50
2017.07.04 12:28:52.016,0.73375,0.73394,1.10,1.75
2017.07.04 12:28:52.218,0.73375,0.73395,1.20,2.17
2017.07.04 12:29:02.767,0.73375,0.73391,1.12,1.10
2017.07.04 12:29:02.818,0.73374,0.73392,1.12,2.32
2017.07.04 12:29:03.020,0.73375,0.73391,1.00,1.00
2017.07.04 12:29:04.692,0.73375,0.73391,1.00,1.07
2017.07.04 12:29:05.301,0.73375,0.73391,1.00,1.45
2017.07.04 12:29:09.964,0.73375,0.73391,1.00,1.20
2017.07.04 12:29:10.345,0.7338,0.73391,1.00,1.00
2017.07.04 12:29:10.547,0.7338,0.73397,1.12,1.45
2017.07.04 12:29:11.124,0.7338,0.73398,1.12,2.70
2017.07.04 12:29:13.769,0.7338,0.734,1.12,2.70
2017.07.04 12:29:24.317,0.7338,0.73397,1.12,1.07
2017.07.04 12:29:24.846,0.7338,0.734,1.12,1.20
2017.07.04 12:29:25.979,0.73381,0.73401,1.00,1.95
2017.07.04 12:29:26.232,0.73381,0.734,1.00,1.95
2017.07.04 12:29:26.283,0.73385,0.734,1.00,1.45
2017.07.04 12:29:26.531,0.7338,0.73399,1.75,1.07
2017.07.04 12:29:28.015,0.73381,0.734,1.00,1.95
2017.07.04 12:29:28.322,0.73385,0.734,1.00,1.45
2017.07.04 12:29:28.372,0.73381,0.734,1.00,1.95
2017.07.04 12:29:29.037,0.7338,0.73399,1.50,1.20
2017.07.04 12:29:29.340,0.73381,0.734,1.50,1.95
2017.07.04 12:29:29.795,0.73381,0.734,1.50,1.57
2017.07.04 12:29:29.897,0.73381,0.734,1.12,1.57
2017.07.04 12:29:30.424,0.73381,0.734,1.00,1.57
2017.07.04 12:29:31.101,0.73381,0.734,1.12,1.95
2017.07.04 12:29:31.639,0.7338,0.73399,2.25,1.07
2017.07.04 12:29:32.260,0.7338,0.734,2.25,1.95
2017.07.04 12:29:32.839,0.73381,0.73399,1.50,1.07
2017.07.04 12:29:33.600,0.7338,0.734,2.25,1.95
2017.07.04 12:29:34.104,0.7338,0.73399,2.25,1.07
2017.07.04 12:29:34.699,0.7338,0.734,2.62,1.95
2017.07.04 12:29:35.273,0.73381,0.734,1.00,1.95
2017.07.04 12:29:35.918,0.73381,0.734,1.50,1.95
2017.07.04 12:29:36.588,0.73381,0.734,1.50,1.57
2017.07.04 12:29:37.125,0.73381,0.734,1.50,1.95
2017.07.04 12:29:37.433,0.73385,0.73404,1.00,2.70
2017.07.04 12:29:37.736,0.7339,0.73405,1.00,1.95
2017.07.04 12:29:37.924,0.73386,0.73405,1.00,2.70
2017.07.04 12:29:38.472,0.7339,0.73405,1.00,1.95
2017.07.04 12:29:38.660,0.73386,0.73405,1.00,2.70
2017.07.04 12:29:39.076,0.7339,0.73405,1.00,1.95
2017.07.04 12:29:39.127,0.73387,0.73405,1.00,1.75
2017.07.04 12:29:39.229,0.73386,0.73405,1.37,1.50
2017.07.04 12:29:39.330,0.73386,0.73405,1.75,1.20
2017.07.04 12:29:39.943,0.73386,0.73405,1.75,1.20
2017.07.04 12:29:40.145,0.73386,0.73404,1.00,1.00
2017.07.04 12:29:41.429,0.73385,0.73405,1.37,2.89
2017.07.04 12:29:41.782,0.73386,0.73404,1.00,1.10
2017.07.04 12:29:41.966,0.73385,0.73405,2.70,1.12
2017.07.04 12:29:42.420,0.73386,0.73405,1.75,1.57
2017.07.04 12:29:42.959,0.73385,0.73405,2.25,1.57
2017.07.04 12:29:45.248,0.73384,0.73406,3.07,1.57
2017.07.04 12:29:46.928,0.73387,0.73406,1.00,1.50
2017.07.04 12:29:47.319,0.7339,0.73408,1.00,3.49
2017.07.04 12:29:47.607,0.7339,0.73406,1.00,1.10
2017.07.04 12:29:48.112,0.73387,0.73406,1.10,1.00
2017.07.04 12:29:48.663,0.73387,0.73406,1.20,1.00
2017.07.04 12:29:49.324,0.73387,0.73406,1.20,1.00
2017.07.04 12:29:50.033,0.73387,0.73405,1.00,1.42
2017.07.04 12:29:51.423,0.73387,0.73405,1.00,1.10
2017.07.04 12:29:51.759,0.73385,0.73406,1.85,4.80
2017.07.04 12:29:52.085,0.7339,0.73406,1.00,3.67
2017.07.04 12:29:52.186,0.73386,0.73405,1.50,1.85
2017.07.04 12:29:52.863,0.73387,0.73408,1.07,1.42
2017.07.04 12:29:53.015,0.73387,0.73409,1.20,3.07
2017.07.04 12:30:00.485,0.73385,0.73405,1.85,1.47
2017.07.04 12:30:00.536,0.73385,0.73405,1.57,1.85
2017.07.04 12:30:05.597,0.73382,0.73404,2.32,2.32
2017.07.04 12:30:06.151,0.73383,0.73404,1.45,2.92
2017.07.04 12:30:11.504,0.73385,0.73404,1.00,1.42
2017.07.04 12:30:12.929,0.73383,0.73404,1.45,1.42
2017.07.04 12:30:13.435,0.73383,0.73405,1.45,2.32
2017.07.04 12:30:17.299,0.73382,0.73405,2.14,2.70
2017.07.04 12:30:18.369,0.73385,0.73405,1.00,1.95
2017.07.04 12:30:20.446,0.73383,0.73405,1.45,2.32
2017.07.04 12:30:21.187,0.73383,0.73405,1.45,2.32
2017.07.04 12:30:30.834,0.7338,0.734,1.85,2.70
2017.07.04 12:30:31.473,0.7338,0.734,2.32,2.32
2017.07.04 12:30:32.344,0.73381,0.734,1.57,1.00
2017.07.04 12:30:38.578,0.73385,0.73404,1.00,1.85
2017.07.04 12:30:38.679,0.73385,0.73406,1.12,4.61
2017.07.04 12:30:38.952,0.73385,0.73406,1.75,5.36
2017.07.04 12:30:39.388,0.73385,0.73405,1.12,2.12
2017.07.04 12:30:42.617,0.73385,0.73405,1.50,2.32
2017.07.04 12:30:42.668,0.73385,0.73405,1.75,2.70
2017.07.04 12:30:42.769,0.73385,0.73405,1.37,2.32
2017.07.04 12:30:42.992,0.73386,0.73405,1.00,2.32
2017.07.04 12:30:43.695,0.73386,0.73405,1.00,2.70
2017.07.04 12:30:44.967,0.73386,0.73405,1.00,2.32
2017.07.04 12:30:45.477,0.73386,0.73405,1.00,2.70
2017.07.04 12:30:46.820,0.73385,0.73405,1.50,2.70
2017.07.04 12:30:47.491,0.73385,0.73405,1.75,2.92
2017.07.04 12:30:47.773,0.73382,0.73405,1.20,2.55
2017.07.04 12:30:48.287,0.73385,0.73405,1.75,2.92
2017.07.04 12:30:48.794,0.73385,0.73405,1.50,2.92
2017.07.04 12:30:48.977,0.73385,0.73405,1.75,2.92
2017.07.04 12:30:49.478,0.73382,0.73405,2.70,3.64
2017.07.04 12:30:49.782,0.73385,0.73405,1.75,3.49
2017.07.04 12:30:50.323,0.73382,0.73405,2.89,4.05
2017.07.04 12:30:50.784,0.73385,0.73405,1.75,1.80
2017.07.04 12:30:51.557,0.73386,0.73408,1.85,3.49
2017.07.04 12:30:51.608,0.73386,0.73408,1.85,3.49
2017.07.04 12:30:52.482,0.73386,0.73408,1.82,2.89
2017.07.04 12:30:52.835,0.7339,0.73408,1.12,1.87
2017.07.04 12:30:52.936,0.7339,0.7341,1.75,1.20
2017.07.04 12:30:53.038,0.73388,0.73411,2.32,3.86
2017.07.04 12:30:53.139,0.73388,0.7341,2.25,1.82
2017.07.04 12:30:56.453,0.7339,0.73411,2.32,1.95
2017.07.04 12:30:57.670,0.7339,0.73411,2.32,1.95
2017.07.04 12:30:58.202,0.7339,0.73411,1.75,3.49
2017.07.04 12:30:58.253,0.7339,0.7341,1.75,1.37
2017.07.04 12:30:58.656,0.73389,0.73408,1.75,1.01
2017.07.04 12:30:59.336,0.73386,0.73408,1.85,3.64
2017.07.04 12:30:59.538,0.73385,0.73406,1.85,2.32
2017.07.04 12:31:02.030,0.73383,0.73405,1.85,4.05
2017.07.04 12:31:02.131,0.73382,0.73405,4.76,4.05
2017.07.04 12:31:03.333,0.73385,0.73405,1.85,2.92
2017.07.04 12:31:04.292,0.73387,0.73408,1.07,2.92
2017.07.04 12:31:04.343,0.73386,0.73408,1.95,2.92
2017.07.04 12:31:04.979,0.73386,0.73408,1.85,3.30
2017.07.04 12:31:09.516,0.73386,0.73407,1.75,1.07
2017.07.04 12:31:09.818,0.73385,0.73405,1.37,4.05
2017.07.04 12:31:09.869,0.73385,0.73405,1.12,4.05
2017.07.04 12:31:09.971,0.73382,0.73405,1.39,4.80
2017.07.04 12:31:11.117,0.73385,0.73405,1.37,3.64
2017.07.04 12:31:11.666,0.73385,0.73406,1.37,3.64
2017.07.04 12:31:11.816,0.73385,0.73406,1.12,3.64
2017.07.04 12:31:12.170,0.73385,0.73404,1.50,1.10
2017.07.04 12:31:12.592,0.73385,0.73405,1.12,3.64
2017.07.04 12:31:13.134,0.73385,0.73405,1.50,3.64
2017.07.04 12:31:13.270,0.73385,0.73405,1.50,3.64
2017.07.04 12:31:13.773,0.73385,0.73408,1.75,4.24
2017.07.04 12:31:14.076,0.73384,0.73405,1.85,1.20
2017.07.04 12:31:14.379,0.73385,0.73407,1.95,1.42
2017.07.04 12:31:14.481,0.73386,0.73408,1.20,3.11
2017.07.04 12:31:14.687,0.73385,0.73406,1.85,1.67
2017.07.04 12:31:15.493,0.73385,0.73406,2.25,1.42
2017.07.04 12:31:15.544,0.73386,0.73405,1.00,1.00
2017.07.04 12:31:15.595,0.73385,0.73406,2.25,1.42
2017.07.04 12:31:20.922,0.7339,0.73408,1.00,2.25
2017.07.04 12:31:21.568,0.73389,0.73411,1.82,5.17
2017.07.04 12:31:22.073,0.7339,0.73411,1.45,4.42
2017.07.04 12:31:23.153,0.7339,0.73411,1.45,4.35
2017.07.04 12:31:23.456,0.73395,0.73411,1.10,1.00
2017.07.04 12:31:24.022,0.73395,0.73414,1.47,1.50
2017.07.04 12:31:26.618,0.73392,0.7341,1.20,1.00
2017.07.04 12:31:26.670,0.73395,0.73414,1.57,1.50
2017.07.04 12:31:27.028,0.73395,0.73415,1.10,1.85
2017.07.04 12:31:27.755,0.73395,0.73414,1.50,1.00
2017.07.04 12:31:27.806,0.734,0.73414,1.00,1.00
2017.07.04 12:31:28.260,0.73405,0.7342,1.00,2.70
2017.07.04 12:31:28.311,0.734,0.73421,2.32,3.37
2017.07.04 12:31:28.362,0.734,0.73421,2.32,1.75
2017.07.04 12:31:28.684,0.73405,0.73423,1.00,2.70
2017.07.04 12:31:28.838,0.73405,0.73424,1.00,2.55
2017.07.04 12:31:29.479,0.73403,0.73425,1.57,4.20
2017.07.04 12:31:29.726,0.73406,0.73424,1.00,1.00
2017.07.04 12:31:30.242,0.73405,0.73423,1.00,1.10
2017.07.04 12:31:30.544,0.73402,0.73425,1.45,2.14
2017.07.04 12:31:31.919,0.73405,0.73425,1.00,1.75
2017.07.04 12:31:32.035,0.73405,0.73425,1.50,1.75
2017.07.04 12:31:32.526,0.73405,0.73426,1.75,1.42
2017.07.04 12:31:35.309,0.73405,0.73425,1.57,1.95
2017.07.04 12:31:35.552,0.73407,0.73425,1.07,1.00
2017.07.04 12:31:36.071,0.7341,0.73426,1.00,1.00
2017.07.04 12:31:36.456,0.73415,0.73433,1.00,1.75
2017.07.04 12:31:36.760,0.73415,0.73434,1.00,2.55
2017.07.04 12:31:37.565,0.7341,0.7343,1.82,1.37
2017.07.04 12:31:37.717,0.73411,0.7343,1.10,1.37
2017.07.04 12:31:38.181,0.73414,0.73432,1.00,1.85
2017.07.04 12:31:38.232,0.73414,0.73429,1.00,1.00
2017.07.04 12:31:38.383,0.73414,0.73434,1.57,2.92
2017.07.04 12:31:41.620,0.7342,0.73436,1.00,2.07
2017.07.04 12:31:41.721,0.73418,0.73437,1.10,1.75
2017.07.04 12:31:41.823,0.73418,0.73438,1.37,2.32
2017.07.04 12:31:41.874,0.73418,0.73438,1.75,1.87
2017.07.04 12:31:41.975,0.73417,0.73439,1.85,2.32
2017.07.04 12:31:44.323,0.73415,0.73438,2.70,2.89
2017.07.04 12:31:44.919,0.73415,0.73437,1.95,1.82
2017.07.04 12:31:47.341,0.73416,0.73435,1.00,1.05
2017.07.04 12:31:51.072,0.73413,0.73432,1.10,1.00
2017.07.04 12:31:51.748,0.73415,0.73432,1.00,1.00
2017.07.04 12:31:52.143,0.73413,0.73432,1.10,1.00
2017.07.04 12:31:52.562,0.73415,0.73432,1.00,1.00
2017.07.04 12:31:53.192,0.73413,0.73432,1.00,1.00
2017.07.04 12:31:53.922,0.73414,0.73432,1.10,1.00
2017.07.04 12:31:55.632,0.73415,0.73432,1.00,1.00
2017.07.04 12:31:56.163,0.73414,0.73432,1.10,1.00
2017.07.04 12:31:56.865,0.73415,0.73432,1.00,1.00
2017.07.04 12:31:57.117,0.73413,0.73432,1.10,1.00
2017.07.04 12:31:57.562,0.73415,0.73432,1.00,1.00
2017.07.04 12:31:57.612,0.73413,0.73432,1.10,1.00
2017.07.04 12:31:57.663,0.73415,0.73432,1.00,1.00
2017.07.04 12:31:58.445,0.73414,0.73432,1.10,1.00
2017.07.04 12:31:58.749,0.7342,0.73438,1.00,2.32
2017.07.04 12:31:58.799,0.7342,0.73437,1.37,1.87
2017.07.04 12:32:00.079,0.7342,0.73441,1.75,2.32
2017.07.04 12:32:00.615,0.73417,0.7344,1.82,1.85
2017.07.04 12:32:02.610,0.7342,0.73437,1.37,1.07
2017.07.04 12:32:02.920,0.73415,0.73435,1.75,1.07
2017.07.04 12:32:03.123,0.73415,0.73435,1.75,1.12
2017.07.04 12:32:03.379,0.73415,0.73436,1.20,1.20
2017.07.04 12:32:03.919,0.7342,0.73437,1.12,2.32
2017.07.04 12:32:04.801,0.73415,0.73435,1.87,1.00
2017.07.04 12:32:05.210,0.73415,0.73436,1.85,2.32
2017.07.04 12:32:05.362,0.73412,0.73434,3.07,1.20
2017.07.04 12:32:05.413,0.73412,0.73434,1.45,1.95
2017.07.04 12:32:05.616,0.73415,0.73434,1.10,1.75
2017.07.04 12:32:07.479,0.73413,0.73434,1.07,1.85
2017.07.04 12:32:08.036,0.73412,0.73434,1.45,1.95
2017.07.04 12:32:08.543,0.73412,0.73434,1.45,1.95
2017.07.04 12:32:09.205,0.73412,0.73434,1.45,1.95
2017.07.04 12:32:09.542,0.73409,0.73427,1.20,1.00
2017.07.04 12:32:09.747,0.73406,0.73424,1.10,1.00
2017.07.04 12:32:10.408,0.73405,0.73425,1.20,1.75
2017.07.04 12:32:10.754,0.73403,0.73422,1.45,1.75
2017.07.04 12:32:11.114,0.73405,0.73426,1.20,1.75
2017.07.04 12:32:11.752,0.73405,0.73425,1.07,1.75
2017.07.04 12:32:12.364,0.73405,0.73425,1.57,1.75
2017.07.04 12:32:12.630,0.73405,0.73425,1.20,1.75
2017.07.04 12:32:13.212,0.73405,0.73427,1.20,1.85
2017.07.04 12:32:15.693,0.7341,0.73428,1.00,1.82
2017.07.04 12:32:16.219,0.73405,0.73427,1.82,1.95
2017.07.04 12:32:18.253,0.73405,0.73425,1.20,1.85
2017.07.04 12:32:21.972,0.734,0.73421,2.70,1.00
2017.07.04 12:32:22.023,0.734,0.73421,1.85,2.32
2017.07.04 12:32:22.671,0.73401,0.73423,1.45,2.25
2017.07.04 12:32:22.722,0.73405,0.73423,1.00,2.25
2017.07.04 12:32:22.997,0.73401,0.73423,1.45,2.25
2017.07.04 12:32:23.503,0.734,0.73421,1.75,1.85
2017.07.04 12:32:28.685,0.73405,0.73421,1.00,1.82
2017.07.04 12:32:28.736,0.73405,0.73422,1.12,1.87
2017.07.04 12:32:29.543,0.73405,0.73425,1.50,1.39
2017.07.04 12:32:29.803,0.734,0.7342,2.62,1.20
2017.07.04 12:32:29.853,0.73397,0.7342,1.95,1.95
2017.07.04 12:32:29.955,0.734,0.7342,1.50,2.32
2017.07.04 12:32:30.449,0.734,0.73423,2.32,2.89
2017.07.04 12:32:30.959,0.73405,0.73425,1.00,1.85
2017.07.04 12:32:31.060,0.73405,0.73426,1.85,1.82
2017.07.04 12:32:33.373,0.7341,0.73426,1.00,2.25
2017.07.04 12:32:33.545,0.7341,0.73426,1.00,1.87
2017.07.04 12:32:33.747,0.73406,0.73425,1.82,1.50
2017.07.04 12:32:34.460,0.7341,0.73427,1.12,2.85
2017.07.04 12:32:34.846,0.73406,0.73427,1.20,1.42
2017.07.04 12:32:35.048,0.73405,0.73427,1.20,1.05
2017.07.04 12:32:35.477,0.73407,0.73427,1.45,2.25
2017.07.04 12:32:35.785,0.73408,0.73431,2.70,3.45
2017.07.04 12:32:35.937,0.73414,0.73432,1.00,3.45
2017.07.04 12:32:36.190,0.73414,0.73434,1.00,1.75
2017.07.04 12:32:38.635,0.73415,0.73435,1.00,2.32
2017.07.04 12:32:39.866,0.73415,0.73435,1.50,1.75
2017.07.04 12:32:40.166,0.73415,0.73437,1.85,1.95
2017.07.04 12:32:42.423,0.73412,0.73434,2.70,2.89
2017.07.04 12:32:42.566,0.7341,0.73429,1.45,1.00
2017.07.04 12:32:43.007,0.7341,0.73429,1.10,1.00
2017.07.04 12:32:43.058,0.7341,0.73431,1.20,1.20
2017.07.04 12:32:43.601,0.73408,0.7343,2.32,1.82
2017.07.04 12:32:53.000,0.73408,0.7343,1.82,2.51
2017.07.04 12:32:53.369,0.73405,0.73425,2.62,1.00
2017.07.04 12:32:53.470,0.73403,0.73425,2.14,1.82
2017.07.04 12:32:53.521,0.73403,0.73425,2.14,1.82
2017.07.04 12:32:54.044,0.73405,0.73427,1.37,3.07
2017.07.04 12:32:54.186,0.73406,0.73424,1.00,1.10
2017.07.04 12:32:59.045,0.73406,0.73424,1.00,1.07
2017.07.04 12:32:59.562,0.73406,0.73424,1.00,1.00
2017.07.04 12:33:00.388,0.73409,0.73424,1.00,1.00
2017.07.04 12:33:00.854,0.73406,0.73424,1.00,1.00
2017.07.04 12:33:01.498,0.73406,0.7343,2.89,4.76
2017.07.04 12:33:01.599,0.73407,0.7343,1.20,2.89
2017.07.04 12:33:02.018,0.7341,0.73431,1.47,1.82
2017.07.04 12:33:02.805,0.7341,0.7343,1.47,1.57
2017.07.04 12:33:03.226,0.7341,0.73432,1.95,2.70
2017.07.04 12:33:05.972,0.73412,0.73431,1.00,1.10
2017.07.04 12:33:06.484,0.73412,0.73431,1.07,1.00
2017.07.04 12:33:07.161,0.73412,0.73431,1.10,1.00
2017.07.04 12:33:07.408,0.7341,0.7343,1.20,1.37
2017.07.04 12:33:07.852,0.73409,0.7343,1.57,1.75
2017.07.04 12:33:08.540,0.73406,0.73429,1.45,1.95
2017.07.04 12:33:10.401,0.73409,0.73429,1.00,1.42
2017.07.04 12:33:10.760,0.7341,0.7343,1.50,1.20
2017.07.04 12:33:16.924,0.73411,0.7343,1.10,1.00
2017.07.04 12:33:19.898,0.73411,0.7343,1.00,1.95
2017.07.04 12:33:20.414,0.73411,0.7343,1.07,1.00
2017.07.04 12:33:20.916,0.73411,0.7343,1.00,1.10
2017.07.04 12:33:25.569,0.73411,0.7343,1.07,1.00
2017.07.04 12:33:26.938,0.73411,0.7343,1.00,1.00
2017.07.04 12:33:40.881,0.7341,0.73432,1.20,2.70
2017.07.04 12:33:49.857,0.7341,0.73429,1.75,1.07
2017.07.04 12:33:50.374,0.7341,0.73432,1.20,3.07
2017.07.04 12:33:56.110,0.7341,0.73431,1.95,1.01
2017.07.04 12:33:58.019,0.73413,0.73432,1.00,2.89
2017.07.04 12:34:02.137,0.73413,0.73432,1.00,1.10
2017.07.04 12:34:02.532,0.73409,0.7343,2.32,1.20
2017.07.04 12:34:02.837,0.73406,0.73428,1.82,1.45
2017.07.04 12:34:12.544,0.7341,0.73431,1.57,4.42
2017.07.04 12:34:12.998,0.7341,0.73431,1.85,4.05
2017.07.04 12:34:13.579,0.73407,0.7343,1.20,2.55
2017.07.04 12:34:16.181,0.73411,0.7343,1.07,1.75
2017.07.04 12:34:16.390,0.73415,0.73431,1.00,1.75
2017.07.04 12:34:17.091,0.73415,0.73431,1.00,1.87
2017.07.04 12:34:17.532,0.7341,0.7343,1.95,1.87
2017.07.04 12:34:17.633,0.7341,0.7343,1.37,1.95
2017.07.04 12:34:17.684,0.73409,0.73427,1.10,1.00
2017.07.04 12:34:18.183,0.7341,0.73429,1.10,1.75
2017.07.04 12:34:18.284,0.7341,0.73432,1.95,2.32
2017.07.04 12:34:20.156,0.73414,0.73432,1.00,1.75
2017.07.04 12:34:20.412,0.73415,0.73433,1.12,2.25
2017.07.04 12:34:20.715,0.73415,0.73432,1.00,1.75
2017.07.04 12:34:20.917,0.73415,0.73433,1.00,2.32
2017.07.04 12:34:21.069,0.73415,0.73431,1.00,1.20
2017.07.04 12:34:21.120,0.73409,0.73431,1.95,2.55
2017.07.04 12:34:21.283,0.73409,0.73431,1.95,2.70
2017.07.04 12:34:21.988,0.73415,0.73432,1.00,2.17
2017.07.04 12:34:22.089,0.73411,0.73432,1.07,2.17
2017.07.04 12:34:22.580,0.73415,0.73432,1.00,1.75
2017.07.04 12:34:22.681,0.73414,0.7343,1.00,1.00
2017.07.04 12:34:22.984,0.73415,0.73432,1.00,1.87
2017.07.04 12:34:23.085,0.7341,0.7343,1.95,1.75
2017.07.04 12:34:23.187,0.73412,0.7343,1.00,1.10
2017.07.04 12:34:23.354,0.7341,0.7343,1.47,2.32
2017.07.04 12:34:23.405,0.7341,0.73428,1.10,1.00
2017.07.04 12:34:24.060,0.73415,0.73428,1.00,1.00
2017.07.04 12:34:24.212,0.73409,0.73428,2.70,1.00
2017.07.04 12:34:24.957,0.73409,0.73432,1.95,2.70
2017.07.04 12:34:25.088,0.73415,0.73431,1.00,1.85
2017.07.04 12:34:25.190,0.7341,0.73432,3.82,2.70
2017.07.04 12:34:25.291,0.73413,0.73431,1.00,1.00
2017.07.04 12:34:26.252,0.7341,0.7343,1.75,1.37
2017.07.04 12:34:26.404,0.7341,0.73428,1.10,1.00
2017.07.04 12:34:26.918,0.7341,0.73428,1.20,1.00
2017.07.04 12:34:27.631,0.7341,0.7343,1.85,1.85
2017.07.04 12:34:27.732,0.73415,0.73432,1.00,3.45
2017.07.04 12:34:27.915,0.73415,0.73432,1.00,1.87
2017.07.04 12:34:27.966,0.73412,0.73431,1.45,1.37
2017.07.04 12:34:28.371,0.7341,0.7343,1.37,1.87
2017.07.04 12:34:28.423,0.73409,0.73428,1.57,1.00
2017.07.04 12:34:29.266,0.7341,0.73428,1.00,1.00
2017.07.04 12:34:35.840,0.7341,0.7343,1.37,1.82
2017.07.04 12:34:36.321,0.73407,0.7343,3.07,1.95
2017.07.04 12:34:37.381,0.7341,0.73431,1.50,2.12
2017.07.04 12:34:37.758,0.73409,0.73428,1.50,1.07
2017.07.04 12:34:38.271,0.73409,0.73428,1.00,1.10
2017.07.04 12:34:38.846,0.7341,0.73428,1.00,1.00
2017.07.04 12:34:40.353,0.7341,0.7343,1.50,1.45
2017.07.04 12:34:41.874,0.73414,0.73432,1.00,3.64
2017.07.04 12:34:42.126,0.73414,0.73434,1.12,2.32
2017.07.04 12:34:44.696,0.73411,0.7343,1.20,1.00
2017.07.04 12:34:45.226,0.73415,0.73432,1.00,1.47
2017.07.04 12:34:47.256,0.73415,0.73432,1.00,1.76
2017.07.04 12:34:47.357,0.73413,0.73431,1.00,3.49
2017.07.04 12:34:47.566,0.73408,0.7343,1.20,2.32
2017.07.04 12:34:48.628,0.73415,0.73429,1.00,2.25
2017.07.04 12:34:48.780,0.7341,0.73429,1.57,2.25
2017.07.04 12:34:49.033,0.7341,0.7343,1.57,1.20
2017.07.04 12:34:49.672,0.7341,0.7343,1.57,1.47
2017.07.04 12:34:50.497,0.7341,0.7343,1.20,1.75
2017.07.04 12:34:50.748,0.73414,0.73432,1.12,1.87
2017.07.04 12:34:51.276,0.73415,0.73429,1.00,1.50
2017.07.04 12:34:51.377,0.73412,0.7343,1.00,1.20
2017.07.04 12:34:51.622,0.7341,0.73429,1.57,1.00
2017.07.04 12:34:53.605,0.7341,0.73429,1.07,1.00
2017.07.04 12:34:54.280,0.7341,0.73429,1.57,1.00
2017.07.04 12:34:54.389,0.73414,0.73429,1.00,1.00
2017.07.04 12:34:54.824,0.7341,0.73429,1.57,1.00
2017.07.04 12:34:56.868,0.73414,0.73429,1.00,1.00
2017.07.04 12:34:57.401,0.73415,0.73429,1.00,1.00
2017.07.04 12:34:57.922,0.73414,0.73432,1.00,1.75
2017.07.04 12:34:58.174,0.73415,0.73434,1.00,1.75
2017.07.04 12:34:58.326,0.73415,0.73432,1.00,1.82
2017.07.04 12:34:58.377,0.7341,0.7343,1.95,1.75
2017.07.04 12:34:58.927,0.7341,0.73427,1.00,1.00
2017.07.04 12:34:59.647,0.73415,0.73427,1.00,1.00
2017.07.04 12:35:00.146,0.73409,0.73427,1.57,1.00
2017.07.04 12:35:00.718,0.73415,0.73427,1.00,1.00
2017.07.04 12:35:02.195,0.73415,0.73431,1.00,2.55
2017.07.04 12:35:03.436,0.7341,0.73431,1.45,3.30
2017.07.04 12:35:03.733,0.73415,0.73431,1.00,2.55
2017.07.04 12:35:08.274,0.7341,0.7343,1.57,1.85
2017.07.04 12:35:09.121,0.7341,0.73429,1.50,2.70
2017.07.04 12:35:13.508,0.7341,0.73428,1.00,1.45
2017.07.04 12:35:14.504,0.7341,0.7343,1.37,1.20
2017.07.04 12:35:14.706,0.7341,0.73431,2.62,2.70
2017.07.04 12:35:23.886,0.73409,0.73431,3.00,2.70
2017.07.04 12:35:28.470,0.7341,0.73431,1.50,2.70
2017.07.04 12:35:29.034,0.7341,0.7343,1.50,1.57
2017.07.04 12:35:29.834,0.7341,0.7343,1.37,2.55
2017.07.04 12:35:31.271,0.7341,0.7343,1.50,1.80
2017.07.04 12:35:32.886,0.73415,0.73431,1.00,1.80
2017.07.04 12:35:33.548,0.73415,0.73431,1.00,1.75
2017.07.04 12:35:35.350,0.73415,0.7343,1.00,1.07
2017.07.04 12:35:35.795,0.73409,0.7343,1.75,1.67
2017.07.04 12:35:37.951,0.73415,0.7343,1.00,1.67
2017.07.04 12:35:38.103,0.73415,0.73432,1.00,2.70
2017.07.04 12:35:38.406,0.73415,0.73434,1.12,1.80
2017.07.04 12:35:39.870,0.73415,0.73432,1.12,1.07
2017.07.04 12:35:40.459,0.73411,0.7343,1.75,1.07
2017.07.04 12:35:42.612,0.73411,0.73432,1.75,2.70
2017.07.04 12:35:45.160,0.73411,0.7343,1.75,1.07
2017.07.04 12:35:53.905,0.7341,0.7343,2.25,1.07
2017.07.04 12:35:56.166,0.73411,0.7343,1.75,1.07
2017.07.04 12:36:00.461,0.73411,0.7343,1.75,1.07
2017.07.04 12:36:11.408,0.7341,0.73432,2.25,3.64
2017.07.04 12:36:14.698,0.7341,0.73432,1.75,1.95
2017.07.04 12:36:15.011,0.73406,0.73427,1.87,1.61
2017.07.04 12:36:15.568,0.73406,0.73427,1.87,1.61
2017.07.04 12:36:16.206,0.73406,0.73427,1.87,2.36
2017.07.04 12:36:18.634,0.7341,0.73428,1.12,1.45
2017.07.04 12:36:18.915,0.7341,0.73428,1.75,1.07
2017.07.04 12:36:20.774,0.73408,0.73428,1.75,1.42
2017.07.04 12:36:21.085,0.73406,0.73428,2.25,2.55
2017.07.04 12:36:24.778,0.73406,0.73427,1.75,1.07
2017.07.04 12:36:25.514,0.73406,0.73428,1.85,1.75
2017.07.04 12:36:26.427,0.73412,0.7343,1.10,1.00
2017.07.04 12:36:26.989,0.7341,0.73431,3.45,1.95
2017.07.04 12:36:27.606,0.7341,0.73431,3.45,1.95
2017.07.04 12:36:30.847,0.73414,0.73433,1.75,1.01
2017.07.04 12:36:31.311,0.73412,0.7343,1.75,1.29
2017.07.04 12:36:31.564,0.7341,0.73426,1.00,1.10
2017.07.04 12:36:31.665,0.73406,0.73425,1.12,1.50
2017.07.04 12:36:31.965,0.7341,0.73427,1.00,2.36
2017.07.04 12:36:33.281,0.73407,0.73425,1.00,1.50
2017.07.04 12:36:33.864,0.73405,0.73426,1.75,1.61
2017.07.04 12:36:34.348,0.73405,0.73425,1.50,1.90
2017.07.04 12:36:34.872,0.73405,0.73424,1.50,1.01
2017.07.04 12:36:35.393,0.73404,0.73425,1.75,1.42
2017.07.04 12:36:35.560,0.7341,0.73425,1.00,1.30
2017.07.04 12:36:36.080,0.73409,0.73429,1.00,3.07
2017.07.04 12:36:36.677,0.7341,0.73429,1.00,3.07
2017.07.04 12:36:38.107,0.7341,0.7343,1.95,2.62
2017.07.04 12:36:38.157,0.73412,0.7343,1.00,1.00
2017.07.04 12:36:38.475,0.73412,0.73432,1.12,1.95
2017.07.04 12:36:41.768,0.73415,0.73436,2.25,2.47
2017.07.04 12:37:02.501,0.73411,0.73434,4.20,1.61
2017.07.04 12:37:02.553,0.73411,0.73434,4.12,2.74
2017.07.04 12:37:03.197,0.73411,0.73432,1.75,1.45
2017.07.04 12:37:03.833,0.73414,0.73431,1.50,1.07
2017.07.04 12:37:03.984,0.7341,0.7343,1.75,1.20
2017.07.04 12:37:05.794,0.7341,0.73429,1.75,1.45
2017.07.04 12:37:05.997,0.73407,0.73428,1.75,1.45
2017.07.04 12:37:07.176,0.73409,0.73429,1.50,1.20
2017.07.04 12:37:07.963,0.7341,0.73428,1.12,1.45
2017.07.04 12:37:08.714,0.7341,0.73429,1.12,1.20
2017.07.04 12:37:12.528,0.7341,0.73428,1.12,1.45
2017.07.04 12:37:13.331,0.7341,0.73428,1.12,1.45
2017.07.04 12:37:16.352,0.7341,0.73428,1.12,1.45
2017.07.04 12:37:16.732,0.73412,0.73432,1.00,2.12
2017.07.04 12:37:16.934,0.73414,0.73433,1.12,1.20
2017.07.04 12:37:17.036,0.73414,0.73433,1.75,1.45
2017.07.04 12:37:23.509,0.73411,0.73433,1.20,1.95
2017.07.04 12:37:24.152,0.73415,0.73433,1.00,1.20
2017.07.04 12:37:26.089,0.7341,0.73433,3.07,1.20
2017.07.04 12:37:27.001,0.7341,0.73431,1.95,1.10
2017.07.04 12:37:28.332,0.73415,0.73432,1.00,1.20
2017.07.04 12:37:28.854,0.73415,0.73433,1.12,1.45
2017.07.04 12:37:32.165,0.73415,0.73433,1.12,1.45
2017.07.04 12:37:35.404,0.73415,0.73433,1.12,1.45
2017.07.04 12:37:35.556,0.73415,0.73435,1.75,1.45
2017.07.04 12:37:45.603,0.73415,0.73435,1.75,1.95
2017.07.04 12:37:46.974,0.73412,0.73434,1.87,1.76
2017.07.04 12:37:47.423,0.7341,0.73431,3.75,1.70
2017.07.04 12:37:47.575,0.73409,0.7343,3.00,1.95
2017.07.04 12:37:48.426,0.73409,0.73431,2.25,1.20
2017.07.04 12:37:48.578,0.73415,0.73432,1.12,1.07
2017.07.04 12:37:48.919,0.73417,0.73435,1.75,1.20
2017.07.04 12:37:49.229,0.73417,0.73439,1.87,3.45
2017.07.04 12:37:51.061,0.73418,0.73439,1.12,3.45
2017.07.04 12:37:51.112,0.73419,0.7344,1.87,2.55
2017.07.04 12:37:53.771,0.7342,0.73441,2.25,1.20
2017.07.04 12:37:58.376,0.7342,0.73441,2.70,1.07
2017.07.04 12:38:02.885,0.73421,0.73441,1.12,1.07
2017.07.04 12:38:03.809,0.73421,0.73441,1.12,1.45
2017.07.04 12:38:04.597,0.73421,0.73441,1.12,1.45
2017.07.04 12:38:05.258,0.73421,0.73441,1.12,1.45
2017.07.04 12:38:13.815,0.7342,0.73441,1.75,1.45
2017.07.04 12:38:13.967,0.7342,0.73441,1.37,1.95
2017.07.04 12:38:14.695,0.73419,0.7344,1.87,1.20
2017.07.04 12:38:15.834,0.7342,0.7344,1.37,1.45
2017.07.04 12:38:17.055,0.7342,0.73441,2.51,1.82
2017.07.04 12:38:22.044,0.73424,0.73441,1.00,1.75
2017.07.04 12:38:26.433,0.7342,0.7344,1.75,1.95
2017.07.04 12:38:26.939,0.73421,0.73441,2.14,1.85
2017.07.04 12:38:27.252,0.73425,0.73442,1.00,1.82
2017.07.04 12:38:27.813,0.73422,0.73442,1.00,1.82
2017.07.04 12:38:28.085,0.73425,0.73442,1.00,1.82
2017.07.04 12:38:28.574,0.73425,0.73446,1.95,1.95
2017.07.04 12:38:31.367,0.73421,0.73444,1.95,1.57
2017.07.04 12:38:31.767,0.73419,0.7344,1.85,2.70
2017.07.04 12:38:31.818,0.73419,0.7344,1.75,3.45
2017.07.04 12:38:36.103,0.73422,0.73442,1.00,1.85
2017.07.04 12:38:37.749,0.73422,0.73442,1.00,1.85
2017.07.04 12:38:37.800,0.73422,0.7344,1.00,1.00
2017.07.04 12:38:41.208,0.73421,0.7344,1.95,1.00
2017.07.04 12:38:44.372,0.73422,0.7344,1.00,1.00
2017.07.04 12:38:45.059,0.73421,0.73442,1.50,2.51
2017.07.04 12:38:47.948,0.73422,0.73442,1.00,1.82
2017.07.04 12:38:48.050,0.73422,0.73443,2.06,2.25
2017.07.04 12:38:48.100,0.73426,0.73445,1.00,3.37
2017.07.04 12:38:48.252,0.73422,0.73444,1.39,1.82
2017.07.04 12:38:48.781,0.73424,0.73444,1.00,1.85
2017.07.04 12:38:49.289,0.73424,0.73444,1.00,3.45
2017.07.04 12:38:49.509,0.73422,0.73443,1.20,1.85
2017.07.04 12:38:49.559,0.73424,0.73443,1.20,1.75
2017.07.04 12:38:52.967,0.73424,0.73443,1.45,1.75
2017.07.04 12:38:53.169,0.73425,0.73444,1.45,1.75
2017.07.04 12:38:54.380,0.73426,0.73442,1.95,1.00
2017.07.04 12:38:54.572,0.73427,0.73447,1.95,2.62
2017.07.04 12:38:54.623,0.73428,0.73444,1.07,1.00
2017.07.04 12:38:55.794,0.73429,0.73448,1.45,2.25
2017.07.04 12:38:56.403,0.73428,0.73449,1.57,1.75
2017.07.04 12:39:00.026,0.73427,0.73449,1.45,1.75
2017.07.04 12:39:00.542,0.73428,0.73448,1.07,1.75
2017.07.04 12:39:01.120,0.73427,0.73448,1.57,1.75
2017.07.04 12:39:03.701,0.73428,0.7345,3.07,4.95
2017.07.04 12:39:03.853,0.73429,0.7345,1.45,3.07
2017.07.04 12:39:06.050,0.73428,0.73445,1.85,1.00
2017.07.04 12:39:07.709,0.73427,0.73447,1.20,1.50
2017.07.04 12:39:07.861,0.73426,0.73447,1.07,3.00
2017.07.04 12:39:09.292,0.73425,0.73447,2.32,3.19
2017.07.04 12:39:11.041,0.73425,0.73445,1.95,1.37
2017.07.04 12:39:12.143,0.73427,0.73443,1.07,1.00
2017.07.04 12:39:12.677,0.73424,0.73445,1.95,1.20
2017.07.04 12:39:16.256,0.73423,0.73444,1.20,4.24
2017.07.04 12:39:16.307,0.73422,0.73442,1.82,2.66
2017.07.04 12:39:16.486,0.7342,0.7344,1.95,3.00
2017.07.04 12:39:16.813,0.73419,0.73439,2.70,1.75
2017.07.04 12:39:17.451,0.7342,0.73439,1.45,1.75
2017.07.04 12:39:18.788,0.73425,0.7344,1.00,2.25
2017.07.04 12:39:18.890,0.73425,0.73439,1.00,1.00
2017.07.04 12:39:19.538,0.73425,0.73445,1.10,4.57
2017.07.04 12:39:22.065,0.73424,0.73444,1.20,1.76
2017.07.04 12:39:22.268,0.7342,0.73441,1.95,2.55
2017.07.04 12:39:22.318,0.7342,0.73441,1.57,2.47
2017.07.04 12:39:22.810,0.73424,0.73442,1.00,1.75
2017.07.04 12:39:22.861,0.7342,0.73442,1.95,1.75
2017.07.04 12:39:22.963,0.7342,0.7344,1.57,1.57
2017.07.04 12:39:23.267,0.73419,0.73436,1.00,1.75
2017.07.04 12:39:23.787,0.73419,0.73439,1.57,2.10
2017.07.04 12:39:24.202,0.73425,0.73439,1.00,1.87
2017.07.04 12:39:24.975,0.7342,0.73439,1.20,1.87
2017.07.04 12:39:25.026,0.73425,0.73439,1.00,1.87
2017.07.04 12:39:25.554,0.73425,0.7344,1.00,2.10
2017.07.04 12:39:25.655,0.7342,0.73439,1.10,2.00
2017.07.04 12:39:25.858,0.7342,0.73436,1.00,1.67
2017.07.04 12:39:26.161,0.73425,0.7344,1.00,2.25
2017.07.04 12:39:26.330,0.7342,0.7344,1.95,2.25
2017.07.04 12:39:26.869,0.7342,0.7344,1.57,2.25
2017.07.04 12:39:27.454,0.7342,0.73442,1.95,1.95
2017.07.04 12:39:27.972,0.73421,0.73441,1.45,1.12
2017.07.04 12:39:28.271,0.73425,0.73442,1.00,1.87
2017.07.04 12:39:30.127,0.73424,0.73442,1.00,1.75
2017.07.04 12:39:30.430,0.73424,0.73441,1.00,1.50
2017.07.04 12:39:30.481,0.73424,0.73441,1.00,1.87
2017.07.04 12:39:31.479,0.73425,0.73441,1.00,2.25
2017.07.04 12:39:31.630,0.73425,0.73441,1.10,1.00
2017.07.04 12:39:32.257,0.73425,0.73442,1.10,1.00
2017.07.04 12:39:34.670,0.73423,0.73442,1.00,1.57
2017.07.04 12:39:34.721,0.73421,0.73441,1.20,1.37
2017.07.04 12:39:35.228,0.73421,0.73439,1.45,1.00
2017.07.04 12:39:37.799,0.73425,0.73439,1.00,1.00
2017.07.04 12:39:38.102,0.73425,0.73438,1.00,1.50
2017.07.04 12:39:38.433,0.73425,0.73438,1.00,1.75
2017.07.04 12:39:43.251,0.7342,0.73437,1.10,2.62
2017.07.04 12:39:43.809,0.7342,0.73434,1.00,1.00
2017.07.04 12:39:45.449,0.73418,0.73437,1.07,1.75
2017.07.04 12:39:45.551,0.73416,0.73436,1.07,1.97
2017.07.04 12:39:46.133,0.7342,0.73435,1.00,2.05
2017.07.04 12:39:46.330,0.73414,0.73435,2.89,1.35
2017.07.04 12:39:48.046,0.7342,0.73435,1.00,2.05
2017.07.04 12:39:48.148,0.73415,0.73436,2.32,2.62
2017.07.04 12:39:48.328,0.73414,0.73435,1.95,1.95
2017.07.04 12:39:50.265,0.73415,0.73433,1.00,3.07
2017.07.04 12:39:55.133,0.73411,0.73433,1.95,4.61
2017.07.04 12:39:55.907,0.73415,0.73432,1.00,2.17
2017.07.04 12:39:55.958,0.7341,0.73432,1.95,2.17
2017.07.04 12:39:56.659,0.7341,0.7343,2.32,1.50
2017.07.04 12:39:57.268,0.73415,0.7343,1.00,1.75
2017.07.04 12:39:57.336,0.7341,0.7343,1.57,1.75
2017.07.04 12:39:59.055,0.7341,0.7343,1.57,1.75
2017.07.04 12:39:59.216,0.73415,0.7343,1.00,1.75
2017.07.04 12:39:59.311,0.7341,0.7343,1.57,1.75
2017.07.04 12:40:00.360,0.7341,0.7343,1.57,1.75
2017.07.04 12:40:00.870,0.7341,0.73431,1.57,3.07
2017.07.04 12:40:02.318,0.73414,0.7343,1.00,3.00
2017.07.04 12:40:02.369,0.7341,0.7343,1.57,3.00
2017.07.04 12:40:02.666,0.73415,0.7343,1.00,3.00
2017.07.04 12:40:02.820,0.7341,0.7343,1.07,3.00
2017.07.04 12:40:03.375,0.73409,0.7343,3.45,3.00
2017.07.04 12:40:08.852,0.73414,0.7343,1.00,1.75
2017.07.04 12:40:11.535,0.7341,0.7343,2.32,1.75
2017.07.04 12:40:12.498,0.73415,0.7343,1.00,1.75
2017.07.04 12:40:13.897,0.73415,0.73428,1.00,1.00
2017.07.04 12:40:14.668,0.73415,0.73431,1.00,1.75
2017.07.04 12:40:17.543,0.73414,0.73431,1.00,1.75
2017.07.04 12:40:18.165,0.73415,0.73431,1.00,1.75
2017.07.04 12:40:18.904,0.73414,0.73431,1.00,1.75
2017.07.04 12:40:19.569,0.73415,0.73431,1.00,1.75
2017.07.04 12:40:28.810,0.7341,0.7343,1.20,1.85
2017.07.04 12:40:28.860,0.73406,0.73424,1.20,1.00
2017.07.04 12:40:28.962,0.73405,0.73424,1.57,1.37
2017.07.04 12:40:29.012,0.73405,0.73424,1.20,1.75
2017.07.04 12:40:29.936,0.73405,0.73424,1.10,1.75
2017.07.04 12:40:30.368,0.7341,0.73424,1.00,1.75
2017.07.04 12:40:30.419,0.73402,0.73421,1.95,1.75
2017.07.04 12:40:31.018,0.73405,0.73418,1.00,1.00
2017.07.04 12:40:32.344,0.73401,0.73418,1.57,1.00
2017.07.04 12:40:45.226,0.734,0.73418,2.70,1.00
2017.07.04 12:40:46.062,0.73401,0.73422,1.07,1.75
2017.07.04 12:40:51.699,0.73405,0.73422,1.00,1.75
2017.07.04 12:40:51.962,0.73405,0.73421,1.10,1.50
2017.07.04 12:40:56.564,0.73404,0.73423,1.20,1.75
2017.07.04 12:40:57.392,0.73405,0.73423,1.10,1.75
2017.07.04 12:41:01.627,0.73404,0.73423,1.00,2.55
2017.07.04 12:41:01.729,0.73405,0.73419,1.00,1.47
2017.07.04 12:41:01.780,0.734,0.73418,1.12,1.50
2017.07.04 12:41:01.881,0.734,0.73418,1.00,1.75
2017.07.04 12:41:03.493,0.73404,0.73419,1.00,1.75
2017.07.04 12:41:03.823,0.73405,0.73423,1.00,1.35
2017.07.04 12:41:10.198,0.73401,0.73423,2.70,1.35
2017.07.04 12:41:11.638,0.73401,0.73423,1.45,1.87
2017.07.04 12:41:12.001,0.73401,0.73423,1.12,1.87
2017.07.04 12:41:17.667,0.73401,0.73422,1.07,1.85
2017.07.04 12:41:18.448,0.73401,0.73423,1.95,2.17
2017.07.04 12:41:19.346,0.73405,0.73423,1.00,2.17
2017.07.04 12:41:20.133,0.73406,0.73425,1.00,2.62
2017.07.04 12:41:20.317,0.73406,0.73426,1.57,3.07
2017.07.04 12:41:21.925,0.7341,0.73426,1.00,3.26
2017.07.04 12:41:22.228,0.7341,0.73429,1.00,3.86
2017.07.04 12:41:22.336,0.7341,0.73427,1.00,1.00
2017.07.04 12:41:24.318,0.7341,0.73428,1.00,1.01
2017.07.04 12:41:24.866,0.73409,0.73427,1.00,1.01
2017.07.04 12:41:26.910,0.7341,0.73427,1.00,1.01
2017.07.04 12:41:27.564,0.73415,0.73429,1.00,3.00
2017.07.04 12:41:27.614,0.7341,0.73429,1.50,1.76
2017.07.04 12:41:27.716,0.7341,0.73429,1.50,1.76
2017.07.04 12:41:34.120,0.7341,0.73429,1.12,3.26
2017.07.04 12:41:46.376,0.73406,0.73426,1.20,1.54
2017.07.04 12:41:46.477,0.73405,0.73426,1.95,3.79
2017.07.04 12:41:46.834,0.7341,0.73426,1.00,3.79
2017.07.04 12:41:55.513,0.73404,0.73423,1.75,3.26
2017.07.04 12:41:55.632,0.73404,0.73422,1.00,1.25
2017.07.04 12:41:55.683,0.73405,0.73421,1.00,2.25
2017.07.04 12:41:56.111,0.73405,0.73421,1.00,3.00
2017.07.04 12:41:59.529,0.734,0.73419,1.20,2.25
2017.07.04 12:42:03.792,0.73399,0.73419,1.12,2.25
2017.07.04 12:42:08.802,0.73399,0.73419,1.20,2.25
2017.07.04 12:42:09.395,0.73399,0.73419,1.20,2.32
2017.07.04 12:42:13.429,0.734,0.73419,1.00,2.32
2017.07.04 12:42:19.229,0.73399,0.73419,1.20,2.32
2017.07.04 12:42:19.777,0.73399,0.73419,1.57,2.32
2017.07.04 12:42:30.380,0.73405,0.7342,1.00,1.42
2017.07.04 12:42:32.087,0.73404,0.7342,1.00,2.85
2017.07.04 12:42:32.244,0.734,0.73419,1.95,1.00
2017.07.04 12:42:32.648,0.73399,0.73419,1.57,1.35
2017.07.04 12:42:33.677,0.734,0.73418,1.00,4.35
2017.07.04 12:42:33.778,0.734,0.73418,1.00,2.47
2017.07.04 12:42:34.853,0.73399,0.73418,1.00,2.17
2017.07.04 12:42:39.823,0.734,0.73418,1.10,1.75
2017.07.04 12:42:40.363,0.73399,0.73418,1.00,1.75
2017.07.04 12:42:40.674,0.73404,0.7342,1.00,5.92
2017.07.04 12:42:40.775,0.73404,0.7342,1.00,3.67
2017.07.04 12:42:41.090,0.734,0.73419,1.12,1.42
2017.07.04 12:42:41.978,0.734,0.73421,1.57,1.35
2017.07.04 12:42:42.672,0.73401,0.73421,1.45,2.10
2017.07.04 12:42:43.268,0.73401,0.73421,1.45,2.10
2017.07.04 12:42:43.827,0.73405,0.73422,1.00,2.25
2017.07.04 12:42:44.378,0.73401,0.73422,1.45,2.25
2017.07.04 12:42:45.095,0.73404,0.73422,1.00,2.25
2017.07.04 12:42:47.342,0.73405,0.73422,1.00,2.25
2017.07.04 12:42:47.513,0.73402,0.73422,1.07,2.25
2017.07.04 12:42:49.339,0.73405,0.73422,1.00,2.25
2017.07.04 12:42:50.043,0.73404,0.73422,1.00,2.25
2017.07.04 12:42:50.601,0.73405,0.73422,1.00,2.25
2017.07.04 12:42:51.218,0.73404,0.73422,1.00,2.25
2017.07.04 12:42:54.669,0.73401,0.73422,1.45,2.32
2017.07.04 12:42:56.055,0.73404,0.73422,1.00,1.20
2017.07.04 12:42:56.737,0.73405,0.73422,1.00,1.20
2017.07.04 12:42:58.169,0.73404,0.73422,1.00,2.70
2017.07.04 12:42:58.710,0.73405,0.73422,1.00,2.70
2017.07.04 12:42:59.380,0.73404,0.73422,1.00,2.70
2017.07.04 12:42:59.896,0.73405,0.73422,1.00,3.30
2017.07.04 12:43:00.069,0.734,0.7342,1.82,1.12
2017.07.04 12:43:00.171,0.73405,0.7342,1.00,1.57
2017.07.04 12:43:00.458,0.734,0.7342,1.20,2.92
2017.07.04 12:43:00.620,0.734,0.7342,1.57,2.85
2017.07.04 12:43:01.136,0.73405,0.73421,1.00,4.80
2017.07.04 12:43:01.440,0.73405,0.73417,1.00,2.85
2017.07.04 12:43:02.041,0.73405,0.73418,1.00,1.00
2017.07.04 12:43:02.369,0.734,0.73418,1.95,1.00
2017.07.04 12:43:02.919,0.73404,0.73418,1.00,1.00
2017.07.04 12:43:03.430,0.73404,0.73421,1.00,2.10
2017.07.04 12:43:08.181,0.73405,0.73421,1.00,1.35
2017.07.04 12:43:09.341,0.73404,0.73422,1.57,1.60
2017.07.04 12:43:10.781,0.73404,0.73421,1.00,1.67
2017.07.04 12:43:12.453,0.7341,0.73423,1.00,2.25
2017.07.04 12:43:15.564,0.73409,0.73425,1.00,2.17
2017.07.04 12:43:16.108,0.7341,0.73424,1.00,1.85
2017.07.04 12:43:16.261,0.73405,0.7342,1.00,1.12
2017.07.04 12:43:16.463,0.73405,0.73418,1.00,1.00
2017.07.04 12:43:17.050,0.73405,0.73423,1.00,1.12
2017.07.04 12:43:17.531,0.7341,0.73424,1.00,2.62
2017.07.04 12:43:17.632,0.7341,0.73427,1.00,2.62
2017.07.04 12:43:17.734,0.73415,0.73431,1.00,3.82
2017.07.04 12:43:17.835,0.73415,0.73431,1.00,1.95
2017.07.04 12:43:18.037,0.73415,0.73431,1.00,1.57
2017.07.04 12:43:18.623,0.73415,0.7343,1.00,1.95
2017.07.04 12:43:18.999,0.73415,0.73426,1.00,1.00
2017.07.04 12:43:20.455,0.73415,0.7343,1.00,4.61
2017.07.04 12:43:21.252,0.73415,0.7343,1.00,2.14
2017.07.04 12:43:21.353,0.73415,0.7343,1.00,2.51
2017.07.04 12:43:21.685,0.73419,0.73431,1.00,2.25
2017.07.04 12:43:21.736,0.73415,0.7343,1.00,1.87
2017.07.04 12:43:22.147,0.73414,0.73428,1.00,2.32
2017.07.04 12:43:22.248,0.7341,0.73427,1.00,2.25
2017.07.04 12:43:22.349,0.73415,0.73427,1.00,2.25
2017.07.04 12:43:23.436,0.73415,0.73427,1.00,1.75
2017.07.04 12:43:24.023,0.73415,0.73427,1.00,1.75
2017.07.04 12:43:27.578,0.7341,0.73428,1.00,1.85
2017.07.04 12:43:28.226,0.73405,0.73427,1.85,2.51
2017.07.04 12:43:29.980,0.73404,0.73426,1.95,2.14
2017.07.04 12:43:30.388,0.73405,0.73418,1.00,1.00
2017.07.04 12:43:30.692,0.734,0.73418,1.07,1.75
2017.07.04 12:43:31.109,0.73405,0.73418,1.00,1.75
2017.07.04 12:43:31.395,0.73405,0.7342,1.00,2.70
2017.07.04 12:43:32.998,0.73405,0.7342,1.00,2.32
2017.07.04 12:43:33.535,0.73404,0.7342,1.00,1.85
2017.07.04 12:43:34.049,0.73405,0.7342,1.00,1.85
2017.07.04 12:43:39.171,0.734,0.73416,1.12,1.07
2017.07.04 12:43:39.273,0.73394,0.73416,1.57,2.32
2017.07.04 12:43:39.426,0.73395,0.73413,1.12,1.45
2017.07.04 12:43:39.741,0.73395,0.73413,1.00,2.32
2017.07.04 12:43:41.207,0.73394,0.73413,1.00,2.32
2017.07.04 12:43:41.984,0.73395,0.73413,1.00,2.55
2017.07.04 12:43:42.430,0.73399,0.73413,1.00,1.85
2017.07.04 12:43:42.582,0.734,0.73417,1.00,1.20
2017.07.04 12:43:47.213,0.73399,0.73417,1.00,1.75
2017.07.04 12:43:47.737,0.734,0.73417,1.00,1.82
2017.07.04 12:43:48.756,0.73405,0.73418,1.00,2.32
2017.07.04 12:43:48.908,0.73405,0.73419,1.00,1.75
2017.07.04 12:43:52.250,0.73404,0.73419,1.00,1.75
2017.07.04 12:43:52.824,0.73405,0.73422,1.00,4.12
2017.07.04 12:43:53.027,0.73405,0.73422,1.00,1.00
2017.07.04 12:43:53.128,0.73405,0.73424,1.50,1.00
2017.07.04 12:43:58.254,0.73405,0.73424,1.50,1.20
2017.07.04 12:43:58.507,0.73405,0.73423,1.00,1.20
2017.07.04 12:43:59.422,0.734,0.73422,2.32,1.99
2017.07.04 12:43:59.623,0.73399,0.7342,2.70,1.42
2017.07.04 12:44:00.672,0.73399,0.73419,2.25,1.07
2017.07.04 12:44:00.824,0.73398,0.73417,1.75,1.42
2017.07.04 12:44:00.926,0.734,0.73417,1.00,2.92
2017.07.04 12:44:00.976,0.73395,0.73417,1.82,2.92
2017.07.04 12:44:04.377,0.734,0.73417,1.00,2.12
2017.07.04 12:44:05.083,0.73396,0.73418,1.45,3.07
2017.07.04 12:44:06.916,0.73395,0.73418,3.45,3.26
2017.07.04 12:44:07.626,0.73395,0.73418,3.45,3.26
2017.07.04 12:44:07.942,0.734,0.73418,1.00,3.26
2017.07.04 12:44:13.812,0.73399,0.73418,1.00,3.86
2017.07.04 12:44:14.114,0.73399,0.73416,1.00,1.39
2017.07.04 12:44:16.976,0.734,0.73418,1.00,3.86
2017.07.04 12:44:17.279,0.734,0.73418,2.32,1.00
2017.07.04 12:44:17.860,0.734,0.73421,2.32,3.07
2017.07.04 12:44:18.477,0.734,0.73418,1.20,1.00
2017.07.04 12:44:20.221,0.734,0.73418,1.95,1.00
2017.07.04 12:44:20.749,0.73405,0.73418,1.00,1.00
2017.07.04 12:44:21.001,0.73401,0.73418,1.45,1.00
2017.07.04 12:44:24.269,0.73402,0.73424,2.32,4.95
2017.07.04 12:44:24.371,0.73403,0.73425,1.45,4.42
2017.07.04 12:44:27.104,0.73403,0.73425,1.45,4.42
2017.07.04 12:44:28.645,0.73405,0.73423,1.10,1.50
2017.07.04 12:44:29.210,0.73404,0.73421,1.10,1.00
2017.07.04 12:44:29.782,0.73404,0.73421,1.07,1.00
2017.07.04 12:44:30.428,0.73404,0.73421,1.10,1.00
2017.07.04 12:44:38.656,0.73404,0.73421,1.20,1.00
2017.07.04 12:44:39.182,0.73405,0.73424,1.57,1.75
2017.07.04 12:44:39.816,0.73405,0.73424,1.20,1.75
2017.07.04 12:44:44.484,0.73405,0.73423,1.20,1.75
2017.07.04 12:44:46.027,0.7341,0.73425,1.00,1.75
2017.07.04 12:44:46.229,0.7341,0.73425,1.00,1.00
2017.07.04 12:44:48.717,0.7341,0.73426,1.00,1.35
2017.07.04 12:44:55.221,0.73405,0.73426,1.57,2.92
2017.07.04 12:44:58.441,0.7341,0.73426,1.00,2.85
2017.07.04 12:44:58.543,0.73405,0.73426,1.57,2.85
2017.07.04 12:44:59.061,0.7341,0.73426,1.00,2.85
2017.07.04 12:44:59.979,0.73405,0.73426,1.57,2.85
2017.07.04 12:45:01.995,0.7341,0.73426,1.00,2.92
2017.07.04 12:45:03.874,0.73409,0.73426,1.00,2.92
2017.07.04 12:45:04.553,0.73409,0.73426,1.00,1.42
2017.07.04 12:45:05.195,0.73405,0.73425,1.95,1.50
2017.07.04 12:45:06.414,0.7341,0.73426,1.00,1.42
2017.07.04 12:45:17.069,0.73404,0.73425,1.85,1.45
2017.07.04 12:45:18.400,0.7341,0.73426,1.00,2.92
2017.07.04 12:45:18.560,0.73405,0.73425,1.75,1.50
2017.07.04 12:45:18.812,0.7341,0.73426,1.00,2.92
2017.07.04 12:45:25.480,0.73405,0.73425,1.75,1.50
2017.07.04 12:45:31.969,0.73405,0.73425,1.75,1.95
2017.07.04 12:45:32.508,0.73405,0.73424,1.75,1.07
2017.07.04 12:45:34.094,0.73405,0.73425,1.75,1.57
2017.07.04 12:45:34.145,0.7341,0.73426,1.00,2.12
2017.07.04 12:45:40.396,0.7341,0.73426,1.00,1.42
2017.07.04 12:45:40.968,0.73405,0.73423,1.50,1.00
2017.07.04 12:45:41.018,0.73405,0.73422,1.00,1.37
2017.07.04 12:45:43.244,0.73404,0.73423,1.12,1.20
2017.07.04 12:45:43.547,0.734,0.73417,1.00,2.17
2017.07.04 12:45:44.065,0.73399,0.73418,1.20,3.00
2017.07.04 12:45:45.735,0.73399,0.73417,1.20,1.75
2017.07.04 12:45:46.256,0.734,0.73418,1.00,1.85
2017.07.04 12:45:46.928,0.734,0.73417,1.00,1.75
2017.07.04 12:45:50.434,0.73396,0.73417,1.47,1.82
2017.07.04 12:45:50.535,0.734,0.73417,1.00,1.95
2017.07.04 12:45:50.660,0.73395,0.73416,1.95,1.85
2017.07.04 12:45:50.761,0.73395,0.73416,1.95,1.85
2017.07.04 12:45:51.108,0.734,0.73416,1.00,1.85
2017.07.04 12:45:51.620,0.73395,0.73416,2.32,1.85
2017.07.04 12:45:53.824,0.734,0.73416,1.00,1.85
2017.07.04 12:45:54.497,0.73395,0.73416,1.95,1.85
2017.07.04 12:45:55.975,0.73395,0.73416,1.95,1.75
2017.07.04 12:45:56.585,0.73395,0.73416,1.95,1.85
2017.07.04 12:46:01.032,0.73395,0.73413,1.12,1.45
2017.07.04 12:46:06.940,0.73395,0.73414,1.12,1.20
2017.07.04 12:46:07.478,0.73395,0.73414,1.12,1.20
2017.07.04 12:46:09.129,0.734,0.73415,1.00,1.95
2017.07.04 12:46:09.281,0.734,0.73417,1.00,1.20
2017.07.04 12:46:12.111,0.73395,0.73416,2.14,1.45
2017.07.04 12:46:12.801,0.73395,0.73416,1.87,1.45
2017.07.04 12:46:13.461,0.73399,0.73416,1.00,1.45
2017.07.04 12:46:14.150,0.73395,0.73415,1.12,1.07
2017.07.04 12:46:14.302,0.73396,0.73414,1.00,1.07
2017.07.04 12:46:15.113,0.73396,0.73414,1.00,1.20
2017.07.04 12:46:16.641,0.73396,0.73414,1.00,1.20
2017.07.04 12:46:17.325,0.73396,0.73411,1.00,1.45
2017.07.04 12:46:17.632,0.73395,0.73409,1.00,1.20
2017.07.04 12:46:17.745,0.7339,0.73409,1.37,1.20
2017.07.04 12:46:27.346,0.73386,0.73407,1.87,2.32
2017.07.04 12:46:27.705,0.73386,0.73404,1.50,1.82
2017.07.04 12:46:27.758,0.73385,0.73405,1.50,2.70
2017.07.04 12:46:42.595,0.73385,0.73402,1.50,1.07
2017.07.04 12:46:42.937,0.73385,0.73402,1.00,1.20
2017.07.04 12:46:43.038,0.73385,0.73403,1.00,1.20
2017.07.04 12:46:43.783,0.73385,0.73404,1.12,1.20
2017.07.04 12:46:46.568,0.73383,0.73402,1.75,1.95
2017.07.04 12:46:46.808,0.73381,0.73402,1.57,2.14
2017.07.04 12:46:46.859,0.73385,0.73402,1.00,1.95
2017.07.04 12:46:47.111,0.73385,0.73401,1.12,1.00
2017.07.04 12:46:52.946,0.73381,0.73401,1.75,1.07
2017.07.04 12:46:53.098,0.7338,0.73399,1.75,1.45
2017.07.04 12:46:53.300,0.7338,0.73398,1.12,1.20
2017.07.04 12:46:57.209,0.7338,0.73397,1.12,1.45
2017.07.04 12:46:57.815,0.7338,0.73397,1.12,1.45
2017.07.04 12:47:34.298,0.73379,0.73399,1.50,1.70
2017.07.04 12:47:34.905,0.73379,0.73399,1.50,2.32
2017.07.04 12:47:45.146,0.7338,0.73401,1.75,1.85
2017.07.04 12:48:02.011,0.7338,0.73401,1.85,1.76
2017.07.04 12:48:03.257,0.73384,0.73401,1.00,1.76
2017.07.04 12:48:03.771,0.7338,0.73401,1.82,1.76
2017.07.04 12:48:09.426,0.73385,0.73403,1.00,1.42
2017.07.04 12:48:09.729,0.7339,0.73409,1.00,2.32
2017.07.04 12:48:09.888,0.73391,0.73409,1.00,1.20
2017.07.04 12:48:19.655,0.73395,0.73409,1.00,1.00
2017.07.04 12:48:19.908,0.73395,0.73413,1.12,2.47
2017.07.04 12:48:29.854,0.73395,0.73413,1.75,1.50
2017.07.04 12:48:30.328,0.734,0.73416,1.00,3.11
2017.07.04 12:48:33.366,0.73395,0.73416,1.95,3.04
2017.07.04 12:48:35.147,0.734,0.73416,1.00,2.85
2017.07.04 12:48:38.429,0.73394,0.73416,1.95,1.42
2017.07.04 12:48:45.248,0.73394,0.73414,1.75,2.55
2017.07.04 12:48:45.299,0.73394,0.73413,1.75,2.36
2017.07.04 12:48:45.501,0.73395,0.73412,1.50,1.30
2017.07.04 12:48:47.599,0.73395,0.73413,1.50,2.10
2017.07.04 12:48:58.473,0.73395,0.73413,1.50,1.50
2017.07.04 12:48:59.006,0.73395,0.73416,1.85,2.44
2017.07.04 12:49:29.040,0.73395,0.73417,1.85,3.30
2017.07.04 12:49:35.049,0.73395,0.73416,2.25,3.64
2017.07.04 12:49:41.835,0.73396,0.73416,1.75,3.26
2017.07.04 12:49:42.356,0.73396,0.73416,1.75,3.26
2017.07.04 12:49:42.925,0.73396,0.73416,1.75,2.51
2017.07.04 12:49:44.108,0.73395,0.73415,1.75,1.45
2017.07.04 12:49:47.527,0.734,0.73416,1.00,1.20
2017.07.04 12:49:52.311,0.73396,0.73416,1.75,2.89
2017.07.04 12:49:54.069,0.734,0.73416,1.00,2.89
2017.07.04 12:49:55.097,0.73396,0.73416,1.75,2.89
2017.07.04 12:49:57.150,0.73396,0.73416,1.75,2.51
2017.07.04 12:49:57.876,0.73396,0.73416,1.75,2.51
2017.07.04 12:50:00.426,0.734,0.73421,1.12,3.07
2017.07.04 12:50:00.477,0.73405,0.73421,1.00,2.62
2017.07.04 12:50:00.629,0.73405,0.73424,1.00,2.70
2017.07.04 12:50:00.730,0.73405,0.73425,1.12,3.86
2017.07.04 12:50:07.019,0.73404,0.73421,1.57,1.00
2017.07.04 12:50:07.248,0.73404,0.73425,2.32,1.39
2017.07.04 12:50:08.031,0.73405,0.73424,1.00,1.85
2017.07.04 12:50:10.714,0.73404,0.73425,1.95,1.20
2017.07.04 12:50:17.087,0.73405,0.73425,1.00,1.95
2017.07.04 12:50:17.804,0.73404,0.73425,1.20,3.45
2017.07.04 12:50:17.950,0.73405,0.73423,1.00,1.00
2017.07.04 12:50:29.984,0.73402,0.73422,1.57,1.37
2017.07.04 12:50:30.135,0.73401,0.73419,1.10,1.00
2017.07.04 12:50:32.357,0.734,0.7342,1.37,3.45
2017.07.04 12:50:32.459,0.734,0.7342,1.12,2.32
2017.07.04 12:50:38.984,0.734,0.73421,1.20,2.32
2017.07.04 12:50:47.252,0.734,0.7342,1.95,1.85
2017.07.04 12:50:48.288,0.734,0.7342,1.50,1.12
2017.07.04 12:50:50.718,0.734,0.73419,1.00,1.75
2017.07.04 12:50:51.316,0.73399,0.73419,1.87,1.75
2017.07.04 12:50:52.358,0.734,0.73419,1.00,1.75
2017.07.04 12:50:53.981,0.73399,0.73418,1.12,2.32
2017.07.04 12:50:54.306,0.73399,0.73417,1.07,1.00
2017.07.04 12:50:54.858,0.734,0.7342,1.45,2.62
2017.07.04 12:50:57.372,0.73399,0.7342,1.95,2.62
2017.07.04 12:50:59.414,0.73405,0.7342,1.00,2.25
2017.07.04 12:50:59.795,0.734,0.7342,1.57,2.25
2017.07.04 12:51:00.089,0.73405,0.7342,1.00,2.25
2017.07.04 12:51:00.191,0.734,0.73421,1.57,2.32
2017.07.04 12:51:00.395,0.73405,0.73417,1.00,1.00
2017.07.04 12:51:00.547,0.734,0.73417,1.20,1.00
2017.07.04 12:51:01.553,0.734,0.7342,1.07,1.75
2017.07.04 12:51:06.306,0.73405,0.7342,1.00,1.87
2017.07.04 12:51:06.902,0.73405,0.73421,1.00,3.00
2017.07.04 12:51:08.254,0.734,0.73421,1.45,3.07
2017.07.04 12:51:09.045,0.73405,0.73421,1.00,2.32
2017.07.04 12:51:09.263,0.734,0.73421,1.95,2.32
2017.07.04 12:51:09.873,0.734,0.73419,1.07,1.75
2017.07.04 12:51:10.533,0.734,0.73419,1.00,1.75
2017.07.04 12:51:11.677,0.73405,0.73419,1.00,1.75
2017.07.04 12:51:11.828,0.73405,0.73423,1.00,2.70
2017.07.04 12:51:12.023,0.73405,0.73425,1.00,3.82
2017.07.04 12:51:13.964,0.73405,0.73426,1.95,2.74
2017.07.04 12:51:15.644,0.7341,0.73426,1.00,2.29
2017.07.04 12:51:20.582,0.73405,0.73426,1.57,1.75
2017.07.04 12:51:20.684,0.7341,0.73426,1.00,1.75
2017.07.04 12:51:20.886,0.73411,0.73431,1.57,3.07
2017.07.04 12:51:21.080,0.73411,0.73431,1.95,1.75
2017.07.04 12:51:21.131,0.7341,0.73431,1.57,5.74
2017.07.04 12:51:21.182,0.7341,0.7343,1.00,2.07
2017.07.04 12:51:22.482,0.7341,0.73431,1.95,4.76
2017.07.04 12:51:22.784,0.73406,0.73427,1.95,2.74
2017.07.04 12:51:22.886,0.73404,0.73425,2.70,1.20
2017.07.04 12:51:23.189,0.73404,0.73423,1.20,2.25
2017.07.04 12:51:25.417,0.73405,0.73424,1.00,3.07
2017.07.04 12:51:26.295,0.73404,0.73423,1.20,2.25
2017.07.04 12:51:27.059,0.73405,0.73423,1.00,2.25
2017.07.04 12:51:27.612,0.73403,0.73423,1.45,2.25
2017.07.04 12:51:28.153,0.73405,0.73423,1.00,2.25
2017.07.04 12:51:28.812,0.73404,0.73424,1.20,1.20
2017.07.04 12:51:29.319,0.73405,0.73425,1.00,3.64
2017.07.04 12:51:30.248,0.73403,0.73424,1.45,2.89
2017.07.04 12:51:30.762,0.73405,0.73424,1.00,2.89
2017.07.04 12:51:31.295,0.73402,0.73422,1.20,2.06
2017.07.04 12:51:34.194,0.73405,0.73422,1.00,1.75
2017.07.04 12:51:34.295,0.73405,0.73424,1.87,2.14
2017.07.04 12:51:34.359,0.73405,0.73424,2.25,2.14
2017.07.04 12:51:34.899,0.73405,0.73425,2.25,1.76
2017.07.04 12:51:40.337,0.73405,0.73425,1.75,1.76
2017.07.04 12:51:40.388,0.73405,0.73424,1.75,1.99
2017.07.04 12:51:40.439,0.73405,0.73423,1.75,2.74
2017.07.04 12:51:40.742,0.73405,0.73419,1.00,1.76
2017.07.04 12:51:40.894,0.734,0.73419,1.50,1.57
2017.07.04 12:51:40.995,0.73404,0.7342,1.00,1.82
2017.07.04 12:51:41.163,0.73399,0.7342,1.85,1.82
2017.07.04 12:51:41.408,0.73405,0.73418,1.00,1.07
2017.07.04 12:51:41.459,0.73396,0.73416,2.32,1.39
2017.07.04 12:51:41.610,0.73392,0.73413,5.70,1.26
2017.07.04 12:51:41.712,0.73392,0.73413,1.85,2.14
2017.07.04 12:51:41.763,0.73391,0.7341,1.20,1.00
2017.07.04 12:51:41.814,0.73391,0.7341,1.00,1.57
2017.07.04 12:51:41.915,0.73391,0.73409,1.00,1.64
2017.07.04 12:51:42.262,0.734,0.73411,1.00,1.75
2017.07.04 12:51:42.313,0.734,0.73414,1.00,1.75
2017.07.04 12:51:42.415,0.734,0.73418,1.12,1.75
2017.07.04 12:51:43.562,0.73395,0.73415,1.95,1.00
2017.07.04 12:51:44.153,0.73396,0.73416,1.85,1.57
2017.07.04 12:51:44.659,0.73396,0.73415,1.85,1.00
2017.07.04 12:51:45.628,0.73396,0.73415,1.75,1.57
2017.07.04 12:51:46.038,0.73392,0.73414,3.75,1.57
2017.07.04 12:51:46.088,0.73392,0.73414,1.75,1.95
2017.07.04 12:51:46.292,0.7339,0.73412,2.32,2.89
2017.07.04 12:51:47.049,0.7339,0.73411,2.25,1.39
2017.07.04 12:51:50.073,0.7339,0.73412,1.85,1.76
2017.07.04 12:51:50.681,0.7339,0.73411,2.32,1.19
2017.07.04 12:51:58.802,0.7339,0.73411,1.85,1.31
2017.07.04 12:51:59.986,0.7339,0.73411,1.95,1.69
2017.07.04 12:52:00.037,0.7339,0.73411,1.95,2.06
2017.07.04 12:52:06.239,0.73391,0.73412,1.85,1.37
2017.07.04 12:52:10.642,0.73388,0.7341,2.70,1.39
2017.07.04 12:52:10.844,0.73385,0.73408,3.45,1.76
2017.07.04 12:52:10.945,0.73388,0.73406,1.00,1.00
2017.07.04 12:52:11.839,0.73385,0.73407,2.32,3.82
2017.07.04 12:52:15.287,0.73387,0.73407,1.07,2.62
2017.07.04 12:52:15.852,0.73387,0.73407,1.20,2.25
2017.07.04 12:52:16.964,0.7339,0.73407,1.00,2.25
2017.07.04 12:52:17.267,0.73391,0.73409,1.10,1.50
2017.07.04 12:52:18.215,0.73391,0.7341,1.07,1.75
2017.07.04 12:52:18.450,0.73391,0.7341,1.20,1.12
2017.07.04 12:52:21.168,0.73395,0.73412,1.20,1.12
2017.07.04 12:52:21.269,0.73396,0.73416,1.45,3.75
2017.07.04 12:52:21.371,0.73397,0.73415,2.32,1.00
2017.07.04 12:52:21.474,0.73398,0.73415,1.95,1.00
2017.07.04 12:52:21.663,0.734,0.73417,1.50,1.87
2017.07.04 12:52:22.406,0.73401,0.7342,2.32,1.75
2017.07.04 12:52:22.457,0.73402,0.7342,2.32,1.00
2017.07.04 12:52:22.692,0.73401,0.7342,3.82,1.00
2017.07.04 12:52:24.352,0.73405,0.7342,1.85,1.00
2017.07.04 12:52:25.238,0.73405,0.73425,2.32,3.75
2017.07.04 12:52:25.757,0.73405,0.73425,1.95,1.75
2017.07.04 12:52:25.959,0.73407,0.73425,1.00,2.25
2017.07.04 12:52:26.382,0.7341,0.73425,1.00,1.00
2017.07.04 12:52:26.483,0.73407,0.73425,1.10,1.50
2017.07.04 12:52:26.584,0.73408,0.73425,1.47,1.00
2017.07.04 12:52:28.033,0.7341,0.73429,1.12,2.25
2017.07.04 12:52:28.504,0.7341,0.7343,1.95,2.44
2017.07.04 12:52:28.555,0.7341,0.73429,1.75,1.25
2017.07.04 12:52:28.656,0.7341,0.73429,1.75,1.31
2017.07.04 12:52:29.377,0.7341,0.73429,1.75,1.54
2017.07.04 12:52:36.608,0.7341,0.73425,1.20,1.00
2017.07.04 12:52:37.482,0.7341,0.7343,1.95,1.69
2017.07.04 12:52:40.128,0.7341,0.73425,1.20,1.00
2017.07.04 12:52:41.720,0.73408,0.73425,1.20,1.00
2017.07.04 12:52:42.253,0.73407,0.73425,1.45,1.50
2017.07.04 12:52:43.460,0.73407,0.73425,1.20,1.50
2017.07.04 12:52:45.379,0.73407,0.73425,1.95,1.50
2017.07.04 12:52:45.924,0.73408,0.73425,1.95,1.00
2017.07.04 12:52:48.274,0.73409,0.73425,1.07,1.00
2017.07.04 12:52:50.396,0.73409,0.73425,1.10,1.00
2017.07.04 12:52:50.717,0.73406,0.73424,1.10,1.00
2017.07.04 12:52:50.818,0.73405,0.73425,1.10,3.19
2017.07.04 12:52:52.830,0.73407,0.73425,1.45,1.75
2017.07.04 12:52:53.032,0.73407,0.73429,1.20,2.25
2017.07.04 12:52:53.558,0.7341,0.73429,1.37,2.00
2017.07.04 12:52:55.467,0.73411,0.73431,1.07,2.62
2017.07.04 12:52:55.618,0.73412,0.7343,1.00,1.00
2017.07.04 12:52:55.719,0.73415,0.7343,1.00,1.00
2017.07.04 12:52:55.921,0.73413,0.73432,1.20,1.00
2017.07.04 12:52:56.166,0.7341,0.73433,4.20,1.66
2017.07.04 12:52:56.668,0.73409,0.7343,2.32,1.12
2017.07.04 12:52:56.971,0.73407,0.73428,2.25,1.01
2017.07.04 12:53:00.076,0.73406,0.73427,1.75,1.01
2017.07.04 12:53:00.127,0.73408,0.73426,1.00,1.76
2017.07.04 12:53:00.228,0.73406,0.73424,1.00,1.20
2017.07.04 12:53:00.774,0.73401,0.73423,2.25,1.39
2017.07.04 12:53:01.563,0.73401,0.73423,2.25,1.39
2017.07.04 12:53:02.283,0.73401,0.73423,2.25,2.07
2017.07.04 12:53:02.662,0.73401,0.73423,2.25,2.51
2017.07.04 12:53:04.582,0.73401,0.73423,2.25,1.39
2017.07.04 12:53:04.683,0.73401,0.73423,2.25,1.45
2017.07.04 12:53:04.784,0.73402,0.73423,1.75,1.20
2017.07.04 12:53:05.306,0.73402,0.73423,2.62,1.10
2017.07.04 12:53:10.684,0.73406,0.73427,1.37,1.20
2017.07.04 12:53:10.785,0.73409,0.73427,1.00,1.10
2017.07.04 12:53:10.937,0.73409,0.73427,1.00,1.45
2017.07.04 12:53:11.610,0.73409,0.73427,1.00,1.20
2017.07.04 12:53:11.949,0.73409,0.73427,1.00,1.45
2017.07.04 12:53:12.201,0.73402,0.73423,2.62,1.45
2017.07.04 12:53:23.835,0.73403,0.73422,1.00,1.10
2017.07.04 12:53:25.013,0.734,0.73422,1.95,2.00
2017.07.04 12:53:25.808,0.734,0.73421,1.95,1.12
2017.07.04 12:53:27.521,0.73402,0.73421,1.45,1.12
2017.07.04 12:53:27.673,0.73401,0.73425,1.20,1.39
2017.07.04 12:53:44.280,0.73403,0.73422,1.00,1.10
2017.07.04 12:53:46.332,0.73401,0.73422,1.75,1.95
2017.07.04 12:53:46.840,0.73402,0.7342,1.00,1.00
2017.07.04 12:53:49.896,0.73402,0.7342,1.20,1.00
2017.07.04 12:53:50.211,0.73403,0.73424,2.12,1.75
2017.07.04 12:53:52.817,0.73403,0.73422,1.12,1.70
2017.07.04 12:53:53.127,0.73398,0.73419,1.87,1.76
2017.07.04 12:53:57.527,0.73398,0.73415,1.87,1.00
2017.07.04 12:53:58.067,0.73396,0.73414,2.62,1.12
2017.07.04 12:53:58.168,0.73394,0.73414,1.85,1.50
2017.07.04 12:53:59.235,0.73398,0.73414,1.00,1.00
2017.07.04 12:53:59.844,0.73395,0.73415,1.75,2.32
2017.07.04 12:54:06.967,0.73392,0.7341,1.75,1.00
2017.07.04 12:54:07.069,0.73392,0.7341,1.75,1.00
2017.07.04 12:54:07.371,0.73389,0.73409,1.75,1.20
2017.07.04 12:54:07.482,0.73389,0.73408,1.85,1.50
2017.07.04 12:54:10.993,0.7339,0.73407,1.00,1.75
2017.07.04 12:54:16.070,0.7339,0.73408,1.00,1.50
2017.07.04 12:54:16.835,0.73386,0.73409,2.32,1.82
2017.07.04 12:54:16.885,0.73386,0.73409,2.32,1.57
2017.07.04 12:54:16.986,0.73388,0.73407,1.00,1.00
2017.07.04 12:54:17.566,0.73388,0.73407,1.00,1.20
2017.07.04 12:54:17.774,0.73388,0.73405,1.00,1.20
2017.07.04 12:54:17.876,0.73384,0.73403,1.50,1.57
2017.07.04 12:54:25.837,0.73382,0.73403,3.56,1.45
2017.07.04 12:54:25.888,0.73383,0.73401,1.00,1.10
2017.07.04 12:54:26.508,0.73383,0.73401,1.00,1.07
2017.07.04 12:54:27.503,0.7338,0.734,1.12,1.57
2017.07.04 12:54:34.209,0.73379,0.73398,2.25,1.57
2017.07.04 12:54:34.310,0.73375,0.73398,4.91,2.70
2017.07.04 12:54:34.709,0.7338,0.73397,1.00,1.95
2017.07.04 12:54:36.821,0.73375,0.73397,4.91,1.85
2017.07.04 12:54:44.615,0.73375,0.73396,3.97,1.95
2017.07.04 12:54:45.242,0.73378,0.73396,1.50,1.57
2017.07.04 12:54:50.875,0.73378,0.73396,2.25,1.57
2017.07.04 12:55:07.016,0.73375,0.73396,3.75,1.95
2017.07.04 12:55:15.522,0.73378,0.73397,2.25,1.00
2017.07.04 12:55:21.594,0.73378,0.73397,2.25,1.57
2017.07.04 12:55:25.558,0.73378,0.73397,2.25,1.57
2017.07.04 12:55:26.092,0.73378,0.73397,1.00,1.95
2017.07.04 12:55:30.764,0.73376,0.73398,3.60,2.14
2017.07.04 12:55:33.047,0.73376,0.73394,1.75,1.07
2017.07.04 12:55:33.396,0.7337,0.73388,1.00,1.50
2017.07.04 12:55:33.447,0.7337,0.73388,1.12,1.50
2017.07.04 12:55:34.685,0.73365,0.73387,3.75,1.20
2017.07.04 12:55:34.837,0.7337,0.73384,1.00,1.07
2017.07.04 12:55:35.670,0.73365,0.73384,1.75,1.07
2017.07.04 12:55:35.919,0.73365,0.73382,1.37,1.07
2017.07.04 12:55:35.970,0.73365,0.73382,1.12,1.45
2017.07.04 12:55:36.071,0.73365,0.73383,1.50,1.57
2017.07.04 12:55:36.700,0.73365,0.73383,1.50,1.07
2017.07.04 12:55:37.235,0.73365,0.73385,3.75,1.95
2017.07.04 12:55:37.583,0.73365,0.73385,3.75,1.57
2017.07.04 12:55:38.089,0.73365,0.73385,3.75,1.57
2017.07.04 12:55:41.668,0.73365,0.73385,2.25,2.51
2017.07.04 12:55:41.870,0.73365,0.73383,1.75,1.76
2017.07.04 12:55:42.776,0.73365,0.73383,2.25,1.07
2017.07.04 12:55:43.892,0.73365,0.73384,2.25,1.95
2017.07.04 12:55:45.190,0.73365,0.73383,2.25,1.07
2017.07.04 12:55:49.078,0.73365,0.73383,1.75,1.57
2017.07.04 12:55:49.622,0.73365,0.73383,1.75,1.57
2017.07.04 12:55:50.474,0.73365,0.7338,1.00,1.07
2017.07.04 12:55:50.980,0.73365,0.73381,1.00,1.45
2017.07.04 12:55:51.497,0.73365,0.7338,1.00,1.07
2017.07.04 12:55:52.033,0.73365,0.73381,1.00,1.45
2017.07.04 12:55:54.749,0.73361,0.73382,2.25,1.20
2017.07.04 12:55:55.340,0.73362,0.73382,2.10,1.82
2017.07.04 12:55:55.899,0.73365,0.73383,1.00,1.45
2017.07.04 12:55:56.987,0.73365,0.73383,1.00,1.20
2017.07.04 12:55:57.436,0.73365,0.7338,1.00,1.00
2017.07.04 12:55:57.983,0.73361,0.7338,2.25,1.20
2017.07.04 12:56:13.785,0.73359,0.73381,3.75,2.07
2017.07.04 12:56:20.535,0.73359,0.73379,1.12,1.26
2017.07.04 12:56:20.637,0.73359,0.73378,1.50,1.39
2017.07.04 12:56:21.554,0.7336,0.73381,1.50,2.89
2017.07.04 12:56:22.228,0.7336,0.7338,1.87,1.01
2017.07.04 12:56:23.505,0.7336,0.73382,2.25,1.64
2017.07.04 12:56:24.059,0.7336,0.73381,1.75,1.01
2017.07.04 12:56:26.035,0.73358,0.7338,4.72,1.39
2017.07.04 12:56:38.607,0.73358,0.73377,3.00,1.00
2017.07.04 12:56:40.415,0.73357,0.73379,3.67,1.57
2017.07.04 12:56:41.324,0.73358,0.73378,3.00,1.57
2017.07.04 12:56:42.219,0.73358,0.73378,1.87,1.57
2017.07.04 12:56:45.506,0.73357,0.73375,2.92,1.00
2017.07.04 12:56:45.708,0.73357,0.73374,2.10,1.50
2017.07.04 12:56:46.029,0.73359,0.73376,1.00,1.75
2017.07.04 12:56:49.920,0.7336,0.73375,1.00,1.75
2017.07.04 12:56:50.231,0.73357,0.73374,1.50,1.50
2017.07.04 12:56:51.356,0.73355,0.73373,1.67,1.12
2017.07.04 12:56:59.546,0.73353,0.73372,2.25,1.00
2017.07.04 12:57:00.123,0.73351,0.73371,4.12,1.00
2017.07.04 12:57:00.174,0.73351,0.73368,4.12,1.00
2017.07.04 12:57:00.224,0.7335,0.73372,2.36,2.70
2017.07.04 12:57:00.362,0.7335,0.7337,2.36,1.75
2017.07.04 12:57:00.463,0.7335,0.73368,1.42,1.00
2017.07.04 12:57:00.974,0.7335,0.73367,1.35,1.00
2017.07.04 12:57:01.507,0.7335,0.73366,1.35,1.00
2017.07.04 12:57:04.069,0.7335,0.73367,1.00,1.00
2017.07.04 12:57:05.613,0.7335,0.73367,1.47,1.00
2017.07.04 12:57:06.835,0.73349,0.73368,1.85,1.12
2017.07.04 12:57:08.819,0.7335,0.73367,1.75,1.00
2017.07.04 12:57:09.134,0.73349,0.73367,2.70,1.00
2017.07.04 12:57:10.421,0.73349,0.73367,2.70,1.00
2017.07.04 12:57:11.028,0.73349,0.73367,2.70,1.00
2017.07.04 12:57:18.888,0.7335,0.73368,1.85,1.12
2017.07.04 12:57:19.609,0.7335,0.73367,1.85,1.00
2017.07.04 12:57:21.186,0.7335,0.73366,1.75,1.00
2017.07.04 12:57:21.287,0.7335,0.73366,1.12,1.00
2017.07.04 12:57:21.839,0.7335,0.73368,1.57,1.12
2017.07.04 12:57:22.584,0.7335,0.73367,1.85,1.00
2017.07.04 12:57:23.243,0.7335,0.73366,1.85,1.00
2017.07.04 12:57:23.748,0.7335,0.73367,1.95,1.00
2017.07.04 12:57:24.135,0.73355,0.73369,1.00,1.50
2017.07.04 12:57:26.109,0.7335,0.73368,1.95,1.12
2017.07.04 12:57:30.144,0.73355,0.73368,1.00,1.12
2017.07.04 12:57:34.542,0.7335,0.73369,1.85,1.50
2017.07.04 12:57:39.265,0.7335,0.73369,1.85,1.00
2017.07.04 12:57:40.842,0.7335,0.73368,1.75,1.00
2017.07.04 12:57:48.421,0.7335,0.73369,1.75,1.20
2017.07.04 12:57:48.560,0.7335,0.73367,1.75,1.00
2017.07.04 12:57:50.169,0.7335,0.73368,1.75,1.00
2017.07.04 12:57:52.186,0.73354,0.73371,1.00,2.32
2017.07.04 12:57:52.237,0.73354,0.73371,1.00,1.10
2017.07.04 12:57:52.386,0.73354,0.73371,1.37,1.32
2017.07.04 12:57:52.689,0.73351,0.73368,1.75,1.07
2017.07.04 12:57:53.248,0.73351,0.73368,1.75,1.10
2017.07.04 12:57:58.259,0.73351,0.73368,1.75,1.07
2017.07.04 12:57:58.811,0.73351,0.73369,1.75,1.20
2017.07.04 12:57:59.403,0.73351,0.73369,1.75,1.20
2017.07.04 12:58:02.068,0.73351,0.73368,1.75,1.00
2017.07.04 12:58:04.286,0.73349,0.73361,1.75,1.00
2017.07.04 12:58:04.337,0.73349,0.73363,1.75,1.00
2017.07.04 12:58:04.439,0.73349,0.73363,1.00,1.00
2017.07.04 12:58:04.947,0.7335,0.73365,1.00,1.50
2017.07.04 12:58:05.654,0.7335,0.73366,1.00,1.12
2017.07.04 12:58:05.755,0.73349,0.73368,1.75,1.12
2017.07.04 12:58:05.806,0.7335,0.73365,1.50,1.00
2017.07.04 12:58:06.389,0.7335,0.73366,1.12,1.12
2017.07.04 12:58:06.895,0.7335,0.73365,1.12,1.00
2017.07.04 12:58:08.637,0.7335,0.73363,1.12,1.00
2017.07.04 12:58:09.243,0.7335,0.73364,1.12,1.00
2017.07.04 12:58:11.031,0.7335,0.73363,1.00,1.00
2017.07.04 12:58:11.637,0.7335,0.73365,1.00,1.50
2017.07.04 12:58:17.308,0.7335,0.73363,1.00,1.00
2017.07.04 12:58:17.818,0.7335,0.73364,1.00,1.12
2017.07.04 12:58:21.599,0.73346,0.73365,2.92,2.25
2017.07.04 12:58:22.223,0.73346,0.73363,2.92,1.00
2017.07.04 12:58:22.879,0.7335,0.73363,1.00,1.00
2017.07.04 12:58:23.263,0.7335,0.73361,1.00,1.00
2017.07.04 12:58:23.945,0.7335,0.73362,1.00,1.00
2017.07.04 12:58:24.146,0.73346,0.73362,2.92,1.00
2017.07.04 12:58:25.460,0.73349,0.73363,1.00,1.00
2017.07.04 12:58:25.872,0.7335,0.73366,1.12,1.00
2017.07.04 12:58:31.710,0.7335,0.73369,1.47,1.50
2017.07.04 12:58:31.761,0.73351,0.73369,1.00,1.50
2017.07.04 12:58:33.039,0.73355,0.73369,1.00,1.50
2017.07.04 12:58:33.476,0.73351,0.73368,1.00,1.00
2017.07.04 12:58:35.269,0.73351,0.73367,1.00,1.00
2017.07.04 12:58:36.398,0.73351,0.73368,1.00,1.00
2017.07.04 12:58:37.142,0.73355,0.73368,1.00,1.00
2017.07.04 12:58:37.658,0.73355,0.73367,1.00,1.00
2017.07.04 12:58:40.255,0.73351,0.73367,1.00,1.00
2017.07.04 12:58:43.034,0.73355,0.73367,1.00,1.00
2017.07.04 12:58:43.135,0.73351,0.73367,1.00,1.10
2017.07.04 12:58:43.644,0.7335,0.73366,1.12,1.20
2017.07.04 12:58:46.250,0.7335,0.73365,1.12,1.10
2017.07.04 12:58:48.967,0.73346,0.73364,3.00,1.00
2017.07.04 12:58:49.478,0.73345,0.73365,3.75,1.57
2017.07.04 12:58:50.762,0.73346,0.73364,3.00,1.07
2017.07.04 12:58:51.301,0.73346,0.73362,1.75,1.32
2017.07.04 12:58:51.503,0.73342,0.7336,1.50,1.57
2017.07.04 12:58:51.871,0.73345,0.73361,1.00,1.95
2017.07.04 12:58:53.133,0.73345,0.73361,1.00,1.45
2017.07.04 12:58:53.683,0.73345,0.73361,1.00,1.45
2017.07.04 12:58:53.821,0.73341,0.7336,1.75,1.20
2017.07.04 12:58:58.514,0.7334,0.7336,3.75,1.95
2017.07.04 12:58:58.758,0.73345,0.7336,1.00,1.20
2017.07.04 12:58:59.116,0.7335,0.73364,1.00,2.14
2017.07.04 12:58:59.274,0.73345,0.73364,1.50,1.57
2017.07.04 12:58:59.871,0.73348,0.73364,1.00,1.00
2017.07.04 12:59:00.023,0.7335,0.73364,1.00,1.00
2017.07.04 12:59:00.175,0.7335,0.73366,1.00,1.10
2017.07.04 12:59:00.880,0.7335,0.73365,1.00,1.00
2017.07.04 12:59:01.751,0.7335,0.73366,1.00,1.10
2017.07.04 12:59:01.875,0.7335,0.73365,1.37,1.00
2017.07.04 12:59:01.976,0.7335,0.73367,1.50,1.10
2017.07.04 12:59:02.877,0.7335,0.73366,1.50,1.00
2017.07.04 12:59:04.956,0.7335,0.73367,1.50,1.00
2017.07.04 12:59:05.357,0.7335,0.73366,1.50,1.12
2017.07.04 12:59:08.737,0.7335,0.73366,1.12,1.20
2017.07.04 12:59:09.251,0.7335,0.73364,1.12,1.00
2017.07.04 12:59:09.815,0.73345,0.73365,2.17,1.57
2017.07.04 12:59:10.329,0.73346,0.73364,1.12,1.00
2017.07.04 12:59:11.380,0.73349,0.73365,1.50,1.00
2017.07.04 12:59:16.188,0.73346,0.73366,1.35,1.57
2017.07.04 12:59:16.299,0.73346,0.73366,1.35,1.20
2017.07.04 12:59:16.961,0.73346,0.73366,1.35,1.57
2017.07.04 12:59:19.049,0.73345,0.73362,2.62,1.00
2017.07.04 12:59:19.932,0.73345,0.73364,2.62,1.10
2017.07.04 12:59:20.481,0.73345,0.73362,1.75,1.20
2017.07.04 12:59:20.532,0.73342,0.73362,3.00,1.20
2017.07.04 12:59:20.634,0.73344,0.73361,1.50,1.10
2017.07.04 12:59:21.633,0.73345,0.73363,1.50,1.57
2017.07.04 12:59:22.160,0.73345,0.73363,1.50,1.07
2017.07.04 12:59:22.211,0.73345,0.73365,1.50,1.37
2017.07.04 12:59:22.262,0.73349,0.73366,1.50,1.00
2017.07.04 12:59:22.313,0.73355,0.73366,1.00,1.00
2017.07.04 12:59:22.532,0.73355,0.73372,1.12,1.07
2017.07.04 12:59:23.069,0.73355,0.73373,1.12,1.57
2017.07.04 12:59:23.120,0.73355,0.7337,1.12,1.00
2017.07.04 12:59:24.472,0.73354,0.73372,1.37,1.20
2017.07.04 12:59:25.026,0.73355,0.73374,1.37,1.07
2017.07.04 12:59:25.490,0.73353,0.73373,2.85,1.07
2017.07.04 12:59:26.958,0.73353,0.73374,4.12,1.95
2017.07.04 12:59:30.256,0.73353,0.73375,5.10,4.01
2017.07.04 12:59:30.911,0.73355,0.73374,1.75,1.45
2017.07.04 12:59:31.392,0.73355,0.73375,1.75,3.82
2017.07.04 12:59:32.201,0.73357,0.73378,2.10,2.70
2017.07.04 12:59:32.302,0.73359,0.7338,3.00,2.70
2017.07.04 12:59:32.453,0.7336,0.73379,1.67,1.57
2017.07.04 12:59:33.373,0.7336,0.73378,1.30,1.57
2017.07.04 12:59:34.323,0.7336,0.73379,1.67,1.20
2017.07.04 12:59:35.278,0.7336,0.73378,2.10,1.20
2017.07.04 12:59:35.329,0.7336,0.73378,1.72,1.57
2017.07.04 12:59:36.262,0.7336,0.73379,1.67,1.95
2017.07.04 12:59:37.758,0.7336,0.73378,1.67,1.57
2017.07.04 12:59:38.289,0.7336,0.73379,1.67,1.95
2017.07.04 12:59:40.339,0.73358,0.73378,1.75,1.07
2017.07.04 12:59:41.089,0.73358,0.73378,1.75,1.20
2017.07.04 12:59:41.243,0.73357,0.73378,1.75,1.57
2017.07.04 12:59:42.128,0.73362,0.73378,1.00,1.07
2017.07.04 12:59:42.381,0.73361,0.7338,1.87,1.12
2017.07.04 12:59:42.520,0.73361,0.73379,1.50,1.20
2017.07.04 12:59:42.571,0.73361,0.73378,1.12,1.20
2017.07.04 12:59:43.120,0.73358,0.73379,2.85,1.39
2017.07.04 12:59:43.221,0.73359,0.73378,1.00,1.10
2017.07.04 12:59:43.337,0.73359,0.73374,1.00,1.00
2017.07.04 12:59:43.387,0.73359,0.73376,1.00,1.00
2017.07.04 12:59:43.489,0.73357,0.73378,1.60,3.82
2017.07.04 12:59:43.590,0.73358,0.73378,2.85,1.95
2017.07.04 12:59:43.780,0.7336,0.73379,1.75,1.45
2017.07.04 12:59:44.262,0.73363,0.73382,1.37,1.57
2017.07.04 12:59:44.313,0.73366,0.73382,1.00,1.10
2017.07.04 12:59:44.565,0.73361,0.73381,2.85,1.57
2017.07.04 12:59:44.616,0.73361,0.7338,2.85,1.20
2017.07.04 12:59:46.353,0.73361,0.73381,2.85,1.45
2017.07.04 12:59:47.034,0.73361,0.73381,2.85,1.20
2017.07.04 12:59:59.894,0.7336,0.73379,2.70,1.12
