2012.06.03 21:02:07.700,0.93772,0.93843,0.75,0.75
2012.06.03 21:02:15.633,0.93776,0.93849,0.75,0.75
2012.06.03 21:02:20.962,0.93777,0.93843,0.75,0.75
2012.06.03 21:02:21.261,0.93771,0.93839,0.75,0.75
2012.06.03 21:02:21.466,0.93776,0.93844,0.75,0.75
2012.06.03 21:02:23.961,0.93772,0.93833,0.75,0.75
2012.06.03 21:02:25.941,0.93782,0.93868,0.75,0.75
2012.06.03 21:02:27.241,0.93781,0.93874,0.75,0.75
2012.06.03 21:02:30.426,0.93777,0.93863,0.75,0.75
2012.06.03 21:02:34.605,0.93792,0.93873,0.75,0.75
2012.06.03 21:02:38.205,0.93781,0.93854,0.75,0.75
2012.06.03 21:02:39.425,0.93782,0.93838,0.75,0.75
2012.06.03 21:02:42.086,0.93776,0.93834,0.75,0.75
2012.06.03 21:02:42.313,0.93781,0.93854,0.75,0.75
2012.06.03 21:02:42.623,0.93781,0.93849,0.75,0.75
2012.06.03 21:02:43.971,0.93782,0.93853,0.75,0.75
2012.06.03 21:02:44.251,0.93791,0.93849,0.75,0.75
2012.06.03 21:02:47.054,0.93781,0.93854,0.75,0.75
2012.06.03 21:02:49.459,0.93776,0.93854,0.75,0.75
2012.06.03 21:02:54.677,0.93771,0.93849,0.75,0.75
2012.06.03 21:02:55.092,0.93781,0.93854,0.75,0.75
2012.06.03 21:02:58.964,0.93787,0.93858,0.75,0.75
2012.06.03 21:03:27.899,0.93782,0.93848,0.75,0.75
2012.06.03 21:03:44.463,0.93777,0.93843,0.75,0.75
2012.06.03 21:03:54.536,0.93777,0.93838,0.75,0.75
2012.06.03 21:04:26.592,0.93768,0.93834,4.00,0.75
2012.06.03 21:04:44.414,0.93757,0.93838,4.00,0.75
2012.06.03 21:04:44.787,0.93757,0.93833,4.00,0.75
2012.06.03 21:05:04.972,0.93757,0.93823,4.00,0.75
2012.06.03 21:05:17.321,0.93738,0.93862,4.00,4.00
2012.06.03 21:05:17.521,0.93728,0.93852,4.00,4.00
2012.06.03 21:05:17.870,0.93717,0.93843,4.00,4.00
2012.06.03 21:05:28.937,0.93717,0.93843,4.00,4.00
2012.06.03 21:05:29.155,0.93717,0.93843,4.00,4.00
2012.06.03 21:05:29.813,0.93717,0.93843,4.00,4.00
2012.06.03 21:05:30.915,0.93717,0.93843,4.00,4.00
2012.06.03 21:05:53.529,0.93717,0.93843,4.00,4.00
2012.06.03 21:05:53.662,0.93727,0.93808,4.00,0.75
2012.06.03 21:05:54.115,0.93717,0.93843,4.00,4.00
2012.06.03 21:05:55.996,0.93717,0.93843,4.00,4.00
2012.06.03 21:06:12.996,0.93717,0.93843,4.00,4.00
2012.06.03 21:06:13.111,0.93728,0.93852,4.00,4.00
2012.06.03 21:06:14.695,0.93718,0.93842,4.00,4.00
2012.06.03 21:06:22.565,0.93718,0.93842,4.00,4.00
2012.06.03 21:06:25.692,0.93727,0.93853,4.00,4.00
2012.06.03 21:06:26.142,0.93727,0.93853,4.00,4.00
2012.06.03 21:06:26.214,0.93727,0.93853,4.00,4.00
2012.06.03 21:06:26.318,0.93727,0.93853,4.00,4.00
2012.06.03 21:06:36.951,0.93718,0.93842,4.00,4.00
2012.06.03 21:06:43.137,0.93718,0.93842,4.00,4.00
2012.06.03 21:07:22.384,0.93718,0.93842,4.00,4.00
2012.06.03 21:07:27.122,0.93708,0.93822,4.00,4.00
2012.06.03 21:07:30.756,0.93708,0.93822,4.00,4.00
2012.06.03 21:07:30.967,0.93708,0.93822,2.25,4.00
2012.06.03 21:07:31.021,0.93667,0.93813,4.00,4.00
2012.06.03 21:07:31.231,0.93667,0.93813,4.00,4.00
2012.06.03 21:07:31.661,0.93667,0.93813,4.00,4.00
2012.06.03 21:07:32.945,0.93667,0.93813,4.00,4.00
2012.06.03 21:07:33.805,0.93667,0.93813,4.00,4.00
2012.06.03 21:07:36.105,0.93667,0.93813,4.00,4.00
2012.06.03 21:07:39.434,0.93667,0.93813,4.00,4.00
2012.06.03 21:07:49.362,0.93658,0.93802,4.00,4.00
2012.06.03 21:07:51.377,0.93668,0.93812,4.00,4.00
2012.06.03 21:07:53.316,0.93668,0.93812,4.00,4.00
2012.06.03 21:07:53.675,0.93697,0.93792,0.75,4.00
2012.06.03 21:08:11.967,0.93658,0.93792,4.00,4.00
2012.06.03 21:08:12.023,0.93647,0.93793,4.00,4.00
2012.06.03 21:08:12.149,0.93647,0.93783,4.00,4.00
2012.06.03 21:08:12.392,0.93671,0.93764,1.00,1.00
2012.06.03 21:08:12.604,0.93676,0.93779,1.00,1.00
2012.06.03 21:08:14.474,0.93682,0.93773,1.00,1.00
2012.06.03 21:08:16.400,0.93686,0.93774,1.00,1.00
2012.06.03 21:08:16.732,0.93686,0.93753,0.75,1.43
2012.06.03 21:08:17.052,0.93686,0.93736,0.75,1.43
2012.06.03 21:08:17.113,0.93671,0.93736,0.75,1.43
2012.06.03 21:08:17.174,0.93637,0.93729,3.00,1.43
2012.06.03 21:08:17.475,0.93666,0.93704,0.75,1.43
2012.06.03 21:08:21.207,0.93677,0.93773,1.00,1.00
2012.06.03 21:08:21.511,0.93686,0.93774,1.00,1.00
2012.06.03 21:08:21.853,0.93686,0.93745,0.75,1.43
2012.06.03 21:08:22.103,0.93671,0.93731,0.75,1.43
2012.06.03 21:08:22.171,0.93671,0.93721,0.75,1.43
2012.06.03 21:08:22.293,0.93662,0.93714,0.75,1.43
2012.06.03 21:08:22.353,0.93662,0.93703,0.75,1.43
2012.06.03 21:08:26.038,0.93672,0.93763,1.00,1.00
2012.06.03 21:08:26.716,0.93656,0.93754,2.18,1.43
2012.06.03 21:08:27.464,0.93656,0.93746,2.18,1.43
2012.06.03 21:08:27.782,0.93649,0.9374,2.18,1.43
2012.06.03 21:08:28.398,0.93649,0.9374,2.18,1.43
2012.06.03 21:08:31.953,0.93647,0.93737,2.18,1.43
2012.06.03 21:08:32.014,0.93641,0.93738,1.43,1.43
2012.06.03 21:08:32.080,0.9356,0.93738,2.18,1.43
2012.06.03 21:08:34.166,0.93697,0.93738,0.75,1.43
2012.06.03 21:08:34.283,0.93665,0.93749,2.18,1.43
2012.06.03 21:08:34.482,0.93665,0.93749,2.18,1.43
2012.06.03 21:08:46.827,0.93665,0.93749,2.18,1.43
2012.06.03 21:08:54.272,0.93666,0.93751,2.18,1.43
2012.06.03 21:08:55.175,0.93666,0.93751,2.18,1.43
2012.06.03 21:08:55.233,0.9365,0.93742,2.18,1.43
2012.06.03 21:08:58.037,0.9365,0.93742,2.18,1.43
2012.06.03 21:08:58.105,0.9365,0.93742,2.18,1.43
2012.06.03 21:08:58.511,0.93692,0.93736,0.75,1.43
2012.06.03 21:08:58.574,0.93637,0.93712,3.00,1.43
2012.06.03 21:08:58.655,0.93637,0.9371,3.00,1.43
2012.06.03 21:09:02.111,0.93681,0.93784,1.00,1.00
2012.06.03 21:09:02.433,0.93686,0.93784,1.00,1.00
2012.06.03 21:09:08.041,0.93697,0.93783,1.00,1.00
2012.06.03 21:09:11.392,0.9366,0.9377,2.91,1.43
2012.06.03 21:09:21.813,0.93666,0.93771,2.18,1.43
2012.06.03 21:09:22.464,0.93666,0.93771,2.18,1.43
2012.06.03 21:09:26.896,0.93672,0.93772,2.18,1.43
2012.06.03 21:09:27.013,0.93672,0.93772,2.18,1.43
2012.06.03 21:09:33.685,0.93672,0.93772,2.18,2.18
2012.06.03 21:09:34.029,0.93667,0.93759,4.43,1.43
2012.06.03 21:09:44.905,0.93672,0.93759,1.43,1.43
2012.06.03 21:09:45.024,0.93631,0.93751,0.75,1.43
2012.06.03 21:09:45.197,0.93636,0.93751,0.75,1.43
2012.06.03 21:09:46.453,0.93586,0.93751,2.18,1.43
2012.06.03 21:09:46.546,0.93577,0.93753,3.00,1.43
2012.06.03 21:09:53.926,0.93611,0.93753,0.75,1.43
2012.06.03 21:10:00.733,0.93612,0.93747,0.75,1.43
2012.06.03 21:10:00.854,0.93606,0.93747,0.75,1.43
2012.06.03 21:10:00.914,0.93606,0.93741,0.75,1.43
2012.06.03 21:10:01.092,0.93552,0.93741,2.18,1.43
2012.06.03 21:10:01.314,0.93558,0.93745,2.18,1.43
2012.06.03 21:10:01.753,0.93628,0.93745,2.18,1.43
2012.06.03 21:10:02.506,0.93628,0.93745,2.18,1.43
2012.06.03 21:10:02.858,0.93628,0.93745,2.18,1.43
2012.06.03 21:10:04.394,0.93627,0.93755,3.00,1.43
2012.06.03 21:10:04.454,0.93627,0.93755,3.00,1.43
2012.06.03 21:10:11.813,0.9363,0.9376,2.18,1.43
2012.06.03 21:10:31.065,0.9363,0.9376,2.18,1.43
2012.06.03 21:10:31.754,0.93632,0.93764,2.18,1.43
2012.06.03 21:10:45.076,0.93632,0.93764,2.18,1.43
2012.06.03 21:10:51.853,0.93635,0.93767,2.18,1.43
2012.06.03 21:11:34.304,0.93644,0.93774,2.18,2.18
2012.06.03 21:11:34.834,0.93644,0.93774,2.18,2.18
2012.06.03 21:11:36.483,0.93644,0.93774,2.18,2.18
2012.06.03 21:11:36.989,0.93664,0.93779,2.18,2.18
2012.06.03 21:11:38.316,0.93664,0.93779,2.18,2.18
2012.06.03 21:11:38.375,0.93664,0.93779,2.18,2.18
2012.06.03 21:11:38.932,0.93664,0.93779,2.18,2.18
2012.06.03 21:11:39.452,0.93661,0.93773,2.18,2.18
2012.06.03 21:11:40.034,0.93661,0.93773,2.18,2.18
2012.06.03 21:11:40.846,0.93661,0.93773,2.18,2.18
2012.06.03 21:11:41.839,0.93661,0.93773,2.18,2.18
2012.06.03 21:11:47.435,0.93661,0.93773,2.18,2.18
2012.06.03 21:12:47.592,0.9367,0.93769,1.43,1.43
2012.06.03 21:12:49.075,0.93672,0.93769,1.43,1.43
2012.06.03 21:12:49.133,0.93674,0.93774,1.43,1.43
2012.06.03 21:12:49.197,0.93674,0.93774,2.18,2.18
2012.06.03 21:13:04.706,0.93674,0.93774,1.43,2.18
2012.06.03 21:13:06.054,0.93669,0.9377,2.18,2.18
2012.06.03 21:13:26.219,0.93669,0.9377,2.18,2.18
2012.06.03 21:14:23.153,0.93669,0.93771,2.18,2.18
2012.06.03 21:14:23.345,0.93669,0.93771,1.43,2.18
2012.06.03 21:14:23.466,0.93667,0.93756,1.43,2.18
2012.06.03 21:14:23.525,0.93657,0.93756,1.43,2.18
2012.06.03 21:14:23.643,0.9367,0.9377,1.43,2.18
2012.06.03 21:14:23.703,0.93668,0.93764,1.43,2.18
2012.06.03 21:14:23.763,0.93663,0.93764,1.43,2.18
2012.06.03 21:14:25.477,0.93663,0.93764,2.18,2.18
2012.06.03 21:14:27.455,0.93663,0.93764,2.18,2.18
2012.06.03 21:14:27.654,0.93663,0.93764,1.43,2.18
2012.06.03 21:14:28.182,0.93663,0.93764,1.43,2.18
2012.06.03 21:14:28.814,0.93654,0.93755,1.43,2.18
2012.06.03 21:14:29.437,0.93654,0.93755,2.18,2.18
2012.06.03 21:14:31.467,0.93654,0.93755,2.18,2.18
2012.06.03 21:14:31.524,0.93654,0.93755,1.43,2.18
2012.06.03 21:14:33.293,0.93654,0.93755,1.43,2.18
2012.06.03 21:14:33.619,0.93654,0.93755,1.43,2.18
2012.06.03 21:14:35.486,0.93654,0.93755,1.43,2.18
2012.06.03 21:14:36.524,0.93654,0.93755,2.18,2.18
2012.06.03 21:14:37.466,0.93654,0.93755,2.18,2.18
2012.06.03 21:14:51.657,0.93652,0.93754,2.18,2.18
2012.06.03 21:15:12.196,0.93638,0.93737,2.18,1.43
2012.06.03 21:15:16.245,0.93645,0.93747,2.18,2.18
2012.06.03 21:15:16.304,0.93636,0.93735,2.18,1.43
2012.06.03 21:15:16.604,0.93644,0.93746,2.18,2.18
2012.06.03 21:15:17.758,0.93636,0.93735,2.18,1.43
2012.06.03 21:15:37.670,0.93636,0.93735,2.18,1.43
2012.06.03 21:15:37.810,0.93634,0.93732,2.18,1.43
2012.06.03 21:15:52.050,0.93633,0.93732,2.18,1.43
2012.06.03 21:15:55.130,0.93633,0.93732,2.18,1.43
2012.06.03 21:15:55.572,0.93633,0.93732,2.18,1.43
2012.06.03 21:15:55.706,0.9363,0.93727,2.18,1.43
2012.06.03 21:15:55.944,0.93626,0.93727,2.18,1.43
2012.06.03 21:15:56.003,0.93624,0.93719,2.18,1.43
2012.06.03 21:15:58.476,0.93626,0.93727,2.18,1.43
2012.06.03 21:16:11.514,0.93637,0.93738,2.18,1.43
2012.06.03 21:16:17.214,0.93643,0.93738,2.18,1.43
2012.06.03 21:16:17.667,0.93649,0.93747,2.18,1.43
2012.06.03 21:16:17.767,0.93649,0.93751,2.18,2.18
2012.06.03 21:16:19.487,0.93657,0.93755,3.00,2.18
2012.06.03 21:16:19.708,0.93661,0.9376,2.18,2.18
2012.06.03 21:16:21.305,0.93674,0.93773,2.18,3.00
2012.06.03 21:16:21.685,0.93685,0.93773,2.18,3.00
2012.06.03 21:16:21.864,0.9369,0.93791,2.18,2.18
2012.06.03 21:16:21.923,0.9369,0.93791,2.18,1.43
2012.06.03 21:16:22.535,0.93705,0.93807,1.43,2.18
2012.06.03 21:16:23.876,0.93705,0.93807,2.18,2.18
2012.06.03 21:16:27.846,0.93705,0.93807,1.43,2.18
2012.06.03 21:16:30.604,0.937,0.93802,2.18,2.18
2012.06.03 21:17:22.667,0.93696,0.93798,2.18,2.18
2012.06.03 21:17:23.134,0.93696,0.93798,2.18,2.18
2012.06.03 21:18:01.616,0.93696,0.93798,2.18,2.18
2012.06.03 21:18:02.724,0.93693,0.93792,2.18,2.18
2012.06.03 21:18:06.224,0.93687,0.93787,3.00,1.43
2012.06.03 21:18:23.413,0.93691,0.93788,2.18,2.18
2012.06.03 21:18:39.746,0.93691,0.93792,2.18,2.18
2012.06.03 21:18:53.867,0.93686,0.93785,2.18,1.43
2012.06.03 21:19:02.898,0.93686,0.93785,2.18,2.18
2012.06.03 21:19:42.456,0.93689,0.9379,2.18,2.18
2012.06.03 21:19:45.036,0.93689,0.9379,2.18,2.18
2012.06.03 21:19:53.166,0.93689,0.9379,2.18,2.18
2012.06.03 21:19:58.726,0.93689,0.9379,2.18,2.18
2012.06.03 21:19:59.109,0.93689,0.9379,2.18,2.18
2012.06.03 21:20:12.586,0.93689,0.9379,2.18,2.18
2012.06.03 21:20:13.294,0.93689,0.93788,2.18,1.43
2012.06.03 21:20:27.777,0.93689,0.93788,2.18,1.43
2012.06.03 21:20:33.446,0.9369,0.93791,2.18,2.18
2012.06.03 21:21:17.207,0.93689,0.9379,2.18,1.43
2012.06.03 21:21:17.870,0.93689,0.9379,2.18,2.18
2012.06.03 21:21:17.934,0.93689,0.9379,2.18,2.18
2012.06.03 21:21:47.458,0.93687,0.93788,2.18,1.43
2012.06.03 21:21:47.794,0.93678,0.93774,3.00,1.43
2012.06.03 21:21:49.437,0.93674,0.93774,2.18,1.43
2012.06.03 21:21:50.454,0.93674,0.93774,2.18,1.43
2012.06.03 21:21:59.667,0.93674,0.93774,2.18,1.43
2012.06.03 21:21:59.804,0.93674,0.93774,2.18,1.43
2012.06.03 21:22:01.476,0.93674,0.93774,2.18,1.43
2012.06.03 21:22:02.465,0.93674,0.93774,2.18,1.43
2012.06.03 21:22:04.214,0.93674,0.93774,2.18,1.43
2012.06.03 21:22:04.274,0.93671,0.9377,2.18,1.43
2012.06.03 21:22:04.677,0.93668,0.9377,2.18,1.43
2012.06.03 21:22:04.736,0.93675,0.93772,2.18,1.43
2012.06.03 21:22:04.945,0.93675,0.93777,2.18,1.43
2012.06.03 21:22:06.647,0.93675,0.93774,2.18,1.43
2012.06.03 21:22:07.370,0.9367,0.93772,2.18,1.43
2012.06.03 21:22:10.058,0.9367,0.93772,2.18,1.43
2012.06.03 21:22:11.159,0.9367,0.93772,2.18,1.43
2012.06.03 21:22:12.129,0.93675,0.93774,2.18,1.43
2012.06.03 21:22:12.190,0.93675,0.93777,2.18,1.43
2012.06.03 21:22:15.058,0.93675,0.93777,2.18,1.43
2012.06.03 21:22:15.178,0.93675,0.93777,2.18,1.43
2012.06.03 21:22:25.654,0.93675,0.93777,2.18,1.43
2012.06.03 21:22:26.667,0.93675,0.93777,2.18,1.43
2012.06.03 21:22:26.728,0.93675,0.93777,2.18,1.43
2012.06.03 21:22:26.864,0.9367,0.9377,2.18,1.43
2012.06.03 21:22:28.427,0.9367,0.9377,2.18,1.43
2012.06.03 21:22:29.416,0.9367,0.9377,2.18,1.43
2012.06.03 21:22:29.986,0.93674,0.93773,2.18,1.43
2012.06.03 21:22:30.044,0.93674,0.93776,2.18,1.43
2012.06.03 21:22:46.319,0.93674,0.93776,2.18,1.43
2012.06.03 21:22:46.377,0.93674,0.93776,2.18,1.43
2012.06.03 21:22:46.438,0.93673,0.93771,2.18,1.43
2012.06.03 21:22:47.416,0.93669,0.93771,2.18,1.43
2012.06.03 21:22:51.017,0.93674,0.93765,2.18,1.43
2012.06.03 21:22:53.235,0.93736,0.93765,0.75,1.43
2012.06.03 21:22:53.355,0.93705,0.93787,2.18,1.43
2012.06.03 21:22:53.475,0.93705,0.93787,2.18,1.43
2012.06.03 21:22:53.534,0.93705,0.93777,2.18,1.43
2012.06.03 21:22:54.118,0.93673,0.93757,2.18,1.43
2012.06.03 21:22:54.189,0.93673,0.93757,2.18,1.43
2012.06.03 21:22:54.345,0.93677,0.93762,2.18,1.43
2012.06.03 21:23:01.205,0.93677,0.93762,2.18,1.43
2012.06.03 21:23:14.215,0.93675,0.93761,2.18,1.43
2012.06.03 21:23:26.137,0.93674,0.93761,2.18,1.43
2012.06.03 21:23:30.979,0.93674,0.93761,2.18,1.43
2012.06.03 21:23:31.039,0.93674,0.93761,2.18,1.43
2012.06.03 21:23:31.486,0.93674,0.93747,2.18,1.43
2012.06.03 21:23:31.940,0.93659,0.93745,2.18,1.43
2012.06.03 21:23:33.397,0.93659,0.93745,2.18,1.43
2012.06.03 21:23:40.549,0.93659,0.93745,2.18,1.43
2012.06.03 21:23:43.469,0.93659,0.93745,2.18,1.43
2012.06.03 21:23:44.215,0.93659,0.93745,2.18,1.43
2012.06.03 21:23:49.779,0.93659,0.93734,2.18,1.43
2012.06.03 21:23:49.895,0.93646,0.93733,2.18,1.43
2012.06.03 21:23:52.890,0.93646,0.93733,2.18,1.43
2012.06.03 21:23:53.991,0.93646,0.93733,2.18,1.43
2012.06.03 21:23:54.115,0.93645,0.93727,2.18,1.43
2012.06.03 21:23:55.426,0.93629,0.93715,2.18,1.43
2012.06.03 21:23:56.222,0.93635,0.93717,2.18,1.43
2012.06.03 21:23:56.285,0.93635,0.93719,2.18,1.43
2012.06.03 21:23:56.647,0.93635,0.93719,2.18,1.43
2012.06.03 21:23:56.854,0.93635,0.93719,2.18,1.43
2012.06.03 21:23:57.589,0.93635,0.93719,2.18,1.43
2012.06.03 21:23:58.170,0.93635,0.93719,2.18,1.43
2012.06.03 21:24:02.460,0.93635,0.93719,2.18,1.43
2012.06.03 21:24:02.516,0.9363,0.93714,2.18,1.43
2012.06.03 21:24:03.167,0.93661,0.9371,0.75,1.43
2012.06.03 21:24:03.935,0.93657,0.93704,0.75,1.43
2012.06.03 21:24:06.248,0.93662,0.93704,0.75,1.43
2012.06.03 21:24:07.005,0.93656,0.93693,0.75,1.43
2012.06.03 21:24:08.125,0.93609,0.93693,2.18,1.43
2012.06.03 21:24:13.905,0.93609,0.93693,2.18,1.43
2012.06.03 21:24:13.965,0.93614,0.93695,2.18,1.43
2012.06.03 21:24:14.025,0.93614,0.93698,2.18,1.43
2012.06.03 21:24:19.335,0.93609,0.93693,2.18,1.43
2012.06.03 21:24:19.550,0.93609,0.93693,2.18,1.43
2012.06.03 21:24:20.065,0.93609,0.93693,2.18,1.43
2012.06.03 21:24:20.125,0.93631,0.93693,0.75,1.43
2012.06.03 21:24:39.755,0.93631,0.93692,0.75,1.43
2012.06.03 21:24:46.934,0.93651,0.93692,0.75,1.43
2012.06.03 21:24:47.572,0.93609,0.93691,2.18,1.43
2012.06.03 21:24:47.636,0.93609,0.93691,2.18,1.43
2012.06.03 21:24:48.377,0.93631,0.93692,0.75,1.43
2012.06.03 21:24:53.586,0.93656,0.93708,0.75,1.43
2012.06.03 21:24:53.758,0.93656,0.93715,0.75,1.43
2012.06.03 21:24:54.235,0.93608,0.93715,3.00,2.18
2012.06.03 21:24:54.415,0.93611,0.93695,2.18,1.43
2012.06.03 21:25:03.555,0.93616,0.93696,2.18,1.43
2012.06.03 21:25:03.615,0.93616,0.937,2.18,1.43
2012.06.03 21:25:03.675,0.93616,0.937,2.18,1.43
2012.06.03 21:25:04.248,0.93616,0.937,2.18,1.43
2012.06.03 21:25:06.145,0.93616,0.937,2.18,1.43
2012.06.03 21:25:07.728,0.93615,0.93696,2.18,1.43
2012.06.03 21:25:07.792,0.93615,0.93696,2.18,1.43
2012.06.03 21:25:08.159,0.93625,0.93699,2.18,1.43
2012.06.03 21:25:08.276,0.93625,0.93709,2.18,2.18
2012.06.03 21:25:08.835,0.93625,0.93707,2.18,1.43
2012.06.03 21:25:08.896,0.93625,0.93697,2.18,1.43
2012.06.03 21:25:09.388,0.93611,0.93695,2.18,1.43
2012.06.03 21:25:15.377,0.93611,0.93695,2.18,1.43
2012.06.03 21:25:15.745,0.93617,0.93699,2.18,1.43
2012.06.03 21:25:29.789,0.93617,0.93699,2.18,2.18
2012.06.03 21:25:29.897,0.93614,0.93685,2.18,1.43
2012.06.03 21:25:33.629,0.93607,0.93687,2.18,1.43
2012.06.03 21:25:33.685,0.93607,0.93691,2.18,1.43
2012.06.03 21:25:33.866,0.93607,0.93691,2.18,1.43
2012.06.03 21:25:33.987,0.936,0.9372,2.18,2.18
2012.06.03 21:25:34.412,0.936,0.93712,2.18,3.00
2012.06.03 21:25:36.785,0.936,0.93703,2.18,3.00
2012.06.03 21:25:37.175,0.93593,0.93677,2.18,1.43
2012.06.03 21:25:37.919,0.936,0.93678,2.18,1.43
2012.06.03 21:25:38.065,0.936,0.93712,2.18,3.00
2012.06.03 21:25:38.976,0.936,0.93703,2.18,2.25
2012.06.03 21:25:39.982,0.936,0.93713,2.18,3.00
2012.06.03 21:25:40.317,0.936,0.93713,2.18,3.00
2012.06.03 21:25:40.631,0.93609,0.93693,2.18,1.43
2012.06.03 21:25:40.720,0.93607,0.93695,2.18,1.43
2012.06.03 21:25:40.785,0.93602,0.93702,2.18,2.25
2012.06.03 21:26:32.723,0.93601,0.93712,2.18,3.00
2012.06.03 21:26:33.040,0.93601,0.93712,2.18,3.00
2012.06.03 21:26:33.479,0.93621,0.93712,2.18,3.00
2012.06.03 21:26:34.087,0.93607,0.93691,2.18,1.43
2012.06.03 21:26:38.538,0.93607,0.93691,2.18,1.43
2012.06.03 21:26:38.820,0.93607,0.93691,2.18,1.43
2012.06.03 21:26:40.160,0.93607,0.93691,2.18,1.43
2012.06.03 21:26:53.527,0.93609,0.93692,2.18,1.43
2012.06.03 21:26:54.265,0.93609,0.93693,2.18,1.43
2012.06.03 21:27:03.466,0.93607,0.93688,2.18,1.43
2012.06.03 21:27:04.291,0.93604,0.93688,2.18,1.43
2012.06.03 21:27:07.060,0.93604,0.93688,2.18,1.43
2012.06.03 21:27:16.705,0.93604,0.93688,2.18,1.43
2012.06.03 21:27:19.756,0.93604,0.93688,2.18,1.43
2012.06.03 21:27:23.560,0.93607,0.93689,2.18,1.43
2012.06.03 21:27:23.616,0.93607,0.93691,2.18,1.43
2012.06.03 21:27:25.835,0.93607,0.93687,2.18,1.43
2012.06.03 21:27:26.179,0.93603,0.93685,2.18,1.43
2012.06.03 21:27:34.978,0.93608,0.93687,2.18,1.43
2012.06.03 21:27:35.037,0.93608,0.9369,2.18,1.43
2012.06.03 21:27:55.185,0.93609,0.93691,2.18,1.43
2012.06.03 21:27:57.475,0.93609,0.93691,2.18,1.43
2012.06.03 21:27:58.038,0.93609,0.93691,2.18,1.43
2012.06.03 21:28:09.257,0.93609,0.93691,2.18,1.43
2012.06.03 21:28:15.076,0.93609,0.93693,2.18,1.43
2012.06.03 21:28:35.052,0.93612,0.93694,2.18,1.43
2012.06.03 21:28:35.115,0.93612,0.93696,2.18,1.43
2012.06.03 21:28:44.058,0.93612,0.93696,2.18,1.43
2012.06.03 21:28:44.236,0.93616,0.93696,2.18,1.43
2012.06.03 21:28:44.296,0.93617,0.93701,2.18,1.43
2012.06.03 21:28:51.246,0.93617,0.93701,2.18,1.43
2012.06.03 21:28:51.305,0.93617,0.93701,2.18,1.43
2012.06.03 21:28:51.365,0.93617,0.93697,2.18,1.43
2012.06.03 21:28:51.843,0.93612,0.93694,2.18,1.43
2012.06.03 21:29:04.674,0.93616,0.937,2.18,1.43
2012.06.03 21:29:09.958,0.93625,0.93709,2.18,2.18
2012.06.03 21:29:10.016,0.93642,0.93724,2.18,2.18
2012.06.03 21:29:10.396,0.93642,0.93724,2.18,2.18
2012.06.03 21:29:10.538,0.93642,0.93724,2.18,2.18
2012.06.03 21:29:14.437,0.93647,0.93729,2.18,2.18
2012.06.03 21:29:14.745,0.93647,0.93729,2.18,2.18
2012.06.03 21:29:16.945,0.93647,0.93729,2.18,2.18
2012.06.03 21:29:17.005,0.93647,0.93721,2.18,1.43
2012.06.03 21:29:17.585,0.93636,0.93718,2.18,1.43
2012.06.03 21:29:24.884,0.93636,0.93718,2.18,1.43
2012.06.03 21:29:25.186,0.93636,0.93718,2.18,1.43
2012.06.03 21:29:27.786,0.93633,0.93714,2.18,1.43
2012.06.03 21:29:39.965,0.93631,0.93714,2.18,1.43
2012.06.03 21:29:40.268,0.93631,0.93708,2.18,1.43
2012.06.03 21:29:40.897,0.93623,0.93707,2.18,1.43
2012.06.03 21:29:48.399,0.93623,0.93703,2.18,1.43
2012.06.03 21:29:48.736,0.93617,0.93701,2.18,1.43
2012.06.03 21:29:55.756,0.93617,0.93698,2.18,1.43
2012.06.03 21:29:55.815,0.93613,0.93695,2.18,1.43
2012.06.03 21:30:06.026,0.93613,0.93695,2.18,1.43
2012.06.03 21:30:06.225,0.93619,0.93703,2.18,1.43
2012.06.03 21:30:06.377,0.93619,0.93703,2.18,1.43
2012.06.03 21:30:06.436,0.93625,0.93707,2.18,1.43
2012.06.03 21:30:06.729,0.93633,0.93707,2.18,1.43
2012.06.03 21:30:06.787,0.93634,0.93718,2.18,1.43
2012.06.03 21:30:06.846,0.93634,0.93718,2.18,1.43
2012.06.03 21:30:06.930,0.93634,0.93718,2.18,1.43
2012.06.03 21:30:07.303,0.93634,0.93718,2.18,1.43
2012.06.03 21:30:07.655,0.93649,0.93731,2.18,1.43
2012.06.03 21:30:08.809,0.93649,0.93731,2.18,1.43
2012.06.03 21:30:10.288,0.93649,0.93731,2.18,1.43
2012.06.03 21:30:10.605,0.93649,0.93731,2.18,1.43
2012.06.03 21:30:14.930,0.93649,0.93731,2.18,1.43
2012.06.03 21:30:16.405,0.93649,0.93731,2.18,1.43
2012.06.03 21:30:18.396,0.93649,0.93731,2.18,1.43
2012.06.03 21:30:21.367,0.93649,0.93731,2.18,1.43
2012.06.03 21:30:21.749,0.93649,0.93731,2.18,1.43
2012.06.03 21:30:22.467,0.93649,0.93731,2.18,1.43
2012.06.03 21:30:22.588,0.93649,0.93731,2.18,1.43
2012.06.03 21:30:27.236,0.93649,0.93733,2.18,2.85
2012.06.03 21:30:28.416,0.93649,0.93733,2.18,1.43
2012.06.03 21:30:28.627,0.93649,0.93733,2.18,1.43
2012.06.03 21:30:31.309,0.93649,0.93733,2.18,1.43
2012.06.03 21:30:31.847,0.93649,0.93733,2.18,1.43
2012.06.03 21:30:36.478,0.93649,0.93733,2.18,1.43
2012.06.03 21:30:38.458,0.93649,0.93733,2.18,1.43
2012.06.03 21:30:39.448,0.93649,0.93733,2.18,1.43
2012.06.03 21:30:40.327,0.93649,0.93733,2.18,1.43
2012.06.03 21:30:40.647,0.93643,0.93725,2.18,1.43
2012.06.03 21:30:41.226,0.93648,0.9373,2.18,1.43
2012.06.03 21:30:41.628,0.93648,0.9373,2.18,1.43
2012.06.03 21:30:41.686,0.93648,0.93728,2.18,1.43
2012.06.03 21:30:41.865,0.93649,0.93733,2.18,1.43
2012.06.03 21:30:46.364,0.93649,0.93733,2.18,1.43
2012.06.03 21:30:46.605,0.93654,0.93738,2.18,1.43
2012.06.03 21:30:47.160,0.93654,0.93732,2.18,1.43
2012.06.03 21:30:47.515,0.93646,0.93726,2.18,1.43
2012.06.03 21:30:47.776,0.93655,0.93737,2.18,1.43
2012.06.03 21:30:48.719,0.93655,0.93737,2.18,1.43
2012.06.03 21:30:49.160,0.93655,0.93737,2.18,1.43
2012.06.03 21:30:49.926,0.93655,0.93731,2.18,1.43
2012.06.03 21:30:50.266,0.93644,0.93724,2.18,1.43
2012.06.03 21:30:50.326,0.93654,0.93728,2.18,1.43
2012.06.03 21:30:50.385,0.93655,0.93739,2.18,1.43
2012.06.03 21:30:50.546,0.93655,0.93739,2.18,1.43
2012.06.03 21:30:50.667,0.9365,0.93732,2.18,1.43
2012.06.03 21:30:50.726,0.93635,0.93719,2.18,1.43
2012.06.03 21:30:51.338,0.93635,0.93719,2.18,1.43
2012.06.03 21:30:51.538,0.93635,0.93719,2.18,1.43
2012.06.03 21:30:53.227,0.93635,0.93719,2.18,1.43
2012.06.03 21:30:53.557,0.93635,0.93719,2.18,1.43
2012.06.03 21:30:53.997,0.93635,0.93719,2.18,1.43
2012.06.03 21:30:54.465,0.93635,0.93719,2.18,1.43
2012.06.03 21:30:54.526,0.93635,0.93719,2.18,1.43
2012.06.03 21:30:54.587,0.9363,0.93712,2.18,1.43
2012.06.03 21:30:55.182,0.93625,0.93707,2.18,1.43
2012.06.03 21:30:58.378,0.93625,0.93707,2.18,1.43
2012.06.03 21:30:58.498,0.93625,0.93707,2.18,1.43
2012.06.03 21:31:03.846,0.93657,0.93706,0.75,1.43
2012.06.03 21:31:06.166,0.93622,0.93704,2.18,1.43
2012.06.03 21:31:06.227,0.93622,0.93704,2.18,1.43
2012.06.03 21:31:13.148,0.93622,0.93704,2.18,1.43
2012.06.03 21:31:18.516,0.93622,0.93704,2.18,1.43
2012.06.03 21:31:26.346,0.93624,0.93706,2.18,1.43
2012.06.03 21:31:26.425,0.93624,0.93706,2.18,1.43
2012.06.03 21:31:27.580,0.93621,0.93693,2.18,1.43
2012.06.03 21:31:27.637,0.93621,0.93693,2.18,1.43
2012.06.03 21:31:33.348,0.93611,0.93693,2.18,1.43
2012.06.03 21:31:47.768,0.93612,0.93695,2.18,1.43
2012.06.03 21:31:48.521,0.93612,0.93696,2.18,1.43
2012.06.03 21:31:56.507,0.93622,0.93698,2.18,1.43
2012.06.03 21:31:56.687,0.93618,0.93701,2.18,1.43
2012.06.03 21:31:56.747,0.93618,0.93703,2.18,1.43
2012.06.03 21:32:00.636,0.93615,0.93699,2.18,1.43
2012.06.03 21:32:20.736,0.93614,0.93696,2.18,1.43
2012.06.03 21:32:33.181,0.93614,0.93696,2.18,1.43
2012.06.03 21:32:40.806,0.93616,0.937,2.18,1.43
2012.06.03 21:32:43.211,0.93615,0.93694,2.18,1.43
2012.06.03 21:32:43.266,0.93612,0.93694,2.18,1.43
2012.06.03 21:32:45.019,0.93612,0.93694,2.18,1.43
2012.06.03 21:32:45.078,0.93612,0.93694,2.18,1.43
2012.06.03 21:32:46.585,0.93612,0.93692,2.18,1.43
2012.06.03 21:32:46.895,0.93606,0.9369,2.18,1.43
2012.06.03 21:32:48.100,0.93606,0.9369,2.18,1.43
2012.06.03 21:32:48.430,0.93606,0.9369,2.18,1.43
2012.06.03 21:32:48.827,0.93647,0.93685,0.75,1.43
2012.06.03 21:32:49.503,0.93601,0.93685,2.18,1.43
2012.06.03 21:32:49.566,0.93595,0.93679,2.18,1.43
2012.06.03 21:32:50.426,0.93602,0.93684,2.18,1.43
2012.06.03 21:33:10.576,0.93601,0.93683,2.18,1.43
2012.06.03 21:33:27.586,0.93601,0.93683,2.18,1.43
2012.06.03 21:33:27.870,0.93646,0.93683,0.75,1.43
2012.06.03 21:33:28.169,0.93606,0.93688,2.18,1.43
2012.06.03 21:33:30.416,0.93611,0.93693,2.18,1.43
2012.06.03 21:33:30.596,0.93611,0.93693,2.18,1.43
2012.06.03 21:33:30.656,0.93611,0.93693,2.18,1.43
2012.06.03 21:33:31.506,0.93611,0.93693,2.18,1.43
2012.06.03 21:33:31.766,0.93616,0.93698,2.18,1.43
2012.06.03 21:33:31.946,0.93616,0.93698,2.18,1.43
2012.06.03 21:33:32.506,0.93621,0.93703,2.18,1.43
2012.06.03 21:33:32.651,0.93621,0.93703,2.18,1.43
2012.06.03 21:33:32.947,0.93621,0.93703,2.18,1.43
2012.06.03 21:33:33.007,0.93621,0.937,2.18,1.43
2012.06.03 21:33:33.463,0.93641,0.93692,0.75,1.43
2012.06.03 21:33:34.497,0.93647,0.93692,0.75,1.43
2012.06.03 21:33:34.858,0.93647,0.93665,0.75,1.43
2012.06.03 21:33:34.917,0.93647,0.93667,0.75,1.43
2012.06.03 21:33:35.037,0.93605,0.93667,2.18,1.43
2012.06.03 21:33:35.558,0.93642,0.93692,0.75,1.43
2012.06.03 21:33:36.140,0.93642,0.93693,0.75,1.43
2012.06.03 21:33:41.856,0.93647,0.93693,0.75,1.43
2012.06.03 21:33:42.419,0.93612,0.93694,2.18,1.43
2012.06.03 21:34:17.489,0.93616,0.937,2.18,1.43
2012.06.03 21:34:17.548,0.93647,0.93673,0.75,1.43
2012.06.03 21:34:17.666,0.93647,0.93701,0.75,1.43
2012.06.03 21:34:22.391,0.93651,0.93701,0.75,1.43
2012.06.03 21:34:23.759,0.93646,0.93701,0.75,1.43
2012.06.03 21:34:37.947,0.93646,0.937,0.75,1.43
2012.06.03 21:34:57.536,0.93646,0.93701,0.75,1.43
2012.06.03 21:35:23.950,0.93598,0.93701,2.25,1.43
2012.06.03 21:36:08.656,0.93614,0.93711,1.43,1.43
2012.06.03 21:36:08.829,0.93616,0.93709,1.43,1.43
2012.06.03 21:36:10.416,0.93622,0.93706,1.43,1.43
2012.06.03 21:36:10.910,0.93622,0.93706,2.18,1.43
2012.06.03 21:36:12.438,0.93622,0.93706,2.18,1.43
2012.06.03 21:36:12.999,0.93622,0.93706,2.18,1.43
2012.06.03 21:36:30.416,0.93621,0.93705,2.18,1.43
2012.06.03 21:37:10.408,0.9362,0.93704,2.18,1.43
2012.06.03 21:37:11.527,0.93629,0.93712,2.18,1.43
2012.06.03 21:37:11.587,0.93633,0.93714,2.18,1.43
2012.06.03 21:37:12.120,0.93633,0.93718,2.18,1.43
2012.06.03 21:37:31.586,0.93635,0.93721,2.18,1.43
2012.06.03 21:37:42.272,0.93635,0.93721,2.18,1.43
2012.06.03 21:37:42.497,0.93635,0.93721,2.18,1.43
2012.06.03 21:37:43.529,0.93635,0.93721,2.18,1.43
2012.06.03 21:37:43.826,0.93641,0.93725,2.18,2.18
2012.06.03 21:37:45.740,0.93642,0.93724,2.18,1.43
2012.06.03 21:37:45.938,0.93646,0.9373,2.18,2.18
2012.06.03 21:37:46.330,0.93646,0.9373,2.18,2.18
2012.06.03 21:37:46.719,0.93652,0.93736,2.18,2.18
2012.06.03 21:37:47.102,0.93652,0.93736,2.18,2.18
2012.06.03 21:37:47.347,0.93658,0.9374,2.18,2.18
2012.06.03 21:37:48.422,0.93658,0.9374,2.18,1.43
2012.06.03 21:37:48.547,0.93643,0.93723,2.18,1.43
2012.06.03 21:37:50.429,0.93639,0.93723,2.18,1.43
2012.06.03 21:37:51.266,0.93646,0.93728,2.18,1.43
2012.06.03 21:37:52.806,0.93646,0.93728,2.18,1.43
2012.06.03 21:37:52.867,0.9364,0.93722,2.18,1.43
2012.06.03 21:37:52.987,0.93634,0.93716,2.18,1.43
2012.06.03 21:37:54.076,0.93639,0.93721,2.18,1.43
2012.06.03 21:37:59.437,0.93639,0.93721,2.18,1.43
2012.06.03 21:37:59.710,0.93639,0.93721,2.18,2.18
2012.06.03 21:37:59.766,0.93631,0.93714,2.18,1.43
2012.06.03 21:38:00.366,0.93636,0.93718,2.18,2.18
2012.06.03 21:38:00.427,0.9363,0.93715,2.18,2.18
2012.06.03 21:38:00.918,0.9363,0.93715,2.18,1.43
2012.06.03 21:38:01.418,0.9363,0.93715,2.18,2.18
2012.06.03 21:38:01.908,0.9363,0.93715,2.18,1.43
2012.06.03 21:38:06.049,0.9363,0.93715,2.18,1.43
2012.06.03 21:38:06.337,0.9363,0.93715,2.18,1.43
2012.06.03 21:38:07.297,0.9363,0.93715,2.18,1.43
2012.06.03 21:38:08.957,0.9363,0.93715,2.18,1.43
2012.06.03 21:38:15.000,0.9363,0.93715,2.18,1.43
2012.06.03 21:38:16.649,0.9363,0.93715,2.18,1.43
2012.06.03 21:38:16.826,0.93636,0.93718,2.18,1.43
2012.06.03 21:38:17.567,0.93636,0.93718,2.18,2.18
2012.06.03 21:38:19.509,0.93636,0.93718,2.18,1.43
2012.06.03 21:38:19.566,0.93643,0.93725,2.18,2.18
2012.06.03 21:38:19.690,0.93643,0.93725,2.18,1.43
2012.06.03 21:38:20.036,0.93653,0.93727,2.18,1.43
2012.06.03 21:38:20.122,0.93653,0.93737,2.18,2.18
2012.06.03 21:38:20.668,0.93649,0.93733,2.18,2.18
2012.06.03 21:38:22.479,0.93649,0.93733,2.18,2.18
2012.06.03 21:38:23.656,0.93647,0.93725,2.18,1.43
2012.06.03 21:38:23.717,0.93647,0.93725,2.18,1.43
2012.06.03 21:38:24.478,0.9364,0.9372,2.18,1.43
2012.06.03 21:38:44.706,0.93637,0.93719,2.18,1.43
2012.06.03 21:39:04.726,0.93638,0.93722,2.18,1.43
2012.06.03 21:39:07.437,0.93638,0.93722,2.18,1.43
2012.06.03 21:39:07.567,0.93643,0.93727,2.18,1.43
2012.06.03 21:39:09.566,0.93649,0.93728,2.18,1.43
2012.06.03 21:39:09.626,0.93649,0.93733,2.18,2.18
2012.06.03 21:39:10.069,0.93649,0.93733,2.18,2.18
2012.06.03 21:39:10.447,0.93648,0.93727,2.18,1.43
2012.06.03 21:39:10.819,0.93643,0.93723,2.18,1.43
2012.06.03 21:39:10.936,0.93639,0.93723,2.18,1.43
2012.06.03 21:39:12.967,0.93644,0.93725,2.18,1.43
2012.06.03 21:39:13.027,0.93644,0.93728,2.18,1.43
2012.06.03 21:39:15.350,0.93644,0.93728,2.18,1.43
2012.06.03 21:39:15.547,0.9365,0.93734,2.18,1.43
2012.06.03 21:39:18.020,0.9365,0.93734,2.18,1.43
2012.06.03 21:39:29.563,0.9365,0.93734,2.18,1.43
2012.06.03 21:39:29.687,0.93659,0.93738,2.18,2.18
2012.06.03 21:39:30.242,0.93661,0.93743,2.18,2.18
2012.06.03 21:39:30.617,0.93661,0.93743,2.18,2.18
2012.06.03 21:39:43.346,0.93656,0.93738,2.18,1.43
2012.06.03 21:39:43.406,0.93656,0.93738,2.18,2.18
2012.06.03 21:40:01.237,0.93656,0.93738,2.18,2.18
2012.06.03 21:40:04.370,0.93661,0.93743,2.18,2.18
2012.06.03 21:40:04.549,0.93661,0.93732,2.18,1.43
2012.06.03 21:40:05.231,0.93646,0.9373,2.18,1.43
2012.06.03 21:40:16.408,0.93663,0.93746,2.18,2.18
2012.06.03 21:40:16.527,0.93663,0.93746,2.18,2.18
2012.06.03 21:40:16.932,0.93663,0.93746,2.18,2.18
2012.06.03 21:40:17.399,0.93663,0.93746,2.18,2.18
2012.06.03 21:40:18.389,0.93663,0.93746,2.18,2.18
2012.06.03 21:40:19.340,0.93663,0.93746,2.18,1.43
2012.06.03 21:40:20.699,0.93663,0.93746,2.18,1.43
2012.06.03 21:40:23.449,0.93663,0.93746,2.18,1.43
2012.06.03 21:40:23.740,0.93663,0.93746,2.18,1.43
2012.06.03 21:40:24.069,0.93663,0.93746,2.18,1.43
2012.06.03 21:40:25.432,0.93663,0.93746,2.18,1.43
2012.06.03 21:41:16.663,0.93648,0.93772,4.00,4.00
2012.06.03 21:41:36.703,0.93648,0.93772,3.00,3.00
2012.06.03 21:41:51.356,0.93647,0.93783,3.00,3.00
2012.06.03 21:41:51.451,0.93696,0.93783,0.75,4.00
2012.06.03 21:41:51.510,0.93647,0.93783,4.00,4.00
2012.06.03 21:41:53.467,0.93696,0.93772,0.75,4.00
2012.06.03 21:42:05.496,0.93697,0.93772,0.75,4.00
2012.06.03 21:42:05.557,0.9367,0.93752,2.18,1.43
2012.06.03 21:42:06.708,0.93669,0.93753,2.18,1.43
2012.06.03 21:42:07.239,0.93669,0.93753,2.18,1.43
2012.06.03 21:42:15.709,0.93669,0.93753,2.18,2.18
2012.06.03 21:42:16.149,0.93669,0.93753,2.18,1.43
2012.06.03 21:42:45.984,0.93671,0.93755,2.18,1.43
2012.06.03 21:43:06.009,0.93673,0.93757,2.18,1.43
2012.06.03 21:43:08.471,0.93672,0.93752,2.18,1.43
2012.06.03 21:43:08.729,0.93668,0.93752,2.18,1.43
2012.06.03 21:43:27.869,0.93668,0.93752,2.18,1.43
2012.06.03 21:43:31.723,0.9367,0.93752,2.18,1.43
2012.06.03 21:43:44.919,0.9367,0.93752,2.18,1.43
2012.06.03 21:43:45.227,0.93675,0.93757,2.18,1.43
2012.06.03 21:44:17.211,0.93673,0.93757,2.18,1.43
2012.06.03 21:44:17.327,0.93683,0.93767,2.18,1.43
2012.06.03 21:44:17.387,0.93683,0.93767,2.18,1.43
2012.06.03 21:44:19.133,0.93683,0.93767,2.18,1.43
2012.06.03 21:44:20.903,0.93683,0.93767,2.18,1.43
2012.06.03 21:44:21.427,0.93693,0.93776,2.18,2.18
2012.06.03 21:44:21.670,0.93693,0.93776,2.18,1.43
2012.06.03 21:44:22.077,0.93697,0.93781,2.18,1.43
2012.06.03 21:44:22.219,0.93697,0.93781,2.18,2.18
2012.06.03 21:44:22.439,0.93697,0.93781,2.18,2.18
2012.06.03 21:44:23.737,0.93692,0.93777,2.18,2.18
2012.06.03 21:44:27.527,0.93687,0.93766,2.18,1.43
2012.06.03 21:44:43.940,0.93684,0.93766,2.18,1.43
2012.06.03 21:44:50.028,0.93682,0.93766,2.18,1.43
2012.06.03 21:44:50.795,0.93682,0.93766,2.18,1.43
2012.06.03 21:44:51.419,0.93682,0.93766,2.18,1.43
2012.06.03 21:44:52.137,0.93682,0.93766,2.18,1.43
2012.06.03 21:44:53.188,0.93682,0.93766,2.18,1.43
2012.06.03 21:44:54.390,0.93682,0.93766,2.18,1.43
2012.06.03 21:44:54.450,0.93682,0.93766,2.18,1.43
2012.06.03 21:45:02.201,0.93682,0.93766,2.18,1.43
2012.06.03 21:45:07.617,0.93683,0.93767,2.18,2.85
2012.06.03 21:45:27.779,0.93683,0.93765,2.18,1.43
2012.06.03 21:45:42.680,0.93683,0.93765,2.18,1.43
2012.06.03 21:46:00.502,0.93681,0.93765,2.18,2.18
2012.06.03 21:46:00.671,0.93679,0.93755,2.18,1.43
2012.06.03 21:46:01.471,0.93671,0.93755,2.18,1.43
2012.06.03 21:46:04.889,0.93671,0.93755,2.18,1.43
2012.06.03 21:46:05.009,0.93671,0.93755,2.18,1.43
2012.06.03 21:46:05.068,0.93686,0.9377,2.18,2.18
2012.06.03 21:46:05.220,0.93686,0.9377,2.18,1.43
2012.06.03 21:46:05.926,0.93673,0.93757,2.18,1.43
2012.06.03 21:46:08.520,0.93679,0.93758,2.18,1.43
2012.06.03 21:46:08.638,0.93679,0.93761,2.18,1.43
2012.06.03 21:46:08.757,0.93689,0.93763,2.18,1.43
2012.06.03 21:46:08.819,0.93689,0.93771,2.18,2.18
2012.06.03 21:46:09.023,0.93689,0.93771,2.18,2.18
2012.06.03 21:46:09.552,0.93679,0.93761,2.18,1.43
2012.06.03 21:46:09.727,0.93674,0.93756,2.18,1.43
2012.06.03 21:46:20.842,0.93674,0.93756,2.18,1.43
2012.06.03 21:46:20.904,0.93674,0.93756,2.18,1.43
2012.06.03 21:46:26.109,0.93674,0.93756,2.18,1.43
2012.06.03 21:46:28.077,0.93684,0.93768,2.18,1.43
2012.06.03 21:46:28.199,0.93684,0.93768,2.18,1.43
2012.06.03 21:46:29.438,0.93684,0.93768,2.18,2.18
2012.06.03 21:46:34.150,0.9368,0.93762,2.18,1.43
2012.06.03 21:46:34.419,0.9368,0.93762,2.18,2.18
2012.06.03 21:47:34.567,0.93682,0.93764,1.43,1.43
2012.06.03 21:47:36.552,0.93682,0.93764,2.18,2.18
2012.06.03 21:47:44.753,0.93682,0.93764,2.18,1.43
2012.06.03 21:47:45.128,0.93683,0.93767,2.18,2.18
2012.06.03 21:47:47.873,0.93683,0.93767,2.18,2.18
2012.06.03 21:47:48.473,0.93683,0.93765,2.18,2.18
2012.06.03 21:47:53.921,0.93683,0.93765,2.18,2.18
2012.06.03 21:48:13.858,0.93679,0.93763,2.18,2.18
2012.06.03 21:48:13.918,0.93686,0.93765,2.18,2.18
2012.06.03 21:48:16.592,0.93686,0.9377,2.18,2.18
2012.06.03 21:48:21.627,0.93684,0.93764,2.18,2.18
2012.06.03 21:48:39.730,0.93686,0.9377,2.18,2.18
2012.06.03 21:49:22.520,0.93688,0.9377,2.18,2.18
2012.06.03 21:49:30.220,0.93688,0.9377,2.18,2.18
2012.06.03 21:49:36.258,0.93695,0.93775,2.18,2.18
2012.06.03 21:49:37.839,0.93698,0.9378,2.18,2.18
2012.06.03 21:49:38.686,0.93698,0.9378,2.18,2.18
2012.06.03 21:49:45.400,0.93692,0.93777,2.18,2.18
2012.06.03 21:49:53.729,0.93686,0.9377,2.18,2.18
2012.06.03 21:49:54.708,0.93686,0.9377,2.18,2.18
2012.06.03 21:49:54.769,0.93686,0.9377,2.18,1.43
2012.06.03 21:49:56.113,0.93686,0.9377,2.18,2.18
2012.06.03 21:50:02.381,0.93686,0.9377,2.18,1.43
2012.06.03 21:50:02.499,0.93698,0.9378,2.18,2.18
2012.06.03 21:50:03.445,0.93698,0.9378,2.18,1.43
2012.06.03 21:50:07.869,0.93698,0.9378,2.18,2.18
2012.06.03 21:50:09.080,0.93698,0.9378,2.18,2.18
2012.06.03 21:50:09.428,0.93698,0.9378,2.18,2.18
2012.06.03 21:50:09.488,0.9369,0.93774,2.18,1.43
2012.06.03 21:50:09.698,0.9369,0.93774,2.18,2.18
2012.06.03 21:50:10.344,0.9369,0.93774,2.18,2.18
2012.06.03 21:50:12.161,0.9369,0.93774,2.18,2.18
2012.06.03 21:50:19.495,0.93685,0.93769,2.18,2.18
2012.06.03 21:50:28.628,0.93685,0.9376,2.18,1.43
2012.06.03 21:50:28.868,0.9368,0.93762,2.18,1.43
2012.06.03 21:50:43.238,0.93678,0.93758,2.18,1.43
2012.06.03 21:50:43.853,0.9367,0.93752,2.18,1.43
2012.06.03 21:51:03.448,0.93671,0.93753,2.18,1.43
2012.06.03 21:51:04.179,0.93698,0.93773,1.43,3.00
2012.06.03 21:51:04.238,0.93698,0.93773,2.18,2.25
2012.06.03 21:51:04.391,0.93698,0.93782,2.18,2.18
2012.06.03 21:51:04.448,0.93698,0.93782,2.18,2.18
2012.06.03 21:51:07.160,0.93698,0.93782,2.18,2.18
2012.06.03 21:51:08.150,0.93698,0.93782,2.18,2.18
2012.06.03 21:51:19.180,0.93697,0.93776,2.18,1.43
2012.06.03 21:51:19.238,0.93699,0.93781,2.18,2.18
2012.06.03 21:51:24.354,0.93699,0.93781,2.18,2.18
2012.06.03 21:51:37.949,0.93692,0.93776,2.18,2.18
2012.06.03 21:51:38.057,0.93692,0.93776,2.18,2.18
2012.06.03 21:51:42.395,0.93692,0.93776,2.18,2.18
2012.06.03 21:51:42.728,0.93704,0.93788,2.18,2.18
2012.06.03 21:51:48.659,0.93688,0.93773,2.18,2.18
2012.06.03 21:51:49.821,0.93688,0.93773,2.18,1.43
2012.06.03 21:51:50.008,0.93693,0.93777,2.18,1.43
2012.06.03 21:51:56.308,0.93698,0.93782,2.18,1.43
2012.06.03 21:52:01.748,0.93694,0.93776,2.18,1.43
2012.06.03 21:52:07.691,0.93694,0.93776,2.18,1.43
2012.06.03 21:52:16.161,0.93694,0.93776,2.18,2.18
2012.06.03 21:52:19.191,0.93694,0.93776,2.18,1.43
2012.06.03 21:52:19.368,0.93698,0.93782,2.18,1.43
2012.06.03 21:52:24.581,0.93698,0.93782,2.18,1.43
2012.06.03 21:52:24.638,0.93703,0.93787,2.18,2.18
2012.06.03 21:52:28.628,0.93699,0.93781,2.18,1.43
2012.06.03 21:52:28.752,0.93699,0.93781,2.18,1.43
2012.06.03 21:52:36.369,0.93694,0.93776,2.18,1.43
2012.06.03 21:52:54.253,0.93699,0.93779,2.18,1.43
2012.06.03 21:52:54.308,0.93699,0.93781,2.18,1.43
2012.06.03 21:53:00.982,0.93699,0.93781,2.18,1.43
2012.06.03 21:53:02.401,0.93699,0.93781,2.18,1.43
2012.06.03 21:53:03.560,0.93699,0.93781,2.18,1.43
2012.06.03 21:53:03.618,0.93693,0.93777,2.18,1.43
2012.06.03 21:53:05.259,0.93693,0.93777,2.18,2.18
2012.06.03 21:53:05.319,0.93693,0.93777,2.18,1.43
2012.06.03 21:53:06.363,0.93693,0.93777,2.18,1.43
2012.06.03 21:53:09.269,0.93693,0.93777,2.18,1.43
2012.06.03 21:53:14.418,0.93693,0.93777,2.18,1.43
2012.06.03 21:53:21.931,0.93693,0.93777,2.18,1.43
2012.06.03 21:53:21.989,0.937,0.93782,2.18,1.43
2012.06.03 21:53:22.494,0.937,0.93782,2.18,1.43
2012.06.03 21:53:22.872,0.937,0.93782,2.18,2.18
2012.06.03 21:53:23.201,0.937,0.93782,2.18,1.43
2012.06.03 21:53:23.483,0.937,0.93779,2.18,1.43
2012.06.03 21:53:23.870,0.93694,0.93778,2.18,2.18
2012.06.03 21:53:26.151,0.93694,0.93778,2.18,1.43
2012.06.03 21:53:26.209,0.93701,0.93783,2.18,1.43
2012.06.03 21:53:41.191,0.93701,0.93783,2.18,1.43
2012.06.03 21:53:41.329,0.93705,0.93786,2.18,1.43
2012.06.03 21:53:41.429,0.93705,0.93789,2.18,2.18
2012.06.03 21:54:01.350,0.93704,0.93788,2.18,1.43
2012.06.03 21:54:08.219,0.93704,0.93784,2.18,2.18
2012.06.03 21:54:09.261,0.93699,0.93783,2.18,1.43
2012.06.03 21:54:16.199,0.93699,0.93783,2.18,1.43
2012.06.03 21:54:16.803,0.93694,0.93778,2.18,2.18
2012.06.03 21:54:37.368,0.93694,0.93778,2.18,2.18
2012.06.03 21:54:37.942,0.9369,0.93772,2.18,1.43
2012.06.03 21:54:37.999,0.9369,0.93772,2.18,1.43
2012.06.03 21:54:38.062,0.93702,0.93775,2.18,1.43
2012.06.03 21:54:38.178,0.93702,0.93784,2.18,1.43
2012.06.03 21:54:39.978,0.93702,0.93784,2.18,2.18
2012.06.03 21:54:44.910,0.93701,0.93785,2.18,1.43
2012.06.03 21:54:49.690,0.93701,0.93785,2.18,1.43
2012.06.03 21:54:49.868,0.93709,0.93793,2.18,2.18
2012.06.03 21:54:56.022,0.93709,0.93793,2.18,2.18
2012.06.03 21:54:56.278,0.93709,0.93793,2.18,2.18
2012.06.03 21:54:56.399,0.93709,0.93793,2.18,2.18
2012.06.03 21:54:56.742,0.93704,0.93785,2.18,1.43
2012.06.03 21:54:58.475,0.937,0.93782,2.18,1.43
2012.06.03 21:54:58.665,0.937,0.93782,2.18,1.43
2012.06.03 21:54:58.813,0.93697,0.93777,2.18,1.43
2012.06.03 21:55:00.947,0.93699,0.93783,2.18,2.18
2012.06.03 21:55:01.009,0.93689,0.93771,2.18,1.43
2012.06.03 21:55:01.888,0.93693,0.93777,2.18,1.43
2012.06.03 21:55:02.069,0.93698,0.93782,2.18,1.43
2012.06.03 21:55:02.451,0.93698,0.93782,2.18,1.43
2012.06.03 21:55:08.872,0.93703,0.93784,2.18,1.43
2012.06.03 21:55:08.988,0.93703,0.93787,2.18,1.43
2012.06.03 21:55:14.615,0.93703,0.93787,2.18,2.18
2012.06.03 21:55:17.035,0.93703,0.93787,2.18,1.43
2012.06.03 21:55:17.584,0.93703,0.93787,2.18,2.18
2012.06.03 21:55:20.711,0.93703,0.93787,2.18,1.43
2012.06.03 21:55:29.009,0.93702,0.93786,2.18,1.43
2012.06.03 21:55:56.840,0.93708,0.9379,2.18,2.18
2012.06.03 21:56:02.520,0.93703,0.93785,2.18,2.18
2012.06.03 21:56:03.603,0.93697,0.93781,2.18,1.43
2012.06.03 21:56:08.701,0.9371,0.93783,1.43,2.18
2012.06.03 21:56:08.759,0.9371,0.93792,2.18,1.43
2012.06.03 21:56:08.999,0.9371,0.93792,2.18,1.43
2012.06.03 21:56:09.300,0.93715,0.93797,2.18,1.43
2012.06.03 21:56:17.112,0.93715,0.93797,2.18,2.18
2012.06.03 21:56:26.472,0.93715,0.93797,1.43,2.18
2012.06.03 21:56:29.141,0.93713,0.93796,2.85,2.18
2012.06.03 21:56:32.634,0.93713,0.93796,2.18,1.43
2012.06.03 21:56:33.564,0.9371,0.93799,2.18,2.18
2012.06.03 21:56:33.629,0.93797,0.93823,1.43,2.25
2012.06.03 21:56:34.421,0.937,0.93815,2.18,2.18
2012.06.03 21:56:44.484,0.93713,0.93796,2.18,1.43
2012.06.03 21:56:48.902,0.93713,0.93796,2.18,2.18
2012.06.03 21:56:54.021,0.93713,0.93796,1.43,2.18
2012.06.03 21:56:54.079,0.93709,0.93791,1.43,2.18
2012.06.03 21:56:54.314,0.93709,0.93791,1.43,2.18
2012.06.03 21:56:54.652,0.93707,0.93786,1.43,2.18
2012.06.03 21:56:54.889,0.93701,0.93776,2.18,1.43
2012.06.03 21:56:55.009,0.93692,0.93776,2.18,2.18
2012.06.03 21:56:55.163,0.93692,0.93776,2.18,2.18
2012.06.03 21:56:59.149,0.93688,0.9377,2.18,2.18
2012.06.03 21:56:59.209,0.93683,0.93766,2.18,1.43
2012.06.03 21:56:59.382,0.93683,0.93766,2.18,2.18
2012.06.03 21:57:00.403,0.93683,0.93762,2.18,1.43
2012.06.03 21:57:00.461,0.93683,0.93762,1.43,1.43
2012.06.03 21:57:00.519,0.93677,0.93759,2.18,1.43
2012.06.03 21:57:01.463,0.93677,0.93759,2.18,2.18
2012.06.03 21:57:01.585,0.93677,0.93759,2.18,1.43
2012.06.03 21:57:02.453,0.93677,0.93759,2.18,2.18
2012.06.03 21:57:02.510,0.93677,0.93756,2.18,1.43
2012.06.03 21:57:02.998,0.93672,0.93754,2.18,1.43
2012.06.03 21:57:03.943,0.9367,0.93749,2.18,1.43
2012.06.03 21:57:04.061,0.93667,0.93749,2.18,1.43
2012.06.03 21:57:04.120,0.93662,0.93744,2.18,1.43
2012.06.03 21:57:04.662,0.93662,0.93744,2.18,1.43
2012.06.03 21:57:04.931,0.93666,0.93746,2.18,1.43
2012.06.03 21:57:05.049,0.93667,0.93751,2.18,1.43
2012.06.03 21:57:05.490,0.93679,0.93753,2.18,1.43
2012.06.03 21:57:05.549,0.93679,0.93761,2.18,1.43
2012.06.03 21:57:07.230,0.93673,0.93755,2.18,1.43
2012.06.03 21:57:07.479,0.93673,0.93755,2.18,1.43
2012.06.03 21:57:07.600,0.93673,0.93755,2.18,1.43
2012.06.03 21:57:07.660,0.93664,0.93748,2.18,1.43
2012.06.03 21:57:07.780,0.93679,0.93763,2.18,1.43
2012.06.03 21:57:07.840,0.93672,0.93756,2.18,1.43
2012.06.03 21:57:08.080,0.93682,0.93767,1.43,2.18
2012.06.03 21:57:08.140,0.93682,0.93767,2.18,2.18
2012.06.03 21:57:08.533,0.93678,0.93762,2.18,1.43
2012.06.03 21:57:08.649,0.93678,0.93762,2.18,1.43
2012.06.03 21:57:08.709,0.93678,0.93762,2.18,1.43
2012.06.03 21:57:08.782,0.93682,0.93767,1.43,2.18
2012.06.03 21:57:09.009,0.93682,0.93767,1.43,1.43
2012.06.03 21:57:09.472,0.93682,0.93767,1.43,2.18
2012.06.03 21:57:10.154,0.93668,0.93752,2.18,1.43
2012.06.03 21:57:10.455,0.93668,0.93752,2.18,1.43
2012.06.03 21:57:10.520,0.93668,0.93752,2.18,1.43
2012.06.03 21:57:10.579,0.93684,0.93766,1.43,2.18
2012.06.03 21:57:10.904,0.93684,0.93766,1.43,2.18
2012.06.03 21:57:11.473,0.93682,0.93761,2.18,2.18
2012.06.03 21:57:11.769,0.93679,0.93751,2.18,1.43
2012.06.03 21:57:12.111,0.93665,0.93749,2.18,1.43
2012.06.03 21:57:19.180,0.93671,0.93753,2.18,2.18
2012.06.03 21:57:19.299,0.93671,0.93753,2.18,1.43
2012.06.03 21:57:19.649,0.93665,0.93749,2.18,1.43
2012.06.03 21:57:21.611,0.93665,0.93749,2.18,2.18
2012.06.03 21:57:21.730,0.93665,0.93749,2.18,1.43
2012.06.03 21:57:22.180,0.93672,0.93751,2.18,1.43
2012.06.03 21:57:22.239,0.93672,0.93756,2.18,1.43
2012.06.03 21:57:22.566,0.93672,0.93756,2.18,2.18
2012.06.03 21:57:23.553,0.93672,0.93756,2.18,2.18
2012.06.03 21:57:23.690,0.93672,0.93756,2.18,2.18
2012.06.03 21:57:24.155,0.93671,0.93755,2.18,1.43
2012.06.03 21:57:24.221,0.93671,0.93755,2.18,2.18
2012.06.03 21:57:24.341,0.93659,0.93743,2.18,1.43
2012.06.03 21:57:24.760,0.93671,0.93755,2.18,2.18
2012.06.03 21:57:24.940,0.93659,0.93741,2.18,1.43
2012.06.03 21:57:28.862,0.93659,0.93741,2.18,1.43
2012.06.03 21:57:29.192,0.93659,0.93741,2.18,1.43
2012.06.03 21:57:32.630,0.93675,0.93757,2.18,2.18
2012.06.03 21:57:32.784,0.93675,0.93757,2.18,2.18
2012.06.03 21:57:33.121,0.93658,0.9374,2.18,1.43
2012.06.03 21:57:33.785,0.93658,0.9374,2.18,1.43
2012.06.03 21:57:50.424,0.93658,0.9374,1.43,2.18
2012.06.03 21:57:50.780,0.93643,0.93725,2.18,1.43
2012.06.03 21:58:05.452,0.93643,0.93725,2.18,1.43
2012.06.03 21:58:07.260,0.93643,0.93725,2.18,1.43
2012.06.03 21:58:08.753,0.93643,0.93725,2.18,1.43
2012.06.03 21:58:10.679,0.93645,0.93727,2.18,1.43
2012.06.03 21:58:11.941,0.93645,0.93727,2.18,1.43
2012.06.03 21:58:12.161,0.93645,0.93727,2.18,1.43
2012.06.03 21:58:12.560,0.9365,0.93732,2.18,1.43
2012.06.03 21:58:46.279,0.93654,0.93737,2.18,1.43
2012.06.03 21:58:47.843,0.93654,0.93737,2.18,1.43
2012.06.03 21:58:48.055,0.93654,0.93737,2.18,1.43
2012.06.03 21:58:49.332,0.93654,0.93737,2.18,1.43
2012.06.03 21:58:52.349,0.93654,0.93737,2.18,2.18
2012.06.03 21:58:52.661,0.93668,0.93742,2.18,1.43
2012.06.03 21:58:52.719,0.9367,0.93752,2.18,1.43
2012.06.03 21:58:52.840,0.93675,0.93757,2.18,2.18
2012.06.03 21:58:53.205,0.93659,0.93741,2.18,1.43
2012.06.03 21:58:53.324,0.93659,0.93741,2.18,1.43
2012.06.03 21:58:53.840,0.93668,0.93747,3.00,2.18
2012.06.03 21:58:54.019,0.93659,0.93741,2.18,1.43
2012.06.03 21:58:54.469,0.93659,0.93741,2.18,1.43
2012.06.03 21:58:54.859,0.93663,0.93747,2.18,1.43
2012.06.03 21:58:55.399,0.93663,0.93747,2.18,2.18
2012.06.03 21:58:55.843,0.93663,0.93747,2.18,1.43
2012.06.03 21:58:56.797,0.93663,0.93747,2.18,1.43
2012.06.03 21:58:56.920,0.93663,0.93747,2.18,1.43
2012.06.03 21:59:01.490,0.93676,0.93758,2.18,1.43
2012.06.03 21:59:01.990,0.93676,0.93753,0.75,1.43
2012.06.03 21:59:02.432,0.93682,0.93747,0.75,1.43
2012.06.03 21:59:02.551,0.93676,0.93749,0.75,0.75
2012.06.03 21:59:03.060,0.93677,0.93748,0.75,0.75
2012.06.03 21:59:03.323,0.93671,0.93744,0.75,0.75
2012.06.03 21:59:03.405,0.93682,0.93747,0.75,1.43
2012.06.03 21:59:03.530,0.93677,0.93747,0.75,1.43
2012.06.03 21:59:04.020,0.93676,0.93754,0.75,1.43
2012.06.03 21:59:04.095,0.93676,0.93752,0.75,1.43
2012.06.03 21:59:04.471,0.93682,0.9375,0.75,1.43
2012.06.03 21:59:04.530,0.93676,0.93749,0.75,0.75
2012.06.03 21:59:07.710,0.93682,0.93748,0.75,0.75
2012.06.03 21:59:07.911,0.93677,0.93748,0.75,0.75
2012.06.03 21:59:08.115,0.93682,0.93748,0.75,0.75
2012.06.03 21:59:08.251,0.93676,0.93754,0.75,1.43
2012.06.03 21:59:08.370,0.93679,0.93756,1.43,1.43
2012.06.03 21:59:08.430,0.93679,0.93763,1.43,1.43
2012.06.03 21:59:08.550,0.93679,0.93748,1.43,0.75
2012.06.03 21:59:09.195,0.93676,0.93749,0.75,0.75
2012.06.03 21:59:11.460,0.93677,0.93751,0.75,1.43
2012.06.03 21:59:11.579,0.93681,0.93758,1.43,0.75
2012.06.03 21:59:11.700,0.93676,0.93749,2.18,0.75
2012.06.03 21:59:11.879,0.93676,0.93752,0.75,1.43
2012.06.03 21:59:12.010,0.93679,0.93752,1.43,1.43
2012.06.03 21:59:12.331,0.93676,0.93749,0.75,0.75
2012.06.03 21:59:12.450,0.93681,0.93755,0.75,1.43
2012.06.03 21:59:12.570,0.93676,0.93754,2.18,0.75
2012.06.03 21:59:13.470,0.93681,0.93754,1.43,0.75
2012.06.03 21:59:13.980,0.93683,0.93754,1.43,0.75
2012.06.03 21:59:14.099,0.9368,0.93754,1.43,0.75
2012.06.03 21:59:14.823,0.93679,0.93754,1.43,2.18
2012.06.03 21:59:14.880,0.93676,0.93754,0.75,2.18
2012.06.03 21:59:15.000,0.93677,0.93748,0.75,0.75
2012.06.03 21:59:15.329,0.93686,0.93754,0.75,0.75
2012.06.03 21:59:16.154,0.93682,0.93748,0.75,0.75
2012.06.03 21:59:16.490,0.93687,0.93753,0.75,0.75
2012.06.03 21:59:26.014,0.93677,0.93748,0.75,0.75
2012.06.03 21:59:32.329,0.93671,0.93744,2.18,0.75
2012.06.03 21:59:32.389,0.93677,0.93753,0.75,1.43
2012.06.03 21:59:32.511,0.93684,0.93758,1.43,0.75
2012.06.03 21:59:32.575,0.93682,0.93758,1.43,0.75
2012.06.03 21:59:32.640,0.93682,0.93762,0.75,1.43
2012.06.03 21:59:32.779,0.93678,0.93749,1.43,0.75
2012.06.03 21:59:33.060,0.93676,0.93749,0.75,0.75
2012.06.03 21:59:33.373,0.93678,0.93749,2.25,0.75
2012.06.03 21:59:33.429,0.93678,0.93756,2.25,1.43
2012.06.03 21:59:33.489,0.93684,0.93758,1.43,2.18
2012.06.03 21:59:33.641,0.93684,0.93764,1.43,0.75
2012.06.03 21:59:33.827,0.93687,0.93766,0.75,1.43
2012.06.03 21:59:34.155,0.93692,0.93768,0.75,0.75
