2012.04.09 10:00:02.422,0.94497,0.94519,2.55,1.50
2012.04.09 10:00:03.959,0.94497,0.94521,3.68,1.50
2012.04.09 10:00:05.743,0.94495,0.9452,1.50,1.50
2012.04.09 10:00:05.983,0.94498,0.94522,1.50,1.50
2012.04.09 10:00:12.557,0.94498,0.94522,1.50,1.88
2012.04.09 10:00:17.532,0.94498,0.94522,1.50,2.25
2012.04.09 10:00:17.603,0.94496,0.9452,1.50,1.88
2012.04.09 10:00:18.355,0.94494,0.94518,1.50,1.88
2012.04.09 10:00:18.481,0.94496,0.9452,1.50,1.88
2012.04.09 10:00:19.502,0.94496,0.9452,1.50,1.88
2012.04.09 10:00:19.575,0.94493,0.94519,1.50,1.88
2012.04.09 10:00:21.993,0.94493,0.94519,1.50,2.25
2012.04.09 10:00:32.650,0.94493,0.94519,1.50,2.25
2012.04.09 10:00:36.845,0.94493,0.94519,1.50,2.25
2012.04.09 10:00:36.974,0.94493,0.94519,1.50,1.50
2012.04.09 10:00:37.296,0.94498,0.94519,2.18,1.50
2012.04.09 10:00:37.836,0.945,0.94525,1.50,2.25
2012.04.09 10:00:37.907,0.94498,0.94524,5.18,1.88
2012.04.09 10:00:38.037,0.94502,0.94526,1.50,1.88
2012.04.09 10:00:38.255,0.945,0.94524,1.50,1.50
2012.04.09 10:00:38.454,0.94498,0.94523,2.55,1.50
2012.04.09 10:00:39.806,0.94498,0.94521,2.18,1.88
2012.04.09 10:00:40.124,0.94495,0.9452,1.50,2.25
2012.04.09 10:00:40.193,0.94492,0.94519,1.50,1.88
2012.04.09 10:00:40.330,0.9449,0.94517,1.50,1.88
2012.04.09 10:00:41.117,0.9449,0.94516,1.50,1.88
2012.04.09 10:00:42.187,0.94488,0.94514,1.50,1.88
2012.04.09 10:00:42.270,0.94487,0.94511,1.50,2.25
2012.04.09 10:00:43.403,0.94489,0.94511,1.50,2.25
2012.04.09 10:00:43.534,0.9449,0.94516,1.50,2.25
2012.04.09 10:00:44.068,0.94489,0.94513,1.50,1.88
2012.04.09 10:00:49.153,0.94487,0.94512,1.50,1.88
2012.04.09 10:00:52.594,0.94488,0.94514,1.50,3.38
2012.04.09 10:00:53.057,0.94486,0.94512,1.50,1.88
2012.04.09 10:00:58.515,0.94487,0.94513,1.50,1.88
2012.04.09 10:01:01.033,0.94488,0.94513,1.50,3.38
2012.04.09 10:01:01.222,0.9449,0.94515,1.50,3.38
2012.04.09 10:01:01.393,0.9449,0.94515,1.50,1.88
2012.04.09 10:01:01.464,0.94488,0.94513,3.00,1.50
2012.04.09 10:01:01.651,0.94489,0.94516,1.50,3.38
2012.04.09 10:01:01.900,0.94488,0.94513,3.00,1.50
2012.04.09 10:01:02.220,0.9449,0.94514,1.50,1.50
2012.04.09 10:01:03.395,0.94491,0.94518,1.50,1.88
2012.04.09 10:01:03.951,0.9449,0.94515,1.50,1.50
2012.04.09 10:01:06.133,0.94489,0.94513,1.50,1.50
2012.04.09 10:01:06.503,0.94486,0.9451,3.38,1.50
2012.04.09 10:01:06.633,0.94488,0.94512,1.50,1.50
2012.04.09 10:01:06.892,0.94484,0.9451,1.88,1.50
2012.04.09 10:01:07.222,0.94487,0.94511,1.50,1.88
2012.04.09 10:01:19.541,0.94484,0.9451,1.50,1.88
2012.04.09 10:01:25.145,0.94485,0.9451,1.50,1.88
2012.04.09 10:01:25.693,0.94486,0.94511,1.50,1.88
2012.04.09 10:01:25.763,0.94484,0.9451,1.50,1.88
2012.04.09 10:01:28.586,0.94487,0.94511,1.50,1.88
2012.04.09 10:01:29.093,0.94488,0.94514,1.50,2.25
2012.04.09 10:01:29.523,0.94492,0.94516,1.50,2.25
2012.04.09 10:01:29.803,0.9449,0.94514,1.50,2.25
2012.04.09 10:01:29.873,0.9449,0.94514,1.50,1.88
2012.04.09 10:01:30.677,0.94487,0.94513,1.50,4.05
2012.04.09 10:01:34.172,0.94487,0.94513,1.50,4.43
2012.04.09 10:01:34.292,0.94482,0.94509,1.50,1.88
2012.04.09 10:01:34.785,0.94484,0.94509,1.50,1.88
2012.04.09 10:01:35.104,0.94486,0.94512,1.50,2.25
2012.04.09 10:01:38.114,0.94486,0.94512,1.88,1.50
2012.04.09 10:01:38.243,0.94486,0.9451,1.88,1.50
2012.04.09 10:01:38.555,0.94487,0.94508,2.55,1.50
2012.04.09 10:01:38.814,0.94487,0.94511,4.05,1.50
2012.04.09 10:01:39.543,0.94487,0.94509,2.55,1.50
2012.04.09 10:01:40.893,0.94487,0.94512,2.55,1.50
2012.04.09 10:01:41.082,0.94489,0.94515,1.88,1.50
2012.04.09 10:01:41.332,0.94489,0.94513,1.88,1.50
2012.04.09 10:01:41.664,0.94487,0.94511,4.05,1.50
2012.04.09 10:02:08.862,0.94488,0.94514,1.88,1.50
2012.04.09 10:02:17.413,0.94491,0.94518,1.50,2.63
2012.04.09 10:02:17.677,0.9449,0.94513,1.50,1.50
2012.04.09 10:02:17.934,0.94489,0.94515,1.88,1.50
2012.04.09 10:02:18.583,0.9449,0.94514,1.50,1.50
2012.04.09 10:02:22.865,0.9449,0.94514,1.50,1.88
2012.04.09 10:02:23.174,0.94495,0.94518,1.50,1.50
2012.04.09 10:02:23.373,0.94491,0.94517,1.50,2.25
2012.04.09 10:02:23.573,0.94487,0.94511,3.68,1.50
2012.04.09 10:02:23.904,0.94494,0.94515,1.50,1.88
2012.04.09 10:02:26.941,0.94494,0.94518,1.50,2.25
2012.04.09 10:02:27.479,0.94495,0.94521,1.50,2.25
2012.04.09 10:02:28.980,0.94495,0.94521,1.50,2.25
2012.04.09 10:02:29.683,0.94498,0.94521,1.50,1.13
2012.04.09 10:02:30.174,0.94496,0.94521,1.50,2.63
2012.04.09 10:02:32.551,0.94495,0.94521,1.50,2.63
2012.04.09 10:02:33.146,0.94495,0.94521,1.50,2.25
2012.04.09 10:02:33.392,0.94492,0.94516,1.50,1.50
2012.04.09 10:02:39.760,0.94489,0.94515,3.38,1.50
2012.04.09 10:02:40.413,0.94492,0.94516,1.50,3.00
2012.04.09 10:02:41.242,0.94489,0.94515,1.88,1.50
2012.04.09 10:02:41.437,0.94489,0.94515,1.50,1.50
2012.04.09 10:02:41.625,0.94492,0.94516,1.50,3.00
2012.04.09 10:02:43.291,0.94489,0.94515,1.50,1.50
2012.04.09 10:02:44.036,0.94489,0.94515,1.88,1.50
2012.04.09 10:02:56.475,0.94487,0.94513,6.30,1.50
2012.04.09 10:02:56.843,0.94489,0.94515,1.88,1.50
2012.04.09 10:02:57.061,0.94487,0.94513,4.80,1.50
2012.04.09 10:02:57.491,0.94487,0.94512,4.80,1.50
2012.04.09 10:02:57.992,0.94488,0.94512,1.50,1.50
2012.04.09 10:02:58.610,0.94487,0.94511,3.30,1.50
2012.04.09 10:03:13.851,0.94491,0.94513,1.50,2.55
2012.04.09 10:03:14.382,0.94489,0.94513,1.50,4.05
2012.04.09 10:03:14.941,0.94491,0.94518,1.50,2.25
2012.04.09 10:03:15.310,0.94494,0.94518,1.50,2.25
2012.04.09 10:03:15.373,0.94492,0.94517,1.50,1.88
2012.04.09 10:03:31.951,0.9449,0.94516,1.50,1.88
2012.04.09 10:03:32.183,0.94487,0.94513,4.43,1.88
2012.04.09 10:03:34.897,0.94487,0.94513,4.43,1.88
2012.04.09 10:03:35.083,0.94484,0.94508,2.25,1.50
2012.04.09 10:03:35.344,0.94485,0.94511,2.25,3.00
2012.04.09 10:03:38.147,0.94483,0.94509,3.75,1.50
2012.04.09 10:03:38.633,0.94485,0.94511,2.25,3.00
2012.04.09 10:03:42.602,0.94484,0.94509,2.25,1.50
2012.04.09 10:03:44.331,0.94485,0.94511,2.25,1.50
2012.04.09 10:03:48.165,0.94488,0.94512,1.50,1.50
2012.04.09 10:03:48.706,0.94489,0.94515,1.50,1.88
2012.04.09 10:03:51.024,0.94489,0.94515,2.25,1.88
2012.04.09 10:03:51.094,0.94489,0.94515,1.50,3.38
2012.04.09 10:03:51.169,0.94488,0.94512,1.50,1.50
2012.04.09 10:03:53.642,0.94489,0.94515,1.50,1.88
2012.04.09 10:03:56.085,0.94488,0.94512,1.50,1.50
2012.04.09 10:03:56.215,0.94489,0.94515,1.50,1.88
2012.04.09 10:03:56.404,0.94486,0.94513,1.88,1.50
2012.04.09 10:04:00.451,0.94486,0.94513,1.50,1.88
2012.04.09 10:04:00.582,0.94486,0.9451,1.50,1.50
2012.04.09 10:04:01.254,0.94488,0.94512,1.50,1.88
2012.04.09 10:04:01.761,0.94485,0.94511,1.50,1.50
2012.04.09 10:04:06.135,0.94486,0.94511,1.50,1.50
2012.04.09 10:04:07.198,0.94487,0.94513,1.50,1.88
2012.04.09 10:04:10.420,0.94487,0.94513,1.50,1.88
2012.04.09 10:04:12.495,0.94488,0.94513,1.50,1.88
2012.04.09 10:04:12.561,0.94485,0.94511,1.50,1.50
2012.04.09 10:04:12.872,0.94488,0.94512,1.50,1.50
2012.04.09 10:04:13.383,0.94486,0.9451,1.50,1.50
2012.04.09 10:04:15.242,0.94487,0.94513,1.50,1.88
2012.04.09 10:04:16.745,0.94489,0.94514,1.50,1.88
2012.04.09 10:04:17.935,0.94488,0.94512,1.50,1.50
2012.04.09 10:04:18.464,0.94489,0.94513,1.50,2.55
2012.04.09 10:04:18.822,0.94485,0.94511,1.50,1.50
2012.04.09 10:04:19.440,0.94487,0.94513,1.50,1.88
2012.04.09 10:04:20.371,0.94486,0.94511,1.50,1.50
2012.04.09 10:04:41.614,0.94487,0.94513,1.50,1.88
2012.04.09 10:04:41.864,0.94489,0.94514,1.50,1.88
2012.04.09 10:04:45.544,0.94489,0.94511,1.50,1.50
2012.04.09 10:04:45.612,0.94484,0.94508,1.50,1.50
2012.04.09 10:04:45.801,0.94485,0.94511,1.50,1.50
2012.04.09 10:04:50.184,0.94489,0.94514,1.50,1.88
2012.04.09 10:04:50.734,0.94486,0.94511,3.00,1.50
2012.04.09 10:04:50.862,0.94485,0.94509,1.50,1.50
2012.04.09 10:04:51.051,0.94486,0.94511,1.50,3.00
2012.04.09 10:04:51.122,0.94487,0.94514,1.50,3.38
2012.04.09 10:04:52.491,0.94489,0.94515,1.50,1.88
2012.04.09 10:04:56.194,0.94487,0.94514,5.18,1.88
2012.04.09 10:04:56.321,0.94491,0.94516,1.50,3.38
2012.04.09 10:04:56.513,0.94488,0.94515,3.00,1.88
2012.04.09 10:04:57.513,0.94488,0.94515,1.50,1.88
2012.04.09 10:04:57.586,0.94493,0.94519,1.50,3.00
2012.04.09 10:04:57.774,0.94491,0.94513,1.50,1.13
2012.04.09 10:04:58.023,0.94485,0.94511,1.50,1.50
2012.04.09 10:04:58.093,0.94487,0.94511,2.18,1.50
2012.04.09 10:04:58.402,0.94489,0.94513,1.50,2.55
2012.04.09 10:05:00.693,0.94489,0.94513,1.50,2.93
2012.04.09 10:05:00.882,0.94486,0.94512,3.00,1.88
2012.04.09 10:05:02.202,0.94484,0.94511,1.50,1.88
2012.04.09 10:05:02.763,0.94483,0.94509,1.50,1.88
2012.04.09 10:05:02.924,0.94486,0.9451,1.50,1.88
2012.04.09 10:05:03.253,0.94484,0.94508,1.50,1.88
2012.04.09 10:05:06.995,0.94482,0.94506,3.00,1.88
2012.04.09 10:05:07.276,0.9448,0.94504,1.50,1.88
2012.04.09 10:05:07.843,0.94482,0.94506,1.50,3.38
2012.04.09 10:05:08.034,0.94477,0.94501,1.50,1.50
2012.04.09 10:05:08.755,0.94475,0.945,3.00,1.50
2012.04.09 10:05:15.601,0.94475,0.945,1.50,1.88
2012.04.09 10:05:16.733,0.94475,0.945,1.50,2.25
2012.04.09 10:05:17.054,0.94478,0.94502,1.50,2.63
2012.04.09 10:05:17.323,0.94475,0.945,1.50,2.25
2012.04.09 10:05:17.822,0.94477,0.94501,1.50,2.25
2012.04.09 10:05:18.314,0.94477,0.94501,1.50,1.88
2012.04.09 10:05:26.674,0.94474,0.94501,3.00,1.88
2012.04.09 10:05:27.384,0.94474,0.94501,1.50,1.88
2012.04.09 10:05:27.644,0.94477,0.94498,2.18,1.88
2012.04.09 10:05:28.510,0.94477,0.94499,2.18,1.50
2012.04.09 10:05:29.748,0.94477,0.94502,2.55,1.50
2012.04.09 10:05:30.002,0.94477,0.94499,2.55,1.50
2012.04.09 10:05:30.136,0.94477,0.94502,2.55,1.50
2012.04.09 10:05:30.323,0.94477,0.94502,2.93,1.50
2012.04.09 10:05:30.456,0.94478,0.94504,2.25,1.50
2012.04.09 10:05:30.644,0.94483,0.94507,1.88,1.50
2012.04.09 10:05:34.923,0.94484,0.9451,1.88,1.50
2012.04.09 10:05:34.996,0.94487,0.9451,2.18,1.50
2012.04.09 10:05:37.607,0.94487,0.94508,2.18,1.50
2012.04.09 10:05:42.553,0.94487,0.94509,2.18,1.50
2012.04.09 10:05:47.592,0.94487,0.94511,3.68,1.50
2012.04.09 10:05:53.791,0.94487,0.94509,2.18,1.50
2012.04.09 10:06:18.572,0.94487,0.94509,2.55,1.50
2012.04.09 10:06:18.703,0.94487,0.94511,4.05,1.50
2012.04.09 10:06:19.063,0.94489,0.94513,1.88,1.50
2012.04.09 10:06:19.603,0.94491,0.94515,1.50,1.50
2012.04.09 10:06:20.495,0.9449,0.94516,1.50,1.50
2012.04.09 10:06:21.060,0.9449,0.94516,1.88,1.50
2012.04.09 10:06:40.186,0.9449,0.94516,1.88,1.50
2012.04.09 10:06:41.778,0.9449,0.94516,1.88,1.50
2012.04.09 10:06:44.182,0.94488,0.94514,1.88,1.50
2012.04.09 10:06:46.114,0.94488,0.94514,1.88,1.50
2012.04.09 10:06:46.488,0.94493,0.94516,1.50,1.50
2012.04.09 10:06:47.238,0.9449,0.94516,1.88,1.50
2012.04.09 10:06:48.234,0.94494,0.9452,1.50,1.88
2012.04.09 10:06:48.684,0.9449,0.94516,1.88,1.50
2012.04.09 10:06:49.050,0.94494,0.94518,1.50,1.50
2012.04.09 10:06:49.456,0.94492,0.94518,1.88,1.50
2012.04.09 10:06:50.046,0.94494,0.94518,1.50,1.88
2012.04.09 10:06:50.356,0.94496,0.94519,1.50,1.88
2012.04.09 10:06:50.425,0.94492,0.94516,1.50,1.50
2012.04.09 10:06:50.553,0.94495,0.94519,1.50,1.88
2012.04.09 10:06:51.673,0.94495,0.94519,1.50,1.88
2012.04.09 10:06:53.164,0.94497,0.94521,1.50,1.88
2012.04.09 10:06:53.494,0.94497,0.94521,1.50,1.88
2012.04.09 10:06:53.655,0.94495,0.94519,1.50,1.88
2012.04.09 10:06:53.782,0.94497,0.94521,1.50,3.38
2012.04.09 10:06:54.856,0.94495,0.9452,1.50,1.88
2012.04.09 10:06:55.400,0.94494,0.9452,1.50,1.88
2012.04.09 10:06:56.753,0.94497,0.94521,1.50,1.88
2012.04.09 10:06:57.153,0.94495,0.94519,1.50,1.88
2012.04.09 10:06:57.637,0.94497,0.94521,1.50,1.88
2012.04.09 10:07:01.033,0.94495,0.94518,1.50,1.88
2012.04.09 10:07:01.115,0.94492,0.94518,1.50,1.88
2012.04.09 10:07:01.253,0.94497,0.94519,1.50,1.88
2012.04.09 10:07:09.921,0.94494,0.9452,1.50,1.88
2012.04.09 10:07:11.278,0.94497,0.94521,1.50,1.88
2012.04.09 10:07:11.883,0.94498,0.94522,1.50,2.93
2012.04.09 10:07:13.636,0.94497,0.94521,1.50,1.88
2012.04.09 10:07:13.767,0.94497,0.94521,1.50,1.50
2012.04.09 10:07:14.003,0.94499,0.94523,1.50,1.88
2012.04.09 10:07:14.342,0.94501,0.94524,1.50,1.13
2012.04.09 10:07:14.598,0.94499,0.94523,3.00,1.88
2012.04.09 10:07:16.547,0.945,0.94526,1.50,1.88
2012.04.09 10:07:19.642,0.94498,0.94524,1.50,1.88
2012.04.09 10:07:20.132,0.94501,0.94525,1.50,1.88
2012.04.09 10:07:23.731,0.94499,0.94523,1.50,1.88
2012.04.09 10:07:24.130,0.94501,0.94525,1.50,1.88
2012.04.09 10:07:25.637,0.94501,0.94525,1.50,3.75
2012.04.09 10:07:25.705,0.94499,0.94523,1.50,1.88
2012.04.09 10:07:26.053,0.94496,0.94522,1.50,1.88
2012.04.09 10:07:26.503,0.94499,0.94523,1.50,1.88
2012.04.09 10:07:26.792,0.94496,0.94522,1.50,1.88
2012.04.09 10:07:27.646,0.94496,0.94522,1.50,1.88
2012.04.09 10:07:27.773,0.94498,0.94524,1.50,3.38
2012.04.09 10:07:28.316,0.945,0.94525,1.50,2.25
2012.04.09 10:07:51.164,0.945,0.94526,1.50,1.88
2012.04.09 10:07:51.354,0.94502,0.94528,1.50,1.88
2012.04.09 10:07:51.726,0.94507,0.94531,1.50,2.25
2012.04.09 10:07:51.851,0.94504,0.9453,1.50,2.25
2012.04.09 10:07:52.356,0.94503,0.94527,1.50,1.88
2012.04.09 10:07:52.616,0.94505,0.94531,1.50,2.25
2012.04.09 10:08:00.190,0.94505,0.94531,1.50,1.88
2012.04.09 10:08:01.116,0.9451,0.94532,1.50,2.55
2012.04.09 10:08:02.025,0.94508,0.94532,1.50,4.05
2012.04.09 10:08:02.403,0.9451,0.94532,1.50,2.55
2012.04.09 10:08:04.644,0.9451,0.94532,1.50,2.18
2012.04.09 10:08:04.953,0.94512,0.94532,1.50,2.18
2012.04.09 10:08:05.668,0.9451,0.94532,1.50,2.18
2012.04.09 10:08:06.241,0.94509,0.94532,1.50,2.18
2012.04.09 10:08:13.812,0.94508,0.94532,1.50,2.18
2012.04.09 10:08:14.002,0.94506,0.94529,1.88,1.50
2012.04.09 10:08:14.654,0.94505,0.9453,1.88,1.50
2012.04.09 10:08:14.874,0.94507,0.94532,1.50,3.68
2012.04.09 10:08:14.942,0.94511,0.94532,1.50,2.18
2012.04.09 10:08:29.932,0.94509,0.94532,1.50,2.18
2012.04.09 10:08:58.213,0.94511,0.94532,1.50,2.18
2012.04.09 10:08:58.465,0.94513,0.94537,1.50,1.88
2012.04.09 10:08:58.886,0.94515,0.94539,1.50,2.63
2012.04.09 10:08:58.953,0.94513,0.94537,1.50,1.88
2012.04.09 10:09:01.574,0.94513,0.94537,1.50,1.88
2012.04.09 10:09:02.505,0.94514,0.94539,1.50,1.13
2012.04.09 10:09:08.894,0.94514,0.94538,1.50,1.13
2012.04.09 10:09:08.965,0.94512,0.94538,1.50,2.63
2012.04.09 10:09:12.016,0.94514,0.9454,1.50,2.25
2012.04.09 10:09:22.814,0.94514,0.9454,1.50,2.25
2012.04.09 10:09:23.257,0.94517,0.94541,1.50,1.13
2012.04.09 10:09:24.514,0.94516,0.9454,1.50,2.25
2012.04.09 10:09:24.582,0.94516,0.9454,1.50,1.88
2012.04.09 10:09:25.181,0.94519,0.94542,1.50,2.55
2012.04.09 10:09:25.532,0.94515,0.94541,1.50,1.88
2012.04.09 10:09:26.727,0.94517,0.94542,1.50,4.43
2012.04.09 10:09:36.824,0.94516,0.9454,1.50,1.88
2012.04.09 10:09:39.043,0.94517,0.94542,1.50,4.43
2012.04.09 10:09:39.288,0.94515,0.94541,1.50,1.88
2012.04.09 10:09:40.054,0.94516,0.94542,1.50,2.93
2012.04.09 10:09:42.672,0.94515,0.94541,1.50,1.88
2012.04.09 10:09:43.262,0.94516,0.94542,1.50,2.93
2012.04.09 10:09:43.854,0.94515,0.94541,3.00,1.88
2012.04.09 10:09:44.408,0.94516,0.94542,1.50,2.93
2012.04.09 10:09:45.273,0.94517,0.94542,1.50,5.93
2012.04.09 10:09:45.636,0.94515,0.94541,1.50,1.88
2012.04.09 10:09:46.243,0.94516,0.94542,1.50,4.43
2012.04.09 10:09:46.626,0.94519,0.94542,1.50,2.93
2012.04.09 10:09:47.753,0.94519,0.94542,1.50,2.55
2012.04.09 10:09:47.893,0.94516,0.94542,1.50,2.55
2012.04.09 10:09:52.363,0.94519,0.94542,1.50,2.55
2012.04.09 10:09:56.756,0.94516,0.94542,1.50,2.55
2012.04.09 10:09:57.833,0.94514,0.94541,1.50,1.88
2012.04.09 10:09:58.214,0.94514,0.94537,1.50,1.50
2012.04.09 10:09:58.283,0.9451,0.94536,1.50,1.50
2012.04.09 10:10:05.065,0.9451,0.94536,1.88,1.50
2012.04.09 10:10:18.595,0.9451,0.94536,1.88,1.50
2012.04.09 10:10:19.035,0.94513,0.94537,1.50,3.00
2012.04.09 10:10:19.356,0.94514,0.9454,1.50,3.00
2012.04.09 10:10:19.425,0.94517,0.9454,2.18,1.50
2012.04.09 10:10:20.573,0.94517,0.94538,2.18,1.50
2012.04.09 10:10:20.647,0.94517,0.9454,2.18,1.50
2012.04.09 10:10:24.786,0.94514,0.9454,1.88,1.50
2012.04.09 10:10:25.759,0.94517,0.9454,2.18,1.50
2012.04.09 10:10:26.686,0.94517,0.94541,4.05,1.50
2012.04.09 10:10:26.914,0.94517,0.94539,2.55,1.50
2012.04.09 10:10:27.234,0.94516,0.94542,1.88,3.00
2012.04.09 10:10:27.754,0.94518,0.94542,2.18,1.50
2012.04.09 10:10:33.704,0.94518,0.9454,2.18,1.50
2012.04.09 10:10:33.835,0.94514,0.9454,1.88,1.50
2012.04.09 10:10:34.622,0.94516,0.94541,1.88,1.50
2012.04.09 10:10:36.057,0.94516,0.94542,1.88,1.50
2012.04.09 10:10:39.728,0.94516,0.94542,1.88,1.50
2012.04.09 10:10:40.216,0.94518,0.94545,1.50,1.88
2012.04.09 10:10:40.945,0.94518,0.94542,1.88,1.50
2012.04.09 10:10:41.711,0.94515,0.94541,1.88,1.50
2012.04.09 10:10:43.413,0.94515,0.94541,1.88,1.50
2012.04.09 10:10:47.543,0.94518,0.94544,1.50,1.50
2012.04.09 10:10:47.738,0.94518,0.94541,2.18,1.50
2012.04.09 10:10:59.491,0.94518,0.94544,3.68,1.50
2012.04.09 10:10:59.893,0.94518,0.94541,2.18,1.50
2012.04.09 10:11:02.795,0.94517,0.94541,1.50,1.50
2012.04.09 10:11:05.535,0.94517,0.94541,1.88,1.50
2012.04.09 10:11:34.846,0.94528,0.94541,2.18,1.50
2012.04.09 10:11:34.916,0.94528,0.94547,2.18,1.88
2012.04.09 10:11:35.044,0.94528,0.94547,2.93,1.50
2012.04.09 10:11:35.177,0.94535,0.94561,1.50,1.88
2012.04.09 10:11:35.246,0.94533,0.94559,1.88,1.50
2012.04.09 10:11:35.745,0.94537,0.94562,1.50,1.88
2012.04.09 10:11:36.242,0.94535,0.94561,1.50,1.88
2012.04.09 10:11:36.744,0.94538,0.94563,1.50,2.63
2012.04.09 10:11:37.115,0.94535,0.94562,1.50,1.88
2012.04.09 10:11:38.567,0.94539,0.94563,1.50,4.13
2012.04.09 10:11:38.851,0.94536,0.94563,3.00,1.88
2012.04.09 10:11:38.918,0.94536,0.94563,1.50,1.50
2012.04.09 10:11:39.665,0.94538,0.94564,1.50,2.25
2012.04.09 10:11:39.792,0.94536,0.94563,1.50,1.50
2012.04.09 10:11:39.862,0.94538,0.94565,1.50,1.88
2012.04.09 10:11:42.745,0.94541,0.94566,1.50,3.38
2012.04.09 10:11:43.638,0.94546,0.94568,1.50,1.13
2012.04.09 10:11:43.938,0.94546,0.94568,1.50,1.13
2012.04.09 10:11:44.008,0.94544,0.94568,1.50,1.13
2012.04.09 10:11:44.323,0.94546,0.94568,1.50,1.13
2012.04.09 10:11:44.452,0.94543,0.94568,3.00,1.13
2012.04.09 10:11:45.145,0.94545,0.94568,1.50,1.13
2012.04.09 10:11:45.894,0.94544,0.94568,1.50,1.13
2012.04.09 10:11:48.908,0.94541,0.94565,3.00,1.50
2012.04.09 10:11:49.214,0.94543,0.94569,1.50,2.63
2012.04.09 10:11:50.337,0.94543,0.94569,1.50,2.25
2012.04.09 10:11:53.278,0.94541,0.94567,3.00,1.50
2012.04.09 10:11:57.929,0.94542,0.94567,1.50,1.50
2012.04.09 10:11:58.163,0.94543,0.94569,1.50,2.25
2012.04.09 10:12:01.914,0.94543,0.94569,1.50,2.25
2012.04.09 10:12:02.042,0.94543,0.94569,1.50,1.50
2012.04.09 10:12:02.120,0.94547,0.9457,2.18,1.88
2012.04.09 10:12:02.456,0.94548,0.94572,1.88,1.50
2012.04.09 10:12:02.991,0.94547,0.94569,2.93,1.50
2012.04.09 10:12:03.186,0.94547,0.94571,2.93,3.00
2012.04.09 10:12:03.498,0.94545,0.94569,1.50,1.50
2012.04.09 10:12:04.652,0.94543,0.94567,1.88,1.50
2012.04.09 10:12:05.092,0.94544,0.94569,1.50,1.50
2012.04.09 10:12:06.239,0.94544,0.9457,1.50,1.88
2012.04.09 10:12:12.253,0.94543,0.94567,3.00,1.50
2012.04.09 10:12:29.804,0.94545,0.94569,1.50,3.00
2012.04.09 10:12:30.535,0.94543,0.94567,1.50,1.50
2012.04.09 10:12:50.804,0.94544,0.9457,1.50,1.88
2012.04.09 10:12:55.685,0.94543,0.94567,1.50,1.50
2012.04.09 10:12:56.396,0.94545,0.94569,1.50,1.50
2012.04.09 10:12:56.487,0.94542,0.94568,3.00,1.50
2012.04.09 10:12:56.686,0.94544,0.94569,1.50,1.50
2012.04.09 10:12:58.000,0.94544,0.9457,1.50,1.88
2012.04.09 10:13:01.333,0.94547,0.94571,1.50,3.38
2012.04.09 10:13:01.393,0.94544,0.9457,1.50,1.88
2012.04.09 10:13:02.122,0.94546,0.94572,1.50,1.88
2012.04.09 10:13:06.592,0.94546,0.94572,1.50,1.50
2012.04.09 10:13:08.209,0.94548,0.94574,3.68,1.88
2012.04.09 10:13:09.197,0.94548,0.94574,3.68,1.88
2012.04.09 10:13:17.017,0.9455,0.94576,1.50,1.50
2012.04.09 10:13:17.664,0.94549,0.94573,1.50,1.50
2012.04.09 10:13:23.632,0.94548,0.94572,2.18,1.50
2012.04.09 10:13:27.561,0.94548,0.94574,3.68,3.00
2012.04.09 10:13:28.416,0.94548,0.94574,4.05,1.50
2012.04.09 10:13:28.805,0.94551,0.94575,1.50,1.50
2012.04.09 10:13:32.751,0.94552,0.94578,1.50,3.38
2012.04.09 10:13:36.313,0.94551,0.94575,1.50,1.50
2012.04.09 10:13:36.384,0.94549,0.94575,1.88,1.50
2012.04.09 10:13:36.925,0.94552,0.94576,1.50,1.50
2012.04.09 10:13:38.002,0.9455,0.94574,1.50,1.50
2012.04.09 10:13:38.377,0.94552,0.94576,1.50,1.50
2012.04.09 10:13:39.075,0.9455,0.94574,3.00,1.50
2012.04.09 10:13:46.217,0.94548,0.94573,2.18,1.50
2012.04.09 10:13:52.834,0.94548,0.9457,2.18,1.50
2012.04.09 10:13:53.048,0.94548,0.94572,2.18,1.50
2012.04.09 10:13:53.325,0.94548,0.9457,2.18,1.50
2012.04.09 10:13:54.635,0.94548,0.94572,4.05,3.00
2012.04.09 10:14:00.392,0.94549,0.94575,1.50,1.50
2012.04.09 10:14:01.794,0.94548,0.94573,2.55,1.50
2012.04.09 10:14:51.925,0.9455,0.94574,1.50,1.50
2012.04.09 10:14:56.206,0.94552,0.94576,1.50,1.50
2012.04.09 10:14:57.057,0.94554,0.94578,1.50,2.25
2012.04.09 10:14:57.656,0.94552,0.94576,1.50,1.50
2012.04.09 10:14:59.995,0.94553,0.94579,1.50,1.50
2012.04.09 10:15:00.064,0.94553,0.94579,1.88,1.50
2012.04.09 10:15:00.571,0.94557,0.94579,2.18,1.50
2012.04.09 10:15:01.104,0.94557,0.9458,2.18,1.50
2012.04.09 10:15:01.474,0.94557,0.9458,2.55,1.50
2012.04.09 10:15:01.545,0.94557,0.94583,4.05,1.50
2012.04.09 10:15:03.795,0.94557,0.94581,2.55,1.50
2012.04.09 10:15:05.203,0.94557,0.94581,2.55,1.50
2012.04.09 10:15:07.584,0.94557,0.94581,2.55,1.50
2012.04.09 10:15:07.887,0.94557,0.94578,2.55,1.50
2012.04.09 10:15:07.956,0.94557,0.9458,2.55,1.50
2012.04.09 10:15:08.637,0.94557,0.94579,2.55,1.50
2012.04.09 10:15:11.566,0.94557,0.9458,2.18,1.50
2012.04.09 10:15:12.198,0.94557,0.9458,2.55,1.50
2012.04.09 10:15:20.682,0.94557,0.94578,2.55,1.50
2012.04.09 10:15:22.533,0.94557,0.94578,2.18,1.50
2012.04.09 10:15:22.605,0.94557,0.94581,2.18,1.50
2012.04.09 10:15:22.802,0.94557,0.94578,2.18,1.50
2012.04.09 10:15:29.234,0.94557,0.9458,2.18,3.00
2012.04.09 10:15:29.772,0.94557,0.94579,2.18,1.50
2012.04.09 10:15:32.367,0.94557,0.94579,2.18,2.25
2012.04.09 10:15:32.885,0.94555,0.94581,1.88,2.25
2012.04.09 10:15:33.219,0.94558,0.94581,2.18,2.25
2012.04.09 10:15:34.578,0.94558,0.94583,2.18,1.50
2012.04.09 10:15:34.650,0.94558,0.94583,2.18,2.25
2012.04.09 10:15:34.777,0.94558,0.94583,2.18,2.25
2012.04.09 10:15:34.847,0.94558,0.94581,2.18,1.50
2012.04.09 10:15:35.154,0.94558,0.94581,2.18,2.25
2012.04.09 10:15:35.226,0.94558,0.94581,2.18,1.50
2012.04.09 10:15:38.804,0.94558,0.94578,2.18,1.50
2012.04.09 10:15:39.004,0.94558,0.9458,2.18,1.50
2012.04.09 10:15:39.426,0.94558,0.9458,2.18,2.25
2012.04.09 10:15:46.321,0.94554,0.94578,1.88,2.25
2012.04.09 10:15:47.002,0.94557,0.94578,2.18,2.25
2012.04.09 10:15:48.887,0.94557,0.94581,2.18,1.50
2012.04.09 10:15:49.229,0.94554,0.94578,1.88,1.50
2012.04.09 10:15:49.732,0.94554,0.94578,1.88,1.50
2012.04.09 10:15:50.895,0.94556,0.9458,1.50,1.50
2012.04.09 10:15:54.118,0.94554,0.94578,3.00,1.50
2012.04.09 10:15:54.426,0.9455,0.94574,2.48,1.50
2012.04.09 10:15:55.005,0.9455,0.94574,2.10,1.50
2012.04.09 10:15:55.076,0.9455,0.94574,1.50,1.50
2012.04.09 10:15:59.942,0.94552,0.94576,1.50,3.00
2012.04.09 10:16:00.252,0.94557,0.94582,1.50,4.05
2012.04.09 10:16:00.754,0.94561,0.94582,1.50,2.55
2012.04.09 10:16:01.076,0.94561,0.94582,1.50,2.18
2012.04.09 10:16:01.205,0.94558,0.94582,1.50,2.18
2012.04.09 10:16:01.440,0.94558,0.94582,2.25,2.18
2012.04.09 10:16:01.625,0.94563,0.94589,1.88,2.25
2012.04.09 10:16:01.702,0.94563,0.94588,1.50,1.50
2012.04.09 10:16:02.014,0.94567,0.94583,1.50,2.55
2012.04.09 10:16:02.086,0.94561,0.94587,1.50,1.88
2012.04.09 10:16:02.157,0.94559,0.94583,1.50,1.88
2012.04.09 10:16:02.406,0.94562,0.94582,1.50,2.18
2012.04.09 10:16:02.596,0.94559,0.94583,1.50,1.88
2012.04.09 10:16:02.944,0.9456,0.94586,1.50,1.50
2012.04.09 10:16:03.187,0.94558,0.94584,3.38,1.50
2012.04.09 10:16:03.996,0.94561,0.94585,1.50,3.00
2012.04.09 10:16:04.674,0.94559,0.94583,1.50,1.50
2012.04.09 10:16:05.005,0.94561,0.94585,1.50,1.50
2012.04.09 10:16:05.373,0.94559,0.94583,1.50,1.50
2012.04.09 10:16:05.445,0.94556,0.94582,1.88,1.50
2012.04.09 10:16:05.697,0.94559,0.94583,1.50,1.50
2012.04.09 10:16:06.492,0.94557,0.94581,1.50,1.50
2012.04.09 10:16:08.524,0.94557,0.94581,4.05,1.50
2012.04.09 10:16:09.898,0.94559,0.94583,1.50,1.50
2012.04.09 10:16:11.725,0.94557,0.94582,2.55,1.50
2012.04.09 10:16:17.392,0.94559,0.94583,1.50,3.00
2012.04.09 10:16:20.254,0.94559,0.94583,1.88,1.50
2012.04.09 10:16:23.635,0.94558,0.94581,2.55,1.50
2012.04.09 10:16:25.204,0.94558,0.94581,2.55,1.50
2012.04.09 10:16:25.862,0.94559,0.94583,1.50,1.50
2012.04.09 10:16:31.502,0.94561,0.94585,1.50,1.50
2012.04.09 10:16:32.676,0.94558,0.94584,4.05,1.50
2012.04.09 10:16:34.615,0.94561,0.94585,1.50,3.75
2012.04.09 10:16:34.957,0.94558,0.94585,5.55,2.25
2012.04.09 10:16:35.028,0.94563,0.94588,1.50,1.13
2012.04.09 10:16:35.248,0.94558,0.94585,4.05,1.50
2012.04.09 10:16:35.723,0.94558,0.94585,4.05,1.50
2012.04.09 10:16:36.076,0.94558,0.94583,2.55,1.50
2012.04.09 10:16:42.614,0.94558,0.9458,2.55,1.50
2012.04.09 10:16:42.884,0.94558,0.94582,4.05,3.00
2012.04.09 10:16:44.886,0.94562,0.94587,1.50,1.50
2012.04.09 10:16:45.014,0.94561,0.94585,1.88,1.50
2012.04.09 10:16:45.327,0.94558,0.94581,2.93,1.50
2012.04.09 10:16:45.395,0.94558,0.94581,2.18,1.50
2012.04.09 10:16:45.905,0.94557,0.94581,1.88,1.50
2012.04.09 10:16:57.615,0.94558,0.94583,1.50,1.50
2012.04.09 10:16:57.743,0.94562,0.94586,1.50,3.00
2012.04.09 10:16:59.970,0.94563,0.9459,1.50,1.88
2012.04.09 10:17:00.923,0.94563,0.9459,1.50,1.50
2012.04.09 10:17:00.994,0.94563,0.9459,1.50,2.25
2012.04.09 10:17:01.795,0.94562,0.94587,1.88,1.50
2012.04.09 10:17:08.705,0.9456,0.94585,1.88,1.50
2012.04.09 10:17:11.583,0.94559,0.94583,1.88,1.50
2012.04.09 10:17:11.726,0.94559,0.94583,1.50,1.50
2012.04.09 10:17:11.793,0.9456,0.94585,1.50,1.50
2012.04.09 10:17:12.165,0.94558,0.94584,3.00,1.50
2012.04.09 10:17:12.779,0.94556,0.94582,1.88,1.50
2012.04.09 10:17:13.383,0.94559,0.94585,1.50,1.50
2012.04.09 10:17:14.749,0.94559,0.94585,1.50,2.25
2012.04.09 10:17:16.193,0.94558,0.94582,1.50,1.50
2012.04.09 10:17:24.167,0.94556,0.94581,1.88,1.50
2012.04.09 10:17:26.702,0.94557,0.94583,1.50,1.50
2012.04.09 10:17:39.165,0.9456,0.94584,1.50,3.75
2012.04.09 10:17:39.743,0.94558,0.94582,1.50,1.50
2012.04.09 10:17:40.264,0.94559,0.94585,1.50,2.25
2012.04.09 10:17:40.524,0.94556,0.94582,1.88,1.50
2012.04.09 10:17:40.655,0.94558,0.94584,1.50,3.75
2012.04.09 10:17:45.240,0.94559,0.94584,1.50,1.50
2012.04.09 10:17:45.734,0.94562,0.94586,1.50,1.88
2012.04.09 10:17:45.942,0.9456,0.94584,1.50,1.50
2012.04.09 10:17:46.125,0.9456,0.94584,1.50,2.25
2012.04.09 10:17:46.480,0.9456,0.94573,1.50,2.18
2012.04.09 10:17:46.543,0.9456,0.94584,1.50,1.50
2012.04.09 10:17:46.675,0.9456,0.94581,1.50,1.50
2012.04.09 10:17:46.746,0.94554,0.9458,1.88,1.50
2012.04.09 10:17:47.180,0.94559,0.94583,1.50,1.50
2012.04.09 10:17:47.538,0.94556,0.9458,3.38,1.50
2012.04.09 10:17:48.305,0.94557,0.94583,1.88,1.50
2012.04.09 10:17:48.466,0.94557,0.94581,1.88,1.50
2012.04.09 10:17:49.850,0.94554,0.9458,1.88,1.50
2012.04.09 10:17:54.704,0.94557,0.94581,1.88,3.00
2012.04.09 10:17:55.554,0.94557,0.94581,1.88,1.50
2012.04.09 10:18:02.734,0.94558,0.94584,1.88,1.50
2012.04.09 10:18:17.654,0.94557,0.94581,1.50,1.50
2012.04.09 10:18:17.964,0.94555,0.94579,1.88,1.50
2012.04.09 10:18:18.194,0.94557,0.94581,1.50,1.50
2012.04.09 10:18:21.624,0.94554,0.9458,3.38,1.50
2012.04.09 10:18:22.645,0.94554,0.9458,1.50,1.50
2012.04.09 10:18:22.836,0.94553,0.94577,3.38,1.50
2012.04.09 10:18:23.233,0.94554,0.9458,1.50,3.00
2012.04.09 10:18:24.458,0.94552,0.94578,3.38,1.50
2012.04.09 10:18:24.895,0.94557,0.94582,3.00,1.88
2012.04.09 10:18:31.557,0.94557,0.94582,3.00,1.88
2012.04.09 10:18:31.863,0.9456,0.94583,1.50,1.13
2012.04.09 10:18:47.743,0.94557,0.94583,1.50,1.13
2012.04.09 10:18:48.703,0.9456,0.94583,1.50,1.13
2012.04.09 10:18:56.742,0.94558,0.94583,3.00,2.63
2012.04.09 10:18:56.924,0.9456,0.94583,1.50,1.13
2012.04.09 10:19:10.067,0.94558,0.94583,1.50,2.63
2012.04.09 10:19:12.421,0.94556,0.94582,1.50,1.88
2012.04.09 10:19:12.483,0.94556,0.94581,1.50,1.13
2012.04.09 10:19:14.863,0.94556,0.94579,1.50,1.13
2012.04.09 10:19:20.675,0.94559,0.94582,1.50,2.93
2012.04.09 10:19:20.927,0.94561,0.94582,1.50,2.55
2012.04.09 10:19:21.450,0.9456,0.94584,1.50,1.50
2012.04.09 10:19:21.655,0.94562,0.94584,1.50,1.50
2012.04.09 10:19:23.134,0.94562,0.94585,1.50,1.13
2012.04.09 10:19:39.374,0.9456,0.94585,1.50,1.13
2012.04.09 10:19:41.784,0.94562,0.94585,1.50,1.13
2012.04.09 10:19:42.473,0.9456,0.94585,1.50,1.13
2012.04.09 10:19:49.244,0.94558,0.94584,1.50,2.25
2012.04.09 10:19:59.425,0.94559,0.94584,1.50,2.25
2012.04.09 10:20:00.123,0.9456,0.94585,1.50,1.13
2012.04.09 10:20:00.665,0.94558,0.94584,1.88,2.25
2012.04.09 10:20:00.895,0.94557,0.94581,1.88,1.50
2012.04.09 10:20:01.126,0.94558,0.94584,1.88,2.25
2012.04.09 10:20:08.793,0.94561,0.94585,1.50,2.25
2012.04.09 10:20:13.632,0.94561,0.94584,1.50,1.13
2012.04.09 10:20:17.765,0.94559,0.94584,1.50,2.63
2012.04.09 10:20:18.277,0.94558,0.94584,1.50,2.63
2012.04.09 10:20:28.395,0.94558,0.94584,1.50,1.50
2012.04.09 10:20:35.843,0.9456,0.94586,1.50,1.88
2012.04.09 10:20:36.598,0.94558,0.94584,1.50,1.50
2012.04.09 10:20:39.736,0.94557,0.94581,1.50,1.50
2012.04.09 10:20:40.012,0.94559,0.94584,1.50,1.50
2012.04.09 10:20:40.552,0.94559,0.94585,1.50,1.88
2012.04.09 10:20:44.693,0.94559,0.94584,1.50,1.50
2012.04.09 10:20:44.822,0.94558,0.94582,1.50,1.50
2012.04.09 10:20:47.646,0.9456,0.94584,1.50,1.50
2012.04.09 10:20:53.523,0.94558,0.94583,1.50,1.50
2012.04.09 10:20:54.297,0.94557,0.94583,1.50,1.50
2012.04.09 10:20:54.774,0.94556,0.94581,3.38,1.50
2012.04.09 10:20:55.118,0.94558,0.94582,1.50,1.50
2012.04.09 10:20:55.326,0.94555,0.94582,1.88,1.50
2012.04.09 10:20:55.985,0.94557,0.94583,1.50,1.50
2012.04.09 10:20:56.527,0.94556,0.94582,1.88,1.50
2012.04.09 10:21:01.805,0.94555,0.94582,1.88,1.50
2012.04.09 10:21:02.298,0.9456,0.94585,1.50,4.13
2012.04.09 10:21:02.786,0.94558,0.94584,2.55,2.25
2012.04.09 10:21:03.367,0.94559,0.94585,1.50,1.13
2012.04.09 10:21:03.676,0.94561,0.94588,1.88,2.25
2012.04.09 10:21:03.830,0.94561,0.94586,1.88,1.50
2012.04.09 10:21:04.938,0.9456,0.94584,1.88,1.50
2012.04.09 10:21:06.677,0.94561,0.94587,1.88,1.50
2012.04.09 10:21:07.563,0.94561,0.94587,1.88,1.50
2012.04.09 10:21:08.133,0.94559,0.94586,1.88,1.50
2012.04.09 10:21:12.233,0.94562,0.94589,1.88,2.25
2012.04.09 10:21:16.014,0.9456,0.94587,1.88,1.50
2012.04.09 10:21:16.673,0.94562,0.94589,1.88,2.25
2012.04.09 10:21:20.733,0.9456,0.94587,1.88,1.50
2012.04.09 10:21:35.887,0.94563,0.94588,1.50,3.75
2012.04.09 10:21:39.026,0.94561,0.94587,3.38,1.50
2012.04.09 10:21:42.736,0.94563,0.94588,1.50,2.25
2012.04.09 10:21:43.309,0.94565,0.94589,1.50,2.25
2012.04.09 10:21:43.846,0.94563,0.94589,1.50,2.25
2012.04.09 10:21:44.372,0.94562,0.94589,1.88,2.25
2012.04.09 10:21:47.553,0.94562,0.94589,1.88,2.25
2012.04.09 10:21:47.683,0.94566,0.94591,1.50,2.63
2012.04.09 10:21:48.542,0.94564,0.94591,3.00,2.63
2012.04.09 10:21:55.506,0.94562,0.94589,1.50,2.25
2012.04.09 10:22:01.615,0.94562,0.94588,1.50,1.13
2012.04.09 10:22:02.030,0.94562,0.94583,1.50,2.18
2012.04.09 10:22:06.378,0.94561,0.94583,1.50,2.18
2012.04.09 10:22:07.427,0.9456,0.94583,1.50,2.18
2012.04.09 10:22:28.024,0.9456,0.94583,1.50,2.55
2012.04.09 10:22:28.297,0.94558,0.94583,1.50,2.55
2012.04.09 10:22:28.485,0.94561,0.94583,1.50,2.55
2012.04.09 10:22:31.120,0.94564,0.94583,1.50,2.18
2012.04.09 10:22:32.482,0.94564,0.94588,1.50,1.13
2012.04.09 10:23:00.235,0.94565,0.94589,1.50,1.50
2012.04.09 10:23:02.656,0.94563,0.94588,1.50,1.88
2012.04.09 10:23:05.446,0.94563,0.94583,1.50,2.18
2012.04.09 10:23:07.017,0.94563,0.94588,1.50,1.88
2012.04.09 10:23:07.084,0.94565,0.94589,1.50,1.50
2012.04.09 10:23:07.704,0.94565,0.94584,1.50,1.13
2012.04.09 10:23:08.674,0.94563,0.94584,1.50,1.13
2012.04.09 10:23:10.784,0.94565,0.94584,1.50,1.13
2012.04.09 10:23:12.302,0.94565,0.94588,1.50,1.13
2012.04.09 10:23:13.255,0.94562,0.94588,1.50,1.13
2012.04.09 10:23:14.224,0.94562,0.94583,1.50,2.18
2012.04.09 10:23:17.677,0.94564,0.94583,1.50,2.18
2012.04.09 10:23:18.221,0.94564,0.94588,1.50,1.13
2012.04.09 10:23:34.078,0.94563,0.94588,1.50,2.63
2012.04.09 10:24:02.714,0.94564,0.94588,1.50,1.13
2012.04.09 10:24:06.037,0.94564,0.94588,1.50,1.13
2012.04.09 10:24:06.113,0.94564,0.94582,1.50,2.18
2012.04.09 10:24:07.669,0.94563,0.94582,1.50,2.18
2012.04.09 10:24:11.726,0.9456,0.94582,1.50,2.18
2012.04.09 10:24:11.944,0.94562,0.94582,1.50,2.18
2012.04.09 10:24:17.002,0.94561,0.94582,3.00,2.18
2012.04.09 10:24:38.663,0.94562,0.94582,1.50,2.18
2012.04.09 10:24:47.643,0.94561,0.94582,1.50,2.18
2012.04.09 10:24:51.955,0.94561,0.94582,1.88,2.18
2012.04.09 10:24:52.246,0.94562,0.94589,1.88,2.25
2012.04.09 10:24:52.318,0.94561,0.94586,1.88,1.50
2012.04.09 10:24:53.657,0.94561,0.94586,1.50,1.50
2012.04.09 10:24:53.724,0.94561,0.94586,1.50,2.25
2012.04.09 10:25:03.916,0.94561,0.94586,1.50,1.50
2012.04.09 10:25:14.714,0.94559,0.94584,3.38,1.50
2012.04.09 10:25:38.745,0.94561,0.94585,1.50,1.50
2012.04.09 10:25:39.353,0.94558,0.94583,3.38,1.50
2012.04.09 10:25:41.723,0.94559,0.94585,1.88,2.25
2012.04.09 10:25:46.281,0.94559,0.94585,1.88,1.50
2012.04.09 10:25:47.706,0.94559,0.94585,1.88,2.25
2012.04.09 10:25:48.243,0.94559,0.94585,1.88,2.25
2012.04.09 10:25:48.828,0.94559,0.94585,1.50,2.25
2012.04.09 10:25:52.150,0.94558,0.94582,1.88,1.50
2012.04.09 10:25:52.498,0.94556,0.9458,1.50,1.88
2012.04.09 10:25:52.685,0.94553,0.94579,1.50,1.50
2012.04.09 10:25:56.785,0.94552,0.94577,1.50,1.50
2012.04.09 10:25:56.858,0.9455,0.94577,1.88,1.50
2012.04.09 10:25:57.666,0.94552,0.94578,1.50,1.50
2012.04.09 10:26:00.674,0.94553,0.94579,1.50,2.63
2012.04.09 10:26:01.346,0.94552,0.94577,1.88,1.50
2012.04.09 10:26:02.116,0.94553,0.94579,1.50,2.63
2012.04.09 10:26:04.265,0.94553,0.94579,1.50,1.88
2012.04.09 10:26:06.358,0.94553,0.94579,1.50,2.63
2012.04.09 10:26:07.265,0.94553,0.94579,1.50,1.88
2012.04.09 10:26:08.177,0.94552,0.94577,1.88,1.50
2012.04.09 10:26:09.876,0.94553,0.94579,1.50,3.38
2012.04.09 10:26:10.124,0.94555,0.9458,1.50,1.88
2012.04.09 10:26:10.643,0.94554,0.94578,1.50,1.50
2012.04.09 10:26:11.144,0.94556,0.94581,1.50,1.88
2012.04.09 10:26:11.603,0.94554,0.94578,1.50,1.50
2012.04.09 10:26:12.114,0.94556,0.9458,1.50,1.88
2012.04.09 10:26:12.244,0.94553,0.94577,1.50,1.50
2012.04.09 10:26:12.659,0.94556,0.9458,1.50,3.38
2012.04.09 10:26:13.295,0.94556,0.94579,1.50,1.13
2012.04.09 10:26:13.364,0.94553,0.94577,1.50,1.50
2012.04.09 10:26:13.979,0.94554,0.94579,1.50,1.13
2012.04.09 10:26:17.753,0.94552,0.94578,3.38,2.25
2012.04.09 10:26:20.146,0.94555,0.94579,1.50,2.63
2012.04.09 10:26:22.685,0.94553,0.94577,1.50,1.50
2012.04.09 10:26:23.325,0.94555,0.94579,1.50,2.63
2012.04.09 10:26:25.336,0.94555,0.94579,1.50,2.63
2012.04.09 10:26:25.696,0.94553,0.94577,1.50,2.25
2012.04.09 10:26:28.230,0.94551,0.94575,3.00,2.25
2012.04.09 10:26:28.727,0.94554,0.94578,1.50,3.75
2012.04.09 10:26:37.757,0.94554,0.94578,1.50,2.25
2012.04.09 10:26:38.406,0.94554,0.94578,1.50,2.25
2012.04.09 10:26:52.095,0.94555,0.94579,1.50,1.13
2012.04.09 10:26:54.119,0.94555,0.94579,1.50,1.13
2012.04.09 10:26:54.446,0.94555,0.94572,1.50,2.55
2012.04.09 10:26:54.775,0.94554,0.94572,1.50,3.30
2012.04.09 10:26:54.849,0.94548,0.94572,1.50,3.30
2012.04.09 10:26:55.005,0.94547,0.9457,1.50,2.25
2012.04.09 10:26:55.185,0.94543,0.94567,1.88,2.25
2012.04.09 10:26:55.767,0.94543,0.94569,1.50,2.63
2012.04.09 10:27:00.370,0.94544,0.94569,1.50,2.63
2012.04.09 10:27:00.441,0.94546,0.9457,2.25,2.25
2012.04.09 10:27:00.568,0.94551,0.9457,1.88,1.50
2012.04.09 10:27:00.699,0.94552,0.94578,1.88,2.25
2012.04.09 10:27:01.422,0.94549,0.94573,1.13,1.50
2012.04.09 10:27:02.424,0.94547,0.94573,2.25,1.50
2012.04.09 10:27:02.494,0.94547,0.94573,1.88,1.50
2012.04.09 10:27:02.751,0.94549,0.94574,1.50,2.25
2012.04.09 10:27:03.054,0.94548,0.94572,1.50,1.50
2012.04.09 10:27:03.610,0.94546,0.9457,1.88,1.50
2012.04.09 10:27:04.715,0.94546,0.9457,1.88,1.50
2012.04.09 10:27:06.886,0.94546,0.9457,1.88,1.50
2012.04.09 10:27:07.014,0.94548,0.94572,1.88,1.50
2012.04.09 10:27:11.056,0.9455,0.94574,1.88,1.50
2012.04.09 10:27:11.245,0.94556,0.94576,1.50,1.50
2012.04.09 10:27:11.316,0.94556,0.9458,1.50,1.88
2012.04.09 10:27:11.456,0.94554,0.94579,1.50,1.88
2012.04.09 10:27:11.996,0.94555,0.94581,1.50,1.88
2012.04.09 10:27:16.566,0.94555,0.94581,1.50,1.50
2012.04.09 10:27:17.248,0.94555,0.94581,1.50,2.25
2012.04.09 10:27:20.718,0.94558,0.94582,1.50,2.25
2012.04.09 10:27:21.503,0.94557,0.94583,1.50,4.80
2012.04.09 10:27:22.715,0.94556,0.9458,1.50,2.25
2012.04.09 10:27:23.073,0.94558,0.94582,1.50,2.25
2012.04.09 10:27:23.144,0.94556,0.94582,1.50,3.75
2012.04.09 10:27:23.618,0.94558,0.94583,1.50,3.30
2012.04.09 10:27:24.597,0.94556,0.9458,1.50,2.25
2012.04.09 10:27:25.737,0.94556,0.9458,1.88,2.25
2012.04.09 10:27:26.513,0.94556,0.9458,1.88,1.50
2012.04.09 10:27:26.984,0.94556,0.9458,1.88,2.25
2012.04.09 10:27:27.603,0.94558,0.94583,1.88,2.18
2012.04.09 10:27:27.790,0.94565,0.94583,1.50,2.18
2012.04.09 10:27:28.450,0.94564,0.94583,1.50,2.18
2012.04.09 10:27:31.056,0.94565,0.94583,1.50,2.18
2012.04.09 10:27:33.079,0.94564,0.94583,1.50,2.18
2012.04.09 10:27:39.136,0.94563,0.94583,1.50,2.18
2012.04.09 10:27:43.796,0.94564,0.94583,1.50,2.18
2012.04.09 10:27:45.894,0.94563,0.94583,1.50,2.18
2012.04.09 10:27:46.557,0.94564,0.94583,1.50,2.18
2012.04.09 10:27:47.365,0.94567,0.94583,1.50,2.18
2012.04.09 10:27:47.440,0.94567,0.94592,1.50,4.05
2012.04.09 10:27:47.508,0.94567,0.94592,1.50,4.05
2012.04.09 10:27:49.005,0.94567,0.9459,1.50,1.13
2012.04.09 10:27:51.455,0.94567,0.9459,1.50,1.13
2012.04.09 10:27:51.529,0.94567,0.94583,1.50,2.18
2012.04.09 10:27:51.595,0.94565,0.94583,1.50,2.18
2012.04.09 10:27:51.785,0.9456,0.94583,1.50,2.55
2012.04.09 10:27:51.975,0.94562,0.94583,1.50,2.55
2012.04.09 10:28:13.566,0.94562,0.94588,1.50,1.88
2012.04.09 10:28:13.636,0.94559,0.94586,1.88,1.88
2012.04.09 10:28:13.828,0.94566,0.9459,1.50,1.88
2012.04.09 10:28:14.156,0.94571,0.94593,1.50,2.93
2012.04.09 10:28:18.435,0.94571,0.94593,1.50,2.55
2012.04.09 10:28:24.284,0.94568,0.9459,1.50,1.50
2012.04.09 10:28:24.357,0.94566,0.9459,1.50,1.50
2012.04.09 10:28:26.639,0.94566,0.9459,1.88,1.50
2012.04.09 10:28:34.761,0.94567,0.94593,1.88,3.00
2012.04.09 10:28:35.788,0.94566,0.94591,1.88,1.50
2012.04.09 10:28:36.715,0.94567,0.94592,1.88,1.50
2012.04.09 10:28:37.637,0.94568,0.94592,2.18,1.50
2012.04.09 10:28:38.205,0.94567,0.94592,1.88,1.50
2012.04.09 10:28:43.483,0.94569,0.94594,1.50,1.50
2012.04.09 10:28:44.040,0.94571,0.94595,1.50,1.50
2012.04.09 10:28:48.169,0.94568,0.94593,4.05,1.50
2012.04.09 10:28:49.005,0.94568,0.94592,2.55,1.50
2012.04.09 10:28:51.637,0.94568,0.94592,2.55,1.50
2012.04.09 10:28:52.290,0.94569,0.94593,1.88,1.50
2012.04.09 10:28:52.415,0.9457,0.94597,1.88,1.50
2012.04.09 10:28:55.241,0.94569,0.94595,1.88,1.50
2012.04.09 10:28:55.691,0.94568,0.94593,2.55,1.50
2012.04.09 10:29:03.537,0.94568,0.94591,2.55,1.50
2012.04.09 10:29:06.025,0.94568,0.94593,2.55,1.50
2012.04.09 10:29:24.362,0.94568,0.94592,2.55,1.50
2012.04.09 10:29:24.615,0.94563,0.9459,1.88,1.50
2012.04.09 10:29:24.954,0.94566,0.94591,1.50,1.50
2012.04.09 10:29:26.098,0.94564,0.94583,1.50,1.50
2012.04.09 10:29:26.351,0.94568,0.94594,2.18,1.88
2012.04.09 10:29:26.474,0.94565,0.94592,1.50,1.50
2012.04.09 10:29:27.976,0.94557,0.94583,4.43,1.50
2012.04.09 10:29:28.555,0.94564,0.94584,1.50,1.50
2012.04.09 10:29:28.735,0.94564,0.9459,1.50,1.50
2012.04.09 10:29:29.178,0.94566,0.94592,1.50,4.05
2012.04.09 10:29:34.015,0.94566,0.94592,1.50,4.43
2012.04.09 10:29:38.267,0.94564,0.9459,1.50,1.88
2012.04.09 10:29:38.604,0.94566,0.94591,1.50,1.88
2012.04.09 10:29:40.128,0.94564,0.9459,3.00,1.88
2012.04.09 10:29:55.618,0.94564,0.9459,1.50,1.88
2012.04.09 10:29:57.994,0.94566,0.94592,1.50,4.05
2012.04.09 10:29:59.354,0.94564,0.9459,1.50,1.88
2012.04.09 10:30:02.647,0.94564,0.9459,1.50,1.50
2012.04.09 10:30:03.209,0.94565,0.9459,1.50,1.50
2012.04.09 10:30:03.274,0.94567,0.94591,1.50,1.50
2012.04.09 10:30:04.198,0.94565,0.94589,1.50,1.50
2012.04.09 10:30:04.795,0.94567,0.94591,1.50,1.50
2012.04.09 10:30:08.192,0.94565,0.94591,1.50,1.50
2012.04.09 10:30:08.760,0.94564,0.94591,1.50,1.50
2012.04.09 10:30:09.606,0.94567,0.94591,1.50,1.50
2012.04.09 10:30:10.549,0.94566,0.94592,1.50,4.05
2012.04.09 10:30:11.748,0.94567,0.94592,1.50,2.55
2012.04.09 10:30:12.256,0.94566,0.94592,1.50,4.05
2012.04.09 10:30:29.127,0.94567,0.94592,1.50,2.55
2012.04.09 10:30:29.663,0.94566,0.94592,1.50,3.68
2012.04.09 10:30:30.267,0.94567,0.94592,1.50,2.18
2012.04.09 10:30:30.740,0.94576,0.94598,1.50,1.50
2012.04.09 10:30:31.048,0.94579,0.94602,3.00,2.55
2012.04.09 10:30:31.630,0.9458,0.94602,1.50,2.55
2012.04.09 10:30:31.756,0.94579,0.94602,1.50,2.55
2012.04.09 10:30:32.005,0.94577,0.94602,1.50,4.05
2012.04.09 10:30:34.094,0.94578,0.94602,1.50,2.55
2012.04.09 10:30:34.628,0.94579,0.94606,1.50,1.88
2012.04.09 10:30:34.946,0.94582,0.94607,1.50,2.25
2012.04.09 10:30:35.017,0.94582,0.94607,1.50,1.50
2012.04.09 10:30:35.218,0.94581,0.94605,1.50,1.50
2012.04.09 10:30:35.488,0.94577,0.94603,1.88,1.50
2012.04.09 10:30:42.417,0.94577,0.94603,1.88,1.50
2012.04.09 10:30:45.517,0.94579,0.94605,1.88,1.50
2012.04.09 10:30:46.085,0.94579,0.94605,1.88,2.25
2012.04.09 10:30:46.948,0.94578,0.94602,3.38,1.50
2012.04.09 10:30:47.494,0.9458,0.94602,1.50,2.18
2012.04.09 10:30:56.789,0.94581,0.94602,1.50,2.18
2012.04.09 10:31:12.558,0.94579,0.94602,1.50,2.18
2012.04.09 10:31:17.557,0.94581,0.94602,1.50,2.18
2012.04.09 10:31:23.804,0.94578,0.94602,1.50,2.18
2012.04.09 10:31:32.664,0.9458,0.94602,1.50,2.18
2012.04.09 10:31:37.375,0.94576,0.94602,1.50,2.18
2012.04.09 10:31:37.526,0.94578,0.94602,1.50,2.18
2012.04.09 10:31:37.653,0.94579,0.94605,1.50,1.88
2012.04.09 10:31:37.720,0.94582,0.94605,1.50,1.88
2012.04.09 10:31:39.191,0.94582,0.94608,1.50,2.63
2012.04.09 10:31:39.257,0.94582,0.94606,1.50,1.50
2012.04.09 10:31:39.565,0.94578,0.94604,1.88,1.50
2012.04.09 10:31:40.031,0.94578,0.94602,1.88,1.50
2012.04.09 10:31:41.076,0.94578,0.94603,1.88,2.18
2012.04.09 10:31:50.119,0.9458,0.94603,1.50,2.18
2012.04.09 10:31:53.875,0.94581,0.94603,1.50,2.18
2012.04.09 10:31:54.005,0.94581,0.94606,1.50,1.88
2012.04.09 10:31:59.857,0.94582,0.94608,1.50,1.13
2012.04.09 10:32:03.808,0.94581,0.94607,1.50,1.88
2012.04.09 10:32:05.019,0.9458,0.94607,1.50,1.88
2012.04.09 10:32:06.828,0.94581,0.94607,1.50,1.88
2012.04.09 10:32:07.029,0.94583,0.94608,1.50,2.63
2012.04.09 10:32:07.616,0.94585,0.94608,1.50,1.50
2012.04.09 10:32:08.047,0.94583,0.94603,1.50,2.55
2012.04.09 10:32:08.208,0.9458,0.94603,1.50,2.55
2012.04.09 10:32:08.425,0.94583,0.94603,1.50,2.55
2012.04.09 10:32:10.084,0.9458,0.94603,1.50,2.55
2012.04.09 10:32:11.545,0.94583,0.94603,1.50,2.18
2012.04.09 10:32:11.910,0.94581,0.94603,1.50,2.18
2012.04.09 10:32:12.504,0.94582,0.94603,1.50,2.18
2012.04.09 10:32:13.159,0.94581,0.94603,1.50,2.18
2012.04.09 10:32:14.934,0.94579,0.94603,1.50,2.18
2012.04.09 10:32:15.490,0.9458,0.94603,1.50,2.18
2012.04.09 10:32:16.424,0.94581,0.94603,1.50,2.18
2012.04.09 10:32:17.168,0.94582,0.94603,1.50,2.18
2012.04.09 10:32:17.234,0.9458,0.94603,1.50,2.18
2012.04.09 10:32:18.085,0.94583,0.94603,1.50,2.18
2012.04.09 10:32:20.097,0.94583,0.94608,1.50,1.88
2012.04.09 10:32:22.055,0.94583,0.94603,1.50,2.18
2012.04.09 10:32:26.667,0.94581,0.94603,1.50,2.18
2012.04.09 10:32:33.316,0.94582,0.94603,1.50,2.18
2012.04.09 10:32:33.504,0.9458,0.94603,1.50,2.18
2012.04.09 10:32:34.705,0.94584,0.94603,1.50,2.18
2012.04.09 10:32:34.834,0.94584,0.94608,1.50,1.88
2012.04.09 10:32:34.904,0.9458,0.94606,1.50,1.50
2012.04.09 10:32:40.693,0.94579,0.94604,1.50,1.50
2012.04.09 10:32:43.192,0.94581,0.94605,1.50,1.50
2012.04.09 10:32:52.678,0.94581,0.94605,1.88,1.50
2012.04.09 10:32:53.054,0.94582,0.94607,1.88,1.50
2012.04.09 10:32:53.439,0.94583,0.94607,1.13,1.50
2012.04.09 10:32:53.806,0.94587,0.94611,1.50,1.88
2012.04.09 10:32:54.357,0.94587,0.94611,1.50,1.88
2012.04.09 10:32:54.905,0.94585,0.94609,2.25,1.50
2012.04.09 10:32:59.164,0.94585,0.94609,2.25,1.88
2012.04.09 10:33:01.521,0.94586,0.9461,2.25,1.88
2012.04.09 10:33:04.948,0.94588,0.94612,1.50,3.38
2012.04.09 10:33:05.304,0.94588,0.94612,2.25,1.88
2012.04.09 10:33:09.064,0.94585,0.94611,2.25,1.88
2012.04.09 10:33:11.387,0.94587,0.94611,1.13,1.50
2012.04.09 10:33:11.578,0.9459,0.94615,1.13,1.50
2012.04.09 10:33:11.707,0.94589,0.94615,1.88,1.50
2012.04.09 10:33:12.338,0.9459,0.94615,1.13,1.50
2012.04.09 10:33:12.571,0.94591,0.94615,1.13,1.50
2012.04.09 10:33:12.695,0.94591,0.94617,2.63,1.50
2012.04.09 10:33:16.426,0.94591,0.94617,1.50,1.88
2012.04.09 10:33:16.557,0.9459,0.94612,1.50,2.18
2012.04.09 10:33:17.268,0.94586,0.94611,2.63,1.50
2012.04.09 10:33:18.205,0.94586,0.94609,1.13,1.50
2012.04.09 10:33:18.277,0.94587,0.94611,1.88,1.50
2012.04.09 10:33:18.469,0.94586,0.94609,1.13,1.50
2012.04.09 10:33:20.735,0.94586,0.94612,2.63,3.68
2012.04.09 10:33:23.485,0.94586,0.94612,2.63,3.68
2012.04.09 10:33:29.688,0.94586,0.94609,1.13,1.50
2012.04.09 10:33:35.384,0.94588,0.94612,1.50,3.68
2012.04.09 10:33:36.154,0.94586,0.94611,1.13,1.50
2012.04.09 10:33:36.924,0.94588,0.94612,1.50,3.68
2012.04.09 10:33:38.797,0.9459,0.94612,1.50,2.18
2012.04.09 10:33:42.367,0.94588,0.94612,3.00,3.68
2012.04.09 10:33:43.029,0.94589,0.94612,2.25,2.18
2012.04.09 10:33:43.584,0.94589,0.94612,1.50,2.18
2012.04.09 10:33:52.538,0.94589,0.94612,2.25,2.18
2012.04.09 10:33:52.605,0.94589,0.94615,2.25,1.50
2012.04.09 10:33:53.154,0.9459,0.94614,2.25,1.50
2012.04.09 10:33:56.779,0.94587,0.94613,4.13,3.68
2012.04.09 10:33:57.625,0.9459,0.94613,1.50,2.18
2012.04.09 10:33:58.278,0.94587,0.94612,1.50,1.50
2012.04.09 10:33:58.841,0.94586,0.94612,2.63,1.50
2012.04.09 10:34:00.727,0.94588,0.94613,1.50,2.18
2012.04.09 10:34:07.110,0.94586,0.94612,2.63,1.50
2012.04.09 10:34:08.254,0.94589,0.94613,1.50,5.55
2012.04.09 10:34:09.656,0.94587,0.94611,1.50,1.50
2012.04.09 10:34:10.087,0.94589,0.94613,2.25,4.05
2012.04.09 10:34:19.600,0.94589,0.94613,1.50,4.05
2012.04.09 10:34:20.276,0.94586,0.94612,2.63,1.50
2012.04.09 10:34:20.566,0.94586,0.94612,2.63,1.50
2012.04.09 10:34:20.982,0.94586,0.94612,2.63,1.50
2012.04.09 10:34:23.855,0.94586,0.94612,2.63,1.50
2012.04.09 10:34:23.985,0.94588,0.94613,1.50,2.55
2012.04.09 10:34:27.747,0.94587,0.94611,2.25,1.50
2012.04.09 10:34:28.888,0.94588,0.94613,1.50,2.55
2012.04.09 10:34:33.968,0.94588,0.94611,1.50,1.50
2012.04.09 10:34:34.576,0.94587,0.94611,2.25,1.50
2012.04.09 10:34:35.338,0.94588,0.94613,1.50,3.68
2012.04.09 10:34:37.277,0.9459,0.94613,1.50,2.18
2012.04.09 10:34:38.217,0.9459,0.94616,1.50,1.88
2012.04.09 10:34:38.288,0.94592,0.94618,1.50,3.38
2012.04.09 10:34:38.875,0.9459,0.94616,1.50,1.88
2012.04.09 10:34:39.289,0.9459,0.94616,2.25,1.88
2012.04.09 10:34:39.648,0.94589,0.94613,2.25,1.50
2012.04.09 10:34:39.719,0.94589,0.94613,1.50,1.50
2012.04.09 10:34:42.179,0.94589,0.94613,2.25,1.50
2012.04.09 10:34:42.518,0.94589,0.94613,1.50,1.50
2012.04.09 10:34:46.450,0.94587,0.94611,1.88,1.50
2012.04.09 10:34:52.009,0.94588,0.94613,1.88,2.18
2012.04.09 10:34:54.415,0.94588,0.94614,1.50,1.50
2012.04.09 10:34:54.552,0.94587,0.94612,1.13,1.50
2012.04.09 10:34:54.754,0.94588,0.94614,1.50,1.50
2012.04.09 10:35:00.333,0.94587,0.94612,1.13,1.50
2012.04.09 10:35:02.296,0.94588,0.94614,1.50,3.00
2012.04.09 10:35:02.886,0.94587,0.94611,2.63,1.50
2012.04.09 10:35:04.404,0.94588,0.94614,1.50,1.50
2012.04.09 10:35:06.220,0.94588,0.94613,1.50,1.50
2012.04.09 10:35:06.291,0.94587,0.94611,2.63,1.50
2012.04.09 10:35:11.125,0.94588,0.94613,1.50,1.50
2012.04.09 10:35:11.656,0.94588,0.94614,1.50,1.50
2012.04.09 10:35:11.949,0.94587,0.94611,4.13,1.50
2012.04.09 10:35:15.601,0.94589,0.94613,1.50,1.50
2012.04.09 10:35:16.042,0.9459,0.94615,1.50,1.88
2012.04.09 10:35:16.459,0.94588,0.94614,1.50,1.50
2012.04.09 10:35:18.604,0.94587,0.94612,1.13,1.50
2012.04.09 10:35:23.594,0.94589,0.94613,1.50,3.00
2012.04.09 10:35:25.017,0.94587,0.94612,1.13,1.50
2012.04.09 10:35:27.185,0.94588,0.94614,1.50,1.50
2012.04.09 10:35:29.905,0.9459,0.94616,1.50,1.88
2012.04.09 10:35:34.928,0.9459,0.94616,2.25,1.88
2012.04.09 10:35:34.994,0.9459,0.94616,2.25,1.88
2012.04.09 10:35:35.070,0.94589,0.94613,1.50,3.68
2012.04.09 10:35:35.317,0.9459,0.94615,1.50,1.50
2012.04.09 10:35:35.591,0.9459,0.94616,2.25,1.88
2012.04.09 10:35:35.662,0.9459,0.94616,1.50,1.88
2012.04.09 10:35:36.000,0.94588,0.94614,3.75,1.50
2012.04.09 10:35:38.209,0.94588,0.94613,2.25,1.50
2012.04.09 10:35:39.035,0.94587,0.94611,2.25,1.50
2012.04.09 10:35:39.407,0.94588,0.94615,2.25,1.50
2012.04.09 10:35:39.735,0.94588,0.94612,2.25,1.50
2012.04.09 10:35:40.756,0.94592,0.94613,2.25,2.55
2012.04.09 10:35:40.969,0.94587,0.94613,2.25,1.88
2012.04.09 10:35:41.918,0.94587,0.94613,2.63,1.50
2012.04.09 10:35:42.676,0.9459,0.94613,1.13,1.50
2012.04.09 10:35:48.279,0.9459,0.94615,1.13,3.00
2012.04.09 10:35:48.489,0.9459,0.94613,1.13,1.50
2012.04.09 10:35:53.671,0.9459,0.94615,1.13,1.50
2012.04.09 10:35:54.135,0.9459,0.94612,1.13,1.50
2012.04.09 10:35:59.048,0.9459,0.94614,1.13,1.50
2012.04.09 10:35:59.239,0.9459,0.94612,1.13,1.50
2012.04.09 10:36:05.018,0.94588,0.94612,1.88,1.50
2012.04.09 10:36:05.728,0.94587,0.94611,1.13,1.50
2012.04.09 10:36:08.449,0.94587,0.94611,1.13,1.50
2012.04.09 10:36:09.001,0.94589,0.94611,1.13,1.50
2012.04.09 10:36:09.269,0.94586,0.94611,1.13,1.50
2012.04.09 10:36:09.397,0.94586,0.94608,1.13,1.50
2012.04.09 10:36:09.959,0.94586,0.94608,1.13,1.50
2012.04.09 10:36:12.730,0.94596,0.94608,1.13,1.50
2012.04.09 10:36:13.199,0.94601,0.94622,1.50,2.18
2012.04.09 10:36:13.445,0.94596,0.94622,2.63,3.68
2012.04.09 10:36:13.665,0.94599,0.94622,1.50,2.18
2012.04.09 10:36:14.368,0.94598,0.94622,1.50,3.68
2012.04.09 10:36:19.006,0.94599,0.94622,1.50,2.18
2012.04.09 10:36:20.759,0.94597,0.94622,1.88,2.18
2012.04.09 10:36:21.396,0.94598,0.94622,1.50,2.18
2012.04.09 10:36:22.878,0.94599,0.94622,1.50,2.18
2012.04.09 10:36:27.896,0.94596,0.94622,2.63,3.68
2012.04.09 10:36:28.195,0.94595,0.94617,1.88,1.50
2012.04.09 10:36:28.550,0.94597,0.94622,1.88,2.18
2012.04.09 10:36:28.836,0.94596,0.9462,1.88,1.50
2012.04.09 10:36:29.200,0.94597,0.94622,1.88,2.18
2012.04.09 10:36:29.718,0.94596,0.94621,1.13,1.50
2012.04.09 10:36:30.685,0.94598,0.94622,1.50,3.68
2012.04.09 10:36:32.917,0.94602,0.94622,1.50,2.18
2012.04.09 10:36:33.047,0.946,0.94622,3.00,2.18
2012.04.09 10:36:33.610,0.94598,0.94622,1.50,3.68
2012.04.09 10:36:34.205,0.946,0.94622,1.50,2.18
2012.04.09 10:36:36.208,0.94599,0.94622,1.50,2.18
2012.04.09 10:36:36.279,0.94597,0.94622,1.50,2.18
2012.04.09 10:36:36.656,0.946,0.94622,1.50,2.18
2012.04.09 10:36:38.522,0.94598,0.94622,1.50,2.18
2012.04.09 10:36:38.889,0.94596,0.94621,1.88,1.50
2012.04.09 10:36:38.963,0.94598,0.94622,1.50,3.68
2012.04.09 10:36:39.276,0.946,0.94622,1.50,2.18
2012.04.09 10:36:39.345,0.94598,0.94622,1.50,3.68
2012.04.09 10:36:39.578,0.94601,0.94622,1.50,2.18
2012.04.09 10:36:39.828,0.94599,0.94622,1.50,2.18
2012.04.09 10:36:39.895,0.94597,0.94622,1.50,2.18
2012.04.09 10:36:43.876,0.94596,0.94621,1.13,1.50
2012.04.09 10:36:45.059,0.94598,0.94622,1.50,3.68
2012.04.09 10:36:48.192,0.94598,0.94622,1.88,3.68
2012.04.09 10:36:48.586,0.946,0.94624,1.88,1.50
2012.04.09 10:36:49.115,0.94598,0.94623,4.05,1.50
2012.04.09 10:36:49.654,0.94598,0.94623,2.55,1.50
2012.04.09 10:36:50.909,0.94599,0.94625,1.88,3.00
2012.04.09 10:36:51.175,0.94599,0.94625,2.25,1.50
2012.04.09 10:36:51.257,0.94608,0.94633,2.55,1.50
2012.04.09 10:36:51.328,0.94609,0.94635,1.88,3.00
2012.04.09 10:36:51.538,0.94608,0.94632,1.88,1.50
2012.04.09 10:36:51.888,0.94613,0.94638,1.50,1.88
2012.04.09 10:36:52.557,0.94614,0.94638,1.50,1.88
2012.04.09 10:36:52.626,0.94616,0.94639,1.50,1.13
2012.04.09 10:36:52.799,0.94613,0.9464,1.50,1.88
2012.04.09 10:36:53.280,0.94611,0.94638,1.88,1.50
2012.04.09 10:36:54.698,0.94614,0.94638,1.50,1.50
2012.04.09 10:36:55.288,0.94614,0.94639,1.50,1.88
2012.04.09 10:36:56.384,0.94614,0.94639,1.50,1.88
2012.04.09 10:36:56.576,0.94612,0.94638,1.50,1.88
2012.04.09 10:37:01.547,0.9461,0.94636,3.38,1.50
2012.04.09 10:37:01.854,0.9461,0.94632,1.88,2.18
2012.04.09 10:37:02.416,0.94605,0.94631,2.25,1.50
2012.04.09 10:37:03.634,0.94605,0.94631,1.88,1.50
2012.04.09 10:37:09.006,0.94604,0.94628,1.88,1.50
2012.04.09 10:37:09.236,0.94604,0.94631,1.88,1.50
2012.04.09 10:37:10.644,0.94606,0.94632,1.88,3.68
2012.04.09 10:37:12.533,0.94605,0.94629,3.38,1.50
2012.04.09 10:37:12.606,0.94606,0.94632,1.50,3.68
2012.04.09 10:37:12.866,0.94605,0.94629,1.88,1.50
2012.04.09 10:37:12.936,0.94606,0.94632,1.50,3.68
2012.04.09 10:37:13.648,0.94606,0.94632,1.88,3.68
2012.04.09 10:37:13.777,0.94609,0.94632,1.50,2.18
2012.04.09 10:37:14.394,0.94606,0.94632,1.88,3.68
2012.04.09 10:37:14.606,0.94605,0.9463,1.88,1.50
2012.04.09 10:37:15.157,0.94606,0.94631,1.50,1.88
2012.04.09 10:37:15.870,0.94607,0.94632,1.50,2.55
2012.04.09 10:37:18.077,0.94606,0.94631,1.50,1.88
2012.04.09 10:37:20.657,0.94607,0.94632,1.50,2.55
2012.04.09 10:37:23.785,0.94606,0.9463,1.50,1.50
2012.04.09 10:37:24.538,0.94608,0.94632,1.50,5.55
2012.04.09 10:37:25.126,0.94606,0.94631,1.50,1.88
2012.04.09 10:37:25.197,0.94604,0.9463,1.50,1.35
2012.04.09 10:37:25.560,0.94598,0.94623,1.88,2.18
2012.04.09 10:37:26.106,0.946,0.94623,1.50,2.18
2012.04.09 10:37:26.377,0.94597,0.94622,1.88,1.50
2012.04.09 10:37:27.295,0.94598,0.94623,1.88,2.18
2012.04.09 10:37:29.035,0.94599,0.94623,1.50,2.18
2012.04.09 10:37:29.375,0.94603,0.94623,1.50,2.18
2012.04.09 10:37:29.444,0.946,0.94623,3.00,2.18
2012.04.09 10:37:53.205,0.94603,0.94623,1.50,2.18
2012.04.09 10:37:53.978,0.94601,0.94623,1.50,2.18
2012.04.09 10:38:15.556,0.94598,0.94623,1.50,2.18
2012.04.09 10:38:15.626,0.94594,0.94619,1.88,1.50
2012.04.09 10:38:15.986,0.94592,0.94616,2.25,1.50
2012.04.09 10:38:16.202,0.94592,0.94616,1.88,1.50
2012.04.09 10:38:16.270,0.94593,0.94619,1.88,3.00
2012.04.09 10:38:16.337,0.94592,0.94614,1.88,1.50
2012.04.09 10:38:16.595,0.94595,0.94616,1.88,1.50
2012.04.09 10:38:16.827,0.94595,0.9462,1.88,1.50
2012.04.09 10:38:16.948,0.94592,0.94618,3.38,1.50
2012.04.09 10:38:17.438,0.94591,0.94617,1.88,1.50
2012.04.09 10:38:18.245,0.94592,0.94619,1.88,1.50
2012.04.09 10:38:26.616,0.94592,0.94616,1.88,1.50
2012.04.09 10:38:28.796,0.94593,0.94618,1.88,1.50
2012.04.09 10:38:31.021,0.94593,0.94618,1.50,1.88
2012.04.09 10:38:31.090,0.94593,0.94613,1.50,2.18
2012.04.09 10:38:31.327,0.9459,0.94613,3.00,2.18
2012.04.09 10:38:31.627,0.94588,0.94613,1.88,2.18
2012.04.09 10:38:33.297,0.94586,0.94612,1.88,1.50
2012.04.09 10:38:34.006,0.94588,0.94613,1.88,2.18
2012.04.09 10:38:40.155,0.94586,0.94612,1.88,1.50
2012.04.09 10:38:42.327,0.94589,0.94613,1.50,3.68
2012.04.09 10:38:44.708,0.9459,0.94613,1.50,2.18
2012.04.09 10:38:53.785,0.94589,0.94613,1.50,3.68
2012.04.09 10:38:58.296,0.94587,0.94611,1.88,1.50
2012.04.09 10:39:05.916,0.94587,0.94611,1.88,3.00
2012.04.09 10:39:06.256,0.94585,0.94609,1.88,1.50
2012.04.09 10:39:07.016,0.94587,0.94612,1.13,1.50
2012.04.09 10:39:20.759,0.94587,0.94609,1.13,1.50
2012.04.09 10:39:22.756,0.94586,0.94612,2.63,1.50
2012.04.09 10:39:22.947,0.94594,0.94613,1.50,2.18
2012.04.09 10:39:23.107,0.94594,0.94619,1.50,1.88
2012.04.09 10:39:23.179,0.9459,0.94616,2.25,1.88
2012.04.09 10:39:23.439,0.94592,0.94613,1.50,2.18
2012.04.09 10:39:23.687,0.9459,0.94613,1.50,2.18
2012.04.09 10:39:25.488,0.94592,0.94613,1.13,2.18
2012.04.09 10:39:25.557,0.94592,0.94616,1.13,1.50
2012.04.09 10:39:26.131,0.94592,0.94617,2.63,1.50
2012.04.09 10:39:26.948,0.94592,0.94617,3.00,1.50
2012.04.09 10:39:27.735,0.94598,0.94624,1.50,1.50
2012.04.09 10:39:28.097,0.94598,0.94622,1.50,2.18
2012.04.09 10:39:28.871,0.94597,0.94621,1.88,1.50
2012.04.09 10:39:29.746,0.94598,0.94621,1.50,1.50
2012.04.09 10:39:30.117,0.94599,0.94622,1.88,2.18
2012.04.09 10:39:30.373,0.94599,0.94625,1.88,1.50
2012.04.09 10:39:33.137,0.94607,0.94632,1.50,2.55
2012.04.09 10:39:33.406,0.94603,0.94628,1.50,1.50
2012.04.09 10:39:35.389,0.94602,0.94626,1.88,1.50
2012.04.09 10:39:35.697,0.94598,0.94624,1.88,1.50
2012.04.09 10:39:35.765,0.94602,0.94626,1.88,1.50
2012.04.09 10:39:35.849,0.94602,0.94629,1.88,2.63
2012.04.09 10:39:35.914,0.94602,0.94622,1.88,2.18
2012.04.09 10:39:36.465,0.94597,0.94622,1.88,2.18
2012.04.09 10:39:54.087,0.946,0.94622,1.50,2.18
2012.04.09 10:39:54.858,0.94598,0.94622,1.50,2.18
2012.04.09 10:39:55.434,0.94597,0.94622,1.88,2.18
2012.04.09 10:40:02.765,0.94596,0.9462,1.88,1.50
2012.04.09 10:40:03.663,0.94594,0.94618,1.88,1.50
2012.04.09 10:40:05.797,0.94596,0.9462,1.88,1.50
2012.04.09 10:40:06.211,0.94597,0.94622,1.88,2.18
2012.04.09 10:40:06.453,0.94593,0.9462,2.25,1.50
2012.04.09 10:40:21.638,0.94593,0.9462,1.88,1.50
2012.04.09 10:40:21.829,0.94598,0.94622,1.50,1.50
2012.04.09 10:40:22.499,0.94598,0.94623,1.50,3.30
2012.04.09 10:40:30.641,0.94596,0.94622,3.00,1.50
2012.04.09 10:40:37.837,0.94597,0.94622,1.50,1.50
2012.04.09 10:40:38.405,0.94598,0.94623,1.50,3.30
2012.04.09 10:40:38.846,0.94594,0.94619,2.25,1.50
2012.04.09 10:40:39.458,0.94596,0.9462,1.88,1.50
2012.04.09 10:40:39.528,0.94598,0.94622,1.88,1.50
2012.04.09 10:40:41.798,0.94596,0.9462,1.88,1.50
2012.04.09 10:40:43.731,0.94597,0.94623,1.88,3.68
2012.04.09 10:40:47.674,0.94597,0.94623,1.50,4.05
2012.04.09 10:40:48.370,0.94596,0.9462,1.50,1.50
2012.04.09 10:40:49.928,0.94598,0.94622,1.50,1.50
2012.04.09 10:40:59.235,0.94595,0.94621,1.50,1.50
2012.04.09 10:41:00.262,0.94598,0.94622,1.50,1.88
2012.04.09 10:41:00.599,0.94595,0.94617,1.50,1.88
2012.04.09 10:41:00.674,0.94591,0.94613,1.50,2.18
2012.04.09 10:41:00.797,0.9459,0.94613,1.50,2.93
2012.04.09 10:41:00.928,0.94586,0.94612,2.25,2.25
2012.04.09 10:41:01.360,0.94589,0.94612,1.50,2.25
2012.04.09 10:41:01.425,0.94586,0.9461,1.50,1.88
2012.04.09 10:41:01.879,0.94588,0.94612,1.50,2.25
2012.04.09 10:41:02.277,0.94586,0.94612,1.50,2.25
2012.04.09 10:41:05.438,0.94586,0.94612,1.50,1.88
2012.04.09 10:41:11.991,0.94588,0.94613,1.50,4.43
2012.04.09 10:41:12.529,0.94588,0.94613,1.50,2.55
2012.04.09 10:41:12.725,0.94586,0.94612,1.50,1.88
2012.04.09 10:41:13.785,0.94588,0.94613,1.50,2.55
2012.04.09 10:41:17.523,0.94587,0.94611,1.50,1.88
2012.04.09 10:41:18.018,0.94589,0.94613,1.50,4.05
2012.04.09 10:41:27.685,0.94587,0.94611,1.50,1.88
2012.04.09 10:41:28.053,0.94589,0.94613,1.50,2.55
2012.04.09 10:41:28.179,0.94587,0.94613,1.50,4.05
2012.04.09 10:41:32.027,0.94589,0.94613,1.50,2.55
2012.04.09 10:41:32.548,0.94591,0.94613,1.50,2.55
2012.04.09 10:41:33.187,0.94589,0.94613,1.50,2.55
2012.04.09 10:41:33.676,0.94592,0.94613,1.50,2.55
2012.04.09 10:41:33.746,0.94592,0.94613,1.50,2.18
2012.04.09 10:41:33.877,0.94589,0.94613,1.50,2.18
2012.04.09 10:41:36.610,0.94592,0.94613,1.50,2.18
2012.04.09 10:41:46.088,0.94589,0.94613,1.50,2.18
2012.04.09 10:41:46.659,0.94585,0.94611,1.50,1.50
2012.04.09 10:41:50.659,0.94585,0.94611,1.50,1.88
2012.04.09 10:42:08.407,0.94584,0.94608,1.50,1.50
2012.04.09 10:42:08.758,0.94586,0.9461,1.50,1.88
2012.04.09 10:42:10.498,0.94583,0.94606,1.50,1.50
2012.04.09 10:42:11.006,0.94581,0.94606,1.88,1.50
2012.04.09 10:42:11.135,0.94583,0.94608,1.50,1.50
2012.04.09 10:42:11.457,0.94583,0.94608,1.88,1.50
2012.04.09 10:42:11.586,0.94586,0.94612,1.50,1.50
2012.04.09 10:42:11.768,0.94588,0.94613,1.50,3.68
2012.04.09 10:42:19.785,0.94587,0.94611,1.50,1.50
2012.04.09 10:42:20.755,0.94585,0.94609,1.88,1.50
2012.04.09 10:42:24.198,0.94585,0.94609,1.50,2.63
2012.04.09 10:42:24.327,0.94582,0.94609,1.50,2.63
2012.04.09 10:42:24.659,0.94584,0.94609,1.50,1.13
2012.04.09 10:42:29.747,0.94587,0.94609,1.50,1.13
2012.04.09 10:42:30.876,0.94584,0.94609,3.00,1.13
2012.04.09 10:42:34.787,0.9458,0.94607,1.88,1.50
2012.04.09 10:42:35.132,0.9458,0.94604,1.88,1.50
2012.04.09 10:42:35.198,0.94581,0.94608,1.88,2.25
2012.04.09 10:42:37.157,0.9458,0.94606,1.88,1.50
2012.04.09 10:42:43.346,0.94581,0.94608,1.88,2.25
2012.04.09 10:42:47.707,0.9458,0.94605,1.88,1.50
2012.04.09 10:42:51.135,0.94581,0.94607,1.88,1.50
2012.04.09 10:42:59.887,0.94582,0.94609,1.50,2.25
2012.04.09 10:43:00.516,0.94581,0.94606,1.88,1.50
2012.04.09 10:43:09.689,0.94582,0.94608,1.50,2.25
2012.04.09 10:43:10.821,0.94582,0.94609,1.50,1.50
2012.04.09 10:43:14.854,0.9458,0.94607,3.38,1.50
2012.04.09 10:43:16.226,0.94582,0.94609,1.50,1.50
2012.04.09 10:43:18.295,0.94582,0.94609,1.50,2.25
2012.04.09 10:43:19.311,0.94581,0.94607,1.88,1.50
2012.04.09 10:43:23.635,0.94583,0.94609,1.50,2.25
2012.04.09 10:43:24.321,0.94582,0.94607,1.50,1.50
2012.04.09 10:43:26.049,0.94583,0.9461,1.50,1.88
2012.04.09 10:43:29.784,0.94581,0.94608,1.88,1.50
2012.04.09 10:43:31.380,0.9458,0.94606,1.88,1.50
2012.04.09 10:43:31.906,0.9458,0.94605,1.88,1.50
2012.04.09 10:43:31.975,0.94582,0.94607,1.50,1.50
2012.04.09 10:43:39.621,0.94581,0.94605,1.88,1.50
2012.04.09 10:43:40.103,0.94583,0.94607,1.50,1.50
2012.04.09 10:43:40.287,0.9458,0.94607,1.88,1.50
2012.04.09 10:43:42.155,0.94582,0.94609,1.50,1.50
2012.04.09 10:43:43.520,0.94582,0.94606,1.50,1.50
2012.04.09 10:43:47.716,0.94584,0.94608,1.50,3.00
2012.04.09 10:43:52.816,0.94582,0.94607,1.50,1.50
2012.04.09 10:43:53.677,0.94583,0.94609,1.50,1.50
2012.04.09 10:43:54.049,0.94582,0.94607,3.00,1.50
2012.04.09 10:43:59.726,0.94583,0.94609,1.50,1.50
2012.04.09 10:44:05.174,0.94582,0.94606,3.00,1.50
2012.04.09 10:44:05.567,0.94584,0.94608,1.50,1.50
2012.04.09 10:44:08.806,0.94581,0.94608,1.88,1.50
2012.04.09 10:44:09.315,0.94583,0.94609,1.50,1.50
2012.04.09 10:44:17.689,0.94585,0.9461,1.50,3.38
2012.04.09 10:44:18.666,0.94584,0.94608,1.50,1.50
2012.04.09 10:44:24.315,0.94584,0.94611,1.50,1.88
2012.04.09 10:44:28.675,0.94584,0.94608,1.50,1.50
2012.04.09 10:44:29.100,0.94584,0.94611,1.50,1.88
2012.04.09 10:44:34.532,0.94584,0.94611,1.88,1.50
2012.04.09 10:44:34.840,0.9459,0.94616,1.50,1.88
2012.04.09 10:44:35.456,0.94589,0.94613,1.50,1.50
2012.04.09 10:44:35.896,0.94591,0.94617,1.50,1.88
2012.04.09 10:44:36.206,0.94589,0.94615,1.50,1.88
2012.04.09 10:44:37.699,0.94588,0.94613,1.50,1.50
2012.04.09 10:44:38.228,0.94587,0.94613,1.50,1.50
2012.04.09 10:44:38.359,0.94586,0.9461,1.88,1.50
2012.04.09 10:44:39.051,0.94586,0.9461,1.88,1.50
2012.04.09 10:44:45.258,0.94587,0.94613,1.88,1.50
2012.04.09 10:44:49.716,0.94589,0.94615,1.50,3.38
2012.04.09 10:44:53.737,0.94589,0.94614,1.50,1.50
2012.04.09 10:44:53.805,0.94587,0.94613,1.88,1.50
2012.04.09 10:44:59.743,0.9459,0.94614,1.50,3.00
2012.04.09 10:45:00.009,0.94591,0.94617,1.50,3.38
2012.04.09 10:45:00.416,0.94589,0.94615,1.50,1.50
2012.04.09 10:45:00.879,0.94587,0.94613,3.38,1.50
2012.04.09 10:45:01.226,0.9459,0.94614,1.50,1.50
2012.04.09 10:45:02.709,0.94591,0.94617,1.50,2.63
2012.04.09 10:45:02.875,0.94591,0.94617,1.50,1.88
2012.04.09 10:45:03.199,0.94591,0.94617,1.50,2.63
2012.04.09 10:45:03.510,0.94586,0.94609,1.50,1.13
2012.04.09 10:45:03.981,0.94581,0.94608,1.50,2.25
2012.04.09 10:45:04.143,0.9458,0.94606,3.38,1.50
2012.04.09 10:45:04.508,0.94576,0.94602,1.88,1.50
2012.04.09 10:45:07.481,0.94574,0.946,3.75,1.50
2012.04.09 10:45:09.621,0.94576,0.94601,1.88,1.50
2012.04.09 10:45:10.428,0.94576,0.94602,1.88,1.50
2012.04.09 10:45:18.897,0.94579,0.94603,1.88,1.50
2012.04.09 10:45:19.366,0.94581,0.94606,1.50,1.50
2012.04.09 10:45:20.675,0.9458,0.94604,1.88,1.50
2012.04.09 10:45:20.839,0.94581,0.94607,1.50,1.50
2012.04.09 10:45:27.196,0.94578,0.94604,1.88,1.50
2012.04.09 10:45:27.645,0.9458,0.94606,1.88,1.50
2012.04.09 10:45:42.845,0.94581,0.94608,1.50,1.50
2012.04.09 10:45:45.697,0.94581,0.94607,1.50,1.50
2012.04.09 10:45:45.767,0.94581,0.94605,1.50,1.50
2012.04.09 10:45:47.667,0.94579,0.94604,1.88,1.50
2012.04.09 10:45:47.837,0.94581,0.94606,1.50,3.00
2012.04.09 10:45:54.648,0.94583,0.94607,1.50,1.50
2012.04.09 10:45:56.672,0.94581,0.94605,1.50,1.50
2012.04.09 10:46:00.686,0.94581,0.94605,1.50,2.25
2012.04.09 10:46:00.818,0.94578,0.94602,1.50,1.88
2012.04.09 10:46:01.130,0.94576,0.94602,1.50,1.88
2012.04.09 10:46:01.807,0.94571,0.94598,2.63,1.50
2012.04.09 10:46:05.876,0.94571,0.94598,3.00,1.50
2012.04.09 10:46:06.343,0.94577,0.94601,1.50,1.50
2012.04.09 10:46:06.816,0.94573,0.94599,1.88,1.50
2012.04.09 10:46:07.147,0.94571,0.94597,2.25,1.50
2012.04.09 10:46:17.606,0.94575,0.94601,1.88,1.50
2012.04.09 10:46:17.676,0.94574,0.94598,1.88,1.50
2012.04.09 10:46:18.156,0.94576,0.946,1.88,1.50
2012.04.09 10:46:25.111,0.94576,0.94598,1.88,1.50
2012.04.09 10:46:25.566,0.9457,0.94595,2.25,1.50
2012.04.09 10:46:25.870,0.94569,0.94593,1.13,1.50
2012.04.09 10:46:46.578,0.94568,0.94593,2.93,1.50
2012.04.09 10:46:53.457,0.9457,0.94594,1.88,1.50
2012.04.09 10:46:58.171,0.9457,0.94594,1.50,1.50
2012.04.09 10:46:58.303,0.9457,0.94592,1.50,2.18
2012.04.09 10:46:58.367,0.94567,0.94592,1.50,2.18
2012.04.09 10:46:58.541,0.94567,0.94589,1.50,1.50
2012.04.09 10:46:59.048,0.94562,0.94588,2.63,1.50
2012.04.09 10:47:02.159,0.94564,0.94589,1.88,1.50
2012.04.09 10:47:03.769,0.94564,0.9459,1.88,1.50
2012.04.09 10:47:04.214,0.94568,0.94592,2.18,1.50
2012.04.09 10:47:04.536,0.9457,0.94594,1.50,1.50
2012.04.09 10:47:04.607,0.9457,0.94596,1.50,1.88
2012.04.09 10:47:05.187,0.94569,0.94593,1.50,1.50
2012.04.09 10:47:07.369,0.94569,0.94593,1.88,1.50
2012.04.09 10:47:09.191,0.94568,0.94591,2.55,1.50
2012.04.09 10:47:14.418,0.94569,0.94593,1.88,1.50
2012.04.09 10:47:14.861,0.94567,0.94592,1.50,4.05
2012.04.09 10:47:15.148,0.94564,0.94591,1.50,1.50
2012.04.09 10:47:15.276,0.94567,0.94592,1.50,4.05
2012.04.09 10:47:17.708,0.94567,0.94592,1.50,4.05
2012.04.09 10:47:17.836,0.94564,0.94591,1.50,1.88
2012.04.09 10:47:18.017,0.94567,0.94592,1.50,4.05
2012.04.09 10:47:32.036,0.94563,0.94589,1.50,1.88
2012.04.09 10:47:32.255,0.94565,0.9459,1.50,1.88
2012.04.09 10:47:37.796,0.94566,0.94592,1.50,2.55
2012.04.09 10:47:41.879,0.94564,0.94588,3.00,1.50
2012.04.09 10:47:43.621,0.94564,0.94591,1.50,1.88
2012.04.09 10:47:44.937,0.94562,0.94588,1.50,1.50
2012.04.09 10:47:45.230,0.94555,0.94579,1.50,1.50
2012.04.09 10:47:46.545,0.94552,0.94577,2.63,1.50
2012.04.09 10:47:47.077,0.94552,0.94579,2.63,1.88
2012.04.09 10:47:47.251,0.94556,0.9458,1.50,3.38
2012.04.09 10:47:47.771,0.94553,0.94579,1.50,1.88
2012.04.09 10:47:52.522,0.94552,0.94578,2.63,1.50
2012.04.09 10:47:53.394,0.94553,0.94579,1.50,1.88
2012.04.09 10:47:54.098,0.94552,0.94577,2.63,1.50
2012.04.09 10:48:01.395,0.94553,0.94579,1.50,1.88
2012.04.09 10:48:02.795,0.94554,0.94581,1.50,1.88
2012.04.09 10:48:03.300,0.94553,0.94578,1.50,1.50
2012.04.09 10:48:23.128,0.94552,0.94576,1.13,1.50
2012.04.09 10:48:24.606,0.94552,0.94573,1.13,1.50
2012.04.09 10:48:40.816,0.94552,0.94573,1.13,1.50
2012.04.09 10:48:40.948,0.94552,0.94575,1.13,1.50
2012.04.09 10:48:41.168,0.94552,0.94573,1.13,1.50
2012.04.09 10:48:44.128,0.94547,0.94573,4.80,1.50
2012.04.09 10:48:44.260,0.94552,0.94577,1.50,1.88
2012.04.09 10:48:46.706,0.94549,0.94575,2.25,1.88
2012.04.09 10:48:50.498,0.94551,0.94577,2.63,1.50
2012.04.09 10:48:51.130,0.94551,0.94578,2.63,1.50
2012.04.09 10:48:56.385,0.94551,0.94576,1.13,1.50
2012.04.09 10:49:00.630,0.94552,0.94577,1.50,1.50
2012.04.09 10:49:11.798,0.94553,0.9458,1.50,1.88
2012.04.09 10:49:12.196,0.94551,0.94578,2.63,1.50
2012.04.09 10:49:16.857,0.94551,0.94578,3.00,1.50
2012.04.09 10:49:46.329,0.94556,0.9458,1.13,1.50
2012.04.09 10:49:46.757,0.94557,0.94583,1.50,3.00
2012.04.09 10:50:21.266,0.94555,0.94581,3.38,1.50
2012.04.09 10:50:36.197,0.94554,0.94579,1.88,1.50
2012.04.09 10:50:36.923,0.94556,0.9458,1.88,1.50
2012.04.09 10:50:40.635,0.94556,0.9458,1.88,1.50
2012.04.09 10:50:51.187,0.94556,0.9458,1.50,1.50
2012.04.09 10:51:00.627,0.94558,0.94582,1.50,1.50
2012.04.09 10:51:08.321,0.94556,0.9458,1.50,1.50
2012.04.09 10:51:09.188,0.94558,0.94582,1.50,1.50
2012.04.09 10:51:09.408,0.94555,0.94581,1.88,1.50
2012.04.09 10:51:11.239,0.94556,0.94581,1.50,1.50
2012.04.09 10:51:11.310,0.94557,0.94583,1.50,1.50
2012.04.09 10:51:13.195,0.94557,0.94583,1.88,1.50
2012.04.09 10:51:13.466,0.94555,0.94581,1.88,1.50
2012.04.09 10:51:14.471,0.94555,0.94579,1.88,1.50
2012.04.09 10:51:15.898,0.94551,0.94578,3.00,1.50
2012.04.09 10:51:29.617,0.94555,0.94582,1.88,1.50
2012.04.09 10:51:35.798,0.94557,0.94583,1.88,3.00
2012.04.09 10:51:35.999,0.94555,0.9458,1.88,1.50
2012.04.09 10:51:38.747,0.94557,0.94581,1.88,1.50
2012.04.09 10:51:50.507,0.94556,0.94581,1.13,1.50
2012.04.09 10:51:51.011,0.94557,0.94582,4.05,1.50
2012.04.09 10:51:54.546,0.94557,0.9458,2.55,1.50
2012.04.09 10:51:54.766,0.94557,0.94582,4.05,1.50
2012.04.09 10:52:03.807,0.94558,0.94584,1.88,1.50
2012.04.09 10:52:04.146,0.94557,0.94582,2.55,1.50
2012.04.09 10:52:05.731,0.94557,0.94581,2.55,1.50
2012.04.09 10:52:10.269,0.94558,0.94583,1.88,1.50
2012.04.09 10:52:11.990,0.94557,0.94582,2.55,1.50
2012.04.09 10:52:14.520,0.94557,0.94582,2.55,1.50
2012.04.09 10:52:28.836,0.94553,0.94579,1.13,1.50
2012.04.09 10:52:34.226,0.94552,0.94579,2.63,1.50
2012.04.09 10:52:34.476,0.9455,0.94577,2.25,1.50
2012.04.09 10:52:35.367,0.94554,0.9458,1.88,1.50
2012.04.09 10:52:36.051,0.94552,0.94579,2.25,1.50
2012.04.09 10:52:37.780,0.94554,0.94581,1.88,1.50
2012.04.09 10:52:37.851,0.94554,0.94579,1.88,1.50
2012.04.09 10:52:42.389,0.94555,0.94581,1.88,3.00
2012.04.09 10:52:42.708,0.94554,0.94579,3.38,1.50
2012.04.09 10:52:44.089,0.94551,0.94578,2.25,1.50
2012.04.09 10:52:46.269,0.94551,0.94578,2.25,1.50
2012.04.09 10:52:46.428,0.94553,0.9458,1.88,3.00
2012.04.09 10:52:46.679,0.94552,0.94576,1.88,1.50
2012.04.09 10:52:47.668,0.94554,0.94578,1.88,3.00
2012.04.09 10:52:49.547,0.94553,0.9458,1.88,1.50
2012.04.09 10:52:50.036,0.94551,0.94578,3.00,1.50
2012.04.09 10:52:53.149,0.94554,0.94578,1.88,1.50
2012.04.09 10:52:53.359,0.94556,0.9458,1.88,3.00
2012.04.09 10:52:54.008,0.94553,0.94579,1.88,1.50
2012.04.09 10:52:54.727,0.94555,0.94581,1.88,1.50
2012.04.09 10:52:55.266,0.94554,0.94578,1.88,1.50
2012.04.09 10:52:56.748,0.94555,0.9458,1.88,1.50
2012.04.09 10:52:57.269,0.94554,0.94578,1.88,1.50
2012.04.09 10:52:58.636,0.94554,0.94578,1.88,1.50
2012.04.09 10:52:58.708,0.94555,0.94581,1.88,1.50
2012.04.09 10:52:58.898,0.94557,0.94578,2.55,1.50
2012.04.09 10:52:58.969,0.94557,0.9458,2.55,3.00
2012.04.09 10:52:59.238,0.94557,0.94578,2.55,1.50
2012.04.09 10:53:01.777,0.94557,0.9458,2.55,1.50
2012.04.09 10:53:02.047,0.94557,0.94578,2.55,1.50
2012.04.09 10:53:02.217,0.94557,0.94581,2.55,1.50
2012.04.09 10:53:02.446,0.94557,0.94579,2.55,1.50
2012.04.09 10:53:02.648,0.94557,0.94581,2.55,1.50
2012.04.09 10:53:05.359,0.94557,0.94582,2.55,1.50
2012.04.09 10:53:05.896,0.94557,0.94581,2.55,1.50
2012.04.09 10:53:09.161,0.94558,0.94583,1.50,1.50
2012.04.09 10:53:09.740,0.94558,0.94584,1.50,1.50
2012.04.09 10:53:10.130,0.94561,0.94585,1.50,3.00
2012.04.09 10:53:10.678,0.94559,0.94583,3.00,1.50
2012.04.09 10:53:10.898,0.9456,0.94586,1.50,3.00
2012.04.09 10:53:13.642,0.94562,0.94587,1.50,1.88
2012.04.09 10:53:14.048,0.94561,0.94585,1.50,1.50
2012.04.09 10:53:18.413,0.94563,0.94587,1.50,1.88
2012.04.09 10:53:18.728,0.94557,0.94581,2.55,1.50
2012.04.09 10:53:19.389,0.94557,0.9458,2.55,1.50
2012.04.09 10:53:25.757,0.94557,0.94582,2.55,3.00
2012.04.09 10:53:25.980,0.94557,0.94579,2.55,1.50
2012.04.09 10:53:26.569,0.94557,0.9458,2.55,1.50
2012.04.09 10:53:26.636,0.94558,0.94582,1.50,1.50
2012.04.09 10:53:26.709,0.94558,0.94582,1.88,1.50
2012.04.09 10:53:26.921,0.94558,0.94584,1.88,1.50
2012.04.09 10:53:35.659,0.94558,0.94583,1.88,1.50
2012.04.09 10:53:35.726,0.94557,0.9458,2.93,1.50
2012.04.09 10:53:38.302,0.94557,0.94583,4.43,3.00
2012.04.09 10:53:42.007,0.94557,0.94583,5.18,1.50
2012.04.09 10:53:42.576,0.9456,0.94584,1.88,1.50
2012.04.09 10:53:45.118,0.94558,0.94582,3.75,1.50
2012.04.09 10:53:57.508,0.94558,0.94582,1.88,1.50
2012.04.09 10:53:59.622,0.94563,0.94584,1.50,1.50
2012.04.09 10:53:59.686,0.94563,0.94587,1.50,1.50
2012.04.09 10:54:00.807,0.9456,0.94586,3.00,1.50
2012.04.09 10:54:09.856,0.94562,0.94588,1.50,1.88
2012.04.09 10:54:10.205,0.94562,0.94588,2.25,1.50
2012.04.09 10:54:10.758,0.94568,0.94588,2.18,1.50
2012.04.09 10:54:10.958,0.94568,0.9459,2.18,1.50
2012.04.09 10:54:11.818,0.94568,0.94592,2.18,1.50
2012.04.09 10:54:11.888,0.94568,0.94594,3.68,1.50
2012.04.09 10:54:12.569,0.94568,0.94595,3.68,1.88
2012.04.09 10:54:12.728,0.94568,0.94592,4.05,1.50
2012.04.09 10:54:13.059,0.94568,0.94589,2.55,1.50
2012.04.09 10:54:13.188,0.94568,0.94591,2.55,1.50
2012.04.09 10:54:13.387,0.94568,0.94594,4.05,1.50
2012.04.09 10:54:14.340,0.94568,0.94594,4.05,1.50
2012.04.09 10:54:14.487,0.94568,0.94591,2.55,1.50
2012.04.09 10:54:15.281,0.94569,0.94593,1.88,1.50
2012.04.09 10:54:29.848,0.94568,0.94594,4.05,1.50
2012.04.09 10:54:30.401,0.9457,0.94596,1.88,1.50
2012.04.09 10:54:30.771,0.94573,0.94597,1.88,1.50
2012.04.09 10:54:31.502,0.9457,0.94596,2.25,1.50
2012.04.09 10:54:33.483,0.94572,0.94598,2.63,1.50
2012.04.09 10:54:33.547,0.94574,0.94601,1.88,1.50
2012.04.09 10:54:33.739,0.94578,0.94603,1.50,1.50
2012.04.09 10:54:33.978,0.94576,0.94602,1.88,1.50
2012.04.09 10:54:37.260,0.94579,0.94603,1.50,1.50
2012.04.09 10:54:37.331,0.94576,0.94601,1.88,1.50
2012.04.09 10:54:38.710,0.94577,0.94603,1.50,2.25
2012.04.09 10:54:39.251,0.94577,0.94604,1.50,1.88
2012.04.09 10:54:59.190,0.94577,0.946,1.50,1.50
2012.04.09 10:54:59.256,0.94574,0.94598,1.88,1.50
2012.04.09 10:54:59.467,0.94575,0.94601,1.50,1.50
2012.04.09 10:54:59.719,0.94573,0.94599,1.88,1.50
2012.04.09 10:55:00.528,0.94575,0.946,1.50,1.50
2012.04.09 10:55:01.472,0.94577,0.94602,1.50,1.50
2012.04.09 10:55:01.598,0.94574,0.94601,1.88,1.50
2012.04.09 10:55:01.819,0.94577,0.94603,1.50,1.50
2012.04.09 10:55:02.160,0.9458,0.94604,1.88,1.50
2012.04.09 10:55:02.469,0.9458,0.94602,1.88,1.50
2012.04.09 10:55:02.540,0.9458,0.94604,1.88,1.50
2012.04.09 10:55:08.249,0.9458,0.94604,1.88,1.50
2012.04.09 10:55:24.138,0.94582,0.94608,1.88,1.50
2012.04.09 10:55:24.477,0.94586,0.94611,1.50,1.88
2012.04.09 10:55:24.817,0.94585,0.94609,1.50,1.50
2012.04.09 10:55:26.199,0.94582,0.94608,1.88,1.50
2012.04.09 10:55:28.005,0.94584,0.9461,1.50,1.50
2012.04.09 10:55:31.626,0.94583,0.94607,1.88,1.50
2012.04.09 10:55:32.692,0.94585,0.94609,1.50,1.50
2012.04.09 10:55:32.929,0.94582,0.94608,1.88,1.50
2012.04.09 10:55:33.249,0.94585,0.94609,1.50,1.50
2012.04.09 10:55:33.320,0.94583,0.94608,3.38,1.50
2012.04.09 10:55:33.634,0.94581,0.94605,3.38,1.50
2012.04.09 10:55:34.620,0.94581,0.94605,1.50,1.50
2012.04.09 10:55:34.764,0.94583,0.94607,1.50,3.00
2012.04.09 10:55:35.400,0.94584,0.94611,1.50,1.88
2012.04.09 10:55:35.938,0.94583,0.94607,1.50,1.50
2012.04.09 10:55:36.249,0.94586,0.94611,1.50,1.88
2012.04.09 10:55:36.379,0.94582,0.94608,1.50,1.88
2012.04.09 10:55:36.567,0.94584,0.94609,1.50,1.88
2012.04.09 10:55:36.937,0.94587,0.94611,1.50,1.88
2012.04.09 10:55:37.349,0.94585,0.9461,1.50,1.88
2012.04.09 10:55:40.339,0.94585,0.9461,1.50,1.88
2012.04.09 10:55:40.676,0.94582,0.94608,3.00,1.50
2012.04.09 10:55:40.746,0.94584,0.94611,1.50,1.88
2012.04.09 10:55:45.276,0.94584,0.94611,1.50,2.25
2012.04.09 10:55:45.573,0.94578,0.94604,1.50,1.88
2012.04.09 10:55:53.747,0.9458,0.94606,1.50,3.38
2012.04.09 10:55:54.137,0.94578,0.94604,1.50,1.88
2012.04.09 10:56:13.196,0.94578,0.94604,1.50,1.88
2012.04.09 10:56:13.886,0.94577,0.94602,2.18,1.88
2012.04.09 10:56:14.397,0.94578,0.94604,1.50,1.88
2012.04.09 10:56:14.769,0.94577,0.94599,2.18,1.50
2012.04.09 10:56:14.898,0.94577,0.94601,3.68,1.88
2012.04.09 10:56:14.969,0.94579,0.94602,1.50,1.88
2012.04.09 10:56:15.718,0.94579,0.94603,1.50,1.50
2012.04.09 10:56:15.939,0.94579,0.94601,1.50,1.50
2012.04.09 10:56:16.067,0.94577,0.946,2.18,1.50
2012.04.09 10:56:16.609,0.94578,0.94599,2.18,1.50
2012.04.09 10:56:16.741,0.94583,0.94602,1.50,1.50
2012.04.09 10:56:16.808,0.94583,0.94607,1.50,1.50
2012.04.09 10:56:16.879,0.94584,0.94609,1.50,1.88
2012.04.09 10:56:17.069,0.94582,0.94607,1.88,1.50
2012.04.09 10:56:17.388,0.94585,0.9461,1.50,1.88
2012.04.09 10:56:27.185,0.94583,0.94608,1.50,1.50
2012.04.09 10:56:27.689,0.94581,0.94608,1.88,1.50
2012.04.09 10:56:27.938,0.94579,0.94606,1.88,1.50
2012.04.09 10:56:28.478,0.94578,0.94603,1.88,1.50
2012.04.09 10:56:29.097,0.9458,0.94604,1.88,1.50
2012.04.09 10:56:33.818,0.9458,0.94604,1.50,1.50
2012.04.09 10:56:33.893,0.94577,0.94604,1.88,1.50
2012.04.09 10:56:34.610,0.9458,0.94605,1.50,1.88
2012.04.09 10:56:36.876,0.94581,0.94607,1.50,1.88
2012.04.09 10:56:37.750,0.94579,0.94606,1.50,1.88
2012.04.09 10:56:38.516,0.94582,0.94606,1.50,1.88
2012.04.09 10:56:41.279,0.94582,0.94606,1.50,1.88
2012.04.09 10:56:44.766,0.94579,0.94606,1.50,1.88
2012.04.09 10:56:48.628,0.9458,0.94606,1.50,1.88
2012.04.09 10:56:49.016,0.94582,0.94608,1.50,1.88
2012.04.09 10:56:49.439,0.94584,0.94608,1.50,1.88
2012.04.09 10:56:49.726,0.94582,0.94606,1.50,1.88
2012.04.09 10:56:52.238,0.94584,0.94608,1.50,1.88
2012.04.09 10:56:53.453,0.94584,0.94608,3.00,1.50
2012.04.09 10:56:54.042,0.94583,0.94609,1.50,1.88
2012.04.09 10:56:54.378,0.94586,0.94612,1.50,1.88
2012.04.09 10:56:55.508,0.94584,0.9461,1.50,1.88
2012.04.09 10:56:55.581,0.94582,0.94608,1.88,1.50
2012.04.09 10:56:56.570,0.94584,0.9461,1.50,1.88
2012.04.09 10:56:59.419,0.94586,0.94612,1.50,1.88
2012.04.09 10:56:59.973,0.94585,0.94609,1.50,1.50
2012.04.09 10:57:00.497,0.94586,0.94612,1.50,1.88
2012.04.09 10:57:02.059,0.94585,0.94609,1.50,1.50
2012.04.09 10:57:06.005,0.94583,0.94607,1.50,1.50
2012.04.09 10:57:09.158,0.94583,0.94607,1.50,1.88
2012.04.09 10:57:09.350,0.9458,0.94606,1.50,1.88
2012.04.09 10:57:09.480,0.9458,0.94603,1.50,2.18
2012.04.09 10:57:09.547,0.94578,0.94603,1.88,2.18
2012.04.09 10:57:09.617,0.94578,0.94601,1.88,1.50
2012.04.09 10:57:12.339,0.94578,0.94603,1.88,2.93
2012.04.09 10:57:12.504,0.94577,0.94601,3.38,1.50
2012.04.09 10:57:21.368,0.94579,0.94603,1.50,3.68
2012.04.09 10:57:21.893,0.94579,0.94603,1.50,4.05
2012.04.09 10:57:23.410,0.94579,0.94603,1.50,4.05
2012.04.09 10:57:23.659,0.94577,0.94601,1.50,1.88
2012.04.09 10:57:24.306,0.94579,0.94603,1.50,4.05
2012.04.09 10:57:27.289,0.94579,0.94603,1.50,4.05
2012.04.09 10:57:27.709,0.9458,0.94606,1.88,1.50
2012.04.09 10:57:27.777,0.94583,0.94607,1.50,1.50
2012.04.09 10:57:28.284,0.94584,0.9461,1.50,1.88
2012.04.09 10:57:28.937,0.94583,0.94607,1.50,1.50
2012.04.09 10:57:38.648,0.94584,0.9461,1.50,3.38
2012.04.09 10:57:40.019,0.94583,0.94607,1.50,1.50
2012.04.09 10:57:42.708,0.94584,0.94609,1.50,1.88
2012.04.09 10:57:53.992,0.94584,0.94608,1.50,1.50
2012.04.09 10:57:54.061,0.94582,0.94608,3.00,2.25
2012.04.09 10:57:54.370,0.94581,0.94599,1.50,1.50
2012.04.09 10:57:54.622,0.94578,0.94604,1.50,1.88
2012.04.09 10:57:55.000,0.94576,0.94602,1.50,1.50
2012.04.09 10:57:55.487,0.94579,0.94603,1.50,3.38
2012.04.09 10:57:55.700,0.94576,0.94602,1.50,1.88
2012.04.09 10:57:56.179,0.94575,0.94599,1.50,1.88
2012.04.09 10:57:58.990,0.94575,0.94599,1.50,1.88
2012.04.09 10:58:05.167,0.94572,0.94598,3.00,1.88
2012.04.09 10:58:05.756,0.94575,0.94599,1.50,2.63
2012.04.09 10:58:07.922,0.94575,0.94599,1.50,1.88
2012.04.09 10:58:08.658,0.94569,0.94594,1.88,1.50
2012.04.09 10:58:09.197,0.9457,0.94597,1.50,1.88
2012.04.09 10:58:10.032,0.94569,0.94594,1.88,1.50
2012.04.09 10:58:10.569,0.94574,0.94598,1.50,2.63
2012.04.09 10:58:10.935,0.94572,0.94597,1.50,1.50
2012.04.09 10:58:11.480,0.94571,0.94597,1.50,1.50
2012.04.09 10:58:16.952,0.94571,0.94597,1.50,1.88
2012.04.09 10:58:17.138,0.94569,0.94595,1.50,1.88
2012.04.09 10:58:17.209,0.94571,0.94597,1.50,1.88
2012.04.09 10:58:17.841,0.94567,0.94593,3.38,1.50
2012.04.09 10:58:24.031,0.9457,0.94594,1.50,1.88
2012.04.09 10:58:29.301,0.9457,0.94594,1.50,1.50
2012.04.09 10:58:29.613,0.94568,0.94592,3.68,1.50
2012.04.09 10:58:29.928,0.9457,0.94596,1.50,1.88
2012.04.09 10:58:32.010,0.9457,0.94597,1.50,1.88
2012.04.09 10:58:32.368,0.94572,0.94598,1.50,1.88
2012.04.09 10:58:32.780,0.9457,0.94597,1.50,1.88
2012.04.09 10:58:32.908,0.94568,0.94595,4.05,3.00
2012.04.09 10:58:33.573,0.94569,0.94594,1.88,1.50
2012.04.09 10:58:36.348,0.94571,0.94594,1.50,1.50
2012.04.09 10:58:36.418,0.94572,0.94598,1.50,1.88
2012.04.09 10:58:37.076,0.94575,0.94599,1.50,1.88
2012.04.09 10:58:40.841,0.94575,0.94599,1.50,1.50
2012.04.09 10:58:41.035,0.94579,0.94602,1.50,1.88
2012.04.09 10:58:41.280,0.94576,0.94601,1.50,1.50
2012.04.09 10:58:41.353,0.94574,0.94601,1.50,1.50
2012.04.09 10:58:41.482,0.94573,0.94597,1.88,1.50
2012.04.09 10:58:41.964,0.94569,0.94596,1.50,1.50
2012.04.09 10:58:42.280,0.94572,0.94596,1.50,1.50
2012.04.09 10:58:42.780,0.94569,0.94593,3.00,1.50
2012.04.09 10:58:43.091,0.94567,0.94593,2.18,1.50
2012.04.09 10:58:44.590,0.94566,0.94593,2.25,1.50
2012.04.09 10:58:46.088,0.94565,0.94591,3.75,1.50
2012.04.09 10:58:46.397,0.94564,0.94589,2.63,1.50
2012.04.09 10:58:46.591,0.94564,0.94589,1.88,1.50
2012.04.09 10:58:48.388,0.94564,0.94589,1.88,1.50
2012.04.09 10:58:48.463,0.94568,0.94589,2.18,1.50
2012.04.09 10:58:48.731,0.94568,0.94591,2.18,3.00
2012.04.09 10:58:49.098,0.94568,0.94594,2.18,3.00
2012.04.09 10:58:49.167,0.94568,0.94591,2.18,1.50
2012.04.09 10:58:49.502,0.94561,0.94587,1.88,1.50
2012.04.09 10:58:49.869,0.94562,0.94589,1.88,1.50
2012.04.09 10:58:50.431,0.94565,0.9459,1.88,1.50
2012.04.09 10:58:51.090,0.94565,0.94591,1.88,1.50
2012.04.09 10:58:51.229,0.94564,0.94589,3.38,1.50
2012.04.09 10:58:51.757,0.94564,0.94589,1.50,1.50
2012.04.09 10:58:51.948,0.94562,0.94589,1.88,1.50
2012.04.09 10:58:52.773,0.94561,0.94586,4.13,1.50
2012.04.09 10:58:52.984,0.94563,0.94588,1.50,1.50
2012.04.09 10:58:55.078,0.94565,0.94589,1.50,1.50
2012.04.09 10:58:55.417,0.94563,0.94588,1.50,1.50
2012.04.09 10:58:55.719,0.94565,0.94589,1.50,1.50
2012.04.09 10:58:56.163,0.94562,0.94589,1.88,1.50
2012.04.09 10:58:59.678,0.94564,0.9459,1.50,1.50
2012.04.09 10:59:01.879,0.94563,0.94588,1.50,1.50
2012.04.09 10:59:02.607,0.94564,0.9459,1.50,1.50
2012.04.09 10:59:02.809,0.94563,0.94585,1.50,1.50
2012.04.09 10:59:03.638,0.94558,0.94585,1.88,1.50
2012.04.09 10:59:06.269,0.94562,0.94586,1.13,1.50
2012.04.09 10:59:06.828,0.94562,0.94587,1.13,1.50
2012.04.09 10:59:13.589,0.94562,0.94587,1.13,1.50
2012.04.09 10:59:14.002,0.94562,0.94585,1.13,1.50
2012.04.09 10:59:18.306,0.94562,0.94588,1.13,1.50
2012.04.09 10:59:18.377,0.94562,0.94586,1.13,1.50
2012.04.09 10:59:26.893,0.94559,0.94586,1.50,1.50
2012.04.09 10:59:27.144,0.94562,0.94588,1.50,1.88
2012.04.09 10:59:38.871,0.94561,0.94587,1.50,1.50
2012.04.09 10:59:41.864,0.94563,0.94587,1.50,1.50
2012.04.09 10:59:43.289,0.9456,0.94586,1.50,1.50
2012.04.09 10:59:43.931,0.94559,0.94586,1.50,1.50
2012.04.09 10:59:44.194,0.94557,0.94584,3.38,1.88
2012.04.09 10:59:44.549,0.94558,0.94582,2.18,1.50
2012.04.09 10:59:46.905,0.94558,0.94581,2.18,1.50
2012.04.09 10:59:47.519,0.94558,0.9458,2.18,1.50
2012.04.09 10:59:48.060,0.94558,0.9458,2.93,1.50
2012.04.09 10:59:48.815,0.94558,0.94583,2.93,1.50
2012.04.09 10:59:49.250,0.94558,0.94583,2.18,1.88
2012.04.09 10:59:49.492,0.94556,0.94583,1.50,1.88
2012.04.09 10:59:50.236,0.94555,0.9458,1.50,1.50
2012.04.09 10:59:55.662,0.94556,0.94582,1.50,1.50
2012.04.09 10:59:56.210,0.94556,0.94583,2.25,1.88
2012.04.09 10:59:58.811,0.94557,0.94583,1.13,1.50
2012.04.09 10:59:58.940,0.94563,0.94589,1.50,1.88
2012.04.09 10:59:59.209,0.94561,0.94583,1.88,1.50
2012.04.09 10:59:59.398,0.94561,0.94586,3.38,1.50
2012.04.09 10:59:59.470,0.94559,0.94584,3.38,1.50
