2012.07.26 14:00:00.104,1.01616,1.01639,1.50,1.50
2012.07.26 14:00:00.443,1.01617,1.01637,2.18,1.50
2012.07.26 14:00:00.666,1.01618,1.0164,1.50,1.50
2012.07.26 14:00:00.779,1.01613,1.01635,1.50,1.50
2012.07.26 14:00:01.288,1.01613,1.01634,1.50,1.50
2012.07.26 14:00:01.608,1.01608,1.01627,1.50,1.50
2012.07.26 14:00:01.919,1.01602,1.01623,1.88,1.50
2012.07.26 14:00:02.199,1.01601,1.01624,2.25,1.50
2012.07.26 14:00:02.311,1.01607,1.0163,1.50,1.50
2012.07.26 14:00:02.639,1.01606,1.01625,1.41,1.50
2012.07.26 14:00:02.821,1.01606,1.01627,1.41,1.50
2012.07.26 14:00:03.125,1.01606,1.01623,1.41,1.50
2012.07.26 14:00:03.238,1.01606,1.01625,1.41,1.50
2012.07.26 14:00:03.298,1.01606,1.01627,1.41,1.50
2012.07.26 14:00:03.358,1.01604,1.01627,3.66,2.03
2012.07.26 14:00:03.471,1.01605,1.01627,1.50,2.03
2012.07.26 14:00:03.530,1.01605,1.01627,1.50,1.50
2012.07.26 14:00:03.589,1.01604,1.01624,2.16,1.50
2012.07.26 14:00:03.892,1.01604,1.01624,3.66,1.50
2012.07.26 14:00:03.951,1.01606,1.01628,2.16,1.50
2012.07.26 14:00:04.174,1.0161,1.0163,1.50,1.60
2012.07.26 14:00:04.342,1.01606,1.01629,1.88,3.10
2012.07.26 14:00:04.866,1.01609,1.01626,1.50,1.50
2012.07.26 14:00:05.092,1.01604,1.01626,1.50,1.50
2012.07.26 14:00:05.373,1.01603,1.01623,1.41,1.50
2012.07.26 14:00:05.433,1.01602,1.01623,2.16,1.50
2012.07.26 14:00:05.494,1.01604,1.01625,1.50,1.50
2012.07.26 14:00:05.609,1.01603,1.01623,1.50,1.50
2012.07.26 14:00:05.724,1.01602,1.01625,1.50,1.60
2012.07.26 14:00:05.785,1.01602,1.01621,1.50,1.50
2012.07.26 14:00:05.846,1.01599,1.01619,1.50,1.50
2012.07.26 14:00:06.020,1.01599,1.01619,1.50,1.60
2012.07.26 14:00:06.413,1.01599,1.01616,1.50,1.60
2012.07.26 14:00:06.477,1.01591,1.01613,1.50,1.60
2012.07.26 14:00:06.759,1.01594,1.01614,1.50,1.50
2012.07.26 14:00:07.309,1.01593,1.01614,1.50,3.00
2012.07.26 14:00:07.571,1.01589,1.01611,1.50,1.50
2012.07.26 14:00:07.688,1.01588,1.01608,1.50,1.50
2012.07.26 14:00:08.032,1.01592,1.01612,1.50,1.50
2012.07.26 14:00:08.829,1.01589,1.01612,1.50,1.50
2012.07.26 14:00:08.943,1.01592,1.01612,1.50,1.50
2012.07.26 14:00:09.247,1.01594,1.01614,1.50,1.60
2012.07.26 14:00:09.716,1.01599,1.01616,1.50,1.97
2012.07.26 14:00:09.777,1.01601,1.01621,1.50,1.50
2012.07.26 14:00:10.335,1.016,1.01622,1.50,3.00
2012.07.26 14:00:10.394,1.01598,1.0162,1.50,1.50
2012.07.26 14:00:10.722,1.01596,1.01618,1.50,1.60
2012.07.26 14:00:11.127,1.01596,1.01618,2.16,1.50
2012.07.26 14:00:11.460,1.01605,1.01625,1.50,1.60
2012.07.26 14:00:11.793,1.01602,1.01619,1.50,1.50
2012.07.26 14:00:11.907,1.01596,1.01618,1.50,1.60
2012.07.26 14:00:12.022,1.0159,1.01612,1.50,1.50
2012.07.26 14:00:12.245,1.0159,1.0161,1.50,1.50
2012.07.26 14:00:12.357,1.01587,1.01609,2.05,1.50
2012.07.26 14:00:12.706,1.01586,1.01606,1.50,1.50
2012.07.26 14:00:13.007,1.01588,1.01608,1.50,1.60
2012.07.26 14:00:13.121,1.01586,1.01607,1.50,1.50
2012.07.26 14:00:13.235,1.01587,1.0161,1.50,1.60
2012.07.26 14:00:14.174,1.01587,1.01608,1.50,1.50
2012.07.26 14:00:14.235,1.01584,1.01606,1.50,1.50
2012.07.26 14:00:14.767,1.01585,1.01605,1.50,1.50
2012.07.26 14:00:15.314,1.01582,1.01605,1.50,1.60
2012.07.26 14:00:15.792,1.01581,1.01602,1.50,1.50
2012.07.26 14:00:16.521,1.01587,1.01605,1.50,1.50
2012.07.26 14:00:16.690,1.01587,1.01609,1.50,1.60
2012.07.26 14:00:17.196,1.01586,1.01606,1.50,1.50
2012.07.26 14:00:17.309,1.01587,1.01609,1.50,1.60
2012.07.26 14:00:17.673,1.01586,1.01606,1.50,1.50
2012.07.26 14:00:18.175,1.01587,1.01608,1.50,1.60
2012.07.26 14:00:18.614,1.01585,1.01605,1.50,1.50
2012.07.26 14:00:19.476,1.01582,1.01604,2.16,1.50
2012.07.26 14:00:19.659,1.01584,1.01605,1.50,1.50
2012.07.26 14:00:20.166,1.01584,1.01606,1.50,1.50
2012.07.26 14:00:20.495,1.01586,1.01608,1.50,3.00
2012.07.26 14:00:20.829,1.01583,1.01604,1.50,1.50
2012.07.26 14:00:21.306,1.01586,1.01609,1.50,1.50
2012.07.26 14:00:21.535,1.01585,1.01606,1.50,1.50
2012.07.26 14:00:21.945,1.01587,1.01608,1.50,1.60
2012.07.26 14:00:22.060,1.01582,1.01603,1.50,2.18
2012.07.26 14:00:22.227,1.01582,1.01603,1.50,2.55
2012.07.26 14:00:22.395,1.0158,1.01603,1.50,4.05
2012.07.26 14:00:23.094,1.01579,1.016,2.16,1.50
2012.07.26 14:00:23.604,1.01577,1.01599,2.16,1.50
2012.07.26 14:00:23.844,1.01577,1.01599,2.16,1.50
2012.07.26 14:00:24.393,1.0158,1.016,1.50,1.50
2012.07.26 14:00:24.841,1.01578,1.01598,1.50,1.50
2012.07.26 14:00:25.011,1.01579,1.01601,1.50,1.50
2012.07.26 14:00:25.071,1.01581,1.01601,1.50,1.50
2012.07.26 14:00:25.519,1.01579,1.01599,1.50,1.50
2012.07.26 14:00:25.855,1.01572,1.01594,2.16,1.50
2012.07.26 14:00:26.335,1.01574,1.01596,2.16,1.50
2012.07.26 14:00:26.843,1.01574,1.01596,3.66,1.50
2012.07.26 14:00:27.185,1.0158,1.01601,1.50,1.50
2012.07.26 14:00:27.557,1.0158,1.01601,1.50,1.60
2012.07.26 14:00:27.806,1.01579,1.01602,1.50,3.77
2012.07.26 14:00:28.476,1.01581,1.01604,1.50,1.97
2012.07.26 14:00:28.980,1.01581,1.01604,1.50,1.50
2012.07.26 14:00:31.166,1.01581,1.01603,1.50,2.18
2012.07.26 14:00:31.282,1.0158,1.016,1.50,1.50
2012.07.26 14:00:31.506,1.01575,1.01597,1.50,1.50
2012.07.26 14:00:31.674,1.01578,1.01598,1.50,3.00
2012.07.26 14:00:32.349,1.01575,1.01595,2.16,1.50
2012.07.26 14:00:32.563,1.01581,1.01603,1.50,1.60
2012.07.26 14:00:32.994,1.01584,1.01604,1.50,1.60
2012.07.26 14:00:33.186,1.01586,1.01606,1.50,1.60
2012.07.26 14:00:33.462,1.01588,1.01609,1.50,1.60
2012.07.26 14:00:33.577,1.01585,1.01607,1.50,1.60
2012.07.26 14:00:33.691,1.01588,1.01608,1.50,1.60
2012.07.26 14:00:34.354,1.01586,1.01606,1.50,1.60
2012.07.26 14:00:34.874,1.01588,1.01609,1.50,1.60
2012.07.26 14:00:35.043,1.01585,1.01607,1.50,1.60
2012.07.26 14:00:35.375,1.01583,1.01603,1.50,1.50
2012.07.26 14:00:35.822,1.01581,1.01601,2.16,1.50
2012.07.26 14:00:35.937,1.01585,1.01605,1.50,1.50
2012.07.26 14:00:36.476,1.01583,1.01604,1.50,1.50
2012.07.26 14:00:36.541,1.01586,1.01606,1.50,1.50
2012.07.26 14:00:36.855,1.01592,1.01615,1.50,2.33
2012.07.26 14:00:37.097,1.01592,1.01615,1.50,2.48
2012.07.26 14:00:37.249,1.01592,1.01615,1.50,1.50
2012.07.26 14:00:37.473,1.01592,1.01615,1.50,3.10
2012.07.26 14:00:37.822,1.01597,1.01617,1.50,1.97
2012.07.26 14:00:38.045,1.01592,1.01613,1.50,1.50
2012.07.26 14:00:38.105,1.01594,1.01615,1.50,1.50
2012.07.26 14:00:39.077,1.01592,1.01613,1.50,1.50
2012.07.26 14:00:39.301,1.01594,1.01617,1.50,1.60
2012.07.26 14:00:39.362,1.01594,1.01613,1.50,2.18
2012.07.26 14:00:39.860,1.01592,1.0161,1.50,1.50
2012.07.26 14:00:39.919,1.0159,1.0161,1.50,1.50
2012.07.26 14:00:40.439,1.0159,1.0161,2.16,1.50
2012.07.26 14:00:40.778,1.0159,1.0161,3.66,1.50
2012.07.26 14:00:40.838,1.01594,1.01614,1.50,1.50
2012.07.26 14:00:41.037,1.01595,1.01617,1.50,1.50
2012.07.26 14:00:41.283,1.01599,1.01619,1.50,1.50
2012.07.26 14:00:41.873,1.01597,1.01617,2.25,1.50
2012.07.26 14:00:42.525,1.016,1.0162,1.50,1.50
2012.07.26 14:00:42.806,1.01598,1.01619,1.50,1.50
2012.07.26 14:00:43.344,1.01596,1.01616,1.50,1.50
2012.07.26 14:00:45.220,1.01598,1.01618,1.50,3.00
2012.07.26 14:00:47.484,1.01598,1.01617,1.50,1.50
2012.07.26 14:00:47.544,1.01594,1.01616,1.50,1.50
2012.07.26 14:00:48.189,1.01592,1.01614,1.50,1.50
2012.07.26 14:00:48.715,1.0159,1.0161,1.50,1.50
2012.07.26 14:00:49.170,1.01592,1.01612,1.50,1.50
2012.07.26 14:00:49.992,1.01595,1.01615,1.50,1.50
2012.07.26 14:00:50.052,1.01595,1.01617,1.50,1.50
2012.07.26 14:00:51.041,1.01598,1.01618,1.50,3.00
2012.07.26 14:00:51.354,1.016,1.0162,1.50,1.50
2012.07.26 14:00:51.980,1.01602,1.01622,1.50,1.50
2012.07.26 14:00:52.287,1.01604,1.01624,1.50,1.50
2012.07.26 14:00:52.949,1.01602,1.01621,1.50,1.50
2012.07.26 14:00:53.172,1.01603,1.01623,1.50,1.50
2012.07.26 14:00:55.034,1.01601,1.01621,1.50,1.50
2012.07.26 14:00:55.216,1.01598,1.0162,1.88,1.50
2012.07.26 14:00:55.721,1.01598,1.0162,1.50,1.50
2012.07.26 14:00:55.780,1.01596,1.01617,1.50,1.50
2012.07.26 14:00:56.081,1.01599,1.01619,1.50,1.50
2012.07.26 14:00:56.357,1.016,1.01623,1.50,1.50
2012.07.26 14:00:56.417,1.01597,1.0162,2.16,1.50
2012.07.26 14:00:56.629,1.01597,1.0162,2.16,1.50
2012.07.26 14:00:56.912,1.01589,1.0161,1.04,1.50
2012.07.26 14:00:57.262,1.01591,1.01611,1.50,1.50
2012.07.26 14:00:57.322,1.01588,1.0161,2.16,1.50
2012.07.26 14:00:57.653,1.01586,1.01608,3.66,1.50
2012.07.26 14:00:58.149,1.01589,1.01609,1.50,1.50
2012.07.26 14:00:58.528,1.01586,1.01608,2.16,1.50
2012.07.26 14:00:58.819,1.01584,1.01606,3.00,1.50
2012.07.26 14:00:59.150,1.01587,1.01607,1.50,1.50
2012.07.26 14:00:59.318,1.01583,1.01605,1.50,1.50
2012.07.26 14:00:59.541,1.01586,1.01606,1.50,1.50
2012.07.26 14:00:59.658,1.01582,1.01605,1.50,1.60
2012.07.26 14:01:00.176,1.0158,1.01601,2.16,1.50
2012.07.26 14:01:00.525,1.01586,1.01606,1.50,1.50
2012.07.26 14:01:00.853,1.01586,1.01602,1.50,2.18
2012.07.26 14:01:00.913,1.0158,1.01602,3.00,3.68
2012.07.26 14:01:01.245,1.0158,1.01597,1.50,1.50
2012.07.26 14:01:01.305,1.01577,1.01597,1.50,1.50
2012.07.26 14:01:01.366,1.01578,1.01599,1.50,1.50
2012.07.26 14:01:01.488,1.01579,1.01601,1.50,1.50
2012.07.26 14:01:02.587,1.01577,1.01597,2.16,1.50
2012.07.26 14:01:02.877,1.01579,1.01601,1.50,1.50
2012.07.26 14:01:03.600,1.0158,1.01601,1.50,1.88
2012.07.26 14:01:03.737,1.01582,1.01602,1.50,1.88
2012.07.26 14:01:04.268,1.01583,1.01602,1.50,2.55
2012.07.26 14:01:04.610,1.01585,1.01602,1.50,2.18
2012.07.26 14:01:04.932,1.01592,1.01613,1.50,2.65
2012.07.26 14:01:05.266,1.01596,1.01613,1.50,2.65
2012.07.26 14:01:05.326,1.01594,1.01613,1.50,2.65
2012.07.26 14:01:06.054,1.01593,1.01612,1.50,2.55
2012.07.26 14:01:06.406,1.01593,1.01613,3.00,1.50
2012.07.26 14:01:06.466,1.01593,1.01613,3.00,1.60
2012.07.26 14:01:06.915,1.01591,1.01609,1.50,1.50
2012.07.26 14:01:07.034,1.0159,1.01612,1.50,1.88
2012.07.26 14:01:07.094,1.01594,1.01614,1.50,1.88
2012.07.26 14:01:07.154,1.01594,1.01616,1.50,1.97
2012.07.26 14:01:08.891,1.016,1.01621,1.50,1.88
2012.07.26 14:01:09.637,1.016,1.01621,3.75,1.50
2012.07.26 14:01:09.807,1.01604,1.01627,1.50,1.50
2012.07.26 14:01:09.922,1.01607,1.01628,1.50,1.50
2012.07.26 14:01:10.217,1.01601,1.01624,1.50,1.50
2012.07.26 14:01:12.507,1.01599,1.01622,3.00,1.50
2012.07.26 14:01:13.073,1.016,1.01622,1.50,1.50
2012.07.26 14:01:13.456,1.016,1.0162,1.50,1.50
2012.07.26 14:01:14.008,1.01599,1.0162,1.50,1.50
2012.07.26 14:01:14.596,1.01599,1.01623,1.50,1.50
2012.07.26 14:01:14.793,1.01601,1.01625,1.50,1.50
2012.07.26 14:01:15.107,1.01603,1.01627,1.50,1.88
2012.07.26 14:01:15.441,1.01603,1.01623,1.50,2.18
2012.07.26 14:01:15.556,1.01598,1.01623,1.50,2.18
2012.07.26 14:01:16.082,1.01598,1.0162,1.50,1.50
2012.07.26 14:01:16.581,1.01596,1.01618,1.50,1.50
2012.07.26 14:01:17.108,1.01596,1.01619,2.25,1.50
2012.07.26 14:01:17.454,1.016,1.0162,1.50,1.50
2012.07.26 14:01:18.083,1.016,1.01621,1.50,1.50
2012.07.26 14:01:22.965,1.01602,1.01621,1.50,1.50
2012.07.26 14:01:23.177,1.01603,1.01625,1.50,1.50
2012.07.26 14:01:23.300,1.01605,1.01625,1.50,1.50
2012.07.26 14:01:23.637,1.01607,1.01627,2.25,1.50
2012.07.26 14:01:26.170,1.01609,1.01629,1.50,1.50
2012.07.26 14:01:27.406,1.01607,1.01627,3.00,1.50
2012.07.26 14:01:29.813,1.01609,1.01629,1.50,1.50
2012.07.26 14:01:31.047,1.01611,1.01631,1.50,3.10
2012.07.26 14:01:31.489,1.01608,1.01628,1.50,1.50
2012.07.26 14:01:32.135,1.0161,1.0163,1.50,1.50
2012.07.26 14:01:32.587,1.01608,1.01628,1.50,1.50
2012.07.26 14:01:32.701,1.0161,1.01632,1.50,1.60
2012.07.26 14:01:32.890,1.0161,1.0163,1.50,1.50
2012.07.26 14:01:33.323,1.01608,1.01628,1.50,1.50
2012.07.26 14:01:33.535,1.01609,1.0163,1.50,1.50
2012.07.26 14:01:33.812,1.01606,1.01626,1.50,1.50
2012.07.26 14:01:34.296,1.01606,1.01628,1.50,1.50
2012.07.26 14:01:39.767,1.01605,1.01625,3.00,1.50
2012.07.26 14:01:40.153,1.01605,1.01623,1.50,1.60
2012.07.26 14:01:40.266,1.01599,1.01621,2.16,1.50
2012.07.26 14:01:40.490,1.01601,1.01624,2.16,3.00
2012.07.26 14:01:41.919,1.01601,1.01622,2.16,1.50
2012.07.26 14:01:42.278,1.01604,1.01626,2.16,1.50
2012.07.26 14:01:42.560,1.01607,1.01629,1.50,1.50
2012.07.26 14:01:43.091,1.01609,1.01631,1.50,1.60
2012.07.26 14:01:43.418,1.01607,1.01628,1.50,1.50
2012.07.26 14:01:43.947,1.01606,1.01628,2.16,1.50
2012.07.26 14:01:44.622,1.0161,1.01631,1.50,1.50
2012.07.26 14:01:44.737,1.01608,1.0163,2.16,1.50
2012.07.26 14:01:44.852,1.01607,1.01627,2.16,1.50
2012.07.26 14:01:45.379,1.01604,1.01625,2.16,1.50
2012.07.26 14:01:45.550,1.01602,1.01623,2.16,1.50
2012.07.26 14:01:45.703,1.01604,1.01625,2.16,1.50
2012.07.26 14:01:46.503,1.01602,1.01622,2.16,1.50
2012.07.26 14:01:47.219,1.01601,1.01622,1.50,1.50
2012.07.26 14:01:47.644,1.01596,1.01613,1.41,1.50
2012.07.26 14:01:48.580,1.01594,1.01612,1.04,1.50
2012.07.26 14:01:48.750,1.01594,1.01612,1.04,1.50
2012.07.26 14:01:48.811,1.01594,1.0161,1.04,1.50
2012.07.26 14:01:49.103,1.01594,1.0161,2.54,1.50
2012.07.26 14:01:49.326,1.01597,1.01618,1.50,1.50
2012.07.26 14:01:49.672,1.01594,1.01617,2.16,1.50
2012.07.26 14:01:50.770,1.01593,1.01614,2.54,1.50
2012.07.26 14:01:51.530,1.01596,1.01619,1.50,1.50
2012.07.26 14:01:52.082,1.01596,1.01619,2.16,1.50
2012.07.26 14:01:52.304,1.01598,1.01621,1.50,1.50
2012.07.26 14:01:52.366,1.01598,1.01621,2.16,1.50
2012.07.26 14:01:53.942,1.016,1.01622,2.16,1.50
2012.07.26 14:01:54.644,1.01599,1.0162,2.16,1.50
2012.07.26 14:01:55.631,1.016,1.01622,2.16,1.50
2012.07.26 14:01:55.854,1.01599,1.01619,3.66,1.50
2012.07.26 14:01:57.650,1.01597,1.01617,2.16,1.50
2012.07.26 14:01:57.765,1.01593,1.01615,2.16,1.50
2012.07.26 14:01:58.455,1.01596,1.01616,2.16,1.50
2012.07.26 14:01:58.602,1.01596,1.01616,2.16,1.50
2012.07.26 14:01:58.762,1.01597,1.01619,2.91,1.50
2012.07.26 14:01:59.072,1.01596,1.01616,2.91,1.50
2012.07.26 14:01:59.697,1.01596,1.01616,2.16,1.50
2012.07.26 14:02:00.165,1.01597,1.01614,1.41,1.50
2012.07.26 14:02:00.443,1.01594,1.01614,1.50,1.50
2012.07.26 14:02:00.504,1.01591,1.01613,1.50,1.50
2012.07.26 14:02:00.564,1.01595,1.01615,1.50,3.00
2012.07.26 14:02:00.896,1.01599,1.01619,1.50,3.10
2012.07.26 14:02:01.414,1.01597,1.01617,1.50,1.50
2012.07.26 14:02:01.738,1.01593,1.01613,1.04,1.50
2012.07.26 14:02:02.067,1.01595,1.01615,2.16,1.50
2012.07.26 14:02:03.200,1.01593,1.01613,2.16,1.50
2012.07.26 14:02:03.890,1.01592,1.01614,2.16,1.50
2012.07.26 14:02:04.488,1.01592,1.01614,2.16,1.50
2012.07.26 14:02:05.188,1.01594,1.01616,1.50,1.50
2012.07.26 14:02:05.413,1.01588,1.01614,2.16,1.50
2012.07.26 14:02:05.635,1.01594,1.0162,1.50,1.60
2012.07.26 14:02:06.019,1.01593,1.01617,1.50,1.60
2012.07.26 14:02:06.187,1.01591,1.01615,2.16,1.60
2012.07.26 14:02:06.953,1.01593,1.01615,1.50,1.60
2012.07.26 14:02:07.066,1.01595,1.01619,1.50,1.60
2012.07.26 14:02:07.398,1.01595,1.01619,2.16,1.50
2012.07.26 14:02:07.566,1.01597,1.01621,2.16,1.50
2012.07.26 14:02:08.799,1.01597,1.01621,2.16,1.60
2012.07.26 14:02:09.472,1.01595,1.01619,2.16,1.50
2012.07.26 14:02:09.787,1.01595,1.01619,1.50,1.60
2012.07.26 14:02:10.674,1.01595,1.01619,2.16,1.50
2012.07.26 14:02:10.735,1.0159,1.01623,2.16,2.72
2012.07.26 14:02:10.795,1.0159,1.01623,2.16,2.72
2012.07.26 14:02:11.916,1.01588,1.01621,2.54,1.60
2012.07.26 14:02:12.248,1.01591,1.01621,1.41,2.72
2012.07.26 14:02:12.310,1.01595,1.01619,1.50,1.60
2012.07.26 14:02:12.792,1.01596,1.01622,1.41,1.60
2012.07.26 14:02:13.260,1.01594,1.01622,2.16,1.60
2012.07.26 14:02:13.456,1.01591,1.01619,2.16,1.60
2012.07.26 14:02:13.678,1.01588,1.01618,2.54,1.60
2012.07.26 14:02:14.255,1.0159,1.01614,2.16,1.50
2012.07.26 14:02:17.092,1.0159,1.01614,1.50,1.60
2012.07.26 14:02:17.426,1.01581,1.01612,2.16,2.65
2012.07.26 14:02:17.541,1.0158,1.01612,2.16,4.15
2012.07.26 14:02:18.825,1.01582,1.01612,1.41,4.15
2012.07.26 14:02:19.772,1.01582,1.01612,1.41,3.77
2012.07.26 14:02:19.838,1.01584,1.01615,1.04,1.60
2012.07.26 14:02:20.115,1.01584,1.01613,1.04,2.27
2012.07.26 14:02:20.236,1.01584,1.01613,1.04,2.27
2012.07.26 14:02:21.847,1.01583,1.01615,2.16,1.60
2012.07.26 14:02:23.131,1.01586,1.01618,1.41,1.60
2012.07.26 14:02:25.234,1.01583,1.01612,1.04,1.60
2012.07.26 14:02:25.350,1.01584,1.01612,1.04,1.60
2012.07.26 14:02:25.779,1.0158,1.01612,1.04,1.60
2012.07.26 14:02:25.892,1.01577,1.01612,1.41,1.97
2012.07.26 14:02:26.096,1.01577,1.01612,1.41,1.97
2012.07.26 14:02:26.791,1.01577,1.01612,1.41,2.72
2012.07.26 14:02:27.078,1.01577,1.01612,1.41,1.22
2012.07.26 14:02:27.301,1.01578,1.0161,2.84,2.05
2012.07.26 14:02:28.307,1.01577,1.01608,1.41,1.60
2012.07.26 14:02:28.813,1.01577,1.01608,1.41,2.05
2012.07.26 14:02:32.670,1.01578,1.01608,2.84,1.50
2012.07.26 14:02:33.250,1.01579,1.01611,1.04,2.72
2012.07.26 14:02:35.485,1.01576,1.01608,1.41,1.60
2012.07.26 14:02:37.707,1.01576,1.0161,1.41,2.57
2012.07.26 14:02:38.756,1.01576,1.01608,1.41,2.50
2012.07.26 14:02:39.776,1.01571,1.01602,1.41,2.27
2012.07.26 14:02:40.012,1.01577,1.01609,1.41,2.42
2012.07.26 14:02:40.516,1.01571,1.01602,1.41,2.27
2012.07.26 14:02:41.984,1.01571,1.01602,1.41,2.27
2012.07.26 14:02:43.089,1.01572,1.01607,2.16,1.07
2012.07.26 14:02:43.240,1.01572,1.01607,2.16,1.13
2012.07.26 14:02:43.846,1.01579,1.01608,1.04,1.37
2012.07.26 14:02:44.071,1.01577,1.01606,1.41,1.60
2012.07.26 14:02:44.425,1.01577,1.01602,1.41,2.18
2012.07.26 14:02:45.373,1.01577,1.01602,1.41,2.18
2012.07.26 14:02:45.540,1.01577,1.01609,1.41,1.60
2012.07.26 14:02:45.930,1.01582,1.0161,1.41,2.12
2012.07.26 14:02:45.992,1.01587,1.01607,2.16,1.50
2012.07.26 14:02:46.215,1.01588,1.01609,2.16,1.50
2012.07.26 14:02:46.442,1.01586,1.01608,2.91,1.50
2012.07.26 14:02:46.502,1.01586,1.01608,4.41,1.50
2012.07.26 14:02:46.562,1.01591,1.01611,1.50,1.50
2012.07.26 14:02:46.732,1.01591,1.01611,1.50,1.60
2012.07.26 14:02:47.069,1.01588,1.01609,1.50,1.60
2012.07.26 14:02:47.408,1.01585,1.01602,2.25,2.18
2012.07.26 14:02:47.527,1.01585,1.01606,1.50,1.50
2012.07.26 14:02:47.588,1.01585,1.01606,2.25,1.50
2012.07.26 14:02:48.053,1.01585,1.01605,2.16,1.50
2012.07.26 14:02:48.226,1.01591,1.01611,2.16,1.50
2012.07.26 14:02:48.565,1.01591,1.01614,2.16,1.88
2012.07.26 14:02:48.679,1.01593,1.01615,1.50,1.88
2012.07.26 14:02:48.794,1.01591,1.01614,2.16,1.88
2012.07.26 14:02:49.369,1.0159,1.01612,2.16,1.50
2012.07.26 14:02:49.500,1.01591,1.01614,2.16,1.50
2012.07.26 14:02:50.046,1.01594,1.01614,1.50,1.50
2012.07.26 14:02:50.107,1.01596,1.01616,1.50,1.50
2012.07.26 14:02:50.166,1.01593,1.01615,2.16,1.50
2012.07.26 14:02:50.226,1.0159,1.01613,1.50,1.60
2012.07.26 14:02:50.564,1.01584,1.01605,2.54,1.50
2012.07.26 14:02:50.623,1.01584,1.01605,2.54,1.50
2012.07.26 14:02:50.902,1.01585,1.01602,1.50,1.50
2012.07.26 14:02:50.963,1.01578,1.016,2.16,1.50
2012.07.26 14:02:51.190,1.01579,1.016,2.16,1.50
2012.07.26 14:02:51.305,1.01582,1.01603,3.66,1.50
2012.07.26 14:02:51.420,1.01582,1.01603,2.16,1.50
2012.07.26 14:02:51.705,1.01584,1.01605,1.50,1.50
2012.07.26 14:02:51.767,1.01583,1.01604,2.16,1.50
2012.07.26 14:02:51.883,1.01585,1.01606,2.16,1.50
2012.07.26 14:02:52.221,1.01584,1.01604,1.50,1.50
2012.07.26 14:02:52.337,1.01586,1.01606,1.50,1.50
2012.07.26 14:02:52.685,1.01584,1.01604,1.50,1.50
2012.07.26 14:02:53.273,1.01585,1.01607,1.50,1.50
2012.07.26 14:02:53.332,1.01585,1.01607,2.16,1.50
2012.07.26 14:02:53.664,1.01591,1.01612,2.16,2.18
2012.07.26 14:02:53.955,1.01591,1.01613,2.16,1.50
2012.07.26 14:02:54.148,1.01591,1.01613,1.50,1.60
2012.07.26 14:02:54.699,1.01591,1.01613,1.50,1.50
2012.07.26 14:02:54.885,1.01591,1.01611,1.50,1.50
2012.07.26 14:02:55.450,1.01586,1.01601,1.50,1.60
2012.07.26 14:02:55.695,1.01577,1.01599,1.50,1.50
2012.07.26 14:02:55.757,1.01576,1.01597,2.16,1.50
2012.07.26 14:02:56.034,1.01577,1.01599,1.50,1.50
2012.07.26 14:02:56.094,1.01577,1.01599,1.50,1.60
2012.07.26 14:02:56.208,1.01575,1.01597,1.50,1.60
2012.07.26 14:02:56.503,1.01579,1.01598,1.50,1.60
2012.07.26 14:02:57.548,1.01579,1.01599,1.50,1.60
2012.07.26 14:02:57.831,1.01577,1.01597,1.50,1.50
2012.07.26 14:02:57.947,1.01579,1.01599,1.50,1.60
2012.07.26 14:02:58.362,1.01577,1.01597,2.25,1.50
2012.07.26 14:02:58.767,1.01574,1.01596,3.66,1.50
2012.07.26 14:02:59.221,1.01574,1.01596,2.16,1.50
2012.07.26 14:02:59.675,1.0158,1.016,1.50,1.60
2012.07.26 14:02:59.788,1.0158,1.016,1.50,2.35
2012.07.26 14:02:59.958,1.0158,1.016,1.50,2.35
2012.07.26 14:03:00.018,1.0158,1.016,1.50,1.60
2012.07.26 14:03:00.383,1.01578,1.01598,1.50,1.50
2012.07.26 14:03:00.718,1.01578,1.01593,1.50,2.27
2012.07.26 14:03:00.895,1.01573,1.01593,3.00,3.77
2012.07.26 14:03:01.120,1.01575,1.01595,1.50,1.60
2012.07.26 14:03:01.656,1.01572,1.01592,1.50,1.50
2012.07.26 14:03:01.964,1.01574,1.01594,1.50,1.60
2012.07.26 14:03:02.288,1.01576,1.01596,1.50,1.60
2012.07.26 14:03:02.468,1.01576,1.01596,1.50,3.10
2012.07.26 14:03:02.527,1.01574,1.01596,1.50,1.60
2012.07.26 14:03:02.751,1.01577,1.01597,1.50,1.50
2012.07.26 14:03:03.057,1.01577,1.01597,1.50,1.60
2012.07.26 14:03:03.374,1.01577,1.01597,1.50,3.10
2012.07.26 14:03:03.585,1.01575,1.01595,1.50,1.50
2012.07.26 14:03:05.036,1.01577,1.01597,1.50,1.60
2012.07.26 14:03:05.370,1.01573,1.01593,3.00,3.77
2012.07.26 14:03:06.177,1.01572,1.01593,1.50,2.27
2012.07.26 14:03:06.688,1.01572,1.01594,1.50,1.60
2012.07.26 14:03:06.802,1.01572,1.01594,1.50,1.60
2012.07.26 14:03:07.118,1.0157,1.01591,2.16,1.50
2012.07.26 14:03:07.250,1.01572,1.01593,2.16,1.50
2012.07.26 14:03:08.997,1.0157,1.01591,3.66,1.50
2012.07.26 14:03:09.412,1.01573,1.01592,3.00,2.18
2012.07.26 14:03:09.472,1.01573,1.01594,1.50,1.50
2012.07.26 14:03:09.650,1.01577,1.01596,1.50,1.50
2012.07.26 14:03:10.191,1.01577,1.01597,1.50,1.50
2012.07.26 14:03:10.307,1.01574,1.01595,1.50,1.50
2012.07.26 14:03:11.288,1.01575,1.01598,1.50,1.60
2012.07.26 14:03:11.429,1.01573,1.01594,1.88,1.50
2012.07.26 14:03:11.861,1.01575,1.01596,2.16,3.00
2012.07.26 14:03:12.203,1.01577,1.01598,2.16,1.50
2012.07.26 14:03:12.363,1.01577,1.01598,1.50,1.50
2012.07.26 14:03:12.587,1.01579,1.01599,1.50,1.50
2012.07.26 14:03:13.113,1.01578,1.016,1.50,3.10
2012.07.26 14:03:13.426,1.01577,1.01597,1.50,1.50
2012.07.26 14:03:13.486,1.01578,1.01599,1.50,1.50
2012.07.26 14:03:13.710,1.01574,1.01597,2.16,1.50
2012.07.26 14:03:13.772,1.01576,1.01597,2.16,1.50
2012.07.26 14:03:13.833,1.01579,1.01599,2.16,1.50
2012.07.26 14:03:14.057,1.01581,1.01602,1.50,2.27
2012.07.26 14:03:14.116,1.01581,1.01602,1.50,2.27
2012.07.26 14:03:14.176,1.01578,1.01598,1.50,1.50
2012.07.26 14:03:14.542,1.0158,1.01602,1.50,4.52
2012.07.26 14:03:14.801,1.0158,1.01602,1.50,4.43
2012.07.26 14:03:15.083,1.01579,1.01599,1.50,1.50
2012.07.26 14:03:15.307,1.01577,1.016,2.25,1.50
2012.07.26 14:03:15.590,1.01574,1.01597,1.88,1.50
2012.07.26 14:03:15.939,1.01572,1.01595,4.04,1.50
2012.07.26 14:03:16.236,1.01572,1.01595,2.16,1.50
2012.07.26 14:03:16.295,1.01575,1.01596,1.50,1.50
2012.07.26 14:03:16.598,1.01575,1.01597,2.16,1.50
2012.07.26 14:03:16.842,1.01579,1.01599,1.50,1.50
2012.07.26 14:03:17.132,1.01579,1.01599,2.16,1.50
2012.07.26 14:03:17.301,1.01582,1.01601,2.16,1.50
2012.07.26 14:03:17.360,1.01582,1.01604,2.16,1.50
2012.07.26 14:03:17.583,1.01582,1.01604,2.16,1.50
2012.07.26 14:03:17.697,1.01582,1.01604,2.16,1.50
2012.07.26 14:03:17.812,1.01586,1.01606,2.16,2.63
2012.07.26 14:03:17.927,1.01586,1.01606,1.50,1.88
2012.07.26 14:03:18.099,1.01583,1.01605,3.00,1.50
2012.07.26 14:03:18.815,1.01584,1.01605,1.50,1.50
2012.07.26 14:03:18.875,1.01586,1.01606,1.50,1.50
2012.07.26 14:03:19.208,1.01586,1.01605,2.16,1.50
2012.07.26 14:03:19.269,1.01587,1.01609,2.16,1.50
2012.07.26 14:03:19.384,1.01586,1.01606,2.16,1.50
2012.07.26 14:03:19.607,1.01586,1.01608,2.16,1.50
2012.07.26 14:03:20.021,1.01585,1.01605,2.16,1.50
2012.07.26 14:03:20.460,1.01583,1.01603,2.54,1.50
2012.07.26 14:03:21.182,1.01584,1.01606,2.16,1.50
2012.07.26 14:03:21.439,1.01584,1.01606,2.16,1.50
2012.07.26 14:03:22.449,1.01585,1.01605,2.16,1.50
2012.07.26 14:03:22.617,1.01586,1.01608,3.66,1.50
2012.07.26 14:03:22.731,1.01588,1.0161,1.50,3.00
2012.07.26 14:03:23.044,1.01588,1.0161,2.16,1.50
2012.07.26 14:03:23.215,1.0159,1.01612,2.16,1.50
2012.07.26 14:03:23.957,1.01591,1.01611,2.16,1.50
2012.07.26 14:03:24.155,1.01592,1.01614,1.50,3.00
2012.07.26 14:03:24.789,1.0159,1.01611,1.50,1.50
2012.07.26 14:03:25.296,1.01589,1.01611,1.50,1.50
2012.07.26 14:03:25.698,1.01588,1.01608,1.50,1.50
2012.07.26 14:03:26.082,1.01585,1.01607,2.16,1.50
2012.07.26 14:03:26.513,1.01587,1.01609,1.50,1.50
2012.07.26 14:03:26.627,1.01584,1.01604,2.16,1.50
2012.07.26 14:03:26.839,1.01585,1.01607,2.16,1.50
2012.07.26 14:03:27.090,1.01584,1.01604,1.50,1.50
2012.07.26 14:03:28.066,1.01584,1.01603,1.50,2.27
2012.07.26 14:03:28.572,1.01578,1.01601,2.16,1.50
2012.07.26 14:03:28.635,1.01578,1.01601,2.16,1.50
2012.07.26 14:03:28.696,1.01577,1.016,3.66,1.50
2012.07.26 14:03:29.040,1.01578,1.01596,1.04,1.50
2012.07.26 14:03:29.227,1.01578,1.01601,4.71,1.50
2012.07.26 14:03:29.287,1.01578,1.01601,4.71,1.50
2012.07.26 14:03:29.600,1.01579,1.01601,2.16,1.50
2012.07.26 14:03:30.085,1.01581,1.01602,2.91,1.50
2012.07.26 14:03:30.650,1.01583,1.01603,1.04,1.50
2012.07.26 14:03:30.766,1.01587,1.0161,1.50,1.50
2012.07.26 14:03:31.136,1.01584,1.01606,2.16,1.50
2012.07.26 14:03:31.306,1.01585,1.01608,1.50,3.00
2012.07.26 14:03:31.419,1.01587,1.01609,1.50,1.50
2012.07.26 14:03:31.758,1.01589,1.01609,2.16,1.50
2012.07.26 14:03:32.108,1.01591,1.01611,1.50,1.50
2012.07.26 14:03:32.330,1.01591,1.01613,1.50,3.68
2012.07.26 14:03:32.564,1.01591,1.01613,2.16,3.68
2012.07.26 14:03:32.879,1.01596,1.01616,1.50,1.88
2012.07.26 14:03:33.193,1.01594,1.01614,1.50,1.50
2012.07.26 14:03:33.870,1.01594,1.01614,1.50,1.60
2012.07.26 14:03:34.044,1.01591,1.01611,1.50,1.50
2012.07.26 14:03:35.198,1.01591,1.01611,2.16,1.50
2012.07.26 14:03:35.480,1.01592,1.01614,2.16,1.50
2012.07.26 14:03:35.540,1.01592,1.01614,2.16,1.50
2012.07.26 14:03:35.872,1.01598,1.01619,2.16,1.50
2012.07.26 14:03:36.041,1.01599,1.01621,2.16,3.00
2012.07.26 14:03:36.100,1.01599,1.01621,1.50,1.50
2012.07.26 14:03:36.160,1.016,1.01623,1.50,3.10
2012.07.26 14:03:36.274,1.01598,1.01619,2.16,1.50
2012.07.26 14:03:36.729,1.01599,1.01621,1.50,1.50
2012.07.26 14:03:37.627,1.01597,1.0162,3.66,1.50
2012.07.26 14:03:38.480,1.01597,1.0162,2.16,1.50
2012.07.26 14:03:38.704,1.01601,1.01622,2.16,1.50
2012.07.26 14:03:38.939,1.01599,1.0162,2.16,1.50
2012.07.26 14:03:38.999,1.01599,1.0162,1.50,1.50
2012.07.26 14:03:39.336,1.01597,1.01617,2.16,1.50
2012.07.26 14:03:39.864,1.01596,1.01618,2.16,1.50
2012.07.26 14:03:41.603,1.01596,1.01617,2.16,1.50
2012.07.26 14:03:41.936,1.01595,1.01615,2.54,1.50
2012.07.26 14:03:42.485,1.01594,1.01614,1.88,1.50
2012.07.26 14:03:42.812,1.0159,1.0161,4.04,1.50
2012.07.26 14:03:42.980,1.01591,1.0161,2.16,1.50
2012.07.26 14:03:43.042,1.01591,1.01613,3.66,1.50
2012.07.26 14:03:43.211,1.01591,1.01613,1.50,1.50
2012.07.26 14:03:43.326,1.01595,1.01614,1.50,1.50
2012.07.26 14:03:43.791,1.01592,1.01612,2.16,1.50
2012.07.26 14:03:44.334,1.01593,1.01613,1.50,1.50
2012.07.26 14:03:44.698,1.01589,1.01611,2.16,1.50
2012.07.26 14:03:44.866,1.01591,1.01612,1.50,2.18
2012.07.26 14:03:45.596,1.01591,1.01613,1.50,1.50
2012.07.26 14:03:46.098,1.01591,1.01612,1.50,3.68
2012.07.26 14:03:46.157,1.0159,1.0161,2.16,1.50
2012.07.26 14:03:46.710,1.01592,1.01614,1.50,1.50
2012.07.26 14:03:47.172,1.0159,1.01612,2.16,1.50
2012.07.26 14:03:47.286,1.01592,1.01614,2.16,1.50
2012.07.26 14:03:47.733,1.0159,1.01612,1.50,1.50
2012.07.26 14:03:48.446,1.0159,1.01612,2.16,1.50
2012.07.26 14:03:48.586,1.01592,1.01614,2.16,1.50
2012.07.26 14:03:49.158,1.0159,1.01612,3.00,1.50
2012.07.26 14:03:49.495,1.01594,1.01613,1.50,1.50
2012.07.26 14:03:50.289,1.01594,1.01614,2.16,1.50
2012.07.26 14:03:50.620,1.01597,1.01616,1.50,1.50
2012.07.26 14:03:51.064,1.01597,1.01618,1.50,1.50
2012.07.26 14:03:51.179,1.01595,1.01615,2.16,1.50
2012.07.26 14:03:51.612,1.01599,1.01619,1.50,1.50
2012.07.26 14:03:52.151,1.01596,1.01619,2.16,1.50
2012.07.26 14:03:52.509,1.0159,1.01612,2.16,1.50
2012.07.26 14:03:53.946,1.01594,1.01612,1.04,1.50
2012.07.26 14:03:54.061,1.01593,1.01612,1.04,1.50
2012.07.26 14:03:54.481,1.01588,1.01609,1.04,1.50
2012.07.26 14:03:54.971,1.01588,1.01607,1.04,1.50
2012.07.26 14:03:55.086,1.01588,1.01611,1.04,1.50
2012.07.26 14:03:55.470,1.01593,1.01613,1.04,1.50
2012.07.26 14:03:55.532,1.01593,1.01613,1.04,1.50
2012.07.26 14:03:55.700,1.01593,1.01619,1.04,1.50
2012.07.26 14:03:55.813,1.01593,1.01619,1.04,1.50
2012.07.26 14:03:55.909,1.01593,1.01619,1.04,1.50
2012.07.26 14:03:56.023,1.01597,1.01617,1.41,1.50
2012.07.26 14:03:56.563,1.01597,1.01621,1.41,1.50
2012.07.26 14:03:57.371,1.01595,1.01619,2.16,1.50
2012.07.26 14:03:57.722,1.01593,1.01616,1.04,1.50
2012.07.26 14:03:57.782,1.01593,1.01616,1.04,1.50
2012.07.26 14:03:59.071,1.01593,1.01615,1.04,1.50
2012.07.26 14:03:59.261,1.01593,1.0162,1.04,1.60
2012.07.26 14:04:00.475,1.01593,1.0162,1.04,1.60
2012.07.26 14:04:00.643,1.01594,1.01622,1.04,3.77
2012.07.26 14:04:00.787,1.01594,1.01619,1.04,1.50
2012.07.26 14:04:01.118,1.01592,1.01616,1.04,1.50
2012.07.26 14:04:01.629,1.01594,1.01616,1.04,1.50
2012.07.26 14:04:01.853,1.01593,1.01618,1.04,1.50
2012.07.26 14:04:01.967,1.01592,1.01618,1.04,2.25
2012.07.26 14:04:02.709,1.01593,1.01617,1.04,1.50
2012.07.26 14:04:03.289,1.01593,1.01618,1.04,1.50
2012.07.26 14:04:04.252,1.01589,1.01618,2.54,3.00
2012.07.26 14:04:04.319,1.01589,1.01617,1.04,1.50
2012.07.26 14:04:04.592,1.01592,1.01619,1.41,1.60
2012.07.26 14:04:04.734,1.01592,1.01618,2.91,1.50
2012.07.26 14:04:04.847,1.01592,1.01618,2.91,1.50
2012.07.26 14:04:05.522,1.01593,1.01618,1.04,1.50
2012.07.26 14:04:05.582,1.01596,1.0162,2.16,1.50
2012.07.26 14:04:06.096,1.01594,1.01619,1.04,1.50
2012.07.26 14:04:06.209,1.01595,1.01621,2.16,1.50
2012.07.26 14:04:06.536,1.01598,1.01623,1.50,3.77
2012.07.26 14:04:06.649,1.01596,1.01622,2.16,1.60
2012.07.26 14:04:07.204,1.01595,1.01619,3.66,1.50
2012.07.26 14:04:07.551,1.01599,1.01623,1.50,1.60
2012.07.26 14:04:07.884,1.01599,1.01623,2.54,1.50
2012.07.26 14:04:08.451,1.01597,1.01622,2.16,1.50
2012.07.26 14:04:08.518,1.01594,1.01621,1.88,1.60
2012.07.26 14:04:08.632,1.01596,1.01621,1.50,1.60
2012.07.26 14:04:08.692,1.01596,1.01621,2.25,1.50
2012.07.26 14:04:08.969,1.01597,1.01622,2.16,2.18
2012.07.26 14:04:09.302,1.01602,1.01622,1.50,1.50
2012.07.26 14:04:09.469,1.01603,1.01624,1.50,1.60
2012.07.26 14:04:09.785,1.01602,1.01622,1.50,1.50
2012.07.26 14:04:10.226,1.016,1.0162,1.50,1.50
2012.07.26 14:04:10.562,1.01598,1.01618,1.50,1.50
2012.07.26 14:04:10.902,1.01598,1.01618,1.50,1.60
2012.07.26 14:04:11.025,1.01598,1.01618,1.50,1.60
2012.07.26 14:04:11.301,1.01597,1.01617,1.50,1.60
2012.07.26 14:04:11.630,1.01594,1.01614,1.50,1.60
2012.07.26 14:04:12.314,1.01592,1.01613,1.50,1.60
2012.07.26 14:04:12.665,1.01591,1.01614,1.50,1.60
2012.07.26 14:04:12.832,1.0159,1.01611,1.50,1.50
2012.07.26 14:04:13.163,1.01592,1.01613,1.50,3.77
2012.07.26 14:04:13.398,1.01594,1.01614,1.50,1.50
2012.07.26 14:04:13.458,1.01594,1.01614,2.16,1.50
2012.07.26 14:04:13.519,1.01597,1.01618,2.16,1.50
2012.07.26 14:04:13.580,1.01594,1.01615,1.50,1.50
2012.07.26 14:04:13.912,1.01596,1.01616,1.50,1.88
2012.07.26 14:04:14.446,1.01595,1.01617,1.50,1.50
2012.07.26 14:04:14.750,1.01595,1.01617,2.25,1.50
2012.07.26 14:04:14.984,1.01597,1.01619,2.16,1.50
2012.07.26 14:04:15.097,1.01599,1.01621,1.50,1.50
2012.07.26 14:04:15.431,1.01602,1.01623,1.50,3.02
2012.07.26 14:04:15.907,1.016,1.0162,1.50,1.50
2012.07.26 14:04:17.581,1.01597,1.01618,1.50,1.50
2012.07.26 14:04:17.810,1.01599,1.01619,1.50,3.00
2012.07.26 14:04:18.444,1.01599,1.01619,2.16,1.50
2012.07.26 14:04:18.559,1.016,1.01622,2.16,1.88
2012.07.26 14:04:19.090,1.016,1.01621,3.00,1.50
2012.07.26 14:04:19.600,1.01601,1.01623,1.50,3.47
2012.07.26 14:04:19.659,1.01601,1.01623,2.16,1.88
2012.07.26 14:04:19.993,1.01605,1.01628,2.16,1.88
2012.07.26 14:04:20.109,1.01605,1.01628,2.16,1.88
2012.07.26 14:04:20.170,1.01605,1.01628,2.16,1.50
2012.07.26 14:04:20.396,1.01607,1.0163,2.16,1.50
2012.07.26 14:04:20.628,1.0161,1.01631,1.50,1.60
2012.07.26 14:04:20.968,1.0161,1.01631,1.50,1.97
2012.07.26 14:04:21.484,1.01605,1.01627,1.50,1.97
2012.07.26 14:04:21.600,1.01603,1.01623,1.50,1.50
2012.07.26 14:04:21.660,1.01601,1.01623,2.16,1.50
2012.07.26 14:04:21.952,1.01603,1.01623,1.50,1.50
2012.07.26 14:04:22.016,1.01606,1.01628,1.50,1.97
2012.07.26 14:04:22.133,1.01603,1.01625,1.50,1.50
2012.07.26 14:04:22.303,1.01603,1.01625,1.50,1.60
2012.07.26 14:04:23.773,1.016,1.01622,1.50,1.60
2012.07.26 14:04:24.267,1.01602,1.01624,1.50,3.00
2012.07.26 14:04:25.661,1.01602,1.01624,2.16,1.50
2012.07.26 14:04:25.996,1.01609,1.01631,1.50,1.60
2012.07.26 14:04:26.326,1.01607,1.01629,1.50,1.50
2012.07.26 14:04:26.826,1.01606,1.01626,3.00,1.50
2012.07.26 14:04:27.709,1.01604,1.01624,1.50,1.50
2012.07.26 14:04:27.770,1.01602,1.01624,1.50,1.50
2012.07.26 14:04:27.831,1.01607,1.01625,1.50,1.50
2012.07.26 14:04:27.891,1.01607,1.01627,1.50,1.60
2012.07.26 14:04:27.951,1.01605,1.01626,1.50,1.50
2012.07.26 14:04:28.283,1.01604,1.01624,1.50,1.50
2012.07.26 14:04:28.624,1.01607,1.01628,1.50,1.50
2012.07.26 14:04:29.106,1.01607,1.01629,1.50,1.60
2012.07.26 14:04:29.463,1.01604,1.01624,1.50,1.50
2012.07.26 14:04:29.523,1.01602,1.01624,2.25,1.50
2012.07.26 14:04:30.990,1.01608,1.01626,1.50,1.50
2012.07.26 14:04:31.207,1.01606,1.01626,1.50,3.00
2012.07.26 14:04:31.430,1.01606,1.01626,2.16,1.50
2012.07.26 14:04:31.652,1.01606,1.01626,2.25,1.50
2012.07.26 14:04:32.110,1.01609,1.01629,2.16,1.50
2012.07.26 14:04:32.442,1.01612,1.01632,1.50,1.60
2012.07.26 14:04:32.958,1.01612,1.01632,1.50,1.50
2012.07.26 14:04:33.316,1.01611,1.01632,2.16,1.50
2012.07.26 14:04:33.430,1.01611,1.01632,2.16,1.50
2012.07.26 14:04:33.833,1.01612,1.01634,1.50,1.50
2012.07.26 14:04:34.317,1.01614,1.01636,1.50,3.47
2012.07.26 14:04:34.650,1.01616,1.01639,2.16,1.50
2012.07.26 14:04:34.930,1.01616,1.01639,1.50,1.97
2012.07.26 14:04:35.174,1.01614,1.01637,2.16,1.88
2012.07.26 14:04:35.619,1.01612,1.01633,3.00,1.50
2012.07.26 14:04:35.954,1.01613,1.01635,2.16,1.50
2012.07.26 14:04:36.068,1.01613,1.01635,2.16,1.50
2012.07.26 14:04:36.293,1.01613,1.01635,2.16,1.50
2012.07.26 14:04:36.353,1.01615,1.01637,2.16,1.50
2012.07.26 14:04:36.415,1.01618,1.01637,1.04,1.50
2012.07.26 14:04:36.476,1.01626,1.01646,1.50,1.60
2012.07.26 14:04:36.601,1.01626,1.01646,1.50,1.60
2012.07.26 14:04:36.889,1.01618,1.0164,1.88,1.50
2012.07.26 14:04:37.004,1.01627,1.01648,1.50,1.60
2012.07.26 14:04:37.755,1.01624,1.0164,1.50,1.50
2012.07.26 14:04:37.821,1.01618,1.0164,1.50,1.50
2012.07.26 14:04:38.961,1.01618,1.0164,1.88,1.50
2012.07.26 14:04:39.303,1.01618,1.01638,1.88,1.50
2012.07.26 14:04:39.731,1.01616,1.01636,1.88,1.50
2012.07.26 14:04:39.845,1.01619,1.01639,1.88,1.50
2012.07.26 14:04:41.461,1.01621,1.01641,1.50,1.60
2012.07.26 14:04:43.357,1.01618,1.0164,3.66,1.50
2012.07.26 14:04:43.646,1.01618,1.0164,2.25,1.50
2012.07.26 14:04:43.706,1.01618,1.0164,3.00,1.50
2012.07.26 14:04:43.929,1.0162,1.0164,1.50,1.50
2012.07.26 14:04:44.261,1.01618,1.01638,1.50,1.50
2012.07.26 14:04:44.600,1.01619,1.01641,1.50,1.50
2012.07.26 14:04:44.932,1.01619,1.01636,1.04,1.50
2012.07.26 14:04:45.046,1.01619,1.01638,1.04,1.50
2012.07.26 14:04:45.216,1.01619,1.01636,1.04,1.50
2012.07.26 14:04:45.584,1.01617,1.01633,1.04,1.50
2012.07.26 14:04:45.935,1.01618,1.01631,1.04,1.50
2012.07.26 14:04:46.103,1.01618,1.01637,1.04,1.50
2012.07.26 14:04:46.458,1.01614,1.01633,1.04,1.50
2012.07.26 14:04:46.747,1.01615,1.01636,2.16,1.50
2012.07.26 14:04:46.808,1.01615,1.01638,2.16,1.50
2012.07.26 14:04:46.868,1.01615,1.01638,1.50,1.60
2012.07.26 14:04:47.091,1.01613,1.01636,1.50,1.60
2012.07.26 14:04:47.207,1.01609,1.0163,2.54,1.50
2012.07.26 14:04:47.727,1.01609,1.0163,2.54,1.50
2012.07.26 14:04:47.787,1.01612,1.01632,2.16,1.50
2012.07.26 14:04:47.902,1.01613,1.01635,2.54,1.50
2012.07.26 14:04:48.236,1.01615,1.01635,1.50,1.50
2012.07.26 14:04:48.691,1.01612,1.01634,1.88,1.60
2012.07.26 14:04:49.188,1.01615,1.01637,1.50,1.60
2012.07.26 14:04:49.583,1.01617,1.01639,1.50,3.10
2012.07.26 14:04:49.957,1.01615,1.01637,1.50,1.60
2012.07.26 14:04:50.243,1.01617,1.01638,1.50,1.60
2012.07.26 14:04:50.718,1.01615,1.01635,1.50,1.50
2012.07.26 14:04:52.667,1.01615,1.01635,2.16,1.50
2012.07.26 14:04:52.783,1.01616,1.01635,1.04,1.50
2012.07.26 14:04:52.843,1.01616,1.01637,2.54,1.50
2012.07.26 14:04:53.335,1.01619,1.0164,1.88,1.50
2012.07.26 14:04:53.594,1.01616,1.01634,1.04,1.50
2012.07.26 14:04:53.776,1.01614,1.01634,2.16,1.50
2012.07.26 14:04:53.891,1.01614,1.01634,1.50,1.50
2012.07.26 14:04:54.062,1.01613,1.01631,1.04,1.50
2012.07.26 14:04:54.177,1.01615,1.01637,1.50,3.00
2012.07.26 14:04:54.238,1.01615,1.01637,2.16,1.50
2012.07.26 14:04:54.299,1.01619,1.01641,1.50,1.50
2012.07.26 14:04:54.638,1.0162,1.01643,2.16,1.50
2012.07.26 14:04:54.826,1.01623,1.01644,1.50,1.50
2012.07.26 14:04:55.163,1.01618,1.01639,1.50,1.50
2012.07.26 14:04:55.548,1.01618,1.01637,2.84,1.50
2012.07.26 14:04:55.613,1.01619,1.01642,2.16,1.50
2012.07.26 14:04:55.732,1.01622,1.01642,1.50,1.50
2012.07.26 14:04:56.047,1.01622,1.01642,1.50,1.60
2012.07.26 14:04:56.218,1.01625,1.01646,1.50,1.60
2012.07.26 14:04:56.736,1.01621,1.01643,3.66,1.50
2012.07.26 14:04:56.795,1.01624,1.01644,1.50,1.50
2012.07.26 14:04:57.658,1.01626,1.01646,1.50,1.50
2012.07.26 14:04:57.992,1.01628,1.01648,1.50,1.60
2012.07.26 14:04:58.106,1.01628,1.01648,1.50,1.60
2012.07.26 14:04:58.344,1.01628,1.01648,1.50,1.60
2012.07.26 14:04:58.404,1.01626,1.01646,1.50,1.60
2012.07.26 14:04:58.464,1.01626,1.01646,1.50,1.60
2012.07.26 14:04:58.689,1.01625,1.01645,1.50,1.60
2012.07.26 14:04:59.206,1.01626,1.01648,1.50,1.60
2012.07.26 14:04:59.307,1.01626,1.01648,1.50,1.60
2012.07.26 14:05:00.225,1.01626,1.01648,1.88,1.60
2012.07.26 14:05:00.612,1.01631,1.01651,1.50,1.60
2012.07.26 14:05:00.889,1.01631,1.01651,1.50,1.60
2012.07.26 14:05:01.254,1.01627,1.01649,1.50,1.50
2012.07.26 14:05:01.572,1.01627,1.01647,2.18,1.50
2012.07.26 14:05:01.913,1.01623,1.01645,1.50,1.60
2012.07.26 14:05:02.984,1.01621,1.01644,2.25,1.50
2012.07.26 14:05:03.425,1.01624,1.01645,1.50,1.60
2012.07.26 14:05:03.759,1.01622,1.01642,1.50,1.50
2012.07.26 14:05:03.818,1.01622,1.01644,1.50,1.50
2012.07.26 14:05:03.898,1.01624,1.01645,1.50,1.60
2012.07.26 14:05:04.243,1.01622,1.01644,1.50,1.50
2012.07.26 14:05:04.303,1.01617,1.01639,2.16,1.50
2012.07.26 14:05:04.635,1.01625,1.01647,1.50,1.60
2012.07.26 14:05:04.749,1.01625,1.01647,1.50,1.50
2012.07.26 14:05:05.320,1.01626,1.01645,1.50,1.60
2012.07.26 14:05:05.381,1.01621,1.01643,3.00,1.50
2012.07.26 14:05:05.441,1.01623,1.01645,1.50,1.60
2012.07.26 14:05:06.015,1.01621,1.01643,2.16,1.50
2012.07.26 14:05:06.128,1.01623,1.01645,1.50,1.50
2012.07.26 14:05:06.438,1.01621,1.01643,1.50,1.50
2012.07.26 14:05:07.055,1.01622,1.01642,1.50,1.50
2012.07.26 14:05:07.689,1.01623,1.01644,1.50,1.50
2012.07.26 14:05:07.803,1.01622,1.01642,1.50,1.50
2012.07.26 14:05:08.242,1.0162,1.01643,1.50,1.60
2012.07.26 14:05:08.465,1.01617,1.0164,1.88,1.50
2012.07.26 14:05:08.972,1.0162,1.01641,1.50,1.60
2012.07.26 14:05:09.696,1.0162,1.01641,1.50,1.60
2012.07.26 14:05:10.285,1.0162,1.01641,1.50,1.50
2012.07.26 14:05:10.614,1.01621,1.01643,1.50,1.50
2012.07.26 14:05:10.892,1.01624,1.01644,1.50,1.60
2012.07.26 14:05:11.295,1.01622,1.01642,1.50,1.50
2012.07.26 14:05:11.838,1.01621,1.01643,1.50,1.50
2012.07.26 14:05:12.245,1.01618,1.0164,2.54,1.50
2012.07.26 14:05:12.358,1.01622,1.01645,1.50,1.60
2012.07.26 14:05:12.417,1.01621,1.01643,3.00,1.50
2012.07.26 14:05:12.855,1.01622,1.01645,1.50,1.60
2012.07.26 14:05:12.968,1.01622,1.01642,1.50,1.50
2012.07.26 14:05:13.369,1.01622,1.01645,1.50,1.50
2012.07.26 14:05:13.593,1.01624,1.01644,1.50,1.50
2012.07.26 14:05:14.146,1.01623,1.01643,1.50,1.50
2012.07.26 14:05:14.480,1.01629,1.01651,1.50,1.97
2012.07.26 14:05:14.860,1.01629,1.01651,1.50,1.60
2012.07.26 14:05:15.058,1.01629,1.01651,1.50,1.60
2012.07.26 14:05:15.573,1.01629,1.01651,1.50,1.60
2012.07.26 14:05:15.634,1.01626,1.01648,1.50,1.60
2012.07.26 14:05:16.157,1.01627,1.01649,1.50,3.10
2012.07.26 14:05:16.270,1.01629,1.01649,1.50,1.60
2012.07.26 14:05:16.384,1.01629,1.01649,1.50,1.60
2012.07.26 14:05:16.607,1.01633,1.01651,1.50,1.60
2012.07.26 14:05:16.886,1.01637,1.0166,2.16,2.25
2012.07.26 14:05:17.002,1.01634,1.01657,2.16,1.50
2012.07.26 14:05:17.587,1.01637,1.0166,1.50,1.60
2012.07.26 14:05:17.702,1.01638,1.0166,1.50,1.50
2012.07.26 14:05:17.908,1.01642,1.01662,1.50,1.88
2012.07.26 14:05:18.428,1.01636,1.01657,2.16,1.50
2012.07.26 14:05:18.652,1.01638,1.01659,1.50,1.60
2012.07.26 14:05:18.794,1.01641,1.01662,1.50,1.97
2012.07.26 14:05:19.017,1.01641,1.01662,2.16,1.88
2012.07.26 14:05:19.353,1.01639,1.01661,1.50,1.97
2012.07.26 14:05:19.743,1.01641,1.01664,1.50,1.60
2012.07.26 14:05:19.913,1.01641,1.01664,1.50,1.50
2012.07.26 14:05:20.028,1.01646,1.01667,1.50,1.50
2012.07.26 14:05:20.529,1.01645,1.01668,1.50,1.60
2012.07.26 14:05:21.402,1.01645,1.01667,1.50,1.50
2012.07.26 14:05:21.462,1.01643,1.01666,1.50,1.50
2012.07.26 14:05:21.577,1.01645,1.01667,1.50,1.50
2012.07.26 14:05:21.911,1.01643,1.01659,1.50,1.50
2012.07.26 14:05:22.182,1.01637,1.01659,2.25,1.50
2012.07.26 14:05:22.247,1.0164,1.0166,1.50,1.50
2012.07.26 14:05:22.471,1.0164,1.01662,1.50,1.60
2012.07.26 14:05:22.996,1.01638,1.01658,3.00,1.50
2012.07.26 14:05:23.394,1.01635,1.01657,1.50,1.50
2012.07.26 14:05:23.510,1.01633,1.01656,2.16,1.50
2012.07.26 14:05:23.625,1.01636,1.01658,2.16,1.50
2012.07.26 14:05:23.741,1.01637,1.0166,4.34,1.50
2012.07.26 14:05:23.881,1.01642,1.01662,1.50,1.60
2012.07.26 14:05:24.169,1.01642,1.01663,1.50,1.50
2012.07.26 14:05:24.544,1.0164,1.01662,1.50,1.50
2012.07.26 14:05:24.604,1.01648,1.01663,1.50,1.50
2012.07.26 14:05:24.665,1.01648,1.01669,1.50,2.25
2012.07.26 14:05:25.180,1.01649,1.01671,1.50,1.22
2012.07.26 14:05:25.497,1.01648,1.01661,1.50,1.50
2012.07.26 14:05:25.612,1.01641,1.01661,2.16,1.50
2012.07.26 14:05:26.036,1.01641,1.01661,2.16,1.50
2012.07.26 14:05:26.708,1.01641,1.01661,1.50,1.50
2012.07.26 14:05:26.985,1.01638,1.01659,3.21,1.50
2012.07.26 14:05:27.329,1.01641,1.01661,1.88,1.50
2012.07.26 14:05:27.443,1.01643,1.01663,1.88,3.00
2012.07.26 14:05:27.502,1.0164,1.01661,1.04,1.50
2012.07.26 14:05:27.616,1.01644,1.01664,1.88,1.50
2012.07.26 14:05:28.150,1.01641,1.01663,1.88,1.50
2012.07.26 14:05:28.210,1.0164,1.01657,1.04,1.50
2012.07.26 14:05:28.496,1.01639,1.01657,1.04,1.50
2012.07.26 14:05:29.004,1.01639,1.01657,1.04,1.50
2012.07.26 14:05:29.064,1.01639,1.01655,1.04,1.50
2012.07.26 14:05:29.451,1.01639,1.01657,1.04,1.50
2012.07.26 14:05:30.138,1.01641,1.01663,2.16,1.50
2012.07.26 14:05:30.372,1.01643,1.01665,1.50,1.50
2012.07.26 14:05:30.486,1.01647,1.01667,1.50,1.50
2012.07.26 14:05:30.821,1.01645,1.01665,1.50,1.50
2012.07.26 14:05:31.353,1.01643,1.01665,1.50,1.60
2012.07.26 14:05:31.769,1.01643,1.01663,1.50,1.50
2012.07.26 14:05:32.367,1.01641,1.01661,3.00,1.50
2012.07.26 14:05:32.481,1.01638,1.0166,1.50,1.50
2012.07.26 14:05:32.862,1.01641,1.01661,1.50,1.50
2012.07.26 14:05:34.191,1.01638,1.0166,1.50,1.50
2012.07.26 14:05:34.682,1.0164,1.01662,1.50,3.10
2012.07.26 14:05:35.014,1.01647,1.01661,2.18,1.50
2012.07.26 14:05:35.237,1.01642,1.01661,1.50,1.50
2012.07.26 14:05:35.515,1.01639,1.01661,2.16,1.50
2012.07.26 14:05:36.137,1.01639,1.0166,1.04,1.50
2012.07.26 14:05:36.641,1.01639,1.0166,1.04,1.50
2012.07.26 14:05:36.908,1.0164,1.01663,2.16,1.50
2012.07.26 14:05:38.534,1.0164,1.01663,1.50,1.50
2012.07.26 14:05:38.719,1.0164,1.01661,1.50,1.50
2012.07.26 14:05:38.822,1.01638,1.0166,1.04,1.50
2012.07.26 14:05:39.415,1.01639,1.01661,1.50,1.50
2012.07.26 14:05:40.001,1.01641,1.01663,1.50,1.50
2012.07.26 14:05:40.308,1.01636,1.01657,2.16,1.50
2012.07.26 14:05:40.641,1.01629,1.01648,2.25,1.60
2012.07.26 14:05:40.701,1.01629,1.01648,2.25,1.50
2012.07.26 14:05:40.762,1.01626,1.01648,1.50,1.50
2012.07.26 14:05:41.319,1.01626,1.01641,1.50,1.50
2012.07.26 14:05:41.525,1.01623,1.01645,2.54,3.00
2012.07.26 14:05:41.591,1.0163,1.0165,1.50,1.50
2012.07.26 14:05:41.916,1.01623,1.01642,1.04,1.50
2012.07.26 14:05:42.117,1.01628,1.0165,1.50,1.50
2012.07.26 14:05:42.552,1.01632,1.01652,1.50,1.50
2012.07.26 14:05:42.784,1.01634,1.01656,1.50,1.60
2012.07.26 14:05:42.900,1.01634,1.01643,1.50,2.18
2012.07.26 14:05:43.242,1.01636,1.01642,1.50,2.18
2012.07.26 14:05:43.467,1.01623,1.01643,1.50,2.18
2012.07.26 14:05:43.802,1.01617,1.01639,1.50,1.50
2012.07.26 14:05:43.917,1.01615,1.01637,3.00,1.50
2012.07.26 14:05:44.250,1.01617,1.01637,1.50,1.50
2012.07.26 14:05:45.155,1.01614,1.01634,1.50,1.50
2012.07.26 14:05:45.604,1.01619,1.01639,1.50,1.50
2012.07.26 14:05:45.959,1.01613,1.01633,1.50,1.50
2012.07.26 14:05:46.508,1.0161,1.01631,1.50,1.50
2012.07.26 14:05:47.042,1.01612,1.01633,1.50,1.50
2012.07.26 14:05:47.548,1.01613,1.01636,1.50,1.50
2012.07.26 14:05:47.731,1.01613,1.01633,1.50,1.50
2012.07.26 14:05:47.899,1.01613,1.01636,1.50,1.50
2012.07.26 14:05:48.026,1.01613,1.01633,1.50,1.50
2012.07.26 14:05:49.786,1.01611,1.01631,2.16,1.50
2012.07.26 14:05:50.348,1.01609,1.0163,1.04,1.50
2012.07.26 14:05:50.516,1.01616,1.01638,1.50,1.50
2012.07.26 14:05:50.631,1.01611,1.0163,1.50,1.50
2012.07.26 14:05:50.691,1.01607,1.01629,1.88,1.50
2012.07.26 14:05:50.805,1.0161,1.01632,1.50,1.50
2012.07.26 14:05:51.356,1.01613,1.01633,1.50,1.50
2012.07.26 14:05:51.470,1.01611,1.01633,1.50,3.00
2012.07.26 14:05:51.975,1.01611,1.01632,1.50,2.18
2012.07.26 14:05:52.307,1.01609,1.01631,1.50,1.50
2012.07.26 14:05:52.368,1.01608,1.01627,1.50,1.50
2012.07.26 14:05:52.428,1.01606,1.01627,1.50,1.50
2012.07.26 14:05:52.928,1.0161,1.01631,1.50,1.50
2012.07.26 14:05:53.218,1.01604,1.01627,2.54,1.50
2012.07.26 14:05:53.747,1.01603,1.01625,1.88,1.50
2012.07.26 14:05:54.312,1.01602,1.01625,1.50,1.50
2012.07.26 14:05:55.040,1.01603,1.01624,1.50,1.50
2012.07.26 14:05:55.463,1.01605,1.01623,1.50,2.93
2012.07.26 14:05:55.531,1.01598,1.0162,1.50,1.50
2012.07.26 14:05:55.688,1.016,1.0162,1.50,1.50
2012.07.26 14:05:56.018,1.01602,1.01622,1.50,3.68
2012.07.26 14:05:56.339,1.016,1.0162,1.50,1.50
2012.07.26 14:05:56.863,1.01598,1.01618,3.00,1.50
2012.07.26 14:05:57.784,1.01597,1.01619,1.50,1.50
2012.07.26 14:05:58.115,1.016,1.01622,1.50,1.50
2012.07.26 14:05:58.433,1.01598,1.01618,3.66,1.50
2012.07.26 14:05:58.771,1.01601,1.01621,1.50,1.50
2012.07.26 14:05:59.212,1.01603,1.01623,1.50,1.50
2012.07.26 14:05:59.544,1.016,1.0162,1.50,1.50
2012.07.26 14:05:59.877,1.01598,1.0162,3.00,1.50
2012.07.26 14:06:00.481,1.01601,1.01621,1.50,3.00
2012.07.26 14:06:00.974,1.01606,1.01626,1.50,2.25
2012.07.26 14:06:01.095,1.01602,1.01623,1.50,1.50
2012.07.26 14:06:01.156,1.01602,1.0162,1.50,1.50
2012.07.26 14:06:01.271,1.016,1.0162,1.50,1.50
2012.07.26 14:06:01.798,1.01601,1.01622,1.50,1.50
2012.07.26 14:06:02.306,1.01601,1.01623,2.16,1.50
2012.07.26 14:06:02.367,1.01604,1.01626,1.50,2.18
2012.07.26 14:06:02.693,1.01602,1.01624,1.88,1.50
2012.07.26 14:06:03.381,1.01605,1.01627,1.50,1.50
2012.07.26 14:06:03.607,1.01604,1.01625,1.50,1.50
2012.07.26 14:06:03.941,1.01606,1.01627,1.50,1.50
2012.07.26 14:06:04.572,1.01607,1.01628,1.50,3.00
2012.07.26 14:06:04.814,1.01605,1.01627,1.50,1.50
2012.07.26 14:06:05.375,1.01605,1.01624,1.50,1.50
2012.07.26 14:06:05.436,1.016,1.01622,1.50,1.50
2012.07.26 14:06:05.944,1.01601,1.01621,1.50,1.50
2012.07.26 14:06:06.430,1.01601,1.01624,1.50,1.50
2012.07.26 14:06:06.653,1.01599,1.01622,1.50,1.50
2012.07.26 14:06:06.967,1.01599,1.0162,1.50,1.50
2012.07.26 14:06:07.301,1.01603,1.01624,1.50,3.00
2012.07.26 14:06:07.532,1.01601,1.01623,1.50,1.50
2012.07.26 14:06:07.647,1.01602,1.01624,1.88,1.50
2012.07.26 14:06:08.245,1.01604,1.01626,1.50,1.50
2012.07.26 14:06:08.718,1.01609,1.01631,1.50,2.35
2012.07.26 14:06:08.833,1.01609,1.01631,1.50,2.35
2012.07.26 14:06:09.000,1.016,1.01622,1.50,1.50
2012.07.26 14:06:09.060,1.01602,1.01624,1.50,3.00
2012.07.26 14:06:09.393,1.01598,1.01618,1.88,1.50
2012.07.26 14:06:10.150,1.01598,1.01618,1.88,1.50
2012.07.26 14:06:10.663,1.01598,1.01618,1.50,1.50
2012.07.26 14:06:11.713,1.01601,1.01621,1.50,3.00
2012.07.26 14:06:12.327,1.01598,1.01619,1.50,1.50
2012.07.26 14:06:12.470,1.01601,1.0162,1.50,1.50
2012.07.26 14:06:13.013,1.01603,1.01622,1.50,2.18
2012.07.26 14:06:13.293,1.01606,1.01626,1.50,1.50
2012.07.26 14:06:13.353,1.01606,1.01628,1.50,1.50
2012.07.26 14:06:13.717,1.01604,1.01624,3.38,1.50
2012.07.26 14:06:14.059,1.01604,1.01624,1.88,1.50
2012.07.26 14:06:14.174,1.01609,1.01631,1.88,1.50
2012.07.26 14:06:14.234,1.01609,1.01627,1.88,1.50
2012.07.26 14:06:14.573,1.01603,1.01625,3.38,1.50
2012.07.26 14:06:14.988,1.01603,1.01625,1.88,1.50
2012.07.26 14:06:15.596,1.01604,1.01624,1.50,1.50
2012.07.26 14:06:16.422,1.01604,1.01624,1.88,1.50
2012.07.26 14:06:16.974,1.01613,1.01632,1.50,2.18
2012.07.26 14:06:17.408,1.01611,1.01631,1.50,1.50
2012.07.26 14:06:17.528,1.01608,1.0163,1.88,1.50
2012.07.26 14:06:17.830,1.01608,1.0163,1.88,1.50
2012.07.26 14:06:18.054,1.01609,1.01622,1.50,2.18
2012.07.26 14:06:18.115,1.01609,1.01629,1.50,1.60
2012.07.26 14:06:18.935,1.01606,1.01629,1.50,1.50
2012.07.26 14:06:18.995,1.01611,1.01631,1.50,1.97
2012.07.26 14:06:19.222,1.01606,1.01628,1.50,1.60
2012.07.26 14:06:19.723,1.01606,1.01628,1.50,3.00
2012.07.26 14:06:19.783,1.01606,1.01626,1.50,1.50
2012.07.26 14:06:20.453,1.01607,1.01628,1.50,1.50
2012.07.26 14:06:20.571,1.01605,1.01626,1.50,1.50
2012.07.26 14:06:21.107,1.01607,1.01629,1.50,1.50
2012.07.26 14:06:21.383,1.01607,1.01627,1.50,1.50
2012.07.26 14:06:21.716,1.01605,1.01622,1.04,1.50
2012.07.26 14:06:21.775,1.01603,1.01622,1.04,1.50
2012.07.26 14:06:21.998,1.01605,1.01626,2.16,1.50
2012.07.26 14:06:22.112,1.01605,1.01626,2.54,1.50
2012.07.26 14:06:22.335,1.01607,1.01628,2.16,1.50
2012.07.26 14:06:22.401,1.01614,1.01631,1.50,1.50
2012.07.26 14:06:22.460,1.01614,1.01634,1.50,1.50
2012.07.26 14:06:22.869,1.01611,1.01633,3.66,1.50
2012.07.26 14:06:23.376,1.0161,1.01632,1.50,1.50
2012.07.26 14:06:23.436,1.01609,1.01629,1.50,1.50
2012.07.26 14:06:24.114,1.01608,1.0163,1.50,1.50
2012.07.26 14:06:24.451,1.01609,1.01622,1.50,2.18
2012.07.26 14:06:24.620,1.01609,1.01625,1.50,1.50
2012.07.26 14:06:24.681,1.01604,1.01623,1.13,1.50
2012.07.26 14:06:24.742,1.01601,1.01623,1.88,1.50
2012.07.26 14:06:24.803,1.01601,1.01623,1.50,1.50
2012.07.26 14:06:24.918,1.01607,1.01625,1.50,1.50
2012.07.26 14:06:24.979,1.01607,1.01629,1.50,1.50
2012.07.26 14:06:25.203,1.01605,1.01625,3.00,1.50
2012.07.26 14:06:26.322,1.01604,1.01626,1.50,1.50
2012.07.26 14:06:26.660,1.01604,1.01622,1.50,2.18
2012.07.26 14:06:27.570,1.01604,1.01626,1.50,1.50
2012.07.26 14:06:28.092,1.01605,1.01626,1.50,1.88
2012.07.26 14:06:28.500,1.016,1.01621,1.50,1.50
2012.07.26 14:06:28.619,1.01602,1.01625,1.50,1.60
2012.07.26 14:06:28.940,1.01604,1.01627,1.50,1.97
2012.07.26 14:06:29.058,1.01602,1.01625,1.50,1.60
2012.07.26 14:06:29.563,1.01604,1.01627,1.50,1.60
2012.07.26 14:06:30.035,1.016,1.01623,1.50,1.50
2012.07.26 14:06:30.509,1.01602,1.01625,1.50,3.00
2012.07.26 14:06:30.841,1.01606,1.01628,1.50,1.50
2012.07.26 14:06:31.187,1.01608,1.0163,1.50,1.50
2012.07.26 14:06:31.534,1.01607,1.01627,1.50,1.50
2012.07.26 14:06:32.349,1.0161,1.01629,1.50,1.50
2012.07.26 14:06:32.656,1.01612,1.01632,1.50,1.50
2012.07.26 14:06:33.208,1.01613,1.01633,3.00,1.50
2012.07.26 14:06:33.774,1.01614,1.01635,1.50,1.50
2012.07.26 14:06:34.203,1.01612,1.01631,1.88,1.50
2012.07.26 14:06:34.264,1.01608,1.01631,1.50,1.50
2012.07.26 14:06:34.836,1.01607,1.01627,1.50,1.50
2012.07.26 14:06:35.229,1.01604,1.01624,1.88,1.50
2012.07.26 14:06:35.544,1.01606,1.01626,1.50,1.50
2012.07.26 14:06:35.788,1.01602,1.01624,1.88,1.50
2012.07.26 14:06:36.212,1.01605,1.01625,1.50,1.50
2012.07.26 14:06:36.549,1.01603,1.01624,3.00,1.50
2012.07.26 14:06:36.668,1.01604,1.01626,1.50,1.50
2012.07.26 14:06:37.184,1.01605,1.01625,1.50,1.50
2012.07.26 14:06:37.355,1.01603,1.01624,1.50,1.50
2012.07.26 14:06:37.437,1.01601,1.01624,2.16,1.50
2012.07.26 14:06:37.962,1.01602,1.01624,1.50,1.50
2012.07.26 14:06:38.269,1.01605,1.01625,1.50,3.00
2012.07.26 14:06:38.437,1.01601,1.01623,1.50,1.50
2012.07.26 14:06:38.681,1.01604,1.01624,1.50,1.50
2012.07.26 14:06:40.284,1.01604,1.01626,1.50,1.50
2012.07.26 14:06:40.509,1.01602,1.01622,1.50,1.50
2012.07.26 14:06:40.842,1.01598,1.01617,1.04,1.50
2012.07.26 14:06:41.132,1.016,1.01622,1.50,1.50
2012.07.26 14:06:41.245,1.016,1.01622,2.16,1.50
2012.07.26 14:06:41.567,1.01604,1.01624,2.16,1.50
2012.07.26 14:06:42.216,1.01602,1.01623,1.41,1.50
2012.07.26 14:06:42.408,1.01606,1.01626,1.50,1.50
2012.07.26 14:06:43.101,1.01606,1.01626,2.25,1.50
2012.07.26 14:06:43.682,1.01606,1.01626,1.50,1.50
2012.07.26 14:06:44.593,1.01604,1.01624,1.50,1.50
2012.07.26 14:06:45.346,1.01608,1.01627,1.50,1.50
2012.07.26 14:06:45.408,1.01608,1.0163,1.50,1.50
2012.07.26 14:06:45.469,1.0161,1.01631,1.50,1.50
2012.07.26 14:06:45.973,1.01609,1.01632,1.50,1.50
2012.07.26 14:06:46.304,1.01613,1.01633,1.50,2.18
2012.07.26 14:06:46.473,1.01614,1.01637,1.50,3.38
2012.07.26 14:06:46.533,1.01617,1.01638,1.50,3.38
2012.07.26 14:06:47.042,1.01617,1.01638,1.50,1.88
2012.07.26 14:06:47.212,1.01615,1.01638,1.50,1.97
2012.07.26 14:06:47.303,1.01614,1.01626,1.50,1.50
2012.07.26 14:06:47.362,1.01606,1.01626,2.25,1.50
2012.07.26 14:06:47.476,1.01605,1.01624,1.41,1.50
2012.07.26 14:06:47.724,1.01606,1.01627,2.25,1.50
2012.07.26 14:06:47.844,1.01605,1.01625,2.91,1.50
2012.07.26 14:06:48.271,1.01607,1.01627,1.50,1.50
2012.07.26 14:06:48.960,1.01606,1.01628,2.25,1.50
2012.07.26 14:06:49.493,1.01607,1.01629,1.50,1.50
2012.07.26 14:06:49.553,1.01599,1.01619,3.36,1.50
2012.07.26 14:06:49.886,1.01604,1.01627,3.00,1.50
2012.07.26 14:06:50.381,1.01605,1.01625,1.50,1.50
2012.07.26 14:06:50.734,1.01603,1.01627,3.00,3.00
2012.07.26 14:06:51.397,1.01607,1.01632,1.50,4.05
2012.07.26 14:06:52.048,1.01608,1.01635,1.50,1.97
2012.07.26 14:06:52.158,1.01608,1.01635,1.50,1.60
2012.07.26 14:06:52.806,1.01608,1.01635,1.50,1.97
2012.07.26 14:06:53.063,1.01606,1.01631,1.50,1.88
2012.07.26 14:06:53.177,1.01604,1.01629,1.50,1.50
2012.07.26 14:06:53.483,1.01594,1.01619,1.50,1.50
2012.07.26 14:06:53.835,1.01597,1.01622,1.50,1.88
2012.07.26 14:06:54.482,1.01597,1.01622,2.16,1.88
2012.07.26 14:06:54.639,1.01597,1.01622,1.50,1.88
2012.07.26 14:06:54.754,1.01599,1.01622,1.50,2.55
2012.07.26 14:06:55.034,1.01594,1.0162,2.25,1.50
2012.07.26 14:06:55.094,1.01594,1.0162,1.50,1.60
2012.07.26 14:06:55.351,1.01594,1.0162,1.50,1.60
2012.07.26 14:06:55.632,1.01594,1.0162,1.50,1.97
2012.07.26 14:06:55.980,1.01589,1.01612,1.50,2.18
2012.07.26 14:06:56.052,1.01589,1.01614,1.50,1.50
2012.07.26 14:06:56.334,1.0159,1.01612,1.50,1.50
2012.07.26 14:06:56.670,1.01599,1.0161,2.16,1.50
2012.07.26 14:06:56.932,1.01602,1.01622,1.50,1.50
2012.07.26 14:06:57.046,1.01602,1.01617,1.50,1.50
2012.07.26 14:06:57.108,1.01592,1.01612,1.50,1.50
2012.07.26 14:06:57.551,1.0159,1.01612,1.95,1.50
2012.07.26 14:06:57.668,1.01599,1.0162,1.50,1.50
2012.07.26 14:06:57.729,1.01599,1.0162,1.50,2.25
2012.07.26 14:06:58.062,1.01599,1.01616,1.50,1.50
2012.07.26 14:06:58.128,1.01585,1.01612,1.50,1.50
2012.07.26 14:06:58.410,1.01584,1.01613,1.50,1.60
2012.07.26 14:06:58.610,1.01581,1.01611,3.00,1.60
2012.07.26 14:06:58.671,1.01578,1.01605,2.16,1.50
2012.07.26 14:06:58.731,1.01574,1.01605,1.04,1.50
2012.07.26 14:06:58.793,1.01572,1.01598,1.41,1.50
2012.07.26 14:06:59.133,1.0157,1.01598,1.41,1.50
2012.07.26 14:06:59.305,1.0157,1.016,2.91,3.00
2012.07.26 14:06:59.421,1.01569,1.01597,1.04,1.50
2012.07.26 14:06:59.483,1.01568,1.01597,1.88,1.50
2012.07.26 14:06:59.684,1.01568,1.01593,1.88,2.18
2012.07.26 14:06:59.799,1.01568,1.01597,2.16,1.50
2012.07.26 14:07:00.028,1.01567,1.01593,1.50,2.18
2012.07.26 14:07:00.089,1.01567,1.01596,1.50,1.50
2012.07.26 14:07:00.149,1.01567,1.01596,1.50,1.60
2012.07.26 14:07:00.488,1.01572,1.01593,1.50,2.18
2012.07.26 14:07:00.808,1.01565,1.01591,1.50,1.50
2012.07.26 14:07:00.926,1.01565,1.01593,1.50,2.18
2012.07.26 14:07:00.987,1.01565,1.01596,1.50,1.50
2012.07.26 14:07:01.216,1.01568,1.01589,2.18,1.50
2012.07.26 14:07:01.334,1.01568,1.01598,3.21,1.50
2012.07.26 14:07:01.396,1.01568,1.01598,3.21,1.50
2012.07.26 14:07:01.457,1.01568,1.01598,3.21,1.50
2012.07.26 14:07:01.589,1.01568,1.01596,3.21,1.50
2012.07.26 14:07:02.090,1.01571,1.016,1.50,2.35
2012.07.26 14:07:02.314,1.01569,1.01592,1.04,1.50
2012.07.26 14:07:02.717,1.01564,1.01593,2.48,2.25
2012.07.26 14:07:02.835,1.01564,1.01593,1.88,2.35
2012.07.26 14:07:03.064,1.01556,1.01583,1.50,2.18
2012.07.26 14:07:03.125,1.01552,1.01575,1.04,1.50
2012.07.26 14:07:03.533,1.01551,1.01578,1.04,1.50
2012.07.26 14:07:03.705,1.01553,1.0158,1.04,3.00
2012.07.26 14:07:04.041,1.01559,1.0158,1.04,1.50
2012.07.26 14:07:04.265,1.01558,1.0158,1.04,1.50
2012.07.26 14:07:04.380,1.01559,1.0158,1.04,1.50
2012.07.26 14:07:04.608,1.01557,1.01585,2.84,1.50
2012.07.26 14:07:04.724,1.01558,1.01589,2.54,1.50
2012.07.26 14:07:04.784,1.01564,1.01589,1.04,1.50
2012.07.26 14:07:04.844,1.01566,1.01591,1.88,1.50
2012.07.26 14:07:04.904,1.01564,1.01591,2.16,1.50
2012.07.26 14:07:05.237,1.01569,1.01591,1.50,1.50
2012.07.26 14:07:06.070,1.01572,1.01595,1.50,1.50
2012.07.26 14:07:06.186,1.01569,1.01591,1.50,1.50
2012.07.26 14:07:06.522,1.01575,1.01595,1.50,1.50
2012.07.26 14:07:06.867,1.01572,1.01592,1.50,1.50
2012.07.26 14:07:07.201,1.01574,1.01594,1.50,1.50
2012.07.26 14:07:07.535,1.01576,1.01596,1.50,1.50
2012.07.26 14:07:07.866,1.01572,1.01593,1.50,1.50
2012.07.26 14:07:07.927,1.01575,1.01598,1.50,1.50
2012.07.26 14:07:08.158,1.01577,1.01598,1.50,1.50
2012.07.26 14:07:08.512,1.01581,1.01602,1.50,1.88
2012.07.26 14:07:08.847,1.01579,1.01597,1.50,1.50
2012.07.26 14:07:09.199,1.01575,1.01594,1.50,1.60
2012.07.26 14:07:09.260,1.01572,1.01592,1.50,2.27
2012.07.26 14:07:09.485,1.01568,1.01589,1.88,1.50
2012.07.26 14:07:09.600,1.01571,1.01589,1.50,1.50
2012.07.26 14:07:09.860,1.01575,1.01595,1.50,1.50
2012.07.26 14:07:10.087,1.01573,1.01595,1.50,1.50
2012.07.26 14:07:10.148,1.01578,1.01598,1.50,1.50
2012.07.26 14:07:10.691,1.01576,1.01596,3.00,1.50
2012.07.26 14:07:11.282,1.01578,1.01598,1.50,1.50
2012.07.26 14:07:11.505,1.01579,1.01602,1.50,1.97
2012.07.26 14:07:11.674,1.01579,1.01602,1.50,1.88
2012.07.26 14:07:11.735,1.01579,1.016,1.50,1.50
2012.07.26 14:07:11.795,1.01576,1.01599,1.50,1.50
2012.07.26 14:07:11.964,1.01578,1.016,1.50,1.50
2012.07.26 14:07:12.371,1.01576,1.01597,1.50,1.50
2012.07.26 14:07:12.924,1.01577,1.01598,1.50,1.50
2012.07.26 14:07:13.297,1.01579,1.016,1.50,1.50
2012.07.26 14:07:13.795,1.01579,1.01602,1.50,1.50
2012.07.26 14:07:14.018,1.01579,1.01602,1.50,3.77
2012.07.26 14:07:14.353,1.01572,1.01594,1.88,1.50
2012.07.26 14:07:14.555,1.01574,1.01596,1.50,1.50
2012.07.26 14:07:14.670,1.01576,1.01598,1.50,1.50
2012.07.26 14:07:15.085,1.01572,1.01594,1.50,1.50
2012.07.26 14:07:15.588,1.01573,1.01595,1.50,1.50
2012.07.26 14:07:16.120,1.01573,1.01595,1.50,1.60
2012.07.26 14:07:16.600,1.0157,1.0159,1.50,1.50
2012.07.26 14:07:16.664,1.01567,1.01589,1.50,1.50
2012.07.26 14:07:17.106,1.01569,1.01591,1.50,1.50
2012.07.26 14:07:17.455,1.01572,1.01592,1.50,3.00
2012.07.26 14:07:17.515,1.01569,1.01591,1.50,1.50
2012.07.26 14:07:17.629,1.01572,1.01592,1.50,3.00
2012.07.26 14:07:17.964,1.01574,1.01594,1.50,1.50
2012.07.26 14:07:18.082,1.01577,1.01598,1.50,1.50
2012.07.26 14:07:18.470,1.01579,1.01599,1.50,1.50
2012.07.26 14:07:18.860,1.01578,1.01601,1.50,1.50
2012.07.26 14:07:19.249,1.01578,1.01598,1.50,1.50
2012.07.26 14:07:19.505,1.01574,1.01596,1.50,1.50
2012.07.26 14:07:19.565,1.01577,1.01596,1.50,1.50
2012.07.26 14:07:20.085,1.01577,1.01597,3.00,1.50
2012.07.26 14:07:20.562,1.01574,1.01596,1.50,1.50
2012.07.26 14:07:20.624,1.01578,1.016,1.50,1.50
2012.07.26 14:07:21.260,1.01582,1.01602,1.50,1.97
2012.07.26 14:07:21.375,1.01582,1.01604,1.50,1.60
2012.07.26 14:07:21.488,1.0158,1.01602,1.50,1.50
2012.07.26 14:07:21.979,1.01578,1.01598,3.00,1.50
2012.07.26 14:07:22.815,1.0158,1.016,1.50,1.50
2012.07.26 14:07:22.933,1.01577,1.016,1.88,1.50
2012.07.26 14:07:23.243,1.0158,1.01602,1.50,1.50
2012.07.26 14:07:23.744,1.01582,1.01603,1.50,1.50
2012.07.26 14:07:24.051,1.01579,1.01599,1.50,1.50
2012.07.26 14:07:24.111,1.0158,1.01602,1.50,1.50
2012.07.26 14:07:24.442,1.01578,1.016,1.50,1.50
2012.07.26 14:07:24.756,1.01582,1.01603,1.50,1.50
2012.07.26 14:07:25.089,1.0158,1.01601,1.50,1.50
2012.07.26 14:07:25.427,1.0158,1.01599,1.50,1.50
2012.07.26 14:07:25.487,1.0158,1.01601,1.50,3.00
2012.07.26 14:07:25.547,1.01578,1.01599,2.54,1.50
2012.07.26 14:07:25.662,1.01579,1.01602,1.50,1.50
2012.07.26 14:07:25.779,1.01582,1.01602,1.04,1.50
2012.07.26 14:07:25.895,1.01587,1.01609,1.50,1.50
2012.07.26 14:07:26.232,1.01584,1.01603,1.50,1.50
2012.07.26 14:07:26.293,1.01581,1.01603,1.50,1.50
2012.07.26 14:07:26.631,1.01585,1.01604,1.50,1.50
2012.07.26 14:07:26.747,1.01585,1.01606,1.50,1.50
2012.07.26 14:07:27.298,1.01584,1.01607,1.50,1.50
2012.07.26 14:07:27.612,1.01589,1.01609,1.50,1.50
2012.07.26 14:07:27.673,1.01589,1.01612,1.50,1.50
2012.07.26 14:07:27.733,1.01589,1.01612,1.50,2.25
2012.07.26 14:07:28.121,1.01588,1.01605,1.50,1.50
2012.07.26 14:07:28.455,1.01576,1.01598,2.48,1.50
2012.07.26 14:07:28.570,1.01577,1.01597,1.50,1.88
2012.07.26 14:07:28.997,1.01574,1.01591,1.50,1.50
2012.07.26 14:07:29.089,1.0157,1.01591,2.16,1.50
2012.07.26 14:07:29.150,1.01574,1.01595,1.50,1.50
2012.07.26 14:07:29.714,1.01574,1.01596,1.50,1.50
2012.07.26 14:07:29.884,1.01574,1.01596,1.50,1.60
2012.07.26 14:07:29.947,1.01572,1.01592,1.50,1.60
2012.07.26 14:07:30.009,1.01569,1.01592,1.50,3.77
2012.07.26 14:07:30.456,1.01571,1.01594,1.50,2.35
2012.07.26 14:07:30.575,1.01571,1.0159,1.50,1.50
2012.07.26 14:07:30.831,1.01567,1.01584,1.50,1.50
2012.07.26 14:07:31.179,1.01568,1.01589,1.50,1.88
2012.07.26 14:07:31.240,1.01568,1.01589,1.50,1.88
2012.07.26 14:07:31.368,1.01568,1.01589,1.50,1.50
2012.07.26 14:07:31.655,1.01572,1.01592,1.50,1.50
2012.07.26 14:07:31.988,1.01574,1.01594,1.50,1.50
2012.07.26 14:07:32.323,1.01572,1.01592,1.50,1.50
2012.07.26 14:07:32.714,1.01572,1.01592,2.16,1.50
2012.07.26 14:07:33.216,1.01573,1.01593,1.04,1.50
2012.07.26 14:07:33.498,1.01577,1.01596,1.50,1.50
2012.07.26 14:07:33.752,1.01577,1.01599,1.50,1.50
2012.07.26 14:07:34.258,1.01574,1.01596,1.50,1.50
2012.07.26 14:07:34.592,1.01573,1.01593,1.50,1.50
2012.07.26 14:07:36.089,1.01575,1.01595,1.50,1.50
2012.07.26 14:07:36.553,1.01577,1.01599,1.50,1.50
2012.07.26 14:07:36.668,1.0158,1.016,1.50,1.50
2012.07.26 14:07:36.891,1.01581,1.01603,1.50,2.35
2012.07.26 14:07:37.004,1.01581,1.01601,1.50,1.50
2012.07.26 14:07:37.334,1.01574,1.01594,1.50,1.50
2012.07.26 14:07:37.889,1.01575,1.01595,1.50,1.50
2012.07.26 14:07:38.249,1.01576,1.01597,1.50,1.50
2012.07.26 14:07:38.784,1.01576,1.01598,1.50,1.50
2012.07.26 14:07:38.844,1.01575,1.01595,1.50,1.50
2012.07.26 14:07:38.969,1.01577,1.016,1.50,1.50
2012.07.26 14:07:39.193,1.01574,1.01594,1.04,1.50
2012.07.26 14:07:39.428,1.01572,1.01594,1.50,1.50
2012.07.26 14:07:40.289,1.01575,1.01597,1.50,1.50
2012.07.26 14:07:40.833,1.01576,1.01597,1.50,1.50
2012.07.26 14:07:41.057,1.01576,1.01599,1.50,1.50
2012.07.26 14:07:41.408,1.01578,1.01599,1.50,1.50
2012.07.26 14:07:41.741,1.01576,1.01598,1.50,1.50
2012.07.26 14:07:42.257,1.01575,1.01597,1.50,1.50
2012.07.26 14:07:42.491,1.01577,1.01597,1.50,1.50
2012.07.26 14:07:42.554,1.01581,1.01602,1.50,1.50
2012.07.26 14:07:42.614,1.01578,1.01599,1.50,1.50
2012.07.26 14:07:42.945,1.01575,1.01598,1.50,1.50
2012.07.26 14:07:43.059,1.01578,1.01598,1.50,1.50
2012.07.26 14:07:43.174,1.01576,1.01598,1.50,1.50
2012.07.26 14:07:43.397,1.01579,1.01599,1.50,1.50
2012.07.26 14:07:43.458,1.01581,1.01604,1.50,1.50
2012.07.26 14:07:43.519,1.01581,1.01604,1.50,1.88
2012.07.26 14:07:44.023,1.01582,1.01602,1.50,1.50
2012.07.26 14:07:45.102,1.0158,1.01598,1.50,1.50
2012.07.26 14:07:45.162,1.01578,1.01598,1.50,1.50
2012.07.26 14:07:45.331,1.01579,1.01601,1.50,1.50
2012.07.26 14:07:45.531,1.01578,1.01597,1.50,1.50
2012.07.26 14:07:46.084,1.01577,1.01597,1.50,1.50
2012.07.26 14:07:46.199,1.01577,1.01599,1.50,1.50
2012.07.26 14:07:46.313,1.01579,1.016,1.50,1.50
2012.07.26 14:07:46.723,1.01578,1.01598,1.50,1.50
2012.07.26 14:07:46.891,1.01579,1.01602,1.50,1.50
2012.07.26 14:07:47.438,1.0158,1.01601,1.50,1.50
2012.07.26 14:07:47.552,1.01578,1.01599,1.50,1.50
2012.07.26 14:07:49.323,1.01582,1.01602,1.50,3.00
2012.07.26 14:07:49.493,1.01577,1.01599,1.50,1.50
2012.07.26 14:07:49.830,1.01579,1.01599,1.50,1.50
2012.07.26 14:07:50.184,1.01581,1.01601,1.50,1.50
2012.07.26 14:07:51.204,1.01581,1.01604,1.50,1.50
2012.07.26 14:07:51.454,1.01583,1.01605,1.50,3.00
2012.07.26 14:07:51.568,1.01581,1.01604,3.00,1.50
2012.07.26 14:07:51.815,1.01584,1.01604,1.50,1.50
2012.07.26 14:07:51.929,1.01582,1.01603,1.50,1.50
2012.07.26 14:07:52.043,1.01588,1.01608,1.50,1.88
2012.07.26 14:07:52.265,1.01585,1.01607,3.00,1.50
2012.07.26 14:07:52.489,1.01587,1.01607,1.50,1.50
2012.07.26 14:07:52.833,1.01591,1.01611,1.50,1.88
2012.07.26 14:07:53.224,1.01584,1.01606,1.50,1.50
2012.07.26 14:07:53.594,1.01586,1.01608,1.50,1.50
2012.07.26 14:07:53.973,1.01605,1.01616,1.50,1.22
2012.07.26 14:07:54.088,1.01594,1.01614,1.50,2.35
2012.07.26 14:07:54.314,1.01599,1.01621,1.50,1.50
2012.07.26 14:07:54.819,1.01598,1.0162,1.50,1.50
2012.07.26 14:07:54.988,1.016,1.01621,1.50,1.50
2012.07.26 14:07:55.928,1.01597,1.0162,1.50,1.50
2012.07.26 14:07:55.988,1.01599,1.01621,1.50,1.50
2012.07.26 14:07:56.559,1.01598,1.01622,1.50,1.50
2012.07.26 14:07:57.226,1.01599,1.01622,1.50,1.50
2012.07.26 14:07:57.286,1.016,1.01624,1.50,1.50
2012.07.26 14:07:58.177,1.016,1.01623,1.50,1.50
2012.07.26 14:07:58.456,1.01598,1.0162,1.50,1.50
2012.07.26 14:07:59.253,1.01598,1.01619,1.50,1.50
2012.07.26 14:07:59.313,1.01595,1.01617,1.50,1.50
2012.07.26 14:07:59.482,1.01592,1.01616,1.50,1.50
2012.07.26 14:07:59.707,1.01594,1.01616,1.50,1.50
2012.07.26 14:08:00.038,1.01597,1.01621,1.50,1.50
2012.07.26 14:08:00.265,1.01596,1.01618,1.50,1.50
2012.07.26 14:08:00.767,1.01597,1.01619,1.50,1.50
2012.07.26 14:08:01.254,1.01595,1.01617,3.00,1.50
2012.07.26 14:08:01.608,1.01597,1.01621,1.50,1.50
2012.07.26 14:08:01.801,1.01593,1.01627,1.13,2.72
2012.07.26 14:08:02.470,1.01595,1.01629,2.25,1.22
2012.07.26 14:08:02.748,1.01595,1.01626,1.50,1.22
2012.07.26 14:08:03.296,1.01589,1.01626,2.40,1.22
2012.07.26 14:08:03.356,1.01589,1.01626,2.40,1.22
2012.07.26 14:08:03.537,1.01589,1.01629,3.06,1.22
2012.07.26 14:08:03.653,1.01589,1.01629,2.40,1.22
2012.07.26 14:08:04.209,1.01587,1.01626,1.56,1.22
2012.07.26 14:08:05.116,1.01589,1.01622,1.13,2.27
2012.07.26 14:08:05.451,1.01588,1.01622,1.13,2.27
2012.07.26 14:08:05.974,1.01583,1.01623,1.49,3.40
2012.07.26 14:08:06.035,1.01583,1.01622,1.71,1.22
2012.07.26 14:08:06.095,1.01587,1.01623,1.05,3.02
2012.07.26 14:08:06.321,1.01584,1.01622,1.41,1.22
2012.07.26 14:08:06.543,1.01583,1.01622,1.13,1.22
2012.07.26 14:08:07.188,1.01583,1.01622,1.13,1.22
2012.07.26 14:08:07.520,1.01582,1.01622,1.49,1.22
2012.07.26 14:08:08.025,1.01587,1.01623,1.04,1.22
2012.07.26 14:08:09.335,1.01587,1.01622,1.04,1.22
2012.07.26 14:08:09.845,1.01587,1.01626,1.04,1.22
2012.07.26 14:08:10.016,1.01587,1.01626,2.54,1.22
2012.07.26 14:08:10.132,1.01588,1.01622,1.13,3.02
2012.07.26 14:08:10.467,1.01586,1.01623,1.13,2.27
2012.07.26 14:08:10.526,1.01584,1.01623,1.13,2.65
2012.07.26 14:08:10.694,1.01584,1.01618,1.13,1.22
2012.07.26 14:08:10.982,1.01584,1.01613,1.04,2.18
2012.07.26 14:08:11.314,1.0158,1.01604,1.88,1.50
2012.07.26 14:08:11.374,1.0158,1.01604,1.50,1.50
2012.07.26 14:08:11.434,1.01583,1.01605,1.50,1.50
2012.07.26 14:08:11.743,1.01579,1.01603,1.50,1.50
2012.07.26 14:08:11.857,1.01582,1.01604,1.50,1.50
2012.07.26 14:08:12.529,1.01582,1.01606,1.50,1.50
2012.07.26 14:08:12.644,1.01585,1.01607,1.50,3.00
2012.07.26 14:08:12.954,1.01587,1.01609,1.50,1.50
2012.07.26 14:08:13.221,1.01581,1.01605,1.50,1.50
2012.07.26 14:08:13.498,1.01583,1.01605,1.50,1.50
2012.07.26 14:08:13.789,1.0158,1.01604,1.50,1.50
2012.07.26 14:08:14.491,1.0158,1.01602,1.50,2.18
2012.07.26 14:08:15.002,1.0158,1.01603,1.50,3.40
2012.07.26 14:08:15.118,1.01577,1.01599,1.50,1.50
2012.07.26 14:08:15.235,1.01573,1.01596,1.50,1.50
2012.07.26 14:08:15.351,1.01572,1.01594,1.50,1.50
2012.07.26 14:08:15.597,1.01571,1.01596,1.50,1.50
2012.07.26 14:08:15.981,1.01575,1.01599,1.50,3.00
2012.07.26 14:08:16.317,1.01574,1.01596,1.50,1.50
2012.07.26 14:08:16.379,1.01572,1.01596,1.50,1.50
2012.07.26 14:08:16.553,1.01572,1.01594,1.50,1.50
2012.07.26 14:08:16.832,1.0157,1.01594,1.50,1.50
2012.07.26 14:08:17.004,1.01568,1.01592,3.38,1.50
2012.07.26 14:08:17.365,1.01566,1.0159,2.16,1.50
2012.07.26 14:08:17.906,1.01567,1.01591,1.50,1.50
2012.07.26 14:08:18.225,1.01565,1.01587,1.50,1.50
2012.07.26 14:08:18.612,1.01567,1.01587,1.50,1.50
2012.07.26 14:08:18.835,1.01569,1.01591,1.50,1.50
2012.07.26 14:08:19.269,1.01567,1.01589,1.50,1.50
2012.07.26 14:08:19.818,1.01564,1.01588,1.50,1.50
2012.07.26 14:08:20.011,1.01565,1.0159,1.50,1.50
2012.07.26 14:08:20.179,1.01567,1.01591,1.50,1.50
2012.07.26 14:08:20.590,1.01565,1.01589,1.50,1.50
2012.07.26 14:08:21.332,1.01567,1.0159,1.50,1.50
2012.07.26 14:08:21.662,1.01566,1.01588,1.50,1.50
2012.07.26 14:08:21.941,1.01564,1.01589,1.50,1.50
2012.07.26 14:08:22.164,1.01568,1.01593,1.50,1.88
2012.07.26 14:08:22.746,1.01567,1.01591,1.50,1.50
2012.07.26 14:08:23.276,1.01568,1.01591,1.50,1.50
2012.07.26 14:08:23.390,1.01569,1.01593,1.50,1.50
2012.07.26 14:08:23.462,1.01568,1.0159,3.00,1.50
2012.07.26 14:08:23.807,1.0157,1.01592,1.50,1.50
2012.07.26 14:08:24.109,1.01572,1.01596,1.50,1.50
2012.07.26 14:08:24.172,1.01575,1.01597,1.50,1.88
2012.07.26 14:08:24.493,1.01573,1.01595,1.50,1.50
2012.07.26 14:08:25.345,1.01571,1.01593,1.50,1.50
2012.07.26 14:08:25.459,1.01566,1.01589,1.50,1.50
2012.07.26 14:08:25.574,1.01568,1.01591,1.50,1.50
2012.07.26 14:08:25.906,1.01574,1.01596,1.50,3.00
2012.07.26 14:08:26.128,1.01572,1.01595,3.00,1.50
2012.07.26 14:08:26.351,1.0157,1.01593,3.00,1.50
2012.07.26 14:08:26.967,1.0157,1.01594,3.00,1.50
2012.07.26 14:08:27.026,1.01571,1.01596,1.50,1.50
2012.07.26 14:08:27.751,1.01573,1.01597,1.50,1.50
2012.07.26 14:08:29.069,1.01572,1.01595,1.50,1.50
2012.07.26 14:08:29.169,1.01573,1.01597,1.50,3.00
2012.07.26 14:08:29.387,1.01571,1.01596,1.50,1.50
2012.07.26 14:08:29.854,1.01574,1.01597,1.50,1.50
2012.07.26 14:08:30.187,1.01569,1.01594,1.50,1.50
2012.07.26 14:08:30.408,1.01572,1.01595,1.50,1.50
2012.07.26 14:08:30.919,1.01573,1.01595,1.50,1.50
2012.07.26 14:08:31.306,1.01577,1.01599,1.50,1.60
2012.07.26 14:08:31.507,1.01574,1.01598,3.00,1.50
2012.07.26 14:08:31.945,1.01572,1.01596,1.50,1.50
2012.07.26 14:08:32.280,1.01576,1.016,1.50,1.50
2012.07.26 14:08:32.662,1.01575,1.01597,1.50,1.50
2012.07.26 14:08:33.896,1.01572,1.01595,1.50,1.50
2012.07.26 14:08:34.420,1.01571,1.01595,1.50,1.50
2012.07.26 14:08:35.518,1.01572,1.01595,1.50,1.50
2012.07.26 14:08:35.578,1.01574,1.01598,1.50,1.50
2012.07.26 14:08:35.654,1.01573,1.01595,1.50,1.50
2012.07.26 14:08:36.450,1.01575,1.01597,1.50,1.50
2012.07.26 14:08:38.748,1.01582,1.01604,1.50,1.50
2012.07.26 14:08:38.916,1.01579,1.01602,3.00,1.50
2012.07.26 14:08:39.085,1.01576,1.01599,3.00,1.50
2012.07.26 14:08:39.397,1.01577,1.01602,1.50,1.50
2012.07.26 14:08:39.767,1.01575,1.016,1.50,1.50
2012.07.26 14:08:40.513,1.01573,1.01598,1.88,1.50
2012.07.26 14:08:41.094,1.01577,1.01599,1.50,1.50
2012.07.26 14:08:41.156,1.01577,1.01601,1.50,1.50
2012.07.26 14:08:41.758,1.01576,1.01599,3.00,1.50
2012.07.26 14:08:42.141,1.01576,1.01599,2.16,1.50
2012.07.26 14:08:42.365,1.01576,1.01599,2.16,1.50
2012.07.26 14:08:42.641,1.01579,1.01602,1.50,1.50
2012.07.26 14:08:43.243,1.01576,1.01602,2.16,1.50
2012.07.26 14:08:43.607,1.01574,1.01599,3.75,1.50
2012.07.26 14:08:44.213,1.01574,1.01597,1.88,1.50
2012.07.26 14:08:44.545,1.01572,1.01595,1.88,1.50
2012.07.26 14:08:44.712,1.01568,1.01594,1.50,1.50
2012.07.26 14:08:44.827,1.01569,1.01592,1.50,1.50
2012.07.26 14:08:45.686,1.01567,1.0159,1.50,1.50
2012.07.26 14:08:46.055,1.01565,1.01588,1.50,1.50
2012.07.26 14:08:46.549,1.01565,1.01588,2.16,1.50
2012.07.26 14:08:46.759,1.01567,1.01591,2.16,1.50
2012.07.26 14:08:47.113,1.0157,1.01593,1.50,1.50
2012.07.26 14:08:47.226,1.01568,1.01592,1.50,1.50
2012.07.26 14:08:47.490,1.01567,1.0159,1.50,1.50
2012.07.26 14:08:47.824,1.01562,1.01588,1.50,1.50
2012.07.26 14:08:48.051,1.01562,1.01588,2.16,1.50
2012.07.26 14:08:48.278,1.01565,1.0159,3.00,1.50
2012.07.26 14:08:48.392,1.01567,1.01592,1.50,1.50
2012.07.26 14:08:48.695,1.01565,1.01588,1.50,1.50
2012.07.26 14:08:48.810,1.01567,1.01591,1.50,1.60
2012.07.26 14:08:49.054,1.01569,1.01593,1.50,1.50
2012.07.26 14:08:49.172,1.01567,1.01592,1.50,1.50
2012.07.26 14:08:49.530,1.01572,1.01593,1.50,1.50
2012.07.26 14:08:49.808,1.01575,1.01598,1.50,1.50
2012.07.26 14:08:50.354,1.01573,1.01594,1.50,1.50
2012.07.26 14:08:50.577,1.01571,1.01594,1.50,1.50
2012.07.26 14:08:50.747,1.01574,1.01593,1.50,1.50
2012.07.26 14:08:50.809,1.01569,1.01592,1.88,1.50
2012.07.26 14:08:50.925,1.01566,1.01592,1.50,1.50
2012.07.26 14:08:50.984,1.01566,1.01592,1.88,1.50
2012.07.26 14:08:51.449,1.01565,1.0159,1.88,1.50
2012.07.26 14:08:51.669,1.01567,1.01592,1.88,1.50
2012.07.26 14:08:51.968,1.01566,1.01591,1.50,1.50
2012.07.26 14:08:52.595,1.01566,1.01591,2.16,1.88
2012.07.26 14:08:53.107,1.01566,1.01591,1.50,1.50
2012.07.26 14:08:53.333,1.01566,1.01589,1.50,1.50
2012.07.26 14:08:53.689,1.01564,1.01588,1.88,1.50
2012.07.26 14:08:53.748,1.01567,1.01589,1.50,3.00
2012.07.26 14:08:55.178,1.01568,1.01589,1.50,1.50
2012.07.26 14:08:55.241,1.01569,1.01592,1.50,1.50
2012.07.26 14:08:55.302,1.01568,1.0159,1.50,1.50
2012.07.26 14:08:56.031,1.01568,1.0159,1.88,1.60
2012.07.26 14:08:56.379,1.01561,1.01585,1.50,1.50
2012.07.26 14:08:56.546,1.01564,1.01589,1.50,1.50
2012.07.26 14:08:56.832,1.01564,1.01587,1.50,1.50
2012.07.26 14:08:56.897,1.01565,1.0159,1.50,1.50
2012.07.26 14:08:57.014,1.01569,1.01592,1.50,3.38
2012.07.26 14:08:57.232,1.01567,1.01591,1.50,1.88
2012.07.26 14:08:57.775,1.01564,1.01587,1.88,1.50
2012.07.26 14:08:58.356,1.01563,1.01588,1.50,1.50
2012.07.26 14:08:58.699,1.01566,1.01587,1.50,1.50
2012.07.26 14:08:58.923,1.01561,1.01585,1.50,1.50
2012.07.26 14:08:59.147,1.0156,1.01583,1.50,1.50
2012.07.26 14:08:59.726,1.01559,1.01581,1.50,1.50
2012.07.26 14:09:02.217,1.0156,1.01584,1.50,3.00
2012.07.26 14:09:03.083,1.01559,1.01578,1.50,1.50
2012.07.26 14:09:03.309,1.01557,1.0158,1.88,1.50
2012.07.26 14:09:03.425,1.01557,1.01581,1.50,1.60
2012.07.26 14:09:04.312,1.01562,1.01582,1.50,1.50
2012.07.26 14:09:04.373,1.01562,1.01584,1.50,1.50
2012.07.26 14:09:04.434,1.01563,1.01587,1.50,1.60
2012.07.26 14:09:04.717,1.01561,1.01584,1.50,1.50
2012.07.26 14:09:05.323,1.0156,1.01584,1.50,1.50
2012.07.26 14:09:06.705,1.01555,1.01579,2.54,1.50
2012.07.26 14:09:06.928,1.01562,1.01586,1.50,1.50
2012.07.26 14:09:07.261,1.01564,1.01588,1.50,1.50
2012.07.26 14:09:07.601,1.01565,1.01589,1.50,1.60
2012.07.26 14:09:07.933,1.01565,1.01582,1.50,2.27
2012.07.26 14:09:07.994,1.01565,1.01583,1.50,2.27
2012.07.26 14:09:08.055,1.01559,1.01582,1.50,1.60
2012.07.26 14:09:08.386,1.01556,1.0158,1.50,1.50
2012.07.26 14:09:08.500,1.01555,1.01577,3.00,1.50
2012.07.26 14:09:08.832,1.01549,1.01572,1.50,1.50
2012.07.26 14:09:08.947,1.01551,1.01573,1.50,1.50
2012.07.26 14:09:09.461,1.0155,1.01574,1.50,1.50
2012.07.26 14:09:09.769,1.01553,1.01576,1.50,1.50
2012.07.26 14:09:10.198,1.01555,1.01575,1.50,1.50
2012.07.26 14:09:10.257,1.01557,1.01579,1.50,1.50
2012.07.26 14:09:10.692,1.01554,1.01578,1.50,1.50
2012.07.26 14:09:11.122,1.01553,1.01575,1.50,1.50
2012.07.26 14:09:11.517,1.0155,1.01572,1.50,1.50
2012.07.26 14:09:11.850,1.01547,1.01571,1.50,1.50
2012.07.26 14:09:11.965,1.01546,1.01566,1.50,1.50
2012.07.26 14:09:12.192,1.01546,1.01569,1.50,1.50
2012.07.26 14:09:12.417,1.01548,1.01571,1.50,1.60
2012.07.26 14:09:12.808,1.01545,1.01568,1.50,1.60
2012.07.26 14:09:12.869,1.01543,1.01565,1.50,1.60
2012.07.26 14:09:12.931,1.01538,1.0156,1.88,1.50
2012.07.26 14:09:13.484,1.01538,1.0156,1.88,1.50
2012.07.26 14:09:13.821,1.01539,1.01562,1.50,1.60
2012.07.26 14:09:14.156,1.01536,1.01558,1.50,1.60
2012.07.26 14:09:14.529,1.01523,1.01551,1.50,1.50
2012.07.26 14:09:14.645,1.0152,1.01551,2.91,3.00
2012.07.26 14:09:14.759,1.0152,1.01551,1.50,1.60
2012.07.26 14:09:15.091,1.01511,1.0154,2.02,1.60
2012.07.26 14:09:15.207,1.01512,1.01534,1.53,1.60
2012.07.26 14:09:15.511,1.01504,1.01514,1.50,1.50
2012.07.26 14:09:15.584,1.01491,1.01514,1.41,1.50
2012.07.26 14:09:15.651,1.0152,1.01524,1.50,1.50
2012.07.26 14:09:15.878,1.01518,1.01522,1.50,1.13
2012.07.26 14:09:16.053,1.01489,1.0152,1.41,1.50
2012.07.26 14:09:16.279,1.01488,1.01522,3.21,2.63
2012.07.26 14:09:16.635,1.01491,1.01522,1.41,4.05
2012.07.26 14:09:16.697,1.01492,1.01522,1.13,2.85
2012.07.26 14:09:17.033,1.01502,1.01523,1.13,1.50
2012.07.26 14:09:17.373,1.01508,1.01541,3.21,2.03
2012.07.26 14:09:17.435,1.01508,1.01541,3.21,2.03
2012.07.26 14:09:17.756,1.01506,1.01536,1.41,1.05
2012.07.26 14:09:18.068,1.01511,1.01542,1.50,3.25
2012.07.26 14:09:18.391,1.01515,1.01542,1.50,4.45
2012.07.26 14:09:18.726,1.01507,1.01525,1.13,1.50
2012.07.26 14:09:19.068,1.01507,1.01523,1.13,1.50
2012.07.26 14:09:19.403,1.01506,1.01523,1.50,1.50
2012.07.26 14:09:19.518,1.01508,1.01533,1.50,2.93
2012.07.26 14:09:19.636,1.01508,1.01533,1.50,2.93
2012.07.26 14:09:19.697,1.01506,1.01528,1.50,1.50
2012.07.26 14:09:19.758,1.01501,1.01528,2.16,1.50
2012.07.26 14:09:19.820,1.01499,1.01526,3.66,1.50
2012.07.26 14:09:20.211,1.015,1.01529,1.50,2.18
2012.07.26 14:09:20.739,1.015,1.01529,2.16,2.25
2012.07.26 14:09:20.859,1.01503,1.01531,1.50,3.00
2012.07.26 14:09:21.434,1.01503,1.01532,1.50,3.68
2012.07.26 14:09:21.979,1.01505,1.01532,1.50,2.18
2012.07.26 14:09:22.312,1.01502,1.01529,2.54,1.50
2012.07.26 14:09:22.862,1.01502,1.01522,1.50,2.18
2012.07.26 14:09:23.167,1.01502,1.01529,1.88,1.60
2012.07.26 14:09:23.227,1.01502,1.01529,1.88,1.50
2012.07.26 14:09:23.777,1.01502,1.01528,1.50,1.50
2012.07.26 14:09:24.293,1.01502,1.01528,1.50,1.60
2012.07.26 14:09:24.577,1.01499,1.01526,1.50,1.60
2012.07.26 14:09:24.887,1.01501,1.01526,1.50,1.60
2012.07.26 14:09:25.221,1.01501,1.01523,1.50,2.18
2012.07.26 14:09:25.282,1.01499,1.01523,1.50,2.18
2012.07.26 14:09:25.451,1.01504,1.01523,1.50,2.18
2012.07.26 14:09:25.511,1.01504,1.01531,1.50,2.20
2012.07.26 14:09:25.570,1.01501,1.0153,1.50,2.20
2012.07.26 14:09:25.684,1.01506,1.01532,1.50,4.90
2012.07.26 14:09:26.013,1.01496,1.01519,1.88,1.50
2012.07.26 14:09:26.128,1.01498,1.01523,1.88,1.50
2012.07.26 14:09:26.966,1.015,1.01523,2.16,1.50
2012.07.26 14:09:27.572,1.015,1.01523,2.25,1.50
2012.07.26 14:09:27.957,1.01502,1.01523,1.41,1.50
2012.07.26 14:09:28.301,1.01504,1.0152,1.04,1.50
2012.07.26 14:09:28.424,1.01504,1.01522,1.04,1.50
2012.07.26 14:09:28.485,1.01504,1.01525,1.04,1.50
2012.07.26 14:09:28.603,1.01508,1.01526,1.04,1.50
2012.07.26 14:09:29.009,1.01508,1.0153,1.04,1.50
2012.07.26 14:09:29.308,1.01508,1.01534,2.54,1.50
2012.07.26 14:09:29.369,1.01517,1.01536,1.50,1.50
2012.07.26 14:09:29.483,1.01514,1.01536,1.50,1.50
2012.07.26 14:09:29.544,1.01514,1.01537,1.88,1.50
2012.07.26 14:09:29.924,1.01512,1.01535,3.38,1.50
2012.07.26 14:09:29.986,1.01512,1.01535,1.88,1.50
2012.07.26 14:09:30.431,1.01517,1.01538,1.50,1.50
2012.07.26 14:09:30.492,1.01517,1.0154,1.50,1.50
2012.07.26 14:09:31.112,1.01516,1.0154,1.50,1.50
2012.07.26 14:09:31.173,1.01516,1.01542,1.50,1.50
2012.07.26 14:09:31.287,1.01516,1.01539,1.50,1.50
2012.07.26 14:09:31.692,1.01521,1.01544,1.50,3.00
2012.07.26 14:09:31.808,1.01521,1.01547,1.50,1.50
2012.07.26 14:09:32.048,1.01521,1.01547,2.16,1.50
2012.07.26 14:09:32.602,1.0152,1.01546,1.88,1.50
2012.07.26 14:09:32.718,1.0152,1.01546,1.50,1.50
2012.07.26 14:09:32.901,1.0152,1.01544,1.50,1.50
2012.07.26 14:09:33.269,1.01516,1.01541,2.63,1.50
2012.07.26 14:09:33.603,1.01515,1.01538,1.88,1.50
2012.07.26 14:09:33.718,1.01517,1.0154,2.54,1.50
2012.07.26 14:09:33.950,1.01518,1.01543,1.88,1.50
2012.07.26 14:09:34.174,1.01521,1.01544,1.50,1.50
2012.07.26 14:09:34.643,1.01518,1.01541,2.54,1.50
2012.07.26 14:09:34.766,1.01518,1.01543,1.88,1.50
2012.07.26 14:09:35.173,1.01527,1.0155,1.50,1.60
2012.07.26 14:09:35.527,1.01533,1.0155,1.50,1.50
2012.07.26 14:09:35.703,1.01536,1.01559,3.00,1.50
2012.07.26 14:09:36.151,1.01539,1.01561,1.50,1.50
2012.07.26 14:09:36.377,1.01536,1.01561,1.50,1.50
2012.07.26 14:09:36.460,1.01534,1.01559,3.00,1.50
2012.07.26 14:09:36.933,1.01536,1.0156,1.50,1.50
2012.07.26 14:09:37.406,1.01538,1.01561,1.50,1.50
2012.07.26 14:09:37.891,1.01536,1.01559,1.50,1.50
2012.07.26 14:09:38.158,1.01535,1.01561,1.50,1.50
2012.07.26 14:09:38.381,1.01538,1.01561,1.50,1.50
2012.07.26 14:09:38.497,1.01535,1.0156,1.50,1.50
2012.07.26 14:09:38.612,1.01534,1.01558,1.88,1.50
2012.07.26 14:09:39.685,1.01534,1.01558,1.04,1.50
2012.07.26 14:09:39.893,1.01536,1.0156,1.50,3.00
2012.07.26 14:09:40.458,1.01539,1.01562,1.50,1.50
2012.07.26 14:09:40.798,1.01539,1.01562,2.16,1.50
2012.07.26 14:09:40.857,1.01539,1.01562,1.50,1.50
2012.07.26 14:09:40.917,1.01539,1.01562,1.88,1.50
2012.07.26 14:09:41.086,1.01539,1.01562,1.50,1.50
2012.07.26 14:09:41.255,1.01537,1.0156,1.50,1.50
2012.07.26 14:09:41.564,1.01529,1.01553,1.50,2.27
2012.07.26 14:09:41.625,1.01529,1.01553,1.50,2.18
2012.07.26 14:09:41.686,1.01524,1.01548,1.50,1.50
2012.07.26 14:09:42.020,1.01522,1.01547,1.88,1.60
2012.07.26 14:09:42.300,1.01516,1.01541,2.25,1.50
2012.07.26 14:09:42.416,1.01518,1.01541,1.04,1.50
2012.07.26 14:09:42.710,1.01518,1.01542,3.00,1.50
2012.07.26 14:09:42.881,1.01518,1.01539,1.50,1.50
2012.07.26 14:09:43.106,1.01518,1.01542,1.50,1.50
2012.07.26 14:09:43.658,1.01516,1.01539,1.41,1.50
2012.07.26 14:09:43.991,1.01519,1.01541,2.16,1.50
2012.07.26 14:09:44.051,1.01519,1.01545,2.16,1.50
2012.07.26 14:09:44.112,1.01522,1.01547,1.50,3.00
2012.07.26 14:09:44.502,1.0152,1.01544,1.50,1.50
2012.07.26 14:09:44.744,1.01521,1.01547,1.50,3.00
2012.07.26 14:09:44.861,1.01521,1.01545,2.25,1.50
2012.07.26 14:09:45.217,1.01527,1.01548,1.50,1.50
2012.07.26 14:09:45.279,1.01527,1.01553,1.50,1.50
2012.07.26 14:09:45.447,1.01528,1.0155,1.88,1.50
2012.07.26 14:09:45.700,1.01525,1.0155,1.50,1.50
2012.07.26 14:09:45.979,1.01524,1.01548,3.00,1.50
2012.07.26 14:09:46.315,1.01527,1.01552,1.50,1.50
2012.07.26 14:09:46.430,1.01529,1.01554,2.16,1.50
2012.07.26 14:09:46.893,1.0153,1.01556,1.50,1.50
2012.07.26 14:09:47.128,1.01532,1.01557,1.50,1.50
2012.07.26 14:09:47.463,1.01531,1.01551,1.50,1.22
2012.07.26 14:09:47.740,1.01525,1.01543,1.50,2.87
2012.07.26 14:09:47.854,1.01523,1.01543,1.50,2.87
2012.07.26 14:09:48.022,1.01523,1.01542,1.50,1.22
2012.07.26 14:09:48.245,1.01516,1.01539,1.50,2.35
2012.07.26 14:09:48.482,1.01513,1.01536,1.50,1.60
2012.07.26 14:09:48.800,1.01513,1.01536,1.50,2.35
2012.07.26 14:09:49.136,1.01513,1.01532,1.50,2.27
2012.07.26 14:09:49.306,1.01513,1.01536,1.50,1.50
2012.07.26 14:09:49.367,1.0151,1.01534,2.16,1.50
2012.07.26 14:09:49.709,1.0151,1.01534,2.16,1.50
2012.07.26 14:09:50.054,1.01515,1.01535,1.04,1.50
2012.07.26 14:09:50.387,1.01521,1.01544,1.50,1.50
2012.07.26 14:09:50.448,1.01521,1.01542,1.50,1.50
2012.07.26 14:09:50.509,1.01515,1.01541,2.54,1.50
2012.07.26 14:09:51.036,1.01517,1.01542,1.50,1.50
2012.07.26 14:09:51.152,1.01514,1.01537,1.04,1.50
2012.07.26 14:09:51.487,1.01517,1.0154,1.50,1.50
2012.07.26 14:09:51.820,1.01518,1.01544,1.50,1.50
2012.07.26 14:09:52.047,1.01521,1.01545,1.50,1.50
2012.07.26 14:09:52.676,1.0152,1.01545,1.50,1.50
2012.07.26 14:09:53.024,1.01519,1.01542,1.04,1.50
2012.07.26 14:09:53.356,1.01515,1.01541,2.16,1.50
2012.07.26 14:09:53.480,1.01517,1.01541,1.50,1.50
2012.07.26 14:09:53.811,1.01513,1.01538,2.54,1.50
2012.07.26 14:09:54.035,1.01513,1.01537,2.54,1.50
2012.07.26 14:09:54.149,1.01514,1.01539,2.16,3.00
2012.07.26 14:09:54.263,1.01514,1.01539,1.50,3.00
2012.07.26 14:09:54.326,1.01514,1.01539,2.16,3.00
2012.07.26 14:09:54.440,1.01516,1.01541,2.16,1.50
2012.07.26 14:09:54.572,1.01514,1.01538,2.16,1.50
2012.07.26 14:09:54.686,1.0152,1.01543,1.50,1.50
2012.07.26 14:09:54.920,1.0152,1.01543,1.88,1.50
2012.07.26 14:09:55.035,1.01523,1.01546,1.50,1.50
2012.07.26 14:09:55.553,1.01523,1.01537,1.50,1.50
2012.07.26 14:09:55.738,1.01513,1.01536,1.04,1.50
2012.07.26 14:09:56.253,1.01511,1.01537,1.88,1.50
2012.07.26 14:09:56.320,1.0151,1.01535,2.91,1.50
2012.07.26 14:09:56.654,1.01518,1.01541,2.84,1.50
2012.07.26 14:09:56.714,1.01515,1.01541,1.50,1.50
2012.07.26 14:09:56.773,1.01518,1.01541,1.50,1.50
2012.07.26 14:09:57.373,1.01518,1.01541,1.88,1.50
2012.07.26 14:09:58.003,1.01519,1.01544,2.54,1.50
2012.07.26 14:09:58.178,1.01522,1.01547,1.50,1.50
2012.07.26 14:09:58.529,1.01519,1.01543,2.54,1.50
2012.07.26 14:09:58.643,1.0152,1.01546,1.50,1.50
2012.07.26 14:09:59.156,1.0152,1.01546,2.16,1.50
2012.07.26 14:09:59.414,1.01522,1.01548,1.50,1.50
2012.07.26 14:10:00.168,1.01526,1.01549,1.50,1.50
2012.07.26 14:10:00.508,1.01528,1.01551,1.50,1.50
2012.07.26 14:10:00.576,1.01529,1.01554,1.50,1.50
2012.07.26 14:10:01.129,1.0153,1.01554,1.50,1.50
2012.07.26 14:10:01.411,1.01527,1.01553,1.50,1.50
2012.07.26 14:10:02.003,1.0153,1.01555,1.50,3.10
2012.07.26 14:10:02.334,1.01534,1.01559,2.54,1.50
2012.07.26 14:10:02.916,1.01534,1.01558,1.04,1.50
2012.07.26 14:10:03.141,1.01534,1.0156,1.88,1.60
2012.07.26 14:10:03.202,1.01537,1.0156,1.50,1.60
2012.07.26 14:10:03.715,1.01537,1.01557,2.16,1.50
2012.07.26 14:10:03.886,1.01538,1.01557,2.84,1.50
2012.07.26 14:10:04.722,1.01538,1.01554,1.04,1.50
2012.07.26 14:10:04.892,1.01534,1.01554,1.04,1.50
2012.07.26 14:10:05.007,1.01534,1.01556,2.16,1.50
2012.07.26 14:10:05.120,1.01534,1.01556,2.16,1.50
2012.07.26 14:10:05.321,1.01536,1.0156,2.16,1.50
2012.07.26 14:10:05.435,1.01544,1.0156,1.50,1.50
2012.07.26 14:10:05.549,1.01539,1.01561,1.50,1.50
2012.07.26 14:10:05.718,1.01537,1.01559,1.50,1.50
2012.07.26 14:10:06.033,1.01539,1.01562,1.50,2.18
2012.07.26 14:10:06.102,1.01539,1.01564,1.50,1.50
2012.07.26 14:10:06.164,1.01548,1.01565,1.50,1.50
2012.07.26 14:10:06.278,1.01546,1.01565,1.50,1.50
2012.07.26 14:10:06.338,1.01546,1.0157,3.00,1.50
2012.07.26 14:10:06.560,1.01544,1.01569,1.50,1.50
2012.07.26 14:10:07.093,1.01544,1.01568,1.50,1.50
2012.07.26 14:10:07.515,1.01546,1.0157,1.50,1.50
2012.07.26 14:10:08.018,1.01547,1.01569,1.50,1.50
2012.07.26 14:10:08.412,1.01549,1.01571,1.50,1.50
2012.07.26 14:10:08.753,1.01547,1.01569,1.88,1.50
2012.07.26 14:10:08.871,1.01544,1.01568,1.50,1.50
2012.07.26 14:10:08.933,1.01543,1.01565,1.88,1.50
2012.07.26 14:10:09.477,1.01544,1.01565,1.88,1.50
2012.07.26 14:10:09.649,1.01543,1.01566,1.50,1.50
2012.07.26 14:10:09.821,1.01541,1.01563,2.91,1.50
2012.07.26 14:10:09.994,1.01548,1.0157,1.50,1.50
2012.07.26 14:10:10.057,1.01547,1.01572,1.50,1.88
2012.07.26 14:10:10.239,1.01545,1.01567,3.00,1.50
2012.07.26 14:10:10.302,1.01548,1.01571,1.50,1.50
2012.07.26 14:10:10.590,1.01546,1.01565,1.50,1.50
2012.07.26 14:10:10.682,1.01543,1.01565,1.50,1.50
2012.07.26 14:10:10.744,1.0154,1.01565,2.16,1.50
2012.07.26 14:10:11.009,1.0154,1.01565,2.16,1.50
2012.07.26 14:10:11.220,1.01542,1.01567,2.91,1.50
2012.07.26 14:10:11.583,1.01544,1.01569,2.16,1.50
2012.07.26 14:10:11.873,1.01541,1.01564,1.04,1.50
2012.07.26 14:10:12.040,1.01541,1.01566,1.04,3.00
2012.07.26 14:10:12.276,1.01542,1.01568,1.88,1.50
2012.07.26 14:10:12.533,1.01545,1.01568,1.50,1.50
2012.07.26 14:10:12.593,1.01546,1.01572,1.50,1.50
2012.07.26 14:10:12.925,1.0155,1.01574,1.50,1.50
2012.07.26 14:10:13.257,1.01548,1.01572,1.50,1.50
2012.07.26 14:10:13.737,1.0155,1.01573,1.50,1.50
2012.07.26 14:10:13.959,1.01551,1.01575,1.50,1.50
2012.07.26 14:10:14.181,1.0155,1.01573,1.50,1.50
2012.07.26 14:10:14.514,1.01548,1.01571,1.88,1.50
2012.07.26 14:10:15.058,1.01541,1.01573,1.41,2.18
2012.07.26 14:10:15.804,1.01542,1.01581,1.04,1.60
2012.07.26 14:10:16.249,1.01543,1.01582,1.04,3.17
2012.07.26 14:10:16.423,1.01542,1.01582,1.04,4.90
2012.07.26 14:10:16.779,1.0154,1.01582,1.04,4.90
2012.07.26 14:10:17.162,1.01538,1.01581,2.55,1.97
2012.07.26 14:10:17.277,1.01536,1.01572,1.13,2.55
2012.07.26 14:10:17.557,1.01538,1.01572,1.04,2.55
2012.07.26 14:10:17.891,1.0154,1.01577,1.04,2.33
2012.07.26 14:10:17.952,1.01539,1.01577,1.04,1.97
2012.07.26 14:10:18.120,1.01554,1.01576,1.50,1.88
2012.07.26 14:10:18.235,1.01544,1.01568,1.50,1.50
2012.07.26 14:10:18.854,1.01547,1.01569,1.50,1.50
2012.07.26 14:10:18.968,1.01547,1.01571,1.50,1.50
2012.07.26 14:10:19.378,1.01544,1.01568,1.50,1.50
2012.07.26 14:10:19.865,1.01539,1.01563,1.50,1.50
2012.07.26 14:10:20.372,1.01542,1.01564,1.50,1.50
2012.07.26 14:10:21.268,1.0154,1.01563,1.50,1.50
2012.07.26 14:10:21.383,1.01541,1.01565,1.50,1.50
2012.07.26 14:10:21.716,1.01543,1.01567,1.50,1.50
2012.07.26 14:10:22.378,1.01543,1.01566,1.88,1.50
2012.07.26 14:10:22.608,1.01549,1.01572,1.50,5.18
2012.07.26 14:10:22.780,1.01549,1.01572,1.50,1.60
2012.07.26 14:10:22.840,1.01547,1.01569,3.00,1.60
2012.07.26 14:10:23.132,1.01547,1.01569,1.50,1.50
2012.07.26 14:10:23.503,1.01544,1.01565,1.50,1.50
2012.07.26 14:10:23.836,1.01538,1.01559,2.55,1.50
2012.07.26 14:10:24.004,1.01539,1.01563,1.50,1.50
2012.07.26 14:10:24.065,1.01541,1.01563,1.50,1.50
2012.07.26 14:10:24.413,1.01539,1.01561,1.50,1.50
2012.07.26 14:10:24.582,1.0154,1.01564,1.50,1.50
2012.07.26 14:10:24.993,1.01542,1.01566,1.50,1.50
2012.07.26 14:10:25.334,1.01547,1.0157,1.50,1.50
2012.07.26 14:10:25.977,1.01548,1.01572,1.50,3.00
2012.07.26 14:10:26.446,1.01546,1.01571,1.50,1.50
2012.07.26 14:10:27.223,1.01549,1.01572,1.50,1.60
2012.07.26 14:10:27.338,1.01545,1.0157,1.50,1.50
2012.07.26 14:10:27.686,1.01545,1.01569,1.88,1.50
2012.07.26 14:10:28.355,1.01545,1.01565,1.88,1.50
2012.07.26 14:10:28.524,1.01548,1.0157,1.50,1.60
2012.07.26 14:10:28.954,1.01546,1.01569,1.50,1.50
2012.07.26 14:10:29.391,1.01547,1.01571,1.50,1.50
2012.07.26 14:10:29.940,1.01547,1.01572,1.50,1.50
2012.07.26 14:10:30.190,1.01547,1.01569,1.50,1.50
2012.07.26 14:10:31.629,1.01548,1.0157,1.50,1.50
2012.07.26 14:10:31.969,1.01546,1.01568,1.50,1.50
2012.07.26 14:10:32.190,1.01548,1.01572,1.50,1.50
2012.07.26 14:10:33.249,1.0155,1.01574,1.50,3.00
2012.07.26 14:10:33.559,1.01548,1.0157,1.50,1.50
2012.07.26 14:10:33.893,1.01551,1.01573,1.50,3.00
2012.07.26 14:10:34.062,1.01545,1.01569,1.50,1.50
2012.07.26 14:10:34.816,1.01548,1.0157,1.50,3.00
2012.07.26 14:10:35.366,1.01548,1.0157,4.34,1.50
2012.07.26 14:10:35.427,1.01551,1.01573,1.50,1.50
2012.07.26 14:10:35.977,1.01551,1.01572,1.50,1.60
2012.07.26 14:10:36.092,1.01546,1.0157,1.50,1.50
2012.07.26 14:10:36.629,1.01547,1.01569,1.50,1.50
2012.07.26 14:10:37.055,1.01544,1.01568,1.50,1.50
2012.07.26 14:10:37.190,1.01548,1.0157,1.50,3.00
2012.07.26 14:10:37.304,1.01545,1.01569,1.50,1.50
2012.07.26 14:10:37.419,1.01548,1.0157,1.50,3.00
2012.07.26 14:10:37.751,1.01551,1.01573,1.50,1.50
2012.07.26 14:10:38.140,1.01553,1.01573,1.50,1.50
2012.07.26 14:10:38.203,1.01555,1.01577,1.50,1.50
2012.07.26 14:10:38.611,1.01559,1.01577,1.50,1.50
2012.07.26 14:10:38.671,1.0156,1.01584,1.50,1.50
2012.07.26 14:10:39.005,1.01562,1.01585,1.50,1.50
2012.07.26 14:10:39.487,1.0156,1.01582,1.50,1.50
2012.07.26 14:10:40.151,1.01561,1.01583,1.50,1.50
2012.07.26 14:10:40.323,1.01563,1.01587,1.50,1.50
2012.07.26 14:10:40.495,1.01563,1.01587,1.50,1.60
2012.07.26 14:10:40.612,1.01563,1.01587,1.50,1.50
2012.07.26 14:10:41.023,1.01561,1.01583,1.50,1.50
2012.07.26 14:10:41.362,1.01558,1.0158,1.50,1.50
2012.07.26 14:10:42.199,1.01556,1.0158,3.00,1.50
2012.07.26 14:10:42.530,1.01553,1.01577,1.50,1.50
2012.07.26 14:10:43.045,1.01553,1.01577,2.16,1.50
2012.07.26 14:10:43.215,1.0156,1.01584,1.50,1.50
2012.07.26 14:10:43.528,1.01558,1.01582,1.50,1.50
2012.07.26 14:10:43.867,1.01555,1.01579,1.50,1.50
2012.07.26 14:10:44.983,1.01553,1.01577,3.00,1.50
2012.07.26 14:10:46.747,1.01555,1.01577,1.50,1.50
2012.07.26 14:10:46.808,1.01556,1.0158,1.50,1.50
2012.07.26 14:10:48.258,1.01559,1.01581,1.50,1.50
2012.07.26 14:10:48.809,1.01558,1.01582,1.50,1.50
2012.07.26 14:10:49.130,1.01558,1.01582,2.16,1.50
2012.07.26 14:10:49.298,1.01571,1.01593,1.50,4.28
2012.07.26 14:10:49.415,1.01567,1.01588,2.18,1.50
2012.07.26 14:10:49.926,1.01568,1.01588,2.18,1.50
2012.07.26 14:10:49.986,1.01572,1.01594,1.50,1.50
2012.07.26 14:10:50.278,1.01569,1.01594,3.00,1.50
2012.07.26 14:10:50.829,1.01569,1.01591,1.50,1.50
2012.07.26 14:10:51.165,1.01566,1.01588,1.50,1.50
2012.07.26 14:10:51.653,1.01562,1.01586,1.88,1.50
2012.07.26 14:10:51.883,1.01565,1.01587,1.50,1.50
2012.07.26 14:10:52.481,1.01568,1.0159,1.50,1.50
2012.07.26 14:10:53.050,1.0157,1.01594,1.50,1.50
2012.07.26 14:10:53.285,1.01571,1.01596,1.50,1.50
2012.07.26 14:10:53.399,1.01571,1.01594,1.50,1.50
2012.07.26 14:10:53.931,1.01572,1.01594,1.50,1.50
2012.07.26 14:10:53.998,1.01573,1.01598,1.50,1.50
2012.07.26 14:10:54.868,1.01572,1.01596,1.50,1.50
2012.07.26 14:10:55.222,1.01568,1.01593,4.05,1.50
2012.07.26 14:10:55.808,1.01568,1.0159,4.05,1.50
2012.07.26 14:10:56.149,1.01565,1.01587,3.00,1.50
2012.07.26 14:10:56.479,1.01567,1.01589,1.50,1.50
2012.07.26 14:10:56.982,1.01568,1.01591,1.50,1.50
2012.07.26 14:10:57.514,1.01566,1.0159,1.50,1.50
2012.07.26 14:10:58.794,1.01565,1.01586,1.50,1.50
2012.07.26 14:10:58.969,1.01561,1.01585,3.75,1.50
2012.07.26 14:10:59.247,1.01561,1.01585,2.16,3.00
2012.07.26 14:10:59.580,1.01561,1.01583,1.04,1.50
2012.07.26 14:10:59.769,1.01562,1.01585,1.88,1.50
2012.07.26 14:11:00.020,1.01565,1.01587,1.50,3.00
2012.07.26 14:11:00.362,1.01567,1.01589,1.50,3.00
2012.07.26 14:11:00.994,1.01564,1.01589,1.88,1.50
2012.07.26 14:11:01.055,1.01562,1.01584,1.88,1.50
2012.07.26 14:11:01.621,1.01562,1.01584,1.50,1.50
2012.07.26 14:11:01.929,1.01559,1.01582,3.38,1.50
2012.07.26 14:11:02.152,1.01562,1.01582,1.50,1.50
2012.07.26 14:11:02.377,1.01563,1.01587,1.88,1.50
2012.07.26 14:11:02.673,1.01562,1.01584,1.88,1.50
2012.07.26 14:11:03.038,1.01567,1.01586,1.50,1.50
2012.07.26 14:11:03.097,1.01567,1.01589,1.50,1.50
2012.07.26 14:11:03.156,1.01565,1.01586,1.50,1.50
2012.07.26 14:11:03.377,1.01565,1.01589,3.00,1.50
2012.07.26 14:11:03.707,1.01568,1.01592,1.50,1.60
2012.07.26 14:11:04.077,1.01568,1.01589,1.50,1.50
2012.07.26 14:11:04.192,1.01563,1.01587,1.50,1.50
2012.07.26 14:11:04.252,1.01565,1.01589,1.50,3.00
2012.07.26 14:11:05.091,1.01564,1.01586,1.50,1.50
2012.07.26 14:11:05.983,1.01563,1.01587,2.54,1.50
2012.07.26 14:11:06.316,1.01557,1.01581,1.88,1.50
2012.07.26 14:11:06.377,1.01557,1.01581,1.88,1.50
2012.07.26 14:11:07.241,1.01558,1.0158,1.88,1.50
2012.07.26 14:11:08.080,1.01558,1.01583,1.88,1.50
2012.07.26 14:11:08.589,1.01559,1.01582,1.88,1.50
2012.07.26 14:11:08.649,1.01558,1.0158,1.88,1.50
2012.07.26 14:11:08.762,1.01559,1.01582,1.88,1.50
2012.07.26 14:11:09.272,1.01558,1.01583,1.88,1.50
2012.07.26 14:11:09.603,1.01558,1.01581,1.88,1.50
2012.07.26 14:11:09.663,1.01554,1.01579,4.04,1.50
2012.07.26 14:11:09.954,1.01557,1.01579,1.50,1.50
2012.07.26 14:11:10.302,1.01559,1.01581,1.50,1.50
2012.07.26 14:11:10.363,1.01559,1.01583,1.50,1.50
2012.07.26 14:11:10.969,1.0156,1.01582,1.50,1.50
2012.07.26 14:11:11.029,1.01556,1.01578,1.50,1.50
2012.07.26 14:11:11.356,1.01552,1.01576,1.88,1.50
2012.07.26 14:11:12.023,1.01553,1.01575,1.88,1.50
2012.07.26 14:11:12.088,1.01551,1.01573,3.38,1.50
2012.07.26 14:11:12.269,1.01553,1.01575,1.88,3.00
2012.07.26 14:11:12.386,1.01555,1.01578,1.50,1.50
2012.07.26 14:11:12.891,1.01555,1.01579,1.50,1.50
2012.07.26 14:11:14.751,1.01554,1.01576,3.00,1.50
2012.07.26 14:11:15.662,1.01554,1.01578,1.50,3.00
2012.07.26 14:11:15.819,1.01561,1.01585,1.50,1.60
2012.07.26 14:11:16.162,1.01559,1.01583,1.50,2.35
2012.07.26 14:11:16.669,1.01557,1.01581,1.50,1.60
2012.07.26 14:11:17.570,1.01559,1.01583,1.50,1.50
2012.07.26 14:11:17.903,1.01562,1.01584,1.88,1.50
2012.07.26 14:11:18.212,1.01564,1.01586,1.50,1.50
2012.07.26 14:11:18.544,1.01566,1.01588,1.50,1.50
2012.07.26 14:11:18.966,1.01565,1.0159,1.50,3.00
2012.07.26 14:11:19.341,1.01564,1.01586,3.00,1.50
2012.07.26 14:11:19.456,1.01566,1.01591,1.50,1.50
2012.07.26 14:11:19.571,1.01564,1.01586,1.50,1.50
2012.07.26 14:11:20.072,1.01567,1.01588,1.50,1.50
2012.07.26 14:11:20.188,1.01569,1.01591,1.50,1.50
2012.07.26 14:11:20.468,1.01567,1.0159,3.00,1.50
2012.07.26 14:11:20.809,1.01567,1.0159,4.05,1.50
2012.07.26 14:11:21.089,1.01569,1.01594,1.88,1.50
2012.07.26 14:11:21.370,1.01568,1.01592,2.54,1.50
2012.07.26 14:11:21.490,1.01572,1.01596,1.50,1.50
2012.07.26 14:11:21.567,1.0157,1.01593,1.50,1.50
2012.07.26 14:11:21.915,1.01575,1.01598,1.50,1.50
2012.07.26 14:11:22.142,1.01573,1.01597,1.50,1.50
2012.07.26 14:11:22.314,1.01575,1.01599,1.50,1.50
2012.07.26 14:11:22.741,1.01577,1.01601,1.50,1.60
2012.07.26 14:11:23.057,1.01575,1.01597,1.50,1.50
2012.07.26 14:11:23.571,1.01578,1.016,1.50,1.50
2012.07.26 14:11:24.100,1.01577,1.01601,1.50,1.50
2012.07.26 14:11:24.453,1.01582,1.01604,1.50,1.60
2012.07.26 14:11:24.997,1.01579,1.01603,1.50,1.60
2012.07.26 14:11:25.353,1.0158,1.01604,1.50,3.00
2012.07.26 14:11:25.881,1.01581,1.01603,1.50,1.50
2012.07.26 14:11:26.462,1.0158,1.01602,1.50,1.50
2012.07.26 14:11:26.684,1.01577,1.01601,1.88,1.50
2012.07.26 14:11:27.221,1.01579,1.01601,1.50,1.50
2012.07.26 14:11:27.896,1.01579,1.01599,1.50,1.50
2012.07.26 14:11:28.011,1.01574,1.01596,1.88,1.50
2012.07.26 14:11:28.235,1.01576,1.01598,1.50,1.50
2012.07.26 14:11:28.891,1.01576,1.01598,1.88,1.50
2012.07.26 14:11:29.292,1.01579,1.01601,1.50,1.50
2012.07.26 14:11:29.850,1.01577,1.016,1.88,1.50
2012.07.26 14:11:30.358,1.01579,1.01601,1.50,1.50
2012.07.26 14:11:30.979,1.01578,1.01602,1.88,1.50
2012.07.26 14:11:31.038,1.01577,1.01599,1.88,1.50
2012.07.26 14:11:31.222,1.01579,1.01601,1.88,1.50
2012.07.26 14:11:31.520,1.01576,1.01598,3.38,1.50
2012.07.26 14:11:31.797,1.01573,1.01597,2.16,1.50
2012.07.26 14:11:32.075,1.01577,1.01601,1.50,2.63
2012.07.26 14:11:32.170,1.01577,1.01601,1.50,1.88
2012.07.26 14:11:32.231,1.01577,1.01601,1.50,2.40
2012.07.26 14:11:32.597,1.01577,1.01601,1.50,1.50
2012.07.26 14:11:32.712,1.01577,1.01599,1.50,1.50
2012.07.26 14:11:32.990,1.01575,1.01599,1.50,1.60
2012.07.26 14:11:33.050,1.01574,1.01596,3.00,1.50
2012.07.26 14:11:33.410,1.01572,1.01594,1.50,1.50
2012.07.26 14:11:33.523,1.01573,1.01597,1.50,1.50
2012.07.26 14:11:33.964,1.01571,1.01595,1.88,1.50
2012.07.26 14:11:34.281,1.0157,1.01587,1.50,1.50
2012.07.26 14:11:34.397,1.01565,1.01587,1.50,1.50
2012.07.26 14:11:34.618,1.01565,1.01587,1.88,1.50
2012.07.26 14:11:34.787,1.01572,1.01595,1.50,1.50
2012.07.26 14:11:35.064,1.0157,1.01594,1.50,1.50
2012.07.26 14:11:35.233,1.01568,1.01592,3.00,1.50
2012.07.26 14:11:36.520,1.01567,1.01589,1.50,1.50
2012.07.26 14:11:37.303,1.01567,1.01586,1.50,1.50
2012.07.26 14:11:37.474,1.0156,1.01584,1.88,1.50
2012.07.26 14:11:37.590,1.01566,1.0159,1.50,1.50
2012.07.26 14:11:38.073,1.01569,1.01593,1.50,2.35
2012.07.26 14:11:38.189,1.01566,1.0159,1.50,1.50
2012.07.26 14:11:38.249,1.01566,1.01588,1.50,1.50
2012.07.26 14:11:38.828,1.01563,1.01588,1.88,1.50
2012.07.26 14:11:38.996,1.01564,1.01587,1.88,1.50
2012.07.26 14:11:39.385,1.01562,1.01585,2.54,1.50
2012.07.26 14:11:39.718,1.01559,1.01579,1.50,1.50
2012.07.26 14:11:39.832,1.01564,1.01579,1.50,1.50
2012.07.26 14:11:39.961,1.01566,1.01588,1.50,1.50
2012.07.26 14:11:40.022,1.01566,1.01591,1.50,1.50
2012.07.26 14:11:40.244,1.01566,1.01588,1.50,1.50
2012.07.26 14:11:40.304,1.01567,1.0159,1.50,1.50
2012.07.26 14:11:40.477,1.01565,1.01589,1.50,1.50
2012.07.26 14:11:40.701,1.01564,1.01586,1.88,1.50
2012.07.26 14:11:40.815,1.01565,1.01589,1.50,1.50
2012.07.26 14:11:40.983,1.01568,1.0159,1.50,1.50
2012.07.26 14:11:41.742,1.01568,1.01587,1.50,1.50
2012.07.26 14:11:41.910,1.01568,1.0159,1.50,3.00
2012.07.26 14:11:41.970,1.01562,1.01585,3.00,1.50
2012.07.26 14:11:42.556,1.0156,1.01584,2.16,1.50
2012.07.26 14:11:42.793,1.01561,1.01584,1.04,1.50
2012.07.26 14:11:42.854,1.01566,1.01589,1.50,1.50
2012.07.26 14:11:43.259,1.01563,1.01588,1.88,1.50
2012.07.26 14:11:43.375,1.01566,1.01588,1.50,1.50
2012.07.26 14:11:44.153,1.01567,1.0159,1.50,1.50
2012.07.26 14:11:45.098,1.01566,1.01591,1.50,1.50
2012.07.26 14:11:45.322,1.01564,1.01589,1.50,1.50
2012.07.26 14:11:45.623,1.01561,1.01584,1.50,1.50
2012.07.26 14:11:46.036,1.01567,1.01589,1.88,1.50
2012.07.26 14:11:46.401,1.01563,1.01585,3.38,1.50
2012.07.26 14:11:46.668,1.01569,1.01587,2.54,1.50
2012.07.26 14:11:46.727,1.01569,1.01591,2.54,1.50
2012.07.26 14:11:47.270,1.01569,1.01591,1.88,1.50
2012.07.26 14:11:47.816,1.01566,1.01589,1.88,1.60
2012.07.26 14:11:47.986,1.01564,1.01588,1.50,1.60
2012.07.26 14:11:48.046,1.01569,1.01593,1.50,1.50
2012.07.26 14:11:48.376,1.01565,1.01589,1.50,1.50
2012.07.26 14:11:48.756,1.01565,1.01589,1.50,1.88
2012.07.26 14:11:49.952,1.01563,1.01584,1.50,1.50
2012.07.26 14:11:50.038,1.0156,1.01584,1.50,1.50
2012.07.26 14:11:50.271,1.01562,1.01584,1.50,1.50
2012.07.26 14:11:50.332,1.01563,1.01587,1.50,1.88
2012.07.26 14:11:50.495,1.01562,1.01582,1.50,1.50
2012.07.26 14:11:50.554,1.0156,1.01582,1.50,1.50
2012.07.26 14:11:50.614,1.01562,1.01584,1.50,1.50
2012.07.26 14:11:50.728,1.01563,1.01586,1.50,1.88
2012.07.26 14:11:50.953,1.01562,1.01584,1.50,1.50
2012.07.26 14:11:51.181,1.01563,1.01586,1.50,1.50
2012.07.26 14:11:51.707,1.01563,1.01587,3.00,1.50
2012.07.26 14:11:51.821,1.01563,1.01587,3.75,1.50
2012.07.26 14:11:51.989,1.01565,1.01589,2.25,1.50
2012.07.26 14:11:52.048,1.01565,1.01582,2.25,2.18
2012.07.26 14:11:52.110,1.01564,1.01586,2.25,1.50
2012.07.26 14:11:52.278,1.01564,1.01586,1.50,1.50
2012.07.26 14:11:52.630,1.01561,1.01584,1.50,1.50
2012.07.26 14:11:52.744,1.01562,1.01586,1.50,3.00
2012.07.26 14:11:52.967,1.01565,1.01587,1.50,1.88
2012.07.26 14:11:53.239,1.01562,1.01586,1.50,1.50
2012.07.26 14:11:53.824,1.01564,1.01587,1.50,1.88
2012.07.26 14:11:53.995,1.01565,1.01589,1.50,1.60
2012.07.26 14:11:54.380,1.01568,1.0159,1.50,1.50
2012.07.26 14:11:54.495,1.01565,1.01589,1.50,1.60
2012.07.26 14:11:54.554,1.01565,1.01589,1.50,1.60
2012.07.26 14:11:54.833,1.01555,1.01579,1.50,1.60
2012.07.26 14:11:54.894,1.01555,1.01579,1.50,1.60
2012.07.26 14:11:55.355,1.01553,1.01575,1.88,1.50
2012.07.26 14:11:55.478,1.01549,1.01571,1.88,1.50
2012.07.26 14:11:55.781,1.01547,1.01571,3.68,1.50
2012.07.26 14:11:56.661,1.01546,1.01568,1.88,1.50
2012.07.26 14:11:57.043,1.01543,1.01566,1.04,1.50
2012.07.26 14:11:57.194,1.01546,1.01566,1.50,1.50
2012.07.26 14:11:57.254,1.01547,1.01571,1.50,1.50
2012.07.26 14:11:57.576,1.0155,1.01572,1.50,5.18
2012.07.26 14:11:57.910,1.01556,1.01577,1.50,1.88
2012.07.26 14:11:58.286,1.01555,1.01572,1.50,2.18
2012.07.26 14:11:58.468,1.01553,1.01572,1.50,2.18
2012.07.26 14:11:58.528,1.01551,1.01572,1.50,2.18
2012.07.26 14:11:59.031,1.0155,1.01572,1.50,3.68
2012.07.26 14:11:59.268,1.01553,1.01572,1.50,2.18
2012.07.26 14:11:59.382,1.01551,1.01572,1.50,2.18
2012.07.26 14:11:59.459,1.01549,1.01572,1.50,3.68
2012.07.26 14:11:59.918,1.01551,1.01573,1.50,1.50
2012.07.26 14:12:00.032,1.01553,1.01577,1.50,1.50
2012.07.26 14:12:00.560,1.01556,1.01578,1.50,3.10
2012.07.26 14:12:02.239,1.01553,1.01575,1.88,1.50
2012.07.26 14:12:02.744,1.01553,1.01572,1.88,2.18
2012.07.26 14:12:02.994,1.01554,1.01576,1.50,3.00
2012.07.26 14:12:03.217,1.01557,1.01581,1.50,1.60
2012.07.26 14:12:03.333,1.01555,1.01577,1.50,1.50
2012.07.26 14:12:03.750,1.01557,1.01579,1.50,1.50
2012.07.26 14:12:04.224,1.01559,1.01581,1.50,1.50
2012.07.26 14:12:04.671,1.01556,1.0158,2.16,1.50
2012.07.26 14:12:06.186,1.01557,1.0158,1.50,1.50
2012.07.26 14:12:06.262,1.01558,1.01582,1.50,3.68
2012.07.26 14:12:06.539,1.01557,1.01579,1.50,1.50
2012.07.26 14:12:07.061,1.01554,1.01578,2.16,1.50
2012.07.26 14:12:07.230,1.01554,1.01578,1.50,1.50
2012.07.26 14:12:07.398,1.01552,1.01576,1.50,1.50
2012.07.26 14:12:07.743,1.01555,1.01579,1.50,1.50
2012.07.26 14:12:08.075,1.01555,1.01577,1.50,1.50
2012.07.26 14:12:08.393,1.01558,1.0158,1.50,1.50
2012.07.26 14:12:08.739,1.01553,1.01578,1.50,1.50
2012.07.26 14:12:08.856,1.01556,1.01578,1.50,1.50
2012.07.26 14:12:08.971,1.01552,1.01576,1.50,1.50
2012.07.26 14:12:09.140,1.01555,1.01577,1.50,3.00
2012.07.26 14:12:09.309,1.01548,1.01572,1.50,1.50
2012.07.26 14:12:09.478,1.01553,1.01573,1.50,1.50
2012.07.26 14:12:09.537,1.01553,1.01575,1.50,3.00
2012.07.26 14:12:09.710,1.01555,1.01575,1.50,1.50
2012.07.26 14:12:10.361,1.01556,1.01578,1.50,1.88
2012.07.26 14:12:10.587,1.01557,1.01581,1.50,1.97
2012.07.26 14:12:10.742,1.01555,1.01579,3.00,1.50
2012.07.26 14:12:11.094,1.01558,1.0158,1.50,1.50
2012.07.26 14:12:13.093,1.01558,1.0158,1.50,1.60
2012.07.26 14:12:13.206,1.01558,1.0158,1.50,1.60
2012.07.26 14:12:13.319,1.01558,1.0158,1.50,1.97
2012.07.26 14:12:13.647,1.01555,1.01578,1.50,1.88
2012.07.26 14:12:13.870,1.01551,1.01576,1.50,1.97
2012.07.26 14:12:13.931,1.01551,1.01576,1.50,1.60
2012.07.26 14:12:14.262,1.01549,1.01574,1.50,1.50
2012.07.26 14:12:14.321,1.01552,1.01574,1.50,1.50
2012.07.26 14:12:14.381,1.01554,1.01578,1.50,1.88
2012.07.26 14:12:14.932,1.01554,1.01578,1.50,1.50
2012.07.26 14:12:15.810,1.01552,1.01577,3.00,1.50
2012.07.26 14:12:16.089,1.0155,1.01574,2.16,1.50
2012.07.26 14:12:16.422,1.01554,1.01576,2.16,1.88
2012.07.26 14:12:16.725,1.0155,1.01572,2.16,1.50
2012.07.26 14:12:17.015,1.01553,1.01574,2.16,1.50
2012.07.26 14:12:17.074,1.01553,1.01576,2.16,1.50
2012.07.26 14:12:17.153,1.01557,1.01579,1.50,3.00
2012.07.26 14:12:18.436,1.01557,1.01579,1.50,1.60
2012.07.26 14:12:18.691,1.01554,1.01575,1.50,1.50
2012.07.26 14:12:19.038,1.01555,1.01577,1.50,3.00
2012.07.26 14:12:22.472,1.01553,1.01574,1.50,1.50
2012.07.26 14:12:22.585,1.01553,1.01577,1.50,3.00
2012.07.26 14:12:23.503,1.01554,1.01577,1.50,1.50
2012.07.26 14:12:23.563,1.01556,1.01578,1.50,1.50
2012.07.26 14:12:23.794,1.01553,1.01576,1.88,1.50
2012.07.26 14:12:23.962,1.01556,1.01579,1.50,1.50
2012.07.26 14:12:24.238,1.01554,1.01578,2.54,1.50
2012.07.26 14:12:24.743,1.01555,1.01579,1.50,1.50
2012.07.26 14:12:25.025,1.01553,1.01577,1.88,1.50
2012.07.26 14:12:25.361,1.01552,1.01574,1.88,1.50
2012.07.26 14:12:25.526,1.01554,1.01576,1.88,1.50
2012.07.26 14:12:26.078,1.01554,1.01576,2.16,3.00
2012.07.26 14:12:26.356,1.01557,1.01578,2.18,1.50
2012.07.26 14:12:26.472,1.0156,1.01582,1.50,1.50
2012.07.26 14:12:27.018,1.01561,1.01583,1.50,1.50
2012.07.26 14:12:27.243,1.01558,1.0158,4.05,1.50
2012.07.26 14:12:27.777,1.01559,1.01581,1.88,1.50
2012.07.26 14:12:28.198,1.01562,1.01581,1.50,1.50
2012.07.26 14:12:28.258,1.01562,1.01584,1.50,3.00
2012.07.26 14:12:28.318,1.01558,1.0158,1.88,1.50
2012.07.26 14:12:28.826,1.01558,1.0158,1.50,1.50
2012.07.26 14:12:28.886,1.01562,1.01586,1.50,1.60
2012.07.26 14:12:29.000,1.01562,1.01586,1.50,1.60
2012.07.26 14:12:29.773,1.01562,1.01582,1.50,1.50
2012.07.26 14:12:29.971,1.01557,1.01581,1.50,1.60
2012.07.26 14:12:30.032,1.01559,1.01581,1.50,1.60
2012.07.26 14:12:30.092,1.01557,1.01581,1.50,1.60
2012.07.26 14:12:30.561,1.01558,1.0158,1.50,1.50
2012.07.26 14:12:30.675,1.01556,1.01579,1.50,1.50
2012.07.26 14:12:30.901,1.01555,1.01577,1.50,1.50
2012.07.26 14:12:31.124,1.01556,1.0158,1.50,1.60
2012.07.26 14:12:31.563,1.01555,1.01576,1.50,1.50
2012.07.26 14:12:32.023,1.01549,1.0157,1.04,1.50
2012.07.26 14:12:32.088,1.01551,1.01574,1.50,1.50
2012.07.26 14:12:32.152,1.01551,1.01574,1.88,1.50
2012.07.26 14:12:32.432,1.01555,1.01577,1.50,3.00
2012.07.26 14:12:32.985,1.01554,1.01576,1.50,1.50
2012.07.26 14:12:33.542,1.01551,1.01575,1.88,1.50
2012.07.26 14:12:33.657,1.01553,1.01577,1.88,1.50
2012.07.26 14:12:33.719,1.01553,1.01575,1.88,1.50
2012.07.26 14:12:34.234,1.01555,1.01578,1.50,1.50
2012.07.26 14:12:34.351,1.01552,1.01576,1.88,1.50
2012.07.26 14:12:34.703,1.01554,1.01578,1.88,1.50
2012.07.26 14:12:34.819,1.01553,1.01576,1.88,1.50
2012.07.26 14:12:35.046,1.01554,1.01578,1.88,1.50
2012.07.26 14:12:35.168,1.01553,1.01576,1.88,1.50
2012.07.26 14:12:35.877,1.01553,1.01575,2.54,1.50
2012.07.26 14:12:36.614,1.01556,1.01578,1.88,1.50
2012.07.26 14:12:36.713,1.01558,1.0158,1.88,1.50
2012.07.26 14:12:37.307,1.01556,1.01579,1.88,1.50
2012.07.26 14:12:37.421,1.01555,1.01577,1.88,1.50
2012.07.26 14:12:37.937,1.01554,1.01578,1.88,1.50
2012.07.26 14:12:38.275,1.01546,1.01568,1.88,1.50
2012.07.26 14:12:38.520,1.0155,1.01568,1.50,1.50
2012.07.26 14:12:38.579,1.01551,1.01575,1.50,1.50
2012.07.26 14:12:38.639,1.01551,1.01575,1.88,1.50
2012.07.26 14:12:39.125,1.01547,1.01569,1.88,1.50
2012.07.26 14:12:40.598,1.01547,1.01569,1.88,1.50
2012.07.26 14:12:40.891,1.01549,1.01571,1.88,1.50
2012.07.26 14:12:41.750,1.01548,1.01569,2.55,1.50
2012.07.26 14:12:41.876,1.01549,1.01571,1.88,1.50
2012.07.26 14:12:42.521,1.01547,1.01569,4.05,1.50
2012.07.26 14:12:42.762,1.01549,1.01571,1.88,1.50
2012.07.26 14:12:43.156,1.01547,1.0157,1.50,1.50
2012.07.26 14:12:43.215,1.01545,1.0157,1.50,1.50
2012.07.26 14:12:43.274,1.01547,1.01571,1.50,1.50
2012.07.26 14:12:44.920,1.01549,1.01568,1.41,1.50
2012.07.26 14:12:45.036,1.0155,1.01571,1.50,1.50
2012.07.26 14:12:45.369,1.01551,1.01572,1.41,1.50
2012.07.26 14:12:45.690,1.01554,1.01574,1.50,1.50
2012.07.26 14:12:45.750,1.01554,1.01578,1.50,1.50
2012.07.26 14:12:46.088,1.01552,1.01576,1.50,1.50
2012.07.26 14:12:46.460,1.01554,1.01576,1.88,1.50
2012.07.26 14:12:47.001,1.01552,1.01574,1.88,1.50
2012.07.26 14:12:47.546,1.01552,1.01574,1.88,1.50
2012.07.26 14:12:48.222,1.0155,1.01574,1.50,1.50
2012.07.26 14:12:48.888,1.0155,1.01574,2.16,1.50
2012.07.26 14:12:49.222,1.01555,1.01577,1.04,1.50
2012.07.26 14:12:49.282,1.01555,1.01579,2.54,1.50
2012.07.26 14:12:49.615,1.01555,1.01577,1.88,1.50
2012.07.26 14:12:50.141,1.01555,1.01579,1.88,1.50
2012.07.26 14:12:50.255,1.01555,1.01579,1.50,1.50
2012.07.26 14:12:50.871,1.01556,1.0158,1.50,1.50
2012.07.26 14:12:51.223,1.01558,1.01582,1.50,1.60
2012.07.26 14:12:51.823,1.01559,1.01581,1.50,1.50
2012.07.26 14:12:51.938,1.01554,1.01578,1.50,1.50
2012.07.26 14:12:52.161,1.01556,1.0158,1.50,3.00
2012.07.26 14:12:52.662,1.0156,1.01584,1.50,1.50
2012.07.26 14:12:52.992,1.01559,1.01581,1.88,1.50
2012.07.26 14:12:54.484,1.01561,1.01583,1.50,3.00
2012.07.26 14:12:54.601,1.01557,1.01581,1.88,1.50
2012.07.26 14:12:54.880,1.01557,1.0158,1.88,1.60
2012.07.26 14:12:55.166,1.01556,1.0158,1.50,3.00
2012.07.26 14:12:55.669,1.01555,1.01577,1.50,1.50
2012.07.26 14:12:56.099,1.01552,1.01577,1.50,1.50
2012.07.26 14:12:56.160,1.01554,1.01578,1.50,1.50
2012.07.26 14:12:56.513,1.01553,1.01575,1.50,1.50
2012.07.26 14:12:56.689,1.01554,1.01578,1.50,3.00
2012.07.26 14:12:57.022,1.01554,1.01576,1.88,1.50
2012.07.26 14:12:57.564,1.01552,1.01577,1.88,1.50
2012.07.26 14:12:57.895,1.01556,1.01578,1.50,1.50
2012.07.26 14:12:58.422,1.01556,1.01579,1.50,1.50
2012.07.26 14:12:58.762,1.0155,1.01574,1.88,1.50
2012.07.26 14:12:59.673,1.01552,1.01575,1.88,1.50
2012.07.26 14:13:00.599,1.0155,1.01574,1.88,1.50
2012.07.26 14:13:00.935,1.0155,1.01572,1.88,1.50
2012.07.26 14:13:00.995,1.01552,1.01575,1.88,1.50
2012.07.26 14:13:01.056,1.01554,1.01578,1.50,1.60
2012.07.26 14:13:01.742,1.01554,1.01576,1.50,1.50
2012.07.26 14:13:01.923,1.01552,1.01574,1.88,1.50
2012.07.26 14:13:02.229,1.01549,1.01573,1.88,1.60
2012.07.26 14:13:02.290,1.01551,1.01574,1.50,1.50
2012.07.26 14:13:02.843,1.01551,1.01575,1.50,1.50
2012.07.26 14:13:02.968,1.01551,1.01573,1.50,1.50
2012.07.26 14:13:03.230,1.01548,1.01572,1.88,1.50
2012.07.26 14:13:03.732,1.01551,1.01572,1.50,1.50
2012.07.26 14:13:03.792,1.01552,1.01576,1.50,1.50
2012.07.26 14:13:03.907,1.01551,1.01573,1.50,1.50
2012.07.26 14:13:04.247,1.01553,1.01573,1.50,1.50
2012.07.26 14:13:04.361,1.01554,1.01578,1.50,1.60
2012.07.26 14:13:04.693,1.01553,1.01575,3.38,1.50
2012.07.26 14:13:05.060,1.01556,1.01578,1.50,3.10
2012.07.26 14:13:05.122,1.01553,1.01577,1.88,1.60
2012.07.26 14:13:05.630,1.01553,1.01577,1.50,1.60
2012.07.26 14:13:05.820,1.01551,1.01573,1.50,1.50
2012.07.26 14:13:06.207,1.01554,1.01576,1.50,1.50
2012.07.26 14:13:06.541,1.01551,1.01573,1.50,1.50
2012.07.26 14:13:06.873,1.0156,1.01582,1.50,1.60
2012.07.26 14:13:07.136,1.0156,1.01582,1.50,1.60
2012.07.26 14:13:07.434,1.01557,1.01581,1.50,1.60
2012.07.26 14:13:07.548,1.01553,1.01576,1.88,1.50
2012.07.26 14:13:08.176,1.01552,1.01576,1.50,1.60
2012.07.26 14:13:08.510,1.01555,1.01577,1.50,1.50
2012.07.26 14:13:08.821,1.01553,1.01575,1.50,1.50
2012.07.26 14:13:09.143,1.01555,1.01579,1.88,1.60
2012.07.26 14:13:09.656,1.01555,1.01579,1.50,1.50
2012.07.26 14:13:10.105,1.01553,1.01575,3.38,1.50
2012.07.26 14:13:10.445,1.01557,1.01579,1.50,1.50
2012.07.26 14:13:10.786,1.01555,1.01577,1.50,1.50
2012.07.26 14:13:11.116,1.01549,1.01573,1.88,1.50
2012.07.26 14:13:11.453,1.01551,1.01576,1.88,1.50
2012.07.26 14:13:11.523,1.01551,1.01573,1.88,1.50
2012.07.26 14:13:11.636,1.01552,1.01575,1.88,3.00
2012.07.26 14:13:11.912,1.01551,1.01576,1.50,1.50
2012.07.26 14:13:12.086,1.01554,1.01577,1.50,1.50
2012.07.26 14:13:12.435,1.01557,1.01579,1.50,1.50
2012.07.26 14:13:13.224,1.01559,1.01579,1.50,1.50
2012.07.26 14:13:13.339,1.01561,1.01584,1.50,1.50
2012.07.26 14:13:14.076,1.01559,1.01583,3.00,1.50
2012.07.26 14:13:14.191,1.01557,1.01579,1.50,1.50
2012.07.26 14:13:14.524,1.01558,1.01581,1.50,3.00
2012.07.26 14:13:14.747,1.0156,1.01582,1.50,1.60
2012.07.26 14:13:15.279,1.01557,1.01581,1.88,1.50
2012.07.26 14:13:16.132,1.01557,1.01581,1.88,1.60
2012.07.26 14:13:16.245,1.01557,1.01581,1.50,1.60
2012.07.26 14:13:16.413,1.01555,1.01579,1.50,1.60
2012.07.26 14:13:16.818,1.01558,1.0158,1.50,1.60
2012.07.26 14:13:17.132,1.01558,1.0158,1.50,1.60
2012.07.26 14:13:18.061,1.01553,1.01577,1.88,1.50
2012.07.26 14:13:18.504,1.01554,1.01576,1.50,1.60
2012.07.26 14:13:18.726,1.01554,1.01576,1.50,1.50
2012.07.26 14:13:19.692,1.01554,1.01577,1.50,1.50
2012.07.26 14:13:19.806,1.01552,1.01576,1.50,1.50
2012.07.26 14:13:20.318,1.0155,1.01575,2.54,1.50
2012.07.26 14:13:20.433,1.01552,1.01577,1.88,1.50
2012.07.26 14:13:20.671,1.01552,1.01577,1.88,1.60
2012.07.26 14:13:21.193,1.01551,1.01573,1.50,1.50
2012.07.26 14:13:21.256,1.01549,1.01572,1.50,1.50
2012.07.26 14:13:21.666,1.01552,1.01575,1.50,1.50
2012.07.26 14:13:22.159,1.01552,1.01572,1.50,1.50
2012.07.26 14:13:22.219,1.01548,1.0157,4.05,1.50
2012.07.26 14:13:22.279,1.0155,1.01572,1.50,3.00
2012.07.26 14:13:22.859,1.01548,1.0157,4.05,1.50
2012.07.26 14:13:23.333,1.01549,1.0157,1.13,1.50
2012.07.26 14:13:23.852,1.01549,1.01571,1.13,1.50
2012.07.26 14:13:24.413,1.0155,1.01574,2.25,1.50
2012.07.26 14:13:25.243,1.0155,1.01574,3.75,1.50
2012.07.26 14:13:25.302,1.01551,1.01576,2.25,1.60
2012.07.26 14:13:25.919,1.0155,1.01574,1.50,1.50
2012.07.26 14:13:26.436,1.01551,1.01576,1.50,2.35
2012.07.26 14:13:26.496,1.0155,1.01574,1.50,1.50
2012.07.26 14:13:27.400,1.01551,1.01576,1.50,2.35
2012.07.26 14:13:27.608,1.0155,1.01574,1.50,1.50
2012.07.26 14:13:28.053,1.01552,1.01575,1.50,1.50
2012.07.26 14:13:28.714,1.0155,1.01574,1.50,1.50
2012.07.26 14:13:28.936,1.01552,1.01575,1.50,1.50
2012.07.26 14:13:29.272,1.01551,1.01573,2.25,1.50
2012.07.26 14:13:29.648,1.01551,1.01576,2.25,2.25
2012.07.26 14:13:29.762,1.01551,1.01571,2.25,1.50
2012.07.26 14:13:29.823,1.01547,1.01569,4.80,1.50
2012.07.26 14:13:29.937,1.01551,1.01571,2.16,1.50
2012.07.26 14:13:30.052,1.01548,1.01571,3.68,1.88
2012.07.26 14:13:30.603,1.01548,1.0157,1.88,1.50
2012.07.26 14:13:30.961,1.01547,1.01572,1.88,2.25
2012.07.26 14:13:31.076,1.01547,1.01572,1.50,2.35
2012.07.26 14:13:31.469,1.01548,1.01567,1.50,1.50
2012.07.26 14:13:31.582,1.01542,1.01566,1.88,1.50
2012.07.26 14:13:31.966,1.01544,1.01564,1.13,1.50
2012.07.26 14:13:32.244,1.01548,1.01572,1.50,2.25
2012.07.26 14:13:33.007,1.0155,1.01572,1.50,1.50
2012.07.26 14:13:33.342,1.01553,1.01577,1.50,1.60
2012.07.26 14:13:33.457,1.01552,1.01574,1.50,1.50
2012.07.26 14:13:33.807,1.01546,1.01568,2.63,1.50
2012.07.26 14:13:34.122,1.01545,1.01567,1.41,1.50
2012.07.26 14:13:34.478,1.01547,1.01567,2.16,1.50
2012.07.26 14:13:34.538,1.01548,1.0157,3.68,1.60
2012.07.26 14:13:34.653,1.01546,1.0157,1.50,1.60
2012.07.26 14:13:34.766,1.01545,1.01568,1.50,1.50
2012.07.26 14:13:35.101,1.01552,1.01576,1.50,3.85
2012.07.26 14:13:35.432,1.01551,1.01572,1.50,1.50
2012.07.26 14:13:35.824,1.01552,1.01575,1.50,1.60
2012.07.26 14:13:36.227,1.01551,1.01573,1.50,1.50
2012.07.26 14:13:36.544,1.01553,1.01575,1.50,1.50
2012.07.26 14:13:37.860,1.01553,1.01573,1.50,2.18
2012.07.26 14:13:37.921,1.01551,1.01573,1.50,3.68
2012.07.26 14:13:38.037,1.01549,1.01573,1.50,1.60
2012.07.26 14:13:38.153,1.01549,1.01571,1.50,1.50
2012.07.26 14:13:38.488,1.01549,1.01573,1.50,1.50
2012.07.26 14:13:38.768,1.01546,1.01571,1.88,1.50
2012.07.26 14:13:38.979,1.01546,1.01571,1.50,1.50
2012.07.26 14:13:39.094,1.01546,1.01571,2.16,1.50
2012.07.26 14:13:39.396,1.01545,1.01569,1.50,1.50
2012.07.26 14:13:40.164,1.01543,1.01566,1.04,1.50
2012.07.26 14:13:40.957,1.01543,1.01566,1.88,1.50
2012.07.26 14:13:41.693,1.01543,1.01567,1.88,1.50
2012.07.26 14:13:43.208,1.01543,1.01567,2.54,1.50
2012.07.26 14:13:43.485,1.01545,1.01569,1.50,1.50
2012.07.26 14:13:43.870,1.01544,1.01567,2.16,1.50
2012.07.26 14:13:44.124,1.01545,1.01569,1.50,1.50
2012.07.26 14:13:44.338,1.01544,1.01567,3.66,1.50
2012.07.26 14:13:44.561,1.01545,1.01569,1.50,1.50
2012.07.26 14:13:44.675,1.01544,1.01567,2.16,1.50
2012.07.26 14:13:45.310,1.01545,1.01569,1.50,1.50
2012.07.26 14:13:46.408,1.01547,1.01571,1.50,3.75
2012.07.26 14:13:47.168,1.01546,1.01568,1.50,1.50
2012.07.26 14:13:47.917,1.01547,1.01571,1.50,1.50
2012.07.26 14:13:48.566,1.01548,1.01571,1.50,1.50
2012.07.26 14:13:48.626,1.01551,1.01573,1.50,1.50
2012.07.26 14:13:49.614,1.01553,1.01575,1.50,1.50
2012.07.26 14:13:49.952,1.0155,1.01574,1.50,1.50
2012.07.26 14:13:50.232,1.01552,1.01575,1.88,1.50
2012.07.26 14:13:50.793,1.01555,1.01577,1.50,3.00
2012.07.26 14:13:51.123,1.01551,1.01571,2.16,1.50
2012.07.26 14:13:51.183,1.01546,1.0157,2.63,1.50
2012.07.26 14:13:51.242,1.01548,1.0157,1.88,1.50
2012.07.26 14:13:51.302,1.01553,1.01573,1.04,1.50
2012.07.26 14:13:51.416,1.01553,1.01573,1.04,1.50
2012.07.26 14:13:51.558,1.01558,1.0158,1.50,1.50
2012.07.26 14:13:52.115,1.01558,1.01581,3.68,1.50
2012.07.26 14:13:52.174,1.0156,1.01582,1.50,1.50
2012.07.26 14:13:52.729,1.01558,1.0158,3.68,1.50
2012.07.26 14:13:53.238,1.01559,1.01583,1.50,1.50
2012.07.26 14:13:53.478,1.01561,1.01583,1.50,1.50
2012.07.26 14:13:54.026,1.0156,1.01582,1.50,1.50
2012.07.26 14:13:54.141,1.01558,1.01581,2.18,1.50
2012.07.26 14:13:54.650,1.01557,1.01581,3.00,1.60
2012.07.26 14:13:54.715,1.01559,1.01583,1.50,2.35
2012.07.26 14:13:55.378,1.01557,1.01579,1.50,1.50
2012.07.26 14:13:56.552,1.01556,1.0158,1.50,1.50
2012.07.26 14:13:56.883,1.01558,1.0158,2.18,1.50
2012.07.26 14:13:57.210,1.01556,1.01578,1.50,1.50
2012.07.26 14:13:57.270,1.01557,1.01581,1.50,3.10
2012.07.26 14:13:57.384,1.01556,1.01577,1.50,1.50
2012.07.26 14:13:57.498,1.01553,1.01577,3.38,1.50
2012.07.26 14:13:57.623,1.01556,1.01578,1.50,1.50
2012.07.26 14:13:58.095,1.01556,1.01578,1.50,1.60
2012.07.26 14:13:58.529,1.01554,1.01576,1.50,1.60
2012.07.26 14:13:59.093,1.01554,1.01576,1.50,1.50
2012.07.26 14:14:00.025,1.01552,1.01575,1.13,1.50
2012.07.26 14:14:00.085,1.01553,1.01577,1.88,1.50
2012.07.26 14:14:00.203,1.0156,1.01582,1.50,1.60
2012.07.26 14:14:00.547,1.0156,1.01582,1.50,1.50
2012.07.26 14:14:01.046,1.01559,1.01583,1.88,1.50
2012.07.26 14:14:01.824,1.01559,1.01583,1.88,1.60
2012.07.26 14:14:01.884,1.01559,1.01583,1.50,1.60
2012.07.26 14:14:02.136,1.01557,1.01585,1.50,1.60
2012.07.26 14:14:02.305,1.0156,1.01582,1.50,1.60
2012.07.26 14:14:02.852,1.01561,1.01584,1.50,1.60
2012.07.26 14:14:03.353,1.01555,1.01577,1.88,1.50
2012.07.26 14:14:03.765,1.01558,1.0158,1.50,1.50
2012.07.26 14:14:03.879,1.01558,1.01582,1.50,1.60
2012.07.26 14:14:04.259,1.01557,1.01579,1.50,1.50
2012.07.26 14:14:04.483,1.01554,1.01578,1.50,1.50
2012.07.26 14:14:04.543,1.01554,1.01578,1.88,1.50
2012.07.26 14:14:04.657,1.01557,1.01579,1.50,1.50
2012.07.26 14:14:04.825,1.0156,1.01582,1.50,1.50
2012.07.26 14:14:05.101,1.01557,1.01582,3.29,1.50
2012.07.26 14:14:05.609,1.01557,1.01581,1.88,1.50
2012.07.26 14:14:06.575,1.01559,1.01583,1.50,2.35
2012.07.26 14:14:07.437,1.01558,1.01581,3.38,1.50
2012.07.26 14:14:07.821,1.01557,1.01579,1.88,1.50
2012.07.26 14:14:08.151,1.01554,1.01576,3.38,1.50
2012.07.26 14:14:08.211,1.01554,1.01576,1.50,1.50
2012.07.26 14:14:08.339,1.01555,1.01578,1.50,1.50
2012.07.26 14:14:08.780,1.01557,1.01579,1.50,1.50
2012.07.26 14:14:08.895,1.01554,1.01578,1.50,1.50
2012.07.26 14:14:09.065,1.01552,1.01574,3.66,1.50
2012.07.26 14:14:09.288,1.01555,1.01578,1.50,1.50
2012.07.26 14:14:09.674,1.01555,1.01579,2.25,1.50
2012.07.26 14:14:09.897,1.01559,1.01582,1.50,1.50
2012.07.26 14:14:10.612,1.01559,1.01582,2.63,1.50
2012.07.26 14:14:10.726,1.01559,1.01582,1.50,1.50
2012.07.26 14:14:10.787,1.01562,1.01585,1.50,1.50
2012.07.26 14:14:11.121,1.0156,1.01581,1.50,1.50
2012.07.26 14:14:11.181,1.01558,1.01581,2.18,1.50
2012.07.26 14:14:11.242,1.01558,1.01579,2.18,1.50
2012.07.26 14:14:11.466,1.01558,1.01582,1.50,1.50
2012.07.26 14:14:12.905,1.01558,1.01582,1.50,1.60
2012.07.26 14:14:12.965,1.01559,1.01582,2.25,1.60
2012.07.26 14:14:13.479,1.0156,1.01583,1.50,1.13
2012.07.26 14:14:13.720,1.01562,1.01586,1.50,1.50
2012.07.26 14:14:14.445,1.01564,1.01588,1.50,2.25
2012.07.26 14:14:14.882,1.01562,1.01586,1.50,1.50
2012.07.26 14:14:15.422,1.01565,1.01587,1.50,2.25
2012.07.26 14:14:16.251,1.01563,1.01585,1.88,1.50
2012.07.26 14:14:16.753,1.01561,1.01584,1.13,1.50
2012.07.26 14:14:16.813,1.0156,1.01584,2.25,1.50
2012.07.26 14:14:16.874,1.01563,1.01586,1.50,3.00
2012.07.26 14:14:17.206,1.01559,1.01584,2.63,1.50
2012.07.26 14:14:17.605,1.01563,1.01586,1.50,1.50
2012.07.26 14:14:17.933,1.01561,1.01584,1.50,1.50
2012.07.26 14:14:18.427,1.01564,1.01586,1.50,1.50
2012.07.26 14:14:18.803,1.01562,1.01584,1.50,1.50
2012.07.26 14:14:19.524,1.01565,1.01587,1.50,1.50
2012.07.26 14:14:20.960,1.01567,1.01589,1.50,2.25
2012.07.26 14:14:21.482,1.01568,1.01592,1.50,2.25
2012.07.26 14:14:21.814,1.01567,1.01585,1.50,1.50
2012.07.26 14:14:21.874,1.01563,1.01585,1.50,1.60
2012.07.26 14:14:22.234,1.01565,1.01587,1.50,1.50
2012.07.26 14:14:22.348,1.01567,1.01589,1.50,2.35
2012.07.26 14:14:22.690,1.01564,1.01588,1.50,2.25
2012.07.26 14:14:22.927,1.01562,1.01586,3.75,1.50
2012.07.26 14:14:23.270,1.01565,1.01587,2.16,1.50
2012.07.26 14:14:23.440,1.01569,1.01593,1.50,1.50
2012.07.26 14:14:23.717,1.01569,1.01593,1.50,1.60
2012.07.26 14:14:24.320,1.01569,1.01591,1.50,1.50
2012.07.26 14:14:24.623,1.01568,1.01589,2.84,1.50
2012.07.26 14:14:24.737,1.01568,1.01589,2.18,1.50
2012.07.26 14:14:25.035,1.01567,1.0159,3.68,1.60
2012.07.26 14:14:25.572,1.01561,1.01584,1.13,1.50
2012.07.26 14:14:26.165,1.01563,1.01585,1.88,1.50
2012.07.26 14:14:26.531,1.01561,1.01584,1.50,1.50
2012.07.26 14:14:27.344,1.01559,1.01583,1.13,1.50
2012.07.26 14:14:27.458,1.01557,1.0158,2.63,1.50
2012.07.26 14:14:27.981,1.01557,1.01581,2.63,1.50
2012.07.26 14:14:28.041,1.0156,1.01583,1.50,1.50
2012.07.26 14:14:28.371,1.01562,1.01585,1.50,1.50
2012.07.26 14:14:28.701,1.01563,1.01585,2.16,1.50
2012.07.26 14:14:28.760,1.01567,1.01591,1.50,1.88
2012.07.26 14:14:28.874,1.01564,1.01588,2.16,1.50
2012.07.26 14:14:29.193,1.01568,1.0159,1.50,1.60
2012.07.26 14:14:29.406,1.01565,1.01589,3.00,1.60
2012.07.26 14:14:30.230,1.01565,1.01589,1.50,1.60
2012.07.26 14:14:30.289,1.01564,1.01586,1.50,1.50
2012.07.26 14:14:30.868,1.01564,1.01586,1.88,1.60
2012.07.26 14:14:31.335,1.01566,1.01588,1.50,1.50
2012.07.26 14:14:31.668,1.01564,1.01586,3.38,1.50
2012.07.26 14:14:32.094,1.01566,1.01588,1.50,1.50
2012.07.26 14:14:33.105,1.01564,1.01587,1.88,1.50
2012.07.26 14:14:33.870,1.01564,1.01586,1.88,1.50
2012.07.26 14:14:33.965,1.01565,1.01589,1.50,1.60
2012.07.26 14:14:34.217,1.01563,1.01585,1.50,1.50
2012.07.26 14:14:34.538,1.0156,1.01584,1.50,1.50
2012.07.26 14:14:34.753,1.01558,1.01582,4.34,1.50
2012.07.26 14:14:36.694,1.01558,1.01579,2.16,1.50
2012.07.26 14:14:36.809,1.01554,1.01576,1.88,1.50
2012.07.26 14:14:36.868,1.01551,1.01575,1.50,1.50
2012.07.26 14:14:37.410,1.01552,1.01575,1.50,1.50
2012.07.26 14:14:37.470,1.01553,1.01577,1.50,1.50
2012.07.26 14:14:37.584,1.01551,1.01575,1.50,1.50
2012.07.26 14:14:37.897,1.01554,1.01576,1.50,1.50
2012.07.26 14:14:38.065,1.01555,1.01579,1.50,1.60
2012.07.26 14:14:38.179,1.01553,1.01577,1.50,1.50
2012.07.26 14:14:38.546,1.01551,1.01573,2.25,1.50
2012.07.26 14:14:38.606,1.01552,1.01575,1.50,1.50
2012.07.26 14:14:38.775,1.01552,1.01576,2.16,1.50
2012.07.26 14:14:38.998,1.01556,1.0158,2.25,1.50
2012.07.26 14:14:39.165,1.01564,1.01581,1.50,1.50
2012.07.26 14:14:39.223,1.01564,1.01586,1.50,1.60
2012.07.26 14:14:39.813,1.01561,1.01585,2.25,1.60
2012.07.26 14:14:40.506,1.01561,1.01585,1.50,1.50
2012.07.26 14:14:40.675,1.01566,1.01587,1.50,1.22
2012.07.26 14:14:40.845,1.01562,1.01586,3.00,1.50
2012.07.26 14:14:40.977,1.01561,1.01585,1.50,1.60
2012.07.26 14:14:41.292,1.01557,1.01579,1.88,1.50
2012.07.26 14:14:41.410,1.01557,1.01579,1.50,1.50
2012.07.26 14:14:41.958,1.01556,1.01581,1.50,1.50
2012.07.26 14:14:42.189,1.01561,1.01583,1.50,1.60
2012.07.26 14:14:42.524,1.01559,1.01584,1.88,3.00
2012.07.26 14:14:43.389,1.01559,1.01584,1.50,1.60
2012.07.26 14:14:43.721,1.01558,1.01582,1.50,1.60
2012.07.26 14:14:44.019,1.01556,1.0158,1.50,1.60
2012.07.26 14:14:44.482,1.01554,1.01578,1.50,1.50
2012.07.26 14:14:44.595,1.01553,1.01576,1.50,1.50
2012.07.26 14:14:45.119,1.01555,1.01576,1.50,1.50
2012.07.26 14:14:45.410,1.01557,1.01581,1.50,3.10
2012.07.26 14:14:45.524,1.01555,1.0158,1.50,1.60
2012.07.26 14:14:45.638,1.01554,1.01577,1.50,1.50
2012.07.26 14:14:45.979,1.01554,1.01576,1.50,1.60
2012.07.26 14:14:46.488,1.01553,1.01575,1.50,1.60
2012.07.26 14:14:46.867,1.01553,1.01575,1.50,1.60
2012.07.26 14:14:47.200,1.01556,1.01579,1.50,1.97
2012.07.26 14:14:47.260,1.01554,1.01578,1.50,1.97
2012.07.26 14:14:47.838,1.01555,1.01577,1.50,1.22
2012.07.26 14:14:48.007,1.01558,1.0158,2.18,1.88
2012.07.26 14:14:48.066,1.01558,1.0158,2.18,1.50
2012.07.26 14:14:48.235,1.01555,1.0158,1.50,1.50
2012.07.26 14:14:48.296,1.01558,1.01583,1.50,1.60
2012.07.26 14:14:49.017,1.01557,1.0158,1.50,1.50
2012.07.26 14:14:49.376,1.01561,1.01582,1.50,2.27
2012.07.26 14:14:49.490,1.01561,1.01582,1.50,2.18
2012.07.26 14:14:49.549,1.01561,1.01584,1.50,1.60
2012.07.26 14:14:49.610,1.0156,1.01582,1.50,1.50
2012.07.26 14:14:50.021,1.01562,1.01584,1.50,1.60
2012.07.26 14:14:50.359,1.01565,1.01586,2.16,1.13
2012.07.26 14:14:50.915,1.01563,1.01587,2.16,1.88
2012.07.26 14:14:51.250,1.01568,1.01592,1.50,3.38
2012.07.26 14:14:51.372,1.01569,1.01591,1.88,1.50
2012.07.26 14:14:53.812,1.01569,1.01591,1.50,2.35
2012.07.26 14:14:53.872,1.01567,1.0159,1.50,2.35
2012.07.26 14:14:54.096,1.01565,1.01588,1.50,1.60
2012.07.26 14:14:54.264,1.01564,1.01585,1.50,1.50
2012.07.26 14:14:54.668,1.01568,1.0159,2.18,2.25
2012.07.26 14:14:54.738,1.0157,1.01592,1.50,2.25
2012.07.26 14:14:54.916,1.01568,1.0159,3.68,2.25
2012.07.26 14:14:54.976,1.01568,1.01587,2.18,1.50
2012.07.26 14:14:55.200,1.01568,1.0159,1.88,1.50
2012.07.26 14:14:55.558,1.01566,1.01588,3.38,1.50
2012.07.26 14:14:55.981,1.01566,1.01588,1.50,1.50
2012.07.26 14:14:56.428,1.01568,1.0159,1.50,1.50
2012.07.26 14:14:56.761,1.0157,1.01594,1.50,1.50
2012.07.26 14:14:57.202,1.01569,1.01591,2.16,1.50
2012.07.26 14:14:57.510,1.0157,1.01593,2.25,1.50
2012.07.26 14:14:57.778,1.0157,1.01594,1.50,2.25
2012.07.26 14:14:58.029,1.0157,1.01594,2.25,2.25
2012.07.26 14:14:58.668,1.01572,1.01594,2.25,1.60
2012.07.26 14:14:58.783,1.01572,1.01594,1.50,1.60
2012.07.26 14:14:59.060,1.01575,1.01599,1.50,1.60
2012.07.26 14:14:59.603,1.01572,1.01596,1.50,1.50
2012.07.26 14:15:00.485,1.01575,1.01599,1.50,1.60
2012.07.26 14:15:01.018,1.01576,1.01598,1.50,1.50
2012.07.26 14:15:01.348,1.01573,1.01595,2.16,1.50
2012.07.26 14:15:01.791,1.01577,1.01601,1.50,1.50
2012.07.26 14:15:02.012,1.01576,1.01599,1.50,1.50
2012.07.26 14:15:02.309,1.01577,1.01601,1.50,1.50
2012.07.26 14:15:02.663,1.01576,1.01599,1.50,1.50
2012.07.26 14:15:03.194,1.01576,1.016,1.50,1.50
2012.07.26 14:15:03.496,1.01574,1.01598,2.54,1.50
2012.07.26 14:15:03.829,1.01574,1.01595,1.04,1.50
2012.07.26 14:15:04.003,1.01574,1.01598,2.16,3.00
2012.07.26 14:15:04.540,1.01574,1.01596,1.88,1.50
2012.07.26 14:15:04.872,1.01578,1.01595,2.84,1.50
2012.07.26 14:15:05.043,1.01578,1.01599,2.18,1.50
2012.07.26 14:15:05.157,1.01578,1.01601,2.18,1.50
2012.07.26 14:15:05.217,1.01582,1.01603,1.50,1.50
2012.07.26 14:15:05.794,1.01582,1.01604,1.50,1.50
2012.07.26 14:15:05.961,1.01583,1.01607,1.50,3.00
2012.07.26 14:15:06.726,1.01585,1.01608,1.50,1.60
2012.07.26 14:15:07.069,1.01584,1.01606,1.50,1.50
2012.07.26 14:15:07.471,1.01581,1.01605,2.25,1.50
2012.07.26 14:15:08.026,1.01581,1.01605,1.50,3.10
2012.07.26 14:15:08.087,1.0158,1.01602,1.50,1.50
2012.07.26 14:15:09.741,1.0158,1.01602,2.25,1.50
2012.07.26 14:15:10.001,1.01582,1.01606,2.25,1.50
2012.07.26 14:15:10.572,1.01582,1.01607,1.50,1.60
2012.07.26 14:15:10.795,1.0158,1.01605,3.00,1.50
2012.07.26 14:15:11.184,1.01582,1.01604,2.25,1.50
2012.07.26 14:15:11.507,1.01584,1.01606,1.50,1.50
2012.07.26 14:15:11.849,1.0158,1.01604,2.25,1.50
2012.07.26 14:15:12.022,1.0158,1.01604,1.50,1.60
2012.07.26 14:15:12.325,1.01578,1.01602,1.88,3.68
2012.07.26 14:15:12.384,1.01578,1.01602,1.88,5.27
2012.07.26 14:15:12.828,1.01583,1.01603,2.16,1.50
2012.07.26 14:15:12.894,1.01579,1.01603,2.16,1.50
2012.07.26 14:15:12.955,1.01581,1.01603,1.04,1.50
2012.07.26 14:15:13.124,1.0158,1.01602,1.50,1.50
2012.07.26 14:15:14.517,1.0158,1.01604,1.50,1.50
2012.07.26 14:15:15.041,1.0158,1.01603,1.50,1.50
2012.07.26 14:15:15.101,1.01582,1.01605,1.50,1.50
2012.07.26 14:15:15.162,1.01582,1.01607,1.50,1.60
2012.07.26 14:15:15.484,1.01583,1.01605,1.50,1.50
2012.07.26 14:15:15.846,1.01581,1.01603,1.50,1.50
2012.07.26 14:15:16.254,1.01581,1.01605,1.50,1.50
2012.07.26 14:15:17.017,1.01584,1.01606,1.50,1.50
2012.07.26 14:15:17.830,1.01584,1.01605,1.50,1.50
2012.07.26 14:15:18.366,1.0158,1.01604,1.88,1.50
2012.07.26 14:15:18.426,1.01583,1.01607,1.88,1.60
2012.07.26 14:15:18.816,1.01581,1.01605,1.88,1.50
2012.07.26 14:15:19.048,1.01583,1.01607,1.88,1.50
2012.07.26 14:15:19.314,1.01582,1.01604,1.88,1.50
2012.07.26 14:15:19.684,1.01583,1.01603,1.13,1.50
2012.07.26 14:15:19.798,1.01584,1.01605,1.41,1.50
2012.07.26 14:15:19.912,1.01585,1.01607,2.25,1.50
2012.07.26 14:15:20.071,1.01585,1.01609,1.50,1.50
2012.07.26 14:15:20.763,1.01584,1.01606,1.50,1.50
2012.07.26 14:15:21.069,1.01582,1.01604,1.88,1.50
2012.07.26 14:15:21.624,1.01581,1.01605,1.88,1.50
2012.07.26 14:15:23.885,1.01584,1.01606,1.50,1.50
2012.07.26 14:15:26.331,1.01582,1.01605,1.13,1.50
2012.07.26 14:15:26.664,1.01588,1.01612,1.50,1.60
2012.07.26 14:15:26.779,1.01588,1.01609,2.84,1.50
2012.07.26 14:15:27.308,1.01587,1.01609,3.68,1.50
2012.07.26 14:15:27.615,1.01587,1.01609,1.50,1.60
2012.07.26 14:15:27.841,1.01578,1.016,1.50,1.50
2012.07.26 14:15:28.667,1.01576,1.016,2.25,1.50
2012.07.26 14:15:29.087,1.01579,1.01601,1.50,1.50
2012.07.26 14:15:30.221,1.0158,1.01604,1.50,3.10
2012.07.26 14:15:30.776,1.01583,1.01605,1.50,1.50
2012.07.26 14:15:31.341,1.01586,1.01609,1.50,1.50
2012.07.26 14:15:32.370,1.01587,1.01609,1.50,1.50
2012.07.26 14:15:32.431,1.01588,1.01612,1.50,1.50
2012.07.26 14:15:32.766,1.01587,1.01609,1.50,1.50
2012.07.26 14:15:33.014,1.01584,1.01608,1.88,1.50
2012.07.26 14:15:33.432,1.01582,1.01606,4.04,1.50
2012.07.26 14:15:33.656,1.01584,1.01608,1.88,3.00
2012.07.26 14:15:34.737,1.01583,1.01605,3.38,1.50
2012.07.26 14:15:35.013,1.01584,1.01608,1.50,1.50
2012.07.26 14:15:35.517,1.01583,1.01607,1.04,1.50
2012.07.26 14:15:36.020,1.01583,1.01606,2.54,1.50
2012.07.26 14:15:36.548,1.01583,1.01605,1.04,1.50
2012.07.26 14:15:36.852,1.01584,1.01608,1.50,1.50
2012.07.26 14:15:36.967,1.01583,1.01606,2.54,1.50
2012.07.26 14:15:37.372,1.01581,1.01603,1.88,1.50
2012.07.26 14:15:37.508,1.01582,1.01606,1.88,3.00
2012.07.26 14:15:38.924,1.01582,1.01606,1.50,1.50
2012.07.26 14:15:38.984,1.0158,1.01601,1.50,1.50
2012.07.26 14:15:39.374,1.01584,1.01606,1.50,1.50
2012.07.26 14:15:41.501,1.01584,1.01606,3.29,1.50
2012.07.26 14:15:41.714,1.01584,1.01608,1.79,1.50
2012.07.26 14:15:42.497,1.01584,1.01605,1.13,1.50
2012.07.26 14:15:42.739,1.01582,1.01607,2.25,1.50
2012.07.26 14:15:43.102,1.01583,1.01605,2.25,1.50
2012.07.26 14:15:43.327,1.01583,1.01608,2.25,3.10
2012.07.26 14:15:43.757,1.01584,1.01605,1.50,1.50
2012.07.26 14:15:43.870,1.01585,1.01607,1.50,1.50
2012.07.26 14:15:43.985,1.01583,1.01605,1.50,1.50
2012.07.26 14:15:45.398,1.01583,1.01605,2.54,1.50
2012.07.26 14:15:45.747,1.01586,1.01609,1.50,1.50
2012.07.26 14:15:45.921,1.01584,1.01608,2.54,1.50
2012.07.26 14:15:46.454,1.01584,1.01608,3.29,1.50
2012.07.26 14:15:46.514,1.01584,1.01608,2.54,1.50
2012.07.26 14:15:46.740,1.01588,1.0161,2.16,1.50
2012.07.26 14:15:46.802,1.01588,1.0161,1.50,1.60
2012.07.26 14:15:47.026,1.01584,1.01607,1.41,1.50
2012.07.26 14:15:47.381,1.01581,1.01604,1.50,1.50
2012.07.26 14:15:47.731,1.0158,1.01604,4.41,1.50
2012.07.26 14:15:47.965,1.01584,1.01605,1.50,1.50
2012.07.26 14:15:48.025,1.01585,1.01609,1.50,1.60
2012.07.26 14:15:48.192,1.01587,1.01611,1.50,3.47
2012.07.26 14:15:48.547,1.01584,1.01606,1.88,1.50
2012.07.26 14:15:49.098,1.01586,1.01609,1.50,1.50
2012.07.26 14:15:49.420,1.01588,1.01611,1.50,1.50
2012.07.26 14:15:50.010,1.01588,1.01612,1.50,1.50
2012.07.26 14:15:52.175,1.0159,1.01612,1.50,1.50
2012.07.26 14:15:52.235,1.01591,1.01615,1.50,1.60
2012.07.26 14:15:52.758,1.01591,1.01614,1.50,1.50
2012.07.26 14:15:52.817,1.0159,1.01612,2.25,1.50
2012.07.26 14:15:53.268,1.01592,1.01614,1.50,3.00
2012.07.26 14:15:53.771,1.0159,1.01612,1.50,1.50
2012.07.26 14:15:54.590,1.01588,1.01611,2.16,1.50
2012.07.26 14:15:55.014,1.0159,1.01612,1.50,1.50
2012.07.26 14:15:55.852,1.01587,1.01611,2.25,1.50
2012.07.26 14:15:56.199,1.0159,1.01612,1.50,3.68
2012.07.26 14:15:56.666,1.01587,1.01611,1.50,1.50
2012.07.26 14:15:57.058,1.01584,1.01608,1.88,1.50
2012.07.26 14:15:57.381,1.01587,1.01609,1.50,1.50
2012.07.26 14:15:58.215,1.0159,1.01612,1.50,1.60
2012.07.26 14:15:58.274,1.0159,1.01612,1.50,1.50
2012.07.26 14:15:58.752,1.01587,1.01609,1.50,1.50
2012.07.26 14:15:59.487,1.0159,1.01612,1.50,1.50
2012.07.26 14:16:00.030,1.0159,1.01612,2.16,1.50
2012.07.26 14:16:00.477,1.01588,1.0161,1.04,1.50
2012.07.26 14:16:01.634,1.01587,1.0161,1.04,1.50
2012.07.26 14:16:01.950,1.01584,1.01605,1.04,1.50
2012.07.26 14:16:02.504,1.01584,1.01604,2.16,1.50
2012.07.26 14:16:02.902,1.01584,1.01604,1.41,1.50
2012.07.26 14:16:03.016,1.01583,1.01605,1.50,1.50
2012.07.26 14:16:03.389,1.01581,1.01603,2.91,1.50
2012.07.26 14:16:04.865,1.01581,1.01603,2.16,1.50
2012.07.26 14:16:04.926,1.01582,1.01606,2.16,1.50
2012.07.26 14:16:05.046,1.01582,1.01606,1.50,1.60
2012.07.26 14:16:05.733,1.01582,1.01606,2.16,1.50
2012.07.26 14:16:06.252,1.01581,1.01602,1.50,1.50
2012.07.26 14:16:06.881,1.0158,1.01602,1.50,1.50
2012.07.26 14:16:08.244,1.01582,1.01604,1.50,1.60
2012.07.26 14:16:08.896,1.01582,1.01604,2.16,1.50
2012.07.26 14:16:09.241,1.01584,1.01604,1.41,1.50
2012.07.26 14:16:09.356,1.01585,1.01609,2.25,1.50
2012.07.26 14:16:10.366,1.01588,1.0161,1.50,1.50
2012.07.26 14:16:10.731,1.01586,1.01608,2.25,1.50
2012.07.26 14:16:11.268,1.01584,1.01606,2.25,1.50
2012.07.26 14:16:11.863,1.01586,1.01608,2.25,1.50
2012.07.26 14:16:12.381,1.01586,1.01608,2.25,3.00
2012.07.26 14:16:12.441,1.01589,1.01608,1.50,1.50
2012.07.26 14:16:12.827,1.01586,1.0161,3.00,1.60
2012.07.26 14:16:13.140,1.01586,1.01608,1.50,1.50
2012.07.26 14:16:13.477,1.01584,1.01606,1.88,1.60
2012.07.26 14:16:13.794,1.01582,1.01604,3.38,1.50
2012.07.26 14:16:14.231,1.01585,1.01606,2.16,1.50
2012.07.26 14:16:14.291,1.01585,1.01609,2.16,1.50
2012.07.26 14:16:14.350,1.01585,1.01609,2.16,1.50
2012.07.26 14:16:14.569,1.01585,1.01609,2.16,1.50
2012.07.26 14:16:14.880,1.0159,1.0161,1.50,1.50
2012.07.26 14:16:15.115,1.01592,1.01614,1.50,1.60
2012.07.26 14:16:15.228,1.01587,1.01609,2.91,1.50
2012.07.26 14:16:15.576,1.01583,1.01605,2.16,1.50
2012.07.26 14:16:15.900,1.01585,1.01607,2.91,1.50
2012.07.26 14:16:16.131,1.01587,1.01609,2.25,3.00
2012.07.26 14:16:16.457,1.01585,1.01607,2.16,1.50
2012.07.26 14:16:17.167,1.01588,1.0161,1.50,1.50
2012.07.26 14:16:17.280,1.01589,1.01613,1.50,1.60
2012.07.26 14:16:18.026,1.01588,1.0161,1.50,1.50
2012.07.26 14:16:18.558,1.01588,1.0161,2.54,1.50
2012.07.26 14:16:19.064,1.01586,1.0161,2.25,1.60
2012.07.26 14:16:19.602,1.01588,1.01612,1.50,3.77
2012.07.26 14:16:19.660,1.01591,1.01612,1.50,3.77
2012.07.26 14:16:19.828,1.01593,1.01617,1.88,1.60
2012.07.26 14:16:20.256,1.01591,1.01612,1.88,1.50
2012.07.26 14:16:20.369,1.01592,1.01616,1.88,1.60
2012.07.26 14:16:20.883,1.01592,1.01616,2.16,1.50
2012.07.26 14:16:21.384,1.01595,1.01617,2.16,1.50
2012.07.26 14:16:21.659,1.01597,1.01619,2.16,1.50
2012.07.26 14:16:21.902,1.01598,1.01622,2.16,1.60
2012.07.26 14:16:22.307,1.01596,1.0162,2.16,1.50
2012.07.26 14:16:22.788,1.01601,1.01625,1.50,1.60
2012.07.26 14:16:23.015,1.01601,1.01625,2.16,1.50
2012.07.26 14:16:23.075,1.01601,1.01625,1.50,1.60
2012.07.26 14:16:23.641,1.016,1.01622,1.50,1.60
2012.07.26 14:16:23.755,1.01598,1.01621,4.05,1.60
2012.07.26 14:16:23.871,1.01601,1.01623,2.16,1.50
2012.07.26 14:16:24.259,1.01601,1.01623,1.88,1.50
2012.07.26 14:16:24.428,1.01603,1.01627,2.54,1.50
2012.07.26 14:16:24.558,1.01603,1.01625,1.04,1.50
2012.07.26 14:16:25.499,1.01603,1.01627,2.54,3.00
2012.07.26 14:16:25.738,1.01606,1.01628,1.50,1.60
2012.07.26 14:16:26.081,1.01604,1.01626,1.50,1.50
2012.07.26 14:16:26.400,1.01602,1.01624,2.16,1.50
2012.07.26 14:16:26.700,1.01603,1.01626,2.16,1.50
2012.07.26 14:16:27.278,1.01603,1.01627,2.16,1.50
2012.07.26 14:16:28.362,1.01605,1.01629,1.50,3.10
2012.07.26 14:16:28.679,1.01602,1.01624,2.16,1.50
2012.07.26 14:16:28.778,1.01604,1.01626,2.16,1.50
2012.07.26 14:16:32.342,1.01604,1.01626,1.50,1.60
2012.07.26 14:16:32.510,1.01601,1.01623,2.16,1.50
2012.07.26 14:16:32.680,1.016,1.01624,2.16,1.60
2012.07.26 14:16:32.796,1.01601,1.01623,1.50,1.60
2012.07.26 14:16:32.933,1.01603,1.01625,2.16,1.50
2012.07.26 14:16:33.175,1.01604,1.01628,2.16,1.50
2012.07.26 14:16:33.236,1.01604,1.01628,2.16,1.50
2012.07.26 14:16:33.404,1.01606,1.0163,2.16,1.50
2012.07.26 14:16:33.465,1.01606,1.0163,1.50,3.10
2012.07.26 14:16:33.578,1.01605,1.01627,1.50,1.50
2012.07.26 14:16:33.921,1.01602,1.01625,2.16,1.50
2012.07.26 14:16:34.133,1.01601,1.01623,2.91,1.60
2012.07.26 14:16:35.652,1.01599,1.01622,2.91,1.50
2012.07.26 14:16:35.938,1.01596,1.01621,3.53,1.60
2012.07.26 14:16:36.273,1.01597,1.01616,2.93,1.60
2012.07.26 14:16:36.442,1.01597,1.01619,2.91,3.00
2012.07.26 14:16:36.502,1.01597,1.01616,1.41,1.50
2012.07.26 14:16:36.917,1.01595,1.01619,2.16,1.50
2012.07.26 14:16:38.526,1.01596,1.01615,1.41,1.50
2012.07.26 14:16:39.042,1.01594,1.01618,2.16,3.00
2012.07.26 14:16:39.586,1.01594,1.01618,2.16,1.50
2012.07.26 14:16:41.672,1.01596,1.01618,2.16,1.60
2012.07.26 14:16:41.733,1.01596,1.01618,2.16,1.50
2012.07.26 14:16:41.847,1.01596,1.01618,1.50,1.60
2012.07.26 14:16:42.016,1.01596,1.01618,1.50,1.60
2012.07.26 14:16:42.347,1.01591,1.01615,2.54,1.60
2012.07.26 14:16:42.685,1.01589,1.01614,2.54,1.60
2012.07.26 14:16:42.802,1.01592,1.01614,1.50,1.60
2012.07.26 14:16:43.278,1.01592,1.01617,2.91,1.60
2012.07.26 14:16:43.434,1.01595,1.01618,1.50,1.60
2012.07.26 14:16:43.919,1.01593,1.01616,3.66,1.60
2012.07.26 14:16:44.227,1.01594,1.01619,3.00,3.10
2012.07.26 14:16:44.382,1.01599,1.01621,2.16,1.97
2012.07.26 14:16:44.934,1.016,1.01622,1.50,1.60
2012.07.26 14:16:45.049,1.01597,1.01621,3.00,1.60
2012.07.26 14:16:45.165,1.01594,1.01617,2.16,1.50
2012.07.26 14:16:45.365,1.01592,1.01616,1.41,1.50
2012.07.26 14:16:45.875,1.01593,1.01615,2.16,1.50
2012.07.26 14:16:46.468,1.01595,1.01617,1.50,1.60
2012.07.26 14:16:47.477,1.01593,1.01618,2.16,1.60
2012.07.26 14:16:48.889,1.01593,1.01618,2.16,1.60
2012.07.26 14:16:49.467,1.0159,1.01615,2.16,1.50
2012.07.26 14:16:49.581,1.0159,1.01615,2.16,1.60
2012.07.26 14:16:49.949,1.01593,1.01615,1.50,1.60
2012.07.26 14:16:50.188,1.01591,1.01613,1.50,1.60
2012.07.26 14:16:51.306,1.01589,1.01611,4.04,1.50
2012.07.26 14:16:51.398,1.01591,1.01613,1.50,1.60
2012.07.26 14:16:51.457,1.01591,1.01613,1.50,1.60
2012.07.26 14:16:51.758,1.01589,1.01611,1.88,1.60
2012.07.26 14:16:52.271,1.01589,1.01611,1.88,1.50
2012.07.26 14:16:53.799,1.01591,1.01613,1.50,1.50
2012.07.26 14:16:53.959,1.01588,1.01613,2.16,1.50
2012.07.26 14:16:54.146,1.01587,1.0161,5.09,1.50
2012.07.26 14:16:54.369,1.01591,1.01613,1.50,3.00
2012.07.26 14:16:54.487,1.01588,1.01613,2.16,3.00
2012.07.26 14:16:55.452,1.01587,1.01611,5.09,1.50
2012.07.26 14:16:55.793,1.01588,1.0161,3.66,1.50
2012.07.26 14:16:56.257,1.0159,1.01614,2.16,1.60
2012.07.26 14:16:57.727,1.0159,1.01614,2.16,1.50
2012.07.26 14:16:58.213,1.01595,1.01617,2.16,1.50
2012.07.26 14:16:58.953,1.01595,1.01617,1.50,1.50
2012.07.26 14:16:59.253,1.01596,1.0162,2.16,1.50
2012.07.26 14:16:59.656,1.01594,1.01616,2.16,1.50
2012.07.26 14:16:59.716,1.01594,1.01616,2.16,1.50
2012.07.26 14:17:00.048,1.01593,1.01615,1.04,1.50
2012.07.26 14:17:00.270,1.01595,1.01617,2.16,1.50
2012.07.26 14:17:00.331,1.01596,1.01619,2.91,1.50
2012.07.26 14:17:00.392,1.01596,1.01617,1.41,1.50
2012.07.26 14:17:00.509,1.01595,1.01617,2.16,1.50
2012.07.26 14:17:01.038,1.01593,1.01616,1.04,1.50
2012.07.26 14:17:01.393,1.01596,1.0162,1.50,1.60
2012.07.26 14:17:01.454,1.01594,1.01618,2.54,1.50
2012.07.26 14:17:01.792,1.01593,1.01616,1.04,1.50
2012.07.26 14:17:02.372,1.01592,1.01616,2.16,1.50
2012.07.26 14:17:02.720,1.0159,1.01612,2.16,1.50
2012.07.26 14:17:03.238,1.01591,1.01615,2.16,1.60
2012.07.26 14:17:03.744,1.01588,1.01612,2.16,3.10
2012.07.26 14:17:04.098,1.01587,1.01609,2.16,1.50
2012.07.26 14:17:04.900,1.01587,1.01609,1.50,1.60
2012.07.26 14:17:05.183,1.01587,1.01609,2.91,1.50
2012.07.26 14:17:05.644,1.01591,1.01612,1.50,1.60
2012.07.26 14:17:05.867,1.01594,1.01617,1.50,1.60
2012.07.26 14:17:06.089,1.01592,1.01613,2.25,1.60
2012.07.26 14:17:06.351,1.01589,1.01611,2.91,1.50
2012.07.26 14:17:06.881,1.01591,1.01613,2.25,1.60
2012.07.26 14:17:07.247,1.01588,1.01612,4.34,1.50
2012.07.26 14:17:07.417,1.01588,1.01609,2.84,1.50
2012.07.26 14:17:07.531,1.01589,1.01611,2.16,1.50
2012.07.26 14:17:08.539,1.0159,1.01611,1.41,1.50
2012.07.26 14:17:09.088,1.01589,1.01611,1.50,1.60
2012.07.26 14:17:09.262,1.01586,1.0161,3.00,1.60
2012.07.26 14:17:09.539,1.01588,1.0161,1.04,1.50
2012.07.26 14:17:10.022,1.01592,1.01613,1.41,1.50
2012.07.26 14:17:10.136,1.01593,1.01617,2.16,1.50
2012.07.26 14:17:10.650,1.01598,1.0162,1.50,1.60
2012.07.26 14:17:11.193,1.01594,1.01617,2.16,1.50
2012.07.26 14:17:11.265,1.01587,1.01612,3.66,1.60
2012.07.26 14:17:11.778,1.01588,1.01611,2.16,1.50
2012.07.26 14:17:12.423,1.01589,1.01613,2.16,2.27
2012.07.26 14:17:13.294,1.01587,1.01611,2.16,1.50
2012.07.26 14:17:13.408,1.01584,1.01609,2.16,1.50
2012.07.26 14:17:13.847,1.01587,1.01611,2.16,1.50
2012.07.26 14:17:14.131,1.01588,1.01611,2.16,1.50
2012.07.26 14:17:14.580,1.01586,1.01609,2.16,1.50
2012.07.26 14:17:14.937,1.01586,1.01609,2.91,1.50
2012.07.26 14:17:15.161,1.01587,1.01611,2.16,1.50
2012.07.26 14:17:15.360,1.01588,1.01611,2.84,1.50
2012.07.26 14:17:15.588,1.01591,1.01613,2.16,1.50
2012.07.26 14:17:16.043,1.01589,1.01611,2.54,1.50
2012.07.26 14:17:16.211,1.01589,1.01611,1.88,1.50
2012.07.26 14:17:16.487,1.01588,1.01609,1.04,1.50
2012.07.26 14:17:17.075,1.01585,1.01609,2.16,1.50
2012.07.26 14:17:18.083,1.01585,1.01608,2.16,1.50
2012.07.26 14:17:18.198,1.01586,1.01609,1.41,1.50
2012.07.26 14:17:18.441,1.0159,1.01612,2.16,1.50
2012.07.26 14:17:18.942,1.01589,1.01613,2.16,1.50
2012.07.26 14:17:19.001,1.01589,1.01613,2.16,1.50
2012.07.26 14:17:19.115,1.01587,1.01611,2.16,1.60
2012.07.26 14:17:19.298,1.01586,1.01608,4.41,1.50
2012.07.26 14:17:19.663,1.01586,1.01608,2.91,1.50
2012.07.26 14:17:19.724,1.01587,1.01611,2.16,1.50
2012.07.26 14:17:20.382,1.0159,1.01612,1.50,1.60
2012.07.26 14:17:21.028,1.01589,1.01611,2.16,1.60
2012.07.26 14:17:21.486,1.01585,1.01609,2.16,1.50
2012.07.26 14:17:21.833,1.01587,1.01611,2.16,1.50
2012.07.26 14:17:22.353,1.0159,1.01612,1.50,1.60
2012.07.26 14:17:22.467,1.01592,1.01614,1.50,1.60
2012.07.26 14:17:22.634,1.01589,1.01613,2.16,1.50
2012.07.26 14:17:22.693,1.01589,1.01613,2.16,1.50
2012.07.26 14:17:23.343,1.01589,1.01613,2.16,2.10
2012.07.26 14:17:23.404,1.01589,1.01613,1.50,2.20
2012.07.26 14:17:23.520,1.01588,1.01608,2.16,1.50
2012.07.26 14:17:23.707,1.01587,1.01608,2.84,1.50
2012.07.26 14:17:24.143,1.0159,1.01612,1.50,1.60
2012.07.26 14:17:24.204,1.01591,1.01612,1.41,1.50
2012.07.26 14:17:24.427,1.01592,1.01616,2.16,1.50
2012.07.26 14:17:24.667,1.01591,1.01613,2.91,1.50
2012.07.26 14:17:25.285,1.01589,1.01611,2.54,1.50
2012.07.26 14:17:26.014,1.01589,1.01611,1.88,1.50
2012.07.26 14:17:26.543,1.01588,1.0161,2.16,1.50
2012.07.26 14:17:26.931,1.01588,1.0161,1.50,1.60
2012.07.26 14:17:27.342,1.01582,1.01604,2.16,1.50
2012.07.26 14:17:27.566,1.01583,1.01607,2.16,1.60
2012.07.26 14:17:28.791,1.01583,1.01607,2.16,1.60
2012.07.26 14:17:29.363,1.01582,1.01604,2.16,1.50
2012.07.26 14:17:29.477,1.01581,1.01604,1.41,1.50
2012.07.26 14:17:29.593,1.0158,1.01603,2.16,1.60
2012.07.26 14:17:29.929,1.01582,1.01603,1.50,1.60
2012.07.26 14:17:30.266,1.01582,1.01604,2.16,1.50
2012.07.26 14:17:31.469,1.0158,1.01602,3.66,1.50
2012.07.26 14:17:32.771,1.01581,1.01605,2.16,3.00
2012.07.26 14:17:33.291,1.01583,1.01607,2.16,1.60
2012.07.26 14:17:33.550,1.01581,1.01603,2.16,1.50
2012.07.26 14:17:33.951,1.01581,1.01603,1.50,1.60
2012.07.26 14:17:34.227,1.01579,1.016,1.04,1.50
2012.07.26 14:17:34.995,1.01581,1.01603,1.50,1.60
2012.07.26 14:17:35.819,1.01578,1.01602,2.54,1.60
2012.07.26 14:17:36.541,1.0158,1.01604,1.50,3.10
2012.07.26 14:17:36.720,1.0158,1.01604,2.16,1.50
2012.07.26 14:17:37.852,1.01582,1.01604,2.91,1.50
2012.07.26 14:17:38.187,1.01581,1.01606,3.66,1.50
2012.07.26 14:17:38.301,1.0158,1.01603,2.16,1.50
2012.07.26 14:17:38.523,1.01578,1.01601,6.21,1.50
2012.07.26 14:17:38.745,1.0158,1.01603,2.16,1.60
2012.07.26 14:17:39.939,1.01581,1.01603,2.76,1.50
2012.07.26 14:17:39.999,1.01583,1.01607,2.16,1.50
2012.07.26 14:17:40.286,1.01584,1.01607,1.04,3.00
2012.07.26 14:17:40.456,1.01585,1.01609,2.16,1.50
2012.07.26 14:17:40.775,1.01585,1.01609,2.16,1.60
2012.07.26 14:17:40.841,1.01585,1.01609,2.16,1.50
2012.07.26 14:17:42.127,1.01589,1.01609,1.41,1.50
2012.07.26 14:17:42.481,1.01588,1.01609,2.84,1.50
2012.07.26 14:17:42.541,1.01592,1.01611,2.16,1.50
2012.07.26 14:17:42.602,1.01592,1.01616,1.50,1.60
2012.07.26 14:17:42.662,1.01587,1.01608,1.41,1.50
2012.07.26 14:17:43.152,1.01589,1.01608,2.16,1.50
2012.07.26 14:17:43.376,1.01585,1.01609,2.16,1.50
2012.07.26 14:17:43.490,1.01587,1.01609,1.41,1.50
2012.07.26 14:17:43.683,1.01587,1.01609,1.41,1.50
2012.07.26 14:17:43.743,1.01592,1.01614,1.50,1.60
2012.07.26 14:17:43.911,1.0159,1.01612,1.50,1.60
2012.07.26 14:17:44.691,1.01588,1.01612,2.16,1.60
2012.07.26 14:17:45.085,1.01587,1.01609,3.66,1.50
2012.07.26 14:17:45.455,1.0159,1.01612,1.50,1.60
2012.07.26 14:17:45.895,1.01592,1.01614,1.50,1.60
2012.07.26 14:17:46.395,1.01589,1.01612,1.50,1.60
2012.07.26 14:17:46.903,1.01586,1.0161,2.16,1.60
2012.07.26 14:17:47.043,1.01585,1.01606,2.16,1.50
2012.07.26 14:17:48.363,1.01585,1.01607,2.16,1.50
2012.07.26 14:17:49.010,1.01585,1.01607,3.66,1.50
2012.07.26 14:17:49.070,1.01588,1.0161,1.50,1.50
2012.07.26 14:17:49.458,1.01588,1.0161,2.16,1.50
2012.07.26 14:17:49.518,1.01592,1.01617,2.16,3.47
2012.07.26 14:17:49.685,1.01592,1.01617,2.16,1.97
2012.07.26 14:17:50.239,1.01591,1.01614,2.16,1.50
2012.07.26 14:17:50.639,1.01588,1.01612,2.84,1.50
2012.07.26 14:17:51.201,1.01588,1.01612,2.84,1.50
2012.07.26 14:17:51.703,1.01589,1.01613,1.50,1.60
2012.07.26 14:17:52.089,1.01585,1.01609,2.16,1.50
2012.07.26 14:17:52.447,1.01587,1.01611,2.16,3.10
2012.07.26 14:17:53.161,1.0159,1.01612,1.50,3.10
2012.07.26 14:17:53.661,1.01591,1.01613,1.50,4.15
2012.07.26 14:17:53.720,1.01587,1.01608,2.25,1.60
2012.07.26 14:17:53.890,1.01586,1.01608,2.16,1.50
2012.07.26 14:17:53.950,1.01586,1.01608,2.16,1.50
2012.07.26 14:17:54.172,1.01587,1.01608,2.93,1.50
2012.07.26 14:17:54.395,1.01587,1.01608,3.59,1.50
2012.07.26 14:17:54.538,1.01588,1.01612,2.16,1.88
2012.07.26 14:17:54.597,1.01588,1.01612,2.16,1.50
2012.07.26 14:17:54.713,1.01588,1.01612,1.50,1.60
2012.07.26 14:17:54.935,1.01587,1.01609,2.25,1.50
2012.07.26 14:17:55.255,1.01587,1.01609,2.91,1.50
2012.07.26 14:17:55.551,1.01589,1.01613,2.16,1.88
2012.07.26 14:17:55.668,1.01588,1.0161,2.16,1.50
2012.07.26 14:17:55.782,1.0159,1.01612,1.50,3.47
2012.07.26 14:17:55.898,1.01587,1.0161,1.41,1.50
2012.07.26 14:17:56.067,1.0159,1.01612,2.16,1.88
2012.07.26 14:17:56.260,1.01592,1.01614,2.16,1.50
2012.07.26 14:17:56.537,1.01592,1.01612,1.50,2.27
2012.07.26 14:17:56.820,1.0159,1.01612,1.50,1.97
2012.07.26 14:17:56.880,1.01587,1.01611,3.00,1.60
2012.07.26 14:17:56.993,1.0159,1.01612,1.50,1.60
2012.07.26 14:17:57.107,1.01593,1.01615,1.50,3.10
2012.07.26 14:17:58.781,1.01595,1.01617,1.50,1.60
2012.07.26 14:17:59.105,1.01595,1.01617,1.50,1.60
2012.07.26 14:17:59.277,1.01593,1.01615,1.50,1.60
2012.07.26 14:18:00.904,1.0159,1.01613,1.50,1.60
2012.07.26 14:18:01.168,1.01587,1.01611,3.00,1.60
2012.07.26 14:18:01.283,1.0159,1.01612,2.16,1.50
2012.07.26 14:18:01.510,1.01588,1.01612,2.16,1.60
2012.07.26 14:18:01.625,1.01591,1.01613,1.50,3.10
2012.07.26 14:18:01.937,1.01588,1.01612,1.50,1.60
2012.07.26 14:18:02.483,1.01589,1.01613,1.50,1.60
2012.07.26 14:18:02.704,1.01587,1.01611,2.16,1.60
2012.07.26 14:18:02.871,1.01587,1.01611,2.16,1.50
2012.07.26 14:18:03.002,1.01587,1.01611,2.16,1.50
2012.07.26 14:18:03.226,1.01585,1.01609,2.16,1.50
2012.07.26 14:18:03.687,1.01592,1.0161,1.50,1.50
2012.07.26 14:18:03.859,1.01586,1.0161,2.16,1.50
2012.07.26 14:18:03.919,1.01586,1.0161,1.50,1.60
2012.07.26 14:18:04.250,1.01586,1.0161,1.50,1.60
2012.07.26 14:18:04.559,1.01587,1.0161,2.84,1.50
2012.07.26 14:18:04.864,1.01592,1.01614,1.50,2.57
2012.07.26 14:18:05.470,1.01592,1.01614,1.50,1.60
2012.07.26 14:18:05.691,1.01589,1.01611,2.16,1.60
2012.07.26 14:18:07.644,1.01589,1.01611,1.50,1.60
2012.07.26 14:18:08.119,1.01589,1.01611,1.50,1.60
2012.07.26 14:18:08.341,1.01591,1.01613,1.50,1.60
2012.07.26 14:18:08.756,1.01591,1.01613,1.50,1.60
2012.07.26 14:18:09.199,1.01592,1.01616,1.50,1.60
2012.07.26 14:18:09.422,1.01595,1.01616,1.50,1.60
2012.07.26 14:18:09.644,1.01595,1.01616,2.16,1.50
2012.07.26 14:18:09.758,1.01597,1.01619,2.25,1.60
2012.07.26 14:18:10.156,1.01596,1.01615,1.41,1.50
2012.07.26 14:18:10.271,1.01598,1.01622,1.50,1.60
2012.07.26 14:18:10.516,1.01598,1.01622,1.50,1.60
2012.07.26 14:18:11.315,1.01596,1.0162,2.25,1.60
2012.07.26 14:18:11.923,1.01596,1.0162,1.50,1.60
2012.07.26 14:18:12.560,1.01594,1.01616,1.88,1.60
2012.07.26 14:18:12.956,1.01596,1.01618,1.50,1.60
2012.07.26 14:18:13.016,1.01596,1.01618,2.16,1.50
2012.07.26 14:18:13.131,1.01599,1.0162,2.16,1.50
2012.07.26 14:18:13.680,1.016,1.01621,2.16,1.50
2012.07.26 14:18:13.795,1.01602,1.01624,1.50,1.50
2012.07.26 14:18:14.136,1.01602,1.01624,3.00,1.60
2012.07.26 14:18:14.358,1.016,1.01623,1.50,1.60
2012.07.26 14:18:14.690,1.016,1.01622,1.50,1.60
2012.07.26 14:18:14.804,1.01598,1.0162,2.54,1.50
2012.07.26 14:18:15.245,1.01599,1.0162,1.13,1.50
2012.07.26 14:18:15.469,1.016,1.01622,1.50,1.60
2012.07.26 14:18:15.663,1.01597,1.01618,2.16,1.50
2012.07.26 14:18:16.431,1.01597,1.01619,2.16,1.50
2012.07.26 14:18:16.763,1.01597,1.01618,2.84,1.50
2012.07.26 14:18:16.878,1.01599,1.01623,2.16,1.50
2012.07.26 14:18:17.442,1.01599,1.01623,2.16,1.50
2012.07.26 14:18:17.870,1.01599,1.01623,2.16,1.50
2012.07.26 14:18:18.739,1.01599,1.01623,2.16,1.60
2012.07.26 14:18:19.083,1.01596,1.0162,2.16,1.50
2012.07.26 14:18:19.150,1.016,1.01621,1.50,1.50
2012.07.26 14:18:19.487,1.01597,1.01621,3.00,1.50
2012.07.26 14:18:21.125,1.01599,1.01623,1.50,5.27
2012.07.26 14:18:21.456,1.01599,1.01623,1.50,1.60
2012.07.26 14:18:21.620,1.01599,1.01623,1.50,1.60
2012.07.26 14:18:21.817,1.01596,1.0162,1.50,1.50
2012.07.26 14:18:22.812,1.01596,1.0162,1.50,1.60
2012.07.26 14:18:23.492,1.01595,1.01617,1.50,1.60
2012.07.26 14:18:24.439,1.01594,1.01618,1.88,1.60
2012.07.26 14:18:24.795,1.01598,1.01621,1.50,1.50
2012.07.26 14:18:25.290,1.01597,1.01621,4.34,1.50
2012.07.26 14:18:25.350,1.01599,1.01623,2.16,1.50
2012.07.26 14:18:28.277,1.01599,1.01622,1.50,1.50
2012.07.26 14:18:28.783,1.01598,1.01622,1.88,1.60
2012.07.26 14:18:28.842,1.01595,1.01617,2.54,1.50
2012.07.26 14:18:29.772,1.01595,1.01617,4.41,1.50
2012.07.26 14:18:29.833,1.01596,1.0162,2.25,1.60
2012.07.26 14:18:29.946,1.01599,1.01621,1.50,1.60
2012.07.26 14:18:30.275,1.01597,1.01619,2.25,1.50
2012.07.26 14:18:30.787,1.01595,1.01617,4.41,1.50
2012.07.26 14:18:30.850,1.01597,1.01619,2.25,1.50
2012.07.26 14:18:31.358,1.01598,1.01622,1.50,1.60
2012.07.26 14:18:31.659,1.01598,1.01622,1.50,1.60
2012.07.26 14:18:32.477,1.01597,1.01619,1.50,1.60
2012.07.26 14:18:33.585,1.01595,1.01617,1.50,1.60
2012.07.26 14:18:33.644,1.01593,1.01617,1.88,1.60
2012.07.26 14:18:33.920,1.01593,1.01617,2.54,1.50
2012.07.26 14:18:34.212,1.01595,1.01619,2.16,1.50
2012.07.26 14:18:34.566,1.016,1.01624,1.50,1.60
2012.07.26 14:18:34.977,1.01599,1.01622,1.50,2.27
2012.07.26 14:18:35.194,1.01595,1.01619,1.50,1.60
2012.07.26 14:18:35.456,1.01597,1.0162,1.50,1.60
2012.07.26 14:18:35.516,1.01595,1.01619,1.50,1.60
2012.07.26 14:18:36.068,1.01595,1.01619,2.16,1.50
2012.07.26 14:18:36.329,1.01599,1.01621,1.50,1.60
2012.07.26 14:18:36.824,1.01596,1.0162,1.50,1.50
2012.07.26 14:18:37.099,1.01599,1.01621,1.50,1.60
2012.07.26 14:18:37.662,1.01596,1.01619,1.88,1.50
2012.07.26 14:18:37.993,1.01599,1.01621,1.88,1.50
2012.07.26 14:18:38.325,1.01601,1.01623,1.50,1.50
2012.07.26 14:18:38.680,1.01599,1.01621,1.88,1.50
2012.07.26 14:18:39.012,1.01602,1.01626,1.50,1.60
2012.07.26 14:18:39.344,1.01598,1.0162,4.05,1.50
2012.07.26 14:18:39.568,1.01597,1.01619,1.50,1.50
2012.07.26 14:18:40.152,1.01597,1.01622,1.50,3.10
2012.07.26 14:18:40.394,1.01598,1.01622,2.55,1.60
2012.07.26 14:18:40.934,1.01599,1.01621,2.54,1.50
2012.07.26 14:18:40.994,1.01599,1.01624,4.04,1.60
2012.07.26 14:18:41.053,1.01599,1.01619,2.54,1.50
2012.07.26 14:18:41.113,1.01601,1.01624,1.50,1.60
2012.07.26 14:18:41.408,1.01601,1.01624,1.50,1.60
2012.07.26 14:18:41.469,1.01602,1.01624,1.50,1.50
2012.07.26 14:18:41.529,1.01602,1.01622,2.25,2.18
2012.07.26 14:18:41.644,1.01599,1.01622,1.04,3.68
2012.07.26 14:18:42.563,1.01602,1.01625,2.16,1.50
2012.07.26 14:18:43.943,1.01602,1.01625,1.50,1.60
2012.07.26 14:18:44.251,1.016,1.01623,1.50,1.50
2012.07.26 14:18:46.055,1.016,1.01622,1.50,2.18
2012.07.26 14:18:46.458,1.016,1.01625,1.50,3.10
2012.07.26 14:18:47.078,1.01599,1.0162,1.50,1.50
2012.07.26 14:18:47.192,1.01599,1.01623,1.50,1.50
2012.07.26 14:18:48.062,1.01599,1.01624,2.16,1.60
2012.07.26 14:18:48.336,1.01598,1.01623,1.88,1.60
2012.07.26 14:18:48.969,1.01599,1.01622,1.50,1.60
2012.07.26 14:18:49.690,1.01598,1.0162,1.88,1.50
2012.07.26 14:18:50.208,1.01599,1.01622,1.50,1.60
2012.07.26 14:18:50.541,1.01603,1.01626,1.50,1.60
2012.07.26 14:18:50.600,1.016,1.01625,1.50,1.60
2012.07.26 14:18:50.715,1.016,1.01625,1.50,1.60
2012.07.26 14:18:50.829,1.01602,1.01625,1.04,1.50
2012.07.26 14:18:51.154,1.01601,1.01626,1.88,1.60
2012.07.26 14:18:52.754,1.01602,1.01625,1.50,1.60
2012.07.26 14:18:53.211,1.01604,1.01626,1.50,1.60
2012.07.26 14:18:53.521,1.016,1.01624,1.50,1.60
2012.07.26 14:18:53.872,1.01602,1.01626,1.50,3.10
2012.07.26 14:18:54.465,1.01601,1.01623,1.50,1.60
2012.07.26 14:18:54.894,1.01601,1.01623,1.50,1.60
2012.07.26 14:18:55.082,1.01601,1.01623,2.16,1.50
2012.07.26 14:18:55.613,1.01603,1.01623,1.41,1.50
2012.07.26 14:18:55.673,1.01601,1.01623,2.91,1.50
2012.07.26 14:18:55.733,1.01606,1.01625,1.50,1.50
2012.07.26 14:18:55.902,1.01606,1.01629,1.50,1.60
2012.07.26 14:18:56.015,1.01606,1.01629,1.50,1.60
2012.07.26 14:18:56.184,1.01598,1.01622,4.71,1.50
2012.07.26 14:18:56.561,1.01601,1.01624,1.50,1.50
2012.07.26 14:18:57.249,1.01601,1.01625,1.50,1.50
2012.07.26 14:18:57.563,1.01603,1.01627,1.50,1.50
2012.07.26 14:18:58.284,1.01604,1.01627,1.50,1.50
2012.07.26 14:18:58.622,1.01609,1.01631,1.88,1.50
2012.07.26 14:18:58.843,1.01609,1.01633,1.88,1.60
2012.07.26 14:18:58.903,1.01607,1.01631,1.88,1.50
2012.07.26 14:18:59.528,1.01608,1.01631,4.71,1.50
2012.07.26 14:18:59.731,1.01609,1.01633,1.50,1.50
2012.07.26 14:18:59.860,1.01608,1.01629,2.84,1.50
2012.07.26 14:19:00.195,1.01606,1.01627,2.63,1.50
2012.07.26 14:19:00.418,1.01608,1.01631,1.88,3.10
2012.07.26 14:19:00.869,1.01609,1.01633,1.04,3.68
2012.07.26 14:19:00.929,1.01613,1.01633,1.50,2.18
2012.07.26 14:19:00.989,1.01613,1.01635,1.50,2.35
2012.07.26 14:19:01.381,1.01613,1.01635,2.16,2.25
2012.07.26 14:19:01.658,1.01613,1.01635,1.50,2.35
2012.07.26 14:19:01.774,1.01616,1.01636,1.50,1.60
2012.07.26 14:19:02.126,1.01615,1.01638,2.16,1.50
2012.07.26 14:19:02.678,1.01615,1.01637,1.50,1.50
2012.07.26 14:19:02.902,1.01615,1.01637,2.16,1.50
2012.07.26 14:19:02.962,1.0162,1.0164,2.16,1.50
2012.07.26 14:19:03.239,1.01618,1.01641,2.16,1.50
2012.07.26 14:19:03.353,1.01618,1.01641,1.50,1.60
2012.07.26 14:19:03.683,1.0162,1.01639,1.50,1.60
2012.07.26 14:19:03.742,1.0162,1.01641,1.50,1.60
2012.07.26 14:19:03.801,1.01616,1.01639,1.50,1.50
2012.07.26 14:19:04.022,1.01614,1.01636,1.88,1.50
2012.07.26 14:19:04.136,1.01616,1.0164,2.16,1.50
2012.07.26 14:19:04.251,1.01619,1.01642,1.50,1.50
2012.07.26 14:19:04.530,1.01617,1.01641,1.50,1.50
2012.07.26 14:19:04.591,1.0162,1.01642,1.50,3.10
2012.07.26 14:19:04.923,1.01617,1.01641,1.50,1.60
2012.07.26 14:19:05.346,1.01617,1.01639,1.50,1.60
2012.07.26 14:19:05.407,1.01611,1.01632,1.50,1.60
2012.07.26 14:19:05.520,1.01612,1.01634,1.50,1.50
2012.07.26 14:19:05.585,1.01609,1.01631,3.66,1.50
2012.07.26 14:19:05.714,1.0161,1.01634,1.50,1.60
2012.07.26 14:19:06.352,1.01611,1.01633,1.50,1.50
2012.07.26 14:19:06.696,1.01608,1.01632,1.88,1.50
2012.07.26 14:19:07.116,1.01609,1.01632,1.04,1.50
2012.07.26 14:19:07.231,1.0161,1.01634,2.16,3.00
2012.07.26 14:19:07.352,1.01612,1.01636,2.16,3.00
2012.07.26 14:19:07.466,1.01612,1.01636,1.50,3.10
2012.07.26 14:19:07.820,1.01612,1.01636,1.50,1.97
2012.07.26 14:19:07.933,1.01609,1.01631,1.50,1.60
2012.07.26 14:19:08.752,1.01609,1.01631,1.50,1.60
2012.07.26 14:19:08.891,1.01607,1.01629,1.50,1.50
2012.07.26 14:19:09.005,1.01604,1.01628,2.54,1.50
2012.07.26 14:19:09.065,1.01605,1.01628,2.91,1.50
2012.07.26 14:19:09.345,1.0161,1.01632,2.16,1.50
2012.07.26 14:19:09.660,1.01608,1.0163,3.66,1.50
2012.07.26 14:19:10.212,1.01608,1.0163,2.16,1.50
2012.07.26 14:19:11.207,1.01609,1.01633,2.16,1.50
2012.07.26 14:19:13.546,1.01608,1.0163,1.50,1.50
2012.07.26 14:19:13.967,1.01605,1.01626,1.50,1.50
2012.07.26 14:19:14.292,1.01605,1.01628,2.16,1.50
2012.07.26 14:19:14.535,1.01606,1.01629,1.41,1.50
2012.07.26 14:19:14.761,1.0161,1.01632,1.50,1.50
2012.07.26 14:19:15.512,1.01611,1.01634,1.50,1.50
2012.07.26 14:19:15.944,1.01611,1.01635,1.50,2.20
2012.07.26 14:19:16.114,1.01607,1.01631,1.88,1.50
2012.07.26 14:19:16.229,1.01607,1.01629,1.13,1.50
2012.07.26 14:19:16.562,1.01607,1.01632,1.88,1.60
2012.07.26 14:19:16.622,1.01607,1.01632,1.50,1.60
2012.07.26 14:19:17.061,1.01608,1.01632,1.88,1.50
2012.07.26 14:19:17.601,1.0161,1.01632,1.50,1.50
2012.07.26 14:19:18.186,1.01607,1.01632,1.88,1.50
2012.07.26 14:19:18.592,1.01609,1.01633,1.88,1.60
2012.07.26 14:19:18.762,1.01605,1.0163,1.50,1.50
2012.07.26 14:19:19.062,1.01608,1.01631,1.50,1.50
2012.07.26 14:19:20.173,1.01608,1.01631,2.16,1.50
2012.07.26 14:19:20.518,1.01615,1.01637,1.50,1.97
2012.07.26 14:19:20.889,1.01617,1.01639,2.16,1.88
2012.07.26 14:19:21.004,1.01617,1.01639,4.41,1.50
2012.07.26 14:19:21.064,1.01619,1.01641,1.50,1.60
2012.07.26 14:19:21.396,1.01617,1.01639,2.16,1.50
2012.07.26 14:19:22.182,1.01619,1.01641,1.04,1.60
2012.07.26 14:19:26.738,1.01618,1.0164,2.16,1.50
2012.07.26 14:19:28.892,1.01618,1.0164,1.50,1.50
2012.07.26 14:19:29.393,1.01619,1.0164,1.50,1.50
2012.07.26 14:19:29.471,1.0162,1.01644,1.50,1.60
2012.07.26 14:19:29.692,1.01617,1.0164,1.50,1.50
2012.07.26 14:19:30.582,1.01616,1.0164,2.16,1.50
2012.07.26 14:19:31.259,1.01618,1.0164,1.50,1.50
2012.07.26 14:19:31.584,1.01615,1.01637,2.16,1.50
2012.07.26 14:19:31.643,1.01617,1.01639,1.50,1.50
2012.07.26 14:19:32.778,1.01619,1.01641,1.50,1.50
2012.07.26 14:19:33.107,1.01617,1.01639,1.50,1.50
2012.07.26 14:19:33.610,1.01617,1.01639,1.88,1.50
2012.07.26 14:19:33.728,1.01619,1.01641,1.88,1.50
2012.07.26 14:19:33.787,1.01619,1.01641,1.88,1.60
2012.07.26 14:19:34.118,1.01617,1.01641,1.50,1.60
2012.07.26 14:19:34.288,1.01613,1.01637,1.04,1.50
2012.07.26 14:19:34.347,1.01613,1.01637,1.04,1.50
2012.07.26 14:19:34.897,1.01614,1.01636,2.16,1.50
2012.07.26 14:19:35.012,1.01616,1.0164,1.50,3.10
2012.07.26 14:19:35.126,1.01618,1.01641,1.50,1.97
2012.07.26 14:19:35.982,1.01618,1.01642,1.50,1.60
2012.07.26 14:19:36.447,1.01618,1.01642,2.16,1.50
2012.07.26 14:19:36.671,1.01621,1.01645,2.16,2.20
2012.07.26 14:19:37.615,1.0162,1.01643,2.16,1.50
2012.07.26 14:19:38.376,1.01617,1.01641,5.84,1.50
2012.07.26 14:19:38.434,1.01617,1.01641,5.84,1.60
2012.07.26 14:19:38.841,1.01617,1.01641,1.50,1.60
2012.07.26 14:19:39.913,1.0162,1.01642,1.50,1.60
2012.07.26 14:19:40.149,1.01614,1.01637,2.16,1.50
2012.07.26 14:19:40.650,1.01617,1.01637,1.50,1.50
2012.07.26 14:19:40.764,1.01618,1.01642,1.50,1.60
2012.07.26 14:19:42.810,1.01621,1.01643,2.16,2.18
2012.07.26 14:19:43.254,1.01619,1.01643,2.16,1.50
2012.07.26 14:19:43.423,1.01624,1.01645,1.50,1.60
2012.07.26 14:19:43.593,1.01621,1.01645,1.50,1.60
2012.07.26 14:19:43.816,1.01621,1.01641,2.16,1.50
2012.07.26 14:19:43.929,1.01615,1.0164,2.16,1.60
2012.07.26 14:19:44.052,1.01614,1.01637,2.54,1.50
2012.07.26 14:19:44.557,1.01615,1.01638,2.16,1.50
2012.07.26 14:19:45.144,1.01618,1.01641,2.16,1.60
2012.07.26 14:19:45.205,1.01618,1.01642,2.16,1.50
2012.07.26 14:19:45.538,1.01627,1.01644,2.84,1.50
2012.07.26 14:19:45.714,1.01627,1.01646,2.18,1.50
2012.07.26 14:19:45.774,1.01628,1.0165,1.50,2.35
2012.07.26 14:19:46.191,1.01621,1.01643,1.50,1.60
2012.07.26 14:19:46.251,1.01619,1.01642,1.50,1.60
2012.07.26 14:19:46.366,1.01618,1.01639,1.04,1.50
2012.07.26 14:19:47.159,1.01618,1.01638,1.04,1.50
2012.07.26 14:19:47.273,1.01618,1.0164,1.04,1.50
2012.07.26 14:19:47.596,1.01619,1.01643,1.50,1.60
2012.07.26 14:19:47.656,1.01619,1.01643,2.54,1.60
2012.07.26 14:19:48.005,1.01619,1.01643,1.88,1.60
2012.07.26 14:19:48.226,1.01619,1.01643,1.88,1.60
2012.07.26 14:19:49.085,1.01618,1.01639,1.50,1.50
2012.07.26 14:19:49.199,1.0162,1.01643,1.50,1.60
2012.07.26 14:19:49.529,1.01617,1.01642,2.16,1.60
2012.07.26 14:19:49.847,1.01617,1.0164,1.41,1.50
2012.07.26 14:19:50.221,1.01617,1.01642,2.91,1.50
2012.07.26 14:19:50.389,1.01619,1.01644,1.88,1.60
2012.07.26 14:19:51.153,1.0162,1.01642,1.50,1.60
2012.07.26 14:19:51.600,1.0162,1.01645,3.66,1.50
2012.07.26 14:19:52.484,1.01623,1.01645,1.50,1.50
2012.07.26 14:19:52.811,1.01623,1.01645,1.50,1.60
2012.07.26 14:19:53.164,1.01617,1.01641,2.16,1.60
2012.07.26 14:19:53.757,1.01617,1.01641,2.16,1.50
2012.07.26 14:19:54.792,1.01617,1.01639,5.09,1.50
2012.07.26 14:19:55.098,1.01618,1.0164,2.16,1.50
2012.07.26 14:19:55.212,1.01619,1.01643,1.50,1.60
2012.07.26 14:19:55.325,1.01617,1.01636,2.16,1.50
2012.07.26 14:19:55.529,1.01614,1.01636,2.16,1.50
2012.07.26 14:19:55.589,1.01614,1.01634,2.16,1.50
2012.07.26 14:19:56.080,1.01616,1.0164,1.50,1.60
2012.07.26 14:19:56.230,1.01616,1.0164,2.16,1.50
2012.07.26 14:19:56.294,1.01616,1.0164,2.16,1.60
2012.07.26 14:19:56.684,1.01618,1.01642,2.16,1.50
2012.07.26 14:19:57.652,1.01618,1.01642,3.68,1.60
2012.07.26 14:19:57.933,1.01621,1.01644,2.16,3.00
2012.07.26 14:19:58.101,1.0162,1.01642,1.50,1.50
2012.07.26 14:19:58.622,1.01619,1.01641,3.00,1.50
2012.07.26 14:19:58.682,1.0162,1.01644,1.50,2.20
2012.07.26 14:19:58.741,1.0162,1.01644,1.50,2.20
2012.07.26 14:19:58.854,1.01617,1.01641,1.50,1.60
2012.07.26 14:20:00.648,1.01618,1.01643,1.50,1.60
2012.07.26 14:20:01.196,1.0162,1.01644,1.50,1.60
2012.07.26 14:20:01.531,1.01622,1.01647,1.50,1.97
2012.07.26 14:20:01.754,1.01625,1.01647,1.50,1.60
2012.07.26 14:20:01.977,1.01622,1.01646,1.50,1.60
2012.07.26 14:20:02.267,1.01618,1.01642,1.50,1.60
2012.07.26 14:20:03.843,1.01617,1.0164,1.04,1.50
2012.07.26 14:20:04.232,1.01618,1.0164,1.04,1.50
2012.07.26 14:20:04.899,1.01617,1.0164,1.41,1.50
2012.07.26 14:20:04.960,1.01618,1.01642,1.50,1.60
2012.07.26 14:20:05.236,1.01618,1.01642,1.50,1.60
2012.07.26 14:20:05.582,1.01621,1.01643,1.50,1.60
2012.07.26 14:20:05.752,1.01616,1.0164,1.50,1.60
2012.07.26 14:20:05.866,1.01618,1.01642,1.50,3.77
2012.07.26 14:20:06.145,1.01614,1.01638,2.16,1.50
2012.07.26 14:20:06.260,1.01619,1.01641,2.16,1.95
2012.07.26 14:20:06.828,1.0162,1.01644,1.50,1.60
2012.07.26 14:20:08.246,1.0162,1.01644,2.25,1.60
2012.07.26 14:20:08.307,1.01623,1.01645,1.50,3.10
2012.07.26 14:20:08.896,1.01623,1.01645,1.50,1.60
2012.07.26 14:20:10.862,1.01621,1.01642,1.41,1.50
2012.07.26 14:20:11.956,1.01621,1.01642,1.41,1.50
2012.07.26 14:20:12.343,1.01623,1.01647,2.16,1.50
2012.07.26 14:20:12.628,1.01626,1.01649,1.50,1.60
2012.07.26 14:20:12.742,1.01623,1.01647,2.16,1.50
2012.07.26 14:20:13.798,1.01623,1.01647,1.50,1.60
2012.07.26 14:20:13.911,1.01621,1.01643,3.00,1.50
2012.07.26 14:20:14.418,1.01623,1.01648,1.50,1.60
2012.07.26 14:20:14.784,1.01621,1.01643,1.50,1.60
2012.07.26 14:20:15.074,1.01619,1.01642,1.50,1.50
2012.07.26 14:20:15.304,1.01621,1.01643,1.50,1.60
2012.07.26 14:20:15.647,1.01618,1.01641,2.16,1.50
2012.07.26 14:20:15.706,1.0162,1.01641,1.50,1.50
2012.07.26 14:20:16.092,1.01623,1.01646,1.50,1.60
2012.07.26 14:20:16.543,1.01621,1.01644,2.25,1.60
2012.07.26 14:20:17.863,1.01621,1.01644,1.50,1.60
2012.07.26 14:20:18.200,1.01623,1.01647,2.16,3.10
2012.07.26 14:20:18.368,1.01623,1.01647,2.16,3.10
2012.07.26 14:20:18.560,1.01625,1.01649,1.50,1.60
2012.07.26 14:20:19.093,1.01624,1.01646,2.16,1.50
2012.07.26 14:20:19.631,1.01626,1.01648,2.16,1.60
2012.07.26 14:20:20.477,1.01626,1.01648,1.50,1.60
2012.07.26 14:20:20.708,1.01623,1.01645,3.00,1.50
2012.07.26 14:20:20.822,1.01624,1.01647,2.16,1.50
2012.07.26 14:20:21.581,1.01626,1.01648,2.16,1.60
2012.07.26 14:20:23.089,1.01626,1.01648,1.50,1.60
2012.07.26 14:20:23.149,1.01623,1.01648,2.16,1.60
2012.07.26 14:20:23.441,1.01622,1.01642,1.41,1.50
2012.07.26 14:20:23.852,1.01622,1.01642,1.41,1.50
2012.07.26 14:20:23.915,1.01623,1.01647,2.16,1.97
2012.07.26 14:20:24.031,1.01623,1.01647,1.50,2.72
2012.07.26 14:20:24.145,1.01617,1.0164,2.25,1.60
2012.07.26 14:20:24.205,1.01617,1.0164,2.16,1.50
2012.07.26 14:20:24.320,1.01619,1.01643,2.16,1.60
2012.07.26 14:20:24.434,1.01622,1.01643,2.91,1.60
2012.07.26 14:20:24.766,1.01624,1.01648,2.16,1.50
2012.07.26 14:20:24.827,1.01629,1.01651,1.50,1.60
2012.07.26 14:20:24.996,1.01632,1.01656,1.50,1.97
2012.07.26 14:20:25.123,1.01632,1.01656,1.50,1.97
2012.07.26 14:20:25.682,1.0163,1.01654,2.16,1.60
2012.07.26 14:20:25.974,1.01628,1.01652,3.66,1.50
2012.07.26 14:20:26.426,1.01627,1.01649,5.09,1.50
2012.07.26 14:20:26.485,1.01627,1.01649,1.50,1.60
2012.07.26 14:20:26.928,1.01626,1.01648,2.25,1.60
2012.07.26 14:20:27.043,1.01622,1.01646,1.50,1.60
2012.07.26 14:20:27.169,1.01626,1.01646,1.41,1.50
2012.07.26 14:20:27.523,1.01629,1.01652,1.50,2.27
2012.07.26 14:20:27.692,1.01633,1.01652,1.50,2.18
2012.07.26 14:20:28.008,1.0163,1.01654,1.50,1.60
2012.07.26 14:20:28.175,1.0163,1.01652,1.50,2.18
2012.07.26 14:20:28.727,1.01629,1.01652,2.54,1.50
2012.07.26 14:20:29.855,1.01632,1.01655,2.16,1.50
2012.07.26 14:20:29.916,1.01634,1.01658,1.50,1.50
2012.07.26 14:20:30.675,1.01634,1.01658,1.50,1.60
2012.07.26 14:20:31.064,1.01632,1.01656,1.50,1.60
2012.07.26 14:20:31.123,1.01632,1.01656,2.16,1.50
2012.07.26 14:20:31.238,1.01635,1.01657,1.50,1.50
2012.07.26 14:20:31.598,1.01637,1.01659,1.50,1.60
2012.07.26 14:20:32.814,1.01639,1.01661,1.50,1.60
2012.07.26 14:20:32.935,1.01637,1.01659,2.25,1.60
2012.07.26 14:20:33.987,1.01637,1.01659,1.50,1.50
2012.07.26 14:20:34.053,1.01639,1.01661,1.50,1.50
2012.07.26 14:20:34.387,1.01642,1.01664,1.50,1.50
2012.07.26 14:20:35.014,1.01639,1.01663,2.16,1.50
2012.07.26 14:20:35.364,1.01637,1.01661,2.91,1.50
2012.07.26 14:20:36.497,1.01641,1.01663,2.16,1.50
2012.07.26 14:20:36.824,1.01643,1.01665,1.50,1.60
2012.07.26 14:20:38.574,1.01644,1.01668,1.50,1.60
2012.07.26 14:20:38.633,1.01644,1.01668,1.50,1.50
2012.07.26 14:20:39.182,1.01644,1.01668,1.50,1.60
2012.07.26 14:20:39.478,1.01641,1.01665,1.50,1.50
2012.07.26 14:20:39.541,1.01643,1.01666,1.50,1.60
2012.07.26 14:20:39.892,1.01643,1.01667,2.16,1.50
2012.07.26 14:20:40.062,1.01646,1.01669,2.16,3.00
2012.07.26 14:20:40.175,1.01647,1.01671,1.50,1.88
2012.07.26 14:20:40.288,1.01648,1.01669,2.84,1.50
2012.07.26 14:20:40.728,1.01648,1.01669,2.18,1.50
2012.07.26 14:20:41.118,1.01644,1.01667,1.04,1.50
2012.07.26 14:20:42.111,1.01647,1.01668,2.16,1.50
2012.07.26 14:20:42.170,1.01647,1.01672,2.16,1.50
2012.07.26 14:20:42.328,1.01646,1.01669,2.16,1.50
2012.07.26 14:20:42.711,1.01644,1.01666,2.54,1.50
2012.07.26 14:20:43.019,1.01647,1.01666,2.84,1.50
2012.07.26 14:20:43.157,1.01647,1.01669,4.34,3.00
2012.07.26 14:20:43.763,1.01649,1.01671,2.16,1.50
2012.07.26 14:20:44.473,1.01646,1.0167,2.16,1.50
2012.07.26 14:20:47.293,1.01646,1.0167,2.91,1.50
2012.07.26 14:20:47.406,1.01649,1.0167,1.41,1.50
2012.07.26 14:20:47.682,1.01647,1.0167,1.50,1.60
2012.07.26 14:20:48.079,1.01649,1.01671,2.16,1.60
2012.07.26 14:20:48.194,1.01647,1.01667,1.41,1.50
2012.07.26 14:20:48.363,1.01648,1.01669,2.16,1.50
2012.07.26 14:20:48.478,1.01652,1.01674,1.50,3.10
2012.07.26 14:20:48.538,1.01652,1.01674,2.16,3.10
2012.07.26 14:20:48.894,1.01649,1.01673,1.50,1.60
2012.07.26 14:20:49.830,1.01648,1.01671,1.04,1.60
2012.07.26 14:20:51.136,1.01649,1.01672,1.50,1.60
2012.07.26 14:20:52.137,1.01648,1.0167,2.54,1.50
2012.07.26 14:20:52.696,1.0165,1.01672,1.50,1.60
2012.07.26 14:20:53.225,1.01649,1.01673,1.50,1.60
2012.07.26 14:20:53.614,1.01648,1.01669,1.04,1.50
2012.07.26 14:20:53.942,1.01649,1.01671,2.16,1.50
2012.07.26 14:20:54.154,1.01653,1.01675,1.50,1.60
2012.07.26 14:20:54.502,1.01653,1.01674,1.50,1.60
2012.07.26 14:20:54.561,1.0165,1.01672,1.50,1.60
2012.07.26 14:20:54.932,1.0165,1.01672,2.16,1.50
2012.07.26 14:20:55.200,1.01651,1.01674,1.41,1.50
2012.07.26 14:20:55.704,1.01652,1.01676,2.16,3.10
2012.07.26 14:20:56.207,1.0165,1.01674,2.16,1.50
2012.07.26 14:20:56.717,1.01652,1.01675,2.16,1.60
2012.07.26 14:20:57.095,1.01651,1.01673,2.91,1.50
2012.07.26 14:20:57.898,1.01652,1.01675,2.16,1.60
2012.07.26 14:20:58.398,1.01652,1.01676,2.91,1.50
2012.07.26 14:20:58.719,1.01654,1.01678,2.16,1.50
2012.07.26 14:20:59.307,1.01654,1.01678,2.16,1.50
2012.07.26 14:20:59.813,1.01654,1.01678,2.16,1.50
2012.07.26 14:21:00.103,1.01652,1.01676,2.16,1.50
2012.07.26 14:21:00.162,1.01652,1.01676,2.16,1.50
2012.07.26 14:21:00.736,1.01655,1.01677,2.16,1.50
2012.07.26 14:21:01.192,1.01655,1.01677,2.16,1.60
2012.07.26 14:21:01.307,1.01652,1.01673,1.41,1.50
2012.07.26 14:21:01.614,1.01652,1.01671,1.41,1.50
2012.07.26 14:21:01.844,1.01652,1.01673,1.41,1.50
2012.07.26 14:21:02.423,1.01652,1.01674,1.41,1.50
2012.07.26 14:21:02.752,1.01652,1.01676,1.41,1.50
2012.07.26 14:21:03.126,1.01652,1.01674,1.41,1.50
2012.07.26 14:21:03.443,1.01648,1.01671,2.54,1.50
2012.07.26 14:21:03.974,1.01649,1.01674,2.16,1.50
2012.07.26 14:21:04.321,1.01651,1.01676,1.41,3.00
2012.07.26 14:21:05.195,1.01651,1.01675,4.41,1.50
2012.07.26 14:21:06.185,1.01652,1.01678,2.16,1.60
2012.07.26 14:21:06.246,1.01654,1.01678,1.04,1.50
2012.07.26 14:21:06.306,1.01656,1.0168,2.16,1.50
2012.07.26 14:21:06.421,1.01655,1.01678,2.16,1.50
2012.07.26 14:21:07.448,1.01655,1.01678,2.16,1.60
2012.07.26 14:21:07.617,1.01651,1.01673,2.16,1.50
2012.07.26 14:21:07.864,1.01649,1.01673,1.04,1.50
2012.07.26 14:21:08.390,1.01649,1.01671,1.04,1.50
2012.07.26 14:21:08.612,1.0165,1.01675,2.16,1.50
2012.07.26 14:21:08.671,1.0165,1.01675,2.16,1.50
2012.07.26 14:21:08.731,1.01649,1.01673,2.54,1.50
2012.07.26 14:21:09.099,1.01649,1.01675,2.54,1.50
2012.07.26 14:21:09.267,1.01655,1.01678,1.50,1.60
2012.07.26 14:21:09.508,1.01652,1.01678,2.16,1.60
2012.07.26 14:21:09.924,1.01652,1.01676,1.41,1.50
2012.07.26 14:21:10.241,1.01652,1.01671,1.41,1.50
2012.07.26 14:21:10.300,1.01652,1.01671,1.41,1.50
2012.07.26 14:21:10.999,1.0165,1.01674,1.26,1.50
2012.07.26 14:21:11.647,1.01651,1.01674,2.91,1.50
2012.07.26 14:21:11.869,1.01655,1.01678,1.26,1.50
2012.07.26 14:21:12.037,1.01656,1.01682,2.16,1.60
2012.07.26 14:21:12.294,1.01655,1.01678,1.26,1.50
2012.07.26 14:21:12.516,1.01653,1.01676,2.16,1.50
2012.07.26 14:21:12.576,1.01651,1.01674,2.91,1.50
2012.07.26 14:21:13.087,1.01653,1.01675,2.16,1.50
2012.07.26 14:21:13.543,1.01654,1.01678,2.16,1.60
2012.07.26 14:21:13.998,1.01655,1.01673,2.16,1.50
2012.07.26 14:21:14.352,1.01651,1.01673,2.16,1.50
2012.07.26 14:21:14.495,1.01653,1.01675,2.16,1.50
2012.07.26 14:21:14.608,1.01653,1.01675,2.16,1.50
2012.07.26 14:21:15.112,1.01652,1.01674,2.16,1.50
2012.07.26 14:21:15.172,1.01652,1.01672,1.50,2.18
2012.07.26 14:21:15.706,1.01648,1.01672,2.54,1.50
2012.07.26 14:21:16.048,1.01654,1.0167,2.16,1.50
2012.07.26 14:21:16.107,1.01656,1.01678,1.50,1.60
2012.07.26 14:21:16.437,1.01656,1.01678,2.16,1.50
2012.07.26 14:21:16.496,1.01659,1.01682,1.50,1.97
2012.07.26 14:21:17.029,1.01659,1.01682,3.00,1.97
2012.07.26 14:21:17.208,1.01657,1.0168,2.16,1.60
2012.07.26 14:21:17.797,1.01653,1.01678,2.54,1.50
2012.07.26 14:21:18.334,1.01655,1.0168,2.16,1.50
2012.07.26 14:21:18.670,1.01657,1.01682,5.09,1.60
2012.07.26 14:21:19.218,1.01657,1.0168,2.91,1.50
2012.07.26 14:21:19.775,1.01657,1.0168,2.54,1.60
2012.07.26 14:21:20.177,1.01656,1.0168,2.16,1.60
2012.07.26 14:21:21.359,1.01657,1.0168,1.04,1.60
2012.07.26 14:21:21.910,1.01655,1.01677,2.16,1.50
2012.07.26 14:21:22.133,1.01655,1.01677,1.50,1.60
2012.07.26 14:21:22.686,1.01656,1.01678,1.50,1.60
2012.07.26 14:21:23.193,1.01656,1.01678,1.50,1.60
2012.07.26 14:21:23.686,1.0166,1.01677,1.50,1.60
2012.07.26 14:21:23.800,1.01662,1.01683,2.16,2.18
2012.07.26 14:21:23.971,1.01661,1.01683,2.16,1.50
2012.07.26 14:21:24.085,1.01662,1.01686,1.50,1.60
2012.07.26 14:21:24.308,1.0166,1.01682,2.16,1.60
2012.07.26 14:21:24.530,1.0166,1.01682,1.50,1.60
2012.07.26 14:21:24.590,1.01657,1.01681,1.50,1.60
2012.07.26 14:21:24.651,1.01657,1.01681,1.50,3.10
2012.07.26 14:21:25.087,1.01656,1.01677,1.50,1.60
2012.07.26 14:21:25.147,1.01652,1.01674,1.88,1.60
2012.07.26 14:21:25.208,1.01653,1.01674,1.04,1.50
2012.07.26 14:21:25.267,1.01654,1.01676,2.16,1.50
2012.07.26 14:21:25.615,1.01658,1.0168,1.50,1.60
2012.07.26 14:21:26.038,1.01656,1.01678,1.50,1.60
2012.07.26 14:21:26.220,1.01654,1.01677,1.04,1.60
2012.07.26 14:21:27.023,1.01653,1.01677,2.16,1.60
2012.07.26 14:21:27.143,1.01653,1.01677,2.16,1.60
2012.07.26 14:21:27.257,1.01656,1.01678,1.50,1.60
2012.07.26 14:21:27.589,1.01658,1.0168,1.50,1.60
2012.07.26 14:21:27.980,1.01653,1.01677,2.16,1.60
2012.07.26 14:21:28.264,1.01653,1.01677,1.50,1.97
2012.07.26 14:21:28.378,1.01651,1.01675,1.50,1.60
2012.07.26 14:21:28.648,1.01645,1.01667,2.16,1.50
2012.07.26 14:21:29.079,1.01645,1.01667,2.16,1.50
2012.07.26 14:21:29.439,1.01646,1.0167,2.16,1.50
2012.07.26 14:21:30.055,1.01649,1.01673,2.16,3.77
2012.07.26 14:21:30.168,1.01649,1.01673,2.16,3.68
2012.07.26 14:21:30.594,1.01651,1.01677,2.16,1.50
2012.07.26 14:21:30.927,1.01655,1.01679,2.16,1.50
2012.07.26 14:21:31.259,1.01654,1.01677,2.16,1.50
2012.07.26 14:21:31.373,1.01652,1.01677,2.91,1.97
2012.07.26 14:21:31.487,1.01652,1.01677,2.91,1.97
2012.07.26 14:21:32.163,1.01654,1.01677,1.50,1.97
2012.07.26 14:21:32.222,1.01654,1.01677,1.50,1.60
2012.07.26 14:21:32.282,1.01651,1.01674,1.50,1.60
2012.07.26 14:21:32.690,1.01648,1.01671,4.71,1.50
2012.07.26 14:21:32.804,1.01652,1.01673,1.41,1.50
2012.07.26 14:21:33.132,1.01652,1.01676,1.41,1.60
2012.07.26 14:21:33.248,1.01652,1.01673,1.41,1.50
2012.07.26 14:21:33.914,1.01652,1.01676,1.41,3.10
2012.07.26 14:21:33.976,1.01653,1.01676,1.41,3.10
2012.07.26 14:21:35.696,1.01653,1.01676,1.50,1.60
2012.07.26 14:21:36.234,1.01651,1.01675,2.25,1.60
2012.07.26 14:21:37.251,1.0165,1.01673,2.25,1.60
2012.07.26 14:21:37.311,1.01649,1.0167,1.41,1.50
2012.07.26 14:21:37.688,1.01648,1.0167,2.84,1.50
2012.07.26 14:21:38.458,1.01648,1.01672,4.34,1.50
2012.07.26 14:21:38.761,1.01648,1.01673,4.34,1.50
2012.07.26 14:21:39.421,1.01652,1.01675,1.41,1.60
2012.07.26 14:21:40.154,1.01648,1.01673,5.84,1.50
2012.07.26 14:21:40.896,1.0165,1.01674,2.16,1.60
2012.07.26 14:21:41.584,1.0165,1.01674,2.25,1.60
2012.07.26 14:21:41.697,1.01648,1.01673,4.34,1.60
2012.07.26 14:21:42.085,1.01649,1.01672,1.50,1.60
2012.07.26 14:21:42.253,1.01649,1.01672,1.50,1.60
2012.07.26 14:21:42.618,1.01647,1.01667,2.16,1.50
2012.07.26 14:21:42.733,1.01646,1.01669,1.41,1.50
2012.07.26 14:21:43.355,1.01647,1.0167,2.84,1.50
2012.07.26 14:21:43.577,1.01647,1.01671,2.18,1.60
2012.07.26 14:21:43.857,1.01645,1.01668,2.16,1.60
2012.07.26 14:21:43.916,1.01645,1.01668,1.50,1.60
2012.07.26 14:21:44.192,1.01638,1.01661,1.04,1.50
2012.07.26 14:21:44.494,1.01639,1.01661,1.04,1.50
2012.07.26 14:21:44.608,1.01642,1.01667,2.16,1.60
2012.07.26 14:21:44.724,1.01643,1.01665,1.26,1.50
2012.07.26 14:21:45.117,1.01647,1.01665,1.41,1.50
2012.07.26 14:21:45.500,1.01645,1.01671,2.16,1.50
2012.07.26 14:21:45.614,1.01644,1.01668,1.64,1.50
2012.07.26 14:21:45.837,1.01645,1.01669,2.16,1.60
2012.07.26 14:21:46.170,1.01645,1.0167,1.50,3.10
2012.07.26 14:21:46.391,1.01644,1.01667,2.54,3.10
2012.07.26 14:21:48.272,1.01642,1.01664,1.41,1.50
2012.07.26 14:21:48.331,1.01642,1.01664,1.41,1.50
2012.07.26 14:21:48.555,1.01641,1.01664,2.16,1.50
2012.07.26 14:21:49.014,1.0164,1.01664,2.16,1.50
2012.07.26 14:21:49.074,1.01647,1.01669,2.76,2.35
2012.07.26 14:21:49.243,1.0165,1.01671,1.26,1.13
2012.07.26 14:21:49.304,1.0165,1.01673,1.26,3.38
2012.07.26 14:21:49.365,1.01648,1.01673,4.34,3.38
2012.07.26 14:21:49.752,1.01648,1.01673,4.34,1.97
2012.07.26 14:21:50.305,1.01646,1.0167,2.16,1.50
2012.07.26 14:21:50.365,1.01646,1.0167,2.16,1.60
2012.07.26 14:21:50.611,1.01648,1.01671,1.50,1.60
2012.07.26 14:21:51.005,1.01648,1.01671,2.16,1.60
2012.07.26 14:21:51.119,1.01648,1.01671,1.50,1.60
2012.07.26 14:21:51.452,1.01642,1.01665,3.66,1.50
2012.07.26 14:21:51.513,1.01645,1.0167,1.41,1.60
2012.07.26 14:21:51.682,1.01648,1.01672,2.25,1.97
2012.07.26 14:21:52.220,1.01648,1.01672,1.50,1.97
2012.07.26 14:21:52.728,1.01645,1.01669,2.91,1.60
2012.07.26 14:21:53.112,1.01647,1.01669,2.25,1.60
2012.07.26 14:21:53.661,1.01643,1.01666,2.16,1.60
2012.07.26 14:21:54.230,1.01642,1.01664,1.41,1.50
2012.07.26 14:21:54.742,1.01642,1.01665,1.41,1.50
2012.07.26 14:21:55.242,1.01642,1.01666,1.41,1.50
2012.07.26 14:21:55.861,1.01642,1.01666,1.41,1.50
2012.07.26 14:21:56.289,1.01645,1.01665,1.41,1.50
2012.07.26 14:21:56.657,1.01641,1.01663,1.41,1.50
2012.07.26 14:21:57.261,1.01641,1.01664,2.91,1.50
2012.07.26 14:21:57.582,1.01641,1.01667,2.91,1.60
2012.07.26 14:21:57.793,1.01644,1.01668,2.16,1.60
2012.07.26 14:21:57.854,1.01644,1.01668,2.16,1.50
2012.07.26 14:21:58.188,1.01641,1.01665,2.16,1.50
2012.07.26 14:21:58.249,1.0164,1.01663,2.16,1.50
2012.07.26 14:21:58.309,1.0164,1.01663,1.50,1.60
2012.07.26 14:21:58.369,1.01637,1.0166,5.09,1.50
2012.07.26 14:21:58.680,1.01637,1.0166,5.09,1.50
2012.07.26 14:21:58.741,1.01641,1.01662,1.41,1.50
2012.07.26 14:21:58.893,1.01641,1.01664,1.41,1.50
2012.07.26 14:21:59.537,1.01641,1.01663,1.41,1.50
2012.07.26 14:21:59.859,1.01639,1.01661,1.04,1.50
2012.07.26 14:22:00.792,1.01639,1.01662,2.54,1.50
2012.07.26 14:22:01.313,1.01638,1.01661,1.04,1.50
2012.07.26 14:22:01.372,1.01639,1.01661,1.41,1.50
2012.07.26 14:22:01.616,1.01638,1.01661,1.64,1.50
2012.07.26 14:22:02.118,1.01637,1.01661,5.09,1.50
2012.07.26 14:22:02.178,1.01638,1.01663,2.16,1.60
2012.07.26 14:22:02.399,1.01637,1.01661,2.84,1.50
2012.07.26 14:22:03.151,1.01637,1.0166,2.84,1.50
2012.07.26 14:22:03.483,1.0164,1.01664,2.16,1.50
2012.07.26 14:22:03.786,1.0164,1.01664,1.50,1.60
2012.07.26 14:22:03.903,1.01638,1.01661,2.16,1.50
2012.07.26 14:22:03.963,1.01636,1.01661,2.25,1.60
2012.07.26 14:22:04.555,1.01636,1.01661,3.00,1.60
2012.07.26 14:22:04.615,1.01638,1.01664,1.50,1.60
2012.07.26 14:22:05.158,1.01637,1.0166,1.50,1.60
2012.07.26 14:22:05.494,1.01637,1.01662,4.19,1.50
2012.07.26 14:22:05.663,1.01639,1.01665,1.50,1.60
2012.07.26 14:22:05.864,1.01637,1.01663,7.19,1.50
2012.07.26 14:22:05.923,1.01637,1.01663,6.59,1.50
2012.07.26 14:22:06.231,1.0164,1.01661,1.41,1.50
2012.07.26 14:22:06.346,1.0164,1.01663,2.25,1.50
2012.07.26 14:22:06.406,1.0164,1.01663,2.25,1.60
2012.07.26 14:22:06.465,1.0164,1.01663,2.25,1.50
2012.07.26 14:22:06.525,1.0164,1.01666,2.25,1.60
2012.07.26 14:22:07.300,1.01639,1.01664,2.25,1.50
2012.07.26 14:22:07.914,1.01642,1.01664,1.13,1.50
2012.07.26 14:22:08.138,1.01643,1.01667,1.04,1.50
2012.07.26 14:22:08.305,1.01642,1.01664,1.13,1.50
2012.07.26 14:22:08.611,1.01642,1.01662,1.13,1.50
2012.07.26 14:22:09.148,1.01642,1.01664,1.13,1.50
2012.07.26 14:22:09.490,1.01643,1.01667,1.04,1.50
2012.07.26 14:22:09.648,1.01644,1.01667,1.41,1.50
2012.07.26 14:22:09.952,1.01648,1.01669,3.59,1.50
2012.07.26 14:22:10.406,1.01648,1.01667,3.59,1.50
2012.07.26 14:22:10.715,1.01648,1.01667,2.84,1.50
2012.07.26 14:22:10.829,1.01643,1.01666,1.04,1.50
2012.07.26 14:22:11.200,1.01643,1.01666,1.04,1.50
2012.07.26 14:22:11.531,1.01646,1.01668,2.25,1.50
2012.07.26 14:22:12.958,1.01643,1.01663,1.04,1.50
2012.07.26 14:22:13.018,1.01641,1.01663,1.41,1.50
2012.07.26 14:22:13.187,1.01641,1.01661,1.41,1.50
2012.07.26 14:22:13.799,1.01641,1.01661,1.41,1.50
2012.07.26 14:22:13.914,1.01641,1.01664,1.41,1.50
2012.07.26 14:22:14.042,1.01641,1.01661,1.41,1.50
2012.07.26 14:22:14.352,1.0164,1.01658,1.41,1.50
2012.07.26 14:22:14.700,1.01641,1.0166,1.41,1.50
2012.07.26 14:22:14.759,1.01641,1.01662,1.41,1.50
2012.07.26 14:22:14.819,1.01641,1.01664,1.41,1.50
2012.07.26 14:22:14.987,1.01642,1.01664,1.41,1.50
2012.07.26 14:22:15.516,1.01641,1.01664,1.41,3.00
2012.07.26 14:22:16.023,1.01641,1.01663,1.41,1.50
2012.07.26 14:22:16.590,1.01641,1.01666,1.41,1.50
2012.07.26 14:22:16.650,1.01641,1.01664,1.41,1.50
2012.07.26 14:22:17.516,1.01638,1.01661,4.34,1.50
2012.07.26 14:22:17.575,1.01638,1.01661,4.34,1.50
2012.07.26 14:22:18.241,1.01638,1.01661,2.18,1.50
2012.07.26 14:22:18.301,1.01638,1.01658,2.18,1.50
2012.07.26 14:22:18.557,1.01633,1.01658,1.04,1.50
2012.07.26 14:22:18.729,1.01637,1.01662,1.50,1.50
2012.07.26 14:22:18.842,1.01637,1.01662,1.88,1.50
2012.07.26 14:22:18.955,1.01637,1.01662,1.50,1.50
2012.07.26 14:22:19.179,1.01637,1.01659,1.50,1.50
2012.07.26 14:22:19.689,1.01636,1.01658,2.16,1.50
2012.07.26 14:22:20.162,1.01639,1.01661,1.50,1.50
2012.07.26 14:22:20.707,1.01635,1.01657,2.16,1.50
2012.07.26 14:22:20.926,1.01636,1.0166,1.50,1.50
2012.07.26 14:22:21.040,1.01634,1.01658,2.54,1.50
2012.07.26 14:22:21.364,1.01637,1.01659,5.09,1.50
2012.07.26 14:22:21.602,1.01638,1.01662,2.16,1.50
2012.07.26 14:22:22.142,1.01642,1.01663,1.50,1.50
2012.07.26 14:22:22.201,1.01642,1.01665,1.50,1.50
2012.07.26 14:22:22.444,1.0164,1.01664,3.00,1.50
2012.07.26 14:22:23.929,1.0164,1.01664,2.25,1.50
2012.07.26 14:22:24.354,1.01644,1.01666,1.50,1.50
2012.07.26 14:22:24.859,1.01642,1.01664,1.50,1.50
2012.07.26 14:22:25.547,1.01643,1.01667,1.50,1.60
2012.07.26 14:22:25.715,1.01643,1.01667,1.50,1.60
2012.07.26 14:22:25.829,1.01643,1.01667,1.50,1.60
2012.07.26 14:22:25.997,1.01646,1.01668,1.50,1.60
2012.07.26 14:22:26.514,1.01644,1.01667,2.16,1.50
2012.07.26 14:22:26.574,1.01646,1.01669,1.50,1.50
2012.07.26 14:22:26.687,1.01647,1.01672,1.50,1.60
2012.07.26 14:22:27.282,1.01647,1.0167,1.50,1.50
2012.07.26 14:22:27.614,1.01643,1.01668,1.88,1.60
2012.07.26 14:22:28.192,1.01642,1.01666,2.54,1.50
2012.07.26 14:22:28.737,1.01644,1.01667,3.00,1.60
2012.07.26 14:22:29.293,1.01643,1.01668,1.88,1.60
2012.07.26 14:22:30.281,1.01646,1.01669,2.16,1.50
2012.07.26 14:22:30.610,1.01648,1.01671,1.50,1.88
2012.07.26 14:22:30.941,1.01642,1.01666,1.50,1.50
2012.07.26 14:22:31.230,1.0164,1.01664,2.16,1.50
2012.07.26 14:22:31.657,1.01641,1.01664,2.16,1.50
2012.07.26 14:22:31.717,1.01642,1.01666,2.16,1.50
2012.07.26 14:22:32.053,1.01642,1.01666,2.16,1.50
2012.07.26 14:22:32.125,1.01642,1.01666,2.16,1.50
2012.07.26 14:22:32.238,1.01644,1.01667,1.50,1.50
2012.07.26 14:22:32.352,1.01642,1.01666,2.16,1.50
2012.07.26 14:22:33.247,1.01643,1.01666,1.50,1.50
2012.07.26 14:22:33.306,1.01645,1.01668,1.50,1.50
2012.07.26 14:22:33.779,1.01643,1.01665,3.00,1.50
2012.07.26 14:22:34.245,1.01643,1.01668,1.50,1.50
2012.07.26 14:22:34.360,1.0164,1.01665,2.25,1.50
2012.07.26 14:22:34.865,1.01642,1.01664,1.50,1.50
2012.07.26 14:22:34.924,1.01643,1.01668,1.50,2.25
2012.07.26 14:22:36.147,1.01643,1.01666,1.50,1.50
2012.07.26 14:22:36.532,1.01644,1.01669,1.50,2.25
2012.07.26 14:22:36.965,1.01643,1.01667,1.50,1.50
2012.07.26 14:22:37.294,1.0164,1.01664,1.50,1.50
2012.07.26 14:22:37.660,1.01644,1.01664,1.50,1.50
2012.07.26 14:22:37.719,1.01646,1.01669,1.50,2.25
2012.07.26 14:22:37.994,1.01644,1.01666,3.00,1.50
2012.07.26 14:22:38.374,1.01641,1.01663,1.50,1.50
2012.07.26 14:22:38.575,1.01642,1.01666,1.50,1.50
2012.07.26 14:22:40.943,1.01644,1.01666,1.50,1.50
2012.07.26 14:22:41.351,1.01649,1.01671,1.50,1.97
2012.07.26 14:22:41.519,1.01646,1.01669,3.00,1.60
2012.07.26 14:22:41.741,1.01644,1.01667,1.50,1.50
2012.07.26 14:22:42.192,1.01648,1.01671,1.50,1.50
2012.07.26 14:22:42.548,1.01646,1.01669,1.50,1.50
2012.07.26 14:22:42.606,1.01644,1.01669,1.88,1.50
2012.07.26 14:22:43.207,1.01642,1.01667,2.16,1.50
2012.07.26 14:22:43.784,1.01643,1.01667,1.50,1.50
2012.07.26 14:22:44.096,1.01646,1.01669,1.50,1.60
2012.07.26 14:22:45.008,1.01646,1.01666,1.50,1.50
2012.07.26 14:22:45.068,1.01642,1.01665,1.13,1.50
2012.07.26 14:22:45.343,1.01646,1.01666,1.50,1.50
2012.07.26 14:22:45.456,1.01642,1.01666,4.13,1.50
2012.07.26 14:22:45.515,1.01648,1.01668,1.50,1.50
2012.07.26 14:22:45.575,1.01643,1.01667,1.88,1.50
2012.07.26 14:22:46.420,1.01643,1.01667,1.50,1.50
2012.07.26 14:22:49.262,1.01644,1.01668,1.50,1.50
2012.07.26 14:22:49.589,1.01644,1.01666,1.50,1.50
2012.07.26 14:22:49.979,1.01644,1.01669,1.50,3.10
2012.07.26 14:22:50.357,1.01644,1.01666,1.50,1.50
2012.07.26 14:22:50.915,1.01644,1.01669,1.50,2.35
2012.07.26 14:22:50.976,1.01646,1.01671,1.50,2.72
2012.07.26 14:22:51.197,1.01642,1.01666,1.50,1.50
2012.07.26 14:22:51.297,1.01642,1.01663,1.50,1.50
2012.07.26 14:22:51.356,1.01639,1.01661,1.88,1.50
2012.07.26 14:22:52.165,1.0164,1.01664,1.50,1.50
2012.07.26 14:22:52.407,1.01643,1.01665,1.50,1.50
2012.07.26 14:22:52.739,1.01645,1.01668,1.50,1.50
2012.07.26 14:22:53.603,1.01644,1.01669,1.50,1.50
2012.07.26 14:22:53.717,1.01643,1.01665,1.50,1.50
2012.07.26 14:22:53.830,1.01645,1.01668,1.50,3.00
2012.07.26 14:22:54.051,1.01643,1.01667,1.50,1.50
2012.07.26 14:22:54.725,1.01643,1.01668,1.50,1.50
2012.07.26 14:22:55.618,1.01646,1.01669,1.50,3.00
2012.07.26 14:22:55.797,1.01643,1.01668,1.50,1.50
2012.07.26 14:22:56.198,1.01647,1.01669,1.50,3.75
2012.07.26 14:22:56.526,1.01647,1.01665,1.50,1.50
2012.07.26 14:22:56.586,1.01641,1.01663,1.50,1.50
2012.07.26 14:22:57.463,1.01639,1.01661,2.16,1.50
2012.07.26 14:22:57.874,1.01642,1.01664,1.50,1.50
2012.07.26 14:22:58.368,1.01638,1.01662,1.50,1.60
2012.07.26 14:22:59.296,1.01638,1.01657,1.50,1.50
2012.07.26 14:22:59.871,1.01637,1.01657,1.50,1.50
2012.07.26 14:22:59.939,1.01637,1.01659,1.50,1.50
2012.07.26 14:23:01.451,1.01638,1.01659,2.18,1.50
2012.07.26 14:23:01.510,1.01639,1.01661,1.50,1.50
2012.07.26 14:23:01.628,1.01641,1.01663,1.50,1.50
2012.07.26 14:23:02.440,1.0164,1.01663,1.50,1.60
2012.07.26 14:23:02.886,1.01637,1.01661,1.50,1.50
2012.07.26 14:23:03.349,1.01639,1.01663,1.50,1.60
2012.07.26 14:23:04.116,1.01639,1.01663,1.50,1.60
2012.07.26 14:23:04.422,1.01642,1.01664,1.50,1.60
2012.07.26 14:23:04.948,1.0164,1.01662,1.50,1.50
2012.07.26 14:23:05.770,1.01641,1.01665,2.25,3.10
2012.07.26 14:23:06.030,1.01639,1.01663,3.00,1.60
2012.07.26 14:23:06.146,1.01639,1.01663,2.16,1.50
2012.07.26 14:23:06.259,1.01639,1.01663,1.50,1.50
2012.07.26 14:23:06.373,1.01638,1.0166,2.76,1.50
2012.07.26 14:23:06.715,1.01644,1.01667,2.16,1.50
2012.07.26 14:23:07.045,1.01646,1.01668,2.25,1.60
2012.07.26 14:23:07.360,1.01646,1.01666,2.25,1.50
2012.07.26 14:23:07.473,1.01644,1.01666,1.50,1.50
2012.07.26 14:23:08.161,1.01649,1.01669,1.50,1.60
2012.07.26 14:23:08.681,1.01648,1.0167,1.50,1.60
2012.07.26 14:23:09.147,1.01645,1.01669,1.50,3.10
2012.07.26 14:23:09.278,1.01643,1.01665,1.04,1.50
2012.07.26 14:23:09.826,1.01642,1.01666,1.41,1.50
2012.07.26 14:23:10.327,1.01644,1.01668,1.50,1.60
2012.07.26 14:23:10.681,1.01644,1.01668,2.63,1.60
2012.07.26 14:23:10.795,1.01646,1.0167,2.25,1.60
2012.07.26 14:23:11.034,1.01649,1.01671,1.50,3.10
2012.07.26 14:23:11.243,1.01647,1.01669,2.25,1.60
2012.07.26 14:23:11.527,1.01645,1.01667,2.25,1.50
2012.07.26 14:23:12.636,1.01645,1.01667,1.50,1.50
2012.07.26 14:23:12.974,1.01644,1.01667,1.41,1.60
2012.07.26 14:23:13.182,1.01641,1.01665,1.41,1.50
2012.07.26 14:23:13.949,1.01643,1.01666,2.16,1.50
2012.07.26 14:23:14.222,1.01645,1.01667,3.75,1.60
2012.07.26 14:23:14.338,1.01644,1.01666,2.54,1.60
2012.07.26 14:23:14.397,1.01644,1.01666,2.54,1.60
2012.07.26 14:23:14.730,1.01641,1.01665,1.50,1.60
2012.07.26 14:23:15.158,1.01641,1.01665,2.16,1.60
2012.07.26 14:23:15.508,1.01641,1.01665,1.50,1.60
2012.07.26 14:23:15.944,1.01641,1.01664,2.91,1.60
2012.07.26 14:23:16.114,1.01641,1.01662,1.41,1.50
2012.07.26 14:23:16.662,1.0164,1.01664,2.16,1.60
2012.07.26 14:23:17.526,1.0164,1.01664,2.76,1.60
2012.07.26 14:23:17.641,1.01642,1.01664,2.01,1.50
2012.07.26 14:23:17.701,1.01647,1.01664,2.18,1.50
2012.07.26 14:23:17.948,1.01649,1.01671,1.04,1.50
2012.07.26 14:23:18.011,1.01649,1.01669,1.04,1.50
2012.07.26 14:23:18.178,1.01645,1.01669,2.16,1.60
2012.07.26 14:23:18.726,1.01643,1.01667,2.16,1.50
2012.07.26 14:23:19.277,1.01643,1.01667,2.16,1.60
2012.07.26 14:23:19.651,1.01641,1.01665,2.16,1.50
2012.07.26 14:23:19.902,1.01647,1.01667,1.50,1.50
2012.07.26 14:23:20.587,1.01645,1.01667,2.16,1.50
2012.07.26 14:23:21.089,1.01645,1.01667,2.16,1.50
2012.07.26 14:23:21.313,1.01645,1.01667,2.16,1.50
2012.07.26 14:23:21.375,1.01644,1.01668,2.54,1.50
2012.07.26 14:23:21.545,1.01649,1.01668,1.50,1.50
2012.07.26 14:23:21.781,1.01646,1.01668,1.50,1.50
2012.07.26 14:23:21.952,1.01641,1.01665,2.91,1.50
2012.07.26 14:23:22.271,1.01648,1.01665,2.18,1.50
2012.07.26 14:23:22.336,1.01645,1.01669,2.16,1.50
2012.07.26 14:23:22.397,1.01645,1.01669,2.16,1.50
2012.07.26 14:23:22.732,1.01648,1.01671,2.84,1.50
2012.07.26 14:23:22.847,1.01649,1.01673,2.16,1.60
2012.07.26 14:23:23.029,1.01649,1.01673,2.16,1.50
2012.07.26 14:23:23.369,1.01647,1.0167,2.91,1.50
2012.07.26 14:23:23.704,1.01643,1.01665,1.04,1.50
2012.07.26 14:23:23.764,1.01643,1.01665,1.04,1.50
2012.07.26 14:23:24.283,1.01641,1.01663,1.41,1.50
2012.07.26 14:23:24.453,1.01643,1.01669,2.16,1.60
2012.07.26 14:23:24.974,1.01642,1.01665,2.16,1.50
2012.07.26 14:23:25.432,1.01644,1.01666,1.04,1.50
2012.07.26 14:23:25.746,1.01647,1.01669,2.16,1.60
2012.07.26 14:23:26.321,1.01644,1.01668,1.04,1.60
2012.07.26 14:23:26.490,1.01648,1.01668,1.50,1.60
2012.07.26 14:23:27.207,1.01647,1.01669,1.50,1.60
2012.07.26 14:23:27.844,1.01644,1.01668,2.54,1.50
2012.07.26 14:23:28.380,1.01648,1.0167,1.50,1.60
2012.07.26 14:23:28.593,1.01648,1.0167,2.16,1.60
2012.07.26 14:23:28.711,1.01648,1.0167,2.16,1.50
2012.07.26 14:23:28.826,1.01645,1.01669,2.76,1.60
2012.07.26 14:23:29.472,1.01643,1.01667,2.54,1.60
2012.07.26 14:23:30.048,1.01643,1.01667,2.16,1.60
2012.07.26 14:23:30.749,1.01643,1.01667,2.16,1.50
2012.07.26 14:23:31.067,1.01643,1.01667,2.16,1.50
2012.07.26 14:23:31.127,1.01643,1.01667,2.16,1.60
2012.07.26 14:23:31.350,1.01649,1.01671,1.50,1.60
2012.07.26 14:23:31.773,1.01646,1.0167,2.16,1.60
2012.07.26 14:23:32.114,1.01649,1.01673,1.50,1.60
2012.07.26 14:23:32.626,1.01647,1.01672,3.66,3.77
2012.07.26 14:23:33.085,1.01644,1.01666,2.16,1.50
2012.07.26 14:23:33.658,1.01644,1.01666,3.66,1.50
2012.07.26 14:23:34.056,1.01647,1.01669,1.04,3.10
2012.07.26 14:23:34.171,1.01644,1.01666,2.16,1.50
2012.07.26 14:23:34.507,1.01645,1.01669,2.16,1.60
2012.07.26 14:23:36.128,1.01646,1.0167,2.16,1.60
2012.07.26 14:23:36.679,1.01648,1.01666,2.16,1.50
2012.07.26 14:23:37.306,1.01642,1.01666,2.16,1.50
2012.07.26 14:23:37.426,1.01642,1.01666,2.16,1.50
2012.07.26 14:23:38.349,1.01641,1.01664,2.91,1.50
2012.07.26 14:23:38.890,1.01642,1.01664,1.41,1.50
2012.07.26 14:23:39.423,1.01641,1.01665,2.16,1.50
2012.07.26 14:23:39.838,1.01639,1.01663,3.66,1.50
2012.07.26 14:23:40.356,1.01642,1.01664,2.16,1.50
2012.07.26 14:23:40.957,1.01644,1.01666,1.50,1.60
2012.07.26 14:23:41.070,1.01641,1.01665,2.16,1.60
2012.07.26 14:23:41.960,1.0164,1.01662,2.16,1.50
2012.07.26 14:23:42.078,1.01642,1.01664,2.16,1.50
2012.07.26 14:23:44.677,1.01639,1.01661,2.16,1.50
2012.07.26 14:23:44.846,1.01639,1.01659,2.16,1.50
2012.07.26 14:23:44.960,1.01639,1.01659,1.50,1.60
2012.07.26 14:23:45.020,1.01635,1.0165,1.50,1.50
2012.07.26 14:23:45.134,1.01628,1.01648,1.04,1.50
2012.07.26 14:23:45.301,1.01628,1.0165,2.54,1.50
2012.07.26 14:23:45.437,1.01629,1.01653,2.16,3.10
2012.07.26 14:23:45.497,1.01629,1.01653,2.54,1.50
2012.07.26 14:23:45.849,1.01631,1.01655,2.91,1.60
2012.07.26 14:23:46.076,1.01629,1.01653,2.16,1.50
2012.07.26 14:23:46.537,1.01636,1.01655,1.50,1.50
2012.07.26 14:23:46.597,1.01636,1.01658,1.50,2.72
2012.07.26 14:23:47.115,1.01635,1.01659,2.16,1.60
2012.07.26 14:23:47.230,1.01634,1.01658,2.16,1.50
2012.07.26 14:23:47.562,1.01632,1.01656,2.16,1.50
2012.07.26 14:23:47.804,1.01637,1.01659,1.41,1.60
2012.07.26 14:23:48.399,1.01634,1.01656,2.16,1.50
2012.07.26 14:23:48.735,1.01634,1.01658,2.16,3.00
2012.07.26 14:23:48.848,1.01634,1.01658,2.16,1.50
2012.07.26 14:23:49.598,1.01634,1.01658,1.50,1.60
2012.07.26 14:23:50.133,1.01629,1.01654,3.66,1.50
2012.07.26 14:23:50.452,1.01632,1.01655,2.16,1.50
2012.07.26 14:23:50.521,1.01635,1.01657,2.16,1.50
2012.07.26 14:23:50.582,1.01635,1.01657,1.50,1.60
2012.07.26 14:23:50.751,1.01633,1.01654,1.04,1.50
2012.07.26 14:23:50.921,1.01634,1.01658,1.50,1.60
2012.07.26 14:23:51.363,1.01634,1.01658,2.16,1.60
2012.07.26 14:23:52.377,1.01633,1.01655,2.16,1.50
2012.07.26 14:23:52.958,1.01634,1.01658,2.16,1.60
2012.07.26 14:23:53.785,1.01634,1.01658,2.16,1.60
2012.07.26 14:23:54.893,1.01632,1.01656,2.16,1.60
2012.07.26 14:23:55.007,1.01631,1.01654,1.41,1.50
2012.07.26 14:23:55.121,1.01634,1.01656,2.16,1.60
2012.07.26 14:23:55.788,1.01637,1.01659,1.50,1.60
2012.07.26 14:23:56.503,1.01634,1.01658,2.16,1.60
2012.07.26 14:23:56.623,1.01634,1.01658,2.16,1.60
2012.07.26 14:23:56.980,1.01634,1.01658,2.16,1.50
2012.07.26 14:23:57.040,1.01636,1.0166,2.16,2.35
2012.07.26 14:23:57.155,1.01634,1.01658,2.16,1.50
2012.07.26 14:23:57.486,1.01633,1.01651,1.50,1.60
2012.07.26 14:23:57.546,1.01628,1.01651,2.16,3.10
2012.07.26 14:23:57.734,1.01627,1.01649,2.16,1.50
2012.07.26 14:23:58.252,1.01629,1.01649,1.41,1.50
2012.07.26 14:23:58.422,1.01632,1.01656,1.50,1.60
2012.07.26 14:23:58.537,1.01632,1.01656,2.16,1.60
2012.07.26 14:23:58.817,1.01634,1.01656,2.16,1.60
2012.07.26 14:23:58.878,1.01634,1.01656,2.16,1.50
2012.07.26 14:23:59.161,1.01635,1.01659,2.16,1.50
2012.07.26 14:23:59.679,1.01638,1.0166,1.50,2.35
2012.07.26 14:24:00.450,1.01636,1.01658,2.16,1.50
2012.07.26 14:24:00.564,1.01638,1.0166,1.50,1.60
2012.07.26 14:24:01.495,1.01637,1.01661,2.16,1.60
2012.07.26 14:24:03.418,1.01635,1.01659,2.16,1.50
2012.07.26 14:24:04.244,1.01638,1.0166,1.50,1.60
2012.07.26 14:24:05.710,1.01635,1.01654,2.16,1.50
2012.07.26 14:24:06.040,1.0163,1.01652,2.16,1.50
2012.07.26 14:24:06.271,1.0163,1.01652,1.50,1.60
2012.07.26 14:24:06.778,1.01628,1.0165,2.54,1.60
2012.07.26 14:24:07.007,1.01628,1.01648,1.04,1.50
2012.07.26 14:24:07.339,1.01628,1.0165,2.54,3.10
2012.07.26 14:24:07.622,1.01629,1.0165,1.13,1.60
2012.07.26 14:24:07.844,1.01632,1.01653,3.66,2.27
2012.07.26 14:24:08.201,1.0163,1.01652,3.00,1.60
2012.07.26 14:24:08.530,1.01632,1.01652,1.50,2.27
2012.07.26 14:24:08.589,1.01628,1.0165,2.54,1.60
2012.07.26 14:24:10.249,1.01629,1.01652,1.50,2.27
2012.07.26 14:24:10.967,1.01628,1.01651,1.04,1.60
2012.07.26 14:24:11.361,1.01626,1.01648,2.16,1.50
2012.07.26 14:24:11.638,1.01622,1.01646,2.16,1.60
2012.07.26 14:24:11.883,1.01621,1.01644,3.66,1.60
2012.07.26 14:24:12.419,1.01623,1.01645,1.50,1.60
2012.07.26 14:24:12.977,1.01621,1.01643,2.16,1.60
2012.07.26 14:24:14.423,1.01621,1.01643,2.16,1.60
2012.07.26 14:24:14.785,1.01622,1.01646,2.91,1.60
2012.07.26 14:24:14.900,1.01626,1.01649,1.50,2.35
2012.07.26 14:24:15.014,1.01624,1.01646,2.16,1.60
2012.07.26 14:24:16.407,1.01622,1.01644,2.91,1.50
2012.07.26 14:24:16.737,1.01619,1.01641,2.16,1.60
2012.07.26 14:24:17.523,1.01619,1.01643,2.16,1.50
2012.07.26 14:24:17.716,1.01624,1.01647,2.16,1.60
2012.07.26 14:24:17.831,1.01625,1.01649,2.16,1.60
2012.07.26 14:24:18.799,1.01625,1.01649,2.16,1.60
2012.07.26 14:24:19.161,1.01625,1.01649,2.16,1.50
2012.07.26 14:24:19.892,1.01625,1.01648,2.16,1.50
2012.07.26 14:24:19.952,1.01625,1.01648,2.16,1.60
2012.07.26 14:24:20.295,1.01623,1.01645,3.66,1.50
2012.07.26 14:24:20.354,1.01623,1.01645,3.66,1.60
2012.07.26 14:24:20.631,1.01627,1.01647,1.50,1.60
2012.07.26 14:24:20.800,1.01622,1.01646,2.16,1.60
2012.07.26 14:24:22.158,1.01621,1.01645,2.16,1.60
2012.07.26 14:24:24.758,1.0162,1.01642,2.16,1.50
2012.07.26 14:24:25.753,1.01622,1.01644,2.16,1.60
2012.07.26 14:24:26.195,1.01619,1.01641,2.16,1.50
2012.07.26 14:24:26.556,1.0162,1.01644,2.16,1.60
2012.07.26 14:24:26.780,1.01625,1.01647,1.50,1.60
2012.07.26 14:24:26.895,1.01625,1.01647,2.16,1.50
2012.07.26 14:24:27.197,1.01625,1.01647,1.50,1.60
2012.07.26 14:24:27.312,1.01619,1.01643,2.16,1.60
2012.07.26 14:24:27.426,1.01619,1.01643,2.16,1.50
2012.07.26 14:24:28.259,1.01622,1.01644,2.16,1.60
2012.07.26 14:24:28.827,1.01624,1.01648,2.16,2.35
2012.07.26 14:24:29.334,1.01624,1.01648,2.16,2.35
2012.07.26 14:24:29.952,1.01627,1.01649,1.50,1.60
2012.07.26 14:24:30.066,1.01627,1.01651,3.66,1.60
2012.07.26 14:24:30.421,1.01631,1.01653,1.50,3.77
2012.07.26 14:24:31.908,1.01631,1.01653,2.16,1.60
2012.07.26 14:24:35.010,1.01629,1.0165,2.16,1.50
2012.07.26 14:24:35.574,1.01629,1.01653,2.16,3.10
2012.07.26 14:24:38.624,1.01629,1.01653,2.16,1.60
2012.07.26 14:24:39.008,1.01631,1.01653,2.16,1.60
2012.07.26 14:24:39.509,1.01633,1.01655,2.16,1.50
2012.07.26 14:24:41.015,1.01635,1.01657,3.66,1.60
2012.07.26 14:24:41.601,1.01633,1.01655,2.16,1.60
2012.07.26 14:24:42.151,1.0164,1.01655,2.10,1.60
2012.07.26 14:24:42.211,1.01633,1.01655,2.76,1.60
2012.07.26 14:24:42.271,1.01634,1.01655,1.26,1.50
2012.07.26 14:24:42.332,1.01639,1.01655,1.26,1.50
2012.07.26 14:24:42.696,1.01643,1.01666,1.50,1.97
2012.07.26 14:24:42.770,1.01643,1.01666,2.54,1.50
2012.07.26 14:24:42.832,1.01643,1.01666,2.54,1.60
2012.07.26 14:24:43.055,1.01643,1.01664,1.04,1.50
2012.07.26 14:24:43.115,1.01643,1.01664,1.04,1.50
2012.07.26 14:24:43.283,1.01644,1.01667,2.16,1.60
2012.07.26 14:24:43.453,1.01644,1.01668,1.50,1.60
2012.07.26 14:24:43.513,1.01642,1.01666,1.50,1.60
2012.07.26 14:24:43.681,1.01642,1.01664,1.50,1.60
2012.07.26 14:24:43.822,1.0164,1.01662,1.50,1.60
2012.07.26 14:24:44.322,1.0164,1.01662,2.16,1.50
2012.07.26 14:24:44.544,1.01638,1.01661,2.16,1.60
2012.07.26 14:24:44.766,1.01637,1.0166,2.16,1.60
2012.07.26 14:24:45.392,1.01636,1.0166,2.16,1.60
2012.07.26 14:24:46.359,1.01638,1.01662,2.16,1.60
2012.07.26 14:24:46.942,1.01642,1.01664,2.16,3.10
2012.07.26 14:24:47.005,1.01637,1.01661,4.34,1.50
2012.07.26 14:24:47.066,1.01637,1.01661,4.34,1.50
2012.07.26 14:24:47.180,1.0164,1.01661,2.16,1.50
2012.07.26 14:24:47.536,1.01632,1.01654,2.91,1.50
2012.07.26 14:24:47.599,1.01632,1.01654,2.91,1.50
2012.07.26 14:24:47.768,1.01632,1.01654,2.16,1.60
2012.07.26 14:24:47.829,1.01636,1.01657,1.50,1.60
2012.07.26 14:24:47.943,1.01636,1.0166,2.16,1.60
2012.07.26 14:24:48.273,1.01636,1.0166,1.50,1.60
2012.07.26 14:24:48.504,1.01634,1.01656,1.50,1.60
2012.07.26 14:24:48.824,1.01634,1.01656,1.50,1.60
2012.07.26 14:24:48.884,1.01635,1.01659,1.50,1.60
2012.07.26 14:24:49.106,1.01637,1.01661,1.50,2.35
2012.07.26 14:24:49.322,1.01634,1.01658,1.50,1.60
2012.07.26 14:24:49.435,1.01634,1.01658,1.50,1.60
2012.07.26 14:24:49.950,1.01631,1.01655,2.16,1.60
2012.07.26 14:24:52.221,1.0163,1.01652,2.16,1.50
2012.07.26 14:24:53.833,1.01628,1.0165,4.71,1.50
2012.07.26 14:24:54.139,1.01625,1.01647,2.76,1.50
2012.07.26 14:24:54.468,1.01625,1.01647,2.16,1.60
2012.07.26 14:24:54.529,1.01628,1.01647,2.84,1.50
2012.07.26 14:24:54.807,1.01628,1.01649,2.84,1.50
2012.07.26 14:24:54.867,1.01628,1.01649,2.84,1.50
2012.07.26 14:24:55.997,1.01628,1.01649,2.84,1.50
2012.07.26 14:24:56.383,1.01624,1.01647,1.04,1.50
2012.07.26 14:24:57.106,1.01623,1.01647,2.16,1.60
2012.07.26 14:24:58.925,1.01621,1.01645,2.16,1.50
2012.07.26 14:25:00.342,1.01625,1.01647,2.16,3.10
2012.07.26 14:25:00.854,1.01625,1.01647,2.16,1.60
2012.07.26 14:25:02.420,1.01621,1.01643,2.16,1.50
2012.07.26 14:25:02.700,1.01622,1.01644,1.50,1.60
2012.07.26 14:25:02.760,1.01622,1.01642,1.50,2.18
2012.07.26 14:25:03.144,1.01622,1.01644,2.16,1.50
2012.07.26 14:25:03.313,1.01624,1.01648,2.16,2.72
2012.07.26 14:25:03.700,1.01623,1.01647,2.76,1.50
2012.07.26 14:25:04.002,1.01623,1.01645,2.16,1.50
2012.07.26 14:25:04.275,1.01627,1.01651,2.16,1.60
2012.07.26 14:25:04.813,1.01626,1.0165,2.16,1.50
2012.07.26 14:25:05.207,1.01626,1.0165,2.16,1.60
2012.07.26 14:25:05.321,1.01626,1.0165,2.16,1.60
2012.07.26 14:25:05.878,1.0163,1.01654,1.50,1.60
2012.07.26 14:25:05.938,1.0163,1.01654,2.16,1.60
2012.07.26 14:25:06.459,1.0163,1.01654,1.50,1.60
2012.07.26 14:25:07.130,1.0163,1.01652,1.50,3.10
2012.07.26 14:25:07.199,1.01628,1.0165,2.16,1.50
2012.07.26 14:25:07.739,1.01628,1.0165,2.16,1.50
2012.07.26 14:25:08.091,1.01628,1.01651,1.50,1.60
2012.07.26 14:25:08.598,1.01629,1.01651,1.50,1.60
2012.07.26 14:25:09.119,1.01628,1.01652,1.50,1.60
2012.07.26 14:25:09.578,1.01628,1.01652,2.25,3.10
2012.07.26 14:25:09.692,1.01628,1.0165,1.50,1.60
2012.07.26 14:25:09.752,1.0163,1.01651,1.50,1.60
2012.07.26 14:25:09.866,1.01626,1.0165,2.91,1.60
2012.07.26 14:25:09.983,1.01626,1.0165,2.91,1.50
2012.07.26 14:25:10.097,1.01628,1.0165,2.84,1.50
2012.07.26 14:25:10.322,1.01628,1.01652,2.16,1.88
2012.07.26 14:25:10.759,1.01628,1.01652,2.16,1.60
2012.07.26 14:25:11.164,1.01628,1.01649,1.04,1.50
2012.07.26 14:25:11.494,1.01628,1.01649,1.64,1.50
2012.07.26 14:25:11.663,1.0163,1.01651,2.16,1.50
2012.07.26 14:25:11.886,1.01629,1.01651,1.50,1.50
2012.07.26 14:25:12.054,1.01627,1.01645,2.84,1.50
2012.07.26 14:25:12.114,1.01622,1.01645,2.48,1.60
2012.07.26 14:25:12.740,1.01625,1.01647,1.50,1.60
2012.07.26 14:25:12.948,1.01623,1.01645,1.88,1.60
2012.07.26 14:25:14.160,1.01624,1.01648,1.50,2.87
2012.07.26 14:25:14.448,1.01622,1.01644,1.50,1.60
2012.07.26 14:25:15.570,1.01621,1.01645,2.16,1.60
2012.07.26 14:25:15.851,1.01621,1.01645,2.16,1.60
2012.07.26 14:25:17.034,1.01619,1.01642,1.04,1.50
2012.07.26 14:25:17.363,1.01619,1.0164,1.04,1.50
2012.07.26 14:25:17.753,1.0162,1.01642,2.16,1.50
2012.07.26 14:25:17.813,1.0162,1.01644,2.16,1.60
2012.07.26 14:25:18.251,1.01623,1.01645,1.50,1.60
2012.07.26 14:25:18.586,1.01624,1.01649,2.16,1.50
2012.07.26 14:25:18.808,1.01626,1.01648,1.50,1.60
2012.07.26 14:25:18.868,1.01624,1.01648,2.16,1.60
2012.07.26 14:25:19.061,1.0162,1.01644,2.16,1.50
2012.07.26 14:25:19.369,1.01624,1.01648,2.16,2.35
2012.07.26 14:25:19.671,1.01623,1.01645,2.16,1.50
2012.07.26 14:25:20.015,1.0162,1.01643,2.16,1.60
2012.07.26 14:25:20.347,1.0162,1.01643,2.16,1.50
2012.07.26 14:25:20.886,1.01624,1.01643,1.26,1.50
2012.07.26 14:25:21.112,1.01632,1.01654,1.50,2.35
2012.07.26 14:25:21.226,1.01632,1.01654,1.50,1.60
2012.07.26 14:25:21.395,1.0163,1.01651,2.16,1.50
2012.07.26 14:25:22.031,1.01629,1.01651,2.16,1.60
2012.07.26 14:25:22.308,1.01632,1.01654,2.16,1.60
2012.07.26 14:25:22.602,1.0163,1.01652,2.16,1.50
2012.07.26 14:25:22.715,1.01628,1.01652,2.16,1.60
2012.07.26 14:25:23.244,1.01628,1.01652,2.16,1.50
2012.07.26 14:25:23.911,1.01629,1.01652,2.54,1.50
2012.07.26 14:25:24.519,1.01631,1.01655,2.16,1.60
2012.07.26 14:25:24.848,1.01631,1.01655,2.16,1.50
2012.07.26 14:25:24.908,1.01632,1.01656,2.16,1.60
2012.07.26 14:25:25.023,1.01638,1.01657,2.18,1.50
2012.07.26 14:25:25.086,1.01638,1.0166,2.18,2.35
2012.07.26 14:25:25.505,1.01635,1.01657,3.66,1.50
2012.07.26 14:25:26.102,1.01637,1.01659,4.34,1.50
2012.07.26 14:25:26.682,1.01637,1.01661,2.16,1.60
2012.07.26 14:25:27.097,1.01637,1.01661,2.16,1.60
2012.07.26 14:25:27.213,1.01638,1.01661,1.04,1.60
2012.07.26 14:25:27.435,1.01643,1.01662,1.50,1.60
2012.07.26 14:25:27.549,1.01643,1.01662,2.16,1.50
2012.07.26 14:25:27.663,1.01645,1.01667,1.50,3.10
2012.07.26 14:25:27.942,1.01645,1.01669,2.16,1.60
2012.07.26 14:25:28.637,1.01643,1.01667,2.54,1.50
2012.07.26 14:25:28.860,1.01645,1.01669,2.16,1.60
2012.07.26 14:25:29.281,1.01645,1.01669,1.50,1.60
2012.07.26 14:25:29.396,1.01643,1.01667,1.50,1.60
2012.07.26 14:25:29.948,1.0164,1.01664,2.16,1.60
2012.07.26 14:25:30.320,1.01645,1.01667,1.50,1.60
2012.07.26 14:25:30.829,1.01644,1.01668,1.50,1.60
2012.07.26 14:25:31.629,1.01643,1.01666,1.50,1.60
2012.07.26 14:25:32.020,1.01645,1.01667,1.50,1.60
2012.07.26 14:25:32.280,1.01642,1.01664,3.66,1.60
2012.07.26 14:25:32.502,1.01642,1.01664,2.16,1.50
2012.07.26 14:25:32.562,1.01644,1.01666,2.16,1.50
2012.07.26 14:25:32.731,1.01642,1.01661,1.50,1.50
2012.07.26 14:25:32.846,1.01638,1.01661,3.21,1.50
2012.07.26 14:25:33.087,1.01638,1.01657,1.04,1.50
2012.07.26 14:25:33.201,1.01638,1.01659,1.04,1.50
2012.07.26 14:25:33.704,1.01639,1.01664,1.50,1.60
2012.07.26 14:25:33.922,1.01638,1.0166,2.54,1.50
2012.07.26 14:25:38.057,1.01636,1.01659,2.16,1.50
2012.07.26 14:25:38.838,1.01636,1.01659,2.16,1.50
2012.07.26 14:25:38.897,1.01636,1.01659,2.16,1.50
2012.07.26 14:25:39.570,1.01638,1.0166,2.16,1.50
2012.07.26 14:25:40.695,1.01636,1.01659,2.16,2.25
2012.07.26 14:25:40.754,1.01636,1.01659,1.50,2.35
2012.07.26 14:25:40.869,1.01637,1.01662,2.16,2.25
2012.07.26 14:25:41.058,1.01638,1.0166,2.16,1.50
2012.07.26 14:25:41.120,1.01638,1.0166,2.16,1.50
2012.07.26 14:25:41.915,1.01639,1.01663,1.50,3.10
2012.07.26 14:25:43.302,1.01642,1.01664,1.50,1.60
2012.07.26 14:25:43.416,1.01642,1.01664,1.50,1.60
2012.07.26 14:25:43.836,1.0164,1.01664,1.50,1.60
2012.07.26 14:25:44.116,1.01637,1.01659,3.68,1.60
2012.07.26 14:25:47.038,1.01637,1.01659,1.50,1.60
2012.07.26 14:25:47.625,1.01637,1.01659,1.50,1.60
2012.07.26 14:25:47.959,1.01639,1.01663,1.50,2.35
2012.07.26 14:25:48.072,1.01639,1.01663,1.50,1.60
2012.07.26 14:25:48.513,1.01641,1.01665,1.50,2.35
2012.07.26 14:25:48.629,1.01645,1.01665,1.50,1.50
2012.07.26 14:25:48.960,1.01643,1.01666,1.50,1.50
2012.07.26 14:25:49.187,1.01642,1.01667,2.16,1.50
2012.07.26 14:25:49.301,1.01647,1.01669,3.68,1.50
2012.07.26 14:25:49.827,1.01644,1.01669,2.16,1.50
2012.07.26 14:25:49.889,1.01644,1.01666,2.16,1.50
2012.07.26 14:25:50.579,1.01643,1.01667,2.16,1.50
2012.07.26 14:25:50.900,1.01647,1.01667,1.50,1.50
2012.07.26 14:25:50.960,1.01648,1.01673,1.50,1.60
2012.07.26 14:25:51.074,1.01651,1.01673,1.50,1.60
2012.07.26 14:25:51.331,1.01651,1.01673,1.50,1.50
2012.07.26 14:25:51.902,1.01652,1.01676,1.50,1.60
2012.07.26 14:25:53.106,1.01652,1.01675,1.50,1.60
2012.07.26 14:25:53.167,1.01649,1.01674,1.50,1.60
2012.07.26 14:25:53.280,1.01647,1.01672,1.50,1.60
2012.07.26 14:25:53.816,1.01648,1.01671,1.50,1.60
2012.07.26 14:25:54.329,1.01648,1.01671,1.50,1.60
2012.07.26 14:25:54.389,1.01646,1.01668,1.50,1.60
2012.07.26 14:25:54.666,1.01643,1.01666,1.50,1.60
2012.07.26 14:25:55.906,1.01642,1.01666,1.50,1.60
2012.07.26 14:25:56.141,1.01645,1.01667,1.50,1.60
2012.07.26 14:25:56.535,1.01643,1.01665,1.50,1.50
2012.07.26 14:25:58.661,1.01641,1.01663,2.16,1.50
2012.07.26 14:25:58.883,1.01639,1.01663,1.50,1.50
2012.07.26 14:25:58.943,1.01639,1.01663,2.25,1.50
2012.07.26 14:25:59.166,1.01639,1.01663,1.88,1.50
2012.07.26 14:25:59.604,1.01641,1.01665,1.50,1.60
2012.07.26 14:26:01.785,1.01643,1.01665,1.50,1.60
2012.07.26 14:26:02.062,1.01645,1.01667,1.50,1.50
2012.07.26 14:26:02.122,1.01647,1.01671,1.50,1.97
2012.07.26 14:26:02.182,1.01648,1.01671,1.50,1.60
2012.07.26 14:26:02.246,1.01651,1.01673,1.50,1.97
2012.07.26 14:26:03.086,1.01648,1.01671,1.88,1.60
2012.07.26 14:26:03.531,1.0165,1.01672,1.50,1.60
2012.07.26 14:26:06.119,1.01646,1.0167,1.88,1.50
2012.07.26 14:26:08.197,1.01649,1.01672,1.50,1.60
2012.07.26 14:26:08.257,1.01649,1.01672,1.88,1.60
2012.07.26 14:26:08.479,1.01653,1.01677,1.50,1.60
2012.07.26 14:26:08.647,1.01651,1.01675,1.50,1.50
2012.07.26 14:26:08.945,1.01649,1.01671,3.66,1.50
2012.07.26 14:26:09.752,1.01648,1.01669,2.84,1.50
2012.07.26 14:26:10.324,1.01649,1.01671,2.16,1.50
2012.07.26 14:26:10.838,1.01646,1.0167,2.54,1.50
2012.07.26 14:26:11.869,1.01646,1.0167,2.54,1.50
2012.07.26 14:26:13.141,1.01646,1.0167,2.54,1.50
2012.07.26 14:26:13.310,1.01646,1.0167,2.16,1.50
2012.07.26 14:26:13.425,1.01649,1.01671,1.50,1.60
2012.07.26 14:26:13.740,1.01647,1.01665,1.50,1.50
2012.07.26 14:26:13.860,1.01643,1.01665,2.54,1.50
2012.07.26 14:26:14.041,1.01643,1.01663,1.04,1.50
2012.07.26 14:26:14.209,1.01639,1.01665,1.04,1.50
2012.07.26 14:26:14.268,1.01639,1.01667,2.54,1.60
2012.07.26 14:26:15.009,1.01639,1.01668,2.16,1.60
2012.07.26 14:26:16.608,1.01639,1.01668,2.16,1.60
2012.07.26 14:26:17.685,1.01639,1.01668,2.16,1.60
2012.07.26 14:26:18.190,1.01639,1.01668,2.16,1.60
2012.07.26 14:26:18.723,1.01638,1.01673,1.04,3.77
2012.07.26 14:26:19.330,1.01638,1.01673,1.04,3.77
2012.07.26 14:26:20.016,1.01638,1.01673,1.04,3.77
2012.07.26 14:26:20.794,1.01638,1.01673,1.04,3.77
2012.07.26 14:26:21.191,1.01638,1.01668,1.04,1.60
2012.07.26 14:26:21.767,1.01638,1.01672,4.34,2.65
2012.07.26 14:26:22.288,1.01638,1.01672,2.84,2.65
2012.07.26 14:26:23.753,1.01639,1.01666,2.54,1.50
2012.07.26 14:26:23.814,1.01639,1.01666,1.88,1.60
2012.07.26 14:26:23.956,1.01639,1.01666,2.54,1.60
2012.07.26 14:26:24.310,1.01644,1.01665,1.04,1.50
2012.07.26 14:26:24.370,1.01644,1.01668,2.54,1.50
2012.07.26 14:26:24.511,1.01644,1.01666,1.04,1.50
2012.07.26 14:26:24.951,1.01646,1.01669,2.16,1.50
2012.07.26 14:26:25.080,1.01645,1.01667,2.16,1.50
2012.07.26 14:26:25.576,1.01642,1.01666,2.16,1.50
2012.07.26 14:26:26.159,1.01643,1.01665,2.16,1.50
2012.07.26 14:26:26.328,1.01641,1.01663,2.16,1.50
2012.07.26 14:26:27.114,1.01641,1.01663,2.16,1.50
2012.07.26 14:26:27.174,1.01639,1.0166,1.04,1.50
2012.07.26 14:26:27.233,1.01638,1.0166,3.38,1.60
2012.07.26 14:26:27.591,1.01636,1.0166,2.16,1.60
2012.07.26 14:26:27.651,1.01639,1.01661,1.50,1.60
2012.07.26 14:26:28.530,1.01639,1.01661,2.54,1.50
2012.07.26 14:26:28.776,1.01641,1.01663,1.50,1.50
2012.07.26 14:26:29.976,1.01641,1.01663,1.88,1.50
2012.07.26 14:26:30.310,1.01649,1.01672,1.50,1.97
2012.07.26 14:26:30.425,1.01647,1.01664,1.50,1.50
2012.07.26 14:26:30.485,1.01644,1.01664,2.54,1.50
2012.07.26 14:26:30.746,1.01644,1.01668,2.54,1.60
2012.07.26 14:26:30.990,1.01646,1.0167,2.16,1.60
2012.07.26 14:26:32.124,1.01644,1.01666,2.54,1.50
2012.07.26 14:26:32.184,1.01644,1.01666,1.88,1.60
2012.07.26 14:26:32.658,1.01639,1.01661,4.04,1.50
2012.07.26 14:26:33.009,1.01639,1.01661,4.04,1.50
2012.07.26 14:26:33.226,1.01641,1.01663,2.16,1.50
2012.07.26 14:26:33.340,1.01643,1.01665,2.16,1.50
2012.07.26 14:26:33.510,1.01643,1.01665,1.50,3.10
2012.07.26 14:26:33.570,1.01641,1.01663,2.16,1.50
2012.07.26 14:26:34.482,1.01639,1.01662,1.04,1.50
2012.07.26 14:26:36.015,1.01638,1.01662,6.21,1.60
2012.07.26 14:26:38.941,1.0164,1.01664,1.50,1.60
2012.07.26 14:26:39.262,1.01638,1.01659,2.54,1.50
2012.07.26 14:26:39.761,1.01639,1.01661,1.50,1.60
2012.07.26 14:26:40.282,1.01638,1.0166,2.16,1.50
2012.07.26 14:26:44.518,1.01638,1.0166,2.16,1.50
2012.07.26 14:26:44.850,1.01637,1.01658,2.84,1.50
2012.07.26 14:26:44.940,1.01638,1.0166,2.16,1.50
2012.07.26 14:26:45.519,1.01638,1.0166,2.16,1.50
2012.07.26 14:26:45.580,1.0164,1.01663,1.50,1.50
2012.07.26 14:26:45.856,1.01643,1.01665,1.50,1.50
2012.07.26 14:26:45.916,1.0164,1.01664,2.25,1.50
2012.07.26 14:26:46.239,1.01639,1.01661,1.50,1.50
2012.07.26 14:26:46.575,1.01638,1.01659,1.79,1.50
2012.07.26 14:26:46.723,1.01638,1.01662,3.29,3.00
2012.07.26 14:26:46.783,1.01638,1.01662,2.54,1.50
2012.07.26 14:26:47.092,1.01638,1.01662,2.16,2.10
2012.07.26 14:26:47.431,1.01638,1.01662,4.34,2.10
2012.07.26 14:26:47.499,1.01639,1.01662,2.16,1.60
2012.07.26 14:26:47.720,1.01641,1.01664,1.50,1.60
2012.07.26 14:26:47.833,1.01641,1.01664,1.50,1.60
2012.07.26 14:26:47.946,1.01639,1.01662,1.50,1.60
2012.07.26 14:26:48.060,1.01637,1.01659,3.66,1.50
2012.07.26 14:26:48.175,1.0164,1.01663,1.50,1.60
2012.07.26 14:26:48.235,1.01638,1.01661,3.66,1.50
2012.07.26 14:26:48.727,1.01638,1.01662,2.18,1.60
2012.07.26 14:26:49.022,1.01637,1.01662,2.91,1.60
2012.07.26 14:26:49.137,1.01639,1.01662,1.41,1.60
2012.07.26 14:26:49.198,1.01638,1.01662,2.84,1.60
2012.07.26 14:26:49.368,1.01638,1.0166,2.16,1.50
2012.07.26 14:26:49.920,1.01638,1.01662,4.34,1.50
2012.07.26 14:26:50.143,1.01638,1.01659,2.84,1.50
2012.07.26 14:26:50.527,1.01634,1.01656,2.16,1.50
2012.07.26 14:26:50.587,1.01635,1.01658,2.16,1.50
2012.07.26 14:26:51.100,1.01636,1.01659,2.16,1.60
2012.07.26 14:26:51.572,1.01638,1.0166,2.16,1.50
2012.07.26 14:26:51.827,1.01638,1.0166,3.66,1.50
2012.07.26 14:26:51.888,1.0164,1.0166,1.50,1.50
2012.07.26 14:26:52.178,1.01644,1.01668,1.50,1.97
2012.07.26 14:26:52.564,1.01644,1.01668,1.50,1.60
2012.07.26 14:26:52.767,1.01642,1.01663,1.50,1.60
2012.07.26 14:26:52.846,1.01639,1.01663,1.04,1.60
2012.07.26 14:26:53.138,1.01638,1.01663,4.05,1.60
2012.07.26 14:26:53.642,1.01634,1.01658,2.16,1.50
2012.07.26 14:26:53.976,1.01641,1.01663,1.50,1.60
2012.07.26 14:26:54.632,1.01641,1.01663,1.50,2.57
2012.07.26 14:26:54.747,1.01641,1.01663,2.16,2.57
2012.07.26 14:26:55.147,1.01641,1.01663,1.50,1.97
2012.07.26 14:26:55.780,1.01637,1.01661,2.16,1.97
2012.07.26 14:26:56.041,1.01637,1.01657,2.16,1.50
2012.07.26 14:26:56.732,1.01633,1.01657,2.16,1.50
2012.07.26 14:26:57.027,1.01633,1.01656,2.16,1.50
2012.07.26 14:26:57.196,1.01632,1.01653,1.41,1.50
2012.07.26 14:26:57.365,1.01633,1.01655,2.16,1.50
2012.07.26 14:26:58.539,1.01635,1.01655,2.16,1.50
2012.07.26 14:26:58.599,1.01633,1.01655,1.50,1.50
2012.07.26 14:26:58.658,1.01638,1.01661,1.50,3.10
2012.07.26 14:26:58.806,1.01636,1.01659,1.50,1.60
2012.07.26 14:26:58.922,1.01638,1.01661,1.50,1.60
2012.07.26 14:26:59.415,1.0164,1.01662,1.50,1.60
2012.07.26 14:26:59.635,1.01638,1.01663,1.50,1.60
2012.07.26 14:27:00.163,1.01638,1.01663,2.25,1.60
2012.07.26 14:27:00.676,1.01643,1.01665,2.25,3.10
2012.07.26 14:27:01.235,1.01641,1.01664,2.25,1.50
2012.07.26 14:27:01.295,1.0164,1.01664,2.25,1.50
2012.07.26 14:27:01.463,1.01641,1.01664,1.41,1.50
2012.07.26 14:27:01.577,1.01646,1.0167,2.16,1.60
2012.07.26 14:27:01.912,1.01644,1.01667,3.66,1.50
2012.07.26 14:27:01.972,1.01644,1.01668,3.00,1.60
2012.07.26 14:27:02.478,1.01647,1.01672,2.25,3.10
2012.07.26 14:27:02.537,1.01647,1.01672,2.91,1.60
2012.07.26 14:27:03.710,1.0165,1.01672,2.25,1.60
2012.07.26 14:27:04.221,1.01648,1.01669,2.93,3.00
2012.07.26 14:27:04.282,1.01648,1.01669,2.18,3.00
2012.07.26 14:27:05.026,1.01648,1.01671,2.18,1.60
2012.07.26 14:27:05.250,1.01648,1.01668,2.18,1.60
2012.07.26 14:27:05.310,1.01643,1.01665,4.04,1.60
2012.07.26 14:27:06.969,1.01645,1.01667,1.50,1.60
2012.07.26 14:27:07.030,1.01646,1.01667,1.41,1.88
2012.07.26 14:27:07.531,1.01648,1.01668,2.18,1.50
2012.07.26 14:27:07.878,1.01648,1.0167,3.68,1.50
2012.07.26 14:27:08.687,1.01648,1.01667,2.18,1.50
2012.07.26 14:27:08.747,1.01644,1.01665,1.04,1.50
2012.07.26 14:27:09.083,1.01644,1.01667,1.04,1.50
2012.07.26 14:27:09.608,1.01648,1.0167,1.50,1.60
2012.07.26 14:27:09.847,1.01645,1.01669,1.50,1.60
2012.07.26 14:27:10.573,1.01645,1.01669,1.50,1.60
2012.07.26 14:27:10.796,1.0164,1.01664,2.25,1.50
2012.07.26 14:27:11.113,1.0164,1.01664,1.50,1.50
2012.07.26 14:27:11.172,1.01642,1.01664,1.50,1.50
2012.07.26 14:27:11.592,1.01644,1.01666,1.50,3.47
2012.07.26 14:27:12.363,1.01642,1.01664,3.75,1.50
2012.07.26 14:27:12.423,1.01644,1.01666,1.50,1.60
2012.07.26 14:27:12.759,1.01644,1.01666,1.50,1.60
2012.07.26 14:27:12.819,1.01644,1.01666,1.50,1.60
2012.07.26 14:27:13.233,1.01646,1.01668,1.50,3.10
2012.07.26 14:27:13.754,1.01645,1.01669,1.50,1.60
2012.07.26 14:27:14.034,1.01643,1.01667,1.50,1.60
2012.07.26 14:27:14.331,1.01644,1.01668,1.50,1.97
2012.07.26 14:27:14.826,1.01643,1.01665,1.50,1.60
2012.07.26 14:27:15.368,1.01644,1.01666,1.50,2.57
2012.07.26 14:27:15.429,1.01644,1.01666,1.50,2.57
2012.07.26 14:27:15.693,1.01644,1.01666,2.16,1.50
2012.07.26 14:27:15.753,1.01646,1.01668,1.50,1.60
2012.07.26 14:27:16.273,1.01647,1.01669,1.50,1.60
2012.07.26 14:27:16.854,1.01647,1.01669,1.50,1.60
2012.07.26 14:27:17.076,1.01645,1.01667,1.50,1.60
2012.07.26 14:27:17.492,1.01639,1.01661,2.16,1.60
2012.07.26 14:27:17.659,1.01639,1.01661,1.50,1.60
2012.07.26 14:27:17.970,1.01644,1.01663,1.50,1.60
2012.07.26 14:27:18.575,1.01642,1.01665,1.50,1.60
2012.07.26 14:27:18.635,1.01642,1.01665,2.25,1.50
2012.07.26 14:27:18.751,1.01643,1.01667,1.50,1.50
2012.07.26 14:27:19.055,1.01643,1.01667,2.25,1.50
2012.07.26 14:27:19.596,1.01645,1.01669,2.25,1.60
2012.07.26 14:27:21.132,1.01645,1.01669,1.50,1.60
2012.07.26 14:27:21.191,1.01645,1.01669,1.50,1.60
2012.07.26 14:27:21.586,1.01646,1.01668,1.50,3.47
2012.07.26 14:27:22.028,1.01646,1.01668,1.50,1.97
2012.07.26 14:27:22.407,1.01648,1.0167,1.50,1.97
2012.07.26 14:27:22.504,1.01648,1.0167,1.50,1.97
2012.07.26 14:27:22.619,1.01646,1.01668,1.50,1.97
2012.07.26 14:27:23.005,1.01641,1.01665,2.16,1.60
2012.07.26 14:27:23.120,1.01645,1.01667,1.50,1.60
2012.07.26 14:27:23.234,1.01642,1.01664,3.00,1.60
2012.07.26 14:27:23.799,1.0164,1.01663,1.41,1.60
2012.07.26 14:27:24.752,1.01639,1.01663,2.16,1.60
2012.07.26 14:27:25.103,1.01642,1.01664,1.50,1.60
2012.07.26 14:27:25.630,1.01642,1.01664,1.50,1.60
2012.07.26 14:27:25.975,1.01644,1.01668,1.50,1.97
2012.07.26 14:27:26.200,1.01641,1.01665,2.16,1.60
2012.07.26 14:27:26.447,1.01644,1.01666,1.50,1.60
2012.07.26 14:27:26.743,1.01644,1.01666,2.16,1.60
2012.07.26 14:27:27.302,1.01646,1.0167,1.50,1.60
2012.07.26 14:27:27.935,1.01644,1.01668,2.16,1.60
2012.07.26 14:27:28.456,1.01646,1.0167,2.25,1.60
2012.07.26 14:27:28.516,1.01646,1.0167,2.91,1.50
2012.07.26 14:27:28.869,1.01646,1.0167,2.25,1.60
2012.07.26 14:27:29.237,1.01649,1.01671,1.50,1.60
2012.07.26 14:27:29.299,1.01646,1.01668,1.50,1.60
2012.07.26 14:27:29.517,1.01646,1.01668,1.50,3.10
2012.07.26 14:27:29.576,1.01642,1.01666,1.50,1.60
2012.07.26 14:27:29.824,1.01642,1.01666,1.50,1.60
2012.07.26 14:27:30.646,1.01642,1.01666,2.63,1.60
2012.07.26 14:27:30.760,1.01645,1.01669,1.50,1.60
2012.07.26 14:27:30.820,1.01648,1.0167,1.50,1.60
2012.07.26 14:27:31.322,1.01648,1.0167,1.50,1.60
2012.07.26 14:27:31.472,1.01644,1.01668,1.50,1.60
2012.07.26 14:27:32.022,1.01643,1.01665,1.88,1.60
2012.07.26 14:27:32.244,1.01641,1.01662,2.25,1.60
2012.07.26 14:27:32.303,1.01637,1.01662,3.29,1.60
2012.07.26 14:27:32.469,1.01637,1.01662,3.29,1.60
2012.07.26 14:27:32.528,1.0164,1.01662,1.50,1.60
2012.07.26 14:27:32.846,1.01643,1.01667,1.50,1.60
2012.07.26 14:27:33.166,1.01642,1.01666,1.50,1.50
2012.07.26 14:27:33.242,1.01642,1.01666,2.25,1.50
2012.07.26 14:27:33.778,1.01645,1.0167,2.25,1.60
2012.07.26 14:27:35.811,1.01643,1.01668,1.50,1.60
2012.07.26 14:27:36.057,1.01641,1.01664,1.50,1.60
2012.07.26 14:27:36.645,1.01643,1.01665,1.50,1.60
2012.07.26 14:27:36.768,1.01641,1.01664,1.50,1.60
2012.07.26 14:27:37.265,1.01643,1.01666,1.50,1.60
2012.07.26 14:27:38.640,1.01643,1.01666,2.25,1.60
2012.07.26 14:27:38.852,1.01643,1.01666,2.91,1.60
2012.07.26 14:27:38.965,1.01643,1.01666,3.66,1.60
2012.07.26 14:27:39.105,1.01645,1.01668,1.50,1.60
2012.07.26 14:27:39.258,1.01643,1.01666,2.16,1.60
2012.07.26 14:27:41.953,1.01645,1.01668,1.50,3.10
2012.07.26 14:27:42.066,1.01643,1.01666,3.66,1.60
2012.07.26 14:27:42.451,1.01643,1.01666,2.91,1.60
2012.07.26 14:27:42.674,1.01643,1.01666,3.66,1.60
2012.07.26 14:27:44.671,1.01643,1.01666,2.16,1.50
2012.07.26 14:27:46.442,1.01645,1.01668,2.16,3.10
2012.07.26 14:27:48.277,1.01643,1.01666,2.16,1.50
2012.07.26 14:27:48.547,1.01643,1.01666,2.16,1.60
2012.07.26 14:27:48.769,1.01641,1.01665,2.16,1.60
2012.07.26 14:27:49.458,1.01638,1.01659,2.84,1.50
2012.07.26 14:27:49.573,1.01637,1.01659,2.16,1.60
2012.07.26 14:27:50.122,1.01633,1.01657,2.16,1.50
2012.07.26 14:27:51.028,1.01636,1.01658,2.16,1.60
2012.07.26 14:27:51.304,1.01639,1.01661,1.50,1.60
2012.07.26 14:27:51.418,1.01637,1.01659,2.91,1.60
2012.07.26 14:27:52.636,1.01637,1.01659,2.16,1.60
2012.07.26 14:27:53.482,1.01637,1.01659,2.91,1.60
2012.07.26 14:27:54.681,1.01637,1.01659,2.91,1.50
2012.07.26 14:27:55.266,1.01639,1.01661,1.50,1.97
2012.07.26 14:27:55.802,1.0164,1.01662,1.50,1.60
2012.07.26 14:27:56.259,1.01641,1.01661,1.50,1.60
2012.07.26 14:27:56.399,1.01641,1.01661,1.50,1.60
2012.07.26 14:27:56.749,1.01639,1.01661,2.16,1.60
2012.07.26 14:27:56.809,1.01639,1.01661,1.50,1.60
2012.07.26 14:27:57.210,1.01642,1.01662,1.41,1.88
2012.07.26 14:27:57.273,1.01645,1.01665,2.16,1.60
2012.07.26 14:27:57.389,1.01645,1.01665,1.50,1.60
2012.07.26 14:27:57.557,1.01643,1.01666,1.50,1.60
2012.07.26 14:27:58.172,1.01641,1.01664,2.16,1.60
2012.07.26 14:27:58.613,1.01644,1.01665,1.50,1.60
2012.07.26 14:28:01.854,1.01644,1.01665,2.16,1.50
2012.07.26 14:28:02.397,1.01646,1.01669,2.16,1.60
2012.07.26 14:28:02.457,1.01642,1.01665,1.50,1.60
2012.07.26 14:28:02.732,1.01638,1.01661,2.16,1.60
2012.07.26 14:28:03.014,1.01641,1.01662,1.50,3.10
2012.07.26 14:28:03.660,1.01641,1.01662,2.25,1.60
2012.07.26 14:28:03.996,1.01645,1.01666,1.50,3.47
2012.07.26 14:28:04.073,1.01645,1.01666,1.50,3.47
2012.07.26 14:28:04.660,1.01643,1.01664,1.50,1.60
2012.07.26 14:28:04.894,1.01644,1.01667,2.25,1.60
2012.07.26 14:28:05.008,1.01644,1.01667,2.91,1.60
2012.07.26 14:28:05.285,1.01649,1.01671,1.50,1.60
2012.07.26 14:28:06.398,1.01649,1.01671,1.50,2.20
2012.07.26 14:28:06.513,1.01649,1.01671,1.50,2.20
2012.07.26 14:28:06.574,1.01649,1.01662,1.50,2.18
2012.07.26 14:28:06.690,1.01649,1.01671,1.50,2.57
2012.07.26 14:28:06.750,1.01649,1.01671,1.50,2.57
2012.07.26 14:28:06.974,1.01647,1.01666,1.50,1.60
2012.07.26 14:28:07.034,1.01642,1.01664,1.50,1.60
2012.07.26 14:28:07.122,1.01644,1.01664,1.50,1.60
2012.07.26 14:28:07.562,1.01642,1.01664,1.50,1.60
2012.07.26 14:28:07.879,1.01642,1.01664,3.00,1.60
2012.07.26 14:28:08.104,1.01639,1.01661,1.50,1.60
2012.07.26 14:28:09.393,1.01641,1.01663,1.50,1.60
2012.07.26 14:28:10.733,1.01639,1.01661,3.00,1.60
2012.07.26 14:28:11.183,1.01636,1.01655,2.91,1.50
2012.07.26 14:28:11.460,1.01635,1.01655,2.16,1.50
2012.07.26 14:28:11.816,1.01647,1.01655,2.18,1.50
2012.07.26 14:28:11.932,1.01641,1.01655,1.50,1.50
2012.07.26 14:28:11.993,1.01641,1.01662,3.00,1.60
2012.07.26 14:28:12.054,1.01641,1.01662,3.00,1.60
2012.07.26 14:28:12.675,1.01642,1.01662,1.50,1.50
2012.07.26 14:28:12.735,1.01644,1.01666,1.50,1.60
2012.07.26 14:28:13.807,1.01642,1.01662,1.50,1.50
2012.07.26 14:28:15.148,1.01641,1.0166,1.41,1.50
2012.07.26 14:28:15.479,1.01642,1.01662,1.50,1.50
2012.07.26 14:28:16.011,1.01638,1.0166,2.16,1.50
2012.07.26 14:28:16.824,1.0164,1.0166,2.16,1.60
2012.07.26 14:28:17.755,1.01637,1.01658,4.34,1.50
2012.07.26 14:28:18.198,1.01638,1.0166,2.16,3.10
2012.07.26 14:28:18.721,1.01641,1.01664,1.50,3.10
2012.07.26 14:28:19.015,1.01639,1.01662,2.16,1.60
2012.07.26 14:28:19.238,1.01636,1.01656,1.41,1.50
2012.07.26 14:28:19.737,1.01636,1.01658,2.91,1.50
2012.07.26 14:28:20.253,1.01639,1.01659,1.50,1.60
2012.07.26 14:28:21.186,1.01641,1.01661,1.50,1.60
2012.07.26 14:28:22.381,1.01634,1.01656,2.16,1.60
2012.07.26 14:28:22.685,1.01634,1.01656,2.16,1.50
2012.07.26 14:28:22.961,1.01636,1.01656,1.41,1.60
2012.07.26 14:28:23.400,1.01634,1.01656,2.16,1.60
2012.07.26 14:28:23.679,1.01637,1.01658,2.16,1.60
2012.07.26 14:28:23.901,1.01637,1.01658,1.50,1.60
2012.07.26 14:28:24.234,1.01636,1.01658,1.50,1.60
2012.07.26 14:28:24.478,1.01638,1.0166,1.50,1.60
2012.07.26 14:28:24.809,1.01636,1.01658,1.50,2.20
2012.07.26 14:28:25.884,1.01634,1.01656,3.00,1.60
2012.07.26 14:28:25.997,1.01634,1.01656,1.50,1.60
2012.07.26 14:28:26.304,1.01632,1.01653,2.16,1.50
2012.07.26 14:28:26.613,1.01631,1.01653,2.91,1.50
2012.07.26 14:28:26.676,1.01633,1.01655,2.16,1.50
2012.07.26 14:28:27.214,1.01633,1.01655,2.16,1.50
2012.07.26 14:28:28.379,1.01636,1.01656,1.50,1.60
2012.07.26 14:28:28.914,1.01633,1.01655,2.16,1.50
2012.07.26 14:28:29.194,1.01636,1.01658,2.16,1.60
2012.07.26 14:28:29.420,1.01639,1.01659,1.50,3.10
2012.07.26 14:28:29.774,1.01641,1.01661,1.50,1.60
2012.07.26 14:28:29.834,1.01639,1.0166,1.50,1.60
2012.07.26 14:28:30.002,1.01636,1.01658,3.75,1.60
2012.07.26 14:28:30.594,1.01637,1.01655,2.25,1.60
2012.07.26 14:28:30.798,1.01639,1.01659,1.50,1.60
2012.07.26 14:28:31.303,1.01637,1.01657,3.00,1.60
2012.07.26 14:28:31.526,1.01637,1.01657,1.50,1.60
2012.07.26 14:28:31.694,1.01634,1.01656,1.50,1.60
2012.07.26 14:28:31.884,1.01634,1.01656,1.50,1.60
2012.07.26 14:28:35.318,1.01633,1.01654,1.50,1.60
2012.07.26 14:28:36.254,1.01635,1.01655,1.50,1.60
2012.07.26 14:28:36.528,1.01632,1.01655,2.25,1.60
2012.07.26 14:28:36.736,1.01632,1.01655,2.25,1.60
2012.07.26 14:28:37.287,1.01631,1.01651,2.25,1.60
2012.07.26 14:28:37.618,1.01641,1.01654,2.16,1.50
2012.07.26 14:28:37.734,1.01646,1.01666,1.50,1.60
2012.07.26 14:28:37.795,1.01647,1.01668,1.50,1.60
2012.07.26 14:28:37.912,1.01645,1.01666,1.50,1.60
2012.07.26 14:28:38.243,1.01645,1.01666,1.50,1.60
2012.07.26 14:28:38.360,1.0164,1.01662,2.16,1.60
2012.07.26 14:28:38.794,1.01641,1.01664,2.25,1.60
2012.07.26 14:28:40.116,1.01645,1.01665,1.50,1.60
2012.07.26 14:28:40.417,1.01645,1.01665,3.66,1.50
2012.07.26 14:28:40.532,1.01648,1.01668,1.50,1.60
2012.07.26 14:28:41.081,1.01645,1.01667,4.41,1.50
2012.07.26 14:28:41.140,1.01645,1.01667,3.66,1.50
2012.07.26 14:28:41.418,1.01649,1.01669,1.50,1.50
2012.07.26 14:28:41.737,1.01649,1.01669,1.50,2.20
2012.07.26 14:28:42.191,1.01644,1.01666,1.50,1.60
2012.07.26 14:28:42.730,1.01644,1.01664,1.50,1.60
2012.07.26 14:28:42.845,1.01644,1.01664,1.50,1.60
2012.07.26 14:28:43.071,1.01642,1.01665,1.50,1.60
2012.07.26 14:28:43.435,1.01642,1.01665,1.50,2.20
2012.07.26 14:28:43.496,1.01637,1.01658,1.13,1.50
2012.07.26 14:28:43.611,1.01639,1.01662,1.50,1.60
2012.07.26 14:28:43.835,1.01637,1.0166,2.25,1.50
2012.07.26 14:28:43.949,1.0164,1.01661,1.50,1.60
2012.07.26 14:28:44.279,1.01635,1.01656,2.16,1.50
2012.07.26 14:28:44.447,1.0164,1.0166,1.50,1.50
2012.07.26 14:28:44.789,1.01641,1.01662,1.50,1.50
2012.07.26 14:28:44.902,1.01641,1.0166,1.41,1.50
2012.07.26 14:28:45.125,1.0164,1.0166,1.50,1.50
2012.07.26 14:28:45.349,1.01643,1.01666,1.50,1.50
2012.07.26 14:28:47.083,1.01644,1.01665,1.50,1.50
2012.07.26 14:28:47.416,1.01644,1.01665,2.16,1.50
2012.07.26 14:28:47.663,1.01644,1.01665,3.38,1.50
2012.07.26 14:28:47.729,1.01646,1.01668,1.50,1.50
2012.07.26 14:28:47.844,1.01644,1.01665,1.88,1.50
2012.07.26 14:28:48.198,1.01645,1.01667,1.50,1.50
2012.07.26 14:28:48.366,1.01642,1.01664,2.54,1.50
2012.07.26 14:28:48.934,1.01642,1.01664,1.88,1.60
2012.07.26 14:28:49.254,1.01642,1.01664,1.50,1.60
2012.07.26 14:28:49.984,1.01642,1.01664,1.50,1.60
2012.07.26 14:28:50.063,1.0164,1.01662,3.00,1.50
2012.07.26 14:28:50.814,1.0164,1.0166,1.50,1.50
2012.07.26 14:28:51.166,1.01638,1.01658,1.50,1.50
2012.07.26 14:28:51.492,1.01634,1.01654,1.50,3.00
2012.07.26 14:28:51.923,1.01635,1.01657,1.50,3.10
2012.07.26 14:28:52.037,1.01634,1.01655,1.50,1.50
2012.07.26 14:28:52.152,1.01635,1.01657,1.50,3.10
2012.07.26 14:28:52.726,1.01641,1.01661,1.50,1.97
2012.07.26 14:28:53.059,1.01638,1.01658,1.50,1.50
2012.07.26 14:28:53.126,1.0164,1.01658,1.50,1.50
2012.07.26 14:28:53.186,1.01641,1.01663,1.50,1.60
2012.07.26 14:28:54.129,1.01645,1.01664,1.50,1.60
2012.07.26 14:28:54.242,1.01645,1.01664,1.50,1.50
2012.07.26 14:28:54.778,1.01644,1.01663,1.50,1.50
2012.07.26 14:28:55.021,1.0164,1.0166,3.66,1.50
2012.07.26 14:28:56.297,1.01637,1.01657,2.16,1.50
2012.07.26 14:28:56.412,1.01637,1.01657,2.16,1.50
2012.07.26 14:28:57.029,1.01639,1.01659,1.50,1.50
2012.07.26 14:28:57.613,1.01638,1.0166,2.16,1.50
2012.07.26 14:28:57.914,1.01642,1.01662,1.50,1.88
2012.07.26 14:28:58.491,1.01642,1.01661,1.50,1.97
2012.07.26 14:28:58.557,1.01635,1.01658,2.16,1.50
2012.07.26 14:28:58.729,1.01638,1.01658,2.84,1.50
2012.07.26 14:28:59.060,1.01642,1.0166,1.50,1.50
2012.07.26 14:28:59.284,1.01641,1.01663,1.50,4.37
2012.07.26 14:28:59.453,1.01639,1.01659,1.50,1.60
2012.07.26 14:28:59.749,1.01639,1.01659,1.50,1.60
2012.07.26 14:28:59.810,1.01636,1.01657,1.50,3.10
2012.07.26 14:28:59.923,1.01633,1.01656,1.50,1.60
2012.07.26 14:29:00.037,1.01636,1.01656,1.50,1.60
2012.07.26 14:29:00.382,1.0164,1.01661,1.50,1.60
2012.07.26 14:29:00.712,1.01642,1.01663,1.50,3.10
2012.07.26 14:29:00.771,1.01638,1.01661,1.50,1.60
2012.07.26 14:29:01.934,1.01638,1.01659,2.16,1.50
2012.07.26 14:29:02.102,1.01641,1.01662,1.50,1.97
2012.07.26 14:29:02.161,1.01641,1.01662,1.50,1.88
2012.07.26 14:29:03.166,1.01638,1.01661,5.84,1.50
2012.07.26 14:29:03.625,1.01641,1.01662,1.50,3.38
2012.07.26 14:29:04.188,1.01638,1.01661,3.68,1.60
2012.07.26 14:29:04.492,1.0164,1.01663,1.50,3.10
2012.07.26 14:29:04.821,1.0164,1.01663,2.16,1.60
2012.07.26 14:29:04.934,1.0164,1.01663,2.16,1.50
2012.07.26 14:29:05.264,1.0164,1.01663,2.16,1.50
2012.07.26 14:29:05.487,1.01644,1.01666,2.16,1.60
2012.07.26 14:29:05.674,1.01644,1.01664,2.16,1.50
2012.07.26 14:29:06.014,1.01642,1.01662,3.66,1.50
2012.07.26 14:29:06.074,1.01642,1.01662,1.50,1.50
2012.07.26 14:29:06.243,1.01643,1.01665,1.50,1.60
2012.07.26 14:29:06.765,1.01643,1.01665,2.16,1.50
2012.07.26 14:29:06.995,1.01646,1.01666,1.50,1.50
2012.07.26 14:29:07.110,1.01643,1.01665,3.66,1.50
2012.07.26 14:29:07.355,1.01643,1.01665,1.50,1.60
2012.07.26 14:29:07.688,1.01641,1.01662,2.16,1.50
2012.07.26 14:29:08.526,1.01643,1.01663,1.50,1.60
2012.07.26 14:29:08.700,1.01639,1.01661,2.16,1.50
2012.07.26 14:29:09.510,1.0164,1.01661,1.50,1.50
2012.07.26 14:29:09.569,1.0164,1.01661,2.16,1.50
2012.07.26 14:29:09.629,1.01642,1.01664,2.16,1.50
2012.07.26 14:29:10.636,1.01642,1.01664,2.16,1.50
2012.07.26 14:29:12.275,1.01644,1.01664,1.50,1.50
2012.07.26 14:29:12.335,1.01646,1.01668,1.50,1.60
2012.07.26 14:29:12.504,1.01644,1.01666,1.50,3.00
2012.07.26 14:29:13.439,1.01648,1.01666,2.18,1.50
2012.07.26 14:29:13.554,1.01648,1.01668,3.68,1.60
2012.07.26 14:29:13.778,1.01645,1.01667,1.50,1.50
2012.07.26 14:29:13.838,1.01647,1.01669,1.50,1.60
2012.07.26 14:29:14.237,1.01647,1.01669,4.34,1.50
2012.07.26 14:29:14.690,1.01647,1.01669,4.34,1.50
2012.07.26 14:29:15.075,1.01651,1.01671,2.16,1.50
2012.07.26 14:29:16.573,1.01651,1.01671,1.50,1.50
2012.07.26 14:29:17.293,1.01652,1.01673,1.50,1.60
2012.07.26 14:29:17.354,1.01652,1.01673,1.50,1.60
2012.07.26 14:29:17.689,1.01652,1.01674,1.50,1.60
2012.07.26 14:29:17.748,1.01652,1.01674,1.50,1.60
2012.07.26 14:29:17.808,1.01651,1.01671,1.50,1.50
2012.07.26 14:29:18.310,1.01651,1.01672,1.50,1.50
2012.07.26 14:29:18.642,1.01652,1.01673,2.16,1.50
2012.07.26 14:29:19.989,1.01652,1.01673,1.50,1.60
2012.07.26 14:29:20.103,1.0165,1.01671,1.50,1.60
2012.07.26 14:29:20.196,1.0165,1.01668,1.50,1.50
2012.07.26 14:29:20.266,1.01646,1.01668,1.41,1.50
2012.07.26 14:29:20.649,1.01647,1.0167,2.25,1.50
2012.07.26 14:29:20.976,1.01649,1.01672,1.50,1.60
2012.07.26 14:29:21.734,1.01649,1.01672,1.50,1.60
2012.07.26 14:29:22.067,1.01651,1.01672,1.41,1.50
2012.07.26 14:29:22.293,1.01654,1.01672,1.50,1.50
2012.07.26 14:29:22.700,1.01651,1.01673,1.50,1.60
2012.07.26 14:29:22.977,1.0165,1.01673,2.16,1.50
2012.07.26 14:29:23.201,1.01652,1.01675,2.16,1.60
2012.07.26 14:29:23.969,1.01652,1.01675,1.50,1.60
2012.07.26 14:29:24.511,1.01648,1.01671,2.16,1.50
2012.07.26 14:29:24.819,1.01651,1.01674,1.50,1.60
2012.07.26 14:29:25.416,1.0165,1.01671,1.50,1.50
2012.07.26 14:29:26.837,1.0165,1.01671,1.50,1.60
2012.07.26 14:29:27.320,1.01645,1.01668,2.16,1.60
2012.07.26 14:29:27.541,1.01647,1.01667,1.50,1.50
2012.07.26 14:29:27.764,1.01645,1.01666,2.16,1.50
2012.07.26 14:29:28.271,1.01645,1.01665,1.50,1.50
2012.07.26 14:29:30.875,1.01647,1.01667,1.50,3.00
2012.07.26 14:29:31.743,1.01644,1.01664,3.00,1.50
2012.07.26 14:29:32.492,1.01644,1.01665,1.50,1.50
2012.07.26 14:29:32.928,1.01645,1.01667,1.50,1.50
2012.07.26 14:29:32.988,1.01645,1.01668,2.16,1.50
2012.07.26 14:29:33.048,1.01648,1.0167,1.50,1.50
2012.07.26 14:29:33.266,1.0165,1.01671,1.50,1.60
2012.07.26 14:29:33.326,1.01648,1.01671,1.50,2.20
2012.07.26 14:29:33.439,1.01644,1.01667,1.50,1.60
2012.07.26 14:29:33.553,1.01642,1.01665,1.50,1.50
2012.07.26 14:29:33.613,1.01642,1.01662,1.50,1.50
2012.07.26 14:29:34.149,1.01642,1.01665,1.50,1.50
2012.07.26 14:29:34.263,1.01645,1.01666,1.50,1.60
2012.07.26 14:29:34.597,1.01643,1.01664,1.50,1.50
2012.07.26 14:29:34.951,1.01645,1.01668,2.25,1.60
2012.07.26 14:29:35.500,1.01644,1.01665,3.75,1.50
2012.07.26 14:29:35.846,1.01644,1.01665,1.50,1.60
2012.07.26 14:29:35.906,1.01646,1.01666,1.50,1.60
2012.07.26 14:29:36.138,1.01642,1.01662,2.91,1.50
2012.07.26 14:29:37.374,1.01642,1.01665,2.91,1.60
2012.07.26 14:29:37.616,1.01647,1.01665,1.41,1.50
2012.07.26 14:29:37.730,1.01647,1.01669,2.91,1.50
2012.07.26 14:29:37.790,1.01647,1.01669,2.91,1.50
2012.07.26 14:29:38.194,1.01651,1.01671,2.16,1.50
2012.07.26 14:29:38.417,1.01648,1.01669,2.16,1.50
2012.07.26 14:29:38.740,1.01647,1.01667,5.09,1.50
2012.07.26 14:29:38.855,1.01649,1.01671,2.16,1.50
2012.07.26 14:29:39.326,1.01648,1.01668,2.16,1.50
2012.07.26 14:29:39.665,1.01649,1.01671,2.16,3.00
2012.07.26 14:29:39.921,1.01647,1.01669,5.09,1.50
2012.07.26 14:29:40.599,1.01653,1.01669,2.16,1.50
2012.07.26 14:29:40.713,1.01653,1.01671,2.16,1.50
2012.07.26 14:29:40.826,1.01657,1.01677,2.16,3.00
2012.07.26 14:29:41.157,1.01657,1.01675,2.18,1.50
2012.07.26 14:29:41.686,1.01653,1.01674,1.04,1.50
2012.07.26 14:29:42.408,1.01652,1.01674,2.16,1.60
2012.07.26 14:29:42.598,1.01655,1.01675,1.50,1.60
2012.07.26 14:29:42.713,1.01653,1.01673,2.16,1.50
2012.07.26 14:29:43.182,1.01653,1.01673,1.50,1.60
2012.07.26 14:29:43.247,1.01651,1.01674,2.25,1.60
2012.07.26 14:29:43.470,1.01651,1.01674,2.16,1.50
2012.07.26 14:29:43.996,1.01655,1.01677,1.50,1.60
2012.07.26 14:29:44.450,1.01655,1.01677,2.16,1.50
2012.07.26 14:29:44.564,1.01653,1.01675,1.04,1.50
2012.07.26 14:29:44.678,1.01657,1.0168,1.50,1.60
2012.07.26 14:29:44.792,1.01657,1.0168,2.91,1.50
2012.07.26 14:29:45.126,1.01657,1.0168,4.34,1.50
2012.07.26 14:29:45.242,1.01657,1.0168,4.34,1.60
2012.07.26 14:29:45.303,1.01658,1.01678,1.04,1.50
2012.07.26 14:29:45.582,1.0166,1.01682,1.50,1.50
2012.07.26 14:29:45.641,1.0166,1.01682,1.50,1.60
2012.07.26 14:29:46.176,1.01661,1.01682,1.50,1.60
2012.07.26 14:29:46.292,1.01658,1.01681,1.50,3.10
2012.07.26 14:29:46.351,1.01656,1.01676,1.50,1.60
2012.07.26 14:29:46.853,1.01655,1.01677,1.50,1.60
2012.07.26 14:29:47.659,1.01655,1.01676,2.16,1.50
2012.07.26 14:29:47.774,1.01658,1.0168,2.84,1.50
2012.07.26 14:29:48.017,1.01659,1.01682,2.16,1.50
2012.07.26 14:29:48.644,1.01659,1.01682,2.16,1.50
2012.07.26 14:29:48.814,1.01661,1.01683,1.50,1.60
2012.07.26 14:29:48.874,1.01659,1.01681,1.50,1.60
2012.07.26 14:29:48.989,1.01657,1.01679,1.50,1.60
2012.07.26 14:29:50.172,1.01657,1.01679,2.25,1.60
2012.07.26 14:29:50.407,1.01657,1.01679,1.50,1.60
2012.07.26 14:29:50.964,1.01657,1.01679,2.91,1.50
2012.07.26 14:29:51.404,1.01659,1.01681,1.50,3.00
2012.07.26 14:29:51.673,1.01659,1.01681,2.16,1.50
2012.07.26 14:29:51.987,1.01659,1.01679,2.16,1.50
2012.07.26 14:29:52.597,1.01661,1.01678,1.41,1.50
2012.07.26 14:29:52.805,1.01661,1.0168,1.41,1.50
2012.07.26 14:29:53.320,1.01659,1.01681,2.16,1.50
2012.07.26 14:29:53.434,1.01659,1.01681,2.16,1.60
2012.07.26 14:29:53.602,1.01658,1.01678,2.16,1.50
2012.07.26 14:29:53.719,1.01653,1.01673,1.04,1.50
2012.07.26 14:29:53.907,1.01652,1.01671,1.34,1.50
2012.07.26 14:29:54.022,1.01653,1.01673,2.16,3.00
2012.07.26 14:29:54.376,1.01658,1.01673,2.18,1.50
2012.07.26 14:29:54.816,1.01658,1.01676,2.84,1.50
2012.07.26 14:29:54.930,1.01658,1.01679,2.84,1.50
2012.07.26 14:29:55.097,1.01658,1.01679,2.84,1.50
2012.07.26 14:29:55.586,1.01658,1.01677,2.84,1.50
2012.07.26 14:29:56.665,1.01659,1.01679,2.16,1.50
2012.07.26 14:29:56.847,1.01658,1.01677,2.84,1.50
2012.07.26 14:29:57.321,1.01661,1.01681,2.16,1.50
2012.07.26 14:29:57.380,1.01661,1.01681,2.16,1.50
2012.07.26 14:29:58.017,1.01658,1.01678,2.16,1.50
2012.07.26 14:29:58.304,1.01658,1.01678,2.16,1.50
2012.07.26 14:29:58.507,1.0166,1.0168,2.16,3.00
2012.07.26 14:29:59.040,1.0166,1.0168,2.16,1.50
2012.07.26 14:29:59.100,1.01657,1.01677,4.34,1.50
2012.07.26 14:29:59.159,1.01657,1.01677,4.34,1.50
2012.07.26 14:29:59.560,1.01653,1.01674,2.16,1.50
2012.07.26 14:29:59.892,1.01657,1.01676,3.59,1.50
2012.07.26 14:30:00.022,1.01658,1.01678,2.16,1.50
2012.07.26 14:30:00.463,1.01656,1.01677,1.50,1.50
2012.07.26 14:30:00.577,1.01652,1.01675,3.66,1.50
2012.07.26 14:30:01.015,1.01652,1.01672,1.41,1.50
2012.07.26 14:30:01.220,1.01652,1.01674,1.41,1.50
2012.07.26 14:30:01.700,1.01652,1.01674,1.41,1.50
2012.07.26 14:30:01.924,1.0166,1.01683,1.50,1.97
2012.07.26 14:30:02.352,1.01658,1.01679,1.50,1.50
2012.07.26 14:30:02.657,1.01656,1.01677,1.50,1.50
2012.07.26 14:30:03.117,1.01654,1.01674,1.04,1.50
2012.07.26 14:30:03.727,1.01655,1.01674,1.41,1.50
2012.07.26 14:30:04.017,1.0166,1.01681,1.50,1.50
2012.07.26 14:30:04.542,1.01658,1.01678,2.84,1.50
2012.07.26 14:30:05.077,1.01658,1.01677,2.84,1.50
2012.07.26 14:30:05.483,1.01658,1.01677,2.84,1.50
2012.07.26 14:30:05.816,1.01661,1.01679,2.16,1.50
2012.07.26 14:30:06.039,1.01664,1.01686,2.16,1.88
2012.07.26 14:30:06.421,1.01663,1.01684,2.16,1.50
2012.07.26 14:30:06.480,1.01662,1.01684,2.16,1.50
2012.07.26 14:30:06.812,1.0166,1.0168,2.16,1.50
2012.07.26 14:30:07.163,1.01657,1.01676,2.84,1.50
2012.07.26 14:30:07.472,1.01657,1.01676,2.84,1.50
2012.07.26 14:30:07.698,1.0166,1.0168,2.16,1.50
2012.07.26 14:30:07.798,1.01661,1.01682,2.16,1.50
2012.07.26 14:30:08.486,1.01662,1.01683,1.41,1.50
2012.07.26 14:30:08.557,1.01662,1.0168,1.41,1.50
2012.07.26 14:30:08.921,1.0166,1.01682,2.16,1.50
2012.07.26 14:30:08.981,1.0166,1.01683,2.16,1.50
2012.07.26 14:30:09.149,1.01659,1.01677,2.16,1.50
2012.07.26 14:30:09.210,1.01657,1.01677,1.50,1.60
2012.07.26 14:30:09.271,1.01655,1.01674,1.50,1.50
2012.07.26 14:30:09.442,1.01658,1.01678,1.50,1.50
2012.07.26 14:30:09.667,1.01654,1.01674,2.16,1.50
2012.07.26 14:30:09.926,1.01656,1.01676,2.16,1.50
2012.07.26 14:30:10.152,1.01663,1.01683,1.50,1.50
2012.07.26 14:30:10.704,1.01662,1.01682,1.50,1.50
2012.07.26 14:30:10.777,1.0166,1.01678,1.50,1.50
2012.07.26 14:30:11.107,1.01659,1.01681,2.16,1.50
2012.07.26 14:30:12.341,1.01659,1.01681,2.91,1.50
2012.07.26 14:30:12.697,1.01661,1.01683,2.25,1.50
2012.07.26 14:30:12.769,1.01661,1.01683,1.50,1.97
2012.07.26 14:30:13.102,1.01661,1.01683,2.16,1.88
2012.07.26 14:30:13.218,1.01657,1.01677,4.34,1.50
2012.07.26 14:30:13.278,1.01659,1.01682,2.16,1.88
2012.07.26 14:30:13.558,1.01659,1.01681,2.16,1.88
2012.07.26 14:30:13.673,1.01659,1.01681,1.50,1.50
2012.07.26 14:30:14.213,1.0166,1.01683,1.50,3.10
2012.07.26 14:30:14.272,1.01658,1.01681,4.34,1.50
2012.07.26 14:30:14.618,1.01658,1.01681,3.68,1.60
2012.07.26 14:30:14.899,1.01658,1.01681,1.50,1.60
2012.07.26 14:30:15.013,1.01655,1.01678,1.50,1.50
2012.07.26 14:30:15.145,1.01657,1.01678,1.50,1.50
2012.07.26 14:30:15.497,1.01659,1.01679,1.50,1.50
2012.07.26 14:30:15.613,1.01656,1.01678,2.16,1.50
2012.07.26 14:30:15.782,1.01658,1.01678,1.50,1.50
2012.07.26 14:30:15.897,1.01655,1.01677,2.16,1.50
2012.07.26 14:30:16.362,1.01654,1.01674,3.66,1.50
2012.07.26 14:30:16.574,1.01656,1.01676,2.16,1.50
2012.07.26 14:30:17.294,1.01658,1.01676,2.18,1.50
2012.07.26 14:30:17.627,1.01658,1.01676,2.84,1.50
2012.07.26 14:30:18.878,1.01658,1.01676,2.84,1.50
2012.07.26 14:30:18.940,1.01659,1.01678,2.16,1.50
2012.07.26 14:30:19.386,1.01657,1.01677,2.18,1.50
2012.07.26 14:30:19.503,1.01658,1.0168,1.50,3.00
2012.07.26 14:30:19.632,1.01661,1.01681,1.50,1.50
2012.07.26 14:30:20.390,1.01663,1.01683,1.50,3.00
2012.07.26 14:30:21.111,1.0166,1.01682,2.25,1.50
2012.07.26 14:30:21.454,1.0167,1.01688,1.50,1.60
2012.07.26 14:30:21.513,1.01671,1.01693,1.50,1.97
2012.07.26 14:30:21.738,1.01669,1.01691,2.16,1.50
2012.07.26 14:30:22.052,1.01672,1.01692,1.50,1.50
2012.07.26 14:30:25.299,1.01672,1.01692,1.50,1.97
2012.07.26 14:30:25.630,1.01662,1.01684,2.16,1.50
2012.07.26 14:30:26.091,1.01665,1.01685,1.50,1.50
2012.07.26 14:30:26.535,1.01667,1.01687,1.50,1.50
2012.07.26 14:30:27.221,1.01669,1.01689,1.50,1.50
2012.07.26 14:30:27.335,1.01669,1.01691,1.50,1.50
2012.07.26 14:30:27.449,1.01669,1.01691,2.16,1.50
2012.07.26 14:30:27.562,1.01671,1.01693,2.16,1.50
2012.07.26 14:30:28.879,1.01671,1.01693,2.16,1.50
2012.07.26 14:30:29.786,1.01671,1.01693,2.91,1.50
2012.07.26 14:30:29.936,1.01671,1.01693,2.91,1.50
2012.07.26 14:30:30.051,1.0168,1.01703,2.16,2.10
2012.07.26 14:30:30.112,1.0168,1.01703,2.16,1.50
2012.07.26 14:30:30.281,1.01678,1.01694,2.18,1.50
2012.07.26 14:30:30.395,1.0168,1.01703,1.50,1.50
2012.07.26 14:30:30.712,1.0168,1.017,2.16,1.50
2012.07.26 14:30:30.831,1.01681,1.01704,1.50,1.50
2012.07.26 14:30:33.528,1.01678,1.01701,2.16,1.50
2012.07.26 14:30:33.867,1.01678,1.01701,1.50,2.57
2012.07.26 14:30:34.203,1.01678,1.01698,1.50,1.60
2012.07.26 14:30:34.429,1.01674,1.01694,1.50,1.50
2012.07.26 14:30:34.489,1.01674,1.01694,1.50,1.88
2012.07.26 14:30:34.875,1.01676,1.01696,1.50,3.47
2012.07.26 14:30:35.083,1.01674,1.01694,1.50,1.97
2012.07.26 14:30:35.493,1.01674,1.0169,1.50,1.50
2012.07.26 14:30:35.597,1.01674,1.01692,1.50,1.97
2012.07.26 14:30:35.732,1.01667,1.01688,3.00,1.50
2012.07.26 14:30:35.844,1.01669,1.0169,1.50,1.50
2012.07.26 14:30:37.002,1.0167,1.01692,1.50,1.97
2012.07.26 14:30:37.229,1.01668,1.01689,5.84,1.50
2012.07.26 14:30:37.576,1.01664,1.01687,1.50,1.60
2012.07.26 14:30:37.909,1.01664,1.01687,2.16,1.50
2012.07.26 14:30:38.226,1.01665,1.01687,1.50,1.60
2012.07.26 14:30:38.569,1.01668,1.01689,1.50,1.60
2012.07.26 14:30:38.903,1.01671,1.01693,1.50,1.60
2012.07.26 14:30:39.726,1.0167,1.01692,1.50,1.60
2012.07.26 14:30:40.409,1.0167,1.01692,1.50,1.60
2012.07.26 14:30:40.739,1.01674,1.01693,1.50,1.60
2012.07.26 14:30:40.853,1.01672,1.01694,1.50,1.60
2012.07.26 14:30:41.076,1.0167,1.01691,1.50,1.60
2012.07.26 14:30:41.626,1.0167,1.0169,1.50,1.50
2012.07.26 14:30:42.527,1.0167,1.0169,2.16,1.50
2012.07.26 14:30:42.806,1.01673,1.01693,1.50,1.50
2012.07.26 14:30:42.975,1.0167,1.01693,1.50,1.50
2012.07.26 14:30:43.089,1.01668,1.01689,2.16,1.50
2012.07.26 14:30:43.594,1.01668,1.01689,1.50,1.60
2012.07.26 14:30:44.023,1.01665,1.01686,2.16,1.50
2012.07.26 14:30:44.306,1.01665,1.01688,2.16,3.00
2012.07.26 14:30:44.854,1.01668,1.01689,2.16,1.50
2012.07.26 14:30:45.365,1.0167,1.0169,1.50,1.50
2012.07.26 14:30:45.479,1.0167,1.0169,1.50,1.60
2012.07.26 14:30:45.787,1.0167,1.0169,1.50,1.60
2012.07.26 14:30:46.557,1.0167,1.0169,1.50,1.60
2012.07.26 14:30:47.318,1.0167,1.0169,1.50,1.60
2012.07.26 14:30:48.070,1.01667,1.01689,1.50,1.50
2012.07.26 14:30:48.716,1.01668,1.01688,2.18,1.50
2012.07.26 14:30:48.885,1.01668,1.0169,2.84,1.50
2012.07.26 14:30:50.686,1.0167,1.01691,1.50,1.50
2012.07.26 14:30:51.083,1.01673,1.01696,1.50,1.97
2012.07.26 14:30:51.258,1.01675,1.01696,1.50,1.88
2012.07.26 14:30:51.319,1.01676,1.01698,1.50,1.50
2012.07.26 14:30:51.774,1.01675,1.01695,2.16,1.50
2012.07.26 14:30:52.320,1.01674,1.01696,2.54,1.50
2012.07.26 14:30:52.718,1.01677,1.01697,1.50,1.50
2012.07.26 14:30:52.777,1.01677,1.01699,1.50,1.50
2012.07.26 14:30:52.889,1.01675,1.01695,3.00,1.50
2012.07.26 14:30:53.226,1.01675,1.01695,1.50,1.60
2012.07.26 14:30:53.571,1.01671,1.01692,3.00,1.50
2012.07.26 14:30:53.779,1.01673,1.01693,1.50,1.60
2012.07.26 14:30:54.291,1.01674,1.01695,1.50,1.60
2012.07.26 14:30:54.862,1.01676,1.01695,1.50,1.50
2012.07.26 14:30:54.975,1.01672,1.01694,2.16,1.50
2012.07.26 14:30:55.221,1.01674,1.01696,1.50,1.50
2012.07.26 14:30:55.711,1.01674,1.01696,2.16,1.50
2012.07.26 14:30:56.013,1.01677,1.01699,1.50,1.50
2012.07.26 14:30:56.449,1.01676,1.01696,2.16,1.50
2012.07.26 14:30:58.143,1.01674,1.01694,3.38,1.50
2012.07.26 14:30:58.728,1.0167,1.01693,1.88,1.60
2012.07.26 14:30:59.251,1.01674,1.01695,1.50,3.10
2012.07.26 14:30:59.310,1.01673,1.01693,1.88,1.50
2012.07.26 14:30:59.720,1.01673,1.01696,1.50,1.60
2012.07.26 14:31:00.170,1.01678,1.01696,2.18,1.50
2012.07.26 14:31:00.285,1.01672,1.01692,3.00,1.60
2012.07.26 14:31:00.989,1.01671,1.01692,1.50,3.10
2012.07.26 14:31:01.210,1.0167,1.0169,2.16,1.50
2012.07.26 14:31:01.530,1.01668,1.01689,1.50,1.60
2012.07.26 14:31:02.057,1.01667,1.01689,1.50,1.60
2012.07.26 14:31:02.613,1.01667,1.01689,2.25,1.50
2012.07.26 14:31:03.744,1.01667,1.01688,1.50,1.50
2012.07.26 14:31:03.967,1.01668,1.0169,2.16,1.50
2012.07.26 14:31:04.164,1.01668,1.01687,2.16,1.50
2012.07.26 14:31:04.443,1.01662,1.01682,1.50,1.50
2012.07.26 14:31:04.695,1.01665,1.01686,1.50,1.60
2012.07.26 14:31:04.918,1.0167,1.01691,1.50,1.88
2012.07.26 14:31:04.979,1.0167,1.01688,1.50,1.50
2012.07.26 14:31:05.039,1.01672,1.01692,2.25,1.88
2012.07.26 14:31:05.540,1.01675,1.01692,1.50,1.88
2012.07.26 14:31:05.774,1.01677,1.01699,1.50,1.60
2012.07.26 14:31:06.210,1.01677,1.01699,1.50,1.60
2012.07.26 14:31:06.325,1.01677,1.01696,1.50,1.60
2012.07.26 14:31:06.547,1.01673,1.01693,3.00,1.50
2012.07.26 14:31:06.771,1.01676,1.01696,1.50,1.60
2012.07.26 14:31:07.277,1.01675,1.01695,1.50,1.50
2012.07.26 14:31:08.564,1.01677,1.01697,1.50,3.10
2012.07.26 14:31:08.626,1.01675,1.01695,1.50,1.50
2012.07.26 14:31:08.922,1.01672,1.01694,3.66,1.50
2012.07.26 14:31:09.448,1.01673,1.01693,2.16,1.50
2012.07.26 14:31:10.028,1.01671,1.01691,2.16,1.50
2012.07.26 14:31:10.540,1.01671,1.01691,1.50,1.50
2012.07.26 14:31:10.822,1.01669,1.01691,2.16,1.50
2012.07.26 14:31:10.882,1.01671,1.01691,1.50,1.50
2012.07.26 14:31:11.432,1.01669,1.01691,2.16,1.50
2012.07.26 14:31:12.028,1.0167,1.01691,1.50,1.50
2012.07.26 14:31:12.088,1.01672,1.01692,1.50,1.60
2012.07.26 14:31:12.458,1.0167,1.0169,1.50,1.50
2012.07.26 14:31:12.811,1.0167,1.0169,2.16,1.50
2012.07.26 14:31:13.116,1.01672,1.01692,2.16,1.50
2012.07.26 14:31:13.401,1.01674,1.01694,1.50,1.50
2012.07.26 14:31:14.166,1.01671,1.01693,2.16,1.50
2012.07.26 14:31:14.769,1.01674,1.01694,1.50,3.00
2012.07.26 14:31:15.008,1.01672,1.01691,2.16,1.50
2012.07.26 14:31:15.712,1.01669,1.01688,1.04,1.50
2012.07.26 14:31:15.771,1.01669,1.01691,2.54,1.50
2012.07.26 14:31:15.922,1.01669,1.01689,1.04,1.50
2012.07.26 14:31:15.989,1.01669,1.01691,2.54,1.50
2012.07.26 14:31:18.766,1.01669,1.01691,2.16,1.60
2012.07.26 14:31:18.825,1.01671,1.01692,1.50,1.60
2012.07.26 14:31:19.512,1.01669,1.0169,1.50,1.50
2012.07.26 14:31:20.017,1.01669,1.01691,1.50,1.60
2012.07.26 14:31:23.305,1.0167,1.01691,1.50,1.60
2012.07.26 14:31:23.364,1.01677,1.01696,1.50,2.35
2012.07.26 14:31:23.534,1.01677,1.01693,1.50,1.35
2012.07.26 14:31:23.594,1.01674,1.01695,1.50,2.20
2012.07.26 14:31:23.654,1.01672,1.01695,1.50,2.20
2012.07.26 14:31:23.770,1.01672,1.01695,1.50,1.60
2012.07.26 14:31:23.994,1.01672,1.01694,1.50,1.60
2012.07.26 14:31:24.054,1.0167,1.01692,1.50,1.60
2012.07.26 14:31:24.114,1.0167,1.01692,1.50,1.60
2012.07.26 14:31:24.228,1.01668,1.0169,3.00,1.60
2012.07.26 14:31:24.450,1.01668,1.0169,2.25,1.60
2012.07.26 14:31:24.782,1.01672,1.01694,2.91,1.50
2012.07.26 14:31:24.843,1.01672,1.01694,2.91,1.50
2012.07.26 14:31:25.077,1.01678,1.01695,1.50,1.50
2012.07.26 14:31:25.147,1.01676,1.01698,1.50,1.60
2012.07.26 14:31:25.263,1.01675,1.01695,1.50,1.60
2012.07.26 14:31:25.431,1.01672,1.01693,1.50,1.60
2012.07.26 14:31:25.492,1.0167,1.0169,2.16,1.50
2012.07.26 14:31:26.173,1.01673,1.01693,1.50,3.10
2012.07.26 14:31:26.614,1.01674,1.01695,2.16,3.00
2012.07.26 14:31:27.131,1.01674,1.01696,2.16,1.50
2012.07.26 14:31:27.650,1.01674,1.01696,1.50,1.60
2012.07.26 14:31:28.454,1.01674,1.01696,2.16,1.50
2012.07.26 14:31:29.109,1.01674,1.01695,2.16,1.50
2012.07.26 14:31:29.558,1.01675,1.01697,1.50,1.60
2012.07.26 14:31:29.888,1.01672,1.01694,1.50,1.60
2012.07.26 14:31:30.110,1.0167,1.01692,3.66,1.60
2012.07.26 14:31:30.497,1.01671,1.01691,1.50,1.60
2012.07.26 14:31:30.612,1.01669,1.0169,1.50,1.60
2012.07.26 14:31:30.919,1.01667,1.01688,1.50,1.60
2012.07.26 14:31:30.980,1.01667,1.01688,1.50,1.60
2012.07.26 14:31:31.212,1.01665,1.01686,1.50,1.50
2012.07.26 14:31:31.271,1.01663,1.01686,1.50,1.50
2012.07.26 14:31:31.468,1.01667,1.01688,1.50,3.10
2012.07.26 14:31:32.389,1.01666,1.01689,1.50,1.60
2012.07.26 14:31:32.726,1.01664,1.01685,1.50,1.50
2012.07.26 14:31:33.245,1.01665,1.01686,1.50,1.60
2012.07.26 14:31:33.382,1.01661,1.01684,2.25,1.50
2012.07.26 14:31:33.496,1.01664,1.01685,1.50,1.50
2012.07.26 14:31:34.083,1.01662,1.01683,1.50,1.50
2012.07.26 14:31:34.402,1.01664,1.01685,1.50,1.50
2012.07.26 14:31:34.778,1.01661,1.01682,1.50,1.50
2012.07.26 14:31:35.002,1.01663,1.01686,1.50,1.60
2012.07.26 14:31:35.117,1.01661,1.01682,1.50,1.50
2012.07.26 14:31:35.450,1.01665,1.01686,1.50,1.60
2012.07.26 14:31:36.227,1.01664,1.01685,1.50,1.50
2012.07.26 14:31:37.097,1.01664,1.01685,1.50,3.10
2012.07.26 14:31:37.318,1.01665,1.01687,1.50,1.60
2012.07.26 14:31:38.297,1.01663,1.01686,1.88,1.60
2012.07.26 14:31:38.619,1.01666,1.01687,1.50,1.60
2012.07.26 14:31:38.950,1.01664,1.01685,1.50,2.20
2012.07.26 14:31:39.065,1.0166,1.01681,1.50,1.50
2012.07.26 14:31:39.180,1.0166,1.01681,1.50,1.60
2012.07.26 14:31:39.508,1.0166,1.01681,1.50,1.60
2012.07.26 14:31:39.758,1.0166,1.01677,1.50,1.50
2012.07.26 14:31:39.823,1.01658,1.01675,2.55,1.50
2012.07.26 14:31:39.938,1.01662,1.01683,1.50,1.60
2012.07.26 14:31:39.998,1.0166,1.01681,1.50,1.50
2012.07.26 14:31:42.197,1.01662,1.01683,1.50,1.60
2012.07.26 14:31:42.529,1.01662,1.01681,1.04,1.50
2012.07.26 14:31:42.643,1.01661,1.01681,2.16,1.50
2012.07.26 14:31:43.198,1.01661,1.01681,1.50,1.50
2012.07.26 14:31:43.366,1.01663,1.01685,1.50,1.60
2012.07.26 14:31:43.895,1.01662,1.01682,1.50,1.50
2012.07.26 14:31:44.768,1.01663,1.01685,1.50,1.60
2012.07.26 14:31:45.084,1.01661,1.01683,1.50,1.50
2012.07.26 14:31:45.864,1.0166,1.0168,2.16,1.50
2012.07.26 14:31:46.283,1.01663,1.01683,1.50,1.50
2012.07.26 14:31:50.404,1.01663,1.01685,2.16,1.50
2012.07.26 14:31:50.628,1.01669,1.0169,1.50,1.60
2012.07.26 14:31:50.963,1.01668,1.01688,1.50,2.95
2012.07.26 14:31:51.197,1.01658,1.01679,3.21,1.50
2012.07.26 14:31:51.423,1.01656,1.01679,2.16,1.50
2012.07.26 14:31:51.482,1.01656,1.01679,1.50,1.60
2012.07.26 14:31:51.679,1.01654,1.01677,3.00,1.50
2012.07.26 14:31:52.294,1.01657,1.01678,1.50,1.50
2012.07.26 14:31:52.604,1.01659,1.0168,1.50,1.50
2012.07.26 14:31:52.995,1.01658,1.01678,2.84,1.50
2012.07.26 14:31:53.055,1.01658,1.01681,4.34,1.60
2012.07.26 14:31:53.538,1.01661,1.01682,1.50,3.10
2012.07.26 14:31:54.066,1.01662,1.01685,2.25,1.60
2012.07.26 14:31:54.396,1.01666,1.01689,1.50,1.60
2012.07.26 14:31:54.697,1.01664,1.01687,3.00,1.60
2012.07.26 14:31:55.591,1.01663,1.01683,3.00,1.60
2012.07.26 14:31:55.729,1.01667,1.01683,2.93,1.50
2012.07.26 14:31:55.845,1.01663,1.01683,3.83,1.50
2012.07.26 14:31:56.072,1.01666,1.01683,2.16,1.50
2012.07.26 14:31:56.132,1.0167,1.01692,1.50,1.60
2012.07.26 14:31:56.192,1.0167,1.01692,1.50,1.60
2012.07.26 14:31:56.360,1.01672,1.01694,1.50,1.60
2012.07.26 14:31:56.660,1.01665,1.01687,1.50,1.60
2012.07.26 14:31:57.008,1.01668,1.01688,1.50,1.50
2012.07.26 14:31:57.889,1.01667,1.01689,1.50,1.60
2012.07.26 14:31:58.444,1.01667,1.01689,1.50,1.60
2012.07.26 14:31:58.667,1.01664,1.01684,1.50,1.50
2012.07.26 14:31:59.351,1.01665,1.01687,3.00,1.60
2012.07.26 14:31:59.411,1.01667,1.01689,1.50,1.60
2012.07.26 14:32:00.009,1.01668,1.01688,1.50,1.97
2012.07.26 14:32:00.133,1.01666,1.01686,1.50,1.60
2012.07.26 14:32:00.248,1.01664,1.01685,1.50,1.60
2012.07.26 14:32:00.848,1.01663,1.01685,1.50,1.60
2012.07.26 14:32:01.110,1.01661,1.01683,1.50,1.50
2012.07.26 14:32:01.243,1.01663,1.01685,1.50,3.10
2012.07.26 14:32:01.571,1.01668,1.01687,1.50,1.97
2012.07.26 14:32:01.793,1.01666,1.01687,1.50,1.97
2012.07.26 14:32:02.014,1.01664,1.01684,1.50,1.60
2012.07.26 14:32:02.128,1.01661,1.01683,1.50,1.50
2012.07.26 14:32:02.354,1.01663,1.01685,1.50,1.60
2012.07.26 14:32:02.730,1.01662,1.01682,3.00,1.50
2012.07.26 14:32:03.158,1.01664,1.01684,1.50,1.60
2012.07.26 14:32:03.465,1.01666,1.01686,1.50,1.97
2012.07.26 14:32:03.802,1.01666,1.01684,2.16,1.13
2012.07.26 14:32:03.916,1.01666,1.01686,1.50,1.60
2012.07.26 14:32:03.976,1.01666,1.01686,1.50,1.60
2012.07.26 14:32:04.037,1.01664,1.01684,1.50,1.60
2012.07.26 14:32:04.207,1.01658,1.01681,4.34,1.50
2012.07.26 14:32:04.740,1.01658,1.01681,4.34,1.50
2012.07.26 14:32:05.529,1.01657,1.01678,2.16,1.50
2012.07.26 14:32:05.776,1.01658,1.01678,2.84,1.50
2012.07.26 14:32:05.999,1.01658,1.0168,2.84,1.50
2012.07.26 14:32:06.079,1.01658,1.01678,2.84,1.50
2012.07.26 14:32:06.193,1.01658,1.0168,3.68,1.60
2012.07.26 14:32:06.415,1.01658,1.01681,3.68,1.97
2012.07.26 14:32:06.529,1.01658,1.01681,1.50,1.60
2012.07.26 14:32:06.928,1.01658,1.01677,4.34,1.50
2012.07.26 14:32:07.466,1.01658,1.01678,3.21,1.50
2012.07.26 14:32:07.743,1.01658,1.01679,3.21,1.50
2012.07.26 14:32:07.802,1.01661,1.01681,1.50,3.00
2012.07.26 14:32:08.139,1.01658,1.01678,1.04,1.50
2012.07.26 14:32:08.654,1.01658,1.01676,2.16,1.50
2012.07.26 14:32:09.281,1.01655,1.01676,2.16,1.50
2012.07.26 14:32:09.342,1.01658,1.01679,2.16,1.50
2012.07.26 14:32:09.567,1.01659,1.01682,1.50,3.10
2012.07.26 14:32:09.681,1.01657,1.01677,2.18,1.50
2012.07.26 14:32:11.341,1.01657,1.01677,1.41,1.50
2012.07.26 14:32:11.400,1.01659,1.0168,2.16,1.50
2012.07.26 14:32:11.460,1.01661,1.0168,1.50,1.50
2012.07.26 14:32:11.681,1.01663,1.01683,1.50,1.50
2012.07.26 14:32:11.800,1.01663,1.01683,2.16,1.50
2012.07.26 14:32:11.860,1.01664,1.01685,2.16,1.50
2012.07.26 14:32:12.029,1.01664,1.01686,1.50,1.97
2012.07.26 14:32:12.756,1.0166,1.01681,1.50,1.60
2012.07.26 14:32:12.821,1.01658,1.01679,1.50,1.60
2012.07.26 14:32:13.319,1.01661,1.01682,1.50,1.50
2012.07.26 14:32:15.293,1.01658,1.0168,2.84,1.50
2012.07.26 14:32:15.700,1.01665,1.01685,1.50,1.60
2012.07.26 14:32:15.869,1.01664,1.01686,1.50,1.97
2012.07.26 14:32:16.091,1.01661,1.01682,1.50,1.50
2012.07.26 14:32:17.533,1.01663,1.01684,1.50,1.50
2012.07.26 14:32:18.138,1.01664,1.01687,1.50,3.10
2012.07.26 14:32:18.361,1.01664,1.01687,2.16,1.50
2012.07.26 14:32:18.645,1.01663,1.01685,2.16,1.50
2012.07.26 14:32:18.974,1.01667,1.01687,1.50,1.60
2012.07.26 14:32:19.533,1.01667,1.01687,1.50,1.60
2012.07.26 14:32:19.647,1.01663,1.01686,1.50,1.60
2012.07.26 14:32:20.172,1.01662,1.01685,3.00,2.20
2012.07.26 14:32:20.340,1.01659,1.01682,1.50,1.60
2012.07.26 14:32:20.771,1.01658,1.01679,4.34,1.50
2012.07.26 14:32:21.080,1.0166,1.01681,1.50,1.60
2012.07.26 14:32:21.827,1.01658,1.01679,5.84,1.50
2012.07.26 14:32:22.161,1.0166,1.01681,1.50,3.00
2012.07.26 14:32:22.570,1.01658,1.0168,2.84,1.50
2012.07.26 14:32:22.640,1.0166,1.01681,1.50,1.60
2012.07.26 14:32:24.232,1.0166,1.01683,1.50,1.60
2012.07.26 14:32:24.747,1.01659,1.0168,1.50,1.60
2012.07.26 14:32:25.622,1.01657,1.01678,1.50,1.60
2012.07.26 14:32:27.667,1.01657,1.01678,2.16,1.50
2012.07.26 14:32:28.070,1.01658,1.01681,2.16,1.60
2012.07.26 14:32:28.184,1.01658,1.01681,2.91,1.60
2012.07.26 14:32:28.518,1.01661,1.01683,2.16,1.50
2012.07.26 14:32:28.577,1.01661,1.01683,1.50,1.60
2012.07.26 14:32:28.746,1.01666,1.01685,1.50,1.60
2012.07.26 14:32:28.806,1.01666,1.01686,1.50,1.97
2012.07.26 14:32:29.341,1.01667,1.01688,1.50,1.97
2012.07.26 14:32:29.466,1.01668,1.0169,1.50,1.97
2012.07.26 14:32:29.591,1.01668,1.0169,1.50,1.60
2012.07.26 14:32:29.707,1.01671,1.01693,1.50,1.60
2012.07.26 14:32:30.041,1.01669,1.01689,1.50,1.60
2012.07.26 14:32:30.275,1.01666,1.01688,3.00,1.60
2012.07.26 14:32:30.712,1.01668,1.01689,1.50,1.60
2012.07.26 14:32:31.120,1.0167,1.01692,1.50,3.10
2012.07.26 14:32:31.631,1.0167,1.01692,1.50,1.60
2012.07.26 14:32:32.158,1.0167,1.0169,1.50,1.60
2012.07.26 14:32:32.217,1.0167,1.0169,1.50,1.60
2012.07.26 14:32:32.385,1.01665,1.01685,2.16,1.50
2012.07.26 14:32:32.936,1.01665,1.01687,2.16,1.50
2012.07.26 14:32:33.051,1.01669,1.01689,1.50,1.60
2012.07.26 14:32:33.600,1.0167,1.01692,1.50,2.20
2012.07.26 14:32:33.714,1.01668,1.01688,3.00,1.60
2012.07.26 14:32:33.830,1.0167,1.0169,1.50,1.60
2012.07.26 14:32:33.999,1.01666,1.01686,1.50,1.50
2012.07.26 14:32:34.566,1.01667,1.01686,2.18,1.50
2012.07.26 14:32:34.626,1.01668,1.0169,1.50,1.60
2012.07.26 14:32:35.199,1.01671,1.01691,1.50,1.60
2012.07.26 14:32:35.574,1.01668,1.0169,1.50,1.60
2012.07.26 14:32:36.230,1.01668,1.0169,3.68,1.60
2012.07.26 14:32:36.863,1.01671,1.01691,1.50,1.60
2012.07.26 14:32:37.310,1.01675,1.01695,1.50,3.10
2012.07.26 14:32:37.425,1.01672,1.01694,1.50,1.60
2012.07.26 14:32:37.756,1.01668,1.0169,3.68,1.60
2012.07.26 14:32:38.519,1.01669,1.01689,1.50,3.10
2012.07.26 14:32:39.426,1.01669,1.01689,1.50,1.60
2012.07.26 14:32:39.650,1.01669,1.01689,1.50,1.60
2012.07.26 14:32:39.871,1.01669,1.01689,1.50,1.60
2012.07.26 14:32:40.344,1.01664,1.01687,2.16,1.50
2012.07.26 14:32:40.622,1.01669,1.01688,1.50,1.50
2012.07.26 14:32:40.689,1.01666,1.01687,3.66,1.50
2012.07.26 14:32:40.750,1.01666,1.01687,3.00,1.60
2012.07.26 14:32:40.961,1.01664,1.01686,1.50,1.60
2012.07.26 14:32:41.624,1.01665,1.01688,1.50,1.60
2012.07.26 14:32:42.828,1.01665,1.01688,2.16,1.50
2012.07.26 14:32:43.406,1.01665,1.01688,1.50,1.60
2012.07.26 14:32:44.348,1.01664,1.01684,2.16,1.50
2012.07.26 14:32:44.408,1.01664,1.01686,2.16,1.50
2012.07.26 14:32:44.522,1.01664,1.01684,2.16,1.50
2012.07.26 14:32:44.640,1.01664,1.01687,2.16,1.60
2012.07.26 14:32:44.839,1.01664,1.01684,2.16,1.50
2012.07.26 14:32:45.343,1.01665,1.01686,1.50,1.50
2012.07.26 14:32:45.579,1.01665,1.01686,2.16,1.50
2012.07.26 14:32:46.104,1.01667,1.01687,2.84,1.50
2012.07.26 14:32:46.496,1.01666,1.01686,1.50,1.97
2012.07.26 14:32:46.610,1.01663,1.01684,1.50,1.60
2012.07.26 14:32:47.119,1.01663,1.01683,1.50,1.50
2012.07.26 14:32:47.179,1.01667,1.01681,2.18,1.50
2012.07.26 14:32:47.295,1.01661,1.01681,2.16,1.50
2012.07.26 14:32:47.471,1.01663,1.01683,1.50,1.50
2012.07.26 14:32:47.694,1.01665,1.01685,1.50,1.60
2012.07.26 14:32:48.409,1.01666,1.01688,1.50,1.60
2012.07.26 14:32:48.968,1.01666,1.01688,1.50,1.60
2012.07.26 14:32:49.320,1.01666,1.01688,1.50,1.60
2012.07.26 14:32:49.399,1.01664,1.01687,3.38,1.60
2012.07.26 14:32:49.646,1.01664,1.01687,2.25,1.60
2012.07.26 14:32:49.759,1.01665,1.01687,1.41,1.60
2012.07.26 14:32:49.819,1.01668,1.01687,2.18,1.60
2012.07.26 14:32:50.173,1.01667,1.01687,1.50,1.60
2012.07.26 14:32:50.232,1.01665,1.01686,1.50,1.60
2012.07.26 14:32:50.424,1.01665,1.01686,1.50,3.10
2012.07.26 14:32:50.605,1.01661,1.01683,1.13,1.60
2012.07.26 14:32:50.812,1.01661,1.0168,1.13,1.50
2012.07.26 14:32:50.980,1.01659,1.0168,2.25,1.50
2012.07.26 14:32:51.093,1.01661,1.01682,2.25,3.10
2012.07.26 14:32:52.365,1.01662,1.01685,1.50,1.60
2012.07.26 14:32:53.060,1.01663,1.01684,1.50,1.60
2012.07.26 14:32:54.231,1.01661,1.01682,1.50,1.60
2012.07.26 14:32:56.275,1.01663,1.01684,1.50,1.60
2012.07.26 14:32:56.580,1.01665,1.01686,1.50,1.60
2012.07.26 14:32:56.639,1.01662,1.01683,3.75,1.60
2012.07.26 14:32:57.351,1.0166,1.01681,1.50,1.50
2012.07.26 14:32:57.464,1.01658,1.01679,4.34,1.50
2012.07.26 14:32:58.254,1.01659,1.01682,1.50,1.60
2012.07.26 14:32:58.668,1.01659,1.01682,2.91,1.60
2012.07.26 14:32:59.854,1.01663,1.01686,1.50,1.60
2012.07.26 14:33:00.363,1.01662,1.01683,1.50,1.60
2012.07.26 14:33:00.798,1.01659,1.01682,2.16,1.60
2012.07.26 14:33:01.351,1.0166,1.01682,1.50,1.60
2012.07.26 14:33:01.791,1.01664,1.01685,1.50,3.10
2012.07.26 14:33:02.854,1.01664,1.01685,1.50,1.60
2012.07.26 14:33:02.968,1.01661,1.01682,3.00,1.50
2012.07.26 14:33:03.445,1.01658,1.01679,4.34,1.50
2012.07.26 14:33:03.882,1.01658,1.01677,2.84,1.50
2012.07.26 14:33:04.211,1.01656,1.01677,1.50,1.50
2012.07.26 14:33:04.326,1.01658,1.01677,2.18,1.50
2012.07.26 14:33:04.440,1.01656,1.01677,1.50,1.60
2012.07.26 14:33:04.499,1.01658,1.01679,1.50,1.60
2012.07.26 14:33:05.083,1.01657,1.01677,1.50,1.60
2012.07.26 14:33:05.315,1.01654,1.01677,2.54,1.60
2012.07.26 14:33:05.570,1.01656,1.01678,1.50,1.60
2012.07.26 14:33:06.271,1.01655,1.01676,1.50,1.60
2012.07.26 14:33:06.659,1.01656,1.01676,1.41,1.50
2012.07.26 14:33:06.997,1.0166,1.0168,2.16,1.50
2012.07.26 14:33:07.275,1.01668,1.01688,1.50,1.60
2012.07.26 14:33:08.709,1.01668,1.01688,1.50,1.60
2012.07.26 14:33:09.250,1.01668,1.01685,1.50,1.60
2012.07.26 14:33:09.311,1.01662,1.01684,1.50,1.60
2012.07.26 14:33:09.426,1.01661,1.01681,1.50,1.60
2012.07.26 14:33:09.541,1.01658,1.01676,2.18,1.60
2012.07.26 14:33:09.601,1.01656,1.01676,1.50,3.10
2012.07.26 14:33:10.502,1.01654,1.01674,2.54,1.50
2012.07.26 14:33:10.762,1.01654,1.01674,2.54,1.50
2012.07.26 14:33:10.824,1.01658,1.01678,4.34,1.50
2012.07.26 14:33:11.272,1.01657,1.01678,1.50,1.60
2012.07.26 14:33:11.818,1.01654,1.01676,1.50,1.60
2012.07.26 14:33:12.159,1.01651,1.01671,2.16,1.50
2012.07.26 14:33:12.543,1.01657,1.0167,1.50,1.50
2012.07.26 14:33:12.819,1.01659,1.01679,2.16,1.50
2012.07.26 14:33:12.931,1.01659,1.01681,2.16,1.88
2012.07.26 14:33:13.477,1.01663,1.01684,1.50,1.97
2012.07.26 14:33:13.536,1.01663,1.01684,1.50,1.60
2012.07.26 14:33:14.041,1.01657,1.0168,1.50,1.60
2012.07.26 14:33:14.157,1.0166,1.01683,1.50,1.60
2012.07.26 14:33:14.493,1.01657,1.0168,4.34,1.50
2012.07.26 14:33:15.059,1.0166,1.0168,2.16,1.50
2012.07.26 14:33:15.120,1.01662,1.01685,1.50,1.60
2012.07.26 14:33:15.694,1.01661,1.01683,1.50,1.50
2012.07.26 14:33:16.199,1.0166,1.01683,2.16,1.50
2012.07.26 14:33:17.802,1.0166,1.01683,1.50,1.60
2012.07.26 14:33:18.025,1.01662,1.01683,1.50,1.60
2012.07.26 14:33:18.860,1.01662,1.01683,1.50,1.60
2012.07.26 14:33:19.543,1.01665,1.01685,1.50,1.50
2012.07.26 14:33:19.658,1.01662,1.01685,2.16,1.50
2012.07.26 14:33:20.766,1.01662,1.01682,2.16,1.50
2012.07.26 14:33:21.104,1.0166,1.0168,3.66,1.50
2012.07.26 14:33:21.330,1.01661,1.01683,2.16,3.00
2012.07.26 14:33:21.552,1.01659,1.01679,2.16,1.50
2012.07.26 14:33:22.174,1.01657,1.01679,2.16,1.50
2012.07.26 14:33:22.343,1.0166,1.01681,2.16,1.50
2012.07.26 14:33:22.403,1.0166,1.01681,1.50,1.60
2012.07.26 14:33:22.518,1.0166,1.01681,1.50,1.50
2012.07.26 14:33:22.633,1.0166,1.01681,2.16,1.50
2012.07.26 14:33:22.694,1.01662,1.01683,2.16,1.50
2012.07.26 14:33:23.080,1.01659,1.01677,2.16,1.50
2012.07.26 14:33:23.140,1.01656,1.01677,2.16,1.50
2012.07.26 14:33:23.232,1.01656,1.01677,1.50,1.60
2012.07.26 14:33:23.291,1.01658,1.01678,1.50,1.60
2012.07.26 14:33:23.859,1.01658,1.01678,2.16,1.50
2012.07.26 14:33:24.190,1.01656,1.01676,2.16,1.50
2012.07.26 14:33:24.250,1.01661,1.01681,1.50,3.10
2012.07.26 14:33:24.473,1.01661,1.01681,1.50,1.97
2012.07.26 14:33:24.803,1.01661,1.01681,1.50,1.60
2012.07.26 14:33:25.117,1.01661,1.01681,1.50,1.60
2012.07.26 14:33:25.480,1.01658,1.01678,1.50,1.50
2012.07.26 14:33:25.594,1.01656,1.01677,1.41,1.50
2012.07.26 14:33:25.653,1.01655,1.01677,2.16,1.50
2012.07.26 14:33:25.975,1.01654,1.01675,1.04,1.50
2012.07.26 14:33:26.428,1.01662,1.01683,1.50,1.60
2012.07.26 14:33:26.487,1.01662,1.01683,1.50,1.60
2012.07.26 14:33:26.546,1.0166,1.01681,1.50,1.50
2012.07.26 14:33:26.830,1.01661,1.01684,1.50,3.10
2012.07.26 14:33:27.171,1.01661,1.01684,1.50,1.60
2012.07.26 14:33:27.730,1.0166,1.01681,1.50,1.60
2012.07.26 14:33:28.143,1.01662,1.01683,1.50,1.60
2012.07.26 14:33:28.862,1.01663,1.01686,1.50,1.60
2012.07.26 14:33:29.501,1.01662,1.01683,1.50,1.60
2012.07.26 14:33:29.561,1.01665,1.01688,1.50,1.60
2012.07.26 14:33:29.676,1.01661,1.01684,1.50,1.60
2012.07.26 14:33:30.008,1.01663,1.01686,1.50,1.60
2012.07.26 14:33:30.422,1.01666,1.01687,1.50,1.60
2012.07.26 14:33:30.971,1.01668,1.01689,2.16,1.50
2012.07.26 14:33:31.338,1.01668,1.0169,5.18,1.60
2012.07.26 14:33:31.399,1.0167,1.01692,1.50,2.35
2012.07.26 14:33:31.460,1.01667,1.01689,2.16,1.60
2012.07.26 14:33:31.519,1.01667,1.01689,1.50,1.60
2012.07.26 14:33:31.981,1.01665,1.01687,1.50,1.60
2012.07.26 14:33:32.753,1.01665,1.01687,2.16,1.60
2012.07.26 14:33:33.170,1.01666,1.01689,1.50,1.50
2012.07.26 14:33:34.905,1.01666,1.01688,1.50,1.50
2012.07.26 14:33:35.075,1.01664,1.01685,1.88,1.60
2012.07.26 14:33:35.251,1.01661,1.01683,1.50,1.50
2012.07.26 14:33:35.325,1.01663,1.01683,1.50,1.50
2012.07.26 14:33:35.656,1.01666,1.01687,2.16,1.50
2012.07.26 14:33:36.150,1.01667,1.01685,1.50,2.20
2012.07.26 14:33:36.425,1.01665,1.01685,3.00,2.20
2012.07.26 14:33:36.976,1.01661,1.01678,1.41,1.50
2012.07.26 14:33:37.036,1.01661,1.01678,1.41,1.50
2012.07.26 14:33:37.095,1.01661,1.01675,1.41,1.50
2012.07.26 14:33:37.482,1.01661,1.01679,1.41,1.50
2012.07.26 14:33:37.543,1.01661,1.01679,1.41,1.50
2012.07.26 14:33:37.602,1.01666,1.01686,1.50,1.50
2012.07.26 14:33:37.848,1.01663,1.01685,3.66,1.50
2012.07.26 14:33:37.916,1.01663,1.01685,2.16,1.50
2012.07.26 14:33:38.140,1.01662,1.01685,2.16,3.00
2012.07.26 14:33:38.426,1.01664,1.01685,1.50,1.50
2012.07.26 14:33:38.485,1.01666,1.01689,1.50,1.60
2012.07.26 14:33:38.760,1.01667,1.01687,2.16,1.50
2012.07.26 14:33:38.820,1.01668,1.01691,2.16,1.50
2012.07.26 14:33:39.373,1.01667,1.01688,4.34,1.50
2012.07.26 14:33:39.596,1.01666,1.01688,1.50,1.60
2012.07.26 14:33:39.655,1.01665,1.01685,1.50,1.50
2012.07.26 14:33:39.769,1.01664,1.01687,2.16,1.50
2012.07.26 14:33:40.322,1.0167,1.0169,1.50,1.50
2012.07.26 14:33:40.562,1.01668,1.01689,1.50,1.50
2012.07.26 14:33:41.673,1.01668,1.01689,2.16,1.50
2012.07.26 14:33:41.789,1.01668,1.01689,1.50,1.50
2012.07.26 14:33:42.121,1.01667,1.01687,1.50,1.50
2012.07.26 14:33:42.451,1.01669,1.01689,1.50,3.00
2012.07.26 14:33:43.146,1.01671,1.01691,1.50,3.00
2012.07.26 14:33:43.500,1.01668,1.01689,1.04,1.50
2012.07.26 14:33:43.648,1.01668,1.01689,1.04,1.50
2012.07.26 14:33:43.762,1.0167,1.01691,2.16,1.50
2012.07.26 14:33:44.488,1.01668,1.0169,2.54,1.50
2012.07.26 14:33:45.130,1.01668,1.01689,2.54,1.50
2012.07.26 14:33:45.673,1.01668,1.0169,2.16,1.50
2012.07.26 14:33:45.742,1.01667,1.01688,4.34,1.50
2012.07.26 14:33:45.856,1.01667,1.01688,2.18,2.20
2012.07.26 14:33:45.970,1.01667,1.01688,2.18,2.20
2012.07.26 14:33:46.086,1.01664,1.01686,1.50,1.60
2012.07.26 14:33:46.417,1.01664,1.01686,1.50,1.60
2012.07.26 14:33:46.532,1.01664,1.01683,1.50,2.27
2012.07.26 14:33:46.649,1.0166,1.01681,1.50,1.60
2012.07.26 14:33:47.037,1.01661,1.01683,1.50,1.50
2012.07.26 14:33:47.467,1.01661,1.01681,1.50,1.50
2012.07.26 14:33:48.499,1.01663,1.01684,1.50,1.50
2012.07.26 14:33:48.666,1.01663,1.01684,1.50,1.60
2012.07.26 14:33:48.835,1.01665,1.01686,1.50,1.60
2012.07.26 14:33:49.120,1.01667,1.01687,1.50,1.60
2012.07.26 14:33:49.373,1.01665,1.01687,1.50,1.60
2012.07.26 14:33:50.075,1.01665,1.01685,1.50,1.50
2012.07.26 14:33:50.189,1.01663,1.01685,1.50,1.50
2012.07.26 14:33:50.411,1.01661,1.01682,2.16,1.50
2012.07.26 14:33:50.733,1.01665,1.01687,1.50,1.60
2012.07.26 14:33:50.901,1.01663,1.01685,1.50,1.50
2012.07.26 14:33:51.165,1.01663,1.01685,2.16,1.50
2012.07.26 14:33:51.226,1.01666,1.01689,2.16,1.50
2012.07.26 14:33:51.735,1.01669,1.0169,1.50,3.10
2012.07.26 14:33:51.996,1.01666,1.01689,3.00,1.60
2012.07.26 14:33:52.591,1.01666,1.01689,1.50,1.50
2012.07.26 14:33:52.759,1.01666,1.01689,2.16,1.50
2012.07.26 14:33:52.872,1.01669,1.01691,2.16,1.50
2012.07.26 14:33:52.987,1.01673,1.01693,1.50,1.60
2012.07.26 14:33:53.309,1.0167,1.01693,3.66,1.50
2012.07.26 14:33:53.837,1.0167,1.01693,2.16,1.50
2012.07.26 14:33:53.897,1.0167,1.01693,1.50,1.60
2012.07.26 14:33:54.267,1.0167,1.0169,1.50,1.60
2012.07.26 14:33:54.327,1.01668,1.01691,1.50,1.60
2012.07.26 14:33:54.387,1.01668,1.01691,1.50,1.50
2012.07.26 14:33:54.448,1.01665,1.01687,2.16,1.50
2012.07.26 14:33:54.828,1.01671,1.01691,1.50,1.50
2012.07.26 14:33:55.322,1.01669,1.01689,3.00,1.50
2012.07.26 14:33:56.055,1.01668,1.0169,3.00,1.60
2012.07.26 14:33:57.341,1.01668,1.0169,1.50,1.60
2012.07.26 14:33:58.168,1.01665,1.01687,1.50,1.60
2012.07.26 14:33:58.554,1.01668,1.01688,1.50,1.50
2012.07.26 14:33:59.713,1.0167,1.0169,1.50,3.00
2012.07.26 14:34:00.276,1.01672,1.01692,1.50,1.60
2012.07.26 14:34:00.608,1.0167,1.01692,1.50,1.60
2012.07.26 14:34:00.833,1.01668,1.0169,3.00,1.60
2012.07.26 14:34:00.946,1.01671,1.01691,1.50,1.60
2012.07.26 14:34:01.866,1.01671,1.01691,1.50,1.50
2012.07.26 14:34:02.188,1.01667,1.01687,1.50,1.50
2012.07.26 14:34:02.598,1.01664,1.01687,1.50,1.50
2012.07.26 14:34:02.820,1.01663,1.01685,1.88,1.50
2012.07.26 14:34:03.252,1.01667,1.01686,1.50,1.50
2012.07.26 14:34:03.487,1.01668,1.0169,1.50,1.60
2012.07.26 14:34:03.601,1.0167,1.01692,1.50,3.47
2012.07.26 14:34:03.661,1.0167,1.01692,1.50,3.38
2012.07.26 14:34:03.721,1.01669,1.01689,1.50,1.50
2012.07.26 14:34:04.273,1.01668,1.0169,1.50,1.50
2012.07.26 14:34:04.773,1.01667,1.01687,1.50,1.50
2012.07.26 14:34:05.441,1.01669,1.01691,1.50,1.88
2012.07.26 14:34:07.618,1.01669,1.01689,1.50,1.50
2012.07.26 14:34:07.678,1.01666,1.01688,1.50,1.50
2012.07.26 14:34:07.791,1.01665,1.01685,1.50,1.50
2012.07.26 14:34:08.445,1.01667,1.01687,1.50,1.50
2012.07.26 14:34:08.638,1.01668,1.0169,1.50,1.60
2012.07.26 14:34:08.785,1.01666,1.01688,3.00,1.50
2012.07.26 14:34:09.529,1.01666,1.01686,1.50,1.50
2012.07.26 14:34:10.470,1.01665,1.01687,1.50,1.50
2012.07.26 14:34:11.002,1.01665,1.01687,1.50,1.60
2012.07.26 14:34:12.245,1.01665,1.01685,1.50,1.50
2012.07.26 14:34:12.304,1.01662,1.01684,2.25,1.50
2012.07.26 14:34:12.484,1.01665,1.01684,1.50,1.50
2012.07.26 14:34:12.767,1.01669,1.01691,1.50,1.60
2012.07.26 14:34:13.070,1.01668,1.01687,1.50,1.50
2012.07.26 14:34:13.347,1.01661,1.01683,1.50,1.50
2012.07.26 14:34:13.629,1.01663,1.01683,1.50,1.50
2012.07.26 14:34:13.688,1.01663,1.01685,3.00,1.50
2012.07.26 14:34:13.747,1.01665,1.01685,1.50,1.50
2012.07.26 14:34:13.843,1.01663,1.01685,1.50,1.50
2012.07.26 14:34:14.575,1.01661,1.01683,2.25,1.50
2012.07.26 14:34:14.906,1.01664,1.01684,1.50,1.50
2012.07.26 14:34:15.020,1.01661,1.01683,1.50,1.50
2012.07.26 14:34:15.352,1.01663,1.01685,1.50,1.50
2012.07.26 14:34:15.808,1.01665,1.01688,1.50,1.50
2012.07.26 14:34:15.868,1.01665,1.01686,1.50,1.50
2012.07.26 14:34:16.144,1.01662,1.01685,1.88,1.60
2012.07.26 14:34:16.204,1.01662,1.01682,1.88,2.18
2012.07.26 14:34:16.492,1.01661,1.01682,1.50,1.50
2012.07.26 14:34:16.661,1.01658,1.01678,2.16,1.50
2012.07.26 14:34:16.720,1.01655,1.01678,2.16,1.50
2012.07.26 14:34:16.780,1.01658,1.0168,1.50,3.00
2012.07.26 14:34:17.123,1.01662,1.01684,1.50,1.50
2012.07.26 14:34:17.693,1.01663,1.01683,1.50,1.50
2012.07.26 14:34:18.057,1.01662,1.01681,1.50,1.50
2012.07.26 14:34:18.228,1.01664,1.01685,1.50,1.50
2012.07.26 14:34:18.342,1.01665,1.01687,1.50,1.88
2012.07.26 14:34:18.402,1.01665,1.01685,1.50,1.50
2012.07.26 14:34:18.571,1.01661,1.01682,1.50,1.50
2012.07.26 14:34:19.437,1.01663,1.01685,1.50,3.00
2012.07.26 14:34:19.662,1.01668,1.01686,2.18,3.00
2012.07.26 14:34:19.777,1.01664,1.01684,1.50,1.50
2012.07.26 14:34:20.003,1.01662,1.01683,1.50,1.50
2012.07.26 14:34:20.117,1.0166,1.01679,1.50,1.50
2012.07.26 14:34:20.636,1.01656,1.01679,2.25,1.50
2012.07.26 14:34:21.241,1.01656,1.01679,2.25,1.50
2012.07.26 14:34:21.440,1.01663,1.01681,1.50,1.50
2012.07.26 14:34:21.499,1.01663,1.01685,1.50,1.50
2012.07.26 14:34:21.831,1.01662,1.01682,1.88,1.50
2012.07.26 14:34:22.000,1.01664,1.01684,1.50,1.50
2012.07.26 14:34:22.061,1.01663,1.01686,1.50,1.50
2012.07.26 14:34:22.177,1.01666,1.01687,1.50,1.50
2012.07.26 14:34:22.641,1.01663,1.01684,1.50,1.50
2012.07.26 14:34:22.956,1.01666,1.01687,1.50,1.60
2012.07.26 14:34:23.237,1.01664,1.01685,3.00,1.50
2012.07.26 14:34:23.296,1.01664,1.01682,1.50,1.50
2012.07.26 14:34:23.356,1.01661,1.01682,1.50,1.50
2012.07.26 14:34:23.525,1.01663,1.01686,1.50,1.50
2012.07.26 14:34:23.638,1.01665,1.01688,1.50,1.60
2012.07.26 14:34:23.962,1.01665,1.01688,1.50,1.60
2012.07.26 14:34:24.075,1.01664,1.01687,1.50,1.50
2012.07.26 14:34:25.347,1.01664,1.01687,1.50,1.97
2012.07.26 14:34:25.516,1.01655,1.01675,3.00,1.50
2012.07.26 14:34:25.823,1.01657,1.01677,1.50,3.00
2012.07.26 14:34:26.453,1.01656,1.01678,1.50,1.50
2012.07.26 14:34:26.785,1.01659,1.01679,1.50,1.50
2012.07.26 14:34:27.126,1.01652,1.01672,2.91,1.50
2012.07.26 14:34:27.468,1.01654,1.01672,1.50,1.50
2012.07.26 14:34:27.528,1.01659,1.01679,1.50,1.50
2012.07.26 14:34:28.206,1.01657,1.01678,1.50,1.50
2012.07.26 14:34:28.760,1.01658,1.01679,1.50,1.50
2012.07.26 14:34:28.875,1.0166,1.01682,1.50,3.00
2012.07.26 14:34:29.796,1.0166,1.01681,1.50,1.50
2012.07.26 14:34:29.855,1.01659,1.01679,3.00,1.50
2012.07.26 14:34:29.914,1.0166,1.01682,1.50,1.50
2012.07.26 14:34:32.043,1.01661,1.01681,1.50,1.50
2012.07.26 14:34:32.372,1.01658,1.01678,1.50,1.50
2012.07.26 14:34:32.874,1.01657,1.01679,2.25,1.50
2012.07.26 14:34:33.216,1.01661,1.01681,1.50,1.60
2012.07.26 14:34:33.382,1.01659,1.01679,1.50,1.50
2012.07.26 14:34:33.657,1.01657,1.01679,2.25,1.50
2012.07.26 14:34:34.524,1.01659,1.01681,1.50,1.50
2012.07.26 14:34:35.096,1.01658,1.01678,1.50,1.50
2012.07.26 14:34:35.156,1.01659,1.01681,1.50,1.50
2012.07.26 14:34:35.339,1.01661,1.01682,1.50,1.50
2012.07.26 14:34:35.678,1.01658,1.01681,3.00,1.88
2012.07.26 14:34:36.010,1.01657,1.01679,2.93,1.50
2012.07.26 14:34:36.179,1.01654,1.01677,1.50,1.50
2012.07.26 14:34:36.727,1.01655,1.01677,1.50,1.50
2012.07.26 14:34:36.787,1.01657,1.0168,1.50,1.50
2012.07.26 14:34:37.916,1.01657,1.0168,2.16,1.50
2012.07.26 14:34:38.271,1.01661,1.01684,1.50,1.60
2012.07.26 14:34:38.905,1.0166,1.01681,1.50,1.50
2012.07.26 14:34:39.264,1.01657,1.01679,1.41,1.50
2012.07.26 14:34:39.772,1.01656,1.01679,1.50,1.60
2012.07.26 14:34:40.070,1.01657,1.01677,1.50,1.60
2012.07.26 14:34:40.249,1.01659,1.0168,1.50,1.60
2012.07.26 14:34:40.641,1.01659,1.01681,2.25,1.60
2012.07.26 14:34:40.757,1.01661,1.01681,1.41,1.50
2012.07.26 14:34:40.937,1.01662,1.01684,2.16,1.50
2012.07.26 14:34:41.050,1.01666,1.01686,1.50,1.60
2012.07.26 14:34:41.383,1.01663,1.01683,1.50,1.60
2012.07.26 14:34:41.849,1.0166,1.0168,3.00,1.50
2012.07.26 14:34:42.198,1.01662,1.01682,1.50,1.50
2012.07.26 14:34:43.487,1.01662,1.01682,1.50,1.60
2012.07.26 14:34:43.904,1.01662,1.01682,1.50,1.50
2012.07.26 14:34:44.321,1.01658,1.0168,1.50,1.60
2012.07.26 14:34:44.823,1.01657,1.01677,1.50,1.50
2012.07.26 14:34:44.882,1.01653,1.01674,2.16,1.50
2012.07.26 14:34:45.213,1.01651,1.01673,2.16,1.50
2012.07.26 14:34:45.649,1.01653,1.01676,1.50,1.60
2012.07.26 14:34:46.640,1.01655,1.01678,2.16,1.50
2012.07.26 14:34:47.963,1.01654,1.01675,2.16,1.50
2012.07.26 14:34:48.295,1.01656,1.01678,2.16,1.50
2012.07.26 14:34:48.409,1.01655,1.01676,2.16,1.50
2012.07.26 14:34:48.960,1.01654,1.01676,2.16,1.50
2012.07.26 14:34:49.308,1.0165,1.0167,1.50,1.60
2012.07.26 14:34:49.519,1.01648,1.01669,1.50,1.60
2012.07.26 14:34:49.634,1.01646,1.01667,1.50,1.60
2012.07.26 14:34:50.091,1.01643,1.01666,3.66,1.50
2012.07.26 14:34:50.205,1.01645,1.01668,1.50,1.50
2012.07.26 14:34:51.972,1.01645,1.01668,2.16,1.50
2012.07.26 14:34:52.356,1.01648,1.01669,2.16,1.50
2012.07.26 14:34:52.534,1.01649,1.01672,2.16,3.00
2012.07.26 14:34:52.595,1.01648,1.0167,2.16,1.50
2012.07.26 14:34:54.508,1.01647,1.0167,3.68,1.50
2012.07.26 14:34:55.001,1.01646,1.01667,2.16,1.50
2012.07.26 14:34:55.620,1.01646,1.01667,2.16,1.50
2012.07.26 14:34:55.790,1.01647,1.01669,2.16,3.00
2012.07.26 14:34:56.122,1.01649,1.01671,1.50,1.50
2012.07.26 14:34:56.463,1.01647,1.0167,1.50,1.60
2012.07.26 14:34:57.094,1.01643,1.01664,2.16,1.50
2012.07.26 14:34:57.605,1.01643,1.01665,2.16,1.50
2012.07.26 14:34:58.241,1.01644,1.01664,2.16,1.50
2012.07.26 14:34:58.649,1.01644,1.01667,1.50,3.10
2012.07.26 14:35:00.071,1.01645,1.01667,1.50,1.50
2012.07.26 14:35:00.603,1.01646,1.01666,2.16,1.50
2012.07.26 14:35:00.770,1.01643,1.01665,2.16,1.50
2012.07.26 14:35:01.163,1.01643,1.01665,2.16,1.50
2012.07.26 14:35:01.231,1.01646,1.01668,2.16,1.50
2012.07.26 14:35:01.292,1.01646,1.01668,2.16,1.50
2012.07.26 14:35:01.515,1.01652,1.0167,1.50,1.50
2012.07.26 14:35:01.630,1.01647,1.01669,2.16,1.50
2012.07.26 14:35:01.691,1.01647,1.01669,1.50,1.50
2012.07.26 14:35:02.235,1.01648,1.01668,1.50,1.50
2012.07.26 14:35:03.203,1.01645,1.01667,1.50,1.50
2012.07.26 14:35:03.318,1.01644,1.01664,2.54,1.50
2012.07.26 14:35:03.542,1.01645,1.01667,2.16,1.50
2012.07.26 14:35:03.828,1.01645,1.01665,1.50,1.50
2012.07.26 14:35:03.892,1.01644,1.01667,3.38,1.50
2012.07.26 14:35:04.309,1.01643,1.01665,2.54,1.50
2012.07.26 14:35:04.869,1.01642,1.01663,1.04,1.50
2012.07.26 14:35:04.929,1.0164,1.01663,2.16,1.50
2012.07.26 14:35:05.488,1.01643,1.01664,1.50,1.50
2012.07.26 14:35:05.687,1.01641,1.01662,2.16,1.50
2012.07.26 14:35:05.884,1.01642,1.01664,2.16,1.50
2012.07.26 14:35:06.616,1.01642,1.01665,2.16,1.50
2012.07.26 14:35:06.746,1.0164,1.01663,2.16,1.50
2012.07.26 14:35:07.290,1.01643,1.01664,1.50,1.50
2012.07.26 14:35:07.621,1.01644,1.01666,2.16,1.50
2012.07.26 14:35:07.972,1.01646,1.01667,1.41,1.50
2012.07.26 14:35:08.204,1.01649,1.0167,2.16,1.50
2012.07.26 14:35:08.754,1.01646,1.01669,2.91,1.50
2012.07.26 14:35:09.574,1.01646,1.01666,1.41,1.50
2012.07.26 14:35:09.980,1.01646,1.01666,1.41,1.50
2012.07.26 14:35:10.106,1.01646,1.01669,2.91,1.50
2012.07.26 14:35:10.227,1.01646,1.01666,1.41,1.50
2012.07.26 14:35:10.295,1.01646,1.01669,2.91,3.00
2012.07.26 14:35:11.160,1.01651,1.01671,2.16,1.50
2012.07.26 14:35:11.696,1.01651,1.01672,2.16,1.50
2012.07.26 14:35:12.880,1.01651,1.01672,1.50,1.50
2012.07.26 14:35:13.054,1.01655,1.01676,1.50,1.60
2012.07.26 14:35:13.394,1.01652,1.01674,1.50,1.60
2012.07.26 14:35:13.566,1.01651,1.0167,2.16,1.50
2012.07.26 14:35:13.734,1.0165,1.0167,1.50,3.00
2012.07.26 14:35:13.849,1.01648,1.01668,3.66,1.50
2012.07.26 14:35:13.969,1.01651,1.0167,2.16,1.50
2012.07.26 14:35:14.083,1.01652,1.01674,2.16,3.00
2012.07.26 14:35:14.625,1.01652,1.01672,2.16,1.50
2012.07.26 14:35:15.493,1.01654,1.01674,1.50,1.50
2012.07.26 14:35:15.825,1.01652,1.01672,3.66,1.50
2012.07.26 14:35:15.885,1.01653,1.01675,1.50,1.50
2012.07.26 14:35:16.716,1.01653,1.01675,1.50,1.60
2012.07.26 14:35:16.777,1.01651,1.01673,1.50,1.60
2012.07.26 14:35:17.007,1.01649,1.01671,1.50,1.50
2012.07.26 14:35:17.388,1.01653,1.01673,1.50,1.50
2012.07.26 14:35:17.650,1.01654,1.01677,1.50,1.60
2012.07.26 14:35:18.160,1.01654,1.01677,2.16,1.50
2012.07.26 14:35:18.276,1.01652,1.01675,1.50,1.50
2012.07.26 14:35:18.444,1.01652,1.01675,2.91,1.50
2012.07.26 14:35:18.806,1.01653,1.01675,2.16,1.50
2012.07.26 14:35:18.919,1.01655,1.01677,2.16,1.50
2012.07.26 14:35:19.143,1.01654,1.01674,1.04,1.50
2012.07.26 14:35:19.311,1.01652,1.01674,1.04,1.50
2012.07.26 14:35:19.483,1.01652,1.01671,1.04,1.50
2012.07.26 14:35:19.708,1.01655,1.01673,1.50,1.50
2012.07.26 14:35:19.767,1.01655,1.01675,1.50,1.50
2012.07.26 14:35:21.099,1.01655,1.01675,2.16,1.50
2012.07.26 14:35:21.212,1.01658,1.01675,2.84,1.50
2012.07.26 14:35:21.513,1.01655,1.01675,1.50,1.50
2012.07.26 14:35:21.581,1.01659,1.01679,1.50,3.10
2012.07.26 14:35:21.806,1.01655,1.01677,1.50,1.60
2012.07.26 14:35:22.235,1.01658,1.01678,1.50,1.60
2012.07.26 14:35:22.405,1.01651,1.01671,2.16,1.50
2012.07.26 14:35:22.947,1.01651,1.01671,2.25,1.50
2012.07.26 14:35:23.241,1.01649,1.01669,1.41,1.50
2012.07.26 14:35:23.328,1.0165,1.01671,2.25,1.50
2012.07.26 14:35:23.490,1.0165,1.01672,1.50,1.50
2012.07.26 14:35:23.801,1.0165,1.0167,1.50,1.50
2012.07.26 14:35:24.162,1.01647,1.01667,1.50,1.60
2012.07.26 14:35:24.387,1.01643,1.01666,1.50,1.50
2012.07.26 14:35:24.556,1.01643,1.01666,2.25,1.50
2012.07.26 14:35:24.680,1.01643,1.01666,1.50,3.00
2012.07.26 14:35:24.741,1.01643,1.01666,1.50,3.10
2012.07.26 14:35:25.077,1.01645,1.01665,1.50,1.60
2012.07.26 14:35:25.138,1.01642,1.01664,1.50,1.60
2012.07.26 14:35:25.457,1.01638,1.01656,1.50,1.50
2012.07.26 14:35:25.572,1.01635,1.01656,2.25,1.50
2012.07.26 14:35:25.687,1.01636,1.01659,2.25,1.60
2012.07.26 14:35:25.919,1.01636,1.01659,2.25,1.60
2012.07.26 14:35:25.979,1.01636,1.01659,2.91,1.50
2012.07.26 14:35:26.148,1.01636,1.01656,1.41,1.50
2012.07.26 14:35:26.528,1.01636,1.01656,1.41,1.50
2012.07.26 14:35:26.642,1.01636,1.01656,1.35,1.50
2012.07.26 14:35:26.758,1.01636,1.01656,2.01,1.50
2012.07.26 14:35:26.817,1.01641,1.01663,1.50,1.50
2012.07.26 14:35:27.384,1.0164,1.0166,2.16,1.50
2012.07.26 14:35:27.664,1.01637,1.01658,2.91,1.50
2012.07.26 14:35:28.533,1.01637,1.01657,2.25,1.50
2012.07.26 14:35:28.930,1.0164,1.01657,1.41,1.50
2012.07.26 14:35:29.217,1.01644,1.01666,1.50,1.50
2012.07.26 14:35:29.556,1.01646,1.01666,1.50,1.50
2012.07.26 14:35:29.617,1.01644,1.01665,1.50,1.50
2012.07.26 14:35:30.129,1.01643,1.01665,1.50,1.50
2012.07.26 14:35:30.716,1.01644,1.01664,1.50,1.50
2012.07.26 14:35:31.151,1.01645,1.01664,1.41,1.50
2012.07.26 14:35:31.320,1.01645,1.01667,2.91,1.50
2012.07.26 14:35:31.434,1.01645,1.01664,1.41,1.50
2012.07.26 14:35:31.493,1.01646,1.01666,1.50,1.50
2012.07.26 14:35:33.777,1.01644,1.01664,2.16,3.00
2012.07.26 14:35:34.124,1.01641,1.01661,2.16,1.50
2012.07.26 14:35:34.688,1.01639,1.01659,2.16,1.50
2012.07.26 14:35:34.752,1.01642,1.01664,2.16,3.00
2012.07.26 14:35:34.813,1.01642,1.01662,2.16,1.50
2012.07.26 14:35:35.118,1.01644,1.01664,1.50,3.00
2012.07.26 14:35:35.667,1.01642,1.01662,3.66,1.50
2012.07.26 14:35:36.004,1.01645,1.01665,1.50,1.50
2012.07.26 14:35:36.283,1.01642,1.01664,3.66,1.50
2012.07.26 14:35:36.343,1.01641,1.01662,1.41,1.50
2012.07.26 14:35:36.943,1.01642,1.01664,2.16,3.00
2012.07.26 14:35:37.174,1.01641,1.01662,2.91,1.50
2012.07.26 14:35:37.536,1.01641,1.01662,1.41,1.50
2012.07.26 14:35:37.651,1.01646,1.01666,1.50,1.50
2012.07.26 14:35:37.876,1.01642,1.01665,2.16,1.50
2012.07.26 14:35:37.992,1.01639,1.01661,1.79,1.50
2012.07.26 14:35:38.269,1.01638,1.01661,2.16,1.50
2012.07.26 14:35:38.442,1.01637,1.01657,1.41,1.50
2012.07.26 14:35:39.066,1.01638,1.01658,2.16,1.50
2012.07.26 14:35:39.821,1.01643,1.01663,1.50,1.50
2012.07.26 14:35:39.992,1.01643,1.01663,2.16,1.50
2012.07.26 14:35:40.216,1.01642,1.01665,2.16,1.50
2012.07.26 14:35:40.548,1.01642,1.01665,2.16,3.00
2012.07.26 14:35:40.607,1.0164,1.01663,2.16,1.50
2012.07.26 14:35:41.310,1.0164,1.01663,2.16,1.50
2012.07.26 14:35:41.369,1.01643,1.01665,2.16,3.00
2012.07.26 14:35:41.537,1.01643,1.01665,2.16,1.50
2012.07.26 14:35:41.871,1.01638,1.01658,1.50,1.50
2012.07.26 14:35:42.204,1.01637,1.01656,2.84,1.50
2012.07.26 14:35:43.303,1.0164,1.0166,1.50,1.50
2012.07.26 14:35:43.362,1.0164,1.0166,2.25,1.50
2012.07.26 14:35:43.707,1.01645,1.01665,1.50,1.50
2012.07.26 14:35:44.074,1.01642,1.01663,2.91,1.50
2012.07.26 14:35:44.585,1.01639,1.01661,2.16,1.50
2012.07.26 14:35:45.067,1.01643,1.01663,1.50,1.50
2012.07.26 14:35:45.413,1.01641,1.01661,1.50,1.50
2012.07.26 14:35:45.757,1.01634,1.01656,2.16,1.50
2012.07.26 14:35:46.446,1.01637,1.01657,2.16,1.50
2012.07.26 14:35:47.114,1.01639,1.01659,1.50,1.50
2012.07.26 14:35:47.589,1.01641,1.01661,1.50,3.00
2012.07.26 14:35:47.996,1.01643,1.01663,1.50,1.50
2012.07.26 14:35:48.341,1.01639,1.01659,4.79,1.50
2012.07.26 14:35:48.510,1.01639,1.01657,1.04,1.50
2012.07.26 14:35:50.129,1.01638,1.01657,1.04,1.50
2012.07.26 14:35:50.578,1.01638,1.01658,5.31,1.50
2012.07.26 14:35:50.639,1.0164,1.0166,2.16,1.50
2012.07.26 14:35:51.262,1.01638,1.01659,3.21,1.50
2012.07.26 14:35:51.430,1.01637,1.01659,4.71,1.50
2012.07.26 14:35:51.600,1.01635,1.01657,2.16,1.50
2012.07.26 14:35:51.953,1.01638,1.01659,2.84,1.50
2012.07.26 14:35:52.255,1.01638,1.01657,2.84,1.50
2012.07.26 14:35:52.657,1.01638,1.01658,1.50,1.60
2012.07.26 14:35:52.937,1.01635,1.01655,3.00,1.60
2012.07.26 14:35:53.271,1.01637,1.01657,1.50,3.10
2012.07.26 14:35:53.653,1.01634,1.01656,1.50,1.60
2012.07.26 14:35:54.162,1.01634,1.01656,1.50,1.50
2012.07.26 14:35:54.351,1.01636,1.01657,1.50,1.50
2012.07.26 14:35:54.609,1.01638,1.01661,1.50,1.60
2012.07.26 14:35:55.930,1.01638,1.01661,1.50,1.50
2012.07.26 14:35:55.990,1.01637,1.01658,1.50,1.50
2012.07.26 14:35:56.529,1.01636,1.01658,1.41,1.50
2012.07.26 14:35:56.912,1.01638,1.01659,1.50,1.50
2012.07.26 14:35:57.113,1.01639,1.01661,1.50,1.50
2012.07.26 14:35:57.334,1.01636,1.01657,1.41,1.50
2012.07.26 14:35:57.556,1.01638,1.01659,1.50,1.50
2012.07.26 14:35:57.670,1.01637,1.01657,2.25,1.50
2012.07.26 14:35:58.015,1.01638,1.0166,1.50,1.60
2012.07.26 14:35:58.597,1.01638,1.0166,2.16,1.50
2012.07.26 14:35:58.717,1.01638,1.0166,1.50,1.60
2012.07.26 14:35:59.269,1.01635,1.01657,2.25,1.50
2012.07.26 14:36:00.344,1.01638,1.01658,1.50,1.60
2012.07.26 14:36:00.882,1.01638,1.01657,2.84,1.50
2012.07.26 14:36:01.115,1.01641,1.01661,1.50,1.50
2012.07.26 14:36:01.792,1.01639,1.01659,3.00,1.50
2012.07.26 14:36:02.319,1.01638,1.01658,2.18,1.50
2012.07.26 14:36:02.649,1.01638,1.01656,2.18,1.50
2012.07.26 14:36:03.050,1.01636,1.01656,1.50,1.50
2012.07.26 14:36:03.219,1.01633,1.01653,4.04,1.50
2012.07.26 14:36:03.551,1.01635,1.01655,1.50,1.50
2012.07.26 14:36:04.124,1.01634,1.01654,1.04,1.50
2012.07.26 14:36:05.002,1.01632,1.01654,1.88,1.50
2012.07.26 14:36:05.116,1.01632,1.01652,1.13,1.50
2012.07.26 14:36:05.651,1.01631,1.01651,3.75,1.50
2012.07.26 14:36:06.302,1.01631,1.01651,1.50,1.50
2012.07.26 14:36:07.560,1.01633,1.01654,1.50,1.50
2012.07.26 14:36:07.674,1.01631,1.01653,1.50,1.50
2012.07.26 14:36:08.706,1.01631,1.01653,1.50,1.60
2012.07.26 14:36:09.037,1.01622,1.01643,1.13,1.50
2012.07.26 14:36:09.510,1.01625,1.01646,1.50,1.60
2012.07.26 14:36:09.726,1.01622,1.01642,2.25,1.50
2012.07.26 14:36:09.792,1.01622,1.01644,2.25,1.50
2012.07.26 14:36:10.662,1.01623,1.01643,1.50,1.50
2012.07.26 14:36:12.492,1.01621,1.0164,1.50,1.50
2012.07.26 14:36:12.866,1.0162,1.0164,2.16,1.50
2012.07.26 14:36:13.180,1.01621,1.0164,1.41,1.50
2012.07.26 14:36:13.296,1.01623,1.01643,2.16,1.50
2012.07.26 14:36:13.469,1.01626,1.01646,1.50,1.50
2012.07.26 14:36:13.584,1.01624,1.01644,1.50,1.50
2012.07.26 14:36:14.111,1.01623,1.01645,2.16,1.50
2012.07.26 14:36:14.662,1.01626,1.01646,2.91,1.50
2012.07.26 14:36:14.998,1.01628,1.01648,1.50,1.50
2012.07.26 14:36:16.197,1.01628,1.01647,1.50,1.50
2012.07.26 14:36:16.513,1.01627,1.01645,2.84,1.50
2012.07.26 14:36:16.573,1.0163,1.01647,2.16,1.50
2012.07.26 14:36:16.688,1.01632,1.0165,1.41,1.50
2012.07.26 14:36:16.748,1.01634,1.01652,1.50,1.50
2012.07.26 14:36:16.808,1.01634,1.01654,1.50,1.60
2012.07.26 14:36:16.922,1.01631,1.01652,2.25,1.50
2012.07.26 14:36:17.213,1.01624,1.01646,1.50,1.60
2012.07.26 14:36:17.273,1.01624,1.01646,1.50,1.60
2012.07.26 14:36:17.666,1.01622,1.01642,2.25,1.50
2012.07.26 14:36:18.174,1.01624,1.01644,1.50,1.60
2012.07.26 14:36:18.495,1.01624,1.01644,1.50,1.60
2012.07.26 14:36:19.047,1.01624,1.01644,1.50,1.60
2012.07.26 14:36:19.251,1.01621,1.01642,2.25,1.50
2012.07.26 14:36:19.564,1.01625,1.01645,1.50,1.60
2012.07.26 14:36:20.444,1.01625,1.01647,1.50,1.60
2012.07.26 14:36:21.149,1.01624,1.01644,3.00,1.60
2012.07.26 14:36:21.481,1.01622,1.01641,1.50,1.50
2012.07.26 14:36:21.709,1.01618,1.01639,1.50,1.60
2012.07.26 14:36:21.823,1.01618,1.01639,1.50,1.60
2012.07.26 14:36:22.158,1.01616,1.01637,1.50,1.50
2012.07.26 14:36:22.218,1.01618,1.01637,2.18,1.50
2012.07.26 14:36:22.278,1.01619,1.0164,2.16,1.50
2012.07.26 14:36:22.338,1.01621,1.01642,1.50,3.10
2012.07.26 14:36:22.668,1.0162,1.01641,1.50,1.60
2012.07.26 14:36:23.090,1.01618,1.01638,1.50,1.50
2012.07.26 14:36:23.152,1.01615,1.01638,1.50,1.60
2012.07.26 14:36:24.335,1.01615,1.01636,1.50,1.50
2012.07.26 14:36:24.449,1.01613,1.01635,1.50,1.60
2012.07.26 14:36:24.952,1.01613,1.01635,1.50,1.60
2012.07.26 14:36:25.608,1.01613,1.01635,1.50,1.60
2012.07.26 14:36:26.195,1.01613,1.01635,1.50,1.60
2012.07.26 14:36:26.309,1.01619,1.01635,1.50,1.50
2012.07.26 14:36:26.368,1.01622,1.01642,1.50,1.97
2012.07.26 14:36:26.482,1.01622,1.01642,1.50,1.97
2012.07.26 14:36:26.705,1.01618,1.0164,1.50,1.60
2012.07.26 14:36:27.036,1.01618,1.0164,1.50,1.60
2012.07.26 14:36:27.267,1.01618,1.0164,1.50,1.60
2012.07.26 14:36:27.509,1.01621,1.01643,1.50,2.20
2012.07.26 14:36:27.568,1.01621,1.01643,1.50,2.20
2012.07.26 14:36:28.305,1.01621,1.01643,1.50,1.60
2012.07.26 14:36:28.965,1.01621,1.01641,1.50,1.60
2012.07.26 14:36:29.269,1.01624,1.01644,1.50,1.50
2012.07.26 14:36:29.602,1.01623,1.01641,1.50,1.60
2012.07.26 14:36:29.662,1.01618,1.01638,2.16,1.50
2012.07.26 14:36:29.721,1.01621,1.01641,1.50,1.60
2012.07.26 14:36:29.959,1.01619,1.0164,1.50,1.50
2012.07.26 14:36:30.489,1.0162,1.01642,2.16,1.50
2012.07.26 14:36:30.711,1.0162,1.01642,1.50,1.60
2012.07.26 14:36:30.879,1.01618,1.01641,1.88,1.50
2012.07.26 14:36:31.054,1.01617,1.01638,4.71,1.50
2012.07.26 14:36:31.354,1.01618,1.0164,1.50,1.50
2012.07.26 14:36:31.779,1.01619,1.01642,1.50,1.60
2012.07.26 14:36:31.948,1.01624,1.01644,1.50,3.10
2012.07.26 14:36:32.335,1.01626,1.01649,1.50,2.20
2012.07.26 14:36:32.594,1.01624,1.01647,1.50,1.60
2012.07.26 14:36:33.505,1.01626,1.01649,1.50,3.70
2012.07.26 14:36:33.566,1.01626,1.01649,1.50,1.60
2012.07.26 14:36:34.175,1.01625,1.01646,1.50,1.50
2012.07.26 14:36:34.775,1.01627,1.01649,1.50,1.60
2012.07.26 14:36:35.121,1.01631,1.01651,1.50,1.50
2012.07.26 14:36:35.639,1.01633,1.01653,1.50,1.60
2012.07.26 14:36:35.995,1.01635,1.01655,1.50,1.60
2012.07.26 14:36:36.109,1.01633,1.01653,1.50,1.60
2012.07.26 14:36:36.223,1.0163,1.01652,1.50,1.60
2012.07.26 14:36:36.337,1.01629,1.01649,2.16,1.50
2012.07.26 14:36:36.748,1.01629,1.01649,1.50,1.60
2012.07.26 14:36:37.250,1.01628,1.0165,1.50,1.60
2012.07.26 14:36:37.588,1.01626,1.01648,1.50,1.60
2012.07.26 14:36:38.059,1.01628,1.0165,1.50,1.60
2012.07.26 14:36:38.760,1.01629,1.01651,1.50,1.60
2012.07.26 14:36:38.874,1.01627,1.01649,1.50,1.50
2012.07.26 14:36:38.988,1.0163,1.0165,2.16,1.50
2012.07.26 14:36:39.086,1.01631,1.01653,1.50,3.10
2012.07.26 14:36:39.202,1.01631,1.01651,1.50,1.50
2012.07.26 14:36:39.370,1.01631,1.01653,1.50,3.10
2012.07.26 14:36:39.431,1.01627,1.01649,3.66,1.50
2012.07.26 14:36:40.028,1.01628,1.01648,2.16,1.50
2012.07.26 14:36:40.397,1.01628,1.01648,2.16,1.50
2012.07.26 14:36:40.716,1.01631,1.01653,2.16,1.50
2012.07.26 14:36:41.998,1.01631,1.01652,2.16,1.50
2012.07.26 14:36:42.300,1.01629,1.01651,2.16,1.50
2012.07.26 14:36:42.360,1.01626,1.01648,2.16,1.50
2012.07.26 14:36:42.419,1.01626,1.01648,2.16,1.50
2012.07.26 14:36:42.588,1.01629,1.01651,1.50,1.50
2012.07.26 14:36:43.208,1.0163,1.0165,2.16,1.50
2012.07.26 14:36:43.516,1.0163,1.0165,1.50,1.60
2012.07.26 14:36:44.905,1.01629,1.01649,1.50,1.60
2012.07.26 14:36:45.565,1.01627,1.01647,1.50,1.60
2012.07.26 14:36:45.787,1.0163,1.0165,1.50,1.60
2012.07.26 14:36:45.954,1.01628,1.01648,1.50,1.60
2012.07.26 14:36:46.140,1.01632,1.01651,1.50,1.60
2012.07.26 14:36:46.363,1.01629,1.01651,1.50,1.60
2012.07.26 14:36:46.879,1.01629,1.01649,1.50,1.60
2012.07.26 14:36:47.047,1.01626,1.01648,3.00,1.60
2012.07.26 14:36:47.107,1.01626,1.01648,1.50,1.60
2012.07.26 14:36:47.577,1.01626,1.01648,1.50,1.60
2012.07.26 14:36:47.998,1.01623,1.01645,2.16,1.50
2012.07.26 14:36:48.610,1.01623,1.01645,2.16,1.50
2012.07.26 14:36:49.136,1.01625,1.01647,2.16,3.00
2012.07.26 14:36:50.176,1.01628,1.01648,1.50,1.50
2012.07.26 14:36:52.450,1.01628,1.01648,1.50,1.60
2012.07.26 14:36:52.567,1.01625,1.01643,1.50,1.50
2012.07.26 14:36:52.627,1.01623,1.01643,1.50,1.50
2012.07.26 14:36:52.688,1.01627,1.01647,1.50,1.60
2012.07.26 14:36:52.910,1.01622,1.01643,2.16,1.50
2012.07.26 14:36:52.970,1.01621,1.01641,2.16,1.50
2012.07.26 14:36:53.416,1.01622,1.01643,2.16,1.50
2012.07.26 14:36:53.931,1.01622,1.01644,2.16,1.50
2012.07.26 14:36:54.207,1.01622,1.01644,2.16,1.50
2012.07.26 14:36:56.265,1.01626,1.01646,1.50,1.50
2012.07.26 14:36:57.705,1.01626,1.01646,1.50,1.60
2012.07.26 14:36:57.931,1.01624,1.01645,1.50,1.60
2012.07.26 14:36:57.990,1.01622,1.01645,2.16,1.60
2012.07.26 14:36:58.439,1.01622,1.01642,2.16,1.50
2012.07.26 14:36:58.767,1.01622,1.01642,2.16,1.50
2012.07.26 14:36:58.827,1.01624,1.01644,2.16,1.50
2012.07.26 14:36:58.994,1.01625,1.01647,1.50,3.00
2012.07.26 14:36:59.351,1.01623,1.01645,2.16,1.50
2012.07.26 14:36:59.955,1.01623,1.01645,1.50,1.60
2012.07.26 14:37:00.015,1.01621,1.01642,3.75,1.60
2012.07.26 14:37:00.075,1.01621,1.01642,1.50,1.60
2012.07.26 14:37:00.189,1.01621,1.01642,1.50,1.50
2012.07.26 14:37:00.357,1.01618,1.01639,5.84,1.50
2012.07.26 14:37:00.798,1.0162,1.01642,1.50,1.50
2012.07.26 14:37:00.859,1.01622,1.01645,1.50,1.60
2012.07.26 14:37:01.371,1.01621,1.01643,1.50,1.60
2012.07.26 14:37:01.711,1.01621,1.01641,1.50,1.60
2012.07.26 14:37:01.905,1.0162,1.01641,1.50,1.50
2012.07.26 14:37:02.235,1.01621,1.01643,1.50,3.10
2012.07.26 14:37:02.500,1.01623,1.01644,1.50,1.60
2012.07.26 14:37:02.668,1.01621,1.01643,1.50,1.60
2012.07.26 14:37:02.903,1.01623,1.01644,1.50,1.60
2012.07.26 14:37:03.406,1.01622,1.01645,1.50,1.60
2012.07.26 14:37:03.767,1.01627,1.01647,1.50,1.60
2012.07.26 14:37:04.336,1.01626,1.01649,1.50,1.60
2012.07.26 14:37:05.623,1.01625,1.01645,2.16,1.50
2012.07.26 14:37:05.908,1.01626,1.01649,1.50,1.60
2012.07.26 14:37:05.968,1.01623,1.01645,2.16,1.50
2012.07.26 14:37:06.334,1.01627,1.01648,1.50,1.60
2012.07.26 14:37:07.066,1.01623,1.01645,2.16,1.50
2012.07.26 14:37:08.210,1.01626,1.01646,1.50,1.50
2012.07.26 14:37:08.786,1.01626,1.01649,1.50,1.60
2012.07.26 14:37:09.119,1.01616,1.01636,1.04,1.50
2012.07.26 14:37:09.368,1.01616,1.01639,2.16,1.50
2012.07.26 14:37:09.512,1.01618,1.01639,1.50,1.50
2012.07.26 14:37:10.027,1.01625,1.01648,1.50,3.32
2012.07.26 14:37:10.196,1.01623,1.01646,1.50,1.97
2012.07.26 14:37:10.392,1.01626,1.01647,1.50,3.47
2012.07.26 14:37:10.660,1.01626,1.01647,1.50,1.97
2012.07.26 14:37:10.774,1.01626,1.01647,1.50,1.97
2012.07.26 14:37:10.923,1.01622,1.01644,1.50,1.60
2012.07.26 14:37:11.256,1.01624,1.01646,1.50,1.60
2012.07.26 14:37:11.371,1.01626,1.01646,1.50,3.10
2012.07.26 14:37:11.786,1.01624,1.01644,2.16,1.50
2012.07.26 14:37:12.334,1.01623,1.01645,2.16,1.50
2012.07.26 14:37:18.158,1.01622,1.01642,2.16,1.50
2012.07.26 14:37:18.855,1.01622,1.01642,2.16,1.50
2012.07.26 14:37:19.055,1.01623,1.01645,2.16,3.00
2012.07.26 14:37:19.230,1.01625,1.01645,1.50,1.50
2012.07.26 14:37:19.768,1.01624,1.01646,1.50,1.60
2012.07.26 14:37:20.114,1.01626,1.01648,3.00,1.60
2012.07.26 14:37:20.415,1.01628,1.01651,1.50,1.97
2012.07.26 14:37:22.176,1.01623,1.01646,3.66,1.60
2012.07.26 14:37:22.374,1.01621,1.01644,3.66,1.50
2012.07.26 14:37:22.795,1.01625,1.01647,1.50,1.60
2012.07.26 14:37:22.909,1.01625,1.01648,2.16,1.50
2012.07.26 14:37:23.179,1.01627,1.01648,1.41,1.50
2012.07.26 14:37:23.403,1.01629,1.0165,2.16,1.50
2012.07.26 14:37:23.462,1.01631,1.01652,1.50,1.50
2012.07.26 14:37:23.793,1.01628,1.01651,4.34,1.50
2012.07.26 14:37:24.343,1.01629,1.01652,1.50,1.50
2012.07.26 14:37:24.512,1.01629,1.01652,1.50,3.77
2012.07.26 14:37:24.626,1.01628,1.0165,3.00,1.60
2012.07.26 14:37:24.686,1.01628,1.01647,1.50,1.60
2012.07.26 14:37:25.072,1.01626,1.01648,1.50,1.60
2012.07.26 14:37:25.131,1.01629,1.01649,1.50,1.60
2012.07.26 14:37:25.368,1.01627,1.01648,1.50,1.60
2012.07.26 14:37:26.023,1.01626,1.01647,1.50,3.10
2012.07.26 14:37:26.138,1.0163,1.0165,1.50,1.60
2012.07.26 14:37:26.252,1.01627,1.01649,1.50,1.60
2012.07.26 14:37:26.956,1.01626,1.01646,1.50,1.50
2012.07.26 14:37:27.395,1.01631,1.01651,1.50,3.47
2012.07.26 14:37:28.001,1.01631,1.01652,1.50,1.60
2012.07.26 14:37:28.267,1.01633,1.01655,2.16,1.60
2012.07.26 14:37:28.774,1.01633,1.01655,2.16,1.50
2012.07.26 14:37:29.050,1.01636,1.01653,1.50,2.10
2012.07.26 14:37:29.164,1.01636,1.01655,1.50,2.20
2012.07.26 14:37:29.226,1.01634,1.01652,1.50,2.78
2012.07.26 14:37:29.395,1.01629,1.0164,1.11,2.10
2012.07.26 14:37:29.509,1.01624,1.0164,1.95,2.10
2012.07.26 14:37:29.568,1.01624,1.01644,1.95,1.60
2012.07.26 14:37:29.791,1.01622,1.01637,1.95,1.60
2012.07.26 14:37:29.851,1.01622,1.01637,1.50,1.60
2012.07.26 14:37:30.022,1.01629,1.01642,1.50,2.27
2012.07.26 14:37:30.354,1.01626,1.01639,1.50,1.07
2012.07.26 14:37:30.467,1.01617,1.01639,1.50,1.07
2012.07.26 14:37:30.583,1.01615,1.01634,1.50,1.88
2012.07.26 14:37:30.940,1.01615,1.01635,1.50,1.50
2012.07.26 14:37:31.277,1.01617,1.01637,1.50,3.47
2012.07.26 14:37:32.326,1.01614,1.01634,1.50,1.50
2012.07.26 14:37:32.440,1.01616,1.01636,1.50,1.60
2012.07.26 14:37:32.880,1.01618,1.01638,2.18,1.88
2012.07.26 14:37:33.155,1.01618,1.01639,3.68,1.50
2012.07.26 14:37:33.671,1.01619,1.01639,1.50,1.50
2012.07.26 14:37:33.785,1.01621,1.01644,1.50,1.97
2012.07.26 14:37:34.213,1.01618,1.01635,3.68,1.50
2012.07.26 14:37:34.331,1.01619,1.01637,1.50,1.50
2012.07.26 14:37:34.446,1.01615,1.01635,1.50,1.50
2012.07.26 14:37:34.560,1.01619,1.01638,1.50,1.60
2012.07.26 14:37:34.847,1.01618,1.01641,1.50,1.60
2012.07.26 14:37:34.961,1.01618,1.01641,1.50,1.60
2012.07.26 14:37:35.660,1.01618,1.01641,1.50,1.60
2012.07.26 14:37:36.245,1.01618,1.01639,1.50,1.50
2012.07.26 14:37:36.452,1.01618,1.01639,1.50,1.60
2012.07.26 14:37:36.747,1.01615,1.01638,1.50,1.60
2012.07.26 14:37:37.040,1.01615,1.01634,1.50,1.50
2012.07.26 14:37:37.100,1.0161,1.01632,2.16,1.50
2012.07.26 14:37:37.603,1.01612,1.01632,3.00,1.50
2012.07.26 14:37:37.663,1.01614,1.01634,1.50,1.50
2012.07.26 14:37:38.028,1.01617,1.01636,1.50,1.50
2012.07.26 14:37:38.088,1.01613,1.01634,1.50,1.50
2012.07.26 14:37:38.737,1.01611,1.01631,1.50,1.50
2012.07.26 14:37:38.814,1.01612,1.01634,1.50,3.00
2012.07.26 14:37:39.073,1.01615,1.01635,1.50,1.50
2012.07.26 14:37:39.619,1.01615,1.01635,1.50,1.60
2012.07.26 14:37:39.733,1.01613,1.01633,1.50,1.50
2012.07.26 14:37:40.677,1.01614,1.01636,1.50,1.60
2012.07.26 14:37:40.736,1.01614,1.01636,1.50,1.50
2012.07.26 14:37:41.119,1.01618,1.01641,1.50,1.97
2012.07.26 14:37:41.353,1.01616,1.01639,1.50,1.50
2012.07.26 14:37:41.412,1.01616,1.01639,1.50,1.60
2012.07.26 14:37:41.473,1.01614,1.01636,1.50,1.60
2012.07.26 14:37:41.803,1.01614,1.01634,1.50,1.50
2012.07.26 14:37:42.154,1.01616,1.01636,1.50,3.10
2012.07.26 14:37:42.577,1.0161,1.0163,1.50,1.50
2012.07.26 14:37:43.067,1.01611,1.01633,1.50,1.50
2012.07.26 14:37:43.748,1.0161,1.0163,1.50,1.50
2012.07.26 14:37:44.060,1.01608,1.01628,1.50,1.50
2012.07.26 14:37:44.383,1.0161,1.01628,1.50,1.50
2012.07.26 14:37:44.626,1.01612,1.01634,1.50,3.02
2012.07.26 14:37:44.750,1.01612,1.01631,1.50,1.50
2012.07.26 14:37:44.810,1.01608,1.0163,1.50,1.50
2012.07.26 14:37:45.423,1.01611,1.01633,1.50,1.60
2012.07.26 14:37:45.829,1.01611,1.01631,1.50,1.50
2012.07.26 14:37:46.314,1.01613,1.01633,1.50,1.60
2012.07.26 14:37:46.560,1.01611,1.01632,3.00,1.60
2012.07.26 14:37:47.112,1.0161,1.01633,1.50,1.50
2012.07.26 14:37:47.388,1.01609,1.0163,1.50,1.50
2012.07.26 14:37:47.678,1.01604,1.01627,1.50,1.50
2012.07.26 14:37:48.064,1.01607,1.01628,1.50,1.50
2012.07.26 14:37:48.177,1.01604,1.01627,3.00,1.50
2012.07.26 14:37:48.647,1.01606,1.01628,1.50,1.50
2012.07.26 14:37:48.935,1.01608,1.01631,1.50,1.50
2012.07.26 14:37:49.183,1.01607,1.01628,1.50,1.50
2012.07.26 14:37:49.514,1.01604,1.01627,3.38,1.50
2012.07.26 14:37:49.919,1.01606,1.01628,1.50,1.60
2012.07.26 14:37:50.318,1.01604,1.01627,1.50,1.50
2012.07.26 14:37:50.703,1.01606,1.01629,1.50,3.00
2012.07.26 14:37:51.202,1.01607,1.01626,2.18,1.50
2012.07.26 14:37:51.597,1.01605,1.01624,2.16,1.50
2012.07.26 14:37:51.657,1.01607,1.01629,2.16,1.50
2012.07.26 14:37:52.165,1.01611,1.01631,1.50,1.50
2012.07.26 14:37:52.279,1.01612,1.01634,1.50,1.50
2012.07.26 14:37:52.876,1.01612,1.01634,1.50,1.88
2012.07.26 14:37:53.492,1.01613,1.01634,1.50,1.88
2012.07.26 14:37:53.798,1.01615,1.01637,1.50,1.97
2012.07.26 14:37:54.022,1.01615,1.01637,1.50,1.60
2012.07.26 14:37:54.081,1.01614,1.01634,1.50,1.50
2012.07.26 14:37:56.506,1.01614,1.01633,1.50,2.35
2012.07.26 14:37:56.620,1.01607,1.01627,1.50,1.50
2012.07.26 14:37:56.680,1.01605,1.01627,1.50,1.50
2012.07.26 14:37:56.847,1.0161,1.01632,1.50,1.60
2012.07.26 14:37:57.206,1.01609,1.01629,1.50,1.50
2012.07.26 14:37:57.537,1.01607,1.01627,1.50,1.50
2012.07.26 14:37:57.888,1.0161,1.0163,3.00,1.50
2012.07.26 14:37:58.244,1.01608,1.01628,1.50,1.50
2012.07.26 14:38:00.374,1.01612,1.01633,1.50,1.88
2012.07.26 14:38:00.435,1.01612,1.01633,1.50,1.50
2012.07.26 14:38:00.623,1.01614,1.01637,1.50,1.88
2012.07.26 14:38:00.892,1.01616,1.01639,1.50,1.88
2012.07.26 14:38:01.268,1.01616,1.01639,1.50,2.25
2012.07.26 14:38:01.538,1.01613,1.01636,1.50,1.50
2012.07.26 14:38:02.149,1.01611,1.01634,1.50,1.50
2012.07.26 14:38:02.539,1.01613,1.01634,1.50,3.00
2012.07.26 14:38:02.930,1.01614,1.01634,2.16,1.50
2012.07.26 14:38:03.063,1.01614,1.01637,2.16,1.50
2012.07.26 14:38:03.177,1.01614,1.01637,1.50,1.50
2012.07.26 14:38:03.237,1.01616,1.01637,1.50,1.50
2012.07.26 14:38:03.465,1.01619,1.01641,1.50,1.88
2012.07.26 14:38:04.868,1.0162,1.0164,1.50,1.50
2012.07.26 14:38:04.983,1.01618,1.01638,1.50,1.50
2012.07.26 14:38:05.066,1.01619,1.0164,1.50,1.50
2012.07.26 14:38:05.742,1.01619,1.01641,2.16,1.50
2012.07.26 14:38:05.805,1.01616,1.01636,3.66,1.50
2012.07.26 14:38:05.865,1.01616,1.01636,3.66,1.50
2012.07.26 14:38:05.978,1.01614,1.01636,3.00,1.50
2012.07.26 14:38:06.418,1.01617,1.01637,1.50,1.50
2012.07.26 14:38:06.914,1.01619,1.01639,1.50,1.50
2012.07.26 14:38:07.417,1.01617,1.01637,1.50,1.50
2012.07.26 14:38:07.962,1.01618,1.0164,1.50,3.00
2012.07.26 14:38:08.907,1.01616,1.01638,1.50,1.50
2012.07.26 14:38:09.516,1.01615,1.01635,1.50,1.50
2012.07.26 14:38:09.748,1.01613,1.01634,1.50,1.50
2012.07.26 14:38:10.019,1.01617,1.01637,1.50,1.50
2012.07.26 14:38:10.528,1.01619,1.01639,1.50,3.00
2012.07.26 14:38:10.750,1.0162,1.01641,1.50,1.97
2012.07.26 14:38:10.954,1.01618,1.0164,1.50,1.50
2012.07.26 14:38:11.068,1.01615,1.01635,1.50,1.50
2012.07.26 14:38:11.369,1.01617,1.01637,3.00,1.50
2012.07.26 14:38:11.897,1.01619,1.01639,1.50,1.50
2012.07.26 14:38:12.174,1.0162,1.01642,1.50,1.88
2012.07.26 14:38:13.436,1.0162,1.01642,1.50,1.50
2012.07.26 14:38:14.528,1.0162,1.01641,1.50,1.50
2012.07.26 14:38:14.620,1.01618,1.0164,1.50,1.50
2012.07.26 14:38:15.059,1.0162,1.01641,1.50,1.50
2012.07.26 14:38:15.441,1.0162,1.01642,1.50,1.60
2012.07.26 14:38:15.503,1.0162,1.01642,1.50,1.50
2012.07.26 14:38:15.676,1.01622,1.01645,1.50,1.50
2012.07.26 14:38:15.736,1.01624,1.01647,1.50,1.97
2012.07.26 14:38:16.051,1.01623,1.01644,1.50,1.50
2012.07.26 14:38:16.381,1.01625,1.01646,1.50,1.88
2012.07.26 14:38:16.713,1.01623,1.01644,1.50,1.50
2012.07.26 14:38:17.414,1.0162,1.01643,1.50,1.50
2012.07.26 14:38:17.966,1.01624,1.01644,1.50,1.50
2012.07.26 14:38:18.310,1.01619,1.01639,1.50,1.50
2012.07.26 14:38:18.671,1.0162,1.01642,1.50,1.50
2012.07.26 14:38:19.420,1.0162,1.0164,1.50,1.50
2012.07.26 14:38:19.482,1.01617,1.01639,1.50,1.50
2012.07.26 14:38:19.986,1.01617,1.0164,1.50,1.50
2012.07.26 14:38:20.329,1.01619,1.01642,1.50,1.88
2012.07.26 14:38:20.879,1.01619,1.01642,1.50,1.50
2012.07.26 14:38:22.364,1.01618,1.0164,1.50,1.50
2012.07.26 14:38:22.589,1.01615,1.01638,1.50,1.50
2012.07.26 14:38:22.850,1.01617,1.0164,1.50,1.50
2012.07.26 14:38:23.294,1.01621,1.01643,1.50,1.60
2012.07.26 14:38:23.409,1.01619,1.01642,1.50,1.50
2012.07.26 14:38:23.469,1.01621,1.01643,1.50,1.60
2012.07.26 14:38:23.812,1.01623,1.01645,1.50,1.50
2012.07.26 14:38:24.176,1.01621,1.01643,3.00,1.50
2012.07.26 14:38:24.524,1.01622,1.01641,1.50,1.50
2012.07.26 14:38:25.045,1.0162,1.0164,1.50,1.50
2012.07.26 14:38:25.160,1.01618,1.01638,1.50,1.50
2012.07.26 14:38:25.624,1.01619,1.0164,1.50,1.50
2012.07.26 14:38:25.791,1.01616,1.01638,1.50,1.50
2012.07.26 14:38:25.905,1.01615,1.01636,1.50,1.50
2012.07.26 14:38:26.126,1.01616,1.01638,1.50,1.50
2012.07.26 14:38:26.381,1.01619,1.01639,1.50,1.50
2012.07.26 14:38:26.694,1.01617,1.01637,1.50,1.50
2012.07.26 14:38:27.356,1.01618,1.01638,1.50,1.50
2012.07.26 14:38:27.594,1.01615,1.01637,3.66,1.50
2012.07.26 14:38:28.358,1.01616,1.01636,1.50,1.50
2012.07.26 14:38:29.342,1.01614,1.01635,1.50,1.50
2012.07.26 14:38:29.456,1.01612,1.01632,1.50,1.50
2012.07.26 14:38:29.689,1.01613,1.01634,1.50,1.50
2012.07.26 14:38:29.929,1.01616,1.01636,1.50,3.38
2012.07.26 14:38:31.031,1.01616,1.01636,2.16,1.50
2012.07.26 14:38:31.308,1.01614,1.01634,1.50,1.50
2012.07.26 14:38:31.728,1.01612,1.01634,3.00,1.50
2012.07.26 14:38:31.963,1.01611,1.01631,2.16,1.50
2012.07.26 14:38:32.316,1.01611,1.01631,2.91,1.50
2012.07.26 14:38:32.594,1.01617,1.01638,1.50,1.88
2012.07.26 14:38:32.653,1.01614,1.01635,3.00,1.50
2012.07.26 14:38:33.410,1.01614,1.01635,2.16,1.50
2012.07.26 14:38:33.523,1.01611,1.01634,3.66,1.50
2012.07.26 14:38:34.516,1.01615,1.01635,1.50,1.50
2012.07.26 14:38:34.822,1.01615,1.01635,2.16,1.50
2012.07.26 14:38:35.051,1.01616,1.01638,2.16,3.00
2012.07.26 14:38:35.227,1.01617,1.01637,1.50,1.60
2012.07.26 14:38:35.701,1.01613,1.01635,1.50,1.60
2012.07.26 14:38:36.767,1.01613,1.01635,2.16,1.50
2012.07.26 14:38:37.628,1.01613,1.01634,2.16,1.50
2012.07.26 14:38:38.174,1.01614,1.01636,2.16,1.50
2012.07.26 14:38:38.397,1.01612,1.01634,1.41,1.50
2012.07.26 14:38:38.822,1.01616,1.01637,1.50,1.88
2012.07.26 14:38:39.352,1.01616,1.01634,1.50,1.50
2012.07.26 14:38:39.708,1.01611,1.01632,2.16,1.50
2012.07.26 14:38:40.083,1.01612,1.01634,2.16,1.50
2012.07.26 14:38:40.197,1.01615,1.01636,1.50,3.38
2012.07.26 14:38:40.743,1.01613,1.01635,2.16,1.50
2012.07.26 14:38:40.872,1.01614,1.01637,2.16,1.50
2012.07.26 14:38:41.312,1.01612,1.01635,2.16,1.50
2012.07.26 14:38:42.457,1.01611,1.0163,1.41,1.50
2012.07.26 14:38:42.813,1.01611,1.01632,1.41,1.50
2012.07.26 14:38:42.927,1.01611,1.01632,2.01,1.50
2012.07.26 14:38:43.041,1.01611,1.01632,1.26,1.50
2012.07.26 14:38:43.374,1.0161,1.01632,2.16,1.50
2012.07.26 14:38:43.769,1.01613,1.01634,2.16,1.50
2012.07.26 14:38:44.130,1.01615,1.01637,2.16,3.00
2012.07.26 14:38:44.460,1.01613,1.01633,2.16,1.50
2012.07.26 14:38:44.631,1.0162,1.01642,1.50,1.88
2012.07.26 14:38:44.808,1.01622,1.01644,1.50,1.60
2012.07.26 14:38:45.127,1.01621,1.01641,1.50,1.50
2012.07.26 14:38:45.467,1.01617,1.01639,1.50,1.50
2012.07.26 14:38:45.529,1.01617,1.01639,1.50,1.60
2012.07.26 14:38:45.752,1.01619,1.0164,1.50,3.00
2012.07.26 14:38:45.976,1.01618,1.01638,1.50,1.50
2012.07.26 14:38:46.668,1.01621,1.01641,1.50,1.60
2012.07.26 14:38:47.178,1.01618,1.0164,1.50,1.60
2012.07.26 14:38:47.292,1.01618,1.0164,1.50,1.60
2012.07.26 14:38:47.407,1.01615,1.01637,1.50,1.60
2012.07.26 14:38:47.467,1.01615,1.01637,2.16,1.50
2012.07.26 14:38:47.946,1.01615,1.01637,3.66,1.50
2012.07.26 14:38:48.115,1.01616,1.01636,1.50,1.50
2012.07.26 14:38:48.456,1.01617,1.01639,2.16,1.50
2012.07.26 14:38:48.857,1.01616,1.01636,3.66,1.50
2012.07.26 14:38:49.538,1.01618,1.0164,2.16,1.50
2012.07.26 14:38:50.160,1.01612,1.01634,2.16,1.50
2012.07.26 14:38:50.228,1.01616,1.01636,1.50,1.50
2012.07.26 14:38:50.735,1.01614,1.01634,1.50,1.50
2012.07.26 14:38:51.119,1.01614,1.01634,2.16,1.50
2012.07.26 14:38:51.469,1.01611,1.01631,2.16,1.50
2012.07.26 14:38:52.338,1.01611,1.01631,2.16,1.50
2012.07.26 14:38:52.615,1.01615,1.01635,1.50,1.50
2012.07.26 14:38:52.694,1.01613,1.01635,1.50,1.50
2012.07.26 14:38:53.413,1.01613,1.01635,2.16,1.50
2012.07.26 14:38:53.743,1.01616,1.01639,2.16,1.88
2012.07.26 14:38:54.462,1.01615,1.01638,2.16,1.50
2012.07.26 14:38:54.745,1.01613,1.01636,2.16,1.50
2012.07.26 14:38:55.315,1.01615,1.01636,1.26,1.50
2012.07.26 14:38:55.494,1.01617,1.01638,2.16,1.50
2012.07.26 14:38:55.715,1.01616,1.01639,1.50,1.60
2012.07.26 14:38:55.890,1.01615,1.01634,2.16,1.50
2012.07.26 14:38:56.228,1.01612,1.01632,2.16,1.50
2012.07.26 14:38:56.371,1.01616,1.01635,1.50,1.50
2012.07.26 14:38:56.485,1.01617,1.01639,1.50,3.00
2012.07.26 14:38:57.000,1.01616,1.01636,3.00,1.50
2012.07.26 14:38:57.330,1.01618,1.01638,1.50,1.50
2012.07.26 14:38:57.767,1.01618,1.01638,2.16,1.50
2012.07.26 14:38:58.248,1.01619,1.0164,2.16,1.50
2012.07.26 14:38:58.797,1.01615,1.01638,2.16,1.50
2012.07.26 14:38:58.991,1.01615,1.01638,2.16,1.50
2012.07.26 14:38:59.169,1.01615,1.01638,2.16,1.50
2012.07.26 14:38:59.443,1.01615,1.01638,2.16,1.50
2012.07.26 14:38:59.752,1.01616,1.01638,3.00,1.50
2012.07.26 14:39:00.103,1.01614,1.01636,2.16,1.50
2012.07.26 14:39:00.609,1.01615,1.01638,2.16,3.00
2012.07.26 14:39:01.190,1.01616,1.01637,1.50,1.50
2012.07.26 14:39:01.489,1.01614,1.01635,3.66,1.50
2012.07.26 14:39:02.291,1.01614,1.01635,2.16,1.50
2012.07.26 14:39:02.480,1.01616,1.01639,2.16,1.50
2012.07.26 14:39:04.017,1.01616,1.01639,2.16,1.60
2012.07.26 14:39:04.130,1.01614,1.01637,2.16,1.50
2012.07.26 14:39:04.482,1.01613,1.01634,2.16,1.50
2012.07.26 14:39:06.013,1.01613,1.01634,2.16,1.50
2012.07.26 14:39:06.180,1.01615,1.01636,2.16,1.50
2012.07.26 14:39:06.294,1.01615,1.01638,2.16,1.50
2012.07.26 14:39:07.334,1.01615,1.01638,2.16,1.50
2012.07.26 14:39:07.647,1.01617,1.01638,2.84,1.50
2012.07.26 14:39:07.707,1.01619,1.0164,2.16,3.00
2012.07.26 14:39:07.822,1.01616,1.01639,2.16,1.50
2012.07.26 14:39:07.943,1.01616,1.01639,2.16,1.88
2012.07.26 14:39:08.353,1.01616,1.01639,1.50,1.50
2012.07.26 14:39:08.739,1.01616,1.01637,2.16,1.50
2012.07.26 14:39:09.308,1.01615,1.01638,2.16,1.50
2012.07.26 14:39:09.658,1.01616,1.01635,2.16,1.50
2012.07.26 14:39:10.174,1.01615,1.01636,3.66,1.50
2012.07.26 14:39:10.233,1.01617,1.01638,2.16,1.50
2012.07.26 14:39:10.693,1.01618,1.01636,2.18,1.50
2012.07.26 14:39:10.807,1.01615,1.01636,2.16,1.50
2012.07.26 14:39:11.263,1.01611,1.01633,2.16,1.50
2012.07.26 14:39:11.431,1.01611,1.01633,2.16,1.50
2012.07.26 14:39:11.818,1.0161,1.01631,1.26,1.50
2012.07.26 14:39:12.368,1.01609,1.01631,2.16,1.50
2012.07.26 14:39:12.699,1.01613,1.01633,2.16,3.00
2012.07.26 14:39:13.213,1.01614,1.01633,1.50,1.50
2012.07.26 14:39:13.328,1.01616,1.01636,3.00,1.50
2012.07.26 14:39:14.464,1.01614,1.01633,1.50,1.50
2012.07.26 14:39:14.972,1.01614,1.01636,1.50,1.88
2012.07.26 14:39:15.394,1.01613,1.01633,2.16,1.50
2012.07.26 14:39:15.707,1.01613,1.01633,2.16,1.50
2012.07.26 14:39:15.767,1.01615,1.01635,2.16,1.50
2012.07.26 14:39:15.829,1.01613,1.01633,3.66,1.50
2012.07.26 14:39:15.944,1.01613,1.01633,2.16,1.50
2012.07.26 14:39:17.293,1.01613,1.01633,1.50,1.50
2012.07.26 14:39:18.037,1.0161,1.01631,2.16,1.50
2012.07.26 14:39:18.097,1.0161,1.01631,2.16,1.50
2012.07.26 14:39:18.523,1.01606,1.01626,2.16,1.50
2012.07.26 14:39:18.709,1.01608,1.01628,2.16,1.50
2012.07.26 14:39:19.301,1.01608,1.01628,2.16,1.50
2012.07.26 14:39:19.417,1.0161,1.01631,1.50,1.60
2012.07.26 14:39:19.797,1.01605,1.01628,2.16,1.50
2012.07.26 14:39:20.016,1.01608,1.01631,2.16,1.60
2012.07.26 14:39:20.076,1.01608,1.01629,2.16,1.50
2012.07.26 14:39:20.353,1.01605,1.01628,2.16,1.50
2012.07.26 14:39:20.468,1.01603,1.01626,2.16,1.50
2012.07.26 14:39:20.913,1.01603,1.01626,2.16,1.50
2012.07.26 14:39:21.246,1.01611,1.01627,1.26,1.50
2012.07.26 14:39:21.471,1.01608,1.01627,1.04,1.50
2012.07.26 14:39:21.872,1.01608,1.01625,1.04,1.50
2012.07.26 14:39:21.988,1.01607,1.01627,1.04,1.50
2012.07.26 14:39:22.340,1.01611,1.01631,1.50,1.60
2012.07.26 14:39:22.401,1.01607,1.01627,2.16,1.50
2012.07.26 14:39:22.462,1.01609,1.01629,1.50,1.60
2012.07.26 14:39:24.434,1.01609,1.01629,2.16,1.50
2012.07.26 14:39:24.873,1.01611,1.01631,1.50,1.50
2012.07.26 14:39:25.150,1.01611,1.01631,3.66,1.50
2012.07.26 14:39:25.372,1.01612,1.01634,2.16,1.50
2012.07.26 14:39:25.486,1.01609,1.01631,2.16,1.50
2012.07.26 14:39:26.027,1.01609,1.01631,2.54,1.50
2012.07.26 14:39:26.251,1.01611,1.01632,2.16,1.50
2012.07.26 14:39:26.425,1.01614,1.01636,1.50,1.60
2012.07.26 14:39:26.703,1.01612,1.01634,2.16,1.50
2012.07.26 14:39:27.258,1.01611,1.01634,1.50,1.60
2012.07.26 14:39:27.821,1.01612,1.01633,2.16,1.50
2012.07.26 14:39:28.956,1.01614,1.01635,1.50,1.50
2012.07.26 14:39:29.462,1.01614,1.01636,1.50,1.60
2012.07.26 14:39:29.789,1.01616,1.01637,1.50,1.60
2012.07.26 14:39:30.315,1.01616,1.01639,1.50,1.60
2012.07.26 14:39:30.660,1.01619,1.0164,1.50,1.60
2012.07.26 14:39:31.761,1.01619,1.01642,1.50,1.60
2012.07.26 14:39:34.084,1.01617,1.0164,1.50,1.60
2012.07.26 14:39:34.197,1.0162,1.01643,1.50,1.60
2012.07.26 14:39:34.418,1.01618,1.01641,1.50,1.60
2012.07.26 14:39:35.152,1.0162,1.01643,1.50,3.10
2012.07.26 14:39:35.211,1.01618,1.01639,1.50,1.60
2012.07.26 14:39:36.385,1.0162,1.01641,1.50,3.10
2012.07.26 14:39:37.568,1.0162,1.01641,1.50,1.60
2012.07.26 14:39:37.845,1.01623,1.01644,1.50,1.50
2012.07.26 14:39:37.960,1.0162,1.01642,2.16,1.50
2012.07.26 14:39:38.296,1.01623,1.01643,2.16,1.50
2012.07.26 14:39:38.356,1.0162,1.01642,2.76,1.50
2012.07.26 14:39:38.597,1.0162,1.0164,1.26,1.50
2012.07.26 14:39:38.825,1.01622,1.01642,2.16,1.50
2012.07.26 14:39:38.994,1.01622,1.01644,2.16,1.50
2012.07.26 14:39:39.275,1.01624,1.01646,1.50,1.97
2012.07.26 14:39:39.388,1.01622,1.01645,1.50,1.60
2012.07.26 14:39:39.554,1.01625,1.01645,1.50,1.60
2012.07.26 14:39:40.613,1.01625,1.01645,1.50,1.60
2012.07.26 14:39:40.892,1.01621,1.01643,1.50,1.97
2012.07.26 14:39:40.952,1.01621,1.01643,2.16,1.88
2012.07.26 14:39:41.284,1.01621,1.01642,1.26,1.88
2012.07.26 14:39:41.617,1.01627,1.01643,4.34,1.88
2012.07.26 14:39:41.895,1.01627,1.01647,4.34,1.50
2012.07.26 14:39:42.174,1.01628,1.01651,2.16,1.50
2012.07.26 14:39:42.979,1.01631,1.01654,1.50,3.10
2012.07.26 14:39:43.110,1.01631,1.01654,2.16,1.50
2012.07.26 14:39:43.365,1.01631,1.01654,1.50,1.60
2012.07.26 14:39:43.721,1.01634,1.01654,1.50,1.50
2012.07.26 14:39:44.053,1.01634,1.01654,1.50,1.60
2012.07.26 14:39:44.114,1.01634,1.01654,1.50,1.50
2012.07.26 14:39:44.284,1.0163,1.01652,2.91,1.50
2012.07.26 14:39:44.670,1.01631,1.0165,2.16,1.50
2012.07.26 14:39:44.829,1.01629,1.0165,2.91,1.50
2012.07.26 14:39:45.348,1.01631,1.01651,1.50,1.50
2012.07.26 14:39:45.518,1.01629,1.01649,2.16,1.50
2012.07.26 14:39:45.980,1.01631,1.01652,1.19,3.00
2012.07.26 14:39:46.375,1.01631,1.01652,1.41,1.50
2012.07.26 14:39:46.434,1.01634,1.01654,2.16,3.00
2012.07.26 14:39:46.840,1.01632,1.01651,1.41,1.50
2012.07.26 14:39:46.954,1.01634,1.01654,2.16,1.50
2012.07.26 14:39:47.013,1.01634,1.01656,2.16,1.60
2012.07.26 14:39:47.347,1.01632,1.01654,2.16,1.50
2012.07.26 14:39:47.678,1.01635,1.01655,2.16,1.50
2012.07.26 14:39:47.792,1.01636,1.01658,2.16,1.50
2012.07.26 14:39:48.046,1.01637,1.01658,2.84,1.50
2012.07.26 14:39:48.160,1.01637,1.01658,2.18,1.60
2012.07.26 14:39:48.664,1.01636,1.01658,2.16,1.50
2012.07.26 14:39:48.724,1.01635,1.01654,2.16,1.50
2012.07.26 14:39:49.242,1.01637,1.01656,2.16,1.50
2012.07.26 14:39:49.464,1.01639,1.01661,1.50,1.60
2012.07.26 14:39:49.578,1.01643,1.01663,1.50,1.60
2012.07.26 14:39:49.853,1.01643,1.01663,1.50,1.60
2012.07.26 14:39:50.497,1.01643,1.01663,1.50,1.60
2012.07.26 14:39:50.711,1.01639,1.01661,1.50,1.60
2012.07.26 14:39:50.887,1.01639,1.01661,1.50,2.35
2012.07.26 14:39:51.222,1.01639,1.01661,1.50,1.97
2012.07.26 14:39:51.555,1.01639,1.01661,1.50,1.97
2012.07.26 14:39:51.725,1.01639,1.01659,1.50,2.72
2012.07.26 14:39:52.108,1.01636,1.01654,1.50,1.50
2012.07.26 14:39:52.168,1.01632,1.01654,2.16,1.50
2012.07.26 14:39:52.227,1.01631,1.01651,2.16,1.50
2012.07.26 14:39:52.437,1.01633,1.01653,2.16,1.50
2012.07.26 14:39:52.797,1.01635,1.01655,1.50,3.10
2012.07.26 14:39:53.023,1.01633,1.01653,1.50,1.60
2012.07.26 14:39:54.001,1.01634,1.01655,1.50,1.60
2012.07.26 14:39:55.272,1.01631,1.01653,1.50,1.60
2012.07.26 14:39:55.790,1.0163,1.01651,2.16,1.50
2012.07.26 14:39:55.959,1.01632,1.01652,1.50,1.60
2012.07.26 14:39:56.289,1.01627,1.01647,5.84,1.50
2012.07.26 14:39:56.516,1.01627,1.01649,2.84,1.50
2012.07.26 14:39:56.646,1.01627,1.01649,2.84,1.50
2012.07.26 14:39:56.765,1.01627,1.01649,2.84,1.50
2012.07.26 14:39:56.826,1.01629,1.01651,1.50,1.88
2012.07.26 14:39:57.104,1.0163,1.01651,1.50,1.97
2012.07.26 14:39:57.512,1.01627,1.01649,3.68,1.50
2012.07.26 14:39:57.627,1.01629,1.01652,1.50,1.60
2012.07.26 14:39:58.171,1.01629,1.01652,1.50,1.60
2012.07.26 14:39:59.042,1.01629,1.01649,1.50,1.50
2012.07.26 14:39:59.414,1.0163,1.01651,2.16,1.50
2012.07.26 14:39:59.775,1.01631,1.01653,2.16,1.50
2012.07.26 14:40:00.362,1.01632,1.01655,1.50,3.00
2012.07.26 14:40:00.892,1.01634,1.01655,1.50,1.60
2012.07.26 14:40:01.212,1.01632,1.01655,1.50,1.60
2012.07.26 14:40:01.489,1.01633,1.01654,1.50,1.50
2012.07.26 14:40:01.726,1.01633,1.01654,1.50,1.60
2012.07.26 14:40:01.941,1.01631,1.01651,1.50,1.60
2012.07.26 14:40:02.101,1.01629,1.0165,1.50,1.50
2012.07.26 14:40:02.160,1.01628,1.01648,2.16,1.50
2012.07.26 14:40:02.464,1.01629,1.0165,1.50,1.50
2012.07.26 14:40:03.004,1.0163,1.01653,1.50,2.35
2012.07.26 14:40:03.173,1.01626,1.01649,1.50,2.25
2012.07.26 14:40:03.535,1.01628,1.01648,1.50,2.25
2012.07.26 14:40:03.997,1.0163,1.01653,1.50,1.60
2012.07.26 14:40:04.358,1.0163,1.01653,1.50,1.50
2012.07.26 14:40:04.418,1.01634,1.01655,1.50,3.10
2012.07.26 14:40:04.533,1.01631,1.01652,1.50,1.50
2012.07.26 14:40:04.649,1.01633,1.01655,1.50,1.60
2012.07.26 14:40:04.979,1.0163,1.01651,1.50,1.60
2012.07.26 14:40:05.308,1.01632,1.01653,1.50,1.60
2012.07.26 14:40:05.582,1.0163,1.01652,1.50,1.60
2012.07.26 14:40:05.752,1.01628,1.01649,1.50,2.35
2012.07.26 14:40:06.079,1.01626,1.01647,1.50,1.50
2012.07.26 14:40:06.936,1.01628,1.01648,1.50,2.35
2012.07.26 14:40:07.844,1.01625,1.01648,1.50,2.35
2012.07.26 14:40:08.140,1.01628,1.0165,1.50,2.35
2012.07.26 14:40:08.518,1.01629,1.0165,1.50,2.35
2012.07.26 14:40:08.578,1.01626,1.01646,1.50,1.60
2012.07.26 14:40:08.746,1.01626,1.01646,1.50,1.60
2012.07.26 14:40:09.334,1.01626,1.01646,1.50,2.35
2012.07.26 14:40:09.449,1.01624,1.01644,1.50,2.95
2012.07.26 14:40:09.509,1.01622,1.01644,1.50,2.20
2012.07.26 14:40:09.931,1.01624,1.01646,1.50,4.07
2012.07.26 14:40:10.544,1.01623,1.01643,1.50,1.60
2012.07.26 14:40:10.928,1.01623,1.01643,1.50,1.50
2012.07.26 14:40:11.041,1.01621,1.01643,2.16,1.50
2012.07.26 14:40:11.100,1.01621,1.01641,2.16,1.50
2012.07.26 14:40:11.431,1.01619,1.01639,1.50,1.50
2012.07.26 14:40:11.602,1.01616,1.01638,1.50,1.50
2012.07.26 14:40:12.149,1.01617,1.01639,1.50,1.60
2012.07.26 14:40:13.112,1.01617,1.01639,1.50,1.60
2012.07.26 14:40:13.467,1.0162,1.01639,1.50,2.35
2012.07.26 14:40:13.582,1.01622,1.01642,1.50,2.35
2012.07.26 14:40:13.642,1.0162,1.01642,1.50,2.35
2012.07.26 14:40:13.702,1.01617,1.01638,2.16,1.88
2012.07.26 14:40:14.036,1.01617,1.01638,2.16,1.50
2012.07.26 14:40:14.152,1.01618,1.01638,2.84,1.50
2012.07.26 14:40:14.266,1.0162,1.0164,1.50,1.50
2012.07.26 14:40:14.489,1.01617,1.01637,1.50,1.50
2012.07.26 14:40:15.735,1.01618,1.0164,1.50,1.60
2012.07.26 14:40:15.870,1.01616,1.01638,1.50,1.60
2012.07.26 14:40:16.040,1.01615,1.01636,2.16,1.50
2012.07.26 14:40:16.155,1.01615,1.01636,2.16,1.50
2012.07.26 14:40:16.215,1.01615,1.01636,2.16,1.50
2012.07.26 14:40:16.375,1.01618,1.01638,2.16,1.50
2012.07.26 14:40:16.712,1.01618,1.01641,2.16,3.00
2012.07.26 14:40:18.325,1.01618,1.01641,1.50,1.60
2012.07.26 14:40:18.399,1.01618,1.01641,1.50,2.35
2012.07.26 14:40:19.089,1.01616,1.01637,1.50,1.50
2012.07.26 14:40:19.191,1.01618,1.01639,1.50,2.35
2012.07.26 14:40:20.216,1.01618,1.01639,2.16,1.50
2012.07.26 14:40:20.439,1.0162,1.01641,1.50,1.50
2012.07.26 14:40:20.972,1.01619,1.01642,1.50,1.60
2012.07.26 14:40:21.087,1.01616,1.01636,1.50,1.60
2012.07.26 14:40:21.630,1.01615,1.01637,1.50,1.50
2012.07.26 14:40:22.044,1.01615,1.01637,1.50,1.60
2012.07.26 14:40:22.109,1.01615,1.01637,1.50,1.60
2012.07.26 14:40:22.276,1.01614,1.01634,3.00,1.50
2012.07.26 14:40:23.410,1.01614,1.01634,2.16,1.50
2012.07.26 14:40:23.525,1.01611,1.01632,2.16,1.50
2012.07.26 14:40:23.825,1.01608,1.0163,2.54,1.50
2012.07.26 14:40:24.162,1.0161,1.01631,2.16,3.00
2012.07.26 14:40:24.480,1.01608,1.01629,4.34,1.50
2012.07.26 14:40:24.721,1.0161,1.01631,2.16,3.00
2012.07.26 14:40:24.846,1.01612,1.01633,2.16,1.50
2012.07.26 14:40:24.961,1.01612,1.01633,1.50,1.60
2012.07.26 14:40:25.021,1.0161,1.01631,1.50,1.60
2012.07.26 14:40:25.296,1.01608,1.01629,3.00,1.60
2012.07.26 14:40:25.520,1.01611,1.01631,1.50,1.50
2012.07.26 14:40:25.634,1.01611,1.01634,2.16,2.25
2012.07.26 14:40:26.300,1.01617,1.01637,1.50,2.35
2012.07.26 14:40:26.415,1.01617,1.01638,1.50,1.60
2012.07.26 14:40:27.095,1.01623,1.01644,1.50,1.22
2012.07.26 14:40:27.210,1.01623,1.01644,1.50,1.22
2012.07.26 14:40:27.610,1.01621,1.01643,3.00,1.60
2012.07.26 14:40:28.074,1.01621,1.01643,1.50,1.60
2012.07.26 14:40:28.209,1.01619,1.01639,3.38,1.50
2012.07.26 14:40:28.441,1.01619,1.01639,3.38,2.35
2012.07.26 14:40:28.557,1.01619,1.01639,1.50,2.35
2012.07.26 14:40:28.617,1.01619,1.01639,1.50,2.35
2012.07.26 14:40:28.786,1.01612,1.01634,1.50,1.60
2012.07.26 14:40:28.846,1.01612,1.01634,1.50,2.35
2012.07.26 14:40:28.906,1.0161,1.01632,1.50,2.35
2012.07.26 14:40:29.020,1.01608,1.01631,1.50,2.72
2012.07.26 14:40:29.189,1.01606,1.01629,3.00,1.60
2012.07.26 14:40:29.302,1.01608,1.01631,1.50,3.47
2012.07.26 14:40:29.633,1.01607,1.01628,1.50,1.60
2012.07.26 14:40:30.186,1.01606,1.01629,1.50,2.35
2012.07.26 14:40:30.690,1.01608,1.01631,1.50,2.95
2012.07.26 14:40:30.840,1.01608,1.01631,1.50,2.95
2012.07.26 14:40:31.307,1.01611,1.01632,1.50,4.22
2012.07.26 14:40:31.447,1.01606,1.01629,1.50,2.35
2012.07.26 14:40:31.560,1.01609,1.0163,1.50,3.85
2012.07.26 14:40:31.783,1.01609,1.0163,1.50,1.60
2012.07.26 14:40:31.897,1.01611,1.01632,1.50,1.60
2012.07.26 14:40:32.213,1.01611,1.01632,1.50,1.60
2012.07.26 14:40:32.532,1.01609,1.0163,1.50,1.60
2012.07.26 14:40:32.755,1.01609,1.0163,1.50,1.60
2012.07.26 14:40:32.886,1.01612,1.01633,1.50,2.35
2012.07.26 14:40:33.393,1.01612,1.01633,1.50,2.35
2012.07.26 14:40:33.957,1.01611,1.01631,1.50,1.60
2012.07.26 14:40:34.181,1.0161,1.01632,1.50,1.60
2012.07.26 14:40:34.295,1.0161,1.01632,1.50,1.60
2012.07.26 14:40:34.844,1.01611,1.01632,2.16,1.50
2012.07.26 14:40:35.372,1.01612,1.01635,1.50,2.35
2012.07.26 14:40:35.684,1.01612,1.01635,1.50,2.35
2012.07.26 14:40:36.215,1.01611,1.01632,1.50,1.50
2012.07.26 14:40:36.818,1.01612,1.01632,1.50,1.60
2012.07.26 14:40:37.391,1.01613,1.01634,1.50,2.35
2012.07.26 14:40:37.612,1.01613,1.01634,1.50,2.25
2012.07.26 14:40:37.780,1.01616,1.01636,1.50,1.13
2012.07.26 14:40:38.671,1.01615,1.01636,1.50,2.72
2012.07.26 14:40:39.228,1.01615,1.01636,1.50,3.47
2012.07.26 14:40:39.286,1.01613,1.01634,1.50,1.60
2012.07.26 14:40:40.280,1.01614,1.01637,1.50,1.97
2012.07.26 14:40:40.448,1.01614,1.01637,1.50,1.97
2012.07.26 14:40:40.560,1.01611,1.01633,1.50,1.60
2012.07.26 14:40:40.619,1.01613,1.01634,1.50,2.35
2012.07.26 14:40:40.911,1.01613,1.01635,1.50,1.60
2012.07.26 14:40:41.077,1.01616,1.01636,1.50,1.97
2012.07.26 14:40:41.300,1.01618,1.01638,1.50,1.97
2012.07.26 14:40:41.828,1.01617,1.01637,1.50,1.60
2012.07.26 14:40:41.888,1.01615,1.01637,1.50,1.60
2012.07.26 14:40:42.002,1.01618,1.01638,1.50,1.60
2012.07.26 14:40:42.062,1.01618,1.01638,1.50,1.60
2012.07.26 14:40:42.285,1.01617,1.0164,1.50,1.60
2012.07.26 14:40:42.509,1.01617,1.01637,1.50,1.50
2012.07.26 14:40:42.906,1.01618,1.01639,1.50,1.50
2012.07.26 14:40:46.413,1.01618,1.01639,1.50,1.60
2012.07.26 14:40:46.641,1.01618,1.01639,1.50,1.60
2012.07.26 14:40:47.662,1.01618,1.01639,1.50,2.25
2012.07.26 14:40:48.557,1.0162,1.01641,1.50,1.60
2012.07.26 14:40:48.671,1.01618,1.01641,3.00,1.60
2012.07.26 14:40:48.892,1.01621,1.01642,1.50,3.10
2012.07.26 14:40:49.496,1.01623,1.01644,1.50,1.60
2012.07.26 14:40:51.235,1.01621,1.0164,1.50,1.50
2012.07.26 14:40:51.295,1.01618,1.0164,1.50,1.60
2012.07.26 14:40:51.354,1.01616,1.01637,3.75,1.50
2012.07.26 14:40:51.903,1.01616,1.01637,3.00,1.60
2012.07.26 14:40:52.604,1.01616,1.01637,1.50,1.60
2012.07.26 14:40:52.933,1.01618,1.01639,3.00,2.35
2012.07.26 14:40:53.367,1.01614,1.01637,1.50,1.60
2012.07.26 14:40:54.241,1.01616,1.01639,1.50,3.10
2012.07.26 14:40:54.874,1.01616,1.01639,2.16,1.50
2012.07.26 14:40:55.148,1.01625,1.01645,1.50,2.35
2012.07.26 14:40:55.552,1.01623,1.01643,1.50,2.35
2012.07.26 14:40:55.854,1.01625,1.01645,1.50,1.60
2012.07.26 14:40:57.121,1.01621,1.01643,1.50,1.60
2012.07.26 14:40:57.497,1.01621,1.01643,1.50,1.60
2012.07.26 14:40:58.110,1.0162,1.0164,1.50,1.60
2012.07.26 14:40:58.279,1.01617,1.01639,1.50,1.60
2012.07.26 14:40:58.791,1.01618,1.01638,1.50,1.60
2012.07.26 14:40:59.243,1.01621,1.01642,1.50,1.97
2012.07.26 14:40:59.357,1.01621,1.01643,1.50,2.72
2012.07.26 14:40:59.933,1.01621,1.01643,1.50,2.72
2012.07.26 14:41:00.002,1.01619,1.01641,1.50,1.60
2012.07.26 14:41:00.062,1.01623,1.01642,1.50,1.50
2012.07.26 14:41:00.752,1.01623,1.01643,1.50,1.60
2012.07.26 14:41:01.801,1.01623,1.01643,1.50,1.60
2012.07.26 14:41:01.972,1.01621,1.01641,1.50,1.50
2012.07.26 14:41:02.671,1.01622,1.01641,1.50,1.50
2012.07.26 14:41:03.047,1.01624,1.01645,1.50,1.60
2012.07.26 14:41:03.214,1.01619,1.01641,2.16,1.50
2012.07.26 14:41:03.622,1.01618,1.01638,4.34,1.50
2012.07.26 14:41:04.261,1.01619,1.01638,1.26,1.50
2012.07.26 14:41:04.813,1.01615,1.01636,2.16,1.50
2012.07.26 14:41:05.141,1.01619,1.0164,2.16,1.50
2012.07.26 14:41:05.705,1.0162,1.01642,2.16,1.50
2012.07.26 14:41:06.217,1.01618,1.01641,2.16,1.50
2012.07.26 14:41:06.385,1.01621,1.01644,2.16,1.50
2012.07.26 14:41:06.933,1.01622,1.01644,1.50,1.50
2012.07.26 14:41:07.060,1.01624,1.01647,1.50,1.60
2012.07.26 14:41:07.403,1.0162,1.01642,2.16,3.00
2012.07.26 14:41:07.929,1.0162,1.01642,1.50,1.60
2012.07.26 14:41:07.988,1.01618,1.01641,3.66,1.50
2012.07.26 14:41:09.651,1.01619,1.0164,1.50,1.50
2012.07.26 14:41:10.014,1.01619,1.0164,2.16,1.50
2012.07.26 14:41:10.193,1.01622,1.01642,1.50,1.50
2012.07.26 14:41:10.251,1.01622,1.01644,1.50,1.50
2012.07.26 14:41:10.688,1.01621,1.01641,2.16,1.50
2012.07.26 14:41:11.162,1.01623,1.01644,1.50,1.50
2012.07.26 14:41:11.491,1.01624,1.01646,1.50,1.60
2012.07.26 14:41:11.662,1.01624,1.01646,1.50,1.60
2012.07.26 14:41:11.885,1.01622,1.01644,1.50,1.60
2012.07.26 14:41:11.945,1.01625,1.01645,1.50,3.00
2012.07.26 14:41:12.277,1.01622,1.01642,1.50,1.50
2012.07.26 14:41:13.901,1.0162,1.01641,2.16,1.50
2012.07.26 14:41:14.028,1.01619,1.01641,1.50,1.50
2012.07.26 14:41:14.360,1.01621,1.0164,1.50,1.50
2012.07.26 14:41:14.582,1.01624,1.01644,1.50,1.50
2012.07.26 14:41:14.697,1.01622,1.01642,1.50,1.50
2012.07.26 14:41:15.017,1.0162,1.0164,1.50,1.50
2012.07.26 14:41:15.578,1.01621,1.01643,1.50,1.60
2012.07.26 14:41:15.694,1.01623,1.01645,1.50,1.60
2012.07.26 14:41:15.809,1.01621,1.01644,2.16,1.50
2012.07.26 14:41:15.977,1.01621,1.01644,1.50,1.60
2012.07.26 14:41:16.091,1.01619,1.01642,1.50,1.60
2012.07.26 14:41:17.226,1.01622,1.01643,1.50,1.60
2012.07.26 14:41:17.740,1.01622,1.01643,2.25,1.50
2012.07.26 14:41:18.224,1.01625,1.01644,1.50,1.50
2012.07.26 14:41:18.501,1.01627,1.01648,1.50,1.60
2012.07.26 14:41:19.273,1.01626,1.01646,3.00,1.50
2012.07.26 14:41:20.237,1.01626,1.01645,1.50,1.50
2012.07.26 14:41:20.460,1.01624,1.01644,1.50,1.50
2012.07.26 14:41:20.763,1.01625,1.01647,1.50,3.10
2012.07.26 14:41:21.265,1.01623,1.01645,1.50,1.50
2012.07.26 14:41:23.622,1.01621,1.01643,1.50,1.50
2012.07.26 14:41:24.134,1.01621,1.01642,1.50,1.50
2012.07.26 14:41:24.444,1.01623,1.01644,1.50,2.25
2012.07.26 14:41:25.043,1.01623,1.01644,1.50,1.50
2012.07.26 14:41:25.589,1.01624,1.01646,1.50,3.10
2012.07.26 14:41:25.921,1.01628,1.01648,1.50,1.60
2012.07.26 14:41:26.089,1.01629,1.01651,1.50,2.20
2012.07.26 14:41:26.149,1.01629,1.01649,1.50,2.35
2012.07.26 14:41:26.209,1.01625,1.01647,1.50,1.60
2012.07.26 14:41:26.269,1.01623,1.01645,1.50,1.60
2012.07.26 14:41:26.774,1.01623,1.01642,1.50,1.50
2012.07.26 14:41:26.834,1.0162,1.0164,1.50,1.50
2012.07.26 14:41:27.158,1.01622,1.01642,2.16,1.50
2012.07.26 14:41:27.509,1.01627,1.01649,1.50,1.60
2012.07.26 14:41:27.568,1.01627,1.01649,1.50,1.97
2012.07.26 14:41:27.790,1.01627,1.01649,1.50,1.60
2012.07.26 14:41:28.468,1.0163,1.0165,1.50,1.50
2012.07.26 14:41:28.971,1.01625,1.01647,1.50,1.50
2012.07.26 14:41:29.245,1.01628,1.01648,1.50,1.50
2012.07.26 14:41:30.746,1.01622,1.01643,1.50,1.50
2012.07.26 14:41:30.811,1.0162,1.01642,1.50,1.50
2012.07.26 14:41:31.078,1.01622,1.01643,1.50,1.50
2012.07.26 14:41:31.591,1.01622,1.01644,1.50,2.35
2012.07.26 14:41:31.935,1.01621,1.01641,1.50,1.50
2012.07.26 14:41:31.994,1.01623,1.01644,1.50,1.60
2012.07.26 14:41:32.108,1.01621,1.0164,1.50,1.50
2012.07.26 14:41:32.449,1.01623,1.01643,1.50,1.50
2012.07.26 14:41:32.509,1.01623,1.01643,1.50,1.60
2012.07.26 14:41:32.622,1.01623,1.01643,1.50,3.00
2012.07.26 14:41:32.874,1.01625,1.01647,1.50,1.60
2012.07.26 14:41:33.044,1.01625,1.01647,2.16,1.50
2012.07.26 14:41:33.389,1.01629,1.01649,1.50,1.60
2012.07.26 14:41:33.796,1.01627,1.01649,2.16,1.60
2012.07.26 14:41:34.691,1.01626,1.01646,2.16,1.50
2012.07.26 14:41:35.105,1.01624,1.01645,2.16,1.50
2012.07.26 14:41:35.170,1.01624,1.01645,3.66,1.50
2012.07.26 14:41:35.233,1.01626,1.01647,2.16,1.50
2012.07.26 14:41:35.348,1.01627,1.01642,2.18,1.50
2012.07.26 14:41:35.463,1.01623,1.01642,1.04,1.50
2012.07.26 14:41:35.523,1.01623,1.01644,2.54,1.50
2012.07.26 14:41:35.982,1.01623,1.01641,1.04,1.50
2012.07.26 14:41:36.128,1.01623,1.01643,1.04,1.50
2012.07.26 14:41:36.658,1.0162,1.01642,2.16,1.50
2012.07.26 14:41:36.883,1.01618,1.01638,6.21,1.50
2012.07.26 14:41:37.292,1.01621,1.0164,2.16,1.50
2012.07.26 14:41:37.351,1.01621,1.01642,2.16,1.50
2012.07.26 14:41:38.182,1.01621,1.01642,1.50,1.50
2012.07.26 14:41:38.296,1.01622,1.01644,1.50,1.50
2012.07.26 14:41:39.112,1.01622,1.01645,1.50,1.50
2012.07.26 14:41:39.672,1.0162,1.01641,3.66,1.50
2012.07.26 14:41:41.825,1.0162,1.01641,1.50,2.25
2012.07.26 14:41:42.155,1.0162,1.01641,1.50,1.60
2012.07.26 14:41:42.325,1.01618,1.0164,1.50,1.60
2012.07.26 14:41:43.493,1.01618,1.01638,1.50,1.60
2012.07.26 14:41:43.552,1.01616,1.01637,1.50,1.50
2012.07.26 14:41:43.774,1.01613,1.01633,3.00,1.50
2012.07.26 14:41:44.652,1.01609,1.01631,2.16,1.50
2012.07.26 14:41:45.113,1.01612,1.01634,1.50,1.50
2012.07.26 14:41:45.997,1.01612,1.01634,1.50,2.25
2012.07.26 14:41:46.612,1.01612,1.01634,2.16,1.50
2012.07.26 14:41:47.265,1.01612,1.01634,2.16,2.25
2012.07.26 14:41:47.841,1.01612,1.01634,2.16,1.50
2012.07.26 14:41:48.011,1.0161,1.01632,1.50,1.50
2012.07.26 14:41:48.505,1.01613,1.01633,1.50,3.00
2012.07.26 14:41:48.829,1.01611,1.01631,1.50,1.50
2012.07.26 14:41:50.158,1.01611,1.01631,2.16,1.50
2012.07.26 14:41:50.621,1.01614,1.01634,1.50,2.25
2012.07.26 14:41:51.079,1.01612,1.01632,2.16,1.50
2012.07.26 14:41:51.741,1.01613,1.01635,1.50,1.50
2012.07.26 14:41:52.281,1.01613,1.01635,1.50,2.25
2012.07.26 14:41:53.314,1.01613,1.01635,1.50,1.50
2012.07.26 14:41:53.494,1.01613,1.01635,1.50,2.25
2012.07.26 14:41:54.081,1.01609,1.01631,3.66,1.50
2012.07.26 14:41:54.195,1.01611,1.01633,1.50,2.25
2012.07.26 14:41:55.430,1.01613,1.01634,2.16,1.50
2012.07.26 14:41:56.053,1.01614,1.01634,1.50,1.50
2012.07.26 14:41:57.088,1.01616,1.01636,1.50,1.50
2012.07.26 14:41:57.257,1.01617,1.01639,1.50,1.50
2012.07.26 14:41:57.629,1.01613,1.01635,3.66,1.50
2012.07.26 14:41:58.219,1.01616,1.01636,1.50,1.50
2012.07.26 14:41:58.550,1.01616,1.01633,1.50,1.50
2012.07.26 14:41:58.663,1.0161,1.01632,2.16,1.50
2012.07.26 14:41:58.801,1.01611,1.01632,2.16,1.50
2012.07.26 14:41:59.068,1.01614,1.01635,1.50,1.50
2012.07.26 14:41:59.641,1.01614,1.01636,1.50,1.50
2012.07.26 14:42:01.644,1.01614,1.01636,1.50,1.60
2012.07.26 14:42:01.952,1.01617,1.01639,1.50,1.60
2012.07.26 14:42:02.067,1.01615,1.01636,2.16,1.60
2012.07.26 14:42:02.288,1.01617,1.0164,1.50,1.60
2012.07.26 14:42:02.666,1.01617,1.0164,1.50,1.60
2012.07.26 14:42:02.780,1.01617,1.0164,1.50,1.60
2012.07.26 14:42:03.485,1.01617,1.0164,1.50,1.60
2012.07.26 14:42:03.857,1.01617,1.0164,2.16,1.60
2012.07.26 14:42:03.970,1.01618,1.0164,2.84,1.50
2012.07.26 14:42:04.138,1.0162,1.01642,3.66,1.50
2012.07.26 14:42:04.197,1.01622,1.01644,1.50,2.95
2012.07.26 14:42:07.837,1.01622,1.01644,1.50,2.95
2012.07.26 14:42:08.115,1.01613,1.01633,1.49,1.50
2012.07.26 14:42:08.175,1.01611,1.01633,2.33,1.60
2012.07.26 14:42:08.430,1.01611,1.01633,1.50,1.60
2012.07.26 14:42:09.778,1.01611,1.01633,2.16,1.60
2012.07.26 14:42:09.893,1.0161,1.0163,2.16,1.50
2012.07.26 14:42:10.009,1.01611,1.01633,2.16,1.60
2012.07.26 14:42:10.081,1.01609,1.01629,3.66,1.50
2012.07.26 14:42:10.194,1.0161,1.01632,2.16,1.60
2012.07.26 14:42:10.253,1.0161,1.01632,2.16,1.50
2012.07.26 14:42:10.312,1.0161,1.01632,2.16,1.60
2012.07.26 14:42:10.536,1.0161,1.01632,2.16,1.50
2012.07.26 14:42:10.651,1.01611,1.01631,2.16,1.50
2012.07.26 14:42:10.985,1.01613,1.01633,1.50,3.02
2012.07.26 14:42:11.098,1.01613,1.01635,1.50,2.35
2012.07.26 14:42:11.464,1.01613,1.01635,1.50,2.35
2012.07.26 14:42:11.760,1.01613,1.01634,1.50,1.22
2012.07.26 14:42:11.931,1.01611,1.01633,1.50,1.97
2012.07.26 14:42:12.333,1.01609,1.01632,1.50,1.60
2012.07.26 14:42:12.706,1.01612,1.01633,1.50,1.60
2012.07.26 14:42:13.435,1.01609,1.01632,3.00,1.60
2012.07.26 14:42:13.717,1.01609,1.01632,1.50,1.60
2012.07.26 14:42:14.211,1.01606,1.01627,1.50,1.60
2012.07.26 14:42:14.728,1.01605,1.01627,1.50,1.60
2012.07.26 14:42:15.195,1.01603,1.01622,1.50,1.50
2012.07.26 14:42:15.255,1.016,1.01622,2.16,1.50
2012.07.26 14:42:15.772,1.01603,1.01623,1.50,1.50
2012.07.26 14:42:16.405,1.01604,1.01623,1.50,1.50
2012.07.26 14:42:16.651,1.01605,1.01627,1.50,1.60
2012.07.26 14:42:17.077,1.01603,1.01625,1.50,1.50
2012.07.26 14:42:17.211,1.01605,1.01627,1.50,1.60
2012.07.26 14:42:17.890,1.01604,1.01624,1.50,3.10
2012.07.26 14:42:17.951,1.01602,1.01622,1.50,1.60
2012.07.26 14:42:18.478,1.01603,1.01625,1.50,1.60
2012.07.26 14:42:18.723,1.01603,1.01625,1.50,1.60
2012.07.26 14:42:19.240,1.01605,1.01628,1.50,1.60
2012.07.26 14:42:19.924,1.01606,1.01627,1.50,1.60
2012.07.26 14:42:20.038,1.01603,1.01626,2.16,1.60
2012.07.26 14:42:20.682,1.01604,1.01625,1.50,1.60
2012.07.26 14:42:21.201,1.01605,1.01628,1.50,3.10
2012.07.26 14:42:21.261,1.01604,1.01625,1.50,1.60
2012.07.26 14:42:21.375,1.016,1.01622,2.16,1.60
2012.07.26 14:42:21.733,1.01603,1.01624,1.50,1.60
2012.07.26 14:42:22.820,1.01603,1.01625,1.50,1.60
2012.07.26 14:42:22.933,1.01603,1.01625,1.50,3.10
2012.07.26 14:42:23.287,1.01602,1.01622,1.50,1.60
2012.07.26 14:42:23.352,1.01602,1.01622,1.50,1.60
2012.07.26 14:42:23.894,1.01603,1.01623,1.50,1.60
2012.07.26 14:42:25.023,1.01604,1.01627,1.50,1.60
2012.07.26 14:42:25.137,1.01606,1.01628,1.50,1.60
2012.07.26 14:42:25.250,1.01606,1.01628,1.50,1.60
2012.07.26 14:42:25.376,1.01608,1.01628,2.18,1.60
2012.07.26 14:42:26.887,1.01608,1.01625,2.18,1.50
2012.07.26 14:42:27.153,1.01602,1.01624,2.16,1.50
2012.07.26 14:42:27.430,1.016,1.01622,2.16,1.50
2012.07.26 14:42:27.489,1.01608,1.01622,2.18,1.50
2012.07.26 14:42:27.609,1.016,1.01622,2.16,1.50
2012.07.26 14:42:27.669,1.01604,1.01626,1.50,1.60
2012.07.26 14:42:27.972,1.01603,1.01624,1.50,1.60
2012.07.26 14:42:28.141,1.01601,1.01621,3.00,1.60
2012.07.26 14:42:28.549,1.01603,1.01623,1.50,1.60
2012.07.26 14:42:29.662,1.016,1.0162,1.50,1.60
2012.07.26 14:42:29.979,1.016,1.0162,2.16,1.50
2012.07.26 14:42:30.040,1.01603,1.01623,1.50,3.10
2012.07.26 14:42:31.320,1.01603,1.01623,2.16,1.50
2012.07.26 14:42:31.652,1.01603,1.01623,1.50,1.60
2012.07.26 14:42:32.200,1.01603,1.01623,1.50,1.60
2012.07.26 14:42:32.260,1.01601,1.01623,3.00,1.60
2012.07.26 14:42:32.707,1.01601,1.01621,2.16,1.50
2012.07.26 14:42:33.379,1.01603,1.01623,2.16,1.50
2012.07.26 14:42:34.791,1.01605,1.01625,1.50,1.60
2012.07.26 14:42:35.089,1.01601,1.01623,1.50,1.60
2012.07.26 14:42:36.708,1.01602,1.01625,1.50,1.60
2012.07.26 14:42:36.930,1.01602,1.01625,2.16,1.50
2012.07.26 14:42:37.045,1.01605,1.01627,1.50,1.60
2012.07.26 14:42:37.556,1.01603,1.01625,3.66,1.50
2012.07.26 14:42:37.931,1.01607,1.01625,1.50,1.50
2012.07.26 14:42:38.207,1.01608,1.0163,1.50,1.60
2012.07.26 14:42:38.500,1.01605,1.01627,2.16,1.50
2012.07.26 14:42:38.686,1.01605,1.01627,2.91,1.50
2012.07.26 14:42:39.149,1.01609,1.01629,1.50,3.10
2012.07.26 14:42:39.263,1.01605,1.01627,1.50,1.60
2012.07.26 14:42:39.384,1.01603,1.01625,2.16,1.50
2012.07.26 14:42:39.807,1.01606,1.01625,1.50,1.50
2012.07.26 14:42:40.137,1.01609,1.01631,1.50,1.60
2012.07.26 14:42:41.023,1.01608,1.01628,1.50,1.60
2012.07.26 14:42:41.340,1.01608,1.01628,2.16,1.50
2012.07.26 14:42:41.460,1.0161,1.0163,2.16,1.50
2012.07.26 14:42:42.216,1.0161,1.0163,1.50,1.60
2012.07.26 14:42:42.607,1.01607,1.01629,2.16,1.60
2012.07.26 14:42:43.337,1.01608,1.01629,2.18,1.60
2012.07.26 14:42:43.453,1.01609,1.01629,2.16,1.50
2012.07.26 14:42:43.677,1.01609,1.01632,2.16,3.10
2012.07.26 14:42:43.899,1.01611,1.01632,2.25,1.60
2012.07.26 14:42:44.122,1.01608,1.0163,1.50,1.60
2012.07.26 14:42:44.291,1.01606,1.01627,1.50,1.60
2012.07.26 14:42:44.794,1.01606,1.01627,1.50,1.60
2012.07.26 14:42:45.130,1.01604,1.01626,1.50,1.60
2012.07.26 14:42:45.555,1.01606,1.01627,1.50,1.60
2012.07.26 14:42:45.944,1.01607,1.01629,2.16,1.60
2012.07.26 14:42:46.173,1.01608,1.0163,2.84,1.50
2012.07.26 14:42:46.568,1.01612,1.01633,1.50,1.50
2012.07.26 14:42:46.898,1.01611,1.01631,1.41,1.50
2012.07.26 14:42:47.012,1.01612,1.01633,2.25,1.50
2012.07.26 14:42:47.626,1.01611,1.01632,2.91,1.50
2012.07.26 14:42:47.686,1.01613,1.01634,1.50,1.60
2012.07.26 14:42:47.997,1.01611,1.0163,1.41,1.50
2012.07.26 14:42:48.494,1.01608,1.01631,4.34,1.50
2012.07.26 14:42:48.715,1.01608,1.01631,4.34,1.60
2012.07.26 14:42:49.285,1.01606,1.01629,1.50,1.60
2012.07.26 14:42:49.715,1.01605,1.01626,1.50,1.60
2012.07.26 14:42:50.047,1.01606,1.01628,1.50,3.10
2012.07.26 14:42:50.400,1.01608,1.01628,2.18,1.60
2012.07.26 14:42:50.517,1.01606,1.01628,3.00,1.60
2012.07.26 14:42:50.577,1.01608,1.01628,1.50,1.60
2012.07.26 14:42:50.890,1.01607,1.01627,1.50,1.60
2012.07.26 14:42:50.949,1.01603,1.01625,1.50,1.60
2012.07.26 14:42:51.280,1.01601,1.01623,2.16,1.60
2012.07.26 14:42:51.394,1.01603,1.01623,1.50,1.60
2012.07.26 14:42:51.508,1.016,1.01623,3.66,1.60
2012.07.26 14:42:52.249,1.016,1.01622,2.16,1.50
2012.07.26 14:42:52.424,1.01601,1.01624,2.16,1.50
2012.07.26 14:42:53.901,1.01606,1.01626,1.50,1.60
2012.07.26 14:42:56.290,1.01603,1.01623,3.66,1.50
2012.07.26 14:42:56.518,1.01605,1.01625,2.16,1.50
2012.07.26 14:42:57.313,1.01605,1.01625,1.50,1.60
2012.07.26 14:42:57.997,1.01603,1.01624,2.16,1.60
2012.07.26 14:42:59.464,1.01604,1.01626,2.16,1.50
2012.07.26 14:43:00.705,1.01602,1.01624,2.91,1.50
2012.07.26 14:43:00.776,1.01604,1.01626,2.16,1.50
2012.07.26 14:43:01.224,1.01604,1.01624,2.16,1.50
2012.07.26 14:43:01.945,1.01605,1.01627,1.50,1.60
2012.07.26 14:43:06.543,1.01603,1.01623,2.16,1.50
2012.07.26 14:43:06.950,1.016,1.01621,1.50,1.60
2012.07.26 14:43:07.405,1.016,1.01621,2.25,1.60
2012.07.26 14:43:07.518,1.01602,1.01621,1.41,1.50
2012.07.26 14:43:07.712,1.01602,1.01621,1.41,1.50
2012.07.26 14:43:07.835,1.01605,1.01625,1.50,1.60
2012.07.26 14:43:08.384,1.01605,1.01628,2.16,1.88
2012.07.26 14:43:08.947,1.01605,1.01628,2.16,1.60
2012.07.26 14:43:09.924,1.01605,1.01625,2.16,1.50
2012.07.26 14:43:10.091,1.01606,1.01627,2.16,1.60
2012.07.26 14:43:10.595,1.01606,1.01626,2.16,1.50
2012.07.26 14:43:10.805,1.01608,1.01628,1.50,1.60
2012.07.26 14:43:11.394,1.0161,1.0163,1.50,1.60
2012.07.26 14:43:11.567,1.01607,1.01628,1.50,1.60
2012.07.26 14:43:11.819,1.01609,1.01629,1.50,3.10
2012.07.26 14:43:13.074,1.01609,1.01629,1.50,1.60
2012.07.26 14:43:14.348,1.01607,1.01628,1.50,1.60
2012.07.26 14:43:14.709,1.01609,1.01631,1.50,1.60
2012.07.26 14:43:15.449,1.01608,1.01628,1.50,1.60
2012.07.26 14:43:15.570,1.01606,1.01626,2.25,1.60
2012.07.26 14:43:15.768,1.01603,1.01623,3.66,1.50
2012.07.26 14:43:16.339,1.01606,1.01628,1.50,1.60
2012.07.26 14:43:16.453,1.01606,1.01628,1.50,1.60
2012.07.26 14:43:16.828,1.01609,1.01631,1.50,1.60
2012.07.26 14:43:17.323,1.01607,1.01629,2.25,1.60
2012.07.26 14:43:17.437,1.01607,1.01629,1.50,1.60
2012.07.26 14:43:17.669,1.01604,1.01625,1.50,1.60
2012.07.26 14:43:17.989,1.01605,1.01627,1.50,1.60
2012.07.26 14:43:18.104,1.01604,1.01624,3.00,1.60
2012.07.26 14:43:18.327,1.01599,1.01621,2.16,1.50
2012.07.26 14:43:18.677,1.01598,1.01619,3.21,1.50
2012.07.26 14:43:19.054,1.01601,1.01621,2.16,1.50
2012.07.26 14:43:19.969,1.01601,1.01621,3.51,1.50
2012.07.26 14:43:20.300,1.01602,1.01621,1.41,1.50
2012.07.26 14:43:20.469,1.01606,1.01627,2.16,1.50
2012.07.26 14:43:20.529,1.01606,1.01627,2.16,1.50
2012.07.26 14:43:20.642,1.01606,1.01628,2.16,1.60
2012.07.26 14:43:20.919,1.01605,1.01625,2.16,1.50
2012.07.26 14:43:20.981,1.01608,1.01628,1.50,1.60
2012.07.26 14:43:21.157,1.01605,1.01626,2.16,1.50
2012.07.26 14:43:21.217,1.01607,1.01627,1.50,1.50
2012.07.26 14:43:21.460,1.01605,1.01626,2.16,1.50
2012.07.26 14:43:21.995,1.01604,1.01627,3.66,1.50
2012.07.26 14:43:22.278,1.01607,1.01627,1.50,1.50
2012.07.26 14:43:22.584,1.01603,1.01625,2.16,1.50
2012.07.26 14:43:23.232,1.01603,1.01625,1.50,1.60
2012.07.26 14:43:23.673,1.01604,1.01625,2.16,1.50
2012.07.26 14:43:23.738,1.01604,1.01625,1.50,1.60
2012.07.26 14:43:23.799,1.01602,1.01624,1.50,1.60
2012.07.26 14:43:23.917,1.01599,1.01622,2.54,1.50
2012.07.26 14:43:24.031,1.01599,1.01622,1.88,1.60
2012.07.26 14:43:24.366,1.01601,1.01621,1.50,1.60
2012.07.26 14:43:24.685,1.01603,1.01623,1.50,1.60
2012.07.26 14:43:25.429,1.01603,1.01623,1.50,1.60
2012.07.26 14:43:25.951,1.01604,1.01624,1.50,2.35
2012.07.26 14:43:26.292,1.01607,1.01626,1.50,1.60
2012.07.26 14:43:26.352,1.01605,1.01625,1.50,1.60
2012.07.26 14:43:26.412,1.01605,1.01625,3.66,1.60
2012.07.26 14:43:26.803,1.01603,1.01623,2.16,1.50
2012.07.26 14:43:27.325,1.01603,1.01623,2.16,1.50
2012.07.26 14:43:27.866,1.01604,1.01624,2.16,1.60
2012.07.26 14:43:28.189,1.01604,1.01624,1.50,3.70
2012.07.26 14:43:28.360,1.01601,1.01616,1.50,1.60
2012.07.26 14:43:28.420,1.01595,1.01616,2.91,1.60
2012.07.26 14:43:28.757,1.01599,1.01618,1.50,1.60
2012.07.26 14:43:29.432,1.01597,1.0162,2.25,1.60
2012.07.26 14:43:29.518,1.01599,1.01621,1.50,3.10
2012.07.26 14:43:29.799,1.01597,1.01617,2.25,1.60
2012.07.26 14:43:29.968,1.01597,1.0162,1.50,1.60
2012.07.26 14:43:30.190,1.01594,1.01615,1.50,1.60
2012.07.26 14:43:30.305,1.0159,1.01613,2.69,1.50
2012.07.26 14:43:30.420,1.01594,1.01613,2.16,1.50
2012.07.26 14:43:30.535,1.01591,1.01613,2.91,1.50
2012.07.26 14:43:30.650,1.01596,1.01618,1.50,1.60
2012.07.26 14:43:30.763,1.01593,1.01616,1.50,1.60
2012.07.26 14:43:30.993,1.01591,1.01614,3.00,1.60
2012.07.26 14:43:31.601,1.01591,1.01614,2.16,1.50
2012.07.26 14:43:32.044,1.01597,1.01614,2.16,1.50
2012.07.26 14:43:32.287,1.01598,1.01618,2.16,1.50
2012.07.26 14:43:32.351,1.01597,1.01617,2.16,1.50
2012.07.26 14:43:32.411,1.01599,1.01621,1.50,3.10
2012.07.26 14:43:32.696,1.01597,1.01619,1.50,1.60
2012.07.26 14:43:32.812,1.01595,1.01617,2.16,1.60
2012.07.26 14:43:32.980,1.01597,1.01617,1.41,1.50
2012.07.26 14:43:33.311,1.01595,1.01615,2.91,1.50
2012.07.26 14:43:33.703,1.01597,1.01618,2.84,1.50
2012.07.26 14:43:34.055,1.01597,1.01618,3.59,1.50
2012.07.26 14:43:34.517,1.01596,1.01616,2.16,1.50
2012.07.26 14:43:34.868,1.01602,1.01622,1.50,1.97
2012.07.26 14:43:35.268,1.01599,1.01621,1.50,1.60
2012.07.26 14:43:35.691,1.01601,1.01623,1.50,1.60
2012.07.26 14:43:36.025,1.01604,1.01624,1.50,3.10
2012.07.26 14:43:36.537,1.01601,1.01621,1.50,3.10
2012.07.26 14:43:36.597,1.01597,1.01619,1.50,1.60
2012.07.26 14:43:37.119,1.01598,1.01618,1.50,3.10
2012.07.26 14:43:37.444,1.01596,1.01617,1.41,1.60
2012.07.26 14:43:37.667,1.01599,1.01619,1.50,1.60
2012.07.26 14:43:37.965,1.01596,1.01618,2.91,1.60
2012.07.26 14:43:38.142,1.01599,1.01619,1.50,1.60
2012.07.26 14:43:38.470,1.01597,1.01617,3.00,1.60
2012.07.26 14:43:39.827,1.01598,1.01619,1.50,1.60
2012.07.26 14:43:39.996,1.01596,1.01618,1.50,1.60
2012.07.26 14:43:40.055,1.01596,1.01618,1.50,1.60
2012.07.26 14:43:40.169,1.01596,1.01618,1.50,1.60
2012.07.26 14:43:40.230,1.01599,1.01619,1.50,1.60
2012.07.26 14:43:40.397,1.01597,1.01617,3.00,1.50
2012.07.26 14:43:40.629,1.01594,1.01616,3.66,1.50
2012.07.26 14:43:40.859,1.01594,1.01616,2.16,1.50
2012.07.26 14:43:41.421,1.01597,1.01617,2.16,1.50
2012.07.26 14:43:41.613,1.01598,1.01619,2.16,1.50
2012.07.26 14:43:42.041,1.01596,1.01618,2.16,1.60
2012.07.26 14:43:42.154,1.01596,1.01618,3.00,1.60
2012.07.26 14:43:42.214,1.01598,1.0162,1.50,1.60
2012.07.26 14:43:42.491,1.01603,1.01623,1.50,1.60
2012.07.26 14:43:42.978,1.016,1.01622,1.50,1.50
2012.07.26 14:43:43.094,1.016,1.01619,1.50,1.50
2012.07.26 14:43:43.267,1.01597,1.0162,2.91,1.50
2012.07.26 14:43:43.906,1.01599,1.01619,1.50,1.50
2012.07.26 14:43:44.169,1.01599,1.01619,2.16,1.50
2012.07.26 14:43:44.282,1.01601,1.01621,2.16,3.00
2012.07.26 14:43:44.450,1.01606,1.01624,1.50,1.60
2012.07.26 14:43:44.619,1.01606,1.01627,1.50,1.97
2012.07.26 14:43:44.679,1.01608,1.01628,1.50,1.97
2012.07.26 14:43:45.004,1.01605,1.01626,3.00,1.60
2012.07.26 14:43:45.541,1.01607,1.01628,1.50,1.97
2012.07.26 14:43:46.106,1.01606,1.01627,1.50,1.60
2012.07.26 14:43:46.224,1.01604,1.01625,3.00,1.60
2012.07.26 14:43:46.284,1.01604,1.01625,3.00,1.60
2012.07.26 14:43:46.557,1.01604,1.01625,1.50,1.60
2012.07.26 14:43:48.372,1.01605,1.01627,1.50,1.60
2012.07.26 14:43:48.487,1.01603,1.01625,1.50,1.50
2012.07.26 14:43:48.821,1.01606,1.01625,1.50,1.60
2012.07.26 14:43:48.936,1.01606,1.01626,1.50,1.50
2012.07.26 14:43:49.267,1.01608,1.01628,1.50,1.60
2012.07.26 14:43:49.679,1.01602,1.01623,2.25,1.50
2012.07.26 14:43:49.902,1.01601,1.01623,1.50,1.60
2012.07.26 14:43:50.382,1.01603,1.01625,1.50,1.60
2012.07.26 14:43:51.017,1.01603,1.01625,1.50,1.60
2012.07.26 14:43:51.514,1.01603,1.01626,2.16,1.50
2012.07.26 14:43:51.628,1.01603,1.01626,2.16,1.50
2012.07.26 14:43:51.961,1.01602,1.01622,2.16,1.50
2012.07.26 14:43:52.075,1.01603,1.01624,2.16,1.50
2012.07.26 14:43:52.574,1.01601,1.01622,2.16,1.50
2012.07.26 14:43:53.050,1.01598,1.01618,2.16,1.50
2012.07.26 14:43:53.479,1.01598,1.01615,1.04,1.50
2012.07.26 14:43:53.539,1.01598,1.01617,1.04,1.50
2012.07.26 14:43:54.002,1.01599,1.01619,1.04,1.50
2012.07.26 14:43:54.061,1.01599,1.01619,1.04,1.50
2012.07.26 14:43:54.577,1.016,1.01621,1.50,1.60
2012.07.26 14:43:55.923,1.016,1.01622,2.25,1.60
2012.07.26 14:43:56.036,1.01602,1.01623,2.91,1.50
2012.07.26 14:43:56.956,1.016,1.01621,2.16,1.50
2012.07.26 14:43:57.016,1.016,1.01621,1.50,1.60
2012.07.26 14:43:57.129,1.01599,1.01619,1.04,1.50
2012.07.26 14:43:57.474,1.01598,1.01619,2.16,1.50
2012.07.26 14:43:58.193,1.01598,1.01619,2.16,1.50
2012.07.26 14:43:58.640,1.01599,1.01621,1.50,1.50
2012.07.26 14:43:58.700,1.01601,1.01622,1.50,1.60
2012.07.26 14:43:59.031,1.01599,1.01621,1.50,1.60
2012.07.26 14:43:59.253,1.01597,1.01618,2.16,1.50
2012.07.26 14:43:59.568,1.01595,1.01615,1.50,1.50
2012.07.26 14:44:00.092,1.01596,1.01616,1.50,1.50
2012.07.26 14:44:02.387,1.01596,1.01616,2.25,1.50
2012.07.26 14:44:02.894,1.01597,1.01619,1.50,1.60
2012.07.26 14:44:03.116,1.01595,1.01617,2.16,1.50
2012.07.26 14:44:03.231,1.01594,1.01615,2.16,1.50
2012.07.26 14:44:03.561,1.01596,1.01615,2.16,1.50
2012.07.26 14:44:03.621,1.01599,1.0162,1.50,1.50
2012.07.26 14:44:04.154,1.01598,1.01618,1.04,1.50
2012.07.26 14:44:04.485,1.01599,1.01618,1.04,1.50
2012.07.26 14:44:04.654,1.01599,1.01618,1.04,1.50
2012.07.26 14:44:04.975,1.01598,1.01618,1.04,1.50
2012.07.26 14:44:05.037,1.01603,1.0162,2.16,1.50
2012.07.26 14:44:05.096,1.01603,1.01625,2.16,1.50
2012.07.26 14:44:05.156,1.01607,1.01627,1.50,1.50
2012.07.26 14:44:05.216,1.01607,1.01629,1.50,1.60
2012.07.26 14:44:05.548,1.01607,1.01627,1.50,1.60
2012.07.26 14:44:05.609,1.01605,1.01625,1.50,1.50
2012.07.26 14:44:05.953,1.01602,1.01621,2.16,1.50
2012.07.26 14:44:06.294,1.016,1.01621,1.50,1.50
2012.07.26 14:44:06.408,1.01601,1.01622,2.16,1.50
2012.07.26 14:44:06.995,1.016,1.01623,2.16,1.50
2012.07.26 14:44:08.245,1.016,1.01623,2.16,1.50
2012.07.26 14:44:08.359,1.01605,1.01625,1.50,1.50
2012.07.26 14:44:08.474,1.01605,1.01625,1.50,1.60
2012.07.26 14:44:08.696,1.01607,1.01627,1.50,1.60
2012.07.26 14:44:09.027,1.01607,1.01627,1.50,1.60
2012.07.26 14:44:09.087,1.01604,1.01626,1.50,1.60
2012.07.26 14:44:09.824,1.01603,1.01623,1.50,1.50
2012.07.26 14:44:10.290,1.01607,1.01626,1.50,1.50
2012.07.26 14:44:10.512,1.01605,1.01626,2.16,1.50
2012.07.26 14:44:11.033,1.01605,1.01627,2.16,1.60
2012.07.26 14:44:11.147,1.01603,1.01625,3.66,1.50
2012.07.26 14:44:11.697,1.01603,1.01623,2.16,1.50
2012.07.26 14:44:11.870,1.01601,1.01622,1.41,1.50
2012.07.26 14:44:12.380,1.01603,1.01623,1.50,1.50
2012.07.26 14:44:12.439,1.01604,1.01626,1.50,3.10
2012.07.26 14:44:12.876,1.01606,1.01627,1.50,1.60
2012.07.26 14:44:13.099,1.01606,1.01628,3.00,1.60
2012.07.26 14:44:13.657,1.01606,1.01628,1.50,1.60
2012.07.26 14:44:14.313,1.01609,1.0163,1.50,1.60
2012.07.26 14:44:14.611,1.01609,1.01631,1.50,1.60
2012.07.26 14:44:14.671,1.01607,1.01628,1.50,1.50
2012.07.26 14:44:14.894,1.01611,1.01629,1.50,1.60
2012.07.26 14:44:15.195,1.01613,1.01633,1.50,1.60
2012.07.26 14:44:15.580,1.01611,1.01631,1.50,1.60
2012.07.26 14:44:15.927,1.0161,1.01632,1.50,3.10
2012.07.26 14:44:16.042,1.0161,1.01629,2.91,1.50
2012.07.26 14:44:16.157,1.01609,1.01632,2.16,1.60
2012.07.26 14:44:16.339,1.01609,1.01632,2.16,1.50
2012.07.26 14:44:16.693,1.01613,1.01634,1.50,1.60
2012.07.26 14:44:16.806,1.0161,1.01631,2.25,1.60
2012.07.26 14:44:16.935,1.01612,1.01635,1.50,1.60
2012.07.26 14:44:17.157,1.01612,1.01635,1.50,1.60
2012.07.26 14:44:17.270,1.01612,1.01635,2.16,1.60
2012.07.26 14:44:17.573,1.01616,1.01636,1.50,1.60
2012.07.26 14:44:17.840,1.01614,1.01636,1.50,1.60
2012.07.26 14:44:18.900,1.01614,1.01636,1.50,1.60
2012.07.26 14:44:19.101,1.01614,1.01636,2.16,1.50
2012.07.26 14:44:19.433,1.01614,1.01636,2.25,1.60
2012.07.26 14:44:19.548,1.01612,1.01635,1.50,1.60
2012.07.26 14:44:19.772,1.01611,1.01634,2.25,3.10
2012.07.26 14:44:19.886,1.01611,1.01634,2.25,3.10
2012.07.26 14:44:19.945,1.01613,1.01634,1.50,1.60
2012.07.26 14:44:20.005,1.01613,1.01636,1.50,1.50
2012.07.26 14:44:20.064,1.01616,1.01636,1.50,1.50
2012.07.26 14:44:20.616,1.01617,1.01639,1.50,1.97
2012.07.26 14:44:20.739,1.01615,1.01635,1.50,1.50
2012.07.26 14:44:20.853,1.01612,1.01635,1.50,3.10
2012.07.26 14:44:21.383,1.01613,1.01633,1.50,1.60
2012.07.26 14:44:21.443,1.01612,1.01634,1.50,1.60
2012.07.26 14:44:21.887,1.01607,1.01628,1.50,1.50
2012.07.26 14:44:22.004,1.01609,1.0163,1.50,1.60
2012.07.26 14:44:22.533,1.01609,1.0163,1.50,1.50
2012.07.26 14:44:23.080,1.01611,1.01632,1.50,1.60
2012.07.26 14:44:23.248,1.01611,1.01633,1.50,1.60
2012.07.26 14:44:23.979,1.01611,1.01633,1.50,1.60
2012.07.26 14:44:24.519,1.01611,1.01633,1.50,1.60
2012.07.26 14:44:24.817,1.0161,1.01631,1.50,1.50
2012.07.26 14:44:25.266,1.01614,1.01635,1.50,1.60
2012.07.26 14:44:25.559,1.01614,1.01635,1.50,1.60
2012.07.26 14:44:26.325,1.01615,1.01638,1.50,1.60
2012.07.26 14:44:26.547,1.01614,1.01635,1.50,1.50
2012.07.26 14:44:26.897,1.01613,1.01633,2.16,1.50
2012.07.26 14:44:26.957,1.01614,1.01637,1.50,1.50
2012.07.26 14:44:27.725,1.01614,1.01637,1.50,1.97
2012.07.26 14:44:27.893,1.01611,1.01633,1.50,1.60
2012.07.26 14:44:27.953,1.01611,1.01633,2.16,1.60
2012.07.26 14:44:28.120,1.01614,1.01633,1.50,1.60
2012.07.26 14:44:28.451,1.01616,1.01636,1.50,1.60
2012.07.26 14:44:28.688,1.01614,1.01636,1.50,1.60
2012.07.26 14:44:29.336,1.01613,1.01635,1.50,1.60
2012.07.26 14:44:29.441,1.0161,1.01633,1.50,1.60
2012.07.26 14:44:30.229,1.01611,1.01633,1.50,1.60
2012.07.26 14:44:30.717,1.01613,1.01633,1.50,1.60
2012.07.26 14:44:31.496,1.01613,1.01633,1.50,1.60
2012.07.26 14:44:31.773,1.01611,1.01632,1.50,1.60
2012.07.26 14:44:31.886,1.01613,1.01634,1.50,3.10
2012.07.26 14:44:32.653,1.0161,1.01633,2.16,1.60
2012.07.26 14:44:35.577,1.01612,1.01633,1.50,1.60
2012.07.26 14:44:36.136,1.01614,1.01635,1.50,1.60
2012.07.26 14:44:36.643,1.01615,1.01637,1.50,1.97
2012.07.26 14:44:36.703,1.01618,1.01639,1.50,3.85
2012.07.26 14:44:37.204,1.01619,1.01642,1.50,2.65
2012.07.26 14:44:37.602,1.01617,1.01638,1.50,1.60
2012.07.26 14:44:38.321,1.01616,1.01639,1.50,1.60
2012.07.26 14:44:38.840,1.01616,1.01639,2.25,1.97
2012.07.26 14:44:38.900,1.01618,1.01641,1.50,1.97
2012.07.26 14:44:39.232,1.01617,1.0164,1.50,1.97
2012.07.26 14:44:39.292,1.01617,1.0164,1.50,1.97
2012.07.26 14:44:39.462,1.0162,1.0164,1.50,1.97
2012.07.26 14:44:39.793,1.01622,1.0164,1.50,1.88
2012.07.26 14:44:40.128,1.01621,1.01643,1.50,2.35
2012.07.26 14:44:40.318,1.01619,1.01639,1.50,1.60
2012.07.26 14:44:41.278,1.01621,1.01641,1.50,1.60
2012.07.26 14:44:42.310,1.01621,1.01641,1.50,1.60
2012.07.26 14:44:42.478,1.01618,1.0164,1.50,1.60
2012.07.26 14:44:42.546,1.01621,1.01642,1.50,1.60
2012.07.26 14:44:43.328,1.01617,1.01637,1.50,1.50
2012.07.26 14:44:43.551,1.01616,1.01636,1.50,1.60
2012.07.26 14:44:44.178,1.01617,1.01638,1.50,1.60
2012.07.26 14:44:44.238,1.01615,1.01637,3.00,1.60
2012.07.26 14:44:44.297,1.01615,1.01632,1.50,1.50
2012.07.26 14:44:44.643,1.01611,1.0163,1.41,1.50
2012.07.26 14:44:45.086,1.01611,1.01631,1.41,3.00
2012.07.26 14:44:45.418,1.01616,1.0163,1.41,1.50
2012.07.26 14:44:45.478,1.01614,1.01634,1.04,1.50
2012.07.26 14:44:45.766,1.01614,1.0163,1.04,1.50
2012.07.26 14:44:46.098,1.01617,1.01632,2.84,1.50
2012.07.26 14:44:46.158,1.01613,1.01632,1.04,1.50
2012.07.26 14:44:46.218,1.01616,1.01635,1.41,3.00
2012.07.26 14:44:46.331,1.01616,1.01637,2.91,1.50
2012.07.26 14:44:47.331,1.01616,1.01634,1.41,1.50
2012.07.26 14:44:47.445,1.01616,1.01636,1.41,1.50
2012.07.26 14:44:47.505,1.01616,1.01638,1.41,3.10
2012.07.26 14:44:47.564,1.01616,1.01636,1.41,1.50
2012.07.26 14:44:48.204,1.01612,1.01635,2.91,1.50
2012.07.26 14:44:48.796,1.01613,1.01636,2.16,1.50
2012.07.26 14:44:49.149,1.01613,1.01634,2.16,1.50
2012.07.26 14:44:49.208,1.01613,1.01634,1.50,1.60
2012.07.26 14:44:49.268,1.0161,1.01631,2.16,1.50
2012.07.26 14:44:49.598,1.01607,1.01629,2.84,1.50
2012.07.26 14:44:50.010,1.01611,1.01631,2.16,1.50
2012.07.26 14:44:50.398,1.01609,1.01632,3.66,1.50
2012.07.26 14:44:50.514,1.0161,1.01632,2.16,1.60
2012.07.26 14:44:51.068,1.01611,1.01631,1.50,1.60
2012.07.26 14:44:51.182,1.01608,1.01629,3.00,1.60
2012.07.26 14:44:51.301,1.01606,1.01626,1.50,1.50
2012.07.26 14:44:51.415,1.01603,1.01626,1.50,1.60
2012.07.26 14:44:51.529,1.01604,1.01628,2.16,1.50
2012.07.26 14:44:51.843,1.01607,1.01626,2.84,1.50
2012.07.26 14:44:52.071,1.01607,1.01626,2.84,1.50
2012.07.26 14:44:52.644,1.01605,1.01627,2.16,1.50
2012.07.26 14:44:52.812,1.01607,1.0163,2.16,3.00
2012.07.26 14:44:52.988,1.01607,1.01627,2.16,1.50
2012.07.26 14:44:53.208,1.01609,1.01631,2.16,1.50
2012.07.26 14:44:53.269,1.01609,1.01631,1.50,1.60
2012.07.26 14:44:53.601,1.01612,1.01634,1.50,1.60
2012.07.26 14:44:54.218,1.01612,1.01634,2.25,1.60
2012.07.26 14:44:55.177,1.01612,1.01634,2.25,1.60
2012.07.26 14:44:55.298,1.01612,1.0163,1.50,1.60
2012.07.26 14:44:55.413,1.01606,1.01629,2.25,1.50
2012.07.26 14:44:55.516,1.0161,1.01629,1.50,1.50
2012.07.26 14:44:55.600,1.01606,1.01629,2.25,1.50
2012.07.26 14:44:56.098,1.01604,1.01627,3.66,1.50
2012.07.26 14:44:56.685,1.01607,1.01628,1.50,1.50
2012.07.26 14:44:57.186,1.01605,1.01627,1.41,1.50
2012.07.26 14:44:57.530,1.01608,1.01627,1.50,1.50
2012.07.26 14:44:57.590,1.01609,1.01631,1.50,1.60
2012.07.26 14:44:58.473,1.01609,1.01631,2.25,1.60
2012.07.26 14:44:58.587,1.01609,1.01631,1.50,1.60
2012.07.26 14:44:58.647,1.01612,1.01632,1.50,3.10
2012.07.26 14:44:58.706,1.01612,1.01632,1.50,1.60
2012.07.26 14:44:59.360,1.01612,1.01632,1.50,1.60
2012.07.26 14:44:59.584,1.0161,1.0163,1.50,1.60
2012.07.26 14:45:00.516,1.01612,1.01633,1.50,1.60
2012.07.26 14:45:00.684,1.01612,1.01633,1.50,1.50
2012.07.26 14:45:01.014,1.01611,1.01633,1.50,1.60
2012.07.26 14:45:01.430,1.01609,1.01631,1.50,1.60
2012.07.26 14:45:01.543,1.01607,1.01629,2.16,1.50
2012.07.26 14:45:01.885,1.01611,1.01631,1.50,3.00
2012.07.26 14:45:02.458,1.01608,1.0163,2.16,1.50
2012.07.26 14:45:02.517,1.01612,1.0163,1.50,1.50
2012.07.26 14:45:03.077,1.01614,1.01635,1.50,1.60
2012.07.26 14:45:03.699,1.01614,1.01635,1.50,1.60
2012.07.26 14:45:03.927,1.01608,1.0163,1.50,1.60
2012.07.26 14:45:04.041,1.01611,1.01631,1.50,1.60
2012.07.26 14:45:04.380,1.01608,1.01629,1.50,1.60
2012.07.26 14:45:04.603,1.01609,1.01629,1.50,1.50
2012.07.26 14:45:06.263,1.01606,1.01626,2.25,1.50
2012.07.26 14:45:06.998,1.01604,1.01625,1.79,1.50
2012.07.26 14:45:07.148,1.01604,1.01625,1.04,1.50
2012.07.26 14:45:07.263,1.01607,1.01629,1.50,3.70
2012.07.26 14:45:07.595,1.01606,1.0162,1.50,1.60
2012.07.26 14:45:07.655,1.016,1.0162,2.25,1.50
2012.07.26 14:45:07.769,1.01603,1.01622,1.50,1.50
2012.07.26 14:45:08.297,1.01603,1.01623,1.50,1.60
2012.07.26 14:45:08.573,1.01603,1.01623,1.50,1.60
2012.07.26 14:45:08.908,1.01596,1.01617,1.50,1.60
2012.07.26 14:45:09.293,1.01594,1.01615,1.50,1.60
2012.07.26 14:45:09.726,1.01594,1.01615,2.16,1.50
2012.07.26 14:45:09.909,1.01594,1.01615,2.91,1.50
2012.07.26 14:45:10.109,1.01594,1.01615,2.16,1.50
2012.07.26 14:45:10.174,1.01598,1.01617,1.50,1.60
2012.07.26 14:45:10.296,1.01598,1.01617,1.50,1.60
2012.07.26 14:45:10.685,1.016,1.0162,1.50,1.60
2012.07.26 14:45:10.907,1.016,1.0162,1.50,1.60
2012.07.26 14:45:11.268,1.01598,1.01618,1.50,1.60
2012.07.26 14:45:11.382,1.01596,1.01616,2.16,1.50
2012.07.26 14:45:12.050,1.01599,1.01619,1.50,3.10
2012.07.26 14:45:12.419,1.01599,1.01619,1.50,2.20
2012.07.26 14:45:12.587,1.01592,1.01614,2.16,1.50
2012.07.26 14:45:13.128,1.01596,1.01617,1.50,1.60
2012.07.26 14:45:13.481,1.01595,1.01618,2.16,1.50
2012.07.26 14:45:13.704,1.01594,1.01617,2.16,1.88
2012.07.26 14:45:14.293,1.01594,1.01617,2.16,1.50
2012.07.26 14:45:14.450,1.01594,1.01617,2.16,1.50
2012.07.26 14:45:14.900,1.01597,1.0162,2.16,1.50
2012.07.26 14:45:15.234,1.01597,1.0162,1.50,1.60
2012.07.26 14:45:15.574,1.016,1.01622,1.50,1.97
2012.07.26 14:45:15.877,1.01602,1.01622,1.50,1.97
2012.07.26 14:45:15.992,1.016,1.01615,1.50,1.60
2012.07.26 14:45:16.052,1.01592,1.01615,3.00,1.60
2012.07.26 14:45:16.111,1.01594,1.01617,1.50,1.60
2012.07.26 14:45:16.451,1.0159,1.0161,1.50,1.50
2012.07.26 14:45:16.566,1.01592,1.01615,1.50,1.60
2012.07.26 14:45:16.792,1.0159,1.01613,2.16,1.50
2012.07.26 14:45:16.854,1.01593,1.01616,1.50,1.60
2012.07.26 14:45:17.220,1.01593,1.01616,1.50,1.60
2012.07.26 14:45:17.768,1.01593,1.01616,1.50,1.60
2012.07.26 14:45:18.118,1.01596,1.01617,2.16,1.50
2012.07.26 14:45:22.633,1.01598,1.01619,1.50,1.60
2012.07.26 14:45:22.745,1.01596,1.01617,4.41,1.50
2012.07.26 14:45:23.049,1.01599,1.0162,1.50,1.60
2012.07.26 14:45:23.937,1.01596,1.01619,2.91,1.60
2012.07.26 14:45:24.488,1.01598,1.0162,1.50,1.60
2012.07.26 14:45:25.085,1.01596,1.01619,2.91,1.60
2012.07.26 14:45:25.149,1.01596,1.01616,2.25,1.50
2012.07.26 14:45:25.263,1.01594,1.01616,2.16,1.50
2012.07.26 14:45:25.485,1.01594,1.01616,1.50,1.60
2012.07.26 14:45:25.816,1.01597,1.01617,1.50,1.60
2012.07.26 14:45:26.374,1.01596,1.01616,3.00,1.50
2012.07.26 14:45:26.704,1.01598,1.01618,2.16,1.50
2012.07.26 14:45:27.037,1.01601,1.0162,1.41,1.50
2012.07.26 14:45:27.532,1.01601,1.01623,2.16,3.00
2012.07.26 14:45:27.827,1.01603,1.01625,2.16,1.50
2012.07.26 14:45:27.942,1.01601,1.01623,2.91,1.50
2012.07.26 14:45:28.432,1.01603,1.01625,2.16,1.50
2012.07.26 14:45:28.638,1.01601,1.01623,2.91,1.50
2012.07.26 14:45:28.983,1.01606,1.01626,1.50,3.00
2012.07.26 14:45:29.563,1.01607,1.01627,1.50,1.60
2012.07.26 14:45:29.972,1.01603,1.01625,1.50,1.50
2012.07.26 14:45:30.275,1.01602,1.01622,2.91,1.50
2012.07.26 14:45:30.611,1.01606,1.01626,1.50,1.50
2012.07.26 14:45:30.678,1.01603,1.01625,3.00,1.50
2012.07.26 14:45:30.847,1.01602,1.01622,2.91,1.50
2012.07.26 14:45:31.122,1.01599,1.01621,2.16,1.50
2012.07.26 14:45:31.236,1.01598,1.01619,2.55,1.50
2012.07.26 14:45:31.683,1.01596,1.01619,3.66,1.50
2012.07.26 14:45:32.370,1.01601,1.01622,2.16,1.50
2012.07.26 14:45:32.879,1.016,1.01623,2.16,1.50
2012.07.26 14:45:33.103,1.016,1.0162,1.41,1.50
2012.07.26 14:45:33.328,1.01602,1.01623,1.50,3.00
2012.07.26 14:45:33.723,1.016,1.01621,2.16,1.50
2012.07.26 14:45:34.607,1.01602,1.01623,1.50,1.50
2012.07.26 14:45:36.600,1.01603,1.01626,1.50,1.60
2012.07.26 14:45:36.822,1.01602,1.01623,2.91,1.50
2012.07.26 14:45:36.990,1.01604,1.01625,1.50,1.50
2012.07.26 14:45:37.191,1.01605,1.01627,2.25,1.60
2012.07.26 14:45:37.983,1.01606,1.01626,2.25,1.50
2012.07.26 14:45:38.519,1.01606,1.01626,2.16,1.50
2012.07.26 14:45:38.742,1.01608,1.0163,1.50,1.60
2012.07.26 14:45:39.076,1.01605,1.01626,1.50,1.50
2012.07.26 14:45:39.321,1.01607,1.01629,1.50,1.60
2012.07.26 14:45:39.382,1.01605,1.01627,3.00,1.50
2012.07.26 14:45:39.714,1.01607,1.01629,1.50,1.60
2012.07.26 14:45:40.048,1.01606,1.01626,2.25,1.50
2012.07.26 14:45:40.409,1.01604,1.01624,2.25,1.50
2012.07.26 14:45:40.468,1.01604,1.01624,1.50,1.50
2012.07.26 14:45:40.527,1.01605,1.01627,1.50,1.50
2012.07.26 14:45:40.641,1.01604,1.01624,1.50,1.50
2012.07.26 14:45:40.701,1.01605,1.01627,1.50,1.50
2012.07.26 14:45:41.053,1.01608,1.01628,1.50,1.60
2012.07.26 14:45:41.328,1.01606,1.01626,1.50,1.60
2012.07.26 14:45:41.996,1.01606,1.01626,1.50,1.60
2012.07.26 14:45:42.083,1.01608,1.01628,1.50,3.10
2012.07.26 14:45:42.542,1.01604,1.01624,1.50,1.50
2012.07.26 14:45:42.657,1.01601,1.01622,1.50,1.60
2012.07.26 14:45:43.195,1.016,1.01622,2.16,1.60
2012.07.26 14:45:43.526,1.01601,1.01621,2.16,1.50
2012.07.26 14:45:43.585,1.01606,1.01626,1.50,1.60
2012.07.26 14:45:44.064,1.01604,1.01624,1.50,1.50
2012.07.26 14:45:44.427,1.01601,1.01622,1.50,1.50
2012.07.26 14:45:44.645,1.01598,1.01619,2.16,1.50
2012.07.26 14:45:44.984,1.016,1.01622,1.50,1.60
2012.07.26 14:45:45.261,1.01603,1.01622,1.50,1.50
2012.07.26 14:45:45.573,1.01605,1.01625,1.50,1.60
2012.07.26 14:45:45.633,1.01603,1.01623,3.00,1.60
2012.07.26 14:45:45.904,1.01605,1.01625,1.50,1.50
2012.07.26 14:45:46.408,1.01606,1.01626,1.50,1.60
2012.07.26 14:45:46.469,1.01603,1.01625,2.16,1.50
2012.07.26 14:45:46.637,1.01605,1.01627,2.16,1.60
2012.07.26 14:45:47.234,1.01605,1.01626,1.50,1.50
2012.07.26 14:45:47.293,1.01604,1.01624,1.50,1.50
2012.07.26 14:45:47.538,1.01605,1.01627,1.50,1.60
2012.07.26 14:45:47.653,1.01603,1.01623,2.16,1.50
2012.07.26 14:45:47.941,1.01599,1.0162,1.88,1.50
2012.07.26 14:45:48.400,1.01602,1.01623,1.50,1.50
2012.07.26 14:45:48.460,1.01602,1.01625,1.50,1.60
2012.07.26 14:45:48.520,1.01601,1.01621,1.50,1.50
2012.07.26 14:45:49.028,1.01602,1.01623,1.50,1.50
2012.07.26 14:45:49.147,1.01604,1.01624,1.50,1.50
2012.07.26 14:45:49.391,1.01601,1.01624,1.50,1.50
2012.07.26 14:45:49.504,1.016,1.01621,2.16,1.50
2012.07.26 14:45:51.642,1.01601,1.01624,1.50,1.60
2012.07.26 14:45:51.937,1.01601,1.01624,1.50,1.50
2012.07.26 14:45:52.116,1.01599,1.01622,2.16,1.50
2012.07.26 14:45:52.445,1.01602,1.01623,1.50,1.50
2012.07.26 14:45:53.064,1.01602,1.01623,1.88,1.50
2012.07.26 14:45:53.573,1.01603,1.01624,1.88,1.60
2012.07.26 14:45:53.999,1.01603,1.01624,1.88,1.60
2012.07.26 14:45:54.060,1.01601,1.01621,1.50,1.50
2012.07.26 14:45:54.476,1.01601,1.01621,1.50,1.60
2012.07.26 14:45:54.539,1.01601,1.01621,2.16,1.50
2012.07.26 14:45:54.865,1.01602,1.0162,2.16,1.50
2012.07.26 14:45:54.924,1.01602,1.01623,2.16,1.50
2012.07.26 14:45:54.984,1.01606,1.01628,2.16,1.50
2012.07.26 14:45:55.342,1.01608,1.0163,2.16,3.00
2012.07.26 14:45:56.502,1.01608,1.0163,1.50,3.10
2012.07.26 14:45:56.834,1.01599,1.0162,2.54,1.50
2012.07.26 14:45:56.894,1.01601,1.01622,1.50,1.50
2012.07.26 14:45:57.437,1.01602,1.01625,2.16,3.10
2012.07.26 14:45:57.551,1.016,1.01623,2.16,1.50
2012.07.26 14:45:57.908,1.01599,1.01618,1.04,1.50
2012.07.26 14:45:58.022,1.01599,1.0162,2.54,1.50
2012.07.26 14:45:58.462,1.01599,1.01621,2.54,1.50
2012.07.26 14:45:58.772,1.01602,1.01624,2.16,1.50
2012.07.26 14:45:58.990,1.01601,1.01622,2.16,1.50
2012.07.26 14:45:59.226,1.016,1.01622,2.16,1.50
2012.07.26 14:45:59.762,1.01601,1.01621,1.50,1.50
2012.07.26 14:45:59.985,1.01602,1.01624,2.16,1.50
2012.07.26 14:46:00.098,1.01605,1.01625,1.50,3.00
2012.07.26 14:46:00.557,1.01605,1.01625,1.50,1.60
2012.07.26 14:46:00.816,1.01602,1.01622,3.00,1.50
2012.07.26 14:46:01.321,1.01601,1.01621,2.16,1.50
2012.07.26 14:46:01.390,1.01599,1.01619,2.16,1.50
2012.07.26 14:46:01.560,1.01601,1.01621,2.16,1.50
2012.07.26 14:46:02.041,1.01597,1.01618,2.84,1.50
2012.07.26 14:46:02.332,1.016,1.0162,2.16,1.50
2012.07.26 14:46:02.609,1.01598,1.0162,2.16,1.50
2012.07.26 14:46:02.894,1.01598,1.0162,2.16,1.50
2012.07.26 14:46:03.015,1.01602,1.01622,1.50,3.00
2012.07.26 14:46:03.130,1.016,1.01621,2.16,1.50
2012.07.26 14:46:03.244,1.01599,1.01621,2.16,1.50
2012.07.26 14:46:03.597,1.01597,1.01619,4.34,1.50
2012.07.26 14:46:03.783,1.01597,1.01619,4.34,1.50
2012.07.26 14:46:03.882,1.01599,1.01621,2.16,3.00
2012.07.26 14:46:04.447,1.01599,1.01621,2.16,3.00
2012.07.26 14:46:04.512,1.01598,1.01619,2.84,1.50
2012.07.26 14:46:05.079,1.01599,1.0162,2.16,1.50
2012.07.26 14:46:05.411,1.01598,1.01618,1.50,1.60
2012.07.26 14:46:05.744,1.016,1.0162,1.50,3.00
2012.07.26 14:46:06.345,1.01605,1.01623,1.50,1.50
2012.07.26 14:46:06.701,1.01605,1.01625,1.50,1.60
2012.07.26 14:46:06.821,1.01602,1.01624,1.50,3.10
2012.07.26 14:46:07.046,1.01604,1.01624,1.50,3.10
2012.07.26 14:46:07.162,1.01601,1.01623,3.75,1.60
2012.07.26 14:46:07.225,1.016,1.01618,1.50,1.50
2012.07.26 14:46:07.286,1.01598,1.01618,2.16,1.50
2012.07.26 14:46:07.822,1.01599,1.01621,1.50,3.10
2012.07.26 14:46:07.882,1.01597,1.01616,1.50,1.50
2012.07.26 14:46:07.994,1.01594,1.01616,2.16,1.50
2012.07.26 14:46:08.403,1.01594,1.01616,2.16,1.50
2012.07.26 14:46:08.732,1.01601,1.01617,1.50,1.50
2012.07.26 14:46:08.899,1.01601,1.01623,1.50,1.60
2012.07.26 14:46:09.249,1.01599,1.01621,3.66,1.50
2012.07.26 14:46:09.581,1.01596,1.01616,1.50,1.50
2012.07.26 14:46:09.834,1.01597,1.01619,1.50,1.50
2012.07.26 14:46:10.002,1.016,1.01621,1.50,1.60
2012.07.26 14:46:10.349,1.016,1.01622,1.50,1.60
2012.07.26 14:46:10.573,1.01598,1.0162,2.16,1.60
2012.07.26 14:46:10.946,1.01598,1.01614,1.50,1.50
2012.07.26 14:46:11.061,1.01595,1.01617,2.16,1.50
2012.07.26 14:46:11.176,1.01598,1.0162,1.50,1.60
2012.07.26 14:46:11.518,1.01599,1.01619,1.50,1.60
2012.07.26 14:46:11.800,1.01597,1.01617,1.50,1.60
2012.07.26 14:46:12.305,1.01594,1.01616,2.25,1.50
2012.07.26 14:46:12.364,1.01594,1.01616,1.50,1.50
2012.07.26 14:46:12.531,1.01597,1.01617,1.50,1.60
2012.07.26 14:46:12.928,1.01598,1.0162,1.50,2.10
2012.07.26 14:46:13.313,1.01598,1.0162,4.34,1.50
2012.07.26 14:46:13.584,1.01601,1.01622,2.16,1.50
2012.07.26 14:46:14.414,1.01601,1.01622,2.16,1.50
2012.07.26 14:46:15.274,1.01601,1.01622,1.50,1.60
2012.07.26 14:46:15.557,1.01599,1.01621,3.00,1.60
2012.07.26 14:46:16.060,1.016,1.0162,1.50,1.50
2012.07.26 14:46:16.250,1.01598,1.01619,3.68,1.50
2012.07.26 14:46:16.489,1.016,1.0162,1.50,1.50
2012.07.26 14:46:16.608,1.01598,1.0162,2.18,1.50
2012.07.26 14:46:16.835,1.016,1.0162,1.50,1.50
2012.07.26 14:46:17.517,1.01598,1.0162,2.18,1.50
2012.07.26 14:46:17.576,1.01598,1.0162,2.84,1.50
2012.07.26 14:46:18.102,1.01598,1.01619,3.66,1.50
2012.07.26 14:46:18.450,1.01599,1.01619,1.41,1.50
2012.07.26 14:46:18.725,1.01601,1.01622,2.25,1.50
2012.07.26 14:46:18.912,1.016,1.01621,2.16,1.50
2012.07.26 14:46:19.681,1.01602,1.01621,1.50,1.50
2012.07.26 14:46:19.741,1.01604,1.01624,1.50,1.60
2012.07.26 14:46:19.801,1.01604,1.01624,1.50,1.60
2012.07.26 14:46:21.688,1.016,1.0162,1.50,1.60
2012.07.26 14:46:22.041,1.016,1.0162,2.16,1.50
2012.07.26 14:46:22.161,1.01603,1.01622,1.50,1.50
2012.07.26 14:46:22.220,1.01603,1.01624,1.50,1.50
2012.07.26 14:46:22.742,1.016,1.01623,3.66,1.88
2012.07.26 14:46:23.076,1.01597,1.01614,1.50,1.50
2012.07.26 14:46:23.270,1.01594,1.01614,2.16,1.50
2012.07.26 14:46:24.315,1.01596,1.01616,1.50,1.50
2012.07.26 14:46:24.855,1.01598,1.01618,1.50,1.60
2012.07.26 14:46:25.744,1.01601,1.01621,1.50,1.50
2012.07.26 14:46:26.435,1.01598,1.01618,3.00,1.50
2012.07.26 14:46:26.849,1.01594,1.01616,2.16,1.50
2012.07.26 14:46:27.415,1.01597,1.01616,1.50,1.50
2012.07.26 14:46:27.637,1.01599,1.01619,1.50,1.50
2012.07.26 14:46:27.697,1.01601,1.01621,1.50,3.60
2012.07.26 14:46:28.126,1.01601,1.01621,1.50,2.10
2012.07.26 14:46:28.186,1.01597,1.01617,1.50,1.60
2012.07.26 14:46:28.300,1.01594,1.01616,2.16,1.50
2012.07.26 14:46:28.956,1.01594,1.01616,2.16,1.50
2012.07.26 14:46:29.151,1.01597,1.01617,1.50,1.50
2012.07.26 14:46:29.388,1.01597,1.01619,1.50,1.60
2012.07.26 14:46:29.609,1.01599,1.01621,1.50,1.60
2012.07.26 14:46:29.944,1.01597,1.01619,2.25,1.60
2012.07.26 14:46:30.549,1.01598,1.01618,1.50,1.60
2012.07.26 14:46:30.682,1.016,1.01618,1.50,1.60
2012.07.26 14:46:30.796,1.01601,1.01623,1.50,1.97
2012.07.26 14:46:31.128,1.01599,1.01619,2.16,1.50
2012.07.26 14:46:31.244,1.01596,1.01618,2.25,1.50
2012.07.26 14:46:31.625,1.01595,1.01615,1.41,1.50
2012.07.26 14:46:32.084,1.01597,1.01619,1.50,1.60
2012.07.26 14:46:32.268,1.016,1.01622,1.50,1.97
2012.07.26 14:46:32.469,1.01598,1.0162,1.50,1.60
2012.07.26 14:46:32.529,1.01595,1.01617,2.16,1.50
2012.07.26 14:46:33.077,1.01595,1.01617,2.91,1.50
2012.07.26 14:46:33.245,1.01596,1.01617,2.91,1.50
2012.07.26 14:46:33.809,1.01598,1.01618,2.16,1.50
2012.07.26 14:46:34.132,1.01597,1.01616,1.41,1.50
2012.07.26 14:46:34.264,1.01597,1.01619,2.91,1.50
2012.07.26 14:46:34.703,1.01597,1.01619,2.16,2.25
2012.07.26 14:46:34.873,1.01598,1.01618,2.16,1.50
2012.07.26 14:46:35.149,1.01598,1.0162,2.16,1.50
2012.07.26 14:46:35.914,1.01599,1.0162,1.50,1.50
2012.07.26 14:46:36.310,1.01601,1.01622,1.50,3.10
2012.07.26 14:46:36.803,1.016,1.0162,3.00,1.50
2012.07.26 14:46:37.825,1.016,1.0162,1.50,1.60
2012.07.26 14:46:37.885,1.01598,1.0162,2.18,1.60
2012.07.26 14:46:38.052,1.01598,1.0162,2.84,1.50
2012.07.26 14:46:38.437,1.01601,1.01623,2.16,1.50
2012.07.26 14:46:38.553,1.01603,1.01625,1.50,1.50
2012.07.26 14:46:38.830,1.01603,1.01625,1.50,1.60
2012.07.26 14:46:39.070,1.01601,1.01623,1.50,1.60
2012.07.26 14:46:39.567,1.01601,1.01623,1.50,2.20
2012.07.26 14:46:39.628,1.01597,1.01616,2.16,1.50
2012.07.26 14:46:40.137,1.01597,1.01617,2.16,1.50
2012.07.26 14:46:40.197,1.01595,1.01615,2.16,1.50
2012.07.26 14:46:40.256,1.01595,1.01615,1.50,1.50
2012.07.26 14:46:40.316,1.01592,1.01611,2.16,1.50
2012.07.26 14:46:40.659,1.01589,1.01609,2.54,1.50
2012.07.26 14:46:41.102,1.01591,1.01609,1.41,1.50
2012.07.26 14:46:41.167,1.01591,1.01611,1.41,1.50
2012.07.26 14:46:41.720,1.01591,1.01612,2.91,1.50
2012.07.26 14:46:41.887,1.01597,1.0162,2.16,1.50
2012.07.26 14:46:42.165,1.01601,1.01621,1.50,1.50
2012.07.26 14:46:42.709,1.01601,1.01622,1.50,1.60
2012.07.26 14:46:44.972,1.01601,1.01622,1.50,1.60
2012.07.26 14:46:45.200,1.01602,1.01622,1.50,1.97
2012.07.26 14:46:45.260,1.01604,1.01624,1.50,1.97
2012.07.26 14:46:45.425,1.01601,1.01623,1.50,1.97
2012.07.26 14:46:45.485,1.01603,1.01625,1.50,3.47
2012.07.26 14:46:45.753,1.01601,1.01621,1.50,1.88
2012.07.26 14:46:46.124,1.01603,1.01623,1.50,1.97
2012.07.26 14:46:46.352,1.01603,1.01625,1.50,1.60
2012.07.26 14:46:47.405,1.01603,1.01625,1.50,1.60
2012.07.26 14:46:47.681,1.016,1.0162,1.50,1.60
2012.07.26 14:46:48.235,1.01601,1.01623,1.50,1.60
2012.07.26 14:46:48.568,1.01597,1.01617,1.50,1.50
2012.07.26 14:46:48.793,1.016,1.0162,1.50,1.50
2012.07.26 14:46:49.343,1.01599,1.01621,2.16,1.50
2012.07.26 14:46:49.457,1.01601,1.01623,1.50,1.60
2012.07.26 14:46:49.787,1.01605,1.01625,1.50,1.60
2012.07.26 14:46:49.847,1.01605,1.01627,1.50,1.60
2012.07.26 14:46:50.385,1.01603,1.01625,2.16,1.50
2012.07.26 14:46:51.705,1.01603,1.01625,1.50,1.60
2012.07.26 14:46:52.084,1.01601,1.01623,1.50,1.60
2012.07.26 14:46:53.682,1.01601,1.01623,2.16,1.50
2012.07.26 14:46:53.850,1.01603,1.01625,2.16,1.50
2012.07.26 14:46:54.035,1.01608,1.01625,2.18,1.50
2012.07.26 14:46:54.516,1.01608,1.01617,2.18,1.50
2012.07.26 14:46:54.683,1.01599,1.01617,1.26,1.50
2012.07.26 14:46:54.743,1.01596,1.01613,1.41,1.50
2012.07.26 14:46:54.802,1.01597,1.01613,2.18,1.50
2012.07.26 14:46:54.916,1.01593,1.01613,1.88,1.60
2012.07.26 14:46:55.197,1.0159,1.0161,3.00,1.60
2012.07.26 14:46:55.257,1.0159,1.0161,3.66,1.50
2012.07.26 14:46:55.614,1.01591,1.01613,2.16,1.60
2012.07.26 14:46:55.956,1.01589,1.01611,3.66,1.50
2012.07.26 14:46:56.420,1.01588,1.01608,2.16,1.50
2012.07.26 14:46:57.109,1.0159,1.01612,2.16,1.50
2012.07.26 14:47:00.050,1.01592,1.01614,1.50,1.60
2012.07.26 14:47:00.495,1.01591,1.01611,2.16,1.50
2012.07.26 14:47:00.835,1.01589,1.01609,1.50,1.60
2012.07.26 14:47:01.982,1.01589,1.01609,1.50,1.50
2012.07.26 14:47:05.074,1.01586,1.01607,1.41,1.50
2012.07.26 14:47:05.385,1.01587,1.01607,4.34,1.50
2012.07.26 14:47:05.534,1.01589,1.01609,2.16,1.50
2012.07.26 14:47:06.241,1.01589,1.01609,1.50,1.60
2012.07.26 14:47:06.478,1.01589,1.01606,1.50,1.50
2012.07.26 14:47:06.809,1.01583,1.01603,2.16,1.50
2012.07.26 14:47:07.195,1.01587,1.01603,2.84,1.50
2012.07.26 14:47:07.417,1.01587,1.01603,2.84,1.50
2012.07.26 14:47:07.585,1.01583,1.01605,2.99,1.50
2012.07.26 14:47:07.844,1.01585,1.01605,2.16,1.50
2012.07.26 14:47:07.908,1.01587,1.01607,2.16,1.50
2012.07.26 14:47:08.078,1.01583,1.01603,1.04,1.50
2012.07.26 14:47:08.193,1.01582,1.01603,2.16,1.50
2012.07.26 14:47:08.254,1.01585,1.01605,1.50,1.50
2012.07.26 14:47:08.714,1.01587,1.01607,1.50,1.50
2012.07.26 14:47:09.043,1.01588,1.0161,4.34,1.50
2012.07.26 14:47:10.047,1.01588,1.01609,4.34,1.50
2012.07.26 14:47:11.259,1.01588,1.0161,4.34,1.60
2012.07.26 14:47:11.666,1.01588,1.01608,2.84,1.50
2012.07.26 14:47:12.985,1.01588,1.01606,2.84,1.50
2012.07.26 14:47:13.860,1.01588,1.01607,2.84,1.50
2012.07.26 14:47:14.001,1.01588,1.0161,4.34,1.60
2012.07.26 14:47:16.682,1.01587,1.01607,2.91,1.50
2012.07.26 14:47:17.016,1.01587,1.01607,4.34,1.50
2012.07.26 14:47:17.295,1.01592,1.01614,1.50,2.35
2012.07.26 14:47:17.518,1.01591,1.01612,1.50,1.60
2012.07.26 14:47:17.829,1.01588,1.01609,1.88,1.60
2012.07.26 14:47:18.130,1.0159,1.0161,1.50,1.60
2012.07.26 14:47:18.778,1.0159,1.01611,2.16,1.50
2012.07.26 14:47:19.256,1.01592,1.01613,1.50,1.50
2012.07.26 14:47:19.681,1.01589,1.01609,3.66,1.50
2012.07.26 14:47:19.849,1.01589,1.01609,2.16,1.50
2012.07.26 14:47:19.909,1.0159,1.01611,1.50,1.50
2012.07.26 14:47:20.293,1.01586,1.01608,2.16,1.50
2012.07.26 14:47:20.810,1.01589,1.01609,1.50,1.50
2012.07.26 14:47:21.130,1.0159,1.01612,2.16,1.50
2012.07.26 14:47:21.716,1.01589,1.01609,2.16,1.50
2012.07.26 14:47:22.054,1.01592,1.01611,2.16,1.50
2012.07.26 14:47:22.168,1.01596,1.01615,1.50,1.60
2012.07.26 14:47:22.348,1.01596,1.01618,2.16,1.88
2012.07.26 14:47:22.408,1.01596,1.01618,2.16,1.50
2012.07.26 14:47:23.101,1.01597,1.01617,2.16,1.50
2012.07.26 14:47:23.272,1.01595,1.01617,1.50,1.97
2012.07.26 14:47:23.385,1.01594,1.01614,3.66,1.50
2012.07.26 14:47:25.169,1.01591,1.01612,2.16,1.50
2012.07.26 14:47:25.339,1.0159,1.01612,1.50,1.60
2012.07.26 14:47:25.775,1.01588,1.01611,3.00,1.60
2012.07.26 14:47:25.889,1.01591,1.01611,1.50,1.60
2012.07.26 14:47:26.004,1.01589,1.0161,3.00,1.50
2012.07.26 14:47:26.322,1.01588,1.01608,2.16,1.50
2012.07.26 14:47:26.956,1.01588,1.01608,2.16,1.50
2012.07.26 14:47:27.017,1.01591,1.01611,2.16,3.00
2012.07.26 14:47:27.145,1.01595,1.01617,1.50,1.97
2012.07.26 14:47:27.314,1.01593,1.01615,3.00,1.50
2012.07.26 14:47:27.538,1.01591,1.01613,3.00,1.50
2012.07.26 14:47:28.085,1.01592,1.01612,1.50,1.50
2012.07.26 14:47:28.146,1.01588,1.01611,2.16,1.50
2012.07.26 14:47:28.695,1.01588,1.01611,3.68,1.88
2012.07.26 14:47:28.863,1.01589,1.0161,2.16,1.50
2012.07.26 14:47:29.196,1.0159,1.01608,2.16,1.50
2012.07.26 14:47:29.502,1.01588,1.01608,2.84,1.50
2012.07.26 14:47:30.130,1.01588,1.01608,2.84,1.50
2012.07.26 14:47:30.843,1.01588,1.01608,2.84,1.50
2012.07.26 14:47:31.480,1.01587,1.01608,2.16,1.50
2012.07.26 14:47:32.245,1.01585,1.01606,2.16,1.50
2012.07.26 14:47:34.204,1.01588,1.01606,2.18,1.50
2012.07.26 14:47:34.573,1.01588,1.01609,4.34,1.50
2012.07.26 14:47:35.040,1.01585,1.01608,2.16,1.50
2012.07.26 14:47:37.651,1.01585,1.01608,2.16,1.50
2012.07.26 14:47:39.844,1.01585,1.01608,1.50,1.50
2012.07.26 14:47:40.423,1.01584,1.01606,2.16,1.50
2012.07.26 14:47:40.753,1.01591,1.01608,1.50,1.50
2012.07.26 14:47:40.813,1.01588,1.01608,3.68,1.50
2012.07.26 14:47:40.873,1.01588,1.01608,4.34,1.50
2012.07.26 14:47:40.987,1.01592,1.01612,2.16,1.88
2012.07.26 14:47:41.915,1.01594,1.01614,1.50,1.50
2012.07.26 14:47:42.275,1.01591,1.01611,3.66,1.50
2012.07.26 14:47:45.920,1.01588,1.0161,2.16,1.50
2012.07.26 14:47:46.427,1.01588,1.01609,3.66,1.50
2012.07.26 14:47:46.970,1.01588,1.01608,2.84,1.50
2012.07.26 14:47:47.509,1.01588,1.01608,2.84,1.50
2012.07.26 14:47:48.192,1.01585,1.01608,2.16,1.50
2012.07.26 14:47:48.395,1.01585,1.01608,2.16,1.50
2012.07.26 14:47:48.671,1.01587,1.0161,2.16,1.50
2012.07.26 14:47:49.275,1.01589,1.01612,1.50,1.60
2012.07.26 14:47:49.913,1.01587,1.01608,1.50,1.60
2012.07.26 14:47:50.248,1.01583,1.01605,1.50,1.60
2012.07.26 14:47:50.362,1.01586,1.01607,1.50,1.60
2012.07.26 14:47:50.530,1.01588,1.01608,2.84,1.50
2012.07.26 14:47:50.590,1.0159,1.01612,1.50,1.60
2012.07.26 14:47:51.140,1.01589,1.01609,1.50,1.60
2012.07.26 14:47:51.309,1.01585,1.01605,1.50,1.60
2012.07.26 14:47:51.424,1.01582,1.01605,1.50,1.60
2012.07.26 14:47:52.467,1.01582,1.01605,2.91,1.50
2012.07.26 14:47:52.880,1.01587,1.01608,2.18,1.60
2012.07.26 14:47:55.351,1.01588,1.01608,1.50,1.60
2012.07.26 14:47:56.122,1.01587,1.0161,2.18,1.60
2012.07.26 14:47:56.512,1.01592,1.01614,1.50,3.47
2012.07.26 14:47:56.571,1.0159,1.01612,1.50,1.97
2012.07.26 14:47:56.822,1.0159,1.01612,3.00,1.97
2012.07.26 14:47:56.881,1.01592,1.01614,1.50,1.97
2012.07.26 14:47:57.569,1.01589,1.01613,1.50,1.60
2012.07.26 14:47:57.682,1.01587,1.01609,2.18,1.60
2012.07.26 14:47:58.125,1.01584,1.01606,2.16,1.50
2012.07.26 14:47:58.808,1.01582,1.01605,1.41,1.50
2012.07.26 14:47:59.448,1.01582,1.01605,1.41,1.50
2012.07.26 14:48:01.096,1.01587,1.01605,2.18,1.50
2012.07.26 14:48:01.628,1.01587,1.01606,2.18,1.60
2012.07.26 14:48:04.582,1.01587,1.01608,2.84,1.50
2012.07.26 14:48:04.858,1.01587,1.01611,2.84,2.25
2012.07.26 14:48:04.920,1.01587,1.01611,2.84,1.50
2012.07.26 14:48:05.102,1.01587,1.01611,2.84,3.60
2012.07.26 14:48:05.440,1.01589,1.01606,1.50,1.60
2012.07.26 14:48:05.499,1.01582,1.01606,1.50,1.60
2012.07.26 14:48:05.787,1.01582,1.01606,1.50,1.60
2012.07.26 14:48:05.904,1.01578,1.016,5.55,1.60
2012.07.26 14:48:06.482,1.01578,1.01601,2.18,1.60
2012.07.26 14:48:07.111,1.01578,1.01598,2.18,1.50
2012.07.26 14:48:07.662,1.01578,1.01602,3.68,1.60
2012.07.26 14:48:07.722,1.01578,1.01602,3.68,1.60
2012.07.26 14:48:08.183,1.0158,1.01604,1.50,3.10
2012.07.26 14:48:08.699,1.0158,1.01604,1.50,1.60
2012.07.26 14:48:09.116,1.01578,1.016,3.68,1.60
2012.07.26 14:48:10.165,1.01581,1.01602,1.50,1.60
2012.07.26 14:48:10.676,1.01581,1.01603,1.50,1.60
2012.07.26 14:48:10.735,1.01579,1.016,1.50,1.60
2012.07.26 14:48:11.477,1.01578,1.016,3.68,1.60
2012.07.26 14:48:13.218,1.01581,1.01603,1.50,1.60
2012.07.26 14:48:13.592,1.01579,1.01601,1.50,1.60
2012.07.26 14:48:14.866,1.01579,1.01601,1.50,1.60
2012.07.26 14:48:15.253,1.01581,1.01603,1.50,3.47
2012.07.26 14:48:15.767,1.01578,1.01602,1.50,1.97
2012.07.26 14:48:16.042,1.01581,1.01605,1.50,2.35
2012.07.26 14:48:16.656,1.0158,1.01602,1.50,1.60
2012.07.26 14:48:16.771,1.01581,1.01605,1.50,1.60
2012.07.26 14:48:18.701,1.01582,1.01605,1.50,1.60
2012.07.26 14:48:18.811,1.01582,1.01605,1.50,1.60
2012.07.26 14:48:18.984,1.01584,1.01608,1.50,1.60
2012.07.26 14:48:20.091,1.01586,1.0161,1.50,3.70
2012.07.26 14:48:20.384,1.01583,1.01605,1.50,1.60
2012.07.26 14:48:20.608,1.01583,1.01605,3.00,1.60
2012.07.26 14:48:20.843,1.01585,1.01607,1.50,1.60
2012.07.26 14:48:21.184,1.01587,1.0161,2.18,1.60
2012.07.26 14:48:21.298,1.01583,1.01607,2.16,1.60
2012.07.26 14:48:21.413,1.01583,1.01607,2.16,1.60
2012.07.26 14:48:21.715,1.01582,1.01606,1.50,1.60
2012.07.26 14:48:22.264,1.01581,1.01605,2.16,1.60
2012.07.26 14:48:22.596,1.01581,1.01605,2.16,1.60
2012.07.26 14:48:22.655,1.01581,1.01605,2.16,2.35
2012.07.26 14:48:23.025,1.01582,1.01606,1.50,1.60
2012.07.26 14:48:23.356,1.01581,1.01605,1.50,1.60
2012.07.26 14:48:24.005,1.01584,1.01606,1.50,1.97
2012.07.26 14:48:24.065,1.01584,1.01606,1.50,1.97
2012.07.26 14:48:24.234,1.01587,1.01608,1.50,1.22
2012.07.26 14:48:24.735,1.01586,1.0161,1.50,1.60
2012.07.26 14:48:25.071,1.01588,1.01611,3.68,1.60
2012.07.26 14:48:26.323,1.01588,1.01611,2.84,1.60
2012.07.26 14:48:26.382,1.01588,1.01611,2.84,2.35
2012.07.26 14:48:26.658,1.01583,1.01607,1.50,1.97
2012.07.26 14:48:26.882,1.01582,1.01604,3.00,1.60
2012.07.26 14:48:27.391,1.01581,1.01605,1.50,1.60
2012.07.26 14:48:27.719,1.01579,1.01603,1.50,1.60
2012.07.26 14:48:27.833,1.01582,1.01604,1.50,1.60
2012.07.26 14:48:28.183,1.01583,1.01608,1.50,1.97
2012.07.26 14:48:28.725,1.01582,1.01605,1.50,1.60
2012.07.26 14:48:28.839,1.0158,1.01605,1.50,2.35
2012.07.26 14:48:28.953,1.0158,1.01605,1.50,1.60
2012.07.26 14:48:29.366,1.01581,1.01603,1.50,1.60
2012.07.26 14:48:29.706,1.01583,1.01605,1.50,1.60
2012.07.26 14:48:30.043,1.01582,1.01605,1.50,1.60
2012.07.26 14:48:30.374,1.01581,1.01602,1.50,2.20
2012.07.26 14:48:30.544,1.01576,1.01601,2.18,2.20
2012.07.26 14:48:30.605,1.01576,1.01601,2.18,1.60
2012.07.26 14:48:30.774,1.01578,1.016,2.18,1.60
2012.07.26 14:48:31.292,1.01577,1.01599,3.68,1.60
2012.07.26 14:48:31.645,1.01574,1.01598,1.50,1.60
2012.07.26 14:48:32.455,1.01574,1.01598,1.50,1.60
2012.07.26 14:48:32.734,1.01568,1.01593,1.88,1.60
2012.07.26 14:48:32.794,1.01571,1.01593,1.50,1.60
2012.07.26 14:48:33.099,1.01572,1.01596,2.16,1.60
2012.07.26 14:48:34.154,1.01574,1.01599,2.16,3.70
2012.07.26 14:48:34.268,1.01574,1.01596,1.50,1.07
2012.07.26 14:48:34.604,1.01572,1.01594,3.00,1.60
2012.07.26 14:48:34.833,1.01565,1.01589,2.16,1.50
2012.07.26 14:48:34.893,1.01562,1.01586,2.16,1.50
2012.07.26 14:48:35.268,1.01568,1.01588,2.84,1.50
2012.07.26 14:48:36.325,1.01568,1.01586,2.18,1.50
2012.07.26 14:48:36.656,1.01568,1.01584,2.18,1.50
2012.07.26 14:48:37.136,1.0156,1.01584,2.16,1.50
2012.07.26 14:48:37.197,1.01559,1.01582,1.04,1.50
2012.07.26 14:48:39.140,1.01567,1.01582,2.18,1.50
2012.07.26 14:48:39.317,1.01567,1.01586,2.18,1.60
2012.07.26 14:48:39.567,1.01564,1.01586,2.16,1.60
2012.07.26 14:48:39.772,1.01562,1.01582,2.16,1.50
2012.07.26 14:48:39.887,1.01558,1.01582,2.16,1.50
2012.07.26 14:48:41.081,1.01563,1.01585,1.50,1.60
2012.07.26 14:48:41.270,1.01563,1.01585,1.50,1.60
2012.07.26 14:48:41.386,1.01564,1.01588,2.16,3.47
2012.07.26 14:48:41.717,1.01566,1.0159,1.50,1.60
2012.07.26 14:48:42.312,1.01566,1.0159,1.50,1.60
2012.07.26 14:48:43.182,1.01566,1.0159,1.50,1.60
2012.07.26 14:48:43.297,1.01568,1.01593,2.16,1.60
2012.07.26 14:48:44.271,1.01568,1.0159,2.84,1.50
2012.07.26 14:48:44.909,1.01568,1.01593,4.34,2.35
2012.07.26 14:48:44.974,1.01566,1.01591,2.16,1.60
2012.07.26 14:48:45.089,1.01566,1.01591,2.16,2.72
2012.07.26 14:48:45.419,1.01566,1.01591,1.50,1.60
2012.07.26 14:48:45.683,1.01564,1.01587,3.00,1.60
2012.07.26 14:48:45.983,1.01566,1.0159,1.50,3.10
2012.07.26 14:48:47.465,1.01566,1.0159,2.16,1.60
2012.07.26 14:48:47.579,1.01568,1.0159,2.18,1.60
2012.07.26 14:48:49.209,1.01568,1.01586,2.84,1.50
2012.07.26 14:48:49.269,1.01564,1.01587,2.16,1.60
2012.07.26 14:48:50.861,1.01565,1.0159,1.50,1.60
2012.07.26 14:48:51.078,1.01563,1.01586,1.50,1.60
2012.07.26 14:48:51.707,1.0156,1.01585,2.91,1.60
2012.07.26 14:48:52.050,1.0156,1.01585,2.69,1.50
2012.07.26 14:48:52.499,1.01569,1.01591,1.50,1.97
2012.07.26 14:48:53.486,1.01569,1.01591,2.16,1.50
2012.07.26 14:48:53.710,1.01569,1.01593,2.16,1.60
2012.07.26 14:48:53.824,1.01569,1.01593,2.16,1.60
2012.07.26 14:48:54.211,1.01568,1.0159,1.50,1.60
2012.07.26 14:48:54.713,1.01569,1.01593,1.50,1.60
2012.07.26 14:48:54.773,1.01569,1.01593,2.16,1.60
2012.07.26 14:48:54.833,1.01569,1.01593,2.16,1.60
2012.07.26 14:48:55.059,1.01569,1.01593,2.16,1.60
2012.07.26 14:48:55.173,1.01574,1.01593,1.41,3.00
2012.07.26 14:48:55.287,1.01571,1.01593,1.41,1.50
2012.07.26 14:48:55.347,1.01571,1.0159,1.41,1.50
2012.07.26 14:48:55.408,1.01575,1.01595,1.50,1.60
2012.07.26 14:48:55.958,1.01572,1.01596,3.00,1.60
2012.07.26 14:48:56.192,1.01567,1.01591,3.66,1.50
2012.07.26 14:48:56.523,1.01566,1.01588,1.50,1.60
2012.07.26 14:48:56.690,1.01566,1.01588,2.16,1.50
2012.07.26 14:48:57.217,1.01566,1.01588,1.50,1.60
2012.07.26 14:48:57.439,1.01566,1.01588,2.16,1.50
2012.07.26 14:48:57.552,1.01568,1.0159,2.16,1.60
2012.07.26 14:48:58.252,1.0157,1.01592,2.16,1.50
2012.07.26 14:48:58.583,1.01567,1.01591,1.50,1.60
2012.07.26 14:48:59.025,1.0157,1.01592,1.50,1.60
2012.07.26 14:48:59.355,1.01567,1.01591,2.16,1.60
2012.07.26 14:48:59.414,1.01572,1.01594,1.50,1.60
2012.07.26 14:49:00.433,1.01573,1.01596,1.50,1.97
2012.07.26 14:49:00.765,1.01572,1.01594,1.50,1.60
2012.07.26 14:49:02.192,1.01572,1.01594,1.50,1.60
2012.07.26 14:49:02.252,1.01568,1.01592,4.34,1.60
2012.07.26 14:49:02.684,1.01572,1.01594,1.50,1.60
2012.07.26 14:49:02.801,1.01575,1.01599,1.50,1.97
2012.07.26 14:49:02.914,1.01573,1.01598,1.50,1.97
2012.07.26 14:49:03.029,1.01576,1.01598,1.50,1.97
2012.07.26 14:49:04.522,1.01574,1.01596,1.50,1.60
2012.07.26 14:49:04.585,1.01572,1.01593,2.16,1.50
2012.07.26 14:49:04.921,1.01571,1.01593,3.00,1.60
2012.07.26 14:49:05.261,1.01575,1.01592,1.50,1.50
2012.07.26 14:49:05.395,1.0157,1.01592,1.50,1.60
2012.07.26 14:49:05.511,1.01576,1.01598,1.50,1.97
2012.07.26 14:49:05.853,1.01578,1.016,1.50,1.97
2012.07.26 14:49:06.075,1.01574,1.01598,1.50,1.97
2012.07.26 14:49:06.135,1.01574,1.01598,1.50,3.70
2012.07.26 14:49:06.466,1.01573,1.01595,3.00,1.60
2012.07.26 14:49:06.668,1.01573,1.01595,2.16,1.60
2012.07.26 14:49:06.727,1.01576,1.01598,1.50,3.10
2012.07.26 14:49:06.915,1.01573,1.01597,2.16,1.60
2012.07.26 14:49:07.361,1.01575,1.01599,1.50,1.60
2012.07.26 14:49:07.804,1.01575,1.01599,1.50,1.60
2012.07.26 14:49:08.028,1.01573,1.01597,1.50,1.60
2012.07.26 14:49:08.572,1.01572,1.01594,1.50,1.60
2012.07.26 14:49:08.910,1.01574,1.01596,1.50,1.97
2012.07.26 14:49:09.293,1.01572,1.01594,1.50,1.60
2012.07.26 14:49:09.942,1.01573,1.01597,1.50,1.97
2012.07.26 14:49:10.467,1.01572,1.01594,1.50,1.60
2012.07.26 14:49:10.527,1.01569,1.01593,3.66,1.60
2012.07.26 14:49:11.061,1.01567,1.01591,4.34,1.60
2012.07.26 14:49:11.392,1.01571,1.01595,1.50,2.35
2012.07.26 14:49:11.759,1.01573,1.01596,1.50,1.07
2012.07.26 14:49:11.898,1.01571,1.01593,1.50,1.60
2012.07.26 14:49:12.068,1.01576,1.01598,1.50,1.97
2012.07.26 14:49:12.405,1.01569,1.01591,1.50,3.10
2012.07.26 14:49:12.574,1.01563,1.01587,1.50,1.60
2012.07.26 14:49:13.019,1.01566,1.01588,1.50,1.60
2012.07.26 14:49:13.886,1.01566,1.01588,2.25,1.60
2012.07.26 14:49:14.043,1.01566,1.01587,2.25,1.60
2012.07.26 14:49:14.507,1.01568,1.01589,2.18,1.60
2012.07.26 14:49:14.751,1.01568,1.01584,2.18,1.50
2012.07.26 14:49:15.093,1.01566,1.01588,1.50,1.60
2012.07.26 14:49:15.154,1.01566,1.01588,1.50,1.60
2012.07.26 14:49:15.786,1.01566,1.01588,1.50,1.60
2012.07.26 14:49:16.336,1.0157,1.01581,1.41,1.88
2012.07.26 14:49:16.570,1.01566,1.01581,1.35,1.88
2012.07.26 14:49:16.902,1.01564,1.01586,2.16,1.88
2012.07.26 14:49:17.037,1.01564,1.01586,2.16,1.50
2012.07.26 14:49:17.151,1.01569,1.01589,1.50,1.60
2012.07.26 14:49:17.265,1.01567,1.01589,1.50,3.10
2012.07.26 14:49:17.435,1.01567,1.01589,2.16,1.50
2012.07.26 14:49:17.940,1.01567,1.0159,3.59,1.50
2012.07.26 14:49:18.000,1.01572,1.01592,2.25,1.60
2012.07.26 14:49:18.320,1.01574,1.01595,1.50,1.60
2012.07.26 14:49:18.586,1.01569,1.01593,2.25,1.60
2012.07.26 14:49:18.649,1.01569,1.01593,1.50,1.60
2012.07.26 14:49:18.764,1.01572,1.01594,1.50,3.10
2012.07.26 14:49:18.877,1.0157,1.01592,3.00,1.60
2012.07.26 14:49:19.313,1.0157,1.01592,1.50,1.60
2012.07.26 14:49:19.372,1.01567,1.01591,3.00,1.60
2012.07.26 14:49:19.486,1.01567,1.01591,3.00,1.60
2012.07.26 14:49:19.819,1.01573,1.01589,1.50,1.50
2012.07.26 14:49:20.097,1.0157,1.01594,3.00,1.97
2012.07.26 14:49:20.158,1.0157,1.01594,1.50,1.97
2012.07.26 14:49:20.220,1.01568,1.01592,3.00,1.97
2012.07.26 14:49:22.070,1.01569,1.01591,1.50,1.60
2012.07.26 14:49:22.394,1.01567,1.01589,2.25,1.50
2012.07.26 14:49:22.783,1.01567,1.01589,2.25,1.60
2012.07.26 14:49:23.224,1.01567,1.01589,4.34,1.50
2012.07.26 14:49:23.394,1.01568,1.01591,1.41,1.97
2012.07.26 14:49:25.424,1.01572,1.01594,2.25,1.60
2012.07.26 14:49:25.592,1.01575,1.01597,1.50,1.97
2012.07.26 14:49:25.815,1.01572,1.01595,2.25,1.60
2012.07.26 14:49:26.753,1.01571,1.01595,1.50,1.60
2012.07.26 14:49:27.280,1.01571,1.01595,1.50,1.60
2012.07.26 14:49:27.742,1.0157,1.01592,1.50,1.60
2012.07.26 14:49:28.373,1.0157,1.01592,2.25,1.60
2012.07.26 14:49:30.298,1.0157,1.01592,2.25,1.60
2012.07.26 14:49:30.893,1.01571,1.01594,1.50,1.60
2012.07.26 14:49:31.202,1.01573,1.01594,1.50,1.60
2012.07.26 14:49:31.491,1.01574,1.01598,1.50,1.60
2012.07.26 14:49:31.604,1.01577,1.01599,1.50,1.60
2012.07.26 14:49:31.827,1.01578,1.01597,2.18,1.50
2012.07.26 14:49:32.258,1.01578,1.01596,2.18,1.97
2012.07.26 14:49:32.426,1.01572,1.01596,2.25,3.47
2012.07.26 14:49:33.123,1.01571,1.01591,1.41,1.50
2012.07.26 14:49:33.645,1.01571,1.01591,1.41,1.50
2012.07.26 14:49:34.091,1.01569,1.01591,1.50,1.60
2012.07.26 14:49:34.469,1.01573,1.01593,1.50,1.07
2012.07.26 14:49:34.879,1.01573,1.01586,1.50,1.50
2012.07.26 14:49:34.939,1.01567,1.01585,2.93,1.50
2012.07.26 14:49:35.343,1.01567,1.01587,3.59,1.50
2012.07.26 14:49:35.825,1.01568,1.01592,2.16,1.60
2012.07.26 14:49:36.159,1.01566,1.01588,1.50,1.50
2012.07.26 14:49:36.674,1.01565,1.01589,2.91,1.60
2012.07.26 14:49:37.238,1.01565,1.01586,1.41,1.50
2012.07.26 14:49:37.418,1.01562,1.01586,2.91,1.50
2012.07.26 14:49:37.643,1.01565,1.01587,2.91,1.50
2012.07.26 14:49:37.983,1.01563,1.01585,2.16,1.50
2012.07.26 14:49:38.903,1.01566,1.0159,1.50,1.60
2012.07.26 14:49:38.962,1.01569,1.01591,1.50,3.47
2012.07.26 14:49:39.332,1.01571,1.01596,1.50,1.60
2012.07.26 14:49:39.610,1.01572,1.01595,1.50,1.60
2012.07.26 14:49:40.240,1.0157,1.01595,1.50,1.60
2012.07.26 14:49:40.778,1.01571,1.01594,1.50,1.60
2012.07.26 14:49:41.709,1.01572,1.01597,1.50,3.47
2012.07.26 14:49:42.293,1.01571,1.01594,1.50,1.60
2012.07.26 14:49:43.291,1.01571,1.01594,1.50,1.60
2012.07.26 14:49:43.574,1.01569,1.01594,1.50,1.60
2012.07.26 14:49:43.813,1.01569,1.01594,1.50,3.10
2012.07.26 14:49:44.254,1.01571,1.01593,1.50,1.60
2012.07.26 14:49:44.588,1.01571,1.01593,2.16,1.50
2012.07.26 14:49:44.648,1.01578,1.01593,2.18,1.50
2012.07.26 14:49:44.887,1.01568,1.01592,4.34,1.60
2012.07.26 14:49:45.344,1.01568,1.0159,2.84,1.50
2012.07.26 14:49:46.042,1.01566,1.0159,2.25,1.60
2012.07.26 14:49:46.155,1.01566,1.0159,2.91,1.50
2012.07.26 14:49:46.398,1.01567,1.0159,2.93,1.60
2012.07.26 14:49:46.458,1.01569,1.01592,1.50,1.60
2012.07.26 14:49:46.791,1.01567,1.0159,3.75,1.60
2012.07.26 14:49:46.851,1.0157,1.01595,1.50,1.97
2012.07.26 14:49:47.324,1.01567,1.01589,2.91,1.60
2012.07.26 14:49:47.441,1.01569,1.01592,1.50,1.97
2012.07.26 14:49:47.932,1.01566,1.01588,2.16,1.50
2012.07.26 14:49:49.242,1.01568,1.01592,1.50,1.97
2012.07.26 14:49:51.514,1.01568,1.0159,2.16,1.60
2012.07.26 14:49:52.019,1.01569,1.01593,1.50,1.97
2012.07.26 14:49:52.571,1.01568,1.0159,2.16,1.60
2012.07.26 14:49:52.874,1.01568,1.0159,2.16,1.50
2012.07.26 14:49:53.378,1.01571,1.01596,1.50,1.97
2012.07.26 14:49:53.711,1.01573,1.01597,2.16,1.97
2012.07.26 14:49:55.808,1.0157,1.01594,2.16,1.50
2012.07.26 14:49:56.405,1.01572,1.01596,2.16,1.50
2012.07.26 14:49:57.671,1.01572,1.01594,2.16,1.50
2012.07.26 14:49:57.930,1.01573,1.01596,2.16,1.50
2012.07.26 14:49:58.452,1.01571,1.01595,2.16,1.50
2012.07.26 14:49:59.135,1.01572,1.01594,2.16,1.50
2012.07.26 14:49:59.707,1.01571,1.01595,2.16,1.50
2012.07.26 14:49:59.872,1.01572,1.01597,2.16,1.97
2012.07.26 14:49:59.984,1.01572,1.01594,2.16,1.50
2012.07.26 14:50:00.303,1.01572,1.01594,2.16,1.50
2012.07.26 14:50:00.631,1.01574,1.01596,1.50,1.97
2012.07.26 14:50:00.938,1.01574,1.01596,2.16,1.88
2012.07.26 14:50:01.053,1.01577,1.01601,4.34,1.60
2012.07.26 14:50:01.168,1.01577,1.01598,2.84,1.50
2012.07.26 14:50:01.228,1.01577,1.01598,2.18,1.60
2012.07.26 14:50:01.451,1.01578,1.016,2.84,1.50
2012.07.26 14:50:01.960,1.01578,1.01599,2.84,1.50
2012.07.26 14:50:03.052,1.01579,1.01603,1.50,1.97
2012.07.26 14:50:03.706,1.01579,1.01603,1.50,1.97
2012.07.26 14:50:03.934,1.01578,1.01601,2.18,1.60
2012.07.26 14:50:04.506,1.01578,1.01601,2.84,1.60
2012.07.26 14:50:04.856,1.0158,1.01602,1.50,1.97
2012.07.26 14:50:05.361,1.01578,1.01599,4.34,1.60
2012.07.26 14:50:07.230,1.01572,1.01594,1.41,1.50
2012.07.26 14:50:07.702,1.01574,1.01596,1.50,1.60
2012.07.26 14:50:08.841,1.01574,1.01596,2.16,1.60
2012.07.26 14:50:11.282,1.01574,1.01596,2.16,1.88
2012.07.26 14:50:11.869,1.01573,1.01595,3.66,1.50
2012.07.26 14:50:12.602,1.01574,1.01598,2.16,1.97
2012.07.26 14:50:14.165,1.01573,1.01595,2.16,1.50
2012.07.26 14:50:14.908,1.01575,1.01597,2.16,1.88
2012.07.26 14:50:15.462,1.01573,1.01595,1.50,2.20
2012.07.26 14:50:15.796,1.0157,1.01592,1.50,1.60
2012.07.26 14:50:15.861,1.01568,1.0159,3.68,1.60
2012.07.26 14:50:15.976,1.0157,1.0159,1.41,1.50
2012.07.26 14:50:16.193,1.01571,1.01593,2.25,3.10
2012.07.26 14:50:17.088,1.01571,1.01593,2.25,1.60
2012.07.26 14:50:17.369,1.01573,1.01597,1.50,1.60
2012.07.26 14:50:17.429,1.01573,1.01597,1.50,2.20
2012.07.26 14:50:17.598,1.01568,1.01589,4.05,1.60
2012.07.26 14:50:18.173,1.01568,1.0159,2.18,1.97
2012.07.26 14:50:18.742,1.01568,1.01588,2.18,1.97
2012.07.26 14:50:18.855,1.01563,1.01588,1.50,1.97
2012.07.26 14:50:19.446,1.01564,1.01588,1.50,1.97
2012.07.26 14:50:19.560,1.01568,1.0159,1.50,1.97
2012.07.26 14:50:19.619,1.01568,1.0159,1.50,1.97
2012.07.26 14:50:20.556,1.01568,1.0159,1.50,1.60
2012.07.26 14:50:21.102,1.01568,1.0159,1.50,1.60
2012.07.26 14:50:21.216,1.01564,1.01588,1.50,1.60
2012.07.26 14:50:21.444,1.01565,1.01588,1.41,1.60
2012.07.26 14:50:21.799,1.01568,1.01589,1.50,1.60
2012.07.26 14:50:22.022,1.01566,1.01588,1.50,1.60
2012.07.26 14:50:22.403,1.01566,1.01588,1.50,1.60
2012.07.26 14:50:22.629,1.01563,1.01587,1.50,1.60
2012.07.26 14:50:22.743,1.01563,1.01587,1.50,1.60
2012.07.26 14:50:23.069,1.01565,1.01589,1.50,1.60
2012.07.26 14:50:24.801,1.01567,1.01589,2.18,1.60
2012.07.26 14:50:24.861,1.01567,1.01589,2.18,1.60
2012.07.26 14:50:25.041,1.01569,1.01591,1.50,1.60
2012.07.26 14:50:26.046,1.01567,1.01585,2.18,1.50
2012.07.26 14:50:26.976,1.01567,1.01587,2.18,1.60
2012.07.26 14:50:27.940,1.0157,1.01587,1.50,1.60
2012.07.26 14:50:28.055,1.01571,1.01595,1.50,1.60
2012.07.26 14:50:29.292,1.01572,1.01594,1.50,1.60
2012.07.26 14:50:29.514,1.0157,1.01592,1.50,1.60
2012.07.26 14:50:29.627,1.01567,1.01591,4.34,1.60
2012.07.26 14:50:29.795,1.01565,1.01589,1.50,1.60
2012.07.26 14:50:30.196,1.01567,1.01589,3.59,1.50
2012.07.26 14:50:30.261,1.01571,1.01595,1.50,2.20
2012.07.26 14:50:30.766,1.0157,1.01592,1.50,1.60
2012.07.26 14:50:31.468,1.01569,1.01595,1.50,2.20
2012.07.26 14:50:31.814,1.01571,1.01597,1.50,1.97
2012.07.26 14:50:32.338,1.01572,1.01596,1.50,3.47
2012.07.26 14:50:32.750,1.0157,1.01594,1.50,1.60
2012.07.26 14:50:33.343,1.01571,1.01594,2.16,1.60
2012.07.26 14:50:34.379,1.01572,1.01598,2.91,1.97
2012.07.26 14:50:34.493,1.01572,1.01598,2.91,1.88
2012.07.26 14:50:34.554,1.01574,1.01599,2.16,1.50
2012.07.26 14:50:34.899,1.01577,1.01599,2.18,1.60
2012.07.26 14:50:35.368,1.01578,1.01599,2.18,1.60
2012.07.26 14:50:35.884,1.01579,1.01602,1.50,1.97
2012.07.26 14:50:36.000,1.01577,1.01602,3.68,1.97
2012.07.26 14:50:36.206,1.01579,1.01602,1.50,1.97
2012.07.26 14:50:37.440,1.01579,1.01602,1.50,1.97
2012.07.26 14:50:38.078,1.0158,1.01606,1.50,1.97
2012.07.26 14:50:38.334,1.01578,1.01601,2.84,1.60
2012.07.26 14:50:38.448,1.01578,1.01601,2.84,1.60
2012.07.26 14:50:38.951,1.01578,1.01601,2.18,1.60
2012.07.26 14:50:39.011,1.01576,1.01601,1.50,1.60
2012.07.26 14:50:39.274,1.01575,1.01598,1.50,1.60
2012.07.26 14:50:39.802,1.01575,1.01598,2.16,1.60
2012.07.26 14:50:40.186,1.01574,1.01599,1.50,1.60
2012.07.26 14:50:40.354,1.01574,1.01599,2.16,1.60
2012.07.26 14:50:40.414,1.01577,1.01599,2.18,1.60
2012.07.26 14:50:42.254,1.01578,1.01601,1.50,1.60
2012.07.26 14:50:43.404,1.01578,1.01601,3.68,1.60
2012.07.26 14:50:43.647,1.01572,1.01595,2.16,1.60
2012.07.26 14:50:43.708,1.01578,1.01595,2.18,1.50
2012.07.26 14:50:44.344,1.01578,1.016,2.18,1.60
2012.07.26 14:50:45.467,1.01579,1.01601,1.50,1.97
2012.07.26 14:50:47.023,1.01578,1.01592,2.18,1.60
2012.07.26 14:50:47.085,1.0157,1.01592,3.00,1.60
2012.07.26 14:50:47.145,1.01572,1.01594,1.50,1.60
2012.07.26 14:50:47.492,1.01569,1.01593,2.16,1.60
2012.07.26 14:50:47.716,1.01572,1.01594,2.16,1.60
2012.07.26 14:50:48.265,1.0157,1.01593,2.16,2.20
2012.07.26 14:50:48.473,1.01568,1.01589,3.51,1.50
2012.07.26 14:50:48.647,1.01569,1.01593,1.50,2.35
2012.07.26 14:50:48.726,1.01572,1.01594,1.50,3.85
2012.07.26 14:50:48.951,1.01569,1.01593,2.16,1.60
2012.07.26 14:50:49.064,1.01568,1.0159,2.16,1.50
2012.07.26 14:50:49.560,1.01567,1.01589,2.18,1.60
2012.07.26 14:50:50.144,1.01568,1.0159,1.50,1.60
2012.07.26 14:50:50.833,1.01567,1.0159,3.68,1.60
2012.07.26 14:50:51.224,1.0157,1.01592,1.50,1.97
2012.07.26 14:50:51.671,1.01572,1.01596,1.50,2.57
2012.07.26 14:50:51.731,1.01568,1.01591,2.84,1.60
2012.07.26 14:50:51.791,1.01568,1.01591,2.84,1.60
2012.07.26 14:50:51.958,1.01567,1.01588,2.84,1.50
2012.07.26 14:50:52.584,1.01567,1.01588,2.18,1.50
2012.07.26 14:50:53.330,1.01568,1.01592,1.50,1.97
2012.07.26 14:50:53.735,1.0157,1.01592,1.50,1.97
2012.07.26 14:50:54.334,1.0157,1.01592,1.50,1.97
2012.07.26 14:50:54.859,1.01571,1.01595,1.50,1.60
2012.07.26 14:50:55.038,1.01567,1.01591,4.34,1.60
2012.07.26 14:50:55.939,1.0157,1.01592,1.50,1.60
2012.07.26 14:50:57.067,1.01571,1.01595,1.50,1.60
2012.07.26 14:50:57.201,1.01571,1.01595,2.16,1.60
2012.07.26 14:50:57.423,1.01575,1.01597,1.50,1.60
2012.07.26 14:50:57.913,1.0157,1.01592,2.16,1.50
2012.07.26 14:50:58.083,1.01572,1.01596,2.16,1.60
2012.07.26 14:50:58.197,1.01572,1.01596,1.50,1.60
2012.07.26 14:50:58.509,1.01572,1.01596,1.50,3.47
2012.07.26 14:50:58.970,1.01568,1.01591,1.50,1.60
2012.07.26 14:50:59.665,1.01569,1.01593,1.50,1.97
2012.07.26 14:50:59.958,1.01569,1.01593,2.16,1.97
2012.07.26 14:51:00.075,1.01572,1.01594,1.50,1.97
2012.07.26 14:51:00.189,1.0157,1.01594,3.00,1.97
2012.07.26 14:51:01.656,1.01571,1.01594,1.50,1.60
2012.07.26 14:51:01.716,1.01574,1.01596,1.50,1.97
2012.07.26 14:51:02.050,1.01572,1.01596,1.50,1.60
2012.07.26 14:51:02.275,1.01566,1.01589,1.50,1.60
2012.07.26 14:51:02.605,1.01564,1.01588,2.16,1.60
2012.07.26 14:51:02.665,1.01564,1.01588,2.16,1.50
2012.07.26 14:51:03.128,1.01567,1.01589,2.16,1.50
2012.07.26 14:51:03.356,1.01571,1.01595,1.50,1.60
2012.07.26 14:51:03.899,1.0157,1.01593,1.50,1.97
2012.07.26 14:51:04.826,1.01571,1.01595,1.50,3.10
2012.07.26 14:51:04.939,1.01569,1.01593,2.16,1.60
2012.07.26 14:51:05.170,1.01569,1.01593,1.50,3.10
2012.07.26 14:51:05.509,1.01569,1.01591,1.50,1.97
2012.07.26 14:51:05.636,1.01567,1.01589,1.50,1.60
2012.07.26 14:51:06.023,1.01569,1.01591,1.50,1.97
2012.07.26 14:51:07.262,1.01569,1.01591,1.50,1.88
2012.07.26 14:51:07.475,1.01571,1.01593,1.50,1.97
2012.07.26 14:51:08.203,1.01571,1.01593,1.50,1.60
2012.07.26 14:51:08.743,1.0157,1.01594,1.50,1.60
2012.07.26 14:51:08.857,1.01572,1.01596,1.50,1.60
2012.07.26 14:51:09.138,1.0157,1.01592,1.50,1.60
2012.07.26 14:51:09.266,1.01569,1.01593,1.50,1.60
2012.07.26 14:51:11.219,1.01569,1.01593,1.50,1.60
2012.07.26 14:51:11.572,1.01571,1.01595,1.50,1.60
2012.07.26 14:51:12.824,1.0157,1.0159,1.50,1.50
2012.07.26 14:51:12.884,1.01568,1.0159,3.68,1.50
2012.07.26 14:51:12.999,1.01568,1.0159,3.68,3.10
2012.07.26 14:51:13.060,1.01565,1.01589,1.50,1.60
2012.07.26 14:51:13.121,1.01567,1.01589,1.50,1.60
2012.07.26 14:51:13.457,1.01571,1.01593,1.50,1.97
2012.07.26 14:51:13.624,1.01567,1.01591,1.50,1.97
2012.07.26 14:51:13.792,1.01567,1.01591,1.50,1.97
2012.07.26 14:51:14.709,1.01571,1.01593,1.50,3.47
2012.07.26 14:51:15.364,1.01573,1.01595,1.50,3.10
2012.07.26 14:51:15.478,1.01573,1.01595,1.50,1.60
2012.07.26 14:51:15.547,1.0157,1.01592,3.00,1.50
2012.07.26 14:51:15.986,1.01571,1.01594,1.50,1.60
2012.07.26 14:51:17.077,1.01573,1.01597,1.50,1.97
2012.07.26 14:51:17.137,1.01573,1.01597,1.50,1.88
2012.07.26 14:51:17.196,1.01572,1.01594,2.16,1.50
2012.07.26 14:51:17.546,1.01574,1.01598,1.50,1.60
2012.07.26 14:51:17.605,1.01574,1.01598,1.50,1.60
2012.07.26 14:51:17.940,1.01572,1.01596,2.16,1.60
2012.07.26 14:51:18.157,1.01571,1.01593,2.16,1.50
2012.07.26 14:51:18.735,1.01571,1.01593,1.50,1.60
2012.07.26 14:51:18.850,1.01568,1.01589,4.34,1.50
2012.07.26 14:51:18.964,1.01568,1.01592,5.84,1.60
2012.07.26 14:51:19.503,1.01569,1.01591,1.50,1.50
2012.07.26 14:51:19.617,1.0157,1.01594,1.50,1.60
2012.07.26 14:51:20.272,1.01569,1.01591,1.50,1.50
2012.07.26 14:51:20.626,1.01573,1.01597,1.50,1.60
2012.07.26 14:51:20.740,1.01573,1.01597,2.16,1.60
2012.07.26 14:51:22.143,1.01575,1.01599,1.50,1.60
2012.07.26 14:51:22.459,1.01578,1.016,1.50,3.10
2012.07.26 14:51:22.794,1.01574,1.01598,3.00,1.60
2012.07.26 14:51:22.854,1.01576,1.01598,1.50,1.60
2012.07.26 14:51:22.926,1.01574,1.01598,1.50,1.60
2012.07.26 14:51:26.930,1.01576,1.01599,1.50,1.60
2012.07.26 14:51:27.249,1.01579,1.01601,1.50,1.60
2012.07.26 14:51:27.568,1.01582,1.01604,1.50,1.07
2012.07.26 14:51:27.752,1.01582,1.01606,1.50,1.97
2012.07.26 14:51:29.012,1.01581,1.01603,3.00,1.60
2012.07.26 14:51:29.325,1.01579,1.01603,1.50,3.10
2012.07.26 14:51:29.438,1.01579,1.01603,3.00,1.60
2012.07.26 14:51:29.954,1.01578,1.016,1.50,1.60
2012.07.26 14:51:32.028,1.01576,1.01598,1.50,1.60
2012.07.26 14:51:32.747,1.01577,1.01601,1.50,1.97
2012.07.26 14:51:35.240,1.01573,1.01596,1.50,1.60
2012.07.26 14:51:35.354,1.01573,1.01596,1.50,1.97
2012.07.26 14:51:35.966,1.01574,1.01598,1.50,4.07
2012.07.26 14:51:36.026,1.01574,1.01598,2.16,2.57
2012.07.26 14:51:36.087,1.01578,1.016,1.50,3.47
2012.07.26 14:51:36.146,1.01578,1.016,1.50,3.47
2012.07.26 14:51:36.207,1.01573,1.01595,2.16,1.50
2012.07.26 14:51:36.769,1.01573,1.01595,2.16,1.50
2012.07.26 14:51:37.251,1.01573,1.01595,1.50,1.60
2012.07.26 14:51:37.311,1.01571,1.0159,1.50,1.60
2012.07.26 14:51:37.425,1.01568,1.0159,1.50,1.60
2012.07.26 14:51:37.486,1.01566,1.01589,1.26,1.50
2012.07.26 14:51:37.762,1.01567,1.01589,2.16,1.60
2012.07.26 14:51:37.999,1.01568,1.01592,2.16,1.97
2012.07.26 14:51:38.570,1.01568,1.01592,1.50,1.60
2012.07.26 14:51:38.941,1.01566,1.0159,1.50,1.60
2012.07.26 14:51:39.250,1.01564,1.01588,2.16,1.60
2012.07.26 14:51:42.278,1.01561,1.01585,2.16,1.50
2012.07.26 14:51:42.853,1.01561,1.01585,2.16,1.60
2012.07.26 14:51:43.652,1.01564,1.01586,1.50,3.47
2012.07.26 14:51:44.593,1.0156,1.01582,2.16,1.50
2012.07.26 14:51:44.761,1.0156,1.01582,2.16,1.50
2012.07.26 14:51:44.820,1.01562,1.01584,2.16,1.60
2012.07.26 14:51:44.934,1.0156,1.01582,2.16,1.50
2012.07.26 14:51:45.246,1.01561,1.01584,2.16,1.60
2012.07.26 14:51:45.368,1.0156,1.01579,2.16,1.50
2012.07.26 14:51:45.429,1.01555,1.01579,2.16,1.60
2012.07.26 14:51:45.652,1.01557,1.01581,1.50,1.60
2012.07.26 14:51:45.821,1.01555,1.01577,1.50,1.60
2012.07.26 14:51:47.309,1.01554,1.01576,2.16,1.60
2012.07.26 14:51:47.686,1.01552,1.01572,2.91,1.50
2012.07.26 14:51:47.746,1.01552,1.01572,1.41,1.60
2012.07.26 14:51:47.982,1.0155,1.01572,1.50,1.60
2012.07.26 14:51:48.151,1.01548,1.0157,1.88,1.60
2012.07.26 14:51:49.000,1.01551,1.0157,2.16,1.50
2012.07.26 14:51:49.059,1.01551,1.0157,2.16,1.50
2012.07.26 14:51:49.119,1.01552,1.01576,2.16,1.60
2012.07.26 14:51:49.367,1.01552,1.01576,2.16,1.50
2012.07.26 14:51:49.815,1.01556,1.01578,2.16,1.60
2012.07.26 14:51:50.244,1.0156,1.01582,1.50,3.10
2012.07.26 14:51:50.441,1.01558,1.01581,1.50,1.60
2012.07.26 14:51:51.049,1.01557,1.01581,5.09,1.60
2012.07.26 14:51:51.179,1.0156,1.01582,1.50,3.10
2012.07.26 14:51:51.348,1.01557,1.0158,3.59,1.60
2012.07.26 14:51:51.720,1.01557,1.0158,2.18,2.20
2012.07.26 14:51:51.897,1.01555,1.01578,1.50,1.60
2012.07.26 14:51:51.958,1.01553,1.01577,2.16,1.60
2012.07.26 14:51:52.019,1.01553,1.01577,1.41,1.60
2012.07.26 14:51:52.333,1.0156,1.01582,1.50,3.77
2012.07.26 14:51:52.626,1.01558,1.0158,1.50,1.60
2012.07.26 14:51:53.945,1.01561,1.01583,1.50,1.60
2012.07.26 14:51:54.008,1.01561,1.01583,2.16,1.60
2012.07.26 14:51:54.177,1.01563,1.01587,1.50,3.47
2012.07.26 14:51:54.291,1.01561,1.01585,2.16,1.60
2012.07.26 14:51:54.970,1.01561,1.01585,2.16,1.50
2012.07.26 14:51:55.498,1.01565,1.01587,2.16,1.60
2012.07.26 14:51:56.391,1.01565,1.01587,1.50,1.60
2012.07.26 14:51:56.559,1.01563,1.01585,1.50,1.60
2012.07.26 14:51:56.848,1.01558,1.01582,2.16,1.50
2012.07.26 14:51:57.069,1.01558,1.01582,4.34,1.60
2012.07.26 14:51:57.439,1.01558,1.01582,2.16,1.60
2012.07.26 14:51:57.776,1.01564,1.01588,1.50,1.60
2012.07.26 14:51:58.453,1.01565,1.01589,1.50,1.60
2012.07.26 14:51:58.724,1.01563,1.01587,1.50,1.60
2012.07.26 14:51:58.947,1.01564,1.01586,1.50,1.60
2012.07.26 14:51:59.061,1.01562,1.01584,2.16,1.60
2012.07.26 14:52:00.319,1.01562,1.01584,1.50,1.60
2012.07.26 14:52:00.670,1.0156,1.01582,1.50,1.60
2012.07.26 14:52:04.607,1.0156,1.01582,2.16,1.50
2012.07.26 14:52:04.924,1.01565,1.01587,1.50,1.60
2012.07.26 14:52:05.365,1.01562,1.01582,1.50,1.60
2012.07.26 14:52:05.424,1.01562,1.01582,1.50,1.60
2012.07.26 14:52:05.487,1.01558,1.01582,4.34,1.60
2012.07.26 14:52:06.079,1.01561,1.01583,1.50,1.60
2012.07.26 14:52:08.938,1.01561,1.01583,1.50,1.60
2012.07.26 14:52:11.569,1.01561,1.01583,1.50,1.60
2012.07.26 14:52:12.467,1.01561,1.01583,1.50,3.10
2012.07.26 14:52:12.525,1.01559,1.01581,1.50,1.60
2012.07.26 14:52:12.957,1.01557,1.01579,3.66,1.60
2012.07.26 14:52:14.696,1.01553,1.01575,3.66,1.50
2012.07.26 14:52:14.918,1.01553,1.01575,2.16,1.50
2012.07.26 14:52:15.033,1.01553,1.01575,2.16,1.60
2012.07.26 14:52:15.310,1.01552,1.01576,2.16,3.00
2012.07.26 14:52:15.824,1.01556,1.0158,2.16,1.60
2012.07.26 14:52:16.401,1.01558,1.01578,2.18,1.60
2012.07.26 14:52:16.462,1.01558,1.0158,2.84,1.60
2012.07.26 14:52:16.521,1.01558,1.01578,2.84,1.50
2012.07.26 14:52:16.743,1.01554,1.01578,1.50,1.60
2012.07.26 14:52:16.857,1.01554,1.01578,1.50,1.60
2012.07.26 14:52:17.180,1.01548,1.0157,2.16,1.50
2012.07.26 14:52:17.912,1.01548,1.01572,2.16,1.60
2012.07.26 14:52:18.701,1.01548,1.01572,2.16,1.60
2012.07.26 14:52:21.448,1.01547,1.0157,2.91,1.50
2012.07.26 14:52:22.385,1.01547,1.0157,2.84,1.50
2012.07.26 14:52:23.001,1.01549,1.01571,2.16,1.50
2012.07.26 14:52:23.528,1.0155,1.01572,2.16,1.60
2012.07.26 14:52:24.644,1.01547,1.01569,5.18,1.60
2012.07.26 14:52:25.032,1.01552,1.01571,1.41,1.50
2012.07.26 14:52:25.309,1.01552,1.01573,2.91,1.50
2012.07.26 14:52:25.914,1.01552,1.01574,1.41,1.50
2012.07.26 14:52:26.082,1.0155,1.01574,2.91,1.60
2012.07.26 14:52:26.622,1.01551,1.01573,1.41,1.60
2012.07.26 14:52:27.057,1.01548,1.0157,2.16,1.50
2012.07.26 14:52:27.529,1.0155,1.0157,1.41,1.50
2012.07.26 14:52:27.644,1.0155,1.01567,1.41,1.50
2012.07.26 14:52:27.705,1.01548,1.01567,2.84,1.50
2012.07.26 14:52:27.873,1.01548,1.0157,2.84,1.50
2012.07.26 14:52:28.985,1.01551,1.01575,1.50,1.60
2012.07.26 14:52:29.491,1.01551,1.01573,2.16,1.97
2012.07.26 14:52:29.717,1.01552,1.01576,2.16,1.60
2012.07.26 14:52:30.284,1.0155,1.01574,2.91,1.60
2012.07.26 14:52:30.818,1.01551,1.01574,1.41,1.60
2012.07.26 14:52:31.299,1.01558,1.01574,2.84,1.50
2012.07.26 14:52:31.434,1.01558,1.01574,2.18,1.50
2012.07.26 14:52:31.660,1.01558,1.01576,2.18,1.50
2012.07.26 14:52:31.729,1.01558,1.01576,2.84,1.50
2012.07.26 14:52:31.951,1.01558,1.01578,2.84,1.50
2012.07.26 14:52:32.011,1.01557,1.0158,1.41,1.60
2012.07.26 14:52:36.795,1.0156,1.01582,1.50,1.97
2012.07.26 14:52:37.182,1.01558,1.01577,2.84,1.50
2012.07.26 14:52:37.491,1.01559,1.01579,1.41,1.60
2012.07.26 14:52:38.169,1.01561,1.01583,1.50,1.97
2012.07.26 14:52:38.870,1.01561,1.01583,2.25,1.60
2012.07.26 14:52:47.434,1.0156,1.01584,2.25,1.60
2012.07.26 14:52:47.602,1.0156,1.01584,2.25,1.60
2012.07.26 14:52:48.293,1.01562,1.01586,2.25,3.47
2012.07.26 14:52:49.046,1.01564,1.01586,1.50,1.97
2012.07.26 14:52:49.167,1.01562,1.01582,2.25,1.60
2012.07.26 14:52:49.908,1.01562,1.01586,2.25,1.60
2012.07.26 14:52:50.502,1.01563,1.01585,1.50,1.60
2012.07.26 14:52:51.353,1.01563,1.01585,1.50,1.50
2012.07.26 14:52:51.474,1.01567,1.01589,1.50,1.60
2012.07.26 14:52:51.756,1.01564,1.01588,1.50,1.60
2012.07.26 14:52:51.869,1.01562,1.01586,2.25,1.60
2012.07.26 14:52:52.323,1.01564,1.01588,1.50,1.60
2012.07.26 14:52:52.437,1.01566,1.01587,1.50,1.50
2012.07.26 14:52:52.771,1.01569,1.01588,1.50,1.60
2012.07.26 14:52:53.028,1.01564,1.01586,1.50,1.60
2012.07.26 14:52:53.088,1.01562,1.01584,2.25,1.50
2012.07.26 14:52:53.914,1.01562,1.01584,2.25,1.60
2012.07.26 14:52:54.109,1.01559,1.01583,3.38,1.60
2012.07.26 14:52:54.272,1.01559,1.01583,4.13,1.60
2012.07.26 14:52:54.795,1.01562,1.01584,1.50,1.50
2012.07.26 14:52:54.989,1.01564,1.01586,1.50,1.60
2012.07.26 14:52:55.332,1.01564,1.01588,2.25,1.60
2012.07.26 14:52:55.621,1.01564,1.01588,1.50,1.60
2012.07.26 14:52:56.525,1.01565,1.01589,1.50,1.97
2012.07.26 14:52:57.027,1.01564,1.01586,1.50,3.00
2012.07.26 14:52:57.097,1.01561,1.01585,2.91,1.50
2012.07.26 14:52:57.763,1.01562,1.01584,1.50,1.50
2012.07.26 14:52:58.307,1.01561,1.01583,1.41,1.50
2012.07.26 14:52:58.832,1.01562,1.01586,1.50,1.50
2012.07.26 14:52:59.002,1.01559,1.01581,2.16,1.50
2012.07.26 14:52:59.253,1.01559,1.01581,2.16,1.50
2012.07.26 14:53:00.629,1.01559,1.01581,2.16,1.50
2012.07.26 14:53:00.919,1.01562,1.01584,2.25,1.50
2012.07.26 14:53:01.730,1.01561,1.01582,1.41,1.50
2012.07.26 14:53:02.378,1.0156,1.01582,2.16,1.50
2012.07.26 14:53:04.285,1.01561,1.01582,1.41,1.50
2012.07.26 14:53:04.493,1.0156,1.01582,2.25,1.50
2012.07.26 14:53:04.931,1.01562,1.01584,2.25,1.50
2012.07.26 14:53:05.290,1.0156,1.01581,1.41,1.50
2012.07.26 14:53:05.621,1.01559,1.01583,2.91,1.50
2012.07.26 14:53:05.801,1.01561,1.01585,2.25,1.50
2012.07.26 14:53:07.842,1.01561,1.01585,2.25,2.10
2012.07.26 14:53:08.011,1.01561,1.01585,2.25,2.20
2012.07.26 14:53:08.301,1.01561,1.01585,2.25,1.60
2012.07.26 14:53:08.363,1.01562,1.01585,1.41,1.60
2012.07.26 14:53:08.586,1.01562,1.01583,1.41,1.50
2012.07.26 14:53:08.889,1.01567,1.01583,3.59,1.50
2012.07.26 14:53:09.061,1.01567,1.01587,3.59,1.50
2012.07.26 14:53:09.421,1.01567,1.01589,3.59,1.60
2012.07.26 14:53:09.889,1.01567,1.0159,3.59,1.60
2012.07.26 14:53:10.222,1.0157,1.01591,1.50,1.60
2012.07.26 14:53:10.391,1.01564,1.01588,2.16,1.60
2012.07.26 14:53:10.560,1.01564,1.01588,3.51,1.60
2012.07.26 14:53:10.891,1.01568,1.01591,2.93,1.60
2012.07.26 14:53:11.061,1.01573,1.01595,1.50,1.60
2012.07.26 14:53:11.175,1.01573,1.01595,1.50,1.60
2012.07.26 14:53:11.293,1.0157,1.01594,2.16,1.60
2012.07.26 14:53:12.683,1.0157,1.01594,2.16,1.60
2012.07.26 14:53:13.570,1.01573,1.01595,1.50,1.60
2012.07.26 14:53:13.631,1.0157,1.01593,3.75,1.60
2012.07.26 14:53:13.856,1.01568,1.01591,2.16,1.60
2012.07.26 14:53:14.271,1.01572,1.01594,1.50,1.60
2012.07.26 14:53:15.667,1.01572,1.01594,1.50,1.60
2012.07.26 14:53:15.780,1.01569,1.01591,3.00,1.60
2012.07.26 14:53:15.894,1.01566,1.0159,3.75,1.60
2012.07.26 14:53:17.231,1.01566,1.0159,2.25,1.60
2012.07.26 14:53:17.346,1.01571,1.01592,1.50,2.27
2012.07.26 14:53:17.870,1.01569,1.01591,1.50,1.60
2012.07.26 14:53:18.776,1.01571,1.01594,1.41,1.60
2012.07.26 14:53:19.531,1.01568,1.01592,2.16,1.50
2012.07.26 14:53:19.647,1.01568,1.01592,2.16,1.60
2012.07.26 14:53:20.019,1.01568,1.01588,2.16,1.50
2012.07.26 14:53:20.533,1.01563,1.01587,2.54,1.50
2012.07.26 14:53:20.855,1.01566,1.0159,2.91,1.60
2012.07.26 14:53:21.187,1.01569,1.01594,1.50,1.60
2012.07.26 14:53:21.462,1.01569,1.01594,1.50,1.60
2012.07.26 14:53:23.303,1.01567,1.01588,2.16,1.50
2012.07.26 14:53:23.501,1.01563,1.0158,1.04,1.50
2012.07.26 14:53:23.561,1.01562,1.0158,2.54,1.50
2012.07.26 14:53:24.254,1.01559,1.0158,1.04,1.50
2012.07.26 14:53:24.753,1.01558,1.0158,4.34,1.60
2012.07.26 14:53:24.812,1.01558,1.01578,2.16,1.50
2012.07.26 14:53:25.223,1.01559,1.01581,1.50,1.60
2012.07.26 14:53:25.721,1.01558,1.01581,2.16,1.50
2012.07.26 14:53:26.292,1.01559,1.01583,2.16,3.10
2012.07.26 14:53:26.880,1.01558,1.0158,2.16,1.50
2012.07.26 14:53:27.157,1.01555,1.01578,2.16,1.60
2012.07.26 14:53:27.493,1.01554,1.01578,1.50,1.60
2012.07.26 14:53:27.891,1.01551,1.01574,2.16,1.50
2012.07.26 14:53:27.951,1.01552,1.01576,2.16,1.60
2012.07.26 14:53:28.365,1.01552,1.01576,2.16,1.60
2012.07.26 14:53:28.595,1.01551,1.01573,1.50,1.60
2012.07.26 14:53:28.765,1.01554,1.01576,1.50,1.60
2012.07.26 14:53:28.879,1.01552,1.01574,1.50,1.60
2012.07.26 14:53:32.150,1.01549,1.01571,1.50,1.50
2012.07.26 14:53:32.760,1.01552,1.01574,1.50,3.10
2012.07.26 14:53:33.336,1.01553,1.01577,1.50,3.10
2012.07.26 14:53:33.876,1.01553,1.01577,1.50,1.60
2012.07.26 14:53:34.020,1.01551,1.01574,1.50,1.60
2012.07.26 14:53:34.535,1.0155,1.01574,2.25,1.60
2012.07.26 14:53:35.169,1.0155,1.01574,1.50,1.60
2012.07.26 14:53:35.874,1.01551,1.01575,2.25,1.60
2012.07.26 14:53:36.230,1.01549,1.01572,2.25,1.50
2012.07.26 14:53:36.458,1.01548,1.01572,3.68,1.50
2012.07.26 14:53:36.744,1.01551,1.01575,1.50,1.60
2012.07.26 14:53:37.048,1.01548,1.01572,3.68,1.60
2012.07.26 14:53:37.390,1.01552,1.01574,1.50,1.60
2012.07.26 14:53:37.942,1.01552,1.01576,1.50,1.97
2012.07.26 14:53:38.001,1.01551,1.0157,1.50,1.50
2012.07.26 14:53:38.115,1.01551,1.01573,3.00,1.60
2012.07.26 14:53:38.737,1.01552,1.01576,1.50,1.97
2012.07.26 14:53:39.354,1.0155,1.01574,1.50,1.60
2012.07.26 14:53:39.823,1.01554,1.01576,1.50,1.97
2012.07.26 14:53:40.519,1.01554,1.01576,1.50,1.88
2012.07.26 14:53:40.852,1.01556,1.0158,2.16,1.50
2012.07.26 14:53:41.109,1.01559,1.01583,1.50,1.97
2012.07.26 14:53:41.512,1.01557,1.0158,3.68,1.50
2012.07.26 14:53:42.046,1.01558,1.0158,1.50,1.50
2012.07.26 14:53:42.110,1.01557,1.01578,2.18,1.50
2012.07.26 14:53:42.663,1.01557,1.0158,3.68,1.50
2012.07.26 14:53:42.860,1.01557,1.01578,2.18,1.50
2012.07.26 14:53:47.022,1.01557,1.0158,3.68,1.50
2012.07.26 14:53:47.242,1.01559,1.01582,1.50,1.60
2012.07.26 14:53:47.713,1.01561,1.01585,1.50,2.20
2012.07.26 14:53:48.025,1.01559,1.01581,1.50,1.60
2012.07.26 14:53:48.373,1.01561,1.01583,1.50,3.10
2012.07.26 14:53:48.901,1.01559,1.01582,1.50,1.60
2012.07.26 14:53:49.012,1.01559,1.01579,1.50,1.50
2012.07.26 14:53:49.072,1.01557,1.01579,4.43,1.50
2012.07.26 14:53:49.500,1.0156,1.01584,1.50,3.10
2012.07.26 14:53:49.760,1.01558,1.01582,3.00,1.60
2012.07.26 14:53:50.549,1.01557,1.0158,2.18,1.60
2012.07.26 14:53:51.113,1.01559,1.01581,1.50,1.60
2012.07.26 14:53:51.630,1.01559,1.01579,1.50,1.50
2012.07.26 14:53:51.689,1.01557,1.01579,2.18,1.50
2012.07.26 14:53:53.200,1.01558,1.01579,1.50,1.50
2012.07.26 14:53:53.260,1.0156,1.01582,1.50,1.60
2012.07.26 14:53:53.599,1.01562,1.01584,1.50,1.60
2012.07.26 14:53:53.712,1.01557,1.01581,5.18,1.60
2012.07.26 14:53:53.771,1.01559,1.01581,1.50,1.60
2012.07.26 14:53:54.310,1.01558,1.01582,1.50,1.60
2012.07.26 14:53:55.019,1.01558,1.01582,1.50,1.60
2012.07.26 14:53:55.334,1.01558,1.01582,1.50,1.97
2012.07.26 14:53:57.328,1.01558,1.01582,1.50,1.97
2012.07.26 14:53:58.572,1.01557,1.01578,2.93,1.50
2012.07.26 14:53:58.912,1.01558,1.0158,1.50,1.50
2012.07.26 14:53:59.459,1.01557,1.01576,2.93,1.50
2012.07.26 14:53:59.829,1.01557,1.01578,2.93,1.50
2012.07.26 14:54:00.839,1.01558,1.0158,1.50,1.60
2012.07.26 14:54:03.149,1.01558,1.0158,1.50,1.50
2012.07.26 14:54:03.208,1.01561,1.01583,1.50,3.47
2012.07.26 14:54:03.864,1.01559,1.01581,1.50,1.60
2012.07.26 14:54:04.369,1.01561,1.01583,1.50,1.97
2012.07.26 14:54:04.532,1.01559,1.01581,1.50,1.60
2012.07.26 14:54:05.463,1.0156,1.01581,1.50,1.60
2012.07.26 14:54:05.524,1.01563,1.01585,1.50,2.20
2012.07.26 14:54:05.888,1.01562,1.01586,1.50,2.20
2012.07.26 14:54:05.947,1.0156,1.01584,1.50,1.60
2012.07.26 14:54:08.178,1.01557,1.01582,4.20,1.50
2012.07.26 14:54:08.406,1.01559,1.01582,1.41,1.50
2012.07.26 14:54:08.520,1.01558,1.0158,2.84,1.50
2012.07.26 14:54:08.634,1.0156,1.0158,1.41,1.50
2012.07.26 14:54:09.179,1.01561,1.01581,1.41,1.50
2012.07.26 14:54:09.297,1.01561,1.01584,1.41,1.50
2012.07.26 14:54:09.520,1.01564,1.01586,1.50,1.60
2012.07.26 14:54:09.893,1.01562,1.01584,2.16,1.50
2012.07.26 14:54:10.420,1.01564,1.01588,1.50,1.97
2012.07.26 14:54:10.535,1.01562,1.01584,2.16,1.50
2012.07.26 14:54:11.230,1.01563,1.01587,1.50,1.97
2012.07.26 14:54:11.611,1.01566,1.01588,1.50,1.97
2012.07.26 14:54:11.726,1.01563,1.01585,1.50,1.60
2012.07.26 14:54:12.272,1.01564,1.01588,1.50,1.60
2012.07.26 14:54:12.822,1.01564,1.01587,1.50,2.20
2012.07.26 14:54:12.888,1.01562,1.01584,1.50,1.97
2012.07.26 14:54:13.509,1.01563,1.01585,1.50,2.57
2012.07.26 14:54:14.466,1.01565,1.01585,1.50,1.07
2012.07.26 14:54:14.526,1.01568,1.01588,2.18,2.20
2012.07.26 14:54:14.702,1.01568,1.01589,2.18,1.60
2012.07.26 14:54:15.301,1.01567,1.0159,2.18,1.60
2012.07.26 14:54:15.481,1.01564,1.01587,2.16,1.60
2012.07.26 14:54:16.029,1.01562,1.01585,1.41,1.50
2012.07.26 14:54:16.089,1.01568,1.01585,2.18,1.50
2012.07.26 14:54:19.173,1.01568,1.01588,2.18,1.60
2012.07.26 14:54:19.941,1.01568,1.01591,2.18,2.57
2012.07.26 14:54:20.054,1.01565,1.01587,1.50,1.60
2012.07.26 14:54:20.285,1.01568,1.01587,2.18,1.60
2012.07.26 14:54:24.969,1.01568,1.01591,2.18,1.60
2012.07.26 14:54:25.240,1.01568,1.01591,2.84,3.00
2012.07.26 14:54:25.301,1.01568,1.01589,2.84,1.50
2012.07.26 14:54:25.635,1.01567,1.01586,2.84,1.50
2012.07.26 14:54:25.749,1.01567,1.01588,2.84,1.50
2012.07.26 14:54:26.185,1.0157,1.01592,2.16,3.00
2012.07.26 14:54:26.613,1.01568,1.0159,2.16,1.50
2012.07.26 14:54:27.275,1.01569,1.01593,2.16,1.60
2012.07.26 14:54:27.894,1.01569,1.01593,2.16,1.60
2012.07.26 14:54:28.380,1.01568,1.01589,2.84,1.50
2012.07.26 14:54:28.895,1.0157,1.01591,2.16,1.50
2012.07.26 14:54:29.818,1.0157,1.01592,2.16,1.60
2012.07.26 14:54:31.907,1.01568,1.0159,2.16,1.50
2012.07.26 14:54:32.020,1.0157,1.01592,2.16,1.60
2012.07.26 14:54:32.907,1.0157,1.01592,2.16,1.50
2012.07.26 14:54:33.091,1.01573,1.01597,1.50,3.47
2012.07.26 14:54:33.425,1.01573,1.01597,1.50,2.57
2012.07.26 14:54:33.677,1.01571,1.01595,1.50,2.20
2012.07.26 14:54:34.009,1.01568,1.0159,1.50,1.60
2012.07.26 14:54:34.215,1.0157,1.01593,1.50,1.60
2012.07.26 14:54:34.765,1.01571,1.01594,1.50,1.60
2012.07.26 14:54:34.825,1.01568,1.01592,1.50,1.60
2012.07.26 14:54:35.235,1.01571,1.01594,1.50,1.60
2012.07.26 14:54:35.701,1.01573,1.01597,1.50,2.57
2012.07.26 14:54:35.827,1.01571,1.01595,1.50,2.20
2012.07.26 14:54:36.383,1.0157,1.01592,1.50,1.60
2012.07.26 14:54:36.442,1.0157,1.01592,2.16,1.50
2012.07.26 14:54:36.774,1.01577,1.0159,2.84,1.50
2012.07.26 14:54:36.834,1.01577,1.01598,2.84,1.60
2012.07.26 14:54:38.555,1.01577,1.01599,5.09,1.60
2012.07.26 14:54:38.779,1.01585,1.01604,1.50,1.60
2012.07.26 14:54:39.023,1.01585,1.01604,2.16,1.50
2012.07.26 14:54:39.248,1.01582,1.01606,1.50,1.60
2012.07.26 14:54:39.883,1.01582,1.01606,1.50,1.60
2012.07.26 14:54:40.272,1.01582,1.01606,1.50,1.60
2012.07.26 14:54:40.386,1.0158,1.01604,1.50,1.60
2012.07.26 14:54:40.501,1.01573,1.01598,2.54,1.60
2012.07.26 14:54:40.644,1.01573,1.01598,2.54,1.60
2012.07.26 14:54:41.024,1.01574,1.01596,2.16,1.50
2012.07.26 14:54:42.145,1.01572,1.01597,2.16,1.60
2012.07.26 14:54:43.175,1.01572,1.01597,2.91,1.50
2012.07.26 14:54:43.565,1.01577,1.01598,1.50,1.22
2012.07.26 14:54:43.626,1.01567,1.01587,1.41,1.50
2012.07.26 14:54:44.395,1.01565,1.01587,2.16,1.50
2012.07.26 14:54:46.230,1.01567,1.01591,2.16,1.60
2012.07.26 14:54:47.940,1.01567,1.01591,2.16,1.60
2012.07.26 14:54:48.728,1.01567,1.01591,3.68,1.60
2012.07.26 14:54:48.842,1.01567,1.01591,1.50,1.60
2012.07.26 14:54:48.955,1.01567,1.01591,2.16,1.50
2012.07.26 14:54:49.593,1.01569,1.01593,2.16,1.60
2012.07.26 14:54:50.130,1.01568,1.0159,2.16,1.50
2012.07.26 14:54:50.466,1.01563,1.01584,1.04,1.50
2012.07.26 14:54:50.529,1.01562,1.01584,2.16,1.60
2012.07.26 14:54:52.693,1.01561,1.01583,2.16,1.50
2012.07.26 14:54:53.210,1.01564,1.01586,1.50,1.60
2012.07.26 14:54:53.487,1.01564,1.01586,1.50,1.60
2012.07.26 14:54:53.694,1.01561,1.01583,1.50,1.60
2012.07.26 14:54:54.386,1.0156,1.01582,2.16,1.60
2012.07.26 14:54:55.477,1.01559,1.01582,1.04,1.50
2012.07.26 14:54:55.816,1.0156,1.01584,2.16,1.60
2012.07.26 14:54:56.454,1.0156,1.01584,1.50,1.60
2012.07.26 14:54:57.213,1.01559,1.01581,2.54,1.60
2012.07.26 14:54:57.530,1.01559,1.01581,1.50,1.60
2012.07.26 14:54:57.991,1.01559,1.01576,1.50,1.88
2012.07.26 14:54:58.106,1.01555,1.01573,1.41,1.50
2012.07.26 14:54:58.171,1.01558,1.01576,1.50,1.88
2012.07.26 14:54:58.509,1.01556,1.01578,1.50,1.60
2012.07.26 14:54:58.846,1.01559,1.01582,1.50,1.60
2012.07.26 14:54:59.015,1.01559,1.01582,2.16,1.50
2012.07.26 14:54:59.330,1.01565,1.01587,1.50,1.60
2012.07.26 14:54:59.708,1.01557,1.0158,2.84,1.50
2012.07.26 14:54:59.769,1.01556,1.0158,2.16,1.60
2012.07.26 14:55:00.262,1.01554,1.01578,2.16,1.50
2012.07.26 14:55:00.376,1.01554,1.01578,2.16,1.60
2012.07.26 14:55:00.903,1.01551,1.01575,2.16,1.50
2012.07.26 14:55:01.135,1.01551,1.01575,2.16,1.60
2012.07.26 14:55:02.066,1.01551,1.01575,1.50,1.60
2012.07.26 14:55:02.289,1.01549,1.01573,3.00,1.60
2012.07.26 14:55:02.364,1.01552,1.01576,1.50,2.20
2012.07.26 14:55:02.912,1.01551,1.01573,1.50,1.60
2012.07.26 14:55:02.971,1.01551,1.01573,2.16,1.60
2012.07.26 14:55:03.490,1.01552,1.01576,1.50,2.20
2012.07.26 14:55:04.302,1.0155,1.01574,4.41,1.60
2012.07.26 14:55:05.519,1.0155,1.01574,2.16,2.35
2012.07.26 14:55:05.693,1.01546,1.0157,1.50,1.60
2012.07.26 14:55:05.861,1.01544,1.01568,2.16,1.60
2012.07.26 14:55:05.982,1.01547,1.01569,1.50,1.60
2012.07.26 14:55:06.332,1.01547,1.01569,1.50,1.60
2012.07.26 14:55:06.730,1.01546,1.01568,1.41,1.60
2012.07.26 14:55:07.065,1.01546,1.0157,1.50,1.60
2012.07.26 14:55:07.179,1.01546,1.01567,1.41,1.60
2012.07.26 14:55:07.401,1.01549,1.01571,1.50,1.60
2012.07.26 14:55:08.006,1.01542,1.01564,2.91,1.60
2012.07.26 14:55:08.545,1.01544,1.01566,1.50,3.10
2012.07.26 14:55:08.885,1.01544,1.01566,2.25,1.60
2012.07.26 14:55:08.999,1.01544,1.01566,2.16,1.50
2012.07.26 14:55:09.192,1.01544,1.01567,1.50,1.60
2012.07.26 14:55:09.730,1.01541,1.01563,1.88,1.60
2012.07.26 14:55:10.062,1.01541,1.01563,1.50,1.60
2012.07.26 14:55:10.422,1.01538,1.01561,2.16,3.00
2012.07.26 14:55:10.647,1.01537,1.01562,4.34,1.60
2012.07.26 14:55:11.202,1.01536,1.01559,2.16,1.50
2012.07.26 14:55:11.591,1.01536,1.01559,2.16,1.60
2012.07.26 14:55:12.143,1.01536,1.01559,1.50,1.60
2012.07.26 14:55:12.534,1.01539,1.01563,1.50,1.60
2012.07.26 14:55:12.726,1.01541,1.01563,1.41,1.60
2012.07.26 14:55:12.948,1.01538,1.01561,3.68,1.60
2012.07.26 14:55:13.281,1.01538,1.01561,1.50,1.60
2012.07.26 14:55:13.395,1.0154,1.01562,1.50,1.60
2012.07.26 14:55:13.730,1.01538,1.01561,1.50,1.60
2012.07.26 14:55:14.010,1.01536,1.01559,2.25,1.60
2012.07.26 14:55:14.522,1.01535,1.0156,2.16,1.60
2012.07.26 14:55:14.691,1.01534,1.01556,2.16,1.60
2012.07.26 14:55:15.042,1.01531,1.01555,2.16,1.60
2012.07.26 14:55:15.355,1.01534,1.01559,1.50,1.60
2012.07.26 14:55:15.895,1.01534,1.01559,2.16,1.60
2012.07.26 14:55:16.009,1.01537,1.01559,1.41,1.50
2012.07.26 14:55:16.312,1.01538,1.01561,2.16,1.97
2012.07.26 14:55:16.569,1.01538,1.01563,1.50,1.97
2012.07.26 14:55:17.142,1.01535,1.0156,2.91,1.60
2012.07.26 14:55:17.743,1.01537,1.01559,1.41,1.50
2012.07.26 14:55:18.075,1.01535,1.01558,1.50,1.60
2012.07.26 14:55:18.189,1.01535,1.01558,2.16,1.60
2012.07.26 14:55:18.334,1.01535,1.01556,1.41,1.60
2012.07.26 14:55:20.806,1.01535,1.01559,1.41,1.97
2012.07.26 14:55:20.865,1.01534,1.01559,2.16,1.97
2012.07.26 14:55:20.926,1.01534,1.01557,2.16,1.97
2012.07.26 14:55:21.266,1.01534,1.01557,1.50,1.97
2012.07.26 14:55:21.536,1.01532,1.01554,1.50,1.60
2012.07.26 14:55:21.596,1.01526,1.01549,1.41,1.60
2012.07.26 14:55:21.981,1.01528,1.0155,1.50,1.60
2012.07.26 14:55:22.341,1.01525,1.01548,2.91,1.60
2012.07.26 14:55:22.421,1.01525,1.01548,2.91,1.60
2012.07.26 14:55:22.654,1.01522,1.01545,2.91,1.50
2012.07.26 14:55:22.998,1.01525,1.01549,2.25,3.10
2012.07.26 14:55:23.515,1.01525,1.01549,2.91,1.60
2012.07.26 14:55:24.301,1.01523,1.01547,2.16,1.60
2012.07.26 14:55:24.734,1.01525,1.01549,2.91,1.60
2012.07.26 14:55:24.848,1.01525,1.01549,2.16,1.60
2012.07.26 14:55:25.222,1.01524,1.01545,1.41,1.50
2012.07.26 14:55:26.923,1.01525,1.01546,1.41,1.50
2012.07.26 14:55:27.703,1.01525,1.01549,2.91,1.60
2012.07.26 14:55:28.257,1.01525,1.01549,2.91,3.47
2012.07.26 14:55:28.480,1.01523,1.01547,1.50,1.97
2012.07.26 14:55:28.834,1.01525,1.01549,1.50,1.97
2012.07.26 14:55:28.894,1.01525,1.01549,2.91,1.97
2012.07.26 14:55:30.999,1.01527,1.01549,1.41,1.60
2012.07.26 14:55:31.113,1.01527,1.01549,1.41,1.60
2012.07.26 14:55:32.646,1.01528,1.01549,2.16,1.50
2012.07.26 14:55:32.706,1.0153,1.01552,2.16,1.60
2012.07.26 14:55:33.227,1.01528,1.0155,2.16,1.50
2012.07.26 14:55:33.286,1.01528,1.0155,1.50,1.60
2012.07.26 14:55:33.489,1.01526,1.01548,2.16,1.60
2012.07.26 14:55:33.947,1.01526,1.01548,1.50,1.60
2012.07.26 14:55:35.321,1.01528,1.0155,1.50,1.60
2012.07.26 14:55:35.435,1.01525,1.01549,2.16,1.60
2012.07.26 14:55:36.083,1.01525,1.01549,1.50,1.60
2012.07.26 14:55:36.888,1.01524,1.01546,3.66,1.60
2012.07.26 14:55:37.184,1.01522,1.01544,2.91,1.50
2012.07.26 14:55:37.402,1.01524,1.01547,2.16,1.60
2012.07.26 14:55:37.516,1.01522,1.01544,2.91,1.50
2012.07.26 14:55:37.911,1.01524,1.01546,2.16,1.60
2012.07.26 14:55:38.025,1.01524,1.01546,1.50,1.60
2012.07.26 14:55:38.758,1.01523,1.01545,1.50,1.60
2012.07.26 14:55:39.029,1.01523,1.01545,2.16,1.60
2012.07.26 14:55:42.182,1.01522,1.01547,2.16,2.20
2012.07.26 14:55:42.516,1.0152,1.01539,1.50,1.50
2012.07.26 14:55:42.575,1.0152,1.01541,1.50,1.60
2012.07.26 14:55:42.688,1.01517,1.0154,5.09,1.60
2012.07.26 14:55:42.802,1.0152,1.01542,1.50,1.97
2012.07.26 14:55:43.163,1.0152,1.01542,1.50,1.97
2012.07.26 14:55:43.656,1.01518,1.0154,1.50,3.10
2012.07.26 14:55:43.715,1.01514,1.01538,2.16,1.60
2012.07.26 14:55:44.300,1.01514,1.01538,2.91,1.60
2012.07.26 14:55:44.660,1.01521,1.01543,1.50,1.97
2012.07.26 14:55:44.720,1.01521,1.01543,1.50,1.97
2012.07.26 14:55:45.048,1.0152,1.01542,1.50,1.60
2012.07.26 14:55:45.162,1.01519,1.01543,2.16,1.60
2012.07.26 14:55:45.384,1.01521,1.01545,1.50,3.10
2012.07.26 14:55:45.768,1.01521,1.01545,1.50,3.10
2012.07.26 14:55:46.361,1.01519,1.01543,3.66,1.60
2012.07.26 14:55:47.050,1.01521,1.01545,2.91,1.60
2012.07.26 14:55:48.225,1.01521,1.01543,2.91,1.60
2012.07.26 14:55:48.572,1.01518,1.01542,2.16,1.60
2012.07.26 14:55:48.687,1.01517,1.01538,1.41,1.50
2012.07.26 14:55:49.017,1.01521,1.01543,1.50,1.60
2012.07.26 14:55:49.357,1.01521,1.01543,1.50,1.60
2012.07.26 14:55:49.697,1.01518,1.01542,2.16,1.60
2012.07.26 14:55:50.212,1.01517,1.01539,2.91,1.60
2012.07.26 14:55:54.142,1.01517,1.0154,1.41,1.50
2012.07.26 14:55:54.421,1.01523,1.01546,2.16,1.60
2012.07.26 14:55:55.072,1.01526,1.0155,2.25,2.20
2012.07.26 14:55:55.138,1.01525,1.01547,1.50,1.60
2012.07.26 14:55:55.309,1.01525,1.01547,1.50,1.60
2012.07.26 14:55:55.428,1.01523,1.01542,1.50,1.60
2012.07.26 14:55:55.543,1.0152,1.01542,1.50,1.60
2012.07.26 14:55:55.658,1.01522,1.01544,1.50,1.60
2012.07.26 14:55:55.834,1.01519,1.0154,1.50,1.60
2012.07.26 14:55:55.947,1.01519,1.01541,1.50,1.60
2012.07.26 14:55:56.061,1.01515,1.01537,2.16,1.60
2012.07.26 14:55:56.175,1.01517,1.01539,1.50,1.60
2012.07.26 14:55:56.504,1.01518,1.01539,2.84,1.50
2012.07.26 14:55:56.728,1.01519,1.01543,2.16,1.60
2012.07.26 14:55:57.328,1.0152,1.01544,2.16,1.60
2012.07.26 14:55:57.391,1.0152,1.01544,2.16,1.60
2012.07.26 14:55:59.522,1.01518,1.0154,4.34,1.50
2012.07.26 14:56:00.434,1.01518,1.0154,3.68,1.60
2012.07.26 14:56:00.767,1.01517,1.01538,1.41,1.60
2012.07.26 14:56:01.726,1.01518,1.0154,1.50,1.60
2012.07.26 14:56:01.786,1.01518,1.01542,1.50,1.60
2012.07.26 14:56:03.003,1.01518,1.01542,2.16,1.50
2012.07.26 14:56:03.526,1.01521,1.01543,2.16,1.60
2012.07.26 14:56:03.912,1.01524,1.01546,1.50,1.60
2012.07.26 14:56:05.655,1.01521,1.01545,4.41,1.60
2012.07.26 14:56:07.093,1.01519,1.01543,2.91,1.60
2012.07.26 14:56:07.419,1.01519,1.01543,1.50,1.60
2012.07.26 14:56:07.534,1.01517,1.01539,4.34,1.60
2012.07.26 14:56:07.704,1.01518,1.01539,2.16,1.50
2012.07.26 14:56:08.120,1.01521,1.01543,2.16,1.60
2012.07.26 14:56:08.622,1.01519,1.01542,2.16,1.60
2012.07.26 14:56:09.202,1.01519,1.01543,1.50,1.60
2012.07.26 14:56:09.373,1.01519,1.01543,2.16,1.60
2012.07.26 14:56:10.128,1.01519,1.0154,2.16,1.60
2012.07.26 14:56:10.512,1.01516,1.01538,2.16,3.10
2012.07.26 14:56:10.858,1.01512,1.01534,2.16,1.60
2012.07.26 14:56:12.061,1.01512,1.01534,1.50,1.60
2012.07.26 14:56:15.315,1.01512,1.01534,1.50,1.60
2012.07.26 14:56:15.849,1.01507,1.01531,2.25,1.60
2012.07.26 14:56:16.742,1.01508,1.01531,1.50,1.97
2012.07.26 14:56:16.802,1.01508,1.01531,2.18,1.97
2012.07.26 14:56:17.112,1.01508,1.0153,3.68,1.60
2012.07.26 14:56:17.447,1.01508,1.0153,1.50,1.60
2012.07.26 14:56:17.671,1.01504,1.01528,2.91,1.60
2012.07.26 14:56:17.731,1.01506,1.01528,1.41,1.50
2012.07.26 14:56:17.956,1.01507,1.01531,1.50,1.60
2012.07.26 14:56:18.128,1.01504,1.01528,2.16,1.60
2012.07.26 14:56:18.695,1.01503,1.01525,1.50,2.20
2012.07.26 14:56:18.863,1.01501,1.01523,2.91,1.60
2012.07.26 14:56:18.923,1.01501,1.01523,2.91,1.60
2012.07.26 14:56:19.863,1.01502,1.01526,2.16,1.60
2012.07.26 14:56:21.016,1.01501,1.01523,2.91,1.50
2012.07.26 14:56:21.734,1.01503,1.01525,1.50,1.60
2012.07.26 14:56:21.959,1.01505,1.01527,2.16,1.97
2012.07.26 14:56:22.073,1.01508,1.01527,2.18,1.97
2012.07.26 14:56:22.188,1.01503,1.01525,3.00,1.60
2012.07.26 14:56:22.695,1.01503,1.01527,1.50,1.97
2012.07.26 14:56:23.437,1.01502,1.01524,1.50,1.60
2012.07.26 14:56:24.536,1.01504,1.01526,1.50,2.20
2012.07.26 14:56:24.867,1.01503,1.01525,2.16,1.50
2012.07.26 14:56:25.466,1.01506,1.01528,1.41,1.60
2012.07.26 14:56:25.798,1.01508,1.0153,1.50,1.60
2012.07.26 14:56:26.100,1.01506,1.01529,1.41,1.60
2012.07.26 14:56:26.702,1.01507,1.0153,1.50,1.60
2012.07.26 14:56:27.312,1.01504,1.01529,1.50,1.60
2012.07.26 14:56:27.914,1.01503,1.01526,1.50,1.60
2012.07.26 14:56:31.757,1.01503,1.01526,1.50,3.10
2012.07.26 14:56:32.295,1.01504,1.01526,1.50,1.97
2012.07.26 14:56:32.477,1.01504,1.01526,1.50,1.60
2012.07.26 14:56:33.011,1.01505,1.01529,1.50,1.60
2012.07.26 14:56:33.726,1.01503,1.01527,1.50,1.97
2012.07.26 14:56:33.841,1.01503,1.01527,1.50,2.57
2012.07.26 14:56:34.015,1.01503,1.01521,1.50,1.60
2012.07.26 14:56:34.133,1.01497,1.01519,1.50,1.60
2012.07.26 14:56:34.522,1.01499,1.01521,1.50,3.10
2012.07.26 14:56:34.584,1.01499,1.01521,2.16,1.50
2012.07.26 14:56:35.024,1.01501,1.01521,1.41,1.50
2012.07.26 14:56:35.192,1.01508,1.01524,2.18,1.50
2012.07.26 14:56:35.400,1.01508,1.01526,2.18,1.60
2012.07.26 14:56:35.460,1.01508,1.01521,2.18,1.50
2012.07.26 14:56:35.792,1.01508,1.01524,2.18,1.50
2012.07.26 14:56:35.918,1.01508,1.01526,2.18,1.60
2012.07.26 14:56:36.165,1.01508,1.01522,2.18,1.50
2012.07.26 14:56:36.498,1.01506,1.01522,1.41,1.50
2012.07.26 14:56:36.842,1.01506,1.01527,1.41,1.60
2012.07.26 14:56:37.252,1.01507,1.01524,2.84,1.50
2012.07.26 14:56:37.367,1.01507,1.01526,2.84,1.50
2012.07.26 14:56:38.062,1.01507,1.01525,2.84,1.50
2012.07.26 14:56:38.287,1.015,1.01523,2.16,1.50
2012.07.26 14:56:38.799,1.01502,1.01525,1.41,1.60
2012.07.26 14:56:39.190,1.01501,1.01525,1.50,1.60
2012.07.26 14:56:39.365,1.01501,1.01525,2.16,1.60
2012.07.26 14:56:41.701,1.01501,1.01523,2.91,1.50
2012.07.26 14:56:41.877,1.01503,1.01525,2.16,1.50
2012.07.26 14:56:41.937,1.01503,1.01527,2.16,1.50
2012.07.26 14:56:42.157,1.01508,1.01526,2.18,1.60
2012.07.26 14:56:42.216,1.01504,1.01526,1.50,1.60
2012.07.26 14:56:42.492,1.01502,1.01526,2.16,1.60
2012.07.26 14:56:42.606,1.01504,1.01527,1.50,1.60
2012.07.26 14:56:42.938,1.0151,1.01528,1.50,2.35
2012.07.26 14:56:43.310,1.0151,1.01532,1.50,1.97
2012.07.26 14:56:43.377,1.01504,1.01526,1.50,1.60
2012.07.26 14:56:44.034,1.01503,1.01527,2.16,1.97
2012.07.26 14:56:45.480,1.01503,1.01527,1.50,1.60
2012.07.26 14:56:45.737,1.015,1.01523,1.50,1.60
2012.07.26 14:56:46.514,1.01508,1.01523,2.18,1.60
2012.07.26 14:56:46.574,1.01508,1.01522,2.18,1.50
2012.07.26 14:56:46.689,1.01508,1.01528,2.18,3.10
2012.07.26 14:56:46.993,1.01508,1.01528,2.18,1.60
2012.07.26 14:56:47.053,1.01503,1.01527,2.16,1.60
2012.07.26 14:56:47.267,1.01507,1.01527,2.84,1.50
2012.07.26 14:56:47.380,1.01507,1.01527,2.18,1.60
2012.07.26 14:56:47.610,1.01505,1.01527,1.50,1.60
2012.07.26 14:56:47.669,1.01505,1.01527,1.50,1.60
2012.07.26 14:56:47.730,1.01503,1.01525,1.50,1.60
2012.07.26 14:56:47.964,1.015,1.01524,2.16,1.60
2012.07.26 14:56:50.556,1.01501,1.01524,1.50,1.60
2012.07.26 14:56:50.615,1.01503,1.01525,1.50,1.60
2012.07.26 14:56:50.821,1.01503,1.01525,2.16,1.60
2012.07.26 14:56:51.671,1.01502,1.01526,2.16,1.60
2012.07.26 14:56:53.097,1.01505,1.01527,1.50,1.60
2012.07.26 14:56:55.178,1.01503,1.01525,2.16,1.50
2012.07.26 14:56:55.817,1.01505,1.01527,1.50,1.60
2012.07.26 14:56:57.453,1.01505,1.01527,2.16,1.60
2012.07.26 14:56:57.793,1.01507,1.01529,1.50,3.10
2012.07.26 14:56:58.125,1.01513,1.01537,1.50,1.97
2012.07.26 14:56:58.238,1.01513,1.01533,1.50,1.22
2012.07.26 14:56:58.515,1.01506,1.01528,2.16,1.50
2012.07.26 14:56:58.710,1.01509,1.01529,1.50,1.60
2012.07.26 14:56:59.414,1.01508,1.0153,1.50,1.60
2012.07.26 14:57:00.046,1.01504,1.01528,2.16,1.50
2012.07.26 14:57:00.665,1.01506,1.0153,2.16,1.60
2012.07.26 14:57:01.940,1.01506,1.0153,1.50,1.60
2012.07.26 14:57:02.119,1.01504,1.01528,2.16,2.35
2012.07.26 14:57:02.361,1.01504,1.01528,2.16,2.25
2012.07.26 14:57:02.964,1.01507,1.01531,2.16,1.60
2012.07.26 14:57:03.025,1.01509,1.01533,1.50,3.47
2012.07.26 14:57:03.348,1.01509,1.01533,1.50,1.97
2012.07.26 14:57:03.479,1.01507,1.01529,1.50,1.60
2012.07.26 14:57:04.237,1.01507,1.01529,1.50,1.60
2012.07.26 14:57:04.479,1.01504,1.01528,1.50,1.60
2012.07.26 14:57:05.808,1.01504,1.01528,1.50,1.97
2012.07.26 14:57:05.923,1.01504,1.01528,1.50,1.97
2012.07.26 14:57:06.094,1.01502,1.01524,1.50,1.60
2012.07.26 14:57:06.155,1.01501,1.01524,1.41,1.60
2012.07.26 14:57:06.324,1.01503,1.01524,2.16,2.20
2012.07.26 14:57:06.799,1.01506,1.0153,2.25,1.97
2012.07.26 14:57:07.396,1.01507,1.01529,1.50,1.60
2012.07.26 14:57:08.744,1.01507,1.01529,1.50,1.60
2012.07.26 14:57:09.818,1.01503,1.01527,2.16,1.60
2012.07.26 14:57:10.258,1.01501,1.01523,1.21,1.50
2012.07.26 14:57:10.810,1.015,1.01523,1.21,1.60
2012.07.26 14:57:11.436,1.01505,1.01526,2.25,1.60
2012.07.26 14:57:11.551,1.01509,1.01531,2.16,1.60
2012.07.26 14:57:11.907,1.01511,1.01533,1.50,3.10
2012.07.26 14:57:12.817,1.0151,1.01534,1.50,3.10
2012.07.26 14:57:13.147,1.01509,1.01531,1.50,1.60
2012.07.26 14:57:13.697,1.01508,1.01532,1.50,3.10
2012.07.26 14:57:14.242,1.01508,1.01532,1.50,1.60
2012.07.26 14:57:14.516,1.01506,1.0153,3.00,1.60
2012.07.26 14:57:15.265,1.01506,1.0153,1.50,2.35
2012.07.26 14:57:15.524,1.01501,1.01524,1.41,1.50
2012.07.26 14:57:15.764,1.015,1.01524,2.91,1.60
2012.07.26 14:57:16.188,1.01504,1.01526,1.50,1.60
2012.07.26 14:57:16.717,1.01504,1.01526,1.50,1.60
2012.07.26 14:57:17.882,1.01504,1.01526,1.50,1.60
2012.07.26 14:57:18.411,1.01503,1.01527,1.50,1.60
2012.07.26 14:57:19.115,1.01503,1.01527,1.50,1.60
2012.07.26 14:57:19.447,1.01503,1.01526,1.50,2.20
2012.07.26 14:57:19.892,1.01502,1.01524,1.50,2.35
2012.07.26 14:57:20.224,1.01497,1.01521,1.50,1.60
2012.07.26 14:57:20.639,1.01496,1.01518,2.91,1.60
2012.07.26 14:57:20.982,1.01498,1.01522,3.68,1.60
2012.07.26 14:57:21.307,1.015,1.01524,1.50,1.60
2012.07.26 14:57:22.384,1.01499,1.01522,1.50,1.60
2012.07.26 14:57:22.694,1.01498,1.01522,4.34,1.60
2012.07.26 14:57:22.753,1.01499,1.01522,1.41,1.60
2012.07.26 14:57:23.056,1.01503,1.01525,1.50,1.60
2012.07.26 14:57:23.278,1.01501,1.01523,2.25,1.60
2012.07.26 14:57:23.853,1.01503,1.01525,1.50,1.60
2012.07.26 14:57:24.219,1.01503,1.01525,1.50,1.60
2012.07.26 14:57:24.441,1.01503,1.01525,1.50,1.60
2012.07.26 14:57:26.394,1.01505,1.01527,1.50,1.97
2012.07.26 14:57:26.510,1.01507,1.0153,2.18,1.60
2012.07.26 14:57:27.372,1.01509,1.01533,1.50,1.97
2012.07.26 14:57:28.357,1.01508,1.0153,1.50,1.60
2012.07.26 14:57:28.894,1.01508,1.0153,1.50,1.60
2012.07.26 14:57:29.564,1.01509,1.01532,1.50,1.97
2012.07.26 14:57:29.731,1.01509,1.01532,2.16,1.97
2012.07.26 14:57:30.020,1.01512,1.01536,4.41,1.97
2012.07.26 14:57:30.340,1.0151,1.01532,1.50,1.60
2012.07.26 14:57:30.400,1.0151,1.01532,1.50,1.60
2012.07.26 14:57:30.697,1.01517,1.01532,2.18,3.10
2012.07.26 14:57:30.760,1.01508,1.0153,1.50,1.60
2012.07.26 14:57:30.877,1.01511,1.01532,1.50,1.60
2012.07.26 14:57:31.209,1.01511,1.01533,1.50,2.20
2012.07.26 14:57:31.594,1.01509,1.01531,1.50,1.60
2012.07.26 14:57:31.707,1.01509,1.01531,2.25,1.60
2012.07.26 14:57:31.767,1.0151,1.01531,1.41,1.60
2012.07.26 14:57:31.989,1.01514,1.01536,1.50,3.47
2012.07.26 14:57:32.103,1.01511,1.01535,3.75,1.60
2012.07.26 14:57:32.643,1.01511,1.01535,2.25,1.60
2012.07.26 14:57:32.767,1.01511,1.01535,2.25,1.60
2012.07.26 14:57:32.936,1.01514,1.01536,1.50,1.60
2012.07.26 14:57:32.996,1.01514,1.01536,1.50,1.60
2012.07.26 14:57:33.526,1.01513,1.01537,2.16,1.60
2012.07.26 14:57:33.694,1.01516,1.01538,1.50,3.10
2012.07.26 14:57:34.670,1.01516,1.01538,1.50,1.60
2012.07.26 14:57:34.784,1.01514,1.01534,1.50,1.60
2012.07.26 14:57:34.870,1.0151,1.01534,2.16,1.60
2012.07.26 14:57:38.684,1.0151,1.01534,2.16,1.60
2012.07.26 14:57:38.976,1.0151,1.01534,2.91,1.60
2012.07.26 14:57:39.064,1.0151,1.01534,2.16,1.60
2012.07.26 14:57:39.183,1.0151,1.01534,2.91,1.60
2012.07.26 14:57:40.523,1.01513,1.01537,1.50,1.97
2012.07.26 14:57:40.743,1.01513,1.01537,1.50,1.97
2012.07.26 14:57:41.018,1.01513,1.01537,1.50,1.97
2012.07.26 14:57:41.578,1.01513,1.01537,1.50,1.97
2012.07.26 14:57:41.908,1.0151,1.01534,2.25,1.60
2012.07.26 14:57:41.968,1.0151,1.01534,1.50,1.60
2012.07.26 14:57:42.583,1.01509,1.01533,1.50,1.97
2012.07.26 14:57:44.529,1.01508,1.0153,3.68,1.60
2012.07.26 14:57:45.804,1.01509,1.01531,1.50,1.60
2012.07.26 14:57:46.310,1.0151,1.01534,1.50,1.60
2012.07.26 14:57:46.424,1.01508,1.01532,3.00,1.60
2012.07.26 14:57:47.715,1.01509,1.01532,1.50,1.60
2012.07.26 14:57:47.822,1.01511,1.01533,1.50,1.60
2012.07.26 14:57:48.099,1.01507,1.01529,4.43,1.60
2012.07.26 14:57:49.130,1.01507,1.01529,4.34,1.60
2012.07.26 14:57:49.844,1.01507,1.01529,3.68,1.60
2012.07.26 14:57:50.243,1.0151,1.01532,1.50,3.47
2012.07.26 14:57:50.557,1.0151,1.01532,1.50,1.97
2012.07.26 14:57:50.671,1.01511,1.01532,1.41,1.50
2012.07.26 14:57:50.844,1.01517,1.01535,1.50,1.50
2012.07.26 14:57:51.385,1.01518,1.01541,2.18,1.97
2012.07.26 14:57:52.092,1.01518,1.01538,2.18,1.60
2012.07.26 14:57:52.207,1.01513,1.01536,1.50,1.60
2012.07.26 14:57:52.375,1.01516,1.01538,1.50,1.60
2012.07.26 14:57:52.501,1.01516,1.0154,1.50,1.60
2012.07.26 14:57:52.727,1.01517,1.01539,2.16,1.60
2012.07.26 14:57:53.110,1.01513,1.01538,2.16,1.60
2012.07.26 14:57:53.384,1.01517,1.01538,2.18,1.60
2012.07.26 14:57:53.448,1.01513,1.01538,2.16,1.60
2012.07.26 14:57:53.803,1.01516,1.01538,1.50,1.60
2012.07.26 14:57:54.316,1.01516,1.01538,1.50,1.60
2012.07.26 14:57:54.506,1.01514,1.01537,1.50,3.10
2012.07.26 14:57:55.058,1.01511,1.01536,2.16,1.60
2012.07.26 14:57:55.227,1.01512,1.01534,2.16,1.60
2012.07.26 14:57:55.286,1.01512,1.01534,2.16,1.60
2012.07.26 14:57:55.453,1.01512,1.01534,2.16,1.60
2012.07.26 14:57:55.609,1.01515,1.01538,1.50,1.60
2012.07.26 14:57:55.670,1.01511,1.01536,2.91,1.60
2012.07.26 14:57:56.228,1.01511,1.01536,2.91,1.60
2012.07.26 14:57:56.796,1.01514,1.01537,1.50,1.97
2012.07.26 14:57:57.297,1.01516,1.01538,1.50,1.97
2012.07.26 14:57:57.357,1.01516,1.01538,2.16,1.97
2012.07.26 14:57:57.725,1.01519,1.01541,1.50,1.97
2012.07.26 14:57:59.163,1.01515,1.01539,2.16,1.60
2012.07.26 14:57:59.223,1.01515,1.01539,1.50,1.60
2012.07.26 14:57:59.285,1.01512,1.01534,1.50,1.60
2012.07.26 14:57:59.346,1.01514,1.01536,1.50,1.60
2012.07.26 14:57:59.732,1.01514,1.01536,1.50,1.97
2012.07.26 14:58:00.255,1.01514,1.01536,1.50,1.60
2012.07.26 14:58:00.369,1.01509,1.0153,1.41,1.50
2012.07.26 14:58:00.646,1.01511,1.01533,2.25,1.60
2012.07.26 14:58:01.035,1.01512,1.01537,2.91,1.97
2012.07.26 14:58:01.095,1.01512,1.01537,2.91,1.60
2012.07.26 14:58:01.265,1.01512,1.01534,1.50,1.60
2012.07.26 14:58:01.724,1.01515,1.01535,1.50,1.07
2012.07.26 14:58:01.864,1.01512,1.01535,1.50,1.07
2012.07.26 14:58:02.408,1.01513,1.01535,1.50,2.20
2012.07.26 14:58:02.965,1.0151,1.01534,2.25,1.60
2012.07.26 14:58:03.026,1.0151,1.01534,2.25,1.60
2012.07.26 14:58:03.534,1.01511,1.01533,2.25,1.60
2012.07.26 14:58:04.044,1.01513,1.01535,1.50,2.20
2012.07.26 14:58:05.145,1.01515,1.01537,1.50,2.57
2012.07.26 14:58:05.421,1.01513,1.01535,1.50,2.20
2012.07.26 14:58:05.576,1.01511,1.01533,2.25,1.60
2012.07.26 14:58:06.158,1.01515,1.01536,1.50,1.07
2012.07.26 14:58:06.401,1.01513,1.01535,1.50,3.70
2012.07.26 14:58:06.461,1.01513,1.01535,1.50,3.70
2012.07.26 14:58:06.717,1.01508,1.01528,2.18,1.60
2012.07.26 14:58:07.887,1.01508,1.01531,2.18,1.60
2012.07.26 14:58:08.350,1.01505,1.01529,1.50,1.60
2012.07.26 14:58:08.451,1.01505,1.01529,1.50,1.60
2012.07.26 14:58:08.977,1.01503,1.01527,3.66,1.60
2012.07.26 14:58:09.626,1.01502,1.01525,1.50,1.60
2012.07.26 14:58:09.794,1.01504,1.01526,1.50,1.60
2012.07.26 14:58:10.227,1.01506,1.01528,1.50,1.60
2012.07.26 14:58:10.326,1.01506,1.01528,1.50,1.60
2012.07.26 14:58:10.602,1.01508,1.01528,2.18,1.60
2012.07.26 14:58:10.721,1.01506,1.01528,1.50,1.60
2012.07.26 14:58:10.780,1.01503,1.01525,2.16,1.50
2012.07.26 14:58:11.188,1.01508,1.01525,2.18,1.50
2012.07.26 14:58:11.248,1.01508,1.01527,2.18,1.60
2012.07.26 14:58:12.966,1.01508,1.01529,2.18,1.60
2012.07.26 14:58:13.134,1.01503,1.01527,1.50,1.60
2012.07.26 14:58:13.194,1.01502,1.01525,1.50,1.60
2012.07.26 14:58:13.495,1.01501,1.01525,2.16,1.60
2012.07.26 14:58:14.146,1.01503,1.01525,1.50,1.60
2012.07.26 14:58:14.206,1.01503,1.01525,2.16,1.50
2012.07.26 14:58:14.432,1.01508,1.01532,4.34,1.60
2012.07.26 14:58:14.933,1.01508,1.01529,2.84,1.60
2012.07.26 14:58:15.269,1.01508,1.01529,2.18,1.60
2012.07.26 14:58:15.787,1.01504,1.01527,3.00,1.60
2012.07.26 14:58:15.927,1.01501,1.01524,2.16,1.60
2012.07.26 14:58:21.192,1.01502,1.01524,1.41,1.60
2012.07.26 14:58:21.305,1.01502,1.01524,1.41,1.60
2012.07.26 14:58:21.473,1.01507,1.01524,2.18,1.60
2012.07.26 14:58:21.789,1.015,1.01524,2.16,1.60
2012.07.26 14:58:22.184,1.01504,1.01526,1.50,3.10
2012.07.26 14:58:22.510,1.01502,1.01522,1.50,1.97
2012.07.26 14:58:22.624,1.01498,1.0152,4.34,1.60
2012.07.26 14:58:22.683,1.01498,1.0152,4.34,1.50
2012.07.26 14:58:22.814,1.015,1.01522,2.16,1.97
2012.07.26 14:58:23.375,1.01504,1.01525,1.50,1.97
2012.07.26 14:58:23.599,1.01501,1.01524,2.16,1.60
2012.07.26 14:58:24.258,1.015,1.01524,2.16,1.60
2012.07.26 14:58:24.537,1.01497,1.01518,2.84,1.50
2012.07.26 14:58:24.597,1.01497,1.01518,2.18,3.10
2012.07.26 14:58:24.928,1.01493,1.01515,2.16,1.60
2012.07.26 14:58:25.043,1.01493,1.01517,2.16,1.60
2012.07.26 14:58:25.103,1.01497,1.01517,2.18,1.60
2012.07.26 14:58:25.439,1.01507,1.01519,2.18,1.50
2012.07.26 14:58:25.553,1.01507,1.01521,2.18,3.00
2012.07.26 14:58:25.667,1.01507,1.01521,2.18,1.60
2012.07.26 14:58:25.790,1.01499,1.01521,1.50,1.60
2012.07.26 14:58:26.301,1.01502,1.01526,1.50,2.20
2012.07.26 14:58:26.472,1.015,1.01521,1.50,1.60
2012.07.26 14:58:27.012,1.01498,1.01519,2.18,1.60
2012.07.26 14:58:27.980,1.01497,1.01519,2.16,1.60
2012.07.26 14:58:28.797,1.01497,1.01519,1.50,1.60
2012.07.26 14:58:29.197,1.01497,1.01519,1.50,1.60
2012.07.26 14:58:29.486,1.01497,1.01519,4.34,1.60
2012.07.26 14:58:29.784,1.015,1.01523,1.50,1.97
2012.07.26 14:58:30.591,1.015,1.01522,1.50,1.97
2012.07.26 14:58:30.651,1.01497,1.0152,2.84,1.60
2012.07.26 14:58:32.327,1.01497,1.0152,3.59,1.50
2012.07.26 14:58:32.661,1.01499,1.01522,2.16,1.50
2012.07.26 14:58:32.938,1.01507,1.01524,2.18,1.60
2012.07.26 14:58:33.182,1.01507,1.01526,2.18,3.47
2012.07.26 14:58:33.750,1.01507,1.01524,2.18,1.60
2012.07.26 14:58:33.809,1.015,1.01524,2.16,1.60
2012.07.26 14:58:34.427,1.01504,1.01526,2.16,3.10
2012.07.26 14:58:36.850,1.01501,1.01525,2.91,1.50
2012.07.26 14:58:37.158,1.01508,1.01527,2.18,1.60
2012.07.26 14:58:37.725,1.01507,1.01531,3.68,1.60
2012.07.26 14:58:38.002,1.0151,1.01532,2.16,1.60
2012.07.26 14:58:38.371,1.01512,1.01534,1.50,3.10
2012.07.26 14:58:38.595,1.01509,1.01533,2.16,1.97
2012.07.26 14:58:38.655,1.01509,1.01531,1.50,1.60
2012.07.26 14:58:38.715,1.01507,1.01528,2.84,1.60
2012.07.26 14:58:39.317,1.01507,1.01529,3.68,1.60
2012.07.26 14:58:39.958,1.01507,1.01529,3.68,1.60
2012.07.26 14:58:40.187,1.01504,1.01526,2.16,1.60
2012.07.26 14:58:40.732,1.01501,1.01525,2.16,1.60
2012.07.26 14:58:41.215,1.01501,1.01525,2.16,1.50
2012.07.26 14:58:41.754,1.01507,1.01528,2.18,1.60
2012.07.26 14:58:43.253,1.01506,1.01528,2.16,1.60
2012.07.26 14:58:43.806,1.01506,1.01528,2.16,1.60
2012.07.26 14:58:43.866,1.01508,1.01528,2.18,1.60
2012.07.26 14:58:44.387,1.01506,1.0153,1.50,1.60
2012.07.26 14:58:45.134,1.01505,1.01527,2.16,1.60
2012.07.26 14:58:45.466,1.01508,1.01527,2.84,1.50
2012.07.26 14:58:45.799,1.01501,1.01523,2.16,1.60
2012.07.26 14:58:46.430,1.01506,1.0153,1.50,1.97
2012.07.26 14:58:46.490,1.01506,1.0153,2.16,1.97
2012.07.26 14:58:46.919,1.01505,1.0153,4.41,1.60
2012.07.26 14:58:47.090,1.01501,1.01523,1.50,1.60
2012.07.26 14:58:47.863,1.015,1.01522,2.16,1.60
2012.07.26 14:58:48.377,1.01499,1.01521,2.54,1.50
2012.07.26 14:58:48.948,1.01499,1.01521,2.54,1.50
2012.07.26 14:58:49.008,1.015,1.01524,2.16,1.60
2012.07.26 14:58:49.889,1.01502,1.01526,1.50,3.10
2012.07.26 14:58:50.534,1.015,1.01524,2.16,1.60
2012.07.26 14:58:51.145,1.01502,1.01524,2.16,1.50
2012.07.26 14:58:51.560,1.01501,1.01523,2.16,1.50
2012.07.26 14:58:51.956,1.01502,1.01526,2.16,3.00
2012.07.26 14:58:53.568,1.01505,1.01527,2.16,1.60
2012.07.26 14:58:53.628,1.01505,1.01527,1.50,1.60
2012.07.26 14:58:54.036,1.01502,1.01524,1.41,1.60
2012.07.26 14:58:56.037,1.01503,1.01525,2.16,1.60
2012.07.26 14:58:56.206,1.015,1.01521,2.16,1.50
2012.07.26 14:58:56.320,1.01493,1.01517,1.88,1.60
2012.07.26 14:58:56.827,1.01493,1.01517,2.16,1.60
2012.07.26 14:58:57.163,1.01491,1.01514,2.16,1.50
2012.07.26 14:58:57.231,1.01493,1.01514,1.50,1.50
2012.07.26 14:58:57.335,1.01491,1.01514,2.16,1.50
2012.07.26 14:58:57.395,1.01495,1.01517,1.50,1.60
2012.07.26 14:58:58.276,1.01494,1.01518,1.50,1.60
2012.07.26 14:58:58.847,1.01495,1.01517,1.50,1.60
2012.07.26 14:58:59.709,1.01494,1.01518,1.50,1.60
2012.07.26 14:59:00.231,1.01493,1.01516,1.50,1.60
2012.07.26 14:59:00.770,1.01497,1.01517,2.18,1.50
2012.07.26 14:59:01.072,1.01494,1.01519,1.50,2.20
2012.07.26 14:59:01.547,1.01494,1.01518,2.16,1.50
2012.07.26 14:59:02.108,1.01495,1.0152,1.50,2.20
2012.07.26 14:59:02.562,1.01493,1.01516,2.16,1.50
2012.07.26 14:59:02.895,1.01492,1.01516,1.50,2.20
2012.07.26 14:59:03.226,1.01487,1.0151,2.84,1.50
2012.07.26 14:59:03.558,1.01487,1.0151,2.18,1.60
2012.07.26 14:59:03.730,1.01488,1.0151,1.50,1.50
2012.07.26 14:59:03.845,1.01487,1.01508,2.18,1.50
2012.07.26 14:59:03.959,1.01487,1.0151,2.18,1.60
2012.07.26 14:59:04.080,1.01489,1.01511,1.50,1.60
2012.07.26 14:59:04.303,1.01487,1.01509,3.68,1.50
2012.07.26 14:59:06.626,1.01487,1.01509,3.68,1.60
2012.07.26 14:59:07.407,1.01487,1.01509,3.68,1.60
2012.07.26 14:59:07.683,1.01484,1.01506,1.50,1.60
2012.07.26 14:59:07.980,1.01486,1.01508,1.50,1.60
2012.07.26 14:59:08.289,1.01486,1.01508,1.50,1.60
2012.07.26 14:59:08.807,1.01486,1.01508,1.50,1.60
2012.07.26 14:59:09.703,1.01486,1.01508,1.50,1.60
2012.07.26 14:59:10.538,1.01484,1.01506,1.50,1.50
2012.07.26 14:59:11.018,1.01481,1.01504,2.16,1.50
2012.07.26 14:59:11.359,1.01483,1.01505,1.50,1.50
2012.07.26 14:59:11.793,1.01487,1.01507,3.68,1.50
2012.07.26 14:59:11.853,1.01487,1.01511,3.68,3.10
2012.07.26 14:59:12.306,1.01489,1.01513,1.50,1.60
2012.07.26 14:59:12.421,1.01488,1.0151,4.34,1.50
2012.07.26 14:59:12.827,1.01488,1.01507,1.50,1.50
2012.07.26 14:59:12.888,1.01482,1.01506,2.16,1.50
2012.07.26 14:59:12.949,1.01482,1.01506,2.16,1.50
2012.07.26 14:59:14.995,1.01482,1.01506,2.16,1.50
2012.07.26 14:59:15.164,1.01486,1.0151,2.16,1.50
2012.07.26 14:59:15.673,1.01485,1.01507,2.16,1.50
2012.07.26 14:59:16.069,1.01487,1.01509,1.50,1.50
2012.07.26 14:59:16.589,1.01486,1.0151,2.16,1.50
2012.07.26 14:59:16.941,1.01485,1.01507,1.50,1.50
2012.07.26 14:59:17.004,1.01485,1.01509,2.16,1.50
2012.07.26 14:59:17.226,1.01487,1.01511,1.50,1.97
2012.07.26 14:59:17.393,1.01485,1.01509,3.66,1.50
2012.07.26 14:59:17.932,1.01487,1.0151,1.50,1.50
2012.07.26 14:59:18.264,1.01488,1.01511,2.18,1.60
2012.07.26 14:59:18.625,1.01488,1.01505,2.18,1.50
2012.07.26 14:59:18.792,1.01489,1.01511,1.50,1.60
2012.07.26 14:59:18.940,1.01489,1.01511,2.16,1.60
2012.07.26 14:59:19.523,1.01491,1.01513,2.16,1.97
2012.07.26 14:59:20.485,1.01493,1.01515,1.50,1.60
2012.07.26 14:59:20.581,1.01493,1.01515,2.16,1.50
2012.07.26 14:59:20.641,1.0149,1.01512,3.66,1.50
2012.07.26 14:59:20.755,1.01493,1.01515,2.16,1.60
2012.07.26 14:59:21.317,1.0149,1.01512,2.16,1.50
2012.07.26 14:59:21.820,1.0149,1.01512,2.16,1.50
2012.07.26 14:59:22.363,1.01493,1.01515,2.16,1.50
2012.07.26 14:59:22.892,1.01494,1.01516,2.16,1.97
2012.07.26 14:59:23.348,1.01491,1.01515,2.16,1.50
2012.07.26 14:59:23.569,1.01493,1.01516,2.16,1.50
2012.07.26 14:59:23.792,1.01493,1.01517,2.16,1.60
2012.07.26 14:59:24.125,1.01492,1.01514,2.16,1.50
2012.07.26 14:59:24.677,1.01492,1.01514,2.16,1.50
2012.07.26 14:59:25.021,1.01494,1.01516,1.50,1.60
2012.07.26 14:59:25.263,1.01491,1.01513,2.16,1.60
2012.07.26 14:59:25.540,1.01489,1.01511,2.16,1.50
2012.07.26 14:59:25.644,1.01491,1.01513,2.16,1.60
2012.07.26 14:59:25.938,1.01491,1.01513,2.16,1.50
2012.07.26 14:59:26.671,1.01494,1.01516,2.16,1.60
2012.07.26 14:59:26.730,1.01494,1.01516,1.50,1.60
2012.07.26 14:59:27.280,1.01491,1.01515,2.16,1.60
2012.07.26 14:59:27.784,1.01491,1.01515,1.50,1.60
2012.07.26 14:59:28.378,1.0149,1.01512,2.16,3.10
2012.07.26 14:59:28.655,1.01484,1.01509,2.16,1.60
2012.07.26 14:59:29.426,1.01483,1.01507,2.91,1.60
2012.07.26 14:59:29.906,1.01485,1.01507,2.16,1.50
2012.07.26 14:59:30.328,1.01485,1.01507,1.50,1.60
2012.07.26 14:59:30.388,1.01479,1.01503,2.16,1.60
2012.07.26 14:59:30.610,1.01479,1.01503,2.16,1.60
2012.07.26 14:59:30.889,1.01479,1.01502,2.16,1.60
2012.07.26 14:59:31.293,1.01478,1.01499,2.16,1.50
2012.07.26 14:59:31.762,1.01475,1.01499,2.16,1.50
2012.07.26 14:59:32.092,1.01476,1.01499,2.16,1.50
2012.07.26 14:59:32.649,1.01476,1.015,2.16,1.50
2012.07.26 14:59:32.829,1.01476,1.015,1.50,1.60
2012.07.26 14:59:33.159,1.01474,1.01498,2.16,1.60
2012.07.26 14:59:33.221,1.01474,1.01498,3.66,1.50
2012.07.26 14:59:33.572,1.01477,1.01499,2.16,2.10
2012.07.26 14:59:33.639,1.01471,1.01495,2.25,2.20
2012.07.26 14:59:33.754,1.01468,1.01491,1.04,1.50
2012.07.26 14:59:34.261,1.0147,1.01492,1.50,1.60
2012.07.26 14:59:34.592,1.0147,1.01491,1.50,2.57
2012.07.26 14:59:34.838,1.01461,1.01483,3.00,1.60
2012.07.26 14:59:34.951,1.01461,1.01483,1.50,1.60
2012.07.26 14:59:35.289,1.01458,1.01479,2.16,1.60
2012.07.26 14:59:35.512,1.01458,1.01482,1.50,1.50
2012.07.26 14:59:36.066,1.01459,1.01483,2.16,1.60
2012.07.26 14:59:36.188,1.01459,1.01483,2.16,1.50
2012.07.26 14:59:36.409,1.01459,1.01483,1.50,1.50
2012.07.26 14:59:36.522,1.01459,1.01483,1.50,1.60
2012.07.26 14:59:36.635,1.01457,1.01479,1.50,2.20
2012.07.26 14:59:36.752,1.01458,1.01482,1.50,2.20
2012.07.26 14:59:37.075,1.01458,1.0148,1.50,2.20
2012.07.26 14:59:37.134,1.01456,1.01478,1.50,2.20
2012.07.26 14:59:37.193,1.01456,1.01478,1.50,2.20
2012.07.26 14:59:37.494,1.01447,1.01471,1.50,1.60
2012.07.26 14:59:37.880,1.01447,1.01471,1.50,2.20
2012.07.26 14:59:37.942,1.01444,1.01468,2.05,1.60
2012.07.26 14:59:38.002,1.01444,1.01468,2.71,1.60
2012.07.26 14:59:38.062,1.01444,1.01466,1.21,1.50
2012.07.26 14:59:38.634,1.01442,1.01466,2.16,1.50
2012.07.26 14:59:38.967,1.0144,1.01452,1.50,2.10
2012.07.26 14:59:39.081,1.0144,1.01457,1.50,2.20
2012.07.26 14:59:39.412,1.01437,1.01453,1.50,1.07
2012.07.26 14:59:39.909,1.01431,1.01454,1.50,1.60
2012.07.26 14:59:40.245,1.01428,1.01452,1.50,1.97
2012.07.26 14:59:40.525,1.01428,1.01452,1.50,3.47
2012.07.26 14:59:40.846,1.01427,1.01449,2.93,1.50
2012.07.26 14:59:41.203,1.01431,1.01451,2.25,1.50
2012.07.26 14:59:41.263,1.01434,1.01457,1.50,1.60
2012.07.26 14:59:41.323,1.01436,1.01457,1.50,1.60
2012.07.26 14:59:41.632,1.01437,1.01461,1.50,1.60
2012.07.26 14:59:41.855,1.01436,1.01458,1.50,2.20
2012.07.26 14:59:42.295,1.01436,1.01455,1.50,1.60
2012.07.26 14:59:42.484,1.01434,1.01455,1.50,1.60
2012.07.26 14:59:42.544,1.01434,1.01455,1.50,1.60
2012.07.26 14:59:42.606,1.01431,1.01453,2.25,1.50
2012.07.26 14:59:42.940,1.01428,1.01449,1.30,1.50
2012.07.26 14:59:43.248,1.01432,1.01452,2.25,1.50
2012.07.26 14:59:43.864,1.01431,1.01454,2.25,1.60
2012.07.26 14:59:44.393,1.0143,1.01454,2.25,1.60
2012.07.26 14:59:44.562,1.01434,1.01457,1.50,1.97
2012.07.26 14:59:44.677,1.01432,1.01456,1.50,1.60
2012.07.26 14:59:44.791,1.01432,1.01456,2.16,1.60
2012.07.26 14:59:45.305,1.01433,1.01458,1.50,1.97
2012.07.26 14:59:45.833,1.01433,1.01455,1.50,1.50
2012.07.26 14:59:46.104,1.01433,1.01457,1.50,1.07
2012.07.26 14:59:46.439,1.01433,1.01452,1.50,1.97
2012.07.26 14:59:46.499,1.01429,1.01451,1.50,1.60
2012.07.26 14:59:47.107,1.01434,1.01457,1.50,2.57
2012.07.26 14:59:47.543,1.01432,1.01454,1.50,2.20
2012.07.26 14:59:47.609,1.0143,1.01453,1.50,2.87
2012.07.26 14:59:47.669,1.0143,1.01454,1.50,2.20
2012.07.26 14:59:47.978,1.01427,1.01451,1.50,1.60
2012.07.26 14:59:48.174,1.01429,1.01453,1.50,3.70
2012.07.26 14:59:48.659,1.01429,1.01453,1.50,2.57
2012.07.26 14:59:48.827,1.01433,1.01454,1.50,2.20
2012.07.26 14:59:49.458,1.01427,1.01451,1.50,1.60
2012.07.26 14:59:49.793,1.0143,1.01452,1.50,1.60
2012.07.26 14:59:49.960,1.01426,1.0145,1.50,1.60
2012.07.26 14:59:50.119,1.01429,1.01451,1.50,1.60
2012.07.26 14:59:50.340,1.01429,1.01451,1.50,1.60
2012.07.26 14:59:50.455,1.01427,1.01451,1.50,3.10
2012.07.26 14:59:50.514,1.01427,1.01451,1.50,1.60
2012.07.26 14:59:50.848,1.01427,1.01449,1.50,2.20
2012.07.26 14:59:51.016,1.01424,1.01447,1.50,1.07
2012.07.26 14:59:51.077,1.01424,1.01447,1.50,1.07
2012.07.26 14:59:51.645,1.0142,1.01442,2.85,1.50
2012.07.26 14:59:51.706,1.01422,1.01445,1.50,2.20
2012.07.26 14:59:52.256,1.01421,1.01445,3.75,2.20
2012.07.26 14:59:52.687,1.01424,1.01447,1.50,1.97
2012.07.26 14:59:53.072,1.01424,1.01443,1.50,2.20
2012.07.26 14:59:53.187,1.01421,1.01443,1.50,2.20
2012.07.26 14:59:53.607,1.01415,1.01437,1.21,1.50
2012.07.26 14:59:53.938,1.01414,1.01438,2.54,1.50
2012.07.26 14:59:54.098,1.01414,1.01438,1.50,1.60
2012.07.26 14:59:54.612,1.01418,1.0144,1.50,1.60
2012.07.26 14:59:55.079,1.01418,1.0144,1.50,1.60
2012.07.26 14:59:55.192,1.01418,1.0144,1.50,1.50
2012.07.26 14:59:55.378,1.01422,1.0144,1.50,1.50
2012.07.26 14:59:55.493,1.01418,1.0144,2.16,1.50
2012.07.26 14:59:55.554,1.01419,1.01444,1.50,1.60
2012.07.26 14:59:55.893,1.01419,1.01444,2.16,1.50
2012.07.26 14:59:56.200,1.01421,1.01446,2.16,1.88
2012.07.26 14:59:56.456,1.01421,1.01446,1.50,1.97
2012.07.26 14:59:56.829,1.01419,1.01443,1.50,1.60
2012.07.26 14:59:57.163,1.0142,1.01445,1.50,2.35
2012.07.26 14:59:57.675,1.01421,1.01444,1.50,1.60
2012.07.26 14:59:57.790,1.01419,1.01443,1.50,1.60
2012.07.26 14:59:57.904,1.01421,1.01444,1.50,2.35
2012.07.26 14:59:58.017,1.01419,1.01443,1.50,1.60
2012.07.26 14:59:58.766,1.01419,1.01443,1.50,1.60
2012.07.26 14:59:59.590,1.01419,1.01443,1.50,2.35
2012.07.26 14:59:59.920,1.01422,1.01447,1.50,1.60
