2010.12.07 13:00:00.377,0.97357,0.97393,2.60,2.30
2010.12.07 13:00:00.501,0.97357,0.97393,2.40,2.30
2010.12.07 13:00:00.613,0.97357,0.97393,2.60,2.30
2010.12.07 13:00:01.193,0.97357,0.97393,2.60,2.50
2010.12.07 13:00:01.333,0.97348,0.97392,13.70,2.50
2010.12.07 13:00:01.449,0.97348,0.97392,5.80,2.50
2010.12.07 13:00:02.095,0.97348,0.97392,5.60,2.50
2010.12.07 13:00:03.219,0.97351,0.97392,2.60,2.50
2010.12.07 13:00:03.599,0.97348,0.97391,5.90,2.30
2010.12.07 13:00:05.019,0.97348,0.97389,3.60,2.30
2010.12.07 13:00:05.819,0.97349,0.97389,1.10,2.30
2010.12.07 13:00:06.449,0.97349,0.97389,1.10,2.70
2010.12.07 13:00:07.001,0.97347,0.97383,3.80,2.30
2010.12.07 13:00:07.110,0.97347,0.97386,5.10,2.30
2010.12.07 13:00:10.733,0.97347,0.97382,2.40,1.70
2010.12.07 13:00:10.856,0.97342,0.97382,3.10,4.00
2010.12.07 13:00:11.080,0.97342,0.9738,2.30,1.40
2010.12.07 13:00:11.682,0.97331,0.97372,2.80,2.30
2010.12.07 13:00:12.628,0.97331,0.97371,1.10,2.30
2010.12.07 13:00:12.852,0.97328,0.97373,3.20,2.90
2010.12.07 13:00:13.493,0.97338,0.97371,2.70,2.50
2010.12.07 13:00:14.166,0.97334,0.97374,3.40,1.50
2010.12.07 13:00:14.300,0.97328,0.9737,3.50,2.30
2010.12.07 13:00:14.519,0.97327,0.97366,2.70,2.30
2010.12.07 13:00:15.069,0.97322,0.97365,3.00,2.30
2010.12.07 13:00:15.409,0.97323,0.97365,1.20,2.30
2010.12.07 13:00:15.519,0.97322,0.97365,3.00,2.30
2010.12.07 13:00:16.433,0.97323,0.97367,1.10,2.30
2010.12.07 13:00:16.556,0.97322,0.97367,6.50,2.30
2010.12.07 13:00:17.631,0.97322,0.97364,3.00,1.50
2010.12.07 13:00:17.959,0.97318,0.97363,12.20,2.70
2010.12.07 13:00:18.516,0.97317,0.9736,17.70,2.30
2010.12.07 13:00:18.646,0.97318,0.9736,3.10,2.70
2010.12.07 13:00:18.981,0.97318,0.97358,2.40,3.00
2010.12.07 13:00:19.470,0.97318,0.97343,2.40,2.30
2010.12.07 13:00:19.800,0.97303,0.97341,2.70,2.30
2010.12.07 13:00:19.908,0.97303,0.97339,2.70,2.30
2010.12.07 13:00:21.038,0.97303,0.97339,2.40,2.30
2010.12.07 13:00:21.173,0.97305,0.97339,1.70,2.30
2010.12.07 13:00:21.880,0.97302,0.9734,1.20,2.30
2010.12.07 13:00:22.980,0.97298,0.9734,7.10,2.30
2010.12.07 13:00:23.203,0.97299,0.9734,2.40,2.30
2010.12.07 13:00:23.998,0.97299,0.9734,2.40,2.30
2010.12.07 13:00:24.110,0.97299,0.9734,2.40,2.30
2010.12.07 13:00:24.219,0.97299,0.9734,2.10,2.30
2010.12.07 13:00:25.251,0.97308,0.97339,2.40,2.30
2010.12.07 13:00:25.360,0.97308,0.97339,2.60,2.30
2010.12.07 13:00:25.581,0.97308,0.97342,2.60,4.50
2010.12.07 13:00:26.292,0.9731,0.97345,1.80,2.30
2010.12.07 13:00:26.411,0.97309,0.97347,4.10,1.50
2010.12.07 13:00:27.478,0.9731,0.97347,2.40,1.50
2010.12.07 13:00:28.792,0.97309,0.97343,1.50,3.60
2010.12.07 13:00:29.452,0.97304,0.97336,2.40,1.50
2010.12.07 13:00:29.558,0.97304,0.97342,2.40,2.90
2010.12.07 13:00:29.668,0.97304,0.97342,2.40,2.90
2010.12.07 13:00:30.240,0.97304,0.97342,2.40,2.90
2010.12.07 13:00:30.967,0.97301,0.97342,5.90,2.90
2010.12.07 13:00:31.530,0.97301,0.97342,2.40,2.90
2010.12.07 13:00:31.639,0.97301,0.97342,5.90,2.90
2010.12.07 13:00:32.189,0.97301,0.97342,6.40,2.50
2010.12.07 13:00:32.655,0.97308,0.97344,2.40,1.50
2010.12.07 13:00:32.989,0.97308,0.97344,2.40,1.50
2010.12.07 13:00:33.745,0.97308,0.97344,2.60,1.50
2010.12.07 13:00:33.968,0.97308,0.97344,2.30,1.50
2010.12.07 13:00:34.169,0.97308,0.97344,2.40,1.50
2010.12.07 13:00:35.604,0.97308,0.97344,2.40,1.50
2010.12.07 13:00:36.606,0.97308,0.97344,2.30,1.50
2010.12.07 13:00:36.953,0.97308,0.97344,2.40,1.50
2010.12.07 13:00:37.360,0.97308,0.97344,2.40,1.50
2010.12.07 13:00:37.907,0.97308,0.97344,2.40,1.50
2010.12.07 13:00:38.019,0.97308,0.97344,2.40,1.50
2010.12.07 13:00:38.238,0.97308,0.97344,2.40,1.50
2010.12.07 13:00:38.568,0.97308,0.97344,2.40,1.50
2010.12.07 13:00:46.544,0.97308,0.97344,2.40,1.50
2010.12.07 13:00:48.069,0.97308,0.97344,2.70,1.50
2010.12.07 13:00:48.262,0.97308,0.97344,2.40,1.50
2010.12.07 13:00:50.107,0.97308,0.97344,2.70,1.50
2010.12.07 13:00:50.437,0.97308,0.97344,2.40,1.50
2010.12.07 13:00:50.945,0.97308,0.97344,2.40,1.50
2010.12.07 13:00:51.121,0.97308,0.97344,2.60,1.50
2010.12.07 13:00:52.784,0.97301,0.97343,5.90,2.90
2010.12.07 13:00:53.885,0.97301,0.97343,2.60,2.90
2010.12.07 13:00:54.383,0.97307,0.97344,2.40,2.10
2010.12.07 13:00:54.497,0.97307,0.97344,2.40,2.10
2010.12.07 13:00:54.828,0.97307,0.97344,2.40,2.10
2010.12.07 13:00:55.610,0.97307,0.97345,2.40,1.70
2010.12.07 13:00:55.720,0.97307,0.97345,2.40,2.90
2010.12.07 13:00:55.828,0.97301,0.97343,2.40,2.90
2010.12.07 13:00:56.378,0.97301,0.97343,5.90,2.90
2010.12.07 13:00:57.497,0.97301,0.97343,5.90,2.90
2010.12.07 13:00:58.063,0.97301,0.97343,6.10,2.90
2010.12.07 13:00:58.604,0.97301,0.97343,2.40,2.90
2010.12.07 13:00:59.986,0.97297,0.97338,4.40,2.40
2010.12.07 13:01:00.736,0.97297,0.97336,5.30,1.50
2010.12.07 13:01:00.888,0.97308,0.9734,2.30,2.30
2010.12.07 13:01:01.109,0.97308,0.97343,2.30,2.30
2010.12.07 13:01:01.666,0.97308,0.97345,2.30,2.30
2010.12.07 13:01:01.794,0.97308,0.97349,2.40,2.90
2010.12.07 13:01:02.667,0.97307,0.97345,2.70,3.80
2010.12.07 13:01:02.792,0.97308,0.97353,2.70,2.70
2010.12.07 13:01:02.901,0.97308,0.97353,3.00,2.70
2010.12.07 13:01:03.459,0.9731,0.97355,2.30,3.00
2010.12.07 13:01:04.015,0.97307,0.97346,2.40,2.70
2010.12.07 13:01:04.146,0.97307,0.97343,2.40,2.30
2010.12.07 13:01:04.479,0.97307,0.97345,2.50,2.30
2010.12.07 13:01:05.056,0.97307,0.97345,2.40,2.30
2010.12.07 13:01:05.389,0.97308,0.97349,2.70,2.30
2010.12.07 13:01:05.500,0.97308,0.97352,2.40,5.10
2010.12.07 13:01:06.125,0.97317,0.97353,2.30,2.90
2010.12.07 13:01:06.271,0.97317,0.97353,2.40,2.90
2010.12.07 13:01:07.816,0.9731,0.97352,2.40,4.20
2010.12.07 13:01:07.984,0.97308,0.97351,5.00,2.70
2010.12.07 13:01:08.098,0.97308,0.97351,12.00,2.70
2010.12.07 13:01:08.808,0.97308,0.97351,12.20,2.90
2010.12.07 13:01:09.149,0.97308,0.97351,5.40,2.90
2010.12.07 13:01:09.359,0.97308,0.97351,12.50,2.90
2010.12.07 13:01:09.469,0.9731,0.97352,8.40,1.70
2010.12.07 13:01:09.972,0.97313,0.97356,1.50,2.50
2010.12.07 13:01:10.101,0.97312,0.97357,6.80,5.10
2010.12.07 13:01:12.120,0.97311,0.97356,2.40,2.90
2010.12.07 13:01:12.917,0.97308,0.97352,5.10,2.70
2010.12.07 13:01:13.029,0.97318,0.97353,2.30,2.80
2010.12.07 13:01:13.627,0.97318,0.97359,2.70,2.30
2010.12.07 13:01:13.849,0.97318,0.97361,5.10,2.70
2010.12.07 13:01:13.958,0.97318,0.97361,5.10,3.00
2010.12.07 13:01:15.061,0.97318,0.9736,2.30,6.40
2010.12.07 13:01:15.169,0.97318,0.97355,2.30,1.50
2010.12.07 13:01:15.500,0.97318,0.97358,2.70,2.40
2010.12.07 13:01:16.122,0.97318,0.97358,2.70,2.30
2010.12.07 13:01:16.260,0.97319,0.97354,2.30,1.70
2010.12.07 13:01:17.017,0.9732,0.97362,2.30,5.00
2010.12.07 13:01:17.157,0.97323,0.97362,2.30,2.70
2010.12.07 13:01:19.217,0.97323,0.97362,2.40,2.70
2010.12.07 13:01:19.332,0.97323,0.97362,2.70,2.30
2010.12.07 13:01:19.560,0.97328,0.97366,2.30,2.90
2010.12.07 13:01:19.670,0.97328,0.97366,2.50,2.80
2010.12.07 13:01:20.225,0.97319,0.97363,2.40,2.70
2010.12.07 13:01:20.489,0.97319,0.97363,2.90,2.30
2010.12.07 13:01:21.183,0.97319,0.97361,1.20,2.70
2010.12.07 13:01:21.523,0.9732,0.97361,1.20,2.30
2010.12.07 13:01:22.090,0.97328,0.97364,2.40,2.30
2010.12.07 13:01:23.010,0.97328,0.97364,2.40,2.90
2010.12.07 13:01:23.534,0.97328,0.97362,2.30,2.70
2010.12.07 13:01:23.662,0.97328,0.97364,2.30,2.30
2010.12.07 13:01:23.992,0.97328,0.97367,2.70,2.30
2010.12.07 13:01:24.540,0.97328,0.97369,2.80,2.30
2010.12.07 13:01:24.652,0.97328,0.97371,2.80,2.80
2010.12.07 13:01:25.858,0.97328,0.97371,2.70,2.80
2010.12.07 13:01:28.082,0.97328,0.97371,2.80,2.70
2010.12.07 13:01:28.206,0.97328,0.97371,2.70,2.80
2010.12.07 13:01:33.156,0.97328,0.97364,2.30,2.20
2010.12.07 13:01:34.583,0.97325,0.97358,1.50,1.50
2010.12.07 13:01:34.700,0.97317,0.97354,2.60,1.70
2010.12.07 13:01:34.920,0.97317,0.97354,2.40,1.90
2010.12.07 13:01:35.575,0.97317,0.97354,2.60,1.70
2010.12.07 13:01:35.693,0.97317,0.97354,2.40,1.90
2010.12.07 13:01:36.700,0.97317,0.97354,2.40,1.70
2010.12.07 13:01:40.222,0.97317,0.97354,2.40,1.70
2010.12.07 13:01:40.453,0.97317,0.97354,5.90,1.70
2010.12.07 13:01:41.059,0.97317,0.97354,2.70,1.70
2010.12.07 13:01:41.208,0.97317,0.97354,4.70,1.70
2010.12.07 13:01:41.430,0.97317,0.97354,4.80,1.70
2010.12.07 13:01:41.539,0.97317,0.97354,4.80,1.70
2010.12.07 13:01:42.451,0.97318,0.97361,7.50,2.50
2010.12.07 13:01:42.671,0.97327,0.97364,2.40,3.80
2010.12.07 13:01:43.500,0.97327,0.97364,2.40,1.60
2010.12.07 13:01:43.610,0.97327,0.97364,2.40,1.50
2010.12.07 13:01:44.421,0.97336,0.97368,1.50,2.40
2010.12.07 13:01:44.565,0.97337,0.97374,2.30,1.70
2010.12.07 13:01:45.437,0.97337,0.97374,2.30,2.50
2010.12.07 13:01:45.552,0.97333,0.97373,2.70,2.60
2010.12.07 13:01:45.890,0.97333,0.97373,2.70,2.40
2010.12.07 13:01:46.003,0.97333,0.97373,2.80,2.30
2010.12.07 13:01:46.124,0.97333,0.97378,2.80,2.90
2010.12.07 13:01:47.219,0.97332,0.97377,2.40,2.70
2010.12.07 13:01:47.866,0.97331,0.97376,2.60,2.70
2010.12.07 13:01:47.980,0.97331,0.97376,2.40,2.90
2010.12.07 13:01:48.923,0.97328,0.97373,2.70,4.90
2010.12.07 13:01:49.045,0.97328,0.97371,2.40,2.70
2010.12.07 13:01:49.161,0.97326,0.97371,2.70,2.50
2010.12.07 13:01:49.727,0.97327,0.97371,2.80,2.50
2010.12.07 13:01:50.570,0.97333,0.97378,3.90,2.30
2010.12.07 13:01:51.552,0.97336,0.97379,3.90,2.90
2010.12.07 13:01:53.534,0.97336,0.97379,2.40,2.90
2010.12.07 13:01:54.687,0.97335,0.97378,2.60,2.90
2010.12.07 13:01:55.640,0.97336,0.97379,2.40,2.90
2010.12.07 13:01:56.756,0.97338,0.9738,2.70,2.50
2010.12.07 13:01:57.317,0.97337,0.9738,12.00,2.30
2010.12.07 13:01:57.421,0.97338,0.9738,2.60,2.70
2010.12.07 13:01:57.530,0.97338,0.97375,2.30,1.40
2010.12.07 13:01:57.639,0.97335,0.97375,2.30,2.90
2010.12.07 13:01:58.438,0.97328,0.97371,12.30,2.70
2010.12.07 13:01:59.375,0.97329,0.97372,1.50,2.90
2010.12.07 13:02:01.341,0.97329,0.97372,1.50,2.90
2010.12.07 13:02:02.968,0.97328,0.97372,1.10,2.90
2010.12.07 13:02:03.079,0.97329,0.97372,1.20,2.90
2010.12.07 13:02:03.613,0.97329,0.97372,1.20,2.90
2010.12.07 13:02:03.791,0.97332,0.97377,2.40,5.90
2010.12.07 13:02:04.468,0.97329,0.97374,6.20,2.30
2010.12.07 13:02:05.740,0.97332,0.97375,2.80,2.30
2010.12.07 13:02:07.650,0.9733,0.97375,2.80,2.40
2010.12.07 13:02:08.042,0.9733,0.97375,6.20,2.30
2010.12.07 13:02:08.151,0.9733,0.97375,2.40,2.70
2010.12.07 13:02:08.805,0.97331,0.97372,2.40,2.10
2010.12.07 13:02:09.030,0.97329,0.97373,2.40,4.40
2010.12.07 13:02:09.690,0.97324,0.97369,2.40,2.90
2010.12.07 13:02:10.581,0.97324,0.97369,2.40,2.90
2010.12.07 13:02:12.196,0.97325,0.9737,2.40,6.50
2010.12.07 13:02:12.313,0.97328,0.9737,2.30,2.70
2010.12.07 13:02:12.876,0.97325,0.97365,2.40,2.10
2010.12.07 13:02:13.662,0.97324,0.97365,2.60,2.10
2010.12.07 13:02:13.775,0.97326,0.97369,2.40,2.70
2010.12.07 13:02:14.860,0.97327,0.9737,2.40,2.70
2010.12.07 13:02:15.023,0.97327,0.9737,2.40,2.80
2010.12.07 13:02:15.752,0.97327,0.9737,4.80,2.70
2010.12.07 13:02:16.943,0.97327,0.9737,4.60,2.70
2010.12.07 13:02:17.059,0.97327,0.9737,4.60,2.70
2010.12.07 13:02:17.643,0.9732,0.97363,2.40,2.70
2010.12.07 13:02:17.759,0.97324,0.97363,2.30,2.30
2010.12.07 13:02:18.662,0.9733,0.97375,2.70,4.80
2010.12.07 13:02:18.770,0.9733,0.97375,6.70,2.30
2010.12.07 13:02:19.321,0.97337,0.9738,2.40,6.30
2010.12.07 13:02:19.989,0.97337,0.9738,2.30,6.50
2010.12.07 13:02:20.960,0.97337,0.9738,2.40,6.40
2010.12.07 13:02:21.698,0.97338,0.9738,2.30,6.40
2010.12.07 13:02:21.919,0.97338,0.9738,2.40,2.90
2010.12.07 13:02:22.536,0.97337,0.9738,2.40,6.30
2010.12.07 13:02:25.009,0.97339,0.97382,2.30,6.30
2010.12.07 13:02:25.888,0.97339,0.97382,2.40,3.00
2010.12.07 13:02:27.670,0.97339,0.97382,3.00,2.70
2010.12.07 13:02:28.462,0.97342,0.97374,2.60,1.90
2010.12.07 13:02:28.571,0.97342,0.97374,2.40,1.90
2010.12.07 13:02:28.789,0.97332,0.97374,2.60,1.90
2010.12.07 13:02:29.119,0.97331,0.97372,5.90,2.70
2010.12.07 13:02:31.052,0.97331,0.97372,2.60,2.70
2010.12.07 13:02:32.048,0.97331,0.97372,2.40,2.70
2010.12.07 13:02:32.397,0.97331,0.97372,2.40,2.70
2010.12.07 13:02:32.940,0.97331,0.97372,2.40,2.70
2010.12.07 13:02:35.249,0.97323,0.97366,7.00,2.50
2010.12.07 13:02:39.293,0.97323,0.97368,7.40,2.90
2010.12.07 13:02:39.885,0.97323,0.97368,2.40,2.90
2010.12.07 13:02:40.008,0.97324,0.97365,2.40,2.10
2010.12.07 13:02:40.124,0.97323,0.97365,2.40,2.10
2010.12.07 13:02:40.776,0.97325,0.97368,2.60,2.90
2010.12.07 13:02:41.448,0.97325,0.97368,2.60,2.90
2010.12.07 13:02:42.115,0.97324,0.97367,2.60,2.70
2010.12.07 13:02:42.235,0.97323,0.97367,1.40,2.70
2010.12.07 13:02:45.921,0.97324,0.97369,6.20,2.90
2010.12.07 13:02:49.255,0.97324,0.97367,2.90,2.90
2010.12.07 13:02:49.779,0.97324,0.97367,7.10,2.90
2010.12.07 13:02:50.530,0.97324,0.97367,7.40,2.90
2010.12.07 13:02:50.749,0.97324,0.97367,7.00,2.90
2010.12.07 13:02:53.390,0.97324,0.97367,3.00,3.00
2010.12.07 13:02:54.060,0.97324,0.97367,7.10,2.90
2010.12.07 13:02:54.542,0.97324,0.97367,6.20,2.90
2010.12.07 13:02:55.386,0.97323,0.97366,1.10,2.30
2010.12.07 13:02:55.721,0.97324,0.97367,5.90,2.70
2010.12.07 13:02:55.938,0.97324,0.97367,2.40,2.70
2010.12.07 13:02:56.690,0.97324,0.97367,2.40,2.70
2010.12.07 13:02:57.420,0.97321,0.97364,5.90,2.90
2010.12.07 13:02:57.535,0.97322,0.97365,2.90,2.30
2010.12.07 13:02:57.650,0.97322,0.97365,6.70,2.30
2010.12.07 13:02:58.223,0.97327,0.97366,2.40,2.70
2010.12.07 13:02:58.560,0.97323,0.97366,6.70,2.70
2010.12.07 13:02:59.552,0.97328,0.97366,7.00,2.30
2010.12.07 13:03:00.296,0.97324,0.97367,1.20,2.70
2010.12.07 13:03:00.428,0.97322,0.97367,6.30,2.70
2010.12.07 13:03:01.299,0.97323,0.97368,6.70,2.70
2010.12.07 13:03:01.420,0.97328,0.97369,2.70,2.30
2010.12.07 13:03:01.639,0.97328,0.97368,3.00,2.30
2010.12.07 13:03:02.290,0.97328,0.97369,3.10,2.30
2010.12.07 13:03:02.917,0.97329,0.97372,2.40,6.40
2010.12.07 13:03:03.801,0.9733,0.97372,2.40,4.20
2010.12.07 13:03:04.888,0.97331,0.97372,6.60,2.10
2010.12.07 13:03:05.009,0.97332,0.97372,2.40,2.10
2010.12.07 13:03:05.768,0.97328,0.9737,1.40,2.30
2010.12.07 13:03:05.990,0.97328,0.97372,7.00,2.10
2010.12.07 13:03:07.800,0.97328,0.97372,1.90,4.40
2010.12.07 13:03:11.118,0.97338,0.97371,2.40,2.30
2010.12.07 13:03:12.269,0.97338,0.97372,2.40,4.40
2010.12.07 13:03:14.293,0.97338,0.97372,2.40,4.40
2010.12.07 13:03:14.518,0.97338,0.97372,2.40,4.40
2010.12.07 13:03:14.633,0.97338,0.97372,2.40,2.90
2010.12.07 13:03:14.878,0.97334,0.97372,1.80,4.20
2010.12.07 13:03:15.491,0.97331,0.97375,2.60,2.90
2010.12.07 13:03:16.689,0.97331,0.97375,2.60,3.00
2010.12.07 13:03:17.846,0.97331,0.97374,2.80,2.90
2010.12.07 13:03:17.962,0.97331,0.97374,2.60,2.90
2010.12.07 13:03:18.711,0.97332,0.97375,2.40,5.10
2010.12.07 13:03:19.808,0.97332,0.97375,2.50,5.10
2010.12.07 13:03:20.681,0.97332,0.97375,2.40,5.10
2010.12.07 13:03:23.077,0.97332,0.97375,5.90,5.10
2010.12.07 13:03:24.420,0.97332,0.97375,2.40,5.10
2010.12.07 13:03:26.401,0.97332,0.97375,2.40,5.30
2010.12.07 13:03:26.984,0.97332,0.97372,2.40,3.00
2010.12.07 13:03:28.676,0.97332,0.97372,2.30,3.00
2010.12.07 13:03:28.905,0.97338,0.97375,2.30,1.90
2010.12.07 13:03:29.611,0.97347,0.97388,2.90,3.80
2010.12.07 13:03:30.270,0.97347,0.97388,2.90,1.50
2010.12.07 13:03:30.993,0.97347,0.97388,6.80,1.50
2010.12.07 13:03:33.452,0.97348,0.97388,1.90,1.50
2010.12.07 13:03:33.977,0.97347,0.97388,6.50,1.50
2010.12.07 13:03:34.088,0.97348,0.97388,1.50,1.50
2010.12.07 13:03:36.796,0.97348,0.97388,1.50,1.50
2010.12.07 13:03:37.859,0.97348,0.97388,1.90,1.50
2010.12.07 13:03:39.579,0.97347,0.97388,6.20,4.20
2010.12.07 13:03:40.288,0.97344,0.97378,1.40,1.50
2010.12.07 13:03:41.021,0.97344,0.97378,2.00,1.50
2010.12.07 13:03:41.130,0.97344,0.97378,1.50,1.50
2010.12.07 13:03:43.693,0.97349,0.97387,2.00,1.50
2010.12.07 13:03:44.910,0.97349,0.97387,2.00,1.50
2010.12.07 13:03:45.689,0.97349,0.97387,1.50,1.50
2010.12.07 13:03:47.838,0.97349,0.97387,1.40,1.50
2010.12.07 13:03:49.843,0.97349,0.97387,1.40,1.50
2010.12.07 13:04:00.391,0.97348,0.97387,6.20,2.30
2010.12.07 13:04:00.499,0.97348,0.97379,2.30,1.40
2010.12.07 13:04:00.610,0.97344,0.97373,2.40,2.30
2010.12.07 13:04:01.265,0.97337,0.97374,2.40,1.50
2010.12.07 13:04:01.909,0.97337,0.97374,2.60,1.50
2010.12.07 13:04:03.014,0.97337,0.97374,6.50,1.50
2010.12.07 13:04:03.133,0.97338,0.97381,1.90,2.50
2010.12.07 13:04:04.493,0.97337,0.97381,11.60,2.90
2010.12.07 13:04:04.832,0.97338,0.97372,2.50,2.30
2010.12.07 13:04:04.940,0.97337,0.97374,6.40,1.50
2010.12.07 13:04:05.507,0.97338,0.97382,1.50,2.90
2010.12.07 13:04:05.670,0.97337,0.97382,6.50,2.90
2010.12.07 13:04:06.925,0.97338,0.97382,1.40,2.90
2010.12.07 13:04:07.249,0.97337,0.97382,6.20,2.90
2010.12.07 13:04:07.910,0.97339,0.97381,1.40,2.90
2010.12.07 13:04:08.019,0.97338,0.97381,6.30,2.90
2010.12.07 13:04:08.572,0.97338,0.97381,6.50,2.90
2010.12.07 13:04:08.680,0.97339,0.97381,1.40,2.90
2010.12.07 13:04:09.240,0.97338,0.97379,2.60,1.40
2010.12.07 13:04:09.955,0.97345,0.97381,2.80,2.30
2010.12.07 13:04:10.075,0.97348,0.97381,7.50,2.30
2010.12.07 13:04:10.556,0.97348,0.97383,2.90,2.30
2010.12.07 13:04:10.703,0.97348,0.9739,2.90,2.50
2010.12.07 13:04:11.435,0.97348,0.97389,3.00,2.30
2010.12.07 13:04:11.759,0.97347,0.97383,6.00,2.30
2010.12.07 13:04:12.304,0.97347,0.97383,2.40,2.30
2010.12.07 13:04:13.425,0.97347,0.97383,2.40,2.30
2010.12.07 13:04:13.950,0.97347,0.97383,2.40,2.30
2010.12.07 13:04:14.060,0.97346,0.97382,1.70,2.50
2010.12.07 13:04:14.170,0.97346,0.97382,1.50,2.50
2010.12.07 13:04:14.278,0.97341,0.97382,2.70,2.50
2010.12.07 13:04:14.571,0.97341,0.97382,6.20,2.50
2010.12.07 13:04:15.435,0.97341,0.97382,3.00,2.30
2010.12.07 13:04:15.556,0.97346,0.97389,2.40,2.90
2010.12.07 13:04:17.312,0.97346,0.97389,2.60,2.90
2010.12.07 13:04:18.248,0.97345,0.97382,2.40,2.30
2010.12.07 13:04:18.391,0.97348,0.97392,2.90,5.10
2010.12.07 13:04:19.259,0.97348,0.9739,3.00,2.30
2010.12.07 13:04:20.696,0.97348,0.9739,3.10,2.30
2010.12.07 13:04:21.650,0.97348,0.97389,2.80,2.50
2010.12.07 13:04:23.381,0.97343,0.97384,1.50,2.30
2010.12.07 13:04:24.124,0.97346,0.97384,2.40,2.30
2010.12.07 13:04:24.462,0.97341,0.97385,1.40,2.30
2010.12.07 13:04:24.939,0.97341,0.97385,1.10,2.30
2010.12.07 13:04:25.076,0.97341,0.97383,1.10,2.30
2010.12.07 13:04:25.424,0.97347,0.97385,2.70,2.30
2010.12.07 13:04:25.988,0.97347,0.97389,6.30,2.30
2010.12.07 13:04:26.102,0.97347,0.97389,6.20,2.50
2010.12.07 13:04:26.617,0.97354,0.97389,1.50,2.30
2010.12.07 13:04:26.740,0.97343,0.97387,3.00,2.90
2010.12.07 13:04:26.960,0.97343,0.97387,1.20,2.90
2010.12.07 13:04:27.179,0.97341,0.97387,6.50,2.90
2010.12.07 13:04:27.811,0.97343,0.97386,1.20,2.90
2010.12.07 13:04:28.034,0.9734,0.97386,6.50,2.90
2010.12.07 13:04:28.372,0.97346,0.97386,1.10,2.30
2010.12.07 13:04:28.884,0.97347,0.97386,6.70,2.30
2010.12.07 13:04:29.003,0.97347,0.97389,2.70,2.30
2010.12.07 13:04:29.121,0.97347,0.97389,2.80,2.30
2010.12.07 13:04:29.339,0.97347,0.97389,2.70,2.30
2010.12.07 13:04:29.452,0.97347,0.97389,2.60,2.90
2010.12.07 13:04:30.005,0.97343,0.97386,1.10,2.50
2010.12.07 13:04:31.849,0.9734,0.97386,3.20,2.50
2010.12.07 13:04:32.599,0.9734,0.97386,12.10,2.50
2010.12.07 13:04:32.772,0.97347,0.97388,2.40,2.90
2010.12.07 13:04:33.484,0.97348,0.97388,4.20,2.30
2010.12.07 13:04:33.602,0.97352,0.97392,1.60,3.50
2010.12.07 13:04:34.259,0.97348,0.97388,2.80,2.30
2010.12.07 13:04:34.791,0.97348,0.97387,2.80,2.30
2010.12.07 13:04:34.901,0.97348,0.97387,2.70,2.30
2010.12.07 13:04:36.110,0.97348,0.97387,2.80,2.30
2010.12.07 13:04:36.838,0.97348,0.9739,3.00,2.30
2010.12.07 13:04:36.948,0.97348,0.97387,3.00,2.30
2010.12.07 13:04:37.058,0.97348,0.9739,3.00,2.30
2010.12.07 13:04:38.222,0.97348,0.97389,2.90,2.30
2010.12.07 13:04:38.328,0.97348,0.97387,2.90,2.30
2010.12.07 13:04:39.571,0.97348,0.97387,3.00,2.30
2010.12.07 13:04:39.899,0.97357,0.97387,2.30,2.30
2010.12.07 13:04:40.695,0.97358,0.97396,2.90,2.30
2010.12.07 13:04:44.421,0.97351,0.97397,6.40,4.40
2010.12.07 13:04:45.205,0.9735,0.97394,2.60,2.30
2010.12.07 13:04:46.185,0.9735,0.97396,6.40,2.30
2010.12.07 13:04:47.092,0.9735,0.97396,6.50,2.30
2010.12.07 13:04:47.639,0.9735,0.97396,6.40,2.30
2010.12.07 13:04:48.553,0.97357,0.97398,2.80,1.50
2010.12.07 13:04:48.890,0.97351,0.97397,2.60,2.70
2010.12.07 13:04:49.801,0.97357,0.97393,2.80,2.30
2010.12.07 13:04:49.911,0.97358,0.97397,2.70,1.50
2010.12.07 13:04:50.459,0.97358,0.97397,2.30,2.10
2010.12.07 13:04:50.986,0.97358,0.97392,2.30,2.30
2010.12.07 13:04:54.531,0.97357,0.97395,2.40,1.90
2010.12.07 13:04:54.642,0.97358,0.97392,2.40,2.30
2010.12.07 13:04:58.751,0.97358,0.97392,2.40,2.30
2010.12.07 13:04:59.799,0.97358,0.97392,2.40,2.40
2010.12.07 13:04:59.937,0.97358,0.97392,2.40,2.30
2010.12.07 13:05:00.428,0.97358,0.97392,2.30,2.30
2010.12.07 13:05:01.195,0.97358,0.97392,2.40,2.30
2010.12.07 13:05:01.939,0.97349,0.97393,7.90,2.90
2010.12.07 13:05:02.501,0.97349,0.97393,8.00,6.40
2010.12.07 13:05:03.861,0.97349,0.97393,8.00,2.90
2010.12.07 13:05:04.778,0.97349,0.97393,3.40,2.90
2010.12.07 13:05:04.999,0.9735,0.97393,2.60,2.90
2010.12.07 13:05:06.552,0.97349,0.97393,2.60,2.90
2010.12.07 13:05:07.566,0.97355,0.97393,1.70,2.30
2010.12.07 13:05:07.683,0.97358,0.97392,2.30,2.30
2010.12.07 13:05:08.310,0.97351,0.97393,2.40,2.90
2010.12.07 13:05:08.821,0.97349,0.97393,6.00,5.10
2010.12.07 13:05:09.772,0.97347,0.97391,12.90,2.70
2010.12.07 13:05:09.918,0.97347,0.97391,5.40,2.70
2010.12.07 13:05:10.138,0.97347,0.97391,12.90,2.70
2010.12.07 13:05:11.136,0.97357,0.97384,2.40,1.50
2010.12.07 13:05:11.254,0.97349,0.97384,2.40,1.50
2010.12.07 13:05:11.821,0.97349,0.97391,2.40,2.10
2010.12.07 13:05:11.940,0.97346,0.97383,1.50,2.50
2010.12.07 13:05:12.635,0.97346,0.97383,1.70,2.90
2010.12.07 13:05:12.865,0.97346,0.97384,1.80,1.90
2010.12.07 13:05:13.442,0.97343,0.97382,2.70,2.50
2010.12.07 13:05:14.217,0.97342,0.97385,2.60,1.90
2010.12.07 13:05:14.334,0.97342,0.97387,6.50,2.90
2010.12.07 13:05:14.952,0.97344,0.97388,6.00,2.90
2010.12.07 13:05:15.853,0.97345,0.97389,6.60,2.90
2010.12.07 13:05:16.209,0.97346,0.97384,9.60,2.10
2010.12.07 13:05:16.789,0.97346,0.97384,4.00,1.70
2010.12.07 13:05:16.922,0.97344,0.97382,5.90,2.90
2010.12.07 13:05:17.391,0.97344,0.97382,2.40,2.90
2010.12.07 13:05:18.350,0.97344,0.97382,2.60,3.60
2010.12.07 13:05:19.453,0.97342,0.97382,2.60,3.60
2010.12.07 13:05:20.021,0.97342,0.97382,6.10,3.60
2010.12.07 13:05:21.877,0.97342,0.97382,2.70,3.60
2010.12.07 13:05:22.020,0.97352,0.9739,3.20,4.50
2010.12.07 13:05:22.616,0.97353,0.97392,2.50,2.30
2010.12.07 13:05:23.418,0.97354,0.97399,2.60,2.80
2010.12.07 13:05:23.546,0.97355,0.974,2.10,2.90
2010.12.07 13:05:23.666,0.97357,0.97396,2.80,2.30
2010.12.07 13:05:24.256,0.97357,0.97397,3.70,2.30
2010.12.07 13:05:24.421,0.9736,0.97403,2.40,4.20
2010.12.07 13:05:24.529,0.9736,0.97403,2.40,4.20
2010.12.07 13:05:24.751,0.97357,0.97399,3.20,2.70
2010.12.07 13:05:25.359,0.97357,0.97399,12.80,2.70
2010.12.07 13:05:25.469,0.97357,0.97399,3.20,2.70
2010.12.07 13:05:26.221,0.97357,0.974,2.60,2.90
2010.12.07 13:05:26.557,0.97355,0.974,2.40,2.90
2010.12.07 13:05:27.208,0.97351,0.97396,7.20,2.70
2010.12.07 13:05:27.429,0.97352,0.97397,6.20,2.90
2010.12.07 13:05:28.451,0.97351,0.97396,7.60,2.70
2010.12.07 13:05:29.463,0.97352,0.97397,2.80,2.70
2010.12.07 13:05:30.420,0.97352,0.97397,2.60,2.70
2010.12.07 13:05:30.864,0.9735,0.97392,2.60,2.70
2010.12.07 13:05:31.384,0.97351,0.97392,3.20,2.30
2010.12.07 13:05:31.517,0.97356,0.97392,1.50,2.40
2010.12.07 13:05:33.029,0.97356,0.97392,1.50,2.30
2010.12.07 13:05:33.970,0.97356,0.97392,1.50,2.40
2010.12.07 13:05:34.123,0.97349,0.97385,1.10,1.50
2010.12.07 13:05:34.239,0.97348,0.9739,2.60,2.70
2010.12.07 13:05:35.714,0.97348,0.97391,4.70,2.70
2010.12.07 13:05:38.652,0.97348,0.97391,5.00,2.70
2010.12.07 13:05:38.760,0.97348,0.97391,4.70,2.70
2010.12.07 13:05:39.899,0.97348,0.9739,2.40,2.70
2010.12.07 13:05:40.009,0.97348,0.9739,2.40,2.70
2010.12.07 13:05:40.606,0.97348,0.9739,2.40,2.70
2010.12.07 13:05:40.795,0.97341,0.97384,3.80,2.40
2010.12.07 13:05:40.909,0.97347,0.97384,2.30,2.40
2010.12.07 13:05:41.929,0.97347,0.97386,2.40,2.70
2010.12.07 13:05:42.066,0.97347,0.97386,2.30,2.80
2010.12.07 13:05:42.700,0.97347,0.97387,2.40,2.70
2010.12.07 13:05:42.809,0.97347,0.97387,2.30,2.80
2010.12.07 13:05:43.362,0.97347,0.97387,2.40,3.00
2010.12.07 13:05:43.800,0.97347,0.97387,2.40,2.70
2010.12.07 13:05:44.370,0.97347,0.97387,2.50,2.70
2010.12.07 13:05:45.013,0.97347,0.9739,6.70,2.70
2010.12.07 13:05:45.351,0.97347,0.97388,2.30,6.40
2010.12.07 13:05:45.964,0.97347,0.97388,2.40,2.90
2010.12.07 13:05:46.740,0.97347,0.97388,2.40,2.90
2010.12.07 13:05:47.539,0.97347,0.97388,2.40,2.90
2010.12.07 13:05:48.641,0.97347,0.97388,2.40,2.70
2010.12.07 13:05:49.505,0.97347,0.97389,2.80,2.70
2010.12.07 13:05:49.883,0.97347,0.97389,4.30,2.70
2010.12.07 13:05:50.477,0.97347,0.97389,4.30,2.70
2010.12.07 13:05:50.596,0.97347,0.97389,4.20,2.70
2010.12.07 13:05:50.711,0.97358,0.97389,2.30,2.70
2010.12.07 13:05:50.823,0.97348,0.97389,2.40,2.70
2010.12.07 13:05:51.484,0.97348,0.9739,2.40,2.90
2010.12.07 13:05:51.821,0.97348,0.9739,2.40,2.90
2010.12.07 13:05:51.931,0.97346,0.9739,2.30,2.70
2010.12.07 13:05:52.531,0.97343,0.97386,2.60,2.70
2010.12.07 13:05:52.971,0.97343,0.97388,2.40,2.70
2010.12.07 13:05:53.697,0.97343,0.97388,2.60,2.70
2010.12.07 13:05:54.162,0.97353,0.97388,3.40,2.30
2010.12.07 13:05:54.272,0.97355,0.97392,2.30,1.70
2010.12.07 13:05:54.381,0.97348,0.97393,4.90,4.50
2010.12.07 13:05:54.921,0.97348,0.97392,3.00,4.50
2010.12.07 13:05:55.034,0.97349,0.97392,2.60,2.90
2010.12.07 13:05:55.369,0.97349,0.97392,2.60,6.60
2010.12.07 13:05:57.296,0.97345,0.97388,2.40,2.70
2010.12.07 13:05:57.942,0.97343,0.97388,2.40,2.70
2010.12.07 13:05:58.464,0.97343,0.97383,2.40,2.40
2010.12.07 13:05:58.688,0.97347,0.9739,2.40,2.90
2010.12.07 13:05:59.799,0.97341,0.97384,3.40,2.80
2010.12.07 13:05:59.912,0.97339,0.97383,2.40,2.80
2010.12.07 13:06:00.020,0.97339,0.97382,6.60,1.50
2010.12.07 13:06:00.240,0.97347,0.97382,2.30,2.00
2010.12.07 13:06:00.350,0.97342,0.97383,3.10,2.60
2010.12.07 13:06:00.460,0.97339,0.97383,2.90,2.40
2010.12.07 13:06:00.569,0.97339,0.97383,6.50,2.30
2010.12.07 13:06:01.110,0.97341,0.97383,3.20,2.40
2010.12.07 13:06:01.711,0.97347,0.97384,2.90,2.30
2010.12.07 13:06:01.930,0.97347,0.97388,4.40,2.40
2010.12.07 13:06:02.721,0.97347,0.97388,4.50,2.40
2010.12.07 13:06:03.309,0.97347,0.9739,4.40,4.60
2010.12.07 13:06:03.792,0.97354,0.9739,1.50,4.60
2010.12.07 13:06:04.018,0.97348,0.97391,1.30,2.90
2010.12.07 13:06:04.130,0.97351,0.97392,2.30,4.70
2010.12.07 13:06:04.746,0.97349,0.9739,1.10,2.70
2010.12.07 13:06:05.250,0.97349,0.9739,1.10,2.70
2010.12.07 13:06:05.469,0.97349,0.9739,1.10,2.80
2010.12.07 13:06:06.981,0.97349,0.97392,1.10,4.50
2010.12.07 13:06:07.588,0.97349,0.97391,1.10,2.90
2010.12.07 13:06:07.734,0.97349,0.97391,1.10,3.00
2010.12.07 13:06:09.065,0.97349,0.97391,1.10,2.90
2010.12.07 13:06:09.598,0.97348,0.97391,3.40,3.00
2010.12.07 13:06:10.222,0.97349,0.9739,1.10,2.70
2010.12.07 13:06:11.210,0.97349,0.97391,1.10,2.90
2010.12.07 13:06:12.502,0.97349,0.97392,3.40,10.10
2010.12.07 13:06:13.809,0.97349,0.97391,1.10,2.90
2010.12.07 13:06:16.047,0.97348,0.97391,2.60,2.90
2010.12.07 13:06:17.147,0.97348,0.97391,2.60,2.90
2010.12.07 13:06:17.792,0.97348,0.97391,2.60,2.90
2010.12.07 13:06:17.932,0.97348,0.97391,2.60,2.90
2010.12.07 13:06:18.262,0.97351,0.97391,1.40,2.40
2010.12.07 13:06:18.370,0.97351,0.97391,1.40,2.30
2010.12.07 13:06:18.482,0.97355,0.97391,2.10,2.30
2010.12.07 13:06:18.941,0.97355,0.97395,2.10,2.30
2010.12.07 13:06:19.072,0.97359,0.97395,1.40,2.30
2010.12.07 13:06:19.721,0.9736,0.97403,2.70,4.60
2010.12.07 13:06:19.859,0.97362,0.97402,2.30,2.70
2010.12.07 13:06:20.602,0.97361,0.97393,2.30,2.30
2010.12.07 13:06:20.752,0.97356,0.97398,1.90,2.60
2010.12.07 13:06:20.864,0.97356,0.97398,1.50,3.00
2010.12.07 13:06:20.979,0.97352,0.97395,2.90,2.40
2010.12.07 13:06:21.896,0.97352,0.97395,2.90,2.30
2010.12.07 13:06:22.031,0.9735,0.97392,2.50,2.70
2010.12.07 13:06:22.139,0.97351,0.97393,2.30,2.80
2010.12.07 13:06:22.795,0.97348,0.97393,2.30,6.60
2010.12.07 13:06:22.968,0.97348,0.97382,2.30,2.70
2010.12.07 13:06:23.775,0.97332,0.97372,2.90,2.30
2010.12.07 13:06:24.721,0.97337,0.97376,2.60,2.30
2010.12.07 13:06:24.829,0.97337,0.97378,2.60,2.40
2010.12.07 13:06:25.130,0.97337,0.9738,2.60,2.30
2010.12.07 13:06:25.429,0.97337,0.9738,2.60,2.40
2010.12.07 13:06:26.969,0.97342,0.97383,2.30,10.10
2010.12.07 13:06:27.202,0.97347,0.97385,2.50,2.70
2010.12.07 13:06:27.310,0.97347,0.97388,2.30,12.20
2010.12.07 13:06:27.980,0.97342,0.97385,2.50,2.70
2010.12.07 13:06:29.497,0.97341,0.97386,3.70,2.70
2010.12.07 13:06:29.953,0.97341,0.97386,3.60,2.70
2010.12.07 13:06:30.069,0.97341,0.97386,3.60,2.70
2010.12.07 13:06:31.086,0.97341,0.97386,3.60,2.70
2010.12.07 13:06:37.652,0.97341,0.97386,3.70,2.70
2010.12.07 13:06:39.239,0.97341,0.97386,3.60,2.70
2010.12.07 13:06:40.851,0.97338,0.97373,4.90,1.50
2010.12.07 13:06:40.960,0.97338,0.97373,2.30,1.70
2010.12.07 13:06:41.534,0.97338,0.97379,2.30,1.70
2010.12.07 13:06:41.670,0.9733,0.97372,2.30,2.80
2010.12.07 13:06:41.779,0.97328,0.97371,4.70,2.70
2010.12.07 13:06:42.690,0.9733,0.97372,2.80,2.30
2010.12.07 13:06:43.621,0.9733,0.97373,2.80,4.50
2010.12.07 13:06:43.984,0.9733,0.97373,2.70,4.60
2010.12.07 13:06:44.208,0.9733,0.97373,3.00,4.50
2010.12.07 13:06:45.391,0.9733,0.97372,3.00,2.30
2010.12.07 13:06:46.491,0.97331,0.97372,2.70,2.40
2010.12.07 13:06:46.601,0.97338,0.97376,2.30,2.70
2010.12.07 13:06:46.929,0.97331,0.97372,6.30,2.30
2010.12.07 13:06:47.040,0.97331,0.97372,2.70,2.30
2010.12.07 13:06:47.580,0.97328,0.97371,2.40,2.70
2010.12.07 13:06:48.322,0.97329,0.97372,2.30,4.90
2010.12.07 13:06:48.429,0.97329,0.97372,2.30,4.90
2010.12.07 13:06:48.540,0.97328,0.97371,2.30,2.70
2010.12.07 13:06:49.107,0.97329,0.97373,2.40,4.90
2010.12.07 13:06:51.192,0.97329,0.97373,2.40,2.70
2010.12.07 13:06:53.384,0.9733,0.97372,2.40,1.90
2010.12.07 13:06:53.504,0.97327,0.9737,2.60,2.70
2010.12.07 13:06:54.012,0.97328,0.9737,3.00,2.30
2010.12.07 13:06:54.126,0.97334,0.97372,2.30,2.30
2010.12.07 13:06:55.009,0.9734,0.97372,2.30,2.30
2010.12.07 13:06:55.119,0.97336,0.97372,2.40,2.30
2010.12.07 13:06:57.279,0.97336,0.97372,2.40,2.30
2010.12.07 13:06:58.126,0.97336,0.97372,2.40,2.40
2010.12.07 13:06:59.173,0.97335,0.97372,2.40,2.30
2010.12.07 13:06:59.282,0.97337,0.97362,2.40,1.90
2010.12.07 13:06:59.396,0.97326,0.97353,2.30,2.30
2010.12.07 13:06:59.970,0.97317,0.97353,2.40,4.20
2010.12.07 13:07:00.095,0.97313,0.97342,2.30,3.80
2010.12.07 13:07:00.209,0.97313,0.97342,2.30,4.70
2010.12.07 13:07:01.640,0.97301,0.97342,2.30,1.70
2010.12.07 13:07:02.655,0.97302,0.97342,2.30,4.00
2010.12.07 13:07:03.368,0.97301,0.97341,4.50,1.80
2010.12.07 13:07:03.511,0.97299,0.97341,2.30,1.10
2010.12.07 13:07:03.621,0.97301,0.97341,2.30,1.10
2010.12.07 13:07:04.555,0.97299,0.97332,2.30,2.30
2010.12.07 13:07:04.679,0.97295,0.97332,2.30,2.30
2010.12.07 13:07:04.789,0.97293,0.97332,2.40,2.30
2010.12.07 13:07:05.629,0.97292,0.97332,2.30,2.40
2010.12.07 13:07:06.457,0.97293,0.97332,2.30,2.50
2010.12.07 13:07:07.793,0.97295,0.97332,2.30,2.60
2010.12.07 13:07:07.910,0.97295,0.97332,2.30,2.60
2010.12.07 13:07:08.020,0.97294,0.97332,2.30,2.60
2010.12.07 13:07:08.582,0.97288,0.97331,4.70,2.30
2010.12.07 13:07:09.702,0.97288,0.97331,2.60,2.30
2010.12.07 13:07:09.919,0.97289,0.97332,2.50,4.80
2010.12.07 13:07:10.499,0.97288,0.97331,4.80,2.30
2010.12.07 13:07:12.502,0.97284,0.97323,2.30,4.00
2010.12.07 13:07:13.124,0.9728,0.97323,2.50,4.80
2010.12.07 13:07:14.008,0.9728,0.97323,2.60,4.70
2010.12.07 13:07:15.171,0.9728,0.97312,2.80,2.30
2010.12.07 13:07:15.389,0.9728,0.97312,2.60,2.30
2010.12.07 13:07:16.041,0.9728,0.97312,2.60,2.30
2010.12.07 13:07:17.414,0.9728,0.97312,2.60,2.30
2010.12.07 13:07:17.965,0.97278,0.97312,6.20,2.30
2010.12.07 13:07:18.191,0.97279,0.97312,2.50,2.30
2010.12.07 13:07:19.040,0.97279,0.97312,6.00,2.30
2010.12.07 13:07:19.462,0.97279,0.97312,2.60,2.30
2010.12.07 13:07:20.423,0.97279,0.97312,2.60,2.30
2010.12.07 13:07:22.413,0.9728,0.97312,2.50,2.30
2010.12.07 13:07:23.836,0.9728,0.97312,2.60,2.30
2010.12.07 13:07:23.952,0.9728,0.97312,2.50,2.40
2010.12.07 13:07:25.847,0.9728,0.97322,2.50,2.80
2010.12.07 13:07:25.994,0.97281,0.97312,2.30,2.30
2010.12.07 13:07:27.669,0.9728,0.97312,2.50,2.30
2010.12.07 13:07:29.999,0.97276,0.97312,7.10,2.30
2010.12.07 13:07:30.749,0.97275,0.97313,2.80,2.30
2010.12.07 13:07:30.875,0.97271,0.97313,3.70,2.30
2010.12.07 13:07:32.538,0.97276,0.97313,1.40,2.30
2010.12.07 13:07:34.492,0.97277,0.97313,2.60,2.40
2010.12.07 13:07:34.820,0.97274,0.97313,2.50,2.40
2010.12.07 13:07:37.512,0.97275,0.97313,1.40,2.40
2010.12.07 13:07:38.282,0.97276,0.97313,2.10,2.30
2010.12.07 13:07:39.430,0.9727,0.97308,2.60,1.90
2010.12.07 13:07:39.544,0.97266,0.97308,1.80,2.10
2010.12.07 13:07:40.713,0.97264,0.97303,2.50,2.30
2010.12.07 13:07:41.733,0.97263,0.97303,2.80,2.30
2010.12.07 13:07:41.864,0.97263,0.97303,2.50,2.30
2010.12.07 13:07:42.942,0.97263,0.97303,2.60,2.70
2010.12.07 13:07:43.427,0.97263,0.97303,2.30,2.70
2010.12.07 13:07:43.568,0.97262,0.97293,2.30,2.30
2010.12.07 13:07:44.232,0.97257,0.97292,2.30,2.30
2010.12.07 13:07:44.350,0.9726,0.97292,2.30,2.30
2010.12.07 13:07:45.103,0.97259,0.97292,2.30,2.30
2010.12.07 13:07:45.782,0.9726,0.97292,2.30,2.30
2010.12.07 13:07:46.359,0.97268,0.97292,2.30,2.40
2010.12.07 13:07:47.038,0.97269,0.97292,2.30,2.30
2010.12.07 13:07:48.579,0.97268,0.97292,2.30,2.30
2010.12.07 13:07:49.378,0.97266,0.97292,4.50,2.30
2010.12.07 13:07:51.160,0.97269,0.97292,2.30,2.30
2010.12.07 13:07:51.909,0.97266,0.97292,4.60,2.30
2010.12.07 13:07:52.392,0.97269,0.97292,2.30,2.30
2010.12.07 13:07:52.611,0.9726,0.97292,2.60,2.30
2010.12.07 13:07:52.830,0.97263,0.97302,2.40,2.90
2010.12.07 13:07:52.942,0.97263,0.97302,2.40,2.50
2010.12.07 13:07:53.950,0.97268,0.97311,2.40,2.70
2010.12.07 13:07:54.060,0.97268,0.97311,2.50,2.70
2010.12.07 13:07:54.769,0.9727,0.97302,2.40,2.30
2010.12.07 13:07:54.881,0.9727,0.97302,2.30,2.30
2010.12.07 13:07:55.209,0.97273,0.97302,2.30,2.30
2010.12.07 13:07:55.972,0.97271,0.97302,2.30,2.30
2010.12.07 13:07:56.171,0.97263,0.97302,2.40,2.30
2010.12.07 13:07:56.760,0.97263,0.97293,2.40,2.30
2010.12.07 13:07:57.309,0.97261,0.97293,3.00,2.30
2010.12.07 13:07:57.547,0.97261,0.97293,2.70,2.30
2010.12.07 13:07:58.187,0.97261,0.97293,2.80,2.30
2010.12.07 13:07:58.309,0.97261,0.97303,2.60,2.70
2010.12.07 13:07:58.530,0.9726,0.97303,2.70,4.60
2010.12.07 13:07:58.641,0.97262,0.97303,2.40,2.70
2010.12.07 13:07:59.315,0.97264,0.97293,2.30,2.30
2010.12.07 13:08:00.400,0.97262,0.97293,2.40,2.30
2010.12.07 13:08:00.553,0.97262,0.97293,2.40,2.30
2010.12.07 13:08:01.047,0.97262,0.97293,2.60,2.30
2010.12.07 13:08:01.272,0.97261,0.97303,2.40,3.00
2010.12.07 13:08:03.237,0.97261,0.97303,2.40,2.90
2010.12.07 13:08:03.906,0.97257,0.97292,2.60,2.30
2010.12.07 13:08:04.192,0.97256,0.97292,12.80,2.30
2010.12.07 13:08:04.519,0.97257,0.97292,2.60,2.30
2010.12.07 13:08:05.190,0.97258,0.97292,2.60,2.30
2010.12.07 13:08:05.899,0.97257,0.97292,2.60,2.30
2010.12.07 13:08:06.915,0.97257,0.97292,2.60,2.30
2010.12.07 13:08:07.067,0.97258,0.97293,2.60,2.30
2010.12.07 13:08:07.290,0.97257,0.97301,6.00,2.90
2010.12.07 13:08:07.404,0.97256,0.97292,12.60,2.30
2010.12.07 13:08:08.219,0.97257,0.97292,2.60,2.30
2010.12.07 13:08:08.331,0.97257,0.97292,2.40,2.30
2010.12.07 13:08:08.440,0.97259,0.97292,2.30,2.30
2010.12.07 13:08:08.659,0.97257,0.97292,2.40,2.30
2010.12.07 13:08:09.691,0.9726,0.97302,2.30,3.00
2010.12.07 13:08:10.428,0.97259,0.97302,2.40,2.90
2010.12.07 13:08:10.700,0.97259,0.97302,2.30,3.20
2010.12.07 13:08:10.809,0.97259,0.97292,2.30,2.30
2010.12.07 13:08:11.583,0.97255,0.97292,2.40,2.30
2010.12.07 13:08:12.632,0.97255,0.97292,2.30,2.40
2010.12.07 13:08:13.589,0.97255,0.97292,2.40,2.30
2010.12.07 13:08:14.489,0.97254,0.97292,2.30,2.40
2010.12.07 13:08:15.139,0.97254,0.97292,2.40,2.30
2010.12.07 13:08:17.221,0.97254,0.97292,2.40,1.70
2010.12.07 13:08:17.329,0.97254,0.97292,2.30,1.60
2010.12.07 13:08:18.940,0.97254,0.97292,2.40,2.40
2010.12.07 13:08:19.279,0.97252,0.97282,2.80,2.30
2010.12.07 13:08:19.390,0.97252,0.97282,2.60,2.30
2010.12.07 13:08:19.499,0.97252,0.97292,2.60,2.30
2010.12.07 13:08:20.729,0.97254,0.97292,2.40,2.30
2010.12.07 13:08:21.203,0.97254,0.97292,2.30,2.40
2010.12.07 13:08:21.438,0.97254,0.97292,2.40,2.30
2010.12.07 13:08:22.709,0.97254,0.97292,2.30,2.30
2010.12.07 13:08:24.730,0.97254,0.97297,2.30,2.70
2010.12.07 13:08:25.172,0.97252,0.97297,3.20,2.30
2010.12.07 13:08:25.280,0.97258,0.97297,2.50,2.30
2010.12.07 13:08:25.937,0.97266,0.97297,1.50,2.30
2010.12.07 13:08:26.059,0.97264,0.97307,2.30,2.40
2010.12.07 13:08:26.617,0.97264,0.97307,2.30,2.30
2010.12.07 13:08:26.732,0.97258,0.97303,5.60,2.40
2010.12.07 13:08:27.335,0.97259,0.97303,1.10,2.30
2010.12.07 13:08:27.821,0.97261,0.97303,1.10,2.30
2010.12.07 13:08:28.042,0.97261,0.97296,2.30,1.50
2010.12.07 13:08:28.568,0.97261,0.97301,2.30,3.00
2010.12.07 13:08:28.688,0.97258,0.97301,4.70,3.00
2010.12.07 13:08:29.129,0.97258,0.97301,7.00,2.30
2010.12.07 13:08:29.249,0.9726,0.97302,2.40,2.30
2010.12.07 13:08:30.509,0.97261,0.97302,2.40,2.40
2010.12.07 13:08:33.859,0.97258,0.973,6.20,2.30
2010.12.07 13:08:34.604,0.97259,0.97302,2.60,2.50
2010.12.07 13:08:35.859,0.97259,0.97302,2.60,2.50
2010.12.07 13:08:37.165,0.97259,0.97302,2.60,2.50
2010.12.07 13:08:37.833,0.97258,0.97301,2.60,4.60
2010.12.07 13:08:38.733,0.97255,0.973,2.40,2.80
2010.12.07 13:08:39.213,0.97255,0.973,2.40,2.60
2010.12.07 13:08:39.549,0.97256,0.97301,2.40,5.50
2010.12.07 13:08:40.461,0.97256,0.97299,2.30,2.60
2010.12.07 13:08:40.792,0.97256,0.97301,2.60,2.30
2010.12.07 13:08:41.367,0.97259,0.97302,2.50,2.30
2010.12.07 13:08:41.590,0.97259,0.97302,2.30,2.30
2010.12.07 13:08:41.700,0.97256,0.97301,2.60,2.30
2010.12.07 13:08:42.475,0.97256,0.973,2.30,2.40
2010.12.07 13:08:43.476,0.97257,0.97297,3.80,2.30
2010.12.07 13:08:44.132,0.97257,0.97297,4.10,2.30
2010.12.07 13:08:44.466,0.97257,0.97299,4.10,2.40
2010.12.07 13:08:45.522,0.97257,0.97299,4.10,2.30
2010.12.07 13:08:46.146,0.97257,0.97302,15.60,2.30
2010.12.07 13:08:46.299,0.9726,0.97303,3.30,4.60
2010.12.07 13:08:46.520,0.97262,0.97305,6.00,2.30
2010.12.07 13:08:47.697,0.97262,0.97305,6.20,2.40
2010.12.07 13:08:47.813,0.9726,0.97303,2.30,2.40
2010.12.07 13:08:51.721,0.97266,0.97303,1.90,2.30
2010.12.07 13:08:51.831,0.97266,0.97306,1.90,2.30
2010.12.07 13:08:52.853,0.97266,0.97306,1.90,2.30
2010.12.07 13:08:53.711,0.97266,0.97306,1.80,2.40
2010.12.07 13:08:53.932,0.97266,0.97307,1.90,2.40
2010.12.07 13:08:54.476,0.97265,0.97307,1.50,2.40
2010.12.07 13:08:54.701,0.97266,0.97304,1.50,1.70
2010.12.07 13:08:55.255,0.97266,0.97306,2.60,2.40
2010.12.07 13:08:55.415,0.97266,0.97306,6.00,2.30
2010.12.07 13:08:57.700,0.97266,0.97306,2.60,2.40
2010.12.07 13:09:00.869,0.97266,0.97307,6.00,2.40
2010.12.07 13:09:05.546,0.97267,0.97311,2.40,1.10
2010.12.07 13:09:06.821,0.97267,0.97312,2.40,3.40
2010.12.07 13:09:07.521,0.97267,0.97311,2.30,1.10
2010.12.07 13:09:08.051,0.97267,0.97311,2.30,2.30
2010.12.07 13:09:08.175,0.97266,0.97309,3.90,2.50
2010.12.07 13:09:08.871,0.97266,0.97309,3.90,2.60
2010.12.07 13:09:09.973,0.97266,0.97309,3.90,6.00
2010.12.07 13:09:10.190,0.97266,0.97309,3.80,6.00
2010.12.07 13:09:10.300,0.97266,0.97311,3.90,3.40
2010.12.07 13:09:10.409,0.97268,0.97311,2.60,3.40
2010.12.07 13:09:10.669,0.97268,0.97311,2.40,3.40
2010.12.07 13:09:11.465,0.97275,0.97312,1.50,2.40
2010.12.07 13:09:11.858,0.97278,0.97315,2.50,1.50
2010.12.07 13:09:12.464,0.97278,0.97314,2.30,1.50
2010.12.07 13:09:12.799,0.97277,0.97313,2.50,2.30
2010.12.07 13:09:12.910,0.97277,0.97314,6.00,1.50
2010.12.07 13:09:13.981,0.97277,0.97314,2.40,1.50
2010.12.07 13:09:14.511,0.97277,0.97314,6.20,1.50
2010.12.07 13:09:15.849,0.97274,0.97315,1.10,3.80
2010.12.07 13:09:16.353,0.97273,0.97314,2.50,2.30
2010.12.07 13:09:18.589,0.97273,0.97314,1.10,2.30
2010.12.07 13:09:19.164,0.97273,0.97315,2.30,3.80
2010.12.07 13:09:20.340,0.97276,0.97314,9.80,1.50
2010.12.07 13:09:21.267,0.97277,0.97314,2.40,1.50
2010.12.07 13:09:21.772,0.97277,0.97314,2.40,1.70
2010.12.07 13:09:22.101,0.97276,0.97314,1.60,2.50
2010.12.07 13:09:22.734,0.97272,0.97313,2.40,2.50
2010.12.07 13:09:22.849,0.97272,0.97314,6.00,1.70
2010.12.07 13:09:23.931,0.97272,0.97315,2.60,2.30
2010.12.07 13:09:24.068,0.97272,0.97315,2.80,2.40
2010.12.07 13:09:24.942,0.97272,0.97315,2.60,2.30
2010.12.07 13:09:26.220,0.97272,0.97313,2.40,2.30
2010.12.07 13:09:26.440,0.97271,0.97313,2.60,2.40
2010.12.07 13:09:26.970,0.97276,0.97313,1.50,2.40
2010.12.07 13:09:27.109,0.97276,0.97313,1.80,2.30
2010.12.07 13:09:28.281,0.97278,0.97314,2.60,1.50
2010.12.07 13:09:28.391,0.97278,0.97314,2.50,1.50
2010.12.07 13:09:29.053,0.97278,0.9731,2.30,2.30
2010.12.07 13:09:30.253,0.97267,0.97304,6.00,1.50
2010.12.07 13:09:31.481,0.97267,0.97304,6.50,1.50
2010.12.07 13:09:33.163,0.97267,0.97304,6.60,1.50
2010.12.07 13:09:33.282,0.97267,0.97304,6.50,1.50
2010.12.07 13:09:33.505,0.97271,0.97312,1.10,2.30
2010.12.07 13:09:34.102,0.97268,0.97304,6.00,1.50
2010.12.07 13:09:35.129,0.97268,0.97304,2.60,1.50
2010.12.07 13:09:35.977,0.97259,0.97302,2.40,2.30
2010.12.07 13:09:37.233,0.97259,0.97301,2.40,2.30
2010.12.07 13:09:37.683,0.97259,0.97301,1.10,2.30
2010.12.07 13:09:38.564,0.97266,0.97302,1.90,2.30
2010.12.07 13:09:38.906,0.97268,0.97312,2.60,2.30
2010.12.07 13:09:40.294,0.97277,0.97319,2.30,2.30
2010.12.07 13:09:41.054,0.97277,0.97319,2.50,2.40
2010.12.07 13:09:41.193,0.97277,0.97319,2.50,2.30
2010.12.07 13:09:41.409,0.97277,0.97319,2.80,2.30
2010.12.07 13:09:42.037,0.97278,0.97318,2.30,2.30
2010.12.07 13:09:42.154,0.97278,0.97315,2.30,1.50
2010.12.07 13:09:43.290,0.97278,0.97315,2.50,1.50
2010.12.07 13:09:45.859,0.97278,0.97319,2.60,2.30
2010.12.07 13:09:46.581,0.97278,0.9732,2.40,3.20
2010.12.07 13:09:47.283,0.97278,0.97315,2.60,1.70
2010.12.07 13:09:47.755,0.97278,0.97315,2.40,1.70
2010.12.07 13:09:48.261,0.97278,0.97315,2.30,2.50
2010.12.07 13:09:48.767,0.97274,0.97312,2.30,1.70
2010.12.07 13:09:48.959,0.97277,0.97316,2.60,2.30
2010.12.07 13:09:49.070,0.97271,0.97312,2.60,2.50
2010.12.07 13:09:50.490,0.97272,0.97312,2.50,2.30
2010.12.07 13:09:51.105,0.97278,0.97315,2.30,1.80
2010.12.07 13:09:52.449,0.97278,0.97315,2.30,1.90
2010.12.07 13:09:54.000,0.97278,0.97315,2.30,1.80
2010.12.07 13:09:54.436,0.97278,0.97315,2.50,1.60
2010.12.07 13:09:55.048,0.97275,0.97317,2.50,2.40
2010.12.07 13:09:55.161,0.97271,0.97316,2.60,2.30
2010.12.07 13:09:55.269,0.97271,0.97316,6.20,2.30
2010.12.07 13:09:55.379,0.97271,0.97316,2.60,2.30
2010.12.07 13:09:56.131,0.9727,0.97315,2.60,2.30
2010.12.07 13:09:56.553,0.9727,0.97315,2.80,2.30
2010.12.07 13:09:57.686,0.97271,0.97316,2.80,2.30
2010.12.07 13:10:01.129,0.97272,0.97317,2.60,2.40
2010.12.07 13:10:02.882,0.97275,0.97318,1.70,4.60
2010.12.07 13:10:04.026,0.97277,0.97321,2.60,2.40
2010.12.07 13:10:04.909,0.9728,0.97321,1.10,2.30
2010.12.07 13:10:06.511,0.9728,0.97323,1.10,2.40
2010.12.07 13:10:07.841,0.9728,0.97323,1.10,2.60
2010.12.07 13:10:09.386,0.97294,0.97327,1.50,2.30
2010.12.07 13:10:09.503,0.97288,0.97327,2.30,2.60
2010.12.07 13:10:09.793,0.97288,0.97327,2.30,2.30
2010.12.07 13:10:11.630,0.97288,0.97327,2.30,2.60
2010.12.07 13:10:11.850,0.97288,0.97327,2.30,2.30
2010.12.07 13:10:12.599,0.97288,0.97327,2.50,2.30
2010.12.07 13:10:13.149,0.97288,0.97329,2.50,2.60
2010.12.07 13:10:13.370,0.97288,0.97329,6.00,2.50
2010.12.07 13:10:15.457,0.97288,0.97329,2.60,2.50
2010.12.07 13:10:16.530,0.97288,0.97331,6.20,4.50
2010.12.07 13:10:16.640,0.97296,0.97331,1.50,4.50
2010.12.07 13:10:16.972,0.97297,0.97335,2.50,2.30
2010.12.07 13:10:17.622,0.97297,0.97341,2.60,2.30
2010.12.07 13:10:18.157,0.97297,0.97341,2.60,2.30
2010.12.07 13:10:19.286,0.97297,0.97341,2.60,2.40
2010.12.07 13:10:19.953,0.97297,0.97341,2.60,2.30
2010.12.07 13:10:20.930,0.97297,0.97341,2.60,2.60
2010.12.07 13:10:22.023,0.97297,0.97341,2.60,2.50
2010.12.07 13:10:22.133,0.97297,0.97341,11.80,2.50
2010.12.07 13:10:22.760,0.97301,0.97343,1.10,2.40
2010.12.07 13:10:23.862,0.97299,0.97343,2.60,2.40
2010.12.07 13:10:24.249,0.97299,0.97343,6.00,2.30
2010.12.07 13:10:24.579,0.97299,0.97343,2.60,2.30
2010.12.07 13:10:25.100,0.97299,0.97343,2.40,2.50
2010.12.07 13:10:25.216,0.97298,0.97341,2.30,2.30
2010.12.07 13:10:25.395,0.97298,0.97341,2.40,2.40
2010.12.07 13:10:26.248,0.97297,0.97332,2.40,1.50
2010.12.07 13:10:26.414,0.97293,0.97331,2.30,2.30
2010.12.07 13:10:26.531,0.97278,0.97323,4.90,2.30
2010.12.07 13:10:26.640,0.97278,0.97323,4.80,2.30
2010.12.07 13:10:27.509,0.97278,0.97323,12.20,2.30
2010.12.07 13:10:27.626,0.97278,0.97323,4.80,2.30
2010.12.07 13:10:28.198,0.97277,0.9732,2.40,2.30
2010.12.07 13:10:28.420,0.97276,0.97319,2.30,2.30
2010.12.07 13:10:28.949,0.97276,0.97319,2.40,2.30
2010.12.07 13:10:30.364,0.97274,0.97317,2.40,2.30
2010.12.07 13:10:30.888,0.97274,0.97317,2.30,2.30
2010.12.07 13:10:31.505,0.97274,0.97319,2.50,2.40
2010.12.07 13:10:31.620,0.97277,0.9732,3.80,2.40
2010.12.07 13:10:31.843,0.97278,0.97323,2.60,4.50
2010.12.07 13:10:32.449,0.97278,0.97323,2.50,2.40
2010.12.07 13:10:32.561,0.97286,0.97323,1.50,2.40
2010.12.07 13:10:32.671,0.97287,0.97328,2.30,2.30
2010.12.07 13:10:32.891,0.97284,0.97327,2.50,2.30
2010.12.07 13:10:33.545,0.97284,0.97327,2.30,2.30
2010.12.07 13:10:34.312,0.9728,0.97323,4.60,2.30
2010.12.07 13:10:34.742,0.9728,0.97323,2.40,2.30
2010.12.07 13:10:35.625,0.9728,0.97323,2.40,2.30
2010.12.07 13:10:39.432,0.9728,0.97323,2.40,2.30
2010.12.07 13:10:40.254,0.9728,0.97323,2.40,2.40
2010.12.07 13:10:40.867,0.9728,0.97322,2.40,2.30
2010.12.07 13:10:41.569,0.97278,0.97322,2.40,6.00
2010.12.07 13:10:42.799,0.97278,0.97322,2.30,6.20
2010.12.07 13:10:43.810,0.97278,0.97322,2.60,6.30
2010.12.07 13:10:44.643,0.97278,0.97322,2.50,6.40
2010.12.07 13:10:44.990,0.97278,0.97322,2.60,6.30
2010.12.07 13:10:45.103,0.97278,0.97322,5.50,2.30
2010.12.07 13:10:46.486,0.97281,0.97323,1.10,2.40
2010.12.07 13:10:47.803,0.9728,0.97323,2.60,2.40
2010.12.07 13:10:47.941,0.9728,0.97323,6.00,2.40
2010.12.07 13:10:48.889,0.9728,0.97323,2.60,2.40
2010.12.07 13:10:49.109,0.9728,0.97323,2.60,2.40
2010.12.07 13:10:49.790,0.97278,0.97321,4.60,2.30
2010.12.07 13:10:50.250,0.97278,0.97321,5.60,2.30
2010.12.07 13:10:50.913,0.97278,0.9732,2.60,2.30
2010.12.07 13:10:52.280,0.97278,0.9732,2.40,2.30
2010.12.07 13:10:54.570,0.97278,0.97321,4.90,2.40
2010.12.07 13:10:54.970,0.97278,0.97321,4.80,2.40
2010.12.07 13:10:55.083,0.97278,0.9732,2.50,2.60
2010.12.07 13:10:55.763,0.97278,0.97317,2.50,2.40
2010.12.07 13:10:56.982,0.97277,0.97317,2.40,4.90
2010.12.07 13:10:58.132,0.97277,0.97313,2.30,1.90
2010.12.07 13:10:59.432,0.97277,0.97312,2.40,1.70
2010.12.07 13:10:59.653,0.97269,0.97312,3.40,6.20
2010.12.07 13:11:00.850,0.97269,0.97312,8.30,6.20
2010.12.07 13:11:01.831,0.97269,0.97312,7.90,6.20
2010.12.07 13:11:02.617,0.97272,0.97312,2.50,6.00
2010.12.07 13:11:02.737,0.97272,0.97312,2.80,2.30
2010.12.07 13:11:03.030,0.97272,0.97312,1.30,2.30
2010.12.07 13:11:04.180,0.97269,0.97312,2.30,2.30
2010.12.07 13:11:04.399,0.9727,0.97312,6.40,2.30
2010.12.07 13:11:05.265,0.97278,0.97317,2.40,2.30
2010.12.07 13:11:05.380,0.97278,0.97317,2.30,2.30
2010.12.07 13:11:06.250,0.97278,0.97317,2.40,2.30
2010.12.07 13:11:06.580,0.97278,0.97317,2.50,2.30
2010.12.07 13:11:07.020,0.97278,0.9732,2.60,2.40
2010.12.07 13:11:07.762,0.97279,0.97322,2.60,2.50
2010.12.07 13:11:08.331,0.9728,0.97325,2.60,2.40
2010.12.07 13:11:10.760,0.97283,0.97326,2.60,2.40
2010.12.07 13:11:11.331,0.97283,0.97326,2.60,2.40
2010.12.07 13:11:11.801,0.97282,0.97325,2.80,2.30
2010.12.07 13:11:12.286,0.97283,0.97328,2.60,2.50
2010.12.07 13:11:13.397,0.97283,0.97326,2.30,2.40
2010.12.07 13:11:14.643,0.97283,0.97326,2.30,2.60
2010.12.07 13:11:16.013,0.97283,0.97326,2.30,2.40
2010.12.07 13:11:17.281,0.97283,0.97326,2.30,4.70
2010.12.07 13:11:18.320,0.97278,0.97322,2.40,3.30
2010.12.07 13:11:18.451,0.97275,0.97318,2.40,2.50
2010.12.07 13:11:19.750,0.97275,0.97318,2.40,2.50
2010.12.07 13:11:20.980,0.97275,0.97318,2.40,2.50
2010.12.07 13:11:22.210,0.97278,0.97319,2.60,2.30
2010.12.07 13:11:22.320,0.97278,0.97321,2.40,2.30
2010.12.07 13:11:22.540,0.97278,0.97319,2.40,2.30
2010.12.07 13:11:23.230,0.97278,0.97316,2.30,1.50
2010.12.07 13:11:24.362,0.97277,0.97318,3.40,2.30
2010.12.07 13:11:24.580,0.97277,0.9732,5.60,2.30
2010.12.07 13:11:25.198,0.97277,0.97322,5.00,4.10
2010.12.07 13:11:25.510,0.97277,0.97322,4.80,4.10
2010.12.07 13:11:26.407,0.97277,0.97319,2.50,5.90
2010.12.07 13:11:26.521,0.97277,0.97319,2.60,2.40
2010.12.07 13:11:27.186,0.97277,0.97307,2.40,1.50
2010.12.07 13:11:27.312,0.97277,0.97313,2.30,1.60
2010.12.07 13:11:27.952,0.97277,0.97313,2.40,1.70
2010.12.07 13:11:30.384,0.97278,0.97312,2.40,3.80
2010.12.07 13:11:31.953,0.97278,0.97312,2.40,3.80
2010.12.07 13:11:32.252,0.97278,0.97312,2.30,3.80
2010.12.07 13:11:33.290,0.97278,0.97312,2.40,3.80
2010.12.07 13:11:33.820,0.97273,0.97312,3.20,4.00
2010.12.07 13:11:39.535,0.97271,0.97312,1.80,4.10
2010.12.07 13:11:41.719,0.97278,0.97312,2.60,3.80
2010.12.07 13:11:43.223,0.97278,0.97312,2.40,3.90
2010.12.07 13:11:47.339,0.97277,0.97312,2.40,1.50
2010.12.07 13:11:47.485,0.97277,0.97312,2.60,1.50
2010.12.07 13:11:48.685,0.97278,0.97312,2.30,3.80
2010.12.07 13:11:48.911,0.97274,0.97312,2.30,1.70
2010.12.07 13:11:49.022,0.97274,0.97312,2.30,2.50
2010.12.07 13:11:49.648,0.97268,0.97302,2.30,2.30
2010.12.07 13:11:50.589,0.97268,0.97302,2.60,2.30
2010.12.07 13:11:50.737,0.97268,0.97302,2.40,2.30
2010.12.07 13:11:51.691,0.97264,0.97302,4.90,2.30
2010.12.07 13:11:51.801,0.97264,0.97302,4.70,2.30
2010.12.07 13:11:52.669,0.97267,0.97302,1.50,2.30
2010.12.07 13:11:53.550,0.97267,0.97302,1.50,2.40
2010.12.07 13:11:55.433,0.97267,0.97302,1.50,2.30
2010.12.07 13:11:56.260,0.97267,0.97305,4.10,1.50
2010.12.07 13:11:56.370,0.97267,0.97305,6.20,1.60
2010.12.07 13:11:56.480,0.97267,0.97311,6.20,2.40
2010.12.07 13:11:58.311,0.97267,0.9731,4.00,2.40
2010.12.07 13:11:58.531,0.97268,0.9731,4.00,2.40
2010.12.07 13:11:59.343,0.97268,0.97312,6.30,6.20
2010.12.07 13:12:00.011,0.97278,0.97312,2.30,6.00
2010.12.07 13:12:00.801,0.97278,0.97312,2.30,3.90
2010.12.07 13:12:02.019,0.97274,0.97312,1.70,1.70
2010.12.07 13:12:03.420,0.97274,0.97312,1.80,1.60
2010.12.07 13:12:04.231,0.97274,0.97312,1.70,1.50
2010.12.07 13:12:08.091,0.97274,0.97312,1.90,1.50
2010.12.07 13:12:08.438,0.97282,0.97313,1.10,2.30
2010.12.07 13:12:09.024,0.97285,0.97319,1.70,4.60
2010.12.07 13:12:09.166,0.97295,0.97319,1.50,2.30
2010.12.07 13:12:09.732,0.97295,0.97332,1.50,4.60
2010.12.07 13:12:09.846,0.97297,0.97335,3.20,2.30
2010.12.07 13:12:10.444,0.97297,0.97336,2.50,2.30
2010.12.07 13:12:10.661,0.97295,0.97341,3.40,2.50
2010.12.07 13:12:11.390,0.97298,0.9734,2.50,2.50
2010.12.07 13:12:12.167,0.97297,0.97338,3.30,2.30
2010.12.07 13:12:12.663,0.97298,0.97341,1.10,2.30
2010.12.07 13:12:12.770,0.97297,0.97341,11.60,2.50
2010.12.07 13:12:14.073,0.97298,0.97341,2.60,2.50
2010.12.07 13:12:14.509,0.97298,0.97341,6.00,2.50
2010.12.07 13:12:15.932,0.97298,0.97334,2.60,1.50
2010.12.07 13:12:18.510,0.97301,0.97339,1.10,2.40
2010.12.07 13:12:19.493,0.97305,0.97343,2.80,2.30
2010.12.07 13:12:19.709,0.97305,0.97343,2.60,2.30
2010.12.07 13:12:21.164,0.97305,0.97343,2.80,2.30
2010.12.07 13:12:21.680,0.97304,0.97343,6.20,2.30
2010.12.07 13:12:21.789,0.97304,0.97343,2.60,2.30
2010.12.07 13:12:22.406,0.97301,0.97343,2.60,3.20
2010.12.07 13:12:22.631,0.97301,0.97343,8.00,2.30
2010.12.07 13:12:23.181,0.97301,0.97343,7.90,2.40
2010.12.07 13:12:24.149,0.97301,0.97343,8.00,2.30
2010.12.07 13:12:24.729,0.97301,0.97343,1.10,2.40
2010.12.07 13:12:26.772,0.97302,0.97343,6.50,2.40
2010.12.07 13:12:27.579,0.97302,0.97343,6.50,2.40
2010.12.07 13:12:29.259,0.97304,0.97343,1.40,2.30
2010.12.07 13:12:29.630,0.97308,0.97344,2.40,1.70
2010.12.07 13:12:30.213,0.97307,0.97343,2.40,2.30
2010.12.07 13:12:30.423,0.97307,0.97343,2.40,2.30
2010.12.07 13:12:30.639,0.97307,0.97343,2.40,2.30
2010.12.07 13:12:31.720,0.97307,0.97343,2.40,2.30
2010.12.07 13:12:32.523,0.97307,0.97343,2.40,2.70
2010.12.07 13:12:32.959,0.973,0.97335,6.00,1.50
2010.12.07 13:12:35.775,0.97303,0.9734,1.40,1.50
2010.12.07 13:12:36.020,0.97306,0.97342,1.90,2.30
2010.12.07 13:12:36.349,0.97308,0.97344,2.60,1.50
2010.12.07 13:12:36.570,0.97308,0.97344,2.60,1.50
2010.12.07 13:12:37.121,0.97311,0.97344,2.40,1.50
2010.12.07 13:12:37.990,0.97308,0.97339,3.00,1.50
2010.12.07 13:12:38.638,0.9731,0.97343,2.60,1.50
2010.12.07 13:12:38.753,0.97312,0.97352,1.20,2.50
2010.12.07 13:12:38.861,0.97318,0.97352,2.40,2.50
2010.12.07 13:12:38.971,0.97318,0.97352,2.30,2.50
2010.12.07 13:12:39.517,0.97318,0.97352,2.40,2.50
2010.12.07 13:12:39.641,0.97318,0.97352,2.40,2.30
2010.12.07 13:12:39.989,0.97318,0.97352,2.60,2.30
2010.12.07 13:12:40.320,0.97318,0.97352,2.70,2.30
2010.12.07 13:12:41.031,0.97318,0.97352,2.60,2.30
2010.12.07 13:12:44.044,0.97318,0.97352,2.40,2.30
2010.12.07 13:12:45.213,0.97318,0.97352,2.40,2.30
2010.12.07 13:12:45.349,0.97318,0.97352,2.30,2.90
2010.12.07 13:12:45.460,0.9731,0.97351,2.80,2.90
2010.12.07 13:12:46.256,0.97309,0.97352,1.40,1.40
2010.12.07 13:12:47.135,0.97308,0.97343,2.40,1.40
2010.12.07 13:12:47.255,0.97305,0.97342,3.90,2.90
2010.12.07 13:12:48.205,0.97305,0.97342,3.90,2.90
2010.12.07 13:12:48.850,0.97305,0.97342,3.90,2.90
2010.12.07 13:12:50.181,0.97305,0.97342,3.90,2.90
2010.12.07 13:12:50.809,0.97305,0.97342,3.90,2.90
2010.12.07 13:12:52.181,0.97308,0.97342,2.30,2.30
2010.12.07 13:12:53.182,0.97308,0.97342,2.60,2.30
2010.12.07 13:12:53.870,0.97308,0.97342,2.40,2.30
2010.12.07 13:12:53.981,0.97308,0.97342,2.30,2.30
2010.12.07 13:12:54.204,0.97307,0.97343,2.40,2.30
2010.12.07 13:12:56.313,0.97307,0.97343,4.80,2.30
2010.12.07 13:12:56.433,0.97307,0.97343,11.50,2.30
2010.12.07 13:12:57.573,0.97307,0.97343,4.70,2.30
2010.12.07 13:12:58.379,0.97307,0.97343,11.50,2.30
2010.12.07 13:12:58.489,0.97307,0.97343,4.70,2.30
2010.12.07 13:13:00.013,0.97307,0.97343,4.80,2.30
2010.12.07 13:13:01.142,0.97307,0.97343,2.60,2.30
2010.12.07 13:13:01.249,0.97307,0.97343,6.10,2.30
2010.12.07 13:13:01.802,0.97307,0.97343,2.50,2.30
2010.12.07 13:13:02.442,0.97307,0.97343,2.40,2.30
2010.12.07 13:13:02.890,0.97307,0.97343,6.10,2.30
2010.12.07 13:13:03.000,0.97307,0.97343,2.40,2.50
2010.12.07 13:13:03.111,0.97309,0.97343,1.50,2.30
2010.12.07 13:13:03.221,0.97309,0.97342,5.10,2.30
2010.12.07 13:13:03.840,0.97306,0.97342,2.40,4.40
2010.12.07 13:13:04.170,0.97301,0.97342,5.90,4.40
2010.12.07 13:13:05.632,0.97302,0.97342,6.10,4.40
2010.12.07 13:13:05.741,0.97302,0.97342,5.90,4.40
2010.12.07 13:13:06.495,0.973,0.97342,2.60,4.40
2010.12.07 13:13:07.492,0.973,0.97342,2.40,4.40
2010.12.07 13:13:07.710,0.97302,0.97342,6.50,3.80
2010.12.07 13:13:07.821,0.97302,0.97342,2.90,3.80
2010.12.07 13:13:08.548,0.97309,0.97338,2.30,1.10
2010.12.07 13:13:08.880,0.97301,0.97328,2.30,1.50
2010.12.07 13:13:09.371,0.97301,0.97326,2.30,1.50
2010.12.07 13:13:09.810,0.97295,0.97322,2.40,3.80
2010.12.07 13:13:10.389,0.97292,0.97322,2.40,2.30
2010.12.07 13:13:11.975,0.97283,0.97323,2.00,4.70
2010.12.07 13:13:12.090,0.97283,0.97323,4.40,3.80
2010.12.07 13:13:12.200,0.97283,0.97323,10.70,3.80
2010.12.07 13:13:13.879,0.97283,0.97323,11.70,3.80
2010.12.07 13:13:14.502,0.97283,0.97323,11.30,3.80
2010.12.07 13:13:15.791,0.97284,0.97327,6.20,2.90
2010.12.07 13:13:15.954,0.97288,0.97323,2.80,2.30
2010.12.07 13:13:16.961,0.97288,0.97323,6.20,2.50
2010.12.07 13:13:17.184,0.97287,0.97323,2.50,2.30
2010.12.07 13:13:17.782,0.97284,0.97322,2.00,3.80
2010.12.07 13:13:18.000,0.97284,0.97322,1.70,2.10
2010.12.07 13:13:18.221,0.97284,0.97322,2.00,3.80
2010.12.07 13:13:18.331,0.97284,0.97322,1.40,3.80
2010.12.07 13:13:18.969,0.97284,0.97322,2.10,4.00
2010.12.07 13:13:19.300,0.97284,0.97322,1.40,1.50
2010.12.07 13:13:19.520,0.97281,0.97322,6.50,2.70
2010.12.07 13:13:20.120,0.97282,0.97323,2.50,4.40
2010.12.07 13:13:20.450,0.97284,0.97322,4.10,1.90
2010.12.07 13:13:21.125,0.9728,0.97322,6.40,2.90
2010.12.07 13:13:22.309,0.97288,0.97322,1.50,2.30
2010.12.07 13:13:22.422,0.9729,0.9733,9.90,1.70
2010.12.07 13:13:22.640,0.97291,0.9733,2.80,2.10
2010.12.07 13:13:23.982,0.97284,0.97322,4.80,2.30
2010.12.07 13:13:24.312,0.97293,0.97328,1.40,2.30
2010.12.07 13:13:24.773,0.97298,0.97333,2.90,2.30
2010.12.07 13:13:24.901,0.97298,0.97334,6.60,2.30
2010.12.07 13:13:25.120,0.97298,0.97337,6.60,2.30
2010.12.07 13:13:25.230,0.97298,0.97337,2.90,2.30
2010.12.07 13:13:25.781,0.97298,0.97334,2.90,2.30
2010.12.07 13:13:26.110,0.97295,0.97332,1.70,2.30
2010.12.07 13:13:26.608,0.97289,0.97332,3.00,2.30
2010.12.07 13:13:27.763,0.97288,0.97331,8.40,2.30
2010.12.07 13:13:28.576,0.97288,0.97331,15.80,2.30
2010.12.07 13:13:28.702,0.97288,0.97333,15.80,4.50
2010.12.07 13:13:28.810,0.97288,0.97333,6.80,2.40
2010.12.07 13:13:29.459,0.97288,0.97332,3.10,2.70
2010.12.07 13:13:29.680,0.97287,0.97327,2.40,2.10
2010.12.07 13:13:31.219,0.97285,0.97327,2.40,2.20
2010.12.07 13:13:32.333,0.97285,0.97327,2.40,2.10
2010.12.07 13:13:32.449,0.97285,0.97327,2.40,2.20
2010.12.07 13:13:33.960,0.97283,0.97327,2.90,2.20
2010.12.07 13:13:34.850,0.97283,0.97327,3.00,2.20
2010.12.07 13:13:34.962,0.97294,0.97327,2.30,1.80
2010.12.07 13:13:35.072,0.97298,0.97332,2.30,2.40
2010.12.07 13:13:35.878,0.97296,0.97333,1.50,2.30
2010.12.07 13:13:35.994,0.97296,0.97333,1.50,2.60
2010.12.07 13:13:36.912,0.97288,0.97322,2.60,2.30
2010.12.07 13:13:37.650,0.97288,0.97322,6.20,2.30
2010.12.07 13:13:39.148,0.97288,0.97322,2.80,2.30
2010.12.07 13:13:39.480,0.97288,0.97322,2.50,2.30
2010.12.07 13:13:39.701,0.97286,0.97322,2.40,2.30
2010.12.07 13:13:39.920,0.97286,0.97322,2.60,2.30
2010.12.07 13:13:40.561,0.97287,0.97332,2.60,5.30
2010.12.07 13:13:42.793,0.97289,0.97332,2.40,2.90
2010.12.07 13:13:43.801,0.97289,0.97332,2.60,2.90
2010.12.07 13:13:44.383,0.97289,0.97332,2.60,2.70
2010.12.07 13:13:45.130,0.97295,0.97337,2.40,1.20
2010.12.07 13:13:46.512,0.97295,0.97339,2.60,2.90
2010.12.07 13:13:51.981,0.97298,0.9734,1.10,2.30
2010.12.07 13:13:52.091,0.97298,0.97342,2.90,2.30
2010.12.07 13:13:52.199,0.97298,0.97344,5.20,3.80
2010.12.07 13:13:53.703,0.97301,0.97344,1.10,3.80
2010.12.07 13:13:58.055,0.97303,0.97344,1.10,3.80
2010.12.07 13:14:00.141,0.97301,0.97344,1.30,3.80
2010.12.07 13:14:00.283,0.97301,0.97344,1.10,3.80
2010.12.07 13:14:00.905,0.97298,0.97344,12.00,3.90
2010.12.07 13:14:01.251,0.97298,0.97343,2.80,2.80
2010.12.07 13:14:02.020,0.97297,0.97343,5.10,5.10
2010.12.07 13:14:02.799,0.97307,0.97344,2.30,1.50
2010.12.07 13:14:03.350,0.97307,0.97344,2.70,1.50
2010.12.07 13:14:04.940,0.97307,0.97344,2.80,1.50
2010.12.07 13:14:05.561,0.97307,0.97344,2.40,1.50
2010.12.07 13:14:06.403,0.97307,0.97344,2.40,1.90
2010.12.07 13:14:06.741,0.97298,0.97342,5.10,5.00
2010.12.07 13:14:08.070,0.97283,0.97323,5.90,2.30
2010.12.07 13:14:08.757,0.97292,0.97332,2.70,3.00
2010.12.07 13:14:08.981,0.97295,0.97332,2.30,2.30
2010.12.07 13:14:10.636,0.97296,0.97332,2.40,2.30
2010.12.07 13:14:10.866,0.97288,0.97329,2.60,1.40
2010.12.07 13:14:10.985,0.97293,0.97331,1.10,2.70
2010.12.07 13:14:11.542,0.97302,0.97336,1.20,2.30
2010.12.07 13:14:11.764,0.97298,0.97335,3.20,2.30
2010.12.07 13:14:11.880,0.97298,0.97338,3.20,4.50
2010.12.07 13:14:11.999,0.97298,0.97336,3.20,2.30
2010.12.07 13:14:12.606,0.97298,0.97337,6.60,2.30
2010.12.07 13:14:12.940,0.97302,0.97348,3.00,2.90
2010.12.07 13:14:14.025,0.97302,0.97348,6.80,2.90
2010.12.07 13:14:14.565,0.97302,0.97348,3.00,3.00
2010.12.07 13:14:14.681,0.97302,0.97348,3.00,2.90
2010.12.07 13:14:16.035,0.973,0.97342,6.50,2.30
2010.12.07 13:14:16.154,0.97298,0.97342,5.20,4.50
2010.12.07 13:14:16.540,0.97298,0.97341,5.00,1.50
2010.12.07 13:14:17.830,0.97298,0.97341,2.70,1.60
2010.12.07 13:14:20.404,0.97298,0.97341,2.60,4.40
2010.12.07 13:14:21.003,0.97297,0.97332,2.40,2.30
2010.12.07 13:14:21.550,0.97295,0.97332,3.90,2.30
2010.12.07 13:14:21.883,0.97295,0.97332,4.10,2.30
2010.12.07 13:14:22.735,0.97299,0.97333,2.40,2.50
2010.12.07 13:14:23.422,0.97297,0.97333,2.40,2.50
2010.12.07 13:14:23.538,0.97297,0.97333,2.40,2.50
2010.12.07 13:14:23.655,0.97297,0.97333,2.60,2.50
2010.12.07 13:14:24.764,0.97297,0.97333,2.60,2.50
2010.12.07 13:14:26.461,0.97296,0.97333,4.40,2.30
2010.12.07 13:14:26.680,0.97297,0.97337,2.90,1.50
2010.12.07 13:14:27.820,0.97297,0.97337,6.80,1.50
2010.12.07 13:14:29.400,0.97298,0.97337,1.50,1.50
2010.12.07 13:14:30.876,0.97299,0.97335,6.70,1.50
2010.12.07 13:14:33.172,0.97301,0.97335,1.10,1.50
2010.12.07 13:14:33.281,0.97309,0.97335,1.40,1.50
2010.12.07 13:14:33.391,0.97304,0.97335,2.60,1.50
2010.12.07 13:14:33.500,0.97307,0.97344,3.00,1.50
2010.12.07 13:14:33.610,0.97306,0.97342,1.90,2.30
2010.12.07 13:14:34.612,0.97303,0.97342,1.40,2.30
2010.12.07 13:14:35.281,0.97303,0.97342,1.80,2.30
2010.12.07 13:14:37.213,0.973,0.97342,2.90,2.30
2010.12.07 13:14:38.308,0.97303,0.97342,1.10,2.30
2010.12.07 13:14:38.534,0.97308,0.97344,2.30,1.50
2010.12.07 13:14:39.316,0.97302,0.97343,3.00,2.30
2010.12.07 13:14:40.956,0.97306,0.97342,3.90,2.30
2010.12.07 13:14:41.872,0.97307,0.97343,2.60,2.30
2010.12.07 13:14:42.094,0.97307,0.97343,2.40,2.30
2010.12.07 13:14:42.878,0.97306,0.97342,1.80,2.30
2010.12.07 13:14:43.210,0.97306,0.97342,1.60,2.40
2010.12.07 13:14:43.841,0.97306,0.97342,1.60,2.30
2010.12.07 13:14:43.968,0.97306,0.97342,1.80,2.30
2010.12.07 13:14:44.553,0.97304,0.97333,2.60,2.30
2010.12.07 13:14:44.687,0.97296,0.97333,2.40,2.40
2010.12.07 13:14:44.801,0.97297,0.97333,1.10,2.30
2010.12.07 13:14:45.435,0.97297,0.97333,6.60,2.30
2010.12.07 13:14:46.393,0.97307,0.97342,2.40,2.70
2010.12.07 13:14:46.502,0.97307,0.97342,3.00,2.80
2010.12.07 13:14:46.734,0.97302,0.97342,2.40,2.80
2010.12.07 13:14:46.850,0.97302,0.97342,5.90,2.70
2010.12.07 13:14:48.091,0.97307,0.97343,2.40,2.30
2010.12.07 13:14:48.200,0.97307,0.97343,6.10,2.30
2010.12.07 13:14:49.115,0.97307,0.97343,2.60,2.30
2010.12.07 13:14:49.221,0.97307,0.97343,2.40,2.30
2010.12.07 13:14:49.333,0.97307,0.97343,2.60,2.30
2010.12.07 13:14:49.442,0.97305,0.97343,3.90,2.40
2010.12.07 13:14:50.152,0.97306,0.97343,2.40,2.30
2010.12.07 13:14:50.700,0.97308,0.97342,2.60,2.30
2010.12.07 13:14:51.166,0.9731,0.97344,2.40,1.50
2010.12.07 13:14:51.293,0.9731,0.97351,2.40,1.40
2010.12.07 13:14:52.201,0.9731,0.97353,8.20,4.50
2010.12.07 13:14:52.315,0.97318,0.97358,2.40,1.40
2010.12.07 13:14:52.541,0.9732,0.97362,2.60,5.30
2010.12.07 13:14:53.132,0.97323,0.97362,2.90,2.40
2010.12.07 13:14:54.155,0.97308,0.97342,2.40,2.30
2010.12.07 13:14:54.386,0.97317,0.9735,2.30,2.30
2010.12.07 13:14:54.501,0.97317,0.97353,2.80,2.30
2010.12.07 13:14:55.072,0.97311,0.97353,2.80,2.30
2010.12.07 13:14:55.181,0.97314,0.97353,2.30,2.30
2010.12.07 13:14:55.400,0.97313,0.97353,2.30,2.70
2010.12.07 13:14:55.965,0.9731,0.97353,4.60,2.70
2010.12.07 13:14:56.096,0.9731,0.97353,6.20,2.30
2010.12.07 13:14:56.491,0.97312,0.97353,1.10,2.30
2010.12.07 13:14:56.710,0.9731,0.97353,6.20,2.30
2010.12.07 13:14:58.139,0.97328,0.97359,2.40,1.90
2010.12.07 13:14:58.754,0.97325,0.97363,1.70,5.50
2010.12.07 13:14:58.880,0.97318,0.97355,4.90,1.50
2010.12.07 13:14:58.993,0.97318,0.97355,4.50,1.90
2010.12.07 13:14:59.496,0.97318,0.97343,4.50,2.30
2010.12.07 13:14:59.673,0.97316,0.97345,2.40,1.50
2010.12.07 13:15:00.203,0.97312,0.97354,5.30,1.50
2010.12.07 13:15:00.330,0.97312,0.97344,1.70,1.50
2010.12.07 13:15:00.860,0.97316,0.97344,1.50,1.50
2010.12.07 13:15:01.018,0.97317,0.97355,2.60,1.50
2010.12.07 13:15:01.549,0.97319,0.97357,1.70,1.50
2010.12.07 13:15:01.676,0.97315,0.97352,2.60,2.30
2010.12.07 13:15:02.467,0.97312,0.9735,1.80,2.70
2010.12.07 13:15:03.126,0.97314,0.97356,2.40,1.20
2010.12.07 13:15:03.246,0.97316,0.97357,5.90,1.20
2010.12.07 13:15:05.032,0.97323,0.97362,2.60,3.60
2010.12.07 13:15:05.140,0.97323,0.97362,2.60,3.60
2010.12.07 13:15:05.936,0.97322,0.97362,2.40,3.60
2010.12.07 13:15:06.050,0.97322,0.97362,2.40,3.60
2010.12.07 13:15:06.160,0.97322,0.97362,2.40,3.60
2010.12.07 13:15:06.625,0.97322,0.97362,2.60,3.60
2010.12.07 13:15:07.161,0.97321,0.97362,1.60,3.60
2010.12.07 13:15:07.272,0.97315,0.97358,2.40,1.40
2010.12.07 13:15:07.835,0.97315,0.97358,2.40,1.40
2010.12.07 13:15:07.988,0.97312,0.97352,2.60,1.40
2010.12.07 13:15:08.934,0.97309,0.97352,2.80,1.40
2010.12.07 13:15:09.058,0.97309,0.97347,2.30,1.40
2010.12.07 13:15:10.061,0.97304,0.97347,2.50,1.40
2010.12.07 13:15:10.183,0.97311,0.97351,1.50,1.20
2010.12.07 13:15:10.511,0.97311,0.97352,2.30,2.30
2010.12.07 13:15:10.620,0.9731,0.97356,4.50,2.70
2010.12.07 13:15:11.395,0.97318,0.97353,2.30,2.40
2010.12.07 13:15:12.224,0.97316,0.97353,2.30,4.20
2010.12.07 13:15:12.906,0.97318,0.97353,2.30,4.20
2010.12.07 13:15:14.005,0.97319,0.97353,2.30,4.20
2010.12.07 13:15:14.765,0.97317,0.97361,2.40,8.40
2010.12.07 13:15:15.832,0.97318,0.97343,2.30,2.30
2010.12.07 13:15:16.273,0.97316,0.97343,4.50,2.30
2010.12.07 13:15:16.395,0.97316,0.97352,2.30,2.80
2010.12.07 13:15:16.978,0.97311,0.97352,4.30,2.30
2010.12.07 13:15:17.090,0.97313,0.97353,2.50,2.40
2010.12.07 13:15:17.962,0.97313,0.97353,2.50,2.40
2010.12.07 13:15:18.400,0.97314,0.97353,2.60,2.30
2010.12.07 13:15:19.722,0.97314,0.97355,2.60,1.70
2010.12.07 13:15:19.873,0.97314,0.97352,2.90,2.30
2010.12.07 13:15:20.850,0.97315,0.97352,2.50,2.30
2010.12.07 13:15:21.041,0.97315,0.97352,2.60,2.30
2010.12.07 13:15:21.650,0.97315,0.97352,2.50,2.40
2010.12.07 13:15:22.602,0.97315,0.97352,2.60,2.30
2010.12.07 13:15:23.659,0.97315,0.97352,4.00,2.30
2010.12.07 13:15:24.180,0.97315,0.97352,2.60,2.30
2010.12.07 13:15:26.398,0.97316,0.97352,2.40,2.30
2010.12.07 13:15:27.269,0.97314,0.97352,2.90,2.30
2010.12.07 13:15:27.489,0.97314,0.97352,2.90,2.40
2010.12.07 13:15:28.403,0.97315,0.97352,2.30,2.90
2010.12.07 13:15:28.537,0.97313,0.97352,2.40,2.90
2010.12.07 13:15:29.764,0.97313,0.97352,2.40,2.90
2010.12.07 13:15:29.881,0.97313,0.97352,2.40,2.90
2010.12.07 13:15:30.786,0.97314,0.97348,2.40,1.40
2010.12.07 13:15:30.973,0.97314,0.97348,2.30,1.40
2010.12.07 13:15:31.521,0.97314,0.97352,2.30,2.90
2010.12.07 13:15:32.397,0.97314,0.97352,2.30,1.40
2010.12.07 13:15:33.475,0.97313,0.97352,2.40,2.70
2010.12.07 13:15:33.590,0.97314,0.97352,2.30,2.70
2010.12.07 13:15:33.701,0.97307,0.97352,2.80,2.70
2010.12.07 13:15:33.812,0.97308,0.97352,3.00,2.30
2010.12.07 13:15:34.418,0.97308,0.97352,2.90,2.70
2010.12.07 13:15:36.414,0.97306,0.97352,2.80,2.70
2010.12.07 13:15:36.741,0.97306,0.97352,6.40,2.70
2010.12.07 13:15:37.635,0.97306,0.97352,3.00,2.70
2010.12.07 13:15:37.757,0.97306,0.97352,6.30,2.70
2010.12.07 13:15:38.913,0.97316,0.9736,3.80,2.70
2010.12.07 13:15:39.243,0.97315,0.97353,2.40,2.30
2010.12.07 13:15:39.828,0.97315,0.97353,2.30,2.30
2010.12.07 13:15:40.882,0.97315,0.97353,2.40,2.30
2010.12.07 13:15:41.788,0.97315,0.97353,2.40,2.30
2010.12.07 13:15:41.903,0.97315,0.97356,2.60,1.20
2010.12.07 13:15:42.121,0.97315,0.97356,2.40,1.20
2010.12.07 13:15:42.232,0.97315,0.97356,2.40,1.40
2010.12.07 13:15:43.651,0.97315,0.97361,2.40,3.40
2010.12.07 13:15:43.872,0.97315,0.97361,2.40,2.90
2010.12.07 13:15:44.321,0.97315,0.97361,2.30,2.90
2010.12.07 13:15:44.933,0.97315,0.97361,2.40,2.90
2010.12.07 13:15:47.070,0.97315,0.97361,2.30,2.90
2010.12.07 13:15:47.182,0.97314,0.97357,2.30,1.40
2010.12.07 13:15:48.090,0.97313,0.97359,2.70,2.70
2010.12.07 13:15:49.423,0.97313,0.97359,2.70,2.70
2010.12.07 13:15:49.793,0.97313,0.97359,6.20,2.70
2010.12.07 13:15:52.199,0.97313,0.97359,3.00,2.80
2010.12.07 13:15:53.480,0.97313,0.97359,6.30,2.70
2010.12.07 13:15:55.246,0.97313,0.97352,2.70,2.30
2010.12.07 13:15:56.282,0.97314,0.97352,2.80,2.30
2010.12.07 13:15:58.380,0.97314,0.97352,2.70,2.30
2010.12.07 13:15:58.720,0.97314,0.97352,2.80,2.30
2010.12.07 13:16:01.261,0.97314,0.97352,2.30,2.70
2010.12.07 13:16:02.150,0.97314,0.97352,2.40,2.30
2010.12.07 13:16:03.245,0.97314,0.97352,2.40,2.30
2010.12.07 13:16:03.854,0.97314,0.97352,2.30,2.30
2010.12.07 13:16:04.222,0.97314,0.97352,2.40,2.30
2010.12.07 13:16:04.761,0.97314,0.97352,2.40,2.30
2010.12.07 13:16:05.239,0.97314,0.97352,2.40,2.30
2010.12.07 13:16:05.350,0.97314,0.97352,2.40,2.30
2010.12.07 13:16:06.302,0.97313,0.97353,2.40,2.70
2010.12.07 13:16:09.463,0.9731,0.97353,2.30,8.40
2010.12.07 13:16:09.690,0.97312,0.97342,1.70,2.30
2010.12.07 13:16:10.380,0.97316,0.97354,4.40,1.50
2010.12.07 13:16:10.498,0.97316,0.97355,2.90,1.50
2010.12.07 13:16:11.044,0.97321,0.97358,2.90,1.50
2010.12.07 13:16:12.609,0.97322,0.97361,3.00,1.50
2010.12.07 13:16:13.161,0.97319,0.97353,3.80,1.50
2010.12.07 13:16:14.355,0.97319,0.97356,3.80,1.50
2010.12.07 13:16:14.476,0.9732,0.97353,2.60,1.50
2010.12.07 13:16:14.591,0.9732,0.9736,1.70,1.70
2010.12.07 13:16:15.411,0.97315,0.97351,6.00,1.50
2010.12.07 13:16:15.577,0.97316,0.97354,1.80,1.70
2010.12.07 13:16:16.258,0.97313,0.97354,2.70,2.50
2010.12.07 13:16:16.589,0.97309,0.97352,2.60,3.60
2010.12.07 13:16:17.263,0.97313,0.97356,2.90,1.10
2010.12.07 13:16:17.374,0.97313,0.97357,2.90,3.00
2010.12.07 13:16:20.210,0.97314,0.97352,1.40,2.30
2010.12.07 13:16:20.991,0.97319,0.97352,2.30,2.30
2010.12.07 13:16:21.908,0.9732,0.97352,1.40,2.30
2010.12.07 13:16:22.662,0.9732,0.97364,2.60,1.50
2010.12.07 13:16:22.774,0.97316,0.97353,2.40,2.30
2010.12.07 13:16:23.963,0.97316,0.97353,2.40,2.40
2010.12.07 13:16:29.954,0.97315,0.97353,1.50,2.40
2010.12.07 13:16:30.067,0.97312,0.97353,6.90,2.40
2010.12.07 13:16:30.401,0.97312,0.97353,4.40,2.40
2010.12.07 13:16:30.903,0.97312,0.97353,4.10,2.80
2010.12.07 13:16:31.034,0.97315,0.97353,1.40,2.30
2010.12.07 13:16:32.810,0.97317,0.97353,3.00,2.30
2010.12.07 13:16:33.868,0.97311,0.97342,1.60,2.30
2010.12.07 13:16:35.588,0.97311,0.97342,1.50,2.40
2010.12.07 13:16:35.702,0.97311,0.97342,2.10,2.40
2010.12.07 13:16:35.924,0.97315,0.97353,1.50,2.60
2010.12.07 13:16:37.163,0.97312,0.97353,3.80,6.50
2010.12.07 13:16:37.281,0.97316,0.97352,1.50,2.60
2010.12.07 13:16:37.610,0.97309,0.97352,2.30,3.20
2010.12.07 13:16:37.719,0.97309,0.97343,2.30,2.30
2010.12.07 13:16:38.833,0.97309,0.97343,2.30,2.40
2010.12.07 13:16:39.161,0.97308,0.97343,2.30,2.40
2010.12.07 13:16:39.602,0.97308,0.97343,2.40,2.30
2010.12.07 13:16:41.071,0.97307,0.97343,2.60,2.30
2010.12.07 13:16:48.229,0.97307,0.97343,2.40,2.40
2010.12.07 13:16:49.212,0.97307,0.97343,2.60,2.30
2010.12.07 13:16:49.881,0.97309,0.97342,2.40,2.30
2010.12.07 13:16:50.615,0.97306,0.9735,8.00,3.20
2010.12.07 13:16:50.733,0.97307,0.97351,6.40,5.10
2010.12.07 13:16:53.174,0.97312,0.97353,2.60,3.60
2010.12.07 13:16:55.069,0.97312,0.97353,2.60,8.30
2010.12.07 13:16:55.181,0.97312,0.97353,2.40,8.40
2010.12.07 13:16:55.683,0.97311,0.9735,2.60,2.10
2010.12.07 13:16:55.789,0.97311,0.9735,2.40,2.10
2010.12.07 13:16:56.355,0.97311,0.9735,2.40,2.20
2010.12.07 13:16:57.010,0.97309,0.9735,2.60,2.10
2010.12.07 13:16:57.221,0.97309,0.9735,2.50,2.20
2010.12.07 13:16:58.354,0.97309,0.9735,2.60,2.10
2010.12.07 13:16:59.154,0.97309,0.9735,2.60,2.30
2010.12.07 13:16:59.910,0.97309,0.9735,2.60,2.10
2010.12.07 13:17:00.802,0.97315,0.97353,3.80,2.40
2010.12.07 13:17:01.020,0.97318,0.97353,2.30,2.40
2010.12.07 13:17:01.701,0.97318,0.97353,2.30,2.40
2010.12.07 13:17:03.020,0.97318,0.97353,2.30,2.40
2010.12.07 13:17:04.423,0.97318,0.97353,2.40,2.30
2010.12.07 13:17:07.683,0.97318,0.97353,2.30,2.40
2010.12.07 13:17:08.816,0.97318,0.97353,2.40,2.30
2010.12.07 13:17:11.999,0.97318,0.97353,2.40,2.30
2010.12.07 13:17:12.114,0.97322,0.9736,1.70,2.10
2010.12.07 13:17:12.230,0.97322,0.9736,1.70,2.10
2010.12.07 13:17:13.015,0.97325,0.97357,1.50,1.40
2010.12.07 13:17:13.892,0.97318,0.97353,2.30,2.30
2010.12.07 13:17:14.003,0.97318,0.97353,2.40,2.30
2010.12.07 13:17:15.540,0.97318,0.97353,2.30,2.30
2010.12.07 13:17:18.093,0.97317,0.97353,3.00,2.30
2010.12.07 13:17:18.235,0.97321,0.97354,2.30,1.50
2010.12.07 13:17:18.349,0.97321,0.97362,2.30,3.00
2010.12.07 13:17:19.420,0.97321,0.97362,2.30,6.30
2010.12.07 13:17:19.750,0.97322,0.97362,3.90,2.90
2010.12.07 13:17:21.025,0.9732,0.97361,2.60,2.10
2010.12.07 13:17:21.590,0.97321,0.97362,4.70,3.00
2010.12.07 13:17:22.377,0.97323,0.97362,2.30,6.30
2010.12.07 13:17:22.801,0.97323,0.97362,2.40,2.90
2010.12.07 13:17:24.141,0.97324,0.97363,2.30,6.30
2010.12.07 13:17:24.267,0.97324,0.97363,2.50,2.40
2010.12.07 13:17:24.380,0.97326,0.97363,2.30,2.40
2010.12.07 13:17:25.742,0.97326,0.97363,2.30,2.40
2010.12.07 13:17:26.103,0.97326,0.97363,2.40,2.40
2010.12.07 13:17:26.960,0.97326,0.97363,2.30,2.40
2010.12.07 13:17:27.525,0.97326,0.97363,2.40,2.30
2010.12.07 13:17:27.652,0.97325,0.97363,2.40,2.40
2010.12.07 13:17:27.762,0.97325,0.97363,2.30,2.40
2010.12.07 13:17:28.311,0.97325,0.97363,2.40,2.40
2010.12.07 13:17:31.543,0.97325,0.97363,2.40,2.30
2010.12.07 13:17:32.305,0.97325,0.97363,2.30,2.40
2010.12.07 13:17:32.428,0.97325,0.97363,2.40,2.30
2010.12.07 13:17:32.870,0.9733,0.97364,2.30,1.50
2010.12.07 13:17:33.090,0.97326,0.97363,1.60,2.30
2010.12.07 13:17:34.387,0.9732,0.97352,2.60,2.30
2010.12.07 13:17:34.502,0.97318,0.97354,6.50,1.50
2010.12.07 13:17:34.610,0.97318,0.97362,6.50,3.60
2010.12.07 13:17:34.832,0.97319,0.97362,2.50,3.60
2010.12.07 13:17:35.371,0.97322,0.97363,2.30,4.40
2010.12.07 13:17:35.801,0.97322,0.97363,2.40,10.30
2010.12.07 13:17:36.502,0.97322,0.97363,2.40,10.10
2010.12.07 13:17:37.170,0.97322,0.97362,2.40,2.90
2010.12.07 13:17:37.283,0.97322,0.97362,2.60,2.40
2010.12.07 13:17:37.974,0.97325,0.97362,1.70,2.30
2010.12.07 13:17:39.425,0.97324,0.97362,4.10,2.30
2010.12.07 13:17:39.750,0.97324,0.97362,4.00,2.30
2010.12.07 13:17:45.632,0.97325,0.97362,1.70,2.40
2010.12.07 13:17:45.745,0.97324,0.97361,2.30,1.90
2010.12.07 13:17:46.191,0.97318,0.97361,2.60,1.90
2010.12.07 13:17:46.713,0.97316,0.97359,1.60,2.90
2010.12.07 13:17:47.044,0.97323,0.97362,2.50,2.40
2010.12.07 13:17:49.276,0.97325,0.97363,3.90,2.30
2010.12.07 13:17:50.434,0.97325,0.97363,3.90,2.30
2010.12.07 13:17:51.092,0.97328,0.97363,2.40,2.30
2010.12.07 13:17:52.131,0.97328,0.97363,2.40,2.30
2010.12.07 13:17:52.871,0.97332,0.97371,2.30,1.20
2010.12.07 13:17:53.542,0.97332,0.97371,2.40,1.20
2010.12.07 13:17:53.651,0.97332,0.97371,2.30,1.20
2010.12.07 13:17:53.980,0.97332,0.97371,2.40,1.20
2010.12.07 13:17:54.686,0.97333,0.97371,2.30,1.20
2010.12.07 13:17:55.242,0.97333,0.97371,2.40,1.30
2010.12.07 13:17:55.803,0.97333,0.97371,2.30,1.20
2010.12.07 13:17:56.241,0.97332,0.97371,2.30,1.20
2010.12.07 13:17:56.687,0.97332,0.97363,2.30,2.30
2010.12.07 13:17:57.452,0.97328,0.97363,2.30,2.30
2010.12.07 13:18:00.093,0.97328,0.97363,2.30,2.40
2010.12.07 13:18:00.975,0.97328,0.97363,2.40,2.30
2010.12.07 13:18:01.519,0.97326,0.97363,2.30,2.40
2010.12.07 13:18:02.101,0.97325,0.97363,2.50,2.40
2010.12.07 13:18:03.034,0.97325,0.97363,2.50,2.40
2010.12.07 13:18:03.153,0.97325,0.97363,2.60,2.40
2010.12.07 13:18:03.812,0.97325,0.97363,2.50,2.40
2010.12.07 13:18:04.825,0.97325,0.97363,2.60,2.40
2010.12.07 13:18:09.880,0.97324,0.97363,4.10,2.30
2010.12.07 13:18:10.639,0.97327,0.97363,2.30,2.40
2010.12.07 13:18:11.779,0.97325,0.97352,2.30,2.30
2010.12.07 13:18:12.110,0.97318,0.97352,2.30,2.30
2010.12.07 13:18:13.041,0.97318,0.97352,2.50,2.30
2010.12.07 13:18:13.151,0.9732,0.97361,2.50,2.30
2010.12.07 13:18:13.481,0.9732,0.97361,2.50,2.30
2010.12.07 13:18:13.711,0.9732,0.97361,2.50,2.20
2010.12.07 13:18:14.172,0.9732,0.97361,2.90,1.80
2010.12.07 13:18:14.298,0.97323,0.97362,2.30,2.90
2010.12.07 13:18:14.410,0.9732,0.97362,4.50,6.50
2010.12.07 13:18:15.260,0.9732,0.97362,2.30,10.10
2010.12.07 13:18:15.821,0.9732,0.97362,2.40,4.50
2010.12.07 13:18:16.480,0.9732,0.97362,2.40,10.50
2010.12.07 13:18:19.901,0.97316,0.9736,2.90,2.80
2010.12.07 13:18:21.313,0.9732,0.97353,2.30,2.40
2010.12.07 13:18:21.420,0.97318,0.97353,3.00,2.40
2010.12.07 13:18:21.691,0.97319,0.97353,3.20,2.40
2010.12.07 13:18:22.232,0.9732,0.97361,2.30,2.30
2010.12.07 13:18:22.342,0.9732,0.97361,2.30,2.10
2010.12.07 13:18:23.270,0.97319,0.97352,2.30,2.30
2010.12.07 13:18:23.902,0.97316,0.97352,2.20,2.30
2010.12.07 13:18:25.722,0.97312,0.97352,3.00,2.30
2010.12.07 13:18:26.731,0.97314,0.97352,2.40,2.30
2010.12.07 13:18:26.842,0.97314,0.97358,2.40,2.90
2010.12.07 13:18:27.377,0.97315,0.97359,2.30,8.40
2010.12.07 13:18:27.721,0.97314,0.97359,2.40,1.40
2010.12.07 13:18:28.780,0.97314,0.97359,2.30,2.60
2010.12.07 13:18:29.317,0.97314,0.97359,2.40,2.80
2010.12.07 13:18:29.852,0.97314,0.97359,2.30,2.90
2010.12.07 13:18:29.961,0.97314,0.97359,2.40,2.60
2010.12.07 13:18:30.400,0.97313,0.97352,2.90,2.40
2010.12.07 13:18:31.101,0.97313,0.97352,3.00,2.30
2010.12.07 13:18:32.838,0.97313,0.97352,3.00,2.30
2010.12.07 13:18:33.480,0.97313,0.97352,2.90,2.40
2010.12.07 13:18:33.590,0.97313,0.97352,3.00,2.30
2010.12.07 13:18:34.132,0.97313,0.97352,2.90,2.30
2010.12.07 13:18:34.313,0.97313,0.97352,3.20,2.40
2010.12.07 13:18:34.942,0.97313,0.97352,2.90,2.40
2010.12.07 13:18:36.034,0.9731,0.97352,1.70,4.40
2010.12.07 13:18:36.925,0.97315,0.97355,3.90,1.90
2010.12.07 13:18:37.153,0.97319,0.97363,2.30,3.00
2010.12.07 13:18:37.988,0.9732,0.97363,2.30,3.00
2010.12.07 13:18:38.572,0.97316,0.97353,3.90,2.30
2010.12.07 13:18:39.233,0.9732,0.97357,2.30,1.50
2010.12.07 13:18:39.450,0.9732,0.97354,2.30,1.50
2010.12.07 13:18:39.763,0.9732,0.97354,2.40,1.50
2010.12.07 13:18:40.351,0.97326,0.97362,1.50,2.70
2010.12.07 13:18:40.485,0.97319,0.97352,2.60,2.30
2010.12.07 13:18:41.366,0.97319,0.97352,2.40,2.30
2010.12.07 13:18:41.484,0.97319,0.97352,2.30,2.30
2010.12.07 13:18:41.707,0.97317,0.97355,4.60,2.10
2010.12.07 13:18:42.270,0.9732,0.97356,2.30,1.50
2010.12.07 13:18:42.810,0.9732,0.97356,2.40,1.50
2010.12.07 13:18:43.721,0.9732,0.97356,2.40,1.50
2010.12.07 13:18:43.899,0.97319,0.97352,2.30,2.50
2010.12.07 13:18:44.600,0.97317,0.97352,3.70,2.30
2010.12.07 13:18:44.737,0.97317,0.97352,2.30,2.30
2010.12.07 13:18:45.180,0.97319,0.97352,2.30,2.30
2010.12.07 13:18:46.044,0.97322,0.97362,2.90,2.40
2010.12.07 13:18:46.809,0.97321,0.97358,1.50,1.50
2010.12.07 13:18:46.955,0.9732,0.97358,3.80,1.50
2010.12.07 13:18:47.069,0.9732,0.97353,2.30,1.50
2010.12.07 13:18:47.871,0.9732,0.97353,2.30,1.50
2010.12.07 13:18:48.322,0.97327,0.97363,2.30,2.40
2010.12.07 13:18:48.651,0.97327,0.97363,2.30,2.40
2010.12.07 13:18:49.122,0.97327,0.97363,2.30,2.40
2010.12.07 13:18:50.743,0.97328,0.97362,2.30,2.40
2010.12.07 13:18:51.431,0.97328,0.97362,2.30,2.40
2010.12.07 13:18:51.750,0.97328,0.97362,2.30,2.40
2010.12.07 13:18:53.564,0.97327,0.97364,2.30,1.80
2010.12.07 13:18:54.987,0.97327,0.97364,2.40,2.50
2010.12.07 13:18:55.101,0.97327,0.97364,2.40,2.50
2010.12.07 13:18:55.674,0.97328,0.97364,2.40,1.70
2010.12.07 13:18:57.384,0.97328,0.97364,2.40,1.70
2010.12.07 13:18:57.538,0.97328,0.97364,2.40,1.70
2010.12.07 13:18:58.111,0.97328,0.97362,2.40,1.50
2010.12.07 13:18:59.944,0.97327,0.97363,2.30,2.40
2010.12.07 13:19:00.580,0.97327,0.97363,2.30,2.40
2010.12.07 13:19:04.258,0.97327,0.97363,2.30,2.40
2010.12.07 13:19:05.035,0.97328,0.97364,4.90,1.50
2010.12.07 13:19:06.331,0.97329,0.97364,2.30,1.50
2010.12.07 13:19:06.442,0.9733,0.97364,3.60,1.50
2010.12.07 13:19:07.010,0.97331,0.97365,2.30,1.50
2010.12.07 13:19:07.645,0.97331,0.97365,2.40,1.50
2010.12.07 13:19:08.143,0.97331,0.97365,2.30,1.50
2010.12.07 13:19:08.252,0.97331,0.97365,2.40,1.50
2010.12.07 13:19:08.716,0.97331,0.97365,2.30,1.50
2010.12.07 13:19:08.835,0.97327,0.97363,2.40,1.50
2010.12.07 13:19:09.904,0.97323,0.97364,3.10,1.90
2010.12.07 13:19:10.027,0.97323,0.97362,3.00,2.70
2010.12.07 13:19:10.142,0.97318,0.97362,4.60,2.70
2010.12.07 13:19:11.240,0.9732,0.97362,2.40,2.70
2010.12.07 13:19:11.465,0.9732,0.97362,2.40,2.70
2010.12.07 13:19:11.692,0.9732,0.97362,2.40,2.70
2010.12.07 13:19:12.409,0.9732,0.97362,2.30,2.70
2010.12.07 13:19:12.520,0.9732,0.97359,2.30,2.70
2010.12.07 13:19:12.631,0.97315,0.97352,2.10,2.30
2010.12.07 13:19:12.746,0.97319,0.97361,2.40,1.20
2010.12.07 13:19:12.860,0.97319,0.97362,2.40,2.70
2010.12.07 13:19:13.550,0.97319,0.97352,2.40,2.30
2010.12.07 13:19:13.778,0.97318,0.97352,4.60,2.30
2010.12.07 13:19:16.230,0.97318,0.97352,2.40,2.30
2010.12.07 13:19:17.192,0.97315,0.97353,1.60,2.30
2010.12.07 13:19:17.300,0.97317,0.97353,2.40,2.30
2010.12.07 13:19:19.053,0.97324,0.97353,2.30,2.30
2010.12.07 13:19:19.160,0.97324,0.97362,2.30,2.90
2010.12.07 13:19:19.271,0.97324,0.97362,4.00,2.30
2010.12.07 13:19:19.380,0.97327,0.97363,2.40,2.30
2010.12.07 13:19:20.061,0.97328,0.97363,2.30,2.30
2010.12.07 13:19:21.513,0.97327,0.97362,2.40,2.30
2010.12.07 13:19:22.076,0.97328,0.97362,2.40,2.30
2010.12.07 13:19:22.630,0.97326,0.97362,2.30,2.40
2010.12.07 13:19:22.747,0.97327,0.97362,2.40,2.90
2010.12.07 13:19:23.300,0.97325,0.97352,2.40,2.30
2010.12.07 13:19:23.631,0.97325,0.97352,2.40,2.30
2010.12.07 13:19:23.858,0.97325,0.97352,2.30,2.30
2010.12.07 13:19:23.974,0.97325,0.97352,2.40,2.30
2010.12.07 13:19:24.191,0.97325,0.97352,2.30,2.30
2010.12.07 13:19:24.825,0.97325,0.97352,2.40,2.30
2010.12.07 13:19:25.177,0.97326,0.97363,2.40,3.80
2010.12.07 13:19:25.824,0.97333,0.97372,2.50,2.30
2010.12.07 13:19:25.930,0.97335,0.97372,2.30,2.30
2010.12.07 13:19:26.786,0.97335,0.97363,2.30,2.30
2010.12.07 13:19:26.903,0.97331,0.97363,2.40,2.30
2010.12.07 13:19:27.234,0.97336,0.97373,2.30,3.90
2010.12.07 13:19:30.161,0.97336,0.97373,2.40,3.80
2010.12.07 13:19:31.986,0.9733,0.97363,2.70,1.50
2010.12.07 13:19:32.102,0.97333,0.97373,2.60,4.00
2010.12.07 13:19:32.211,0.97335,0.97373,2.30,4.10
2010.12.07 13:19:33.219,0.97337,0.97373,2.30,2.50
2010.12.07 13:19:33.444,0.97336,0.97373,2.30,2.50
2010.12.07 13:19:34.410,0.97336,0.97373,2.40,2.50
2010.12.07 13:19:35.188,0.97336,0.97373,2.40,2.50
2010.12.07 13:19:35.630,0.97336,0.97373,2.40,4.00
2010.12.07 13:19:36.282,0.97331,0.97362,2.40,2.30
2010.12.07 13:19:36.611,0.97331,0.97372,6.40,2.30
2010.12.07 13:19:37.152,0.97331,0.97363,2.40,2.30
2010.12.07 13:19:37.261,0.97331,0.97372,7.00,2.30
2010.12.07 13:19:37.481,0.97331,0.97364,2.60,1.50
2010.12.07 13:19:38.216,0.97331,0.97372,7.40,2.30
2010.12.07 13:19:38.444,0.97337,0.97372,2.30,2.70
2010.12.07 13:19:39.074,0.97334,0.97372,2.30,2.90
2010.12.07 13:19:39.197,0.97336,0.97372,2.40,2.70
2010.12.07 13:19:40.076,0.97333,0.97363,2.30,1.50
2010.12.07 13:19:40.193,0.97337,0.97373,2.40,4.00
2010.12.07 13:19:40.907,0.97337,0.97373,2.40,4.00
2010.12.07 13:19:41.844,0.97336,0.97373,2.30,4.10
2010.12.07 13:19:42.717,0.97335,0.97373,2.30,2.60
2010.12.07 13:19:43.745,0.97334,0.97373,2.30,2.60
2010.12.07 13:19:44.683,0.97334,0.97373,2.30,4.10
2010.12.07 13:19:45.314,0.97335,0.97373,1.50,4.10
2010.12.07 13:19:45.424,0.97335,0.97373,1.60,4.10
2010.12.07 13:19:47.015,0.97333,0.97373,2.70,4.00
2010.12.07 13:19:47.168,0.97333,0.97373,2.60,4.00
2010.12.07 13:19:47.443,0.97333,0.97373,2.60,4.00
2010.12.07 13:19:48.108,0.97333,0.97373,2.60,4.00
2010.12.07 13:19:50.170,0.97336,0.97373,2.40,4.00
2010.12.07 13:19:51.005,0.97336,0.97373,2.40,4.00
2010.12.07 13:19:53.451,0.97334,0.97373,3.90,2.50
2010.12.07 13:19:53.560,0.97334,0.97373,3.90,2.50
2010.12.07 13:19:53.670,0.97334,0.97373,3.90,2.50
2010.12.07 13:20:00.462,0.9735,0.97379,1.50,2.40
2010.12.07 13:20:00.690,0.97352,0.97379,1.70,2.30
2010.12.07 13:20:01.313,0.97354,0.97383,1.50,2.40
2010.12.07 13:20:01.427,0.97351,0.97363,2.30,1.50
2010.12.07 13:20:01.930,0.97354,0.97363,2.30,1.50
2010.12.07 13:20:02.095,0.97327,0.97353,2.30,2.30
2010.12.07 13:20:02.679,0.97325,0.97353,2.30,2.30
2010.12.07 13:20:02.800,0.97321,0.97353,2.40,2.30
2010.12.07 13:20:03.489,0.97321,0.97353,2.30,2.30
2010.12.07 13:20:03.623,0.97321,0.97353,2.40,2.30
2010.12.07 13:20:04.183,0.97324,0.97353,1.50,2.30
2010.12.07 13:20:04.291,0.97327,0.97353,2.40,2.30
2010.12.07 13:20:04.942,0.97327,0.97363,2.40,4.00
2010.12.07 13:20:05.813,0.97329,0.97363,1.50,2.30
2010.12.07 13:20:06.613,0.97331,0.97363,2.30,2.30
2010.12.07 13:20:06.720,0.97326,0.97363,2.40,2.30
2010.12.07 13:20:06.944,0.97328,0.97362,2.60,2.30
2010.12.07 13:20:07.599,0.97329,0.97366,2.40,1.50
2010.12.07 13:20:07.712,0.97329,0.97366,2.40,1.70
2010.12.07 13:20:08.472,0.97326,0.97362,2.40,2.30
2010.12.07 13:20:09.819,0.9733,0.97366,2.40,1.50
2010.12.07 13:20:10.182,0.9733,0.97366,2.40,1.50
2010.12.07 13:20:10.452,0.9733,0.97362,2.40,2.30
2010.12.07 13:20:11.046,0.97326,0.97362,2.40,2.30
2010.12.07 13:20:12.047,0.97325,0.97362,3.90,2.30
2010.12.07 13:20:14.285,0.97325,0.97362,2.40,2.30
2010.12.07 13:20:14.403,0.9734,0.97366,1.50,2.30
2010.12.07 13:20:14.519,0.97334,0.97372,1.50,4.50
2010.12.07 13:20:15.090,0.97334,0.9737,1.50,2.90
2010.12.07 13:20:15.229,0.97327,0.97362,2.30,2.40
2010.12.07 13:20:15.600,0.97325,0.97362,2.30,2.40
2010.12.07 13:20:16.328,0.97324,0.97362,4.00,2.30
2010.12.07 13:20:16.440,0.97324,0.97362,4.10,2.30
2010.12.07 13:20:17.521,0.97324,0.97362,4.00,2.40
2010.12.07 13:20:17.650,0.97325,0.97359,2.30,2.10
2010.12.07 13:20:17.763,0.97325,0.97355,2.30,2.10
2010.12.07 13:20:17.873,0.9732,0.97352,2.40,2.30
2010.12.07 13:20:18.430,0.97317,0.97352,2.40,2.30
2010.12.07 13:20:18.982,0.97317,0.97352,2.40,2.30
2010.12.07 13:20:19.776,0.97317,0.97352,2.50,2.30
2010.12.07 13:20:20.499,0.97317,0.97352,2.60,2.30
2010.12.07 13:20:20.614,0.97319,0.97354,2.40,1.50
2010.12.07 13:20:21.381,0.97319,0.97354,2.40,1.50
2010.12.07 13:20:21.493,0.97318,0.97354,2.70,1.90
2010.12.07 13:20:21.603,0.97318,0.97354,2.30,2.10
2010.12.07 13:20:22.352,0.97318,0.97352,2.60,2.30
2010.12.07 13:20:22.471,0.97318,0.97352,2.40,2.30
2010.12.07 13:20:23.400,0.97318,0.97353,2.40,2.90
2010.12.07 13:20:23.566,0.97317,0.97358,3.00,2.30
2010.12.07 13:20:24.179,0.97317,0.97352,3.00,2.30
2010.12.07 13:20:24.338,0.97317,0.97352,3.00,2.30
2010.12.07 13:20:25.661,0.97314,0.97352,1.50,1.60
2010.12.07 13:20:25.787,0.97314,0.97351,1.50,2.90
2010.12.07 13:20:25.903,0.97304,0.97342,1.60,2.30
2010.12.07 13:20:26.458,0.97308,0.97351,2.40,5.10
2010.12.07 13:20:26.577,0.97308,0.97346,2.30,2.30
2010.12.07 13:20:28.152,0.97305,0.97342,4.40,2.40
2010.12.07 13:20:28.483,0.97307,0.97345,2.80,2.30
2010.12.07 13:20:29.121,0.97307,0.97348,2.80,2.30
2010.12.07 13:20:29.246,0.97307,0.97351,2.80,5.10
2010.12.07 13:20:30.575,0.97307,0.97346,2.80,2.30
2010.12.07 13:20:31.022,0.97311,0.97347,1.60,2.30
2010.12.07 13:20:31.584,0.97314,0.97352,1.50,2.30
2010.12.07 13:20:31.690,0.97314,0.9735,1.50,2.30
2010.12.07 13:20:32.568,0.97316,0.97353,2.40,2.30
2010.12.07 13:20:32.792,0.97316,0.97352,2.30,2.70
2010.12.07 13:20:33.307,0.97315,0.97347,2.30,1.40
2010.12.07 13:20:33.456,0.97306,0.97343,2.30,2.50
2010.12.07 13:20:33.570,0.97306,0.97343,2.60,2.50
2010.12.07 13:20:33.680,0.97305,0.97343,2.40,2.50
2010.12.07 13:20:34.378,0.97307,0.97343,2.60,2.50
2010.12.07 13:20:35.607,0.97304,0.97343,3.90,2.50
2010.12.07 13:20:36.130,0.97307,0.97343,2.40,2.50
2010.12.07 13:20:36.671,0.97307,0.97343,2.60,2.50
2010.12.07 13:20:37.190,0.97305,0.97343,2.40,2.50
2010.12.07 13:20:37.661,0.97305,0.97343,2.40,2.90
2010.12.07 13:20:37.880,0.97299,0.97342,2.40,2.10
2010.12.07 13:20:38.531,0.97298,0.97342,2.40,2.10
2010.12.07 13:20:38.663,0.97298,0.97341,4.70,2.10
2010.12.07 13:20:38.881,0.973,0.97341,2.40,2.10
2010.12.07 13:20:38.993,0.973,0.97341,2.40,2.10
2010.12.07 13:20:39.485,0.973,0.97341,2.60,2.10
2010.12.07 13:20:39.931,0.973,0.97341,2.40,2.10
2010.12.07 13:20:40.310,0.973,0.97341,2.40,2.10
2010.12.07 13:20:40.914,0.97299,0.97341,2.40,2.10
2010.12.07 13:20:42.028,0.973,0.97341,2.40,2.10
2010.12.07 13:20:42.939,0.97299,0.97341,2.40,2.10
2010.12.07 13:20:43.054,0.97299,0.97341,2.40,2.10
2010.12.07 13:20:43.799,0.97299,0.97332,2.30,2.70
2010.12.07 13:20:43.964,0.97299,0.97332,2.30,2.30
2010.12.07 13:20:44.661,0.97299,0.97332,2.40,2.70
2010.12.07 13:20:45.274,0.97301,0.97324,2.30,1.90
2010.12.07 13:20:45.403,0.97294,0.97324,2.30,1.50
2010.12.07 13:20:45.513,0.97288,0.9733,2.40,1.40
2010.12.07 13:20:45.621,0.97288,0.97323,2.60,2.30
2010.12.07 13:20:46.510,0.97298,0.97333,2.30,2.70
2010.12.07 13:20:46.621,0.97298,0.97333,2.30,2.30
2010.12.07 13:20:47.142,0.97298,0.97333,2.40,2.30
2010.12.07 13:20:48.573,0.973,0.97333,2.60,2.30
2010.12.07 13:20:49.503,0.973,0.97333,2.60,2.30
2010.12.07 13:20:50.297,0.97294,0.97333,4.10,2.30
2010.12.07 13:20:50.410,0.97294,0.97333,4.10,2.30
2010.12.07 13:20:51.060,0.97294,0.97327,2.40,1.50
2010.12.07 13:20:51.521,0.97291,0.97327,2.40,1.50
2010.12.07 13:20:52.162,0.97291,0.97327,5.90,1.50
2010.12.07 13:20:53.293,0.97293,0.97331,1.70,2.10
2010.12.07 13:20:53.893,0.97294,0.97333,4.10,2.50
2010.12.07 13:20:54.452,0.97295,0.97333,2.60,2.50
2010.12.07 13:20:56.702,0.97289,0.97322,2.40,2.30
2010.12.07 13:20:57.483,0.97286,0.97322,2.60,2.30
2010.12.07 13:20:58.153,0.97287,0.97322,5.00,2.30
2010.12.07 13:20:58.732,0.97291,0.97332,2.40,2.70
2010.12.07 13:20:59.735,0.97292,0.97322,2.60,2.30
2010.12.07 13:20:59.850,0.97292,0.97333,2.60,4.40
2010.12.07 13:21:00.836,0.97293,0.97323,1.80,2.70
2010.12.07 13:21:00.954,0.97295,0.97332,1.70,2.70
2010.12.07 13:21:01.547,0.97297,0.97332,2.40,2.70
2010.12.07 13:21:01.710,0.97297,0.9733,2.90,2.30
2010.12.07 13:21:02.260,0.97303,0.97342,2.70,1.60
2010.12.07 13:21:02.374,0.97303,0.97341,2.30,1.90
2010.12.07 13:21:02.600,0.97301,0.97341,2.30,1.90
2010.12.07 13:21:03.481,0.97301,0.97341,2.30,2.10
2010.12.07 13:21:03.590,0.97299,0.97341,2.30,2.10
2010.12.07 13:21:03.701,0.97302,0.97341,2.30,2.10
2010.12.07 13:21:04.850,0.97302,0.97332,2.30,2.30
2010.12.07 13:21:04.965,0.97296,0.97332,4.50,2.90
2010.12.07 13:21:05.597,0.97297,0.97332,2.30,2.90
2010.12.07 13:21:05.757,0.973,0.97332,2.30,2.30
2010.12.07 13:21:05.872,0.973,0.97342,2.40,2.90
2010.12.07 13:21:06.552,0.973,0.97342,2.40,2.90
2010.12.07 13:21:06.702,0.973,0.97342,2.40,2.70
2010.12.07 13:21:07.099,0.973,0.97342,2.30,2.70
2010.12.07 13:21:07.212,0.973,0.97342,2.40,2.70
2010.12.07 13:21:08.742,0.973,0.97342,2.40,2.70
2010.12.07 13:21:09.070,0.973,0.97342,2.40,2.70
2010.12.07 13:21:10.061,0.97305,0.97343,3.80,3.80
2010.12.07 13:21:10.182,0.97305,0.97343,3.90,3.80
2010.12.07 13:21:10.931,0.97308,0.97343,2.40,3.80
2010.12.07 13:21:11.845,0.97308,0.97343,2.40,3.80
2010.12.07 13:21:12.841,0.97308,0.97343,2.40,3.80
2010.12.07 13:21:13.409,0.97314,0.97353,1.70,2.70
2010.12.07 13:21:13.740,0.97316,0.97353,2.40,2.30
2010.12.07 13:21:13.849,0.97316,0.97353,2.30,2.30
2010.12.07 13:21:14.443,0.97311,0.97353,2.60,4.20
2010.12.07 13:21:14.770,0.97316,0.97353,2.40,2.30
2010.12.07 13:21:15.761,0.97316,0.97353,2.60,2.30
2010.12.07 13:21:16.412,0.97316,0.97353,2.60,2.30
2010.12.07 13:21:16.640,0.97318,0.97362,2.40,5.10
2010.12.07 13:21:16.751,0.97318,0.97362,2.30,5.30
2010.12.07 13:21:17.366,0.97316,0.97352,2.40,2.30
2010.12.07 13:21:17.483,0.97316,0.97352,2.30,2.30
2010.12.07 13:21:18.048,0.97316,0.97352,2.30,2.70
2010.12.07 13:21:19.441,0.97314,0.97353,1.60,2.30
2010.12.07 13:21:20.057,0.97314,0.97353,1.80,2.90
2010.12.07 13:21:20.835,0.97312,0.97353,2.40,4.40
2010.12.07 13:21:21.171,0.97312,0.97353,2.40,4.40
2010.12.07 13:21:21.902,0.97309,0.97353,2.40,10.10
2010.12.07 13:21:22.250,0.97309,0.97353,2.60,4.50
2010.12.07 13:21:23.325,0.97314,0.97353,2.30,2.80
2010.12.07 13:21:23.447,0.97314,0.97342,2.30,2.30
2010.12.07 13:21:23.561,0.97311,0.97342,2.40,2.30
2010.12.07 13:21:24.562,0.97305,0.97342,2.40,2.30
2010.12.07 13:21:25.385,0.97305,0.97342,6.10,2.30
2010.12.07 13:21:25.511,0.97305,0.97342,2.60,2.30
2010.12.07 13:21:25.932,0.97305,0.97342,6.10,2.30
2010.12.07 13:21:27.785,0.97305,0.97342,2.60,2.30
2010.12.07 13:21:28.430,0.97307,0.97349,6.20,2.90
2010.12.07 13:21:28.569,0.97307,0.97351,6.20,3.60
2010.12.07 13:21:29.251,0.97307,0.97351,6.20,8.30
2010.12.07 13:21:29.851,0.97307,0.97351,6.20,3.60
2010.12.07 13:21:30.565,0.97307,0.97351,6.20,3.60
2010.12.07 13:21:31.992,0.97307,0.97351,6.00,2.90
2010.12.07 13:21:32.103,0.97307,0.97351,6.50,2.90
2010.12.07 13:21:32.822,0.97314,0.97359,2.30,1.40
2010.12.07 13:21:33.261,0.97314,0.97359,2.40,1.40
2010.12.07 13:21:34.123,0.97314,0.97359,2.40,1.40
2010.12.07 13:21:34.781,0.97314,0.9736,2.40,2.90
2010.12.07 13:21:35.349,0.97323,0.97362,2.30,2.90
2010.12.07 13:21:35.797,0.97323,0.97361,2.30,1.50
2010.12.07 13:21:36.026,0.97315,0.97349,1.70,3.00
2010.12.07 13:21:36.141,0.97315,0.97353,1.70,4.00
2010.12.07 13:21:36.800,0.97318,0.97359,4.60,1.20
2010.12.07 13:21:36.921,0.9732,0.97362,2.30,2.70
2010.12.07 13:21:37.032,0.97322,0.97362,2.30,2.70
2010.12.07 13:21:37.587,0.97322,0.97362,2.40,2.90
2010.12.07 13:21:38.336,0.9732,0.97362,2.40,2.70
2010.12.07 13:21:39.144,0.97327,0.97365,2.40,2.70
2010.12.07 13:21:40.185,0.97321,0.97362,2.40,2.90
2010.12.07 13:21:40.303,0.97321,0.97362,2.40,2.90
2010.12.07 13:21:40.522,0.97321,0.97362,2.30,6.50
2010.12.07 13:21:40.631,0.97321,0.97362,2.40,2.90
2010.12.07 13:21:40.851,0.97319,0.97363,2.40,2.90
2010.12.07 13:21:41.358,0.97314,0.97358,2.30,2.90
2010.12.07 13:21:41.486,0.97314,0.97359,2.40,1.40
2010.12.07 13:21:42.449,0.97314,0.97358,4.60,2.90
2010.12.07 13:21:42.891,0.97318,0.9736,2.40,3.60
2010.12.07 13:21:43.001,0.97318,0.9736,2.40,2.70
2010.12.07 13:21:44.201,0.97318,0.97361,4.60,2.10
2010.12.07 13:21:44.644,0.97318,0.97354,6.10,1.70
2010.12.07 13:21:45.294,0.97327,0.97361,2.40,4.20
2010.12.07 13:21:46.063,0.97321,0.97361,2.40,2.10
2010.12.07 13:21:46.500,0.9732,0.97361,5.90,2.10
2010.12.07 13:21:47.144,0.9732,0.97361,2.40,2.10
2010.12.07 13:21:48.151,0.97321,0.97361,5.90,2.10
2010.12.07 13:21:49.011,0.97321,0.97361,2.40,2.10
2010.12.07 13:21:50.236,0.97317,0.97361,4.80,2.10
2010.12.07 13:21:50.350,0.97317,0.97361,4.90,4.40
2010.12.07 13:21:50.944,0.97317,0.97359,2.60,2.50
2010.12.07 13:21:51.081,0.97314,0.97353,2.40,3.60
2010.12.07 13:21:51.191,0.97314,0.97353,2.30,3.60
2010.12.07 13:21:52.512,0.97317,0.97353,2.40,2.30
2010.12.07 13:21:53.211,0.97314,0.97352,1.50,2.40
2010.12.07 13:21:55.785,0.97316,0.97353,2.40,2.90
2010.12.07 13:21:58.063,0.97319,0.97359,1.60,4.70
2010.12.07 13:21:58.173,0.97319,0.97359,2.30,1.50
2010.12.07 13:21:58.845,0.97321,0.97362,1.50,2.90
2010.12.07 13:22:00.269,0.97321,0.97363,3.80,8.30
2010.12.07 13:22:00.601,0.97321,0.97363,3.90,3.70
2010.12.07 13:22:00.822,0.97322,0.97361,1.50,2.10
2010.12.07 13:22:01.370,0.97321,0.97362,1.50,2.90
2010.12.07 13:22:02.957,0.97322,0.97363,1.60,5.20
2010.12.07 13:22:03.194,0.97319,0.97352,2.30,2.30
2010.12.07 13:22:03.834,0.97315,0.9736,2.60,2.90
2010.12.07 13:22:04.050,0.97315,0.9736,2.60,2.90
2010.12.07 13:22:04.270,0.97315,0.9736,6.00,2.90
2010.12.07 13:22:05.023,0.97321,0.97361,2.00,2.30
2010.12.07 13:22:05.241,0.97321,0.97362,1.80,2.40
2010.12.07 13:22:05.933,0.97317,0.97362,6.60,5.30
2010.12.07 13:22:06.438,0.97317,0.97362,2.80,5.30
2010.12.07 13:22:07.349,0.97317,0.97362,2.60,12.20
2010.12.07 13:22:07.470,0.97317,0.97362,2.70,5.10
2010.12.07 13:22:09.049,0.97317,0.97362,2.90,5.10
2010.12.07 13:22:09.524,0.9732,0.97363,2.40,6.60
2010.12.07 13:22:10.112,0.9732,0.97363,2.80,4.20
2010.12.07 13:22:10.222,0.97325,0.97363,1.50,4.30
2010.12.07 13:22:10.442,0.97321,0.97363,1.70,2.70
2010.12.07 13:22:11.469,0.97323,0.97363,2.90,2.30
2010.12.07 13:22:12.096,0.97324,0.97363,6.30,2.30
2010.12.07 13:22:12.734,0.97324,0.97363,2.90,2.40
2010.12.07 13:22:13.261,0.97325,0.97363,6.30,2.30
2010.12.07 13:22:14.052,0.97326,0.97363,1.50,2.30
2010.12.07 13:22:15.340,0.97325,0.97363,6.40,2.40
2010.12.07 13:22:15.713,0.97326,0.97363,1.40,2.30
2010.12.07 13:22:19.337,0.97325,0.97363,2.90,2.40
2010.12.07 13:22:19.571,0.97325,0.97363,6.40,2.30
2010.12.07 13:22:27.144,0.97326,0.97363,7.10,2.30
2010.12.07 13:22:27.253,0.97326,0.97363,7.00,2.30
2010.12.07 13:22:27.516,0.97326,0.97363,7.10,2.30
2010.12.07 13:22:28.052,0.97327,0.97371,2.70,2.90
2010.12.07 13:22:28.549,0.97328,0.97371,6.10,2.90
2010.12.07 13:22:29.144,0.97324,0.97362,1.70,2.30
2010.12.07 13:22:29.902,0.97324,0.97362,2.40,2.70
2010.12.07 13:22:30.013,0.97324,0.97361,2.40,1.90
2010.12.07 13:22:30.712,0.97318,0.97353,2.40,2.70
2010.12.07 13:22:30.871,0.97315,0.97353,9.60,2.70
2010.12.07 13:22:31.412,0.97313,0.97353,5.90,2.90
2010.12.07 13:22:31.522,0.97313,0.97353,2.50,2.90
2010.12.07 13:22:31.744,0.97312,0.97353,6.20,2.70
2010.12.07 13:22:31.862,0.97314,0.97353,4.10,2.70
2010.12.07 13:22:32.505,0.97316,0.97352,1.70,2.70
2010.12.07 13:22:33.534,0.97316,0.97352,3.90,2.30
2010.12.07 13:22:33.814,0.97316,0.97352,9.90,2.30
2010.12.07 13:22:34.782,0.97323,0.97362,2.40,2.90
2010.12.07 13:22:35.861,0.97325,0.97362,2.40,2.30
2010.12.07 13:22:36.083,0.9733,0.97362,2.40,2.30
2010.12.07 13:22:36.626,0.97331,0.97372,2.40,2.10
2010.12.07 13:22:37.399,0.97331,0.97362,2.40,2.30
2010.12.07 13:22:38.253,0.97328,0.97367,2.40,2.30
2010.12.07 13:22:38.361,0.97328,0.97368,2.40,2.70
2010.12.07 13:22:39.189,0.97317,0.97362,6.10,2.10
2010.12.07 13:22:39.315,0.97317,0.97357,2.70,2.70
2010.12.07 13:22:39.435,0.97317,0.97357,2.40,2.70
2010.12.07 13:22:41.123,0.97317,0.97357,2.70,2.70
2010.12.07 13:22:41.451,0.97317,0.97357,2.40,2.70
2010.12.07 13:22:41.670,0.97317,0.97363,2.40,5.20
2010.12.07 13:22:41.781,0.97317,0.97363,6.10,4.20
2010.12.07 13:22:42.597,0.97319,0.97363,1.80,3.80
2010.12.07 13:22:43.434,0.97328,0.97366,2.40,1.20
2010.12.07 13:22:44.081,0.97318,0.97359,2.60,2.70
2010.12.07 13:22:45.480,0.97324,0.97362,2.40,4.20
2010.12.07 13:22:45.591,0.97324,0.97362,2.40,4.40
2010.12.07 13:22:46.485,0.97321,0.97361,2.40,2.10
2010.12.07 13:22:47.758,0.97321,0.97361,2.40,2.10
2010.12.07 13:22:48.776,0.97322,0.97362,2.40,2.00
2010.12.07 13:22:49.222,0.97322,0.97361,2.40,1.40
2010.12.07 13:22:49.777,0.97317,0.97361,2.60,2.90
2010.12.07 13:22:49.892,0.97317,0.97361,2.40,2.90
2010.12.07 13:22:50.000,0.97317,0.97361,2.40,2.90
2010.12.07 13:22:52.033,0.97318,0.97361,2.50,2.10
2010.12.07 13:22:52.710,0.97318,0.97361,2.40,2.10
2010.12.07 13:22:53.436,0.97318,0.97361,2.40,1.90
2010.12.07 13:22:53.553,0.97318,0.97361,6.30,1.50
2010.12.07 13:22:54.428,0.97322,0.97368,2.60,2.80
2010.12.07 13:22:55.406,0.97327,0.97372,4.80,1.90
2010.12.07 13:22:55.521,0.97328,0.97372,2.40,2.00
2010.12.07 13:22:55.741,0.97328,0.97372,2.40,1.90
2010.12.07 13:22:56.579,0.97329,0.97372,2.40,1.90
2010.12.07 13:22:58.261,0.9733,0.97372,2.60,1.90
2010.12.07 13:22:59.183,0.9733,0.97372,2.40,2.10
2010.12.07 13:23:02.432,0.97327,0.97372,4.60,2.00
2010.12.07 13:23:04.066,0.97328,0.97362,2.60,2.30
2010.12.07 13:23:04.186,0.97327,0.97364,2.40,1.90
2010.12.07 13:23:04.306,0.97327,0.97364,2.40,2.10
2010.12.07 13:23:05.136,0.97319,0.97363,2.40,3.30
2010.12.07 13:23:06.084,0.97319,0.97363,2.60,3.20
2010.12.07 13:23:07.460,0.97319,0.97363,2.60,3.20
2010.12.07 13:23:08.001,0.97319,0.97363,2.40,7.50
2010.12.07 13:23:08.220,0.97319,0.97363,2.40,7.30
2010.12.07 13:23:08.330,0.97319,0.97363,2.40,3.40
2010.12.07 13:23:08.441,0.97319,0.97363,2.60,3.40
2010.12.07 13:23:09.047,0.97317,0.97359,2.40,8.50
2010.12.07 13:23:10.534,0.97313,0.97352,2.60,2.70
2010.12.07 13:23:11.021,0.97313,0.97352,2.60,2.90
2010.12.07 13:23:11.243,0.9731,0.97352,2.40,2.10
2010.12.07 13:23:11.896,0.97306,0.97351,2.60,2.70
2010.12.07 13:23:13.037,0.97306,0.97348,2.60,1.50
2010.12.07 13:23:13.165,0.9731,0.97348,2.60,1.50
2010.12.07 13:23:13.870,0.9731,0.97348,2.40,1.50
2010.12.07 13:23:16.557,0.97311,0.97348,2.60,1.50
2010.12.07 13:23:17.986,0.9731,0.97348,2.60,1.50
2010.12.07 13:23:19.626,0.97307,0.97342,2.40,2.30
2010.12.07 13:23:21.835,0.97309,0.97342,2.30,2.30
2010.12.07 13:23:22.874,0.97312,0.97352,2.40,2.70
2010.12.07 13:23:23.203,0.97311,0.97352,2.60,2.70
2010.12.07 13:23:23.805,0.97307,0.97343,2.40,2.30
2010.12.07 13:23:24.473,0.97306,0.97343,1.20,2.30
2010.12.07 13:23:24.581,0.97308,0.97345,2.70,1.50
2010.12.07 13:23:25.070,0.97308,0.97352,2.70,4.90
2010.12.07 13:23:25.209,0.97306,0.97343,1.60,2.30
2010.12.07 13:23:26.117,0.97306,0.97343,1.80,2.30
2010.12.07 13:23:26.457,0.97306,0.97343,3.90,2.30
2010.12.07 13:23:27.012,0.97306,0.97343,1.70,2.40
2010.12.07 13:23:27.231,0.97306,0.97343,1.70,2.30
2010.12.07 13:23:28.322,0.97306,0.97343,9.90,2.30
2010.12.07 13:23:28.544,0.97306,0.97349,1.50,2.70
2010.12.07 13:23:29.123,0.97315,0.97352,1.70,2.30
2010.12.07 13:23:30.567,0.97314,0.97352,2.30,2.90
2010.12.07 13:23:30.681,0.97311,0.97352,2.40,2.90
2010.12.07 13:23:31.574,0.9731,0.97352,2.80,3.00
2010.12.07 13:23:31.742,0.9731,0.97352,2.60,3.00
2010.12.07 13:23:32.171,0.9731,0.97352,2.40,2.70
2010.12.07 13:23:33.032,0.9731,0.97352,2.40,2.80
2010.12.07 13:23:33.141,0.9731,0.97352,2.60,2.80
2010.12.07 13:23:33.251,0.9731,0.97352,2.40,2.80
2010.12.07 13:23:33.371,0.97311,0.97352,2.60,2.70
2010.12.07 13:23:34.079,0.97309,0.97352,2.40,3.20
2010.12.07 13:23:35.524,0.97309,0.97352,2.40,3.30
2010.12.07 13:23:35.746,0.9731,0.97352,1.70,2.70
2010.12.07 13:23:36.398,0.97312,0.97353,2.40,2.70
2010.12.07 13:23:36.631,0.97312,0.97353,2.40,2.70
2010.12.07 13:23:36.743,0.97312,0.97352,2.40,2.70
2010.12.07 13:23:38.325,0.97312,0.97353,2.40,3.10
2010.12.07 13:23:38.444,0.97311,0.97352,2.40,2.80
2010.12.07 13:23:39.442,0.9731,0.97352,2.40,2.70
2010.12.07 13:23:40.864,0.9731,0.97352,6.10,2.70
2010.12.07 13:23:41.235,0.9731,0.97352,2.60,2.70
2010.12.07 13:23:43.263,0.9731,0.97352,6.10,2.70
2010.12.07 13:23:43.856,0.9731,0.97352,2.60,2.70
2010.12.07 13:23:45.392,0.9731,0.97352,6.10,2.70
2010.12.07 13:23:45.722,0.97311,0.97352,2.60,2.70
2010.12.07 13:23:45.942,0.97311,0.97352,6.10,2.70
2010.12.07 13:23:46.895,0.97311,0.97352,2.60,2.70
2010.12.07 13:23:47.271,0.97311,0.97352,2.40,2.70
2010.12.07 13:23:48.333,0.9731,0.97352,2.60,2.70
2010.12.07 13:23:49.675,0.9731,0.97352,6.10,2.70
2010.12.07 13:23:50.011,0.9731,0.97352,2.60,2.70
2010.12.07 13:23:50.647,0.97312,0.97353,2.60,2.70
2010.12.07 13:23:51.746,0.97312,0.97352,6.10,2.70
2010.12.07 13:23:52.081,0.97316,0.9736,1.80,2.70
2010.12.07 13:23:52.752,0.9732,0.97359,2.40,2.90
2010.12.07 13:23:53.381,0.97314,0.97353,2.60,2.70
2010.12.07 13:23:53.601,0.97314,0.97353,2.40,2.70
2010.12.07 13:23:54.413,0.97319,0.97353,2.30,2.70
2010.12.07 13:23:54.962,0.97319,0.97353,2.60,2.70
2010.12.07 13:23:55.657,0.97319,0.97353,2.40,2.70
2010.12.07 13:23:56.685,0.97319,0.97353,2.40,2.30
2010.12.07 13:23:57.011,0.97319,0.97353,2.40,2.30
2010.12.07 13:23:57.935,0.97319,0.97363,6.00,6.50
2010.12.07 13:23:58.162,0.97326,0.97363,1.50,3.10
2010.12.07 13:23:58.385,0.97315,0.97352,1.70,2.30
2010.12.07 13:23:59.146,0.97318,0.97352,2.60,2.30
2010.12.07 13:23:59.268,0.97318,0.97352,2.60,2.30
2010.12.07 13:24:01.272,0.9732,0.97352,2.30,2.30
2010.12.07 13:24:01.464,0.9732,0.97352,2.40,2.30
2010.12.07 13:24:02.277,0.9732,0.97352,2.40,2.30
2010.12.07 13:24:02.393,0.9732,0.97352,2.60,2.30
2010.12.07 13:24:03.064,0.9732,0.97362,2.40,6.50
2010.12.07 13:24:03.202,0.97328,0.97363,2.30,2.30
2010.12.07 13:24:03.313,0.97326,0.97363,2.30,2.40
2010.12.07 13:24:03.423,0.97328,0.97363,2.30,2.60
2010.12.07 13:24:04.085,0.97325,0.97352,3.80,2.30
2010.12.07 13:24:04.218,0.97323,0.97353,2.40,2.30
2010.12.07 13:24:04.332,0.9732,0.97363,2.60,2.80
2010.12.07 13:24:04.554,0.97322,0.97363,2.60,2.70
2010.12.07 13:24:04.714,0.97322,0.97363,2.60,2.80
2010.12.07 13:24:05.634,0.97322,0.97363,2.60,2.70
2010.12.07 13:24:05.963,0.97321,0.97363,2.40,2.80
2010.12.07 13:24:06.071,0.97321,0.97353,2.40,2.30
2010.12.07 13:24:06.638,0.97321,0.97353,2.30,2.30
2010.12.07 13:24:06.759,0.97319,0.97353,2.60,2.30
2010.12.07 13:24:07.071,0.97319,0.97353,2.40,2.30
2010.12.07 13:24:09.502,0.97322,0.97353,2.60,2.30
2010.12.07 13:24:09.832,0.97322,0.97353,2.40,2.30
2010.12.07 13:24:10.720,0.97325,0.97362,1.50,2.40
2010.12.07 13:24:10.833,0.97326,0.97362,1.50,2.30
2010.12.07 13:24:11.689,0.97326,0.97362,2.10,2.30
2010.12.07 13:24:12.292,0.9733,0.97364,1.40,1.50
2010.12.07 13:24:12.511,0.97326,0.97363,5.20,2.30
2010.12.07 13:24:13.462,0.97326,0.97363,12.00,2.30
2010.12.07 13:24:13.572,0.97326,0.97363,5.30,2.30
2010.12.07 13:24:14.203,0.97326,0.97363,12.00,2.30
2010.12.07 13:24:14.332,0.97323,0.97363,2.60,3.80
2010.12.07 13:24:14.442,0.97325,0.97363,1.10,3.80
2010.12.07 13:24:15.011,0.97325,0.9737,2.60,2.70
2010.12.07 13:24:15.435,0.97326,0.97372,2.70,5.00
2010.12.07 13:24:16.180,0.97324,0.97362,2.30,2.30
2010.12.07 13:24:16.335,0.97322,0.97362,2.80,2.40
2010.12.07 13:24:17.496,0.97328,0.97362,2.30,2.70
2010.12.07 13:24:18.332,0.97322,0.97362,2.50,2.40
2010.12.07 13:24:18.553,0.9732,0.97362,3.00,2.30
2010.12.07 13:24:18.663,0.97325,0.97364,1.40,3.80
2010.12.07 13:24:19.144,0.97321,0.97364,3.00,3.80
2010.12.07 13:24:19.264,0.97322,0.97363,1.50,3.80
2010.12.07 13:24:19.371,0.97322,0.97362,2.80,2.30
2010.12.07 13:24:19.928,0.9732,0.97362,2.80,2.30
2010.12.07 13:24:20.559,0.97322,0.97363,3.00,2.30
2010.12.07 13:24:20.735,0.97322,0.97352,2.80,2.30
2010.12.07 13:24:21.282,0.97321,0.9736,1.20,2.30
2010.12.07 13:24:21.407,0.97316,0.97353,2.40,2.30
2010.12.07 13:24:22.527,0.97315,0.97353,2.40,2.30
2010.12.07 13:24:22.753,0.97312,0.97353,2.40,2.70
2010.12.07 13:24:22.863,0.97312,0.97353,2.60,2.90
2010.12.07 13:24:22.973,0.97312,0.97353,2.40,2.70
2010.12.07 13:24:23.528,0.97315,0.97353,2.40,2.30
2010.12.07 13:24:24.565,0.97321,0.97353,2.90,2.30
2010.12.07 13:24:24.682,0.97321,0.97363,2.90,3.90
2010.12.07 13:24:25.562,0.97323,0.97363,2.60,2.40
2010.12.07 13:24:26.161,0.97323,0.97363,2.50,3.90
2010.12.07 13:24:26.765,0.97323,0.97362,3.30,2.40
2010.12.07 13:24:26.886,0.97321,0.97362,2.90,2.40
2010.12.07 13:24:27.002,0.97323,0.97362,1.50,2.30
2010.12.07 13:24:27.604,0.97324,0.97364,2.60,2.30
2010.12.07 13:24:27.711,0.97324,0.97364,1.50,2.40
2010.12.07 13:24:28.723,0.97324,0.97367,2.30,2.70
2010.12.07 13:24:29.451,0.97324,0.97362,2.40,2.30
2010.12.07 13:24:30.067,0.97321,0.97363,2.30,6.40
2010.12.07 13:24:30.303,0.97316,0.97361,4.20,2.90
2010.12.07 13:24:30.415,0.97316,0.97361,4.20,2.90
2010.12.07 13:24:30.937,0.97317,0.97357,1.60,1.70
2010.12.07 13:24:31.400,0.97316,0.97359,2.80,3.00
2010.12.07 13:24:31.514,0.97326,0.97362,2.70,1.50
2010.12.07 13:24:32.176,0.97328,0.97363,2.30,2.50
2010.12.07 13:24:32.513,0.97328,0.97372,2.40,2.90
2010.12.07 13:24:33.136,0.9733,0.97373,2.50,6.30
2010.12.07 13:24:33.252,0.9733,0.97373,2.90,2.40
2010.12.07 13:24:33.362,0.9733,0.97372,2.30,2.90
2010.12.07 13:24:33.910,0.97331,0.97367,2.30,1.50
2010.12.07 13:24:34.629,0.97331,0.97367,2.30,1.50
2010.12.07 13:24:35.685,0.97328,0.97372,2.30,8.20
2010.12.07 13:24:35.805,0.97328,0.97369,4.50,2.60
2010.12.07 13:24:36.567,0.97327,0.97363,2.40,3.80
2010.12.07 13:24:37.259,0.97327,0.97363,5.90,1.50
2010.12.07 13:24:37.495,0.9733,0.97373,1.50,6.20
2010.12.07 13:24:38.211,0.97328,0.97364,4.90,1.50
2010.12.07 13:24:38.652,0.97328,0.97364,2.70,1.50
2010.12.07 13:24:39.229,0.97328,0.97363,2.70,1.50
2010.12.07 13:24:39.358,0.97328,0.97363,2.50,1.50
2010.12.07 13:24:39.476,0.97328,0.97363,2.60,1.50
2010.12.07 13:24:40.218,0.97328,0.97363,2.60,1.50
2010.12.07 13:24:41.515,0.97328,0.97363,2.60,1.50
2010.12.07 13:24:42.470,0.97327,0.97363,2.40,1.50
2010.12.07 13:24:42.693,0.97325,0.97363,1.40,1.50
2010.12.07 13:24:43.891,0.97327,0.97364,7.00,1.50
2010.12.07 13:24:45.321,0.97327,0.9737,2.90,2.90
2010.12.07 13:24:45.435,0.97329,0.9737,1.40,2.40
2010.12.07 13:24:45.671,0.97333,0.97371,4.10,1.50
2010.12.07 13:24:45.783,0.97333,0.97362,3.80,2.30
2010.12.07 13:24:46.318,0.97326,0.97362,2.40,2.30
2010.12.07 13:24:47.214,0.97326,0.97362,2.40,2.40
2010.12.07 13:24:48.233,0.97326,0.97362,2.40,2.30
2010.12.07 13:24:48.453,0.97326,0.97362,2.80,2.30
2010.12.07 13:24:48.562,0.9733,0.97371,3.60,2.40
2010.12.07 13:24:49.164,0.97335,0.97373,1.50,3.90
2010.12.07 13:24:49.286,0.97331,0.97373,2.70,2.80
2010.12.07 13:24:50.001,0.97327,0.97364,2.60,1.50
2010.12.07 13:24:51.084,0.97327,0.97364,2.60,1.50
2010.12.07 13:24:51.895,0.97327,0.97362,2.40,2.30
2010.12.07 13:24:52.684,0.97327,0.97354,2.40,1.70
2010.12.07 13:24:52.798,0.97324,0.97352,2.30,2.30
2010.12.07 13:24:53.453,0.97322,0.97363,2.40,11.90
2010.12.07 13:24:54.403,0.97324,0.97363,2.40,12.00
2010.12.07 13:24:54.842,0.97324,0.97363,2.40,2.30
2010.12.07 13:24:55.551,0.97326,0.97364,4.60,1.40
2010.12.07 13:24:56.638,0.97326,0.97363,2.30,3.30
2010.12.07 13:24:57.261,0.97326,0.97363,2.40,3.40
2010.12.07 13:24:59.692,0.97322,0.97361,2.40,2.30
2010.12.07 13:25:01.254,0.97318,0.97361,2.80,2.10
2010.12.07 13:25:02.428,0.97321,0.97361,2.40,2.30
2010.12.07 13:25:02.544,0.97321,0.97361,6.50,1.50
2010.12.07 13:25:02.762,0.97325,0.97363,3.90,3.80
2010.12.07 13:25:03.484,0.97325,0.97362,3.90,2.30
2010.12.07 13:25:08.373,0.97325,0.97363,3.90,3.80
2010.12.07 13:25:09.287,0.97322,0.97362,5.30,1.50
2010.12.07 13:25:09.961,0.97322,0.97362,2.30,1.50
2010.12.07 13:25:11.266,0.97324,0.97362,4.80,1.50
2010.12.07 13:25:11.848,0.97331,0.97363,3.40,2.30
2010.12.07 13:25:11.986,0.97321,0.97362,3.80,2.30
2010.12.07 13:25:12.543,0.97325,0.97362,2.90,2.30
2010.12.07 13:25:12.651,0.97325,0.97368,2.90,3.20
2010.12.07 13:25:12.761,0.97325,0.97371,2.90,3.60
2010.12.07 13:25:14.015,0.97326,0.97372,2.90,5.20
2010.12.07 13:25:14.695,0.97326,0.97372,2.80,5.20
2010.12.07 13:25:15.735,0.97326,0.97372,6.20,5.10
2010.12.07 13:25:16.369,0.97327,0.97371,2.70,2.70
2010.12.07 13:25:16.555,0.97331,0.97363,2.30,2.30
2010.12.07 13:25:17.604,0.97331,0.97363,2.30,2.40
2010.12.07 13:25:18.159,0.97331,0.97363,2.40,2.30
2010.12.07 13:25:18.732,0.97331,0.97363,2.40,2.30
2010.12.07 13:25:18.864,0.9733,0.97363,2.30,2.40
2010.12.07 13:25:19.191,0.9733,0.97363,2.40,2.30
2010.12.07 13:25:20.129,0.97329,0.97363,2.30,2.40
2010.12.07 13:25:20.253,0.97331,0.97363,2.40,2.30
2010.12.07 13:25:20.638,0.97331,0.97363,2.30,2.40
2010.12.07 13:25:21.146,0.97329,0.97363,2.30,2.40
2010.12.07 13:25:21.720,0.97329,0.97363,2.40,2.30
2010.12.07 13:25:22.762,0.97329,0.97363,2.30,2.40
2010.12.07 13:25:23.445,0.97325,0.97363,4.10,2.30
2010.12.07 13:25:23.680,0.97325,0.97363,4.70,2.30
2010.12.07 13:25:24.464,0.9733,0.97363,2.30,2.30
2010.12.07 13:25:24.571,0.97326,0.97363,2.70,2.40
2010.12.07 13:25:24.901,0.97326,0.97363,6.40,2.30
2010.12.07 13:25:26.648,0.97314,0.97352,2.40,2.90
2010.12.07 13:25:27.516,0.97317,0.97354,2.60,1.50
2010.12.07 13:25:27.631,0.97317,0.97362,2.60,3.70
2010.12.07 13:25:28.193,0.97318,0.97353,1.10,2.30
2010.12.07 13:25:28.322,0.97321,0.97362,2.90,2.30
2010.12.07 13:25:29.526,0.97327,0.97352,2.30,2.30
2010.12.07 13:25:29.644,0.97329,0.97363,2.30,2.40
2010.12.07 13:25:29.752,0.97329,0.97363,4.50,2.90
2010.12.07 13:25:30.533,0.97324,0.97363,2.40,2.90
2010.12.07 13:25:30.734,0.97324,0.97363,2.30,2.90
2010.12.07 13:25:31.313,0.97324,0.97363,2.40,3.60
2010.12.07 13:25:32.015,0.97325,0.97363,2.30,3.60
2010.12.07 13:25:32.832,0.97325,0.97363,2.40,3.70
2010.12.07 13:25:36.662,0.97326,0.97363,2.40,3.80
2010.12.07 13:25:37.674,0.97326,0.97363,2.40,3.60
2010.12.07 13:25:38.332,0.97326,0.97363,2.40,3.70
2010.12.07 13:25:38.967,0.97326,0.97363,2.60,3.60
2010.12.07 13:25:39.641,0.97325,0.97362,2.40,2.90
2010.12.07 13:25:41.703,0.97325,0.97352,2.40,2.30
2010.12.07 13:25:42.292,0.97324,0.97353,2.40,2.30
2010.12.07 13:25:44.933,0.97319,0.97353,1.50,2.40
2010.12.07 13:25:45.492,0.97319,0.97353,1.50,2.40
2010.12.07 13:25:46.140,0.97316,0.97353,2.90,2.40
2010.12.07 13:25:46.256,0.9732,0.97362,1.40,4.80
2010.12.07 13:25:46.373,0.9732,0.97362,1.40,4.70
2010.12.07 13:25:47.131,0.9732,0.97362,2.60,2.30
2010.12.07 13:25:47.244,0.97317,0.97362,3.00,2.90
2010.12.07 13:25:47.352,0.97317,0.97362,2.80,3.00
2010.12.07 13:25:47.960,0.97314,0.97359,2.10,2.70
2010.12.07 13:25:48.076,0.97314,0.97356,1.50,2.90
2010.12.07 13:25:48.711,0.97311,0.97356,2.90,6.30
2010.12.07 13:25:50.292,0.97311,0.97354,2.90,2.80
2010.12.07 13:25:50.511,0.97311,0.97354,2.90,2.70
2010.12.07 13:25:51.449,0.97315,0.9736,2.70,2.90
2010.12.07 13:25:51.561,0.97315,0.9736,2.70,6.40
2010.12.07 13:25:52.502,0.97318,0.9736,2.30,6.30
2010.12.07 13:25:52.613,0.97315,0.9736,6.30,2.70
2010.12.07 13:25:54.188,0.97319,0.97363,2.90,2.40
2010.12.07 13:25:54.491,0.97319,0.97363,2.90,2.40
2010.12.07 13:25:55.862,0.97323,0.97367,3.70,2.40
2010.12.07 13:25:56.589,0.97327,0.97369,2.90,2.40
2010.12.07 13:25:57.831,0.97327,0.9737,2.90,2.40
2010.12.07 13:26:01.880,0.97326,0.97362,2.70,2.30
2010.12.07 13:26:02.811,0.97327,0.9737,2.90,2.40
2010.12.07 13:26:03.461,0.97327,0.9737,6.50,2.40
2010.12.07 13:26:07.468,0.97329,0.97371,1.10,2.30
2010.12.07 13:26:08.002,0.97327,0.97372,6.60,2.30
2010.12.07 13:26:08.873,0.97332,0.97372,3.00,2.30
2010.12.07 13:26:09.092,0.97332,0.97372,2.70,2.30
2010.12.07 13:26:09.633,0.97332,0.97362,2.30,2.30
2010.12.07 13:26:09.747,0.97326,0.97362,2.40,2.30
2010.12.07 13:26:10.308,0.97322,0.97363,2.40,2.70
2010.12.07 13:26:10.992,0.97321,0.97363,2.40,2.70
2010.12.07 13:26:11.671,0.97317,0.9736,2.40,2.90
2010.12.07 13:26:12.675,0.97321,0.97366,2.30,2.70
2010.12.07 13:26:12.902,0.97321,0.97362,2.40,2.70
2010.12.07 13:26:13.029,0.97321,0.97362,2.30,2.70
2010.12.07 13:26:13.586,0.97323,0.97362,2.40,2.70
2010.12.07 13:26:14.530,0.97322,0.97353,2.40,2.30
2010.12.07 13:26:14.864,0.97323,0.97362,2.30,2.70
2010.12.07 13:26:15.546,0.97318,0.97362,2.30,2.70
2010.12.07 13:26:15.663,0.97317,0.9736,2.30,3.00
2010.12.07 13:26:16.544,0.97315,0.9736,3.80,2.90
2010.12.07 13:26:17.310,0.97315,0.97359,1.50,6.20
2010.12.07 13:26:17.642,0.97317,0.97359,2.30,2.80
2010.12.07 13:26:19.032,0.97315,0.97352,2.10,2.40
2010.12.07 13:26:19.251,0.97308,0.97351,14.00,2.40
2010.12.07 13:26:20.132,0.97308,0.97351,14.30,2.30
2010.12.07 13:26:20.451,0.97308,0.97351,14.30,2.40
2010.12.07 13:26:22.526,0.97317,0.97351,2.30,2.40
2010.12.07 13:26:22.641,0.97317,0.97351,2.40,2.30
2010.12.07 13:26:23.221,0.97317,0.97355,2.40,2.70
2010.12.07 13:26:23.331,0.97317,0.97355,2.40,2.30
2010.12.07 13:26:23.445,0.97317,0.97356,2.40,2.50
2010.12.07 13:26:24.159,0.97319,0.9736,1.40,2.40
2010.12.07 13:26:24.345,0.97311,0.97355,3.00,2.80
2010.12.07 13:26:25.243,0.9731,0.97355,2.40,3.00
2010.12.07 13:26:26.382,0.9731,0.97352,2.40,2.30
2010.12.07 13:26:26.519,0.97316,0.97352,1.80,2.30
2010.12.07 13:26:26.633,0.97319,0.97362,2.40,5.10
2010.12.07 13:26:26.750,0.97319,0.97362,2.30,16.00
2010.12.07 13:26:27.251,0.97316,0.97359,4.60,6.60
2010.12.07 13:26:27.395,0.97313,0.97359,2.60,2.90
2010.12.07 13:26:28.682,0.97313,0.97357,2.40,2.90
2010.12.07 13:26:28.792,0.97313,0.97357,2.40,2.90
2010.12.07 13:26:30.592,0.97308,0.97352,2.40,2.00
2010.12.07 13:26:31.584,0.97313,0.97352,2.40,2.70
2010.12.07 13:26:31.691,0.97313,0.97352,2.40,2.70
2010.12.07 13:26:32.200,0.97313,0.97352,2.40,2.70
2010.12.07 13:26:32.322,0.97313,0.97352,2.40,3.00
2010.12.07 13:26:33.466,0.97311,0.97352,2.60,2.90
2010.12.07 13:26:33.583,0.97311,0.97352,2.40,6.50
2010.12.07 13:26:34.053,0.97311,0.97352,2.40,2.90
2010.12.07 13:26:35.271,0.97311,0.97352,2.40,2.90
2010.12.07 13:26:35.665,0.97311,0.9735,2.40,1.40
2010.12.07 13:26:36.187,0.97311,0.97343,2.40,2.30
2010.12.07 13:26:36.308,0.97311,0.97352,2.40,2.90
2010.12.07 13:26:36.425,0.97311,0.97352,2.60,2.30
2010.12.07 13:26:37.245,0.97318,0.97361,2.40,3.70
2010.12.07 13:26:39.051,0.97319,0.97362,2.40,2.90
2010.12.07 13:26:42.387,0.97323,0.97362,2.40,2.80
2010.12.07 13:26:42.510,0.97323,0.97362,2.40,2.70
2010.12.07 13:26:43.772,0.97323,0.97362,2.40,2.70
2010.12.07 13:26:44.102,0.97323,0.97362,2.60,2.80
2010.12.07 13:26:44.216,0.97323,0.97362,2.40,2.70
2010.12.07 13:26:44.334,0.97321,0.97361,2.40,2.90
2010.12.07 13:26:45.006,0.97316,0.97361,2.40,2.90
2010.12.07 13:26:46.815,0.97314,0.97358,2.40,2.70
2010.12.07 13:26:47.818,0.97317,0.9736,5.90,2.70
2010.12.07 13:26:47.934,0.97315,0.9736,2.60,2.80
2010.12.07 13:26:48.482,0.97313,0.97358,2.50,2.70
2010.12.07 13:26:49.044,0.97317,0.9736,2.40,2.70
2010.12.07 13:26:50.300,0.97317,0.97353,2.40,2.30
2010.12.07 13:26:51.635,0.97318,0.97353,2.40,2.30
2010.12.07 13:26:51.762,0.97318,0.97353,2.40,2.30
2010.12.07 13:26:53.384,0.97317,0.97353,2.60,2.30
2010.12.07 13:26:53.492,0.97317,0.97353,2.40,2.30
2010.12.07 13:26:53.931,0.97315,0.97353,2.40,2.30
2010.12.07 13:26:54.874,0.97314,0.97353,2.40,2.30
2010.12.07 13:26:55.703,0.97314,0.97353,2.40,2.30
2010.12.07 13:26:56.653,0.97314,0.97353,6.10,2.30
2010.12.07 13:26:56.871,0.97314,0.97353,2.40,2.30
2010.12.07 13:26:57.193,0.97314,0.97353,2.40,2.30
2010.12.07 13:26:57.821,0.97314,0.97353,2.40,2.30
2010.12.07 13:26:58.430,0.97315,0.97358,5.90,2.90
2010.12.07 13:26:59.165,0.97313,0.97352,2.60,2.70
2010.12.07 13:26:59.287,0.97313,0.97352,2.60,2.30
2010.12.07 13:26:59.401,0.97313,0.97356,2.60,1.20
2010.12.07 13:27:00.359,0.97313,0.97356,2.30,1.20
2010.12.07 13:27:00.473,0.97313,0.97356,2.60,1.20
2010.12.07 13:27:01.042,0.97312,0.97352,2.70,3.80
2010.12.07 13:27:01.855,0.97312,0.97352,6.10,3.80
2010.12.07 13:27:01.974,0.97312,0.97352,2.60,3.80
2010.12.07 13:27:02.084,0.97312,0.97353,2.80,2.30
2010.12.07 13:27:02.202,0.97312,0.97353,2.60,2.30
2010.12.07 13:27:02.809,0.97312,0.97352,2.60,1.50
2010.12.07 13:27:02.925,0.97307,0.97352,2.60,4.30
2010.12.07 13:27:03.512,0.97307,0.97352,2.60,4.30
2010.12.07 13:27:04.122,0.97313,0.97351,1.90,3.80
2010.12.07 13:27:05.869,0.97318,0.97358,2.60,2.40
2010.12.07 13:27:06.831,0.97318,0.97358,2.60,2.40
2010.12.07 13:27:07.703,0.97318,0.97357,2.60,2.40
2010.12.07 13:27:07.811,0.97318,0.97357,2.60,2.40
2010.12.07 13:27:08.701,0.97318,0.97356,2.50,2.30
2010.12.07 13:27:09.161,0.97318,0.97358,2.50,2.40
2010.12.07 13:27:09.271,0.97318,0.97356,2.60,2.30
2010.12.07 13:27:09.491,0.97318,0.97358,2.60,2.40
2010.12.07 13:27:10.258,0.97318,0.97358,2.60,2.40
2010.12.07 13:27:10.781,0.97318,0.97358,2.50,2.60
2010.12.07 13:27:10.908,0.97318,0.97358,2.50,2.40
2010.12.07 13:27:13.221,0.97318,0.97358,2.50,2.70
2010.12.07 13:27:13.963,0.97313,0.97353,3.80,4.10
2010.12.07 13:27:14.077,0.97314,0.97353,2.30,2.70
2010.12.07 13:27:14.192,0.97314,0.97353,2.40,2.80
2010.12.07 13:27:15.278,0.97314,0.97353,2.30,2.70
2010.12.07 13:27:15.410,0.97318,0.97342,2.30,2.90
2010.12.07 13:27:15.537,0.97314,0.97342,2.30,2.50
2010.12.07 13:27:16.116,0.97311,0.97351,2.30,2.60
2010.12.07 13:27:16.237,0.97312,0.97355,2.40,2.90
2010.12.07 13:27:17.094,0.97312,0.97355,2.40,2.70
2010.12.07 13:27:17.203,0.97312,0.97355,2.60,2.70
2010.12.07 13:27:17.682,0.97312,0.97355,5.90,2.70
2010.12.07 13:27:18.669,0.97318,0.97361,2.40,2.90
2010.12.07 13:27:19.006,0.97317,0.97357,2.70,2.30
2010.12.07 13:27:19.120,0.97318,0.97363,2.40,15.70
2010.12.07 13:27:20.079,0.97315,0.97353,4.50,2.40
2010.12.07 13:27:21.050,0.97318,0.97361,2.30,2.70
2010.12.07 13:27:21.271,0.9732,0.97364,2.30,5.20
2010.12.07 13:27:22.116,0.97317,0.97363,2.40,5.20
2010.12.07 13:27:22.451,0.97317,0.97363,3.30,4.70
2010.12.07 13:27:23.106,0.97321,0.97363,2.40,2.70
2010.12.07 13:27:23.927,0.97318,0.97363,2.60,2.70
2010.12.07 13:27:25.455,0.97318,0.97364,3.00,2.80
2010.12.07 13:27:25.571,0.97319,0.97364,2.10,2.70
2010.12.07 13:27:25.682,0.97321,0.97367,2.70,2.70
2010.12.07 13:27:25.979,0.97321,0.97367,6.20,2.70
2010.12.07 13:27:26.972,0.97321,0.97367,2.80,2.70
2010.12.07 13:27:27.664,0.97321,0.97367,6.50,2.70
2010.12.07 13:27:28.652,0.97322,0.97367,1.20,2.70
2010.12.07 13:27:29.180,0.97321,0.97367,6.20,2.70
2010.12.07 13:27:29.307,0.97322,0.97368,2.90,2.90
2010.12.07 13:27:31.748,0.9733,0.97371,2.40,2.70
2010.12.07 13:27:32.662,0.97328,0.97372,2.40,2.70
2010.12.07 13:27:33.805,0.97322,0.97368,3.00,2.70
2010.12.07 13:27:34.032,0.97322,0.97367,2.80,2.70
2010.12.07 13:27:34.181,0.97322,0.97367,2.40,2.70
2010.12.07 13:27:35.171,0.97322,0.97367,2.60,2.70
2010.12.07 13:27:35.502,0.97322,0.97367,2.40,2.70
2010.12.07 13:27:36.073,0.97322,0.97367,2.60,2.70
2010.12.07 13:27:36.181,0.97322,0.97367,2.40,2.70
2010.12.07 13:27:36.291,0.97322,0.97367,2.40,2.70
2010.12.07 13:27:36.623,0.97322,0.97367,2.90,2.70
2010.12.07 13:27:37.165,0.97322,0.97362,2.90,1.50
2010.12.07 13:27:37.968,0.97318,0.97354,2.40,1.70
2010.12.07 13:27:38.109,0.97318,0.9736,6.20,2.50
2010.12.07 13:27:38.618,0.97318,0.9736,2.40,3.20
2010.12.07 13:27:38.786,0.97315,0.9736,2.40,2.50
2010.12.07 13:27:39.489,0.97314,0.97353,2.40,2.30
2010.12.07 13:27:39.931,0.97315,0.97352,1.70,2.30
2010.12.07 13:27:40.932,0.97317,0.97352,5.90,2.30
2010.12.07 13:27:41.051,0.97317,0.97352,2.40,2.30
2010.12.07 13:27:41.637,0.97317,0.97352,6.10,2.30
2010.12.07 13:27:42.500,0.97317,0.97352,6.50,2.70
2010.12.07 13:27:42.645,0.97313,0.97352,2.40,2.90
2010.12.07 13:27:42.982,0.97318,0.97356,2.50,2.90
2010.12.07 13:27:43.609,0.97322,0.97367,6.40,6.50
2010.12.07 13:27:43.721,0.97328,0.97368,2.40,2.90
2010.12.07 13:27:45.903,0.97327,0.97368,2.80,2.60
2010.12.07 13:27:46.013,0.97327,0.97368,3.10,2.30
2010.12.07 13:27:46.236,0.97327,0.9737,5.30,2.30
2010.12.07 13:27:46.351,0.9733,0.9737,1.10,2.30
2010.12.07 13:27:47.669,0.97328,0.97371,6.50,2.30
2010.12.07 13:27:48.417,0.97327,0.97369,2.80,2.40
2010.12.07 13:27:49.545,0.97327,0.97369,2.80,2.30
2010.12.07 13:27:51.679,0.97327,0.97369,2.70,2.40
2010.12.07 13:27:51.820,0.97323,0.97368,5.10,2.40
2010.12.07 13:27:52.041,0.97323,0.97368,2.70,2.40
2010.12.07 13:27:52.584,0.97323,0.97368,2.90,2.40
2010.12.07 13:27:52.723,0.97328,0.9737,2.80,2.30
2010.12.07 13:27:52.832,0.97328,0.9737,2.70,2.30
2010.12.07 13:27:54.147,0.97323,0.97368,6.30,2.40
2010.12.07 13:27:56.148,0.97324,0.97368,1.10,2.30
2010.12.07 13:27:56.702,0.97328,0.97371,2.40,2.70
2010.12.07 13:27:57.200,0.97327,0.97371,2.80,5.10
2010.12.07 13:27:57.531,0.97325,0.97368,2.40,2.70
2010.12.07 13:27:57.761,0.97318,0.97363,6.90,2.30
2010.12.07 13:27:58.482,0.97318,0.97363,6.70,2.30
2010.12.07 13:27:58.981,0.97328,0.97363,2.30,2.30
2010.12.07 13:27:59.716,0.97328,0.97364,2.30,2.30
2010.12.07 13:27:59.870,0.97328,0.97364,2.40,2.30
2010.12.07 13:28:00.203,0.97328,0.97364,2.30,2.30
2010.12.07 13:28:00.311,0.97328,0.97366,2.30,2.70
2010.12.07 13:28:00.859,0.97328,0.97367,2.40,2.70
2010.12.07 13:28:01.486,0.97328,0.9737,2.40,2.70
2010.12.07 13:28:02.497,0.97328,0.97363,2.40,2.30
2010.12.07 13:28:04.111,0.97328,0.97363,2.40,2.30
2010.12.07 13:28:04.558,0.97328,0.97363,2.30,2.30
2010.12.07 13:28:05.396,0.97326,0.97371,2.90,5.80
2010.12.07 13:28:05.512,0.97326,0.97371,2.40,5.90
2010.12.07 13:28:05.621,0.97326,0.97362,2.40,2.30
2010.12.07 13:28:06.623,0.97323,0.97362,2.70,2.40
2010.12.07 13:28:07.448,0.97323,0.97362,2.80,2.40
2010.12.07 13:28:08.981,0.97324,0.97369,2.60,5.10
2010.12.07 13:28:09.316,0.97319,0.97363,2.30,2.70
2010.12.07 13:28:09.796,0.97317,0.97355,2.70,1.50
2010.12.07 13:28:10.875,0.97301,0.97345,2.30,2.30
2010.12.07 13:28:11.202,0.97309,0.97347,2.30,1.20
2010.12.07 13:28:12.340,0.97313,0.97346,2.30,1.20
2010.12.07 13:28:12.564,0.97311,0.97342,4.50,2.70
2010.12.07 13:28:13.583,0.97307,0.97342,2.30,2.70
2010.12.07 13:28:13.693,0.97307,0.97334,2.30,1.50
2010.12.07 13:28:13.911,0.97313,0.97342,2.30,2.40
2010.12.07 13:28:14.962,0.97314,0.97342,2.30,2.30
2010.12.07 13:28:17.203,0.97305,0.97342,2.40,2.30
2010.12.07 13:28:21.081,0.97303,0.97342,6.90,2.30
2010.12.07 13:28:21.585,0.97303,0.97342,3.00,2.30
2010.12.07 13:28:22.538,0.97301,0.97342,3.00,2.40
2010.12.07 13:28:23.197,0.97306,0.97342,1.40,2.40
2010.12.07 13:28:23.536,0.97308,0.97346,2.50,3.80
2010.12.07 13:28:23.655,0.97308,0.97346,2.50,3.90
2010.12.07 13:28:24.643,0.97308,0.97346,2.60,3.80
2010.12.07 13:28:25.454,0.97308,0.97346,2.60,4.20
2010.12.07 13:28:25.562,0.97308,0.97345,2.30,2.70
2010.12.07 13:28:25.671,0.97301,0.97343,6.30,2.40
2010.12.07 13:28:25.781,0.97301,0.97343,2.70,2.50
2010.12.07 13:28:26.454,0.97301,0.97343,2.90,2.40
2010.12.07 13:28:26.564,0.97301,0.97343,6.30,2.40
2010.12.07 13:28:27.432,0.97301,0.97343,2.60,2.70
2010.12.07 13:28:28.058,0.97301,0.97334,1.10,1.50
2010.12.07 13:28:28.187,0.97301,0.97343,3.70,2.40
2010.12.07 13:28:28.969,0.97302,0.97343,1.10,2.30
2010.12.07 13:28:29.538,0.97301,0.97343,8.30,2.40
2010.12.07 13:28:29.653,0.97301,0.97343,3.30,2.80
2010.12.07 13:28:30.474,0.97293,0.97333,2.90,2.40
2010.12.07 13:28:31.585,0.97294,0.97333,6.20,2.30
2010.12.07 13:28:31.691,0.97294,0.97333,2.60,2.40
2010.12.07 13:28:32.041,0.97294,0.97333,6.00,2.30
2010.12.07 13:28:32.152,0.97294,0.97333,2.60,2.40
2010.12.07 13:28:32.952,0.97294,0.97333,6.00,2.30
2010.12.07 13:28:34.932,0.97294,0.97333,6.00,2.30
2010.12.07 13:28:35.495,0.97298,0.97337,2.50,1.50
2010.12.07 13:28:36.207,0.97298,0.97337,2.60,1.50
2010.12.07 13:28:37.186,0.97298,0.97342,4.80,5.10
2010.12.07 13:28:38.686,0.97298,0.97342,4.90,12.20
2010.12.07 13:28:38.807,0.97298,0.97342,4.90,5.10
2010.12.07 13:28:39.645,0.97298,0.97342,4.70,4.90
2010.12.07 13:28:40.179,0.97298,0.97342,4.60,12.20
2010.12.07 13:28:40.303,0.97293,0.97333,2.40,2.30
2010.12.07 13:28:41.404,0.973,0.97342,2.40,2.90
2010.12.07 13:28:41.628,0.973,0.97333,2.30,2.30
2010.12.07 13:28:42.377,0.97296,0.97332,2.40,2.30
2010.12.07 13:28:43.651,0.97293,0.97332,2.80,2.30
2010.12.07 13:28:43.873,0.97291,0.97332,3.00,2.30
2010.12.07 13:28:44.102,0.97291,0.9733,5.90,1.50
2010.12.07 13:28:44.322,0.9729,0.9733,2.40,1.50
2010.12.07 13:28:45.191,0.97288,0.97322,4.80,2.30
2010.12.07 13:28:46.521,0.97288,0.97322,4.80,2.30
2010.12.07 13:28:47.304,0.97288,0.97322,5.00,2.30
2010.12.07 13:28:47.783,0.9729,0.97322,2.40,2.30
2010.12.07 13:28:48.002,0.9729,0.97332,2.60,2.90
2010.12.07 13:28:48.565,0.97291,0.97332,2.40,2.90
2010.12.07 13:28:49.121,0.97295,0.97332,2.30,2.80
2010.12.07 13:28:49.716,0.97291,0.97333,2.40,3.60
2010.12.07 13:28:49.945,0.97291,0.97333,2.70,3.20
2010.12.07 13:28:50.072,0.97298,0.97335,2.30,1.90
2010.12.07 13:28:50.184,0.97298,0.97333,2.30,3.20
2010.12.07 13:28:51.435,0.97293,0.97324,2.50,1.50
2010.12.07 13:28:51.541,0.97293,0.97324,2.40,1.50
2010.12.07 13:28:51.887,0.9729,0.97324,2.30,1.50
2010.12.07 13:28:52.432,0.9729,0.97324,2.70,1.50
2010.12.07 13:28:52.765,0.97308,0.97334,2.50,1.50
2010.12.07 13:28:52.874,0.973,0.97334,2.40,1.50
2010.12.07 13:28:53.439,0.97299,0.97337,2.70,1.50
2010.12.07 13:28:54.393,0.97298,0.97334,2.90,1.50
2010.12.07 13:28:54.729,0.97298,0.97335,2.80,1.50
2010.12.07 13:28:55.404,0.97298,0.97342,5.30,4.70
2010.12.07 13:28:55.843,0.97307,0.97342,2.30,2.30
2010.12.07 13:28:56.515,0.97307,0.97343,2.30,2.40
2010.12.07 13:28:56.629,0.97305,0.97343,2.30,2.40
2010.12.07 13:28:56.748,0.97305,0.97343,2.90,2.40
2010.12.07 13:28:57.339,0.97308,0.97346,2.90,1.50
2010.12.07 13:28:57.852,0.97308,0.97346,3.00,1.50
2010.12.07 13:28:58.885,0.97305,0.97342,2.30,2.30
2010.12.07 13:28:58.993,0.97303,0.97342,2.40,2.90
2010.12.07 13:28:59.994,0.97306,0.97342,2.90,2.30
2010.12.07 13:29:00.102,0.97308,0.97346,2.90,1.50
2010.12.07 13:29:01.691,0.97308,0.97346,3.00,1.50
2010.12.07 13:29:01.912,0.97308,0.97346,2.90,1.50
2010.12.07 13:29:02.131,0.97308,0.97346,3.20,1.50
2010.12.07 13:29:02.781,0.97308,0.97346,2.90,1.50
2010.12.07 13:29:03.452,0.97308,0.97344,2.60,1.90
2010.12.07 13:29:03.563,0.97308,0.97344,2.30,2.10
2010.12.07 13:29:04.136,0.97303,0.97343,2.30,2.90
2010.12.07 13:29:04.491,0.97303,0.97343,2.60,2.90
2010.12.07 13:29:05.362,0.97303,0.97343,2.40,2.90
2010.12.07 13:29:05.472,0.97302,0.97343,2.40,3.00
2010.12.07 13:29:05.582,0.97303,0.97343,2.60,3.00
2010.12.07 13:29:05.912,0.97302,0.97339,2.30,1.40
2010.12.07 13:29:06.024,0.97295,0.97339,4.80,1.40
2010.12.07 13:29:06.571,0.97295,0.97332,2.60,2.30
2010.12.07 13:29:06.687,0.97295,0.97332,2.50,2.30
2010.12.07 13:29:07.353,0.97297,0.97342,2.90,1.20
2010.12.07 13:29:07.462,0.97297,0.97342,2.40,2.10
2010.12.07 13:29:08.232,0.973,0.97333,2.30,2.30
2010.12.07 13:29:08.886,0.97302,0.97342,2.70,2.30
2010.12.07 13:29:10.272,0.97306,0.97342,2.70,2.30
2010.12.07 13:29:11.566,0.97308,0.97352,3.00,3.20
2010.12.07 13:29:11.795,0.97307,0.97351,4.90,3.40
2010.12.07 13:29:11.903,0.97308,0.97342,2.30,2.30
2010.12.07 13:29:15.843,0.97302,0.97342,2.80,2.40
2010.12.07 13:29:16.636,0.97302,0.97342,2.80,2.40
2010.12.07 13:29:16.864,0.97308,0.97344,2.50,1.70
2010.12.07 13:29:17.553,0.97305,0.97342,2.40,2.30
2010.12.07 13:29:19.942,0.97305,0.97342,2.30,2.40
2010.12.07 13:29:22.616,0.97302,0.97342,2.30,6.50
2010.12.07 13:29:22.732,0.97302,0.97342,2.40,2.90
2010.12.07 13:29:23.783,0.97302,0.97342,2.30,6.40
2010.12.07 13:29:26.451,0.97303,0.97342,2.30,2.90
2010.12.07 13:29:27.354,0.97304,0.97342,2.30,2.90
2010.12.07 13:29:29.437,0.97304,0.97341,2.30,1.40
2010.12.07 13:29:30.163,0.97304,0.97341,2.30,1.40
2010.12.07 13:29:30.289,0.97302,0.97342,2.30,2.80
2010.12.07 13:29:30.971,0.97302,0.97342,4.40,2.30
2010.12.07 13:29:31.628,0.97308,0.97346,4.70,1.50
2010.12.07 13:29:32.262,0.97308,0.97346,2.40,2.10
2010.12.07 13:29:34.041,0.97307,0.97343,2.40,2.30
2010.12.07 13:29:34.736,0.97307,0.97346,5.30,1.50
2010.12.07 13:29:35.561,0.9731,0.97346,3.20,1.50
2010.12.07 13:29:36.155,0.9731,0.97346,3.00,1.50
2010.12.07 13:29:40.763,0.9731,0.97346,2.60,1.50
2010.12.07 13:29:41.811,0.9731,0.97346,2.60,1.50
2010.12.07 13:29:45.511,0.9731,0.97346,2.50,1.50
2010.12.07 13:29:46.160,0.97307,0.97346,12.20,1.50
2010.12.07 13:29:46.860,0.97307,0.97346,5.20,1.60
2010.12.07 13:29:47.191,0.97307,0.97346,12.20,1.50
2010.12.07 13:29:47.851,0.97307,0.97346,5.20,1.50
2010.12.07 13:29:47.960,0.97307,0.97346,12.40,1.50
2010.12.07 13:29:48.511,0.97312,0.9735,1.70,1.90
2010.12.07 13:29:48.665,0.97312,0.9735,1.60,1.60
2010.12.07 13:29:50.277,0.97307,0.97347,5.20,1.50
2010.12.07 13:29:51.402,0.97303,0.97343,5.30,3.80
2010.12.07 13:29:54.660,0.97303,0.97343,4.50,3.90
2010.12.07 13:29:54.991,0.97303,0.97343,4.50,4.10
2010.12.07 13:29:55.210,0.97303,0.97336,2.30,1.50
2010.12.07 13:29:55.803,0.97297,0.97336,7.50,1.50
2010.12.07 13:29:56.169,0.97297,0.97336,7.00,1.50
2010.12.07 13:29:56.751,0.97297,0.9734,7.00,2.50
2010.12.07 13:29:56.941,0.97303,0.97335,2.30,1.90
2010.12.07 13:29:57.429,0.97294,0.97335,2.50,1.90
2010.12.07 13:29:57.559,0.97295,0.97335,2.60,1.90
2010.12.07 13:29:58.589,0.97296,0.97335,2.40,1.90
2010.12.07 13:29:58.811,0.97296,0.97333,2.30,4.20
2010.12.07 13:29:58.921,0.97295,0.97333,2.30,4.20
2010.12.07 13:29:59.253,0.97289,0.97332,2.40,2.70
2010.12.07 13:29:59.802,0.97291,0.97333,2.40,3.60
2010.12.07 13:30:01.607,0.9729,0.97333,2.40,3.60
2010.12.07 13:30:01.832,0.97291,0.97332,2.30,2.70
2010.12.07 13:30:02.050,0.97291,0.97332,2.30,2.80
2010.12.07 13:30:02.753,0.97289,0.97332,2.30,6.30
2010.12.07 13:30:03.212,0.97289,0.97333,2.40,2.70
2010.12.07 13:30:03.773,0.97291,0.97333,2.40,2.70
2010.12.07 13:30:03.994,0.97298,0.97332,2.30,2.30
2010.12.07 13:30:04.693,0.97294,0.97333,1.50,2.40
2010.12.07 13:30:04.810,0.97295,0.97333,2.30,2.40
2010.12.07 13:30:04.924,0.97295,0.97333,2.50,2.40
2010.12.07 13:30:05.539,0.97293,0.97333,1.10,2.30
2010.12.07 13:30:05.659,0.9729,0.97323,2.50,2.30
2010.12.07 13:30:06.193,0.9729,0.97323,2.90,2.30
2010.12.07 13:30:06.330,0.97287,0.97326,2.50,2.10
2010.12.07 13:30:06.443,0.97283,0.97322,2.30,2.50
2010.12.07 13:30:07.842,0.97273,0.9731,3.20,1.50
2010.12.07 13:30:08.023,0.97272,0.97309,2.40,1.70
2010.12.07 13:30:08.132,0.97272,0.97306,2.40,1.50
2010.12.07 13:30:08.795,0.97267,0.97307,7.50,1.50
2010.12.07 13:30:09.161,0.97272,0.97313,6.50,2.40
2010.12.07 13:30:09.745,0.97273,0.97313,1.40,2.30
2010.12.07 13:30:09.891,0.97274,0.97317,6.00,2.10
2010.12.07 13:30:10.053,0.97274,0.97317,2.60,2.20
2010.12.07 13:30:10.380,0.97276,0.97317,2.40,2.10
2010.12.07 13:30:11.481,0.97276,0.97317,2.40,2.10
2010.12.07 13:30:12.251,0.97268,0.97297,2.90,2.30
2010.12.07 13:30:12.363,0.97268,0.97297,2.80,2.30
2010.12.07 13:30:13.146,0.97275,0.97316,2.30,2.10
2010.12.07 13:30:13.265,0.97275,0.97313,2.30,2.70
2010.12.07 13:30:14.229,0.9727,0.97312,2.30,3.60
2010.12.07 13:30:14.455,0.97272,0.97312,2.90,3.00
2010.12.07 13:30:14.672,0.97279,0.97315,2.90,1.50
2010.12.07 13:30:15.261,0.9728,0.97323,2.90,2.40
2010.12.07 13:30:15.376,0.97282,0.97313,2.70,2.30
2010.12.07 13:30:15.494,0.9728,0.97316,2.70,1.50
2010.12.07 13:30:16.069,0.97278,0.97316,6.80,1.50
2010.12.07 13:30:16.531,0.97278,0.97317,2.30,1.60
2010.12.07 13:30:17.102,0.97287,0.97324,2.30,1.70
2010.12.07 13:30:17.215,0.97287,0.97327,2.30,1.20
2010.12.07 13:30:17.332,0.97287,0.97331,2.30,2.20
2010.12.07 13:30:18.062,0.97287,0.97331,2.30,2.90
2010.12.07 13:30:18.237,0.97286,0.9732,2.30,1.60
2010.12.07 13:30:18.354,0.97284,0.9732,2.30,1.60
2010.12.07 13:30:18.593,0.97282,0.9732,2.30,1.60
2010.12.07 13:30:19.196,0.97286,0.97323,2.30,3.90
2010.12.07 13:30:19.421,0.97286,0.97321,2.30,1.50
2010.12.07 13:30:20.007,0.97286,0.97321,2.30,1.60
2010.12.07 13:30:20.660,0.97286,0.97321,2.30,1.50
2010.12.07 13:30:21.852,0.97283,0.97321,2.30,1.50
2010.12.07 13:30:22.004,0.97282,0.97315,2.90,1.50
2010.12.07 13:30:22.222,0.97278,0.97315,2.50,1.50
2010.12.07 13:30:22.973,0.97278,0.97315,3.20,1.50
2010.12.07 13:30:23.194,0.97285,0.97323,1.50,3.90
2010.12.07 13:30:23.412,0.97285,0.97323,1.60,3.80
2010.12.07 13:30:23.971,0.97287,0.97323,2.90,1.50
2010.12.07 13:30:26.365,0.97285,0.97322,5.20,2.30
2010.12.07 13:30:27.013,0.97285,0.97322,5.20,2.30
2010.12.07 13:30:28.462,0.97285,0.97322,12.20,2.30
2010.12.07 13:30:28.794,0.97285,0.97322,5.20,2.30
2010.12.07 13:30:29.792,0.9729,0.97322,2.30,2.30
2010.12.07 13:30:30.351,0.9729,0.97322,2.40,2.30
2010.12.07 13:30:31.441,0.9729,0.97322,2.30,2.30
2010.12.07 13:30:32.441,0.9729,0.97323,2.30,1.50
2010.12.07 13:30:33.016,0.9729,0.97323,2.40,1.50
2010.12.07 13:30:33.241,0.9729,0.97323,2.30,1.50
2010.12.07 13:30:34.155,0.97288,0.97323,5.20,3.80
2010.12.07 13:30:34.294,0.97286,0.97313,2.30,4.20
2010.12.07 13:30:34.402,0.97276,0.97313,2.60,2.70
2010.12.07 13:30:34.516,0.9728,0.97322,2.40,1.40
2010.12.07 13:30:35.096,0.97279,0.97323,2.60,2.90
2010.12.07 13:30:35.424,0.97279,0.97312,2.40,2.30
2010.12.07 13:30:35.752,0.97279,0.97312,2.30,2.30
2010.12.07 13:30:36.266,0.9728,0.97321,2.30,1.10
2010.12.07 13:30:36.389,0.97277,0.97312,2.40,2.30
2010.12.07 13:30:36.611,0.97277,0.97321,2.40,2.20
2010.12.07 13:30:37.240,0.97279,0.97321,2.30,2.20
2010.12.07 13:30:38.402,0.97278,0.97312,2.40,2.30
2010.12.07 13:30:40.943,0.97276,0.97312,2.30,2.30
2010.12.07 13:30:41.054,0.97274,0.97312,2.30,2.40
2010.12.07 13:30:41.616,0.97278,0.97314,2.70,1.70
2010.12.07 13:30:41.953,0.9728,0.97314,2.30,1.50
2010.12.07 13:30:42.511,0.97277,0.97314,5.30,1.50
2010.12.07 13:30:44.337,0.97279,0.97314,2.40,1.50
2010.12.07 13:30:45.008,0.97279,0.97314,2.30,1.50
2010.12.07 13:30:45.695,0.97271,0.97306,3.00,1.50
2010.12.07 13:30:46.606,0.9727,0.97303,2.30,1.50
2010.12.07 13:30:47.463,0.97262,0.97303,2.90,1.50
2010.12.07 13:30:47.578,0.97262,0.97303,1.50,3.80
2010.12.07 13:30:47.696,0.97258,0.97301,2.60,2.30
2010.12.07 13:30:47.924,0.97258,0.97301,2.80,2.90
2010.12.07 13:30:48.738,0.97253,0.97293,2.30,3.80
2010.12.07 13:30:49.455,0.97257,0.97293,2.40,2.30
2010.12.07 13:30:50.602,0.97257,0.97293,2.40,2.30
2010.12.07 13:30:51.618,0.97257,0.97293,2.40,2.30
2010.12.07 13:30:54.193,0.97249,0.9729,2.40,1.90
2010.12.07 13:30:54.779,0.97247,0.97292,5.30,2.90
2010.12.07 13:30:54.892,0.97247,0.9729,13.20,1.50
2010.12.07 13:30:55.112,0.97251,0.9729,2.40,1.50
2010.12.07 13:30:55.578,0.97251,0.97283,2.40,2.30
2010.12.07 13:30:56.442,0.97246,0.97283,2.10,2.30
2010.12.07 13:30:56.564,0.97248,0.9729,5.20,1.50
2010.12.07 13:30:57.201,0.97248,0.9729,12.20,1.50
2010.12.07 13:30:59.472,0.97251,0.9729,1.10,1.50
2010.12.07 13:30:59.593,0.97252,0.97294,2.80,2.30
2010.12.07 13:31:00.148,0.9725,0.97293,6.20,2.50
2010.12.07 13:31:00.266,0.9725,0.97293,2.40,2.90
2010.12.07 13:31:00.382,0.9725,0.9729,2.30,1.90
2010.12.07 13:31:01.023,0.9725,0.9729,2.40,1.90
2010.12.07 13:31:01.363,0.97251,0.97293,2.90,2.30
2010.12.07 13:31:01.477,0.97251,0.97293,6.90,2.30
2010.12.07 13:31:01.593,0.9725,0.97293,2.90,4.50
2010.12.07 13:31:01.702,0.9725,0.97293,2.70,4.80
2010.12.07 13:31:02.257,0.97253,0.97282,2.30,2.30
2010.12.07 13:31:02.375,0.97248,0.97282,2.30,2.30
2010.12.07 13:31:02.482,0.97245,0.97289,2.00,2.50
2010.12.07 13:31:03.087,0.97253,0.97292,2.40,4.00
2010.12.07 13:31:03.202,0.97253,0.97292,2.40,4.00
2010.12.07 13:31:04.233,0.97255,0.97292,1.60,2.30
2010.12.07 13:31:04.467,0.97264,0.97302,1.70,2.40
2010.12.07 13:31:04.584,0.97261,0.97301,2.70,1.70
2010.12.07 13:31:05.180,0.97264,0.97301,2.30,2.10
2010.12.07 13:31:06.339,0.97267,0.97302,2.30,1.70
2010.12.07 13:31:07.064,0.97267,0.97303,2.40,2.30
2010.12.07 13:31:07.642,0.97266,0.97303,1.50,2.40
2010.12.07 13:31:08.535,0.97266,0.97303,2.50,2.40
2010.12.07 13:31:08.663,0.9727,0.97311,2.50,2.20
2010.12.07 13:31:08.772,0.97274,0.97311,2.50,1.60
2010.12.07 13:31:08.885,0.97274,0.97312,4.00,2.40
2010.12.07 13:31:09.398,0.97274,0.97308,3.80,1.40
2010.12.07 13:31:09.515,0.97267,0.97302,2.30,2.30
2010.12.07 13:31:09.741,0.97266,0.97302,2.60,2.30
2010.12.07 13:31:09.961,0.97265,0.97302,2.50,2.40
2010.12.07 13:31:10.560,0.97265,0.97293,2.30,1.50
2010.12.07 13:31:10.791,0.97261,0.97294,1.10,1.50
2010.12.07 13:31:10.904,0.9727,0.97301,2.30,1.50
2010.12.07 13:31:11.486,0.97269,0.973,2.30,1.40
2010.12.07 13:31:12.186,0.97265,0.973,2.40,1.40
2010.12.07 13:31:12.512,0.97259,0.973,2.30,1.40
2010.12.07 13:31:12.765,0.97259,0.97301,2.30,2.10
2010.12.07 13:31:13.567,0.97257,0.97301,2.80,2.30
2010.12.07 13:31:13.682,0.97258,0.97301,2.40,2.10
2010.12.07 13:31:14.256,0.97258,0.97301,2.30,5.10
2010.12.07 13:31:14.371,0.97258,0.97301,2.40,2.20
2010.12.07 13:31:15.263,0.97258,0.97301,2.30,2.20
2010.12.07 13:31:17.502,0.97258,0.97301,2.30,2.20
2010.12.07 13:31:18.321,0.97257,0.97301,2.30,2.20
2010.12.07 13:31:18.432,0.97257,0.97301,2.70,2.20
2010.12.07 13:31:19.067,0.97258,0.97293,2.30,1.50
2010.12.07 13:31:19.182,0.97258,0.97301,2.30,4.40
2010.12.07 13:31:19.780,0.97266,0.97301,2.30,1.80
2010.12.07 13:31:19.896,0.97272,0.97312,1.50,4.90
2010.12.07 13:31:20.013,0.97272,0.97309,1.60,2.90
2010.12.07 13:31:20.493,0.97268,0.97307,1.70,1.40
2010.12.07 13:31:20.608,0.97266,0.97307,2.40,1.40
2010.12.07 13:31:21.508,0.97265,0.97302,2.30,2.30
2010.12.07 13:31:21.957,0.97265,0.97302,1.50,2.40
2010.12.07 13:31:23.533,0.97266,0.97302,2.30,2.30
2010.12.07 13:31:24.771,0.97266,0.97302,3.20,2.40
2010.12.07 13:31:25.107,0.97269,0.97312,2.50,3.00
2010.12.07 13:31:25.331,0.97272,0.97312,2.30,3.00
2010.12.07 13:31:25.798,0.97269,0.97303,2.30,2.30
2010.12.07 13:31:26.492,0.97268,0.97303,4.50,2.60
2010.12.07 13:31:26.669,0.97271,0.97311,1.50,7.00
2010.12.07 13:31:26.783,0.97271,0.97311,1.50,3.00
2010.12.07 13:31:27.348,0.97273,0.97312,2.30,4.50
2010.12.07 13:31:27.463,0.97269,0.97311,2.50,2.10
2010.12.07 13:31:27.573,0.97277,0.97313,2.30,3.90
2010.12.07 13:31:28.198,0.97277,0.97313,2.30,2.30
2010.12.07 13:31:28.353,0.97278,0.97316,2.50,4.50
2010.12.07 13:31:29.051,0.97271,0.97312,3.00,2.30
2010.12.07 13:31:29.166,0.97273,0.97312,2.40,2.40
2010.12.07 13:31:32.929,0.97274,0.97303,1.50,2.30
2010.12.07 13:31:33.044,0.97269,0.97303,2.30,2.30
2010.12.07 13:31:33.691,0.97267,0.97305,4.50,1.90
2010.12.07 13:31:34.455,0.97267,0.9731,2.30,3.50
2010.12.07 13:31:35.017,0.97263,0.97307,2.30,1.40
2010.12.07 13:31:35.138,0.97262,0.97303,1.50,3.20
2010.12.07 13:31:35.779,0.97261,0.97303,1.50,3.00
2010.12.07 13:31:35.933,0.97259,0.97303,2.30,4.50
2010.12.07 13:31:37.804,0.97258,0.97293,2.30,2.90
2010.12.07 13:31:38.455,0.97258,0.97294,2.50,1.60
2010.12.07 13:31:38.582,0.97258,0.97301,4.50,2.80
2010.12.07 13:31:39.424,0.97261,0.97303,2.40,2.70
2010.12.07 13:31:40.138,0.97261,0.97293,2.30,2.30
2010.12.07 13:31:40.364,0.97258,0.97293,2.30,2.30
2010.12.07 13:31:40.880,0.97258,0.97293,2.30,2.90
2010.12.07 13:31:40.995,0.97254,0.97293,2.30,2.30
2010.12.07 13:31:41.776,0.97254,0.97293,2.40,2.30
2010.12.07 13:31:43.478,0.97255,0.97293,3.80,2.40
2010.12.07 13:31:43.592,0.97255,0.97293,4.00,2.40
2010.12.07 13:31:43.704,0.97257,0.97295,2.50,1.50
2010.12.07 13:31:44.300,0.97258,0.97302,2.60,2.20
2010.12.07 13:31:44.952,0.9726,0.97302,2.30,2.20
2010.12.07 13:31:46.058,0.9726,0.97302,2.40,2.30
2010.12.07 13:31:46.285,0.97261,0.97303,6.40,2.40
2010.12.07 13:31:46.611,0.97261,0.97303,2.90,2.40
2010.12.07 13:31:47.605,0.97263,0.97303,2.80,2.30
2010.12.07 13:31:47.713,0.97263,0.97303,2.60,2.40
2010.12.07 13:31:48.750,0.97268,0.97307,2.40,3.00
2010.12.07 13:31:49.322,0.97265,0.97302,2.30,2.70
2010.12.07 13:31:49.582,0.97265,0.97292,2.30,2.30
2010.12.07 13:31:49.694,0.97262,0.97292,2.30,2.30
2010.12.07 13:31:50.352,0.97259,0.97292,2.30,2.30
2010.12.07 13:31:51.514,0.9726,0.97303,2.30,4.20
2010.12.07 13:31:51.622,0.9726,0.97295,2.30,1.50
2010.12.07 13:31:52.248,0.97261,0.97303,2.80,3.00
2010.12.07 13:31:52.426,0.97268,0.97302,2.30,2.30
2010.12.07 13:31:53.350,0.97268,0.97302,2.30,2.40
2010.12.07 13:31:53.481,0.97268,0.97302,2.30,2.40
2010.12.07 13:31:53.755,0.97268,0.97302,2.30,2.40
2010.12.07 13:31:54.774,0.97268,0.97302,2.50,2.30
2010.12.07 13:31:54.881,0.97268,0.97306,2.50,2.30
2010.12.07 13:31:55.585,0.97268,0.97309,2.50,2.30
2010.12.07 13:31:56.421,0.97268,0.97311,2.60,2.90
2010.12.07 13:31:56.546,0.97268,0.97309,2.50,2.40
2010.12.07 13:31:57.712,0.97271,0.97308,1.40,2.40
2010.12.07 13:31:59.115,0.97268,0.9731,2.50,2.70
2010.12.07 13:31:59.372,0.97268,0.9731,2.80,2.70
2010.12.07 13:32:00.691,0.97268,0.9731,2.80,2.80
2010.12.07 13:32:01.887,0.9727,0.97311,2.50,2.20
2010.12.07 13:32:06.050,0.97269,0.97308,2.50,1.60
2010.12.07 13:32:06.774,0.97269,0.97302,2.30,2.30
2010.12.07 13:32:07.471,0.97271,0.97311,2.30,2.00
2010.12.07 13:32:08.332,0.9727,0.97311,2.40,1.90
2010.12.07 13:32:08.892,0.9727,0.97311,2.30,2.00
2010.12.07 13:32:09.602,0.9727,0.97311,2.30,2.10
2010.12.07 13:32:09.715,0.9727,0.97299,2.30,1.40
2010.12.07 13:32:10.623,0.97258,0.97292,2.90,2.30
2010.12.07 13:32:10.760,0.97262,0.973,1.50,2.90
2010.12.07 13:32:11.202,0.97259,0.97299,1.70,1.70
2010.12.07 13:32:12.181,0.97259,0.97299,1.70,4.20
2010.12.07 13:32:13.303,0.97259,0.97295,1.50,1.50
2010.12.07 13:32:13.416,0.97259,0.97299,1.70,4.80
2010.12.07 13:32:13.533,0.97259,0.97299,1.70,1.90
2010.12.07 13:32:14.825,0.97258,0.97294,2.30,1.70
2010.12.07 13:32:14.936,0.97257,0.97293,2.30,2.80
2010.12.07 13:32:15.531,0.97254,0.97293,2.30,3.70
2010.12.07 13:32:15.952,0.97254,0.97293,2.40,3.60
2010.12.07 13:32:16.445,0.97254,0.97293,2.90,2.40
2010.12.07 13:32:16.559,0.97259,0.97293,1.50,2.30
2010.12.07 13:32:16.679,0.97255,0.97293,4.10,2.30
2010.12.07 13:32:17.387,0.97259,0.97293,1.50,2.30
2010.12.07 13:32:18.124,0.97261,0.973,1.70,1.40
2010.12.07 13:32:19.893,0.97261,0.973,1.70,1.80
2010.12.07 13:32:20.113,0.97261,0.973,1.70,1.40
2010.12.07 13:32:22.444,0.97261,0.97302,1.70,8.60
2010.12.07 13:32:24.752,0.97261,0.973,1.70,1.40
2010.12.07 13:32:25.084,0.97261,0.97302,1.70,8.40
2010.12.07 13:32:26.294,0.97261,0.973,1.70,1.50
2010.12.07 13:32:26.418,0.97261,0.97302,1.70,8.20
2010.12.07 13:32:27.085,0.9726,0.97298,1.70,1.80
2010.12.07 13:32:27.413,0.97261,0.97302,1.50,5.30
2010.12.07 13:32:27.859,0.97261,0.97302,1.50,12.60
2010.12.07 13:32:28.643,0.97261,0.97302,1.90,6.20
2010.12.07 13:32:28.752,0.97262,0.97302,1.40,2.40
2010.12.07 13:32:29.395,0.97268,0.97302,2.30,2.40
2010.12.07 13:32:30.062,0.97268,0.97302,2.30,2.40
2010.12.07 13:32:31.212,0.97268,0.97302,2.30,2.30
2010.12.07 13:32:31.724,0.97268,0.97302,2.30,2.40
2010.12.07 13:32:33.523,0.97268,0.97302,2.30,2.30
2010.12.07 13:32:36.019,0.97267,0.97304,3.00,1.50
2010.12.07 13:32:36.596,0.97274,0.97312,1.50,2.40
2010.12.07 13:32:37.304,0.9727,0.97302,2.30,2.30
2010.12.07 13:32:37.640,0.97268,0.97302,2.80,2.30
2010.12.07 13:32:37.753,0.97268,0.97302,3.00,2.30
2010.12.07 13:32:38.378,0.97267,0.97309,2.90,2.40
2010.12.07 13:32:39.075,0.97271,0.97311,2.30,2.30
2010.12.07 13:32:39.183,0.97271,0.97311,2.30,2.30
2010.12.07 13:32:39.413,0.97272,0.97311,2.30,2.30
2010.12.07 13:32:40.411,0.97268,0.97311,6.40,2.10
2010.12.07 13:32:40.523,0.97268,0.97311,2.90,2.10
2010.12.07 13:32:41.241,0.97271,0.97311,2.90,1.60
2010.12.07 13:32:41.353,0.97271,0.97317,6.40,3.00
2010.12.07 13:32:41.466,0.97271,0.97317,3.00,3.30
2010.12.07 13:32:43.042,0.97274,0.9732,2.60,6.40
2010.12.07 13:32:43.928,0.97274,0.97313,2.30,2.40
2010.12.07 13:32:44.074,0.97276,0.97313,2.90,2.40
2010.12.07 13:32:45.752,0.97278,0.97313,2.90,2.40
2010.12.07 13:32:46.539,0.97278,0.97321,2.90,1.70
2010.12.07 13:32:46.653,0.97277,0.97321,5.10,1.70
2010.12.07 13:32:46.983,0.9728,0.97321,2.90,1.70
2010.12.07 13:32:48.097,0.9728,0.97321,3.00,1.70
2010.12.07 13:32:49.901,0.97278,0.97321,6.30,1.60
2010.12.07 13:32:51.014,0.9728,0.97321,2.90,1.60
2010.12.07 13:32:51.130,0.97281,0.97321,1.40,1.70
2010.12.07 13:32:51.905,0.97282,0.97322,3.90,3.80
2010.12.07 13:32:52.082,0.97282,0.97322,1.90,3.90
2010.12.07 13:32:52.787,0.97282,0.97321,2.70,1.60
2010.12.07 13:32:52.934,0.9728,0.97313,2.30,4.10
2010.12.07 13:32:53.154,0.97272,0.97303,3.00,2.30
2010.12.07 13:32:53.767,0.97274,0.97303,2.30,10.50
2010.12.07 13:32:53.887,0.97272,0.97302,2.30,3.70
2010.12.07 13:32:54.484,0.97259,0.97296,2.30,1.50
2010.12.07 13:32:55.406,0.97257,0.97295,2.40,1.50
2010.12.07 13:32:56.511,0.97257,0.97295,2.40,1.50
2010.12.07 13:32:56.637,0.97259,0.97296,2.40,1.50
2010.12.07 13:32:57.861,0.97258,0.97296,2.60,1.50
2010.12.07 13:32:58.083,0.97257,0.97292,2.40,2.30
2010.12.07 13:32:58.655,0.9726,0.97296,2.80,1.50
2010.12.07 13:32:59.369,0.97267,0.97296,2.40,1.50
2010.12.07 13:32:59.552,0.97259,0.97296,2.60,1.50
2010.12.07 13:33:00.414,0.97259,0.97296,2.50,1.50
2010.12.07 13:33:00.632,0.97259,0.97296,2.30,1.50
2010.12.07 13:33:01.225,0.97259,0.97296,2.50,1.50
2010.12.07 13:33:02.232,0.97257,0.97296,5.20,1.50
2010.12.07 13:33:02.345,0.97257,0.97293,4.80,1.50
2010.12.07 13:33:02.961,0.97255,0.97291,2.40,1.50
2010.12.07 13:33:03.138,0.97255,0.97295,4.40,1.50
2010.12.07 13:33:03.694,0.9726,0.97292,2.30,2.30
2010.12.07 13:33:03.821,0.97258,0.97298,2.90,2.30
2010.12.07 13:33:04.618,0.97258,0.97299,2.90,2.30
2010.12.07 13:33:04.762,0.97259,0.973,2.90,1.60
2010.12.07 13:33:05.231,0.97259,0.973,3.00,1.50
2010.12.07 13:33:05.354,0.97258,0.973,5.10,1.70
2010.12.07 13:33:05.464,0.97258,0.97299,2.50,2.80
2010.12.07 13:33:05.572,0.97254,0.97299,4.50,2.80
2010.12.07 13:33:06.682,0.97252,0.97297,2.50,3.00
2010.12.07 13:33:07.164,0.97252,0.9729,2.30,1.50
2010.12.07 13:33:08.695,0.97253,0.9729,2.40,1.50
2010.12.07 13:33:08.804,0.97249,0.9729,2.30,4.20
2010.12.07 13:33:08.925,0.97248,0.9729,2.30,4.20
2010.12.07 13:33:09.481,0.97245,0.97289,2.40,2.90
2010.12.07 13:33:09.812,0.97244,0.97289,2.30,6.70
2010.12.07 13:33:10.463,0.97244,0.97287,2.40,2.70
2010.12.07 13:33:11.789,0.9724,0.97272,2.40,2.30
2010.12.07 13:33:12.321,0.9724,0.97272,2.30,2.30
2010.12.07 13:33:12.547,0.97238,0.97272,4.50,2.30
2010.12.07 13:33:13.490,0.97238,0.97272,4.70,2.30
2010.12.07 13:33:14.153,0.97238,0.97272,4.50,2.30
2010.12.07 13:33:14.283,0.97238,0.97272,4.70,2.30
2010.12.07 13:33:15.452,0.97241,0.97272,2.30,2.30
2010.12.07 13:33:16.263,0.97241,0.97272,2.40,2.30
2010.12.07 13:33:17.267,0.97242,0.97273,2.40,1.50
2010.12.07 13:33:17.387,0.97242,0.97277,2.40,1.50
2010.12.07 13:33:17.504,0.97251,0.97277,2.30,1.50
2010.12.07 13:33:17.615,0.97251,0.97282,2.30,2.30
2010.12.07 13:33:17.722,0.97248,0.97282,2.50,2.30
2010.12.07 13:33:18.255,0.97251,0.9729,2.30,2.20
2010.12.07 13:33:18.387,0.97253,0.9729,2.40,1.70
2010.12.07 13:33:18.612,0.9725,0.9729,2.30,2.10
2010.12.07 13:33:19.406,0.9725,0.9729,2.40,2.10
2010.12.07 13:33:20.852,0.9725,0.9729,2.40,2.10
2010.12.07 13:33:20.965,0.97246,0.97282,2.60,1.50
2010.12.07 13:33:21.342,0.97246,0.97282,2.40,1.50
2010.12.07 13:33:23.082,0.97246,0.97283,2.40,3.80
2010.12.07 13:33:23.416,0.97246,0.97283,2.60,3.80
2010.12.07 13:33:23.642,0.97246,0.97283,2.40,3.80
2010.12.07 13:33:24.642,0.97247,0.97283,2.30,3.90
2010.12.07 13:33:24.972,0.97247,0.97283,2.30,4.40
2010.12.07 13:33:25.490,0.97245,0.97283,3.80,4.40
2010.12.07 13:33:25.717,0.97245,0.97283,2.30,4.50
2010.12.07 13:33:28.353,0.97245,0.97283,2.30,4.40
2010.12.07 13:33:29.880,0.97245,0.97283,2.40,4.40
2010.12.07 13:33:30.193,0.97245,0.97283,2.60,2.40
2010.12.07 13:33:30.744,0.97247,0.97283,1.10,2.40
2010.12.07 13:33:30.962,0.97257,0.97289,3.20,2.30
2010.12.07 13:33:31.077,0.97264,0.97292,1.70,2.40
2010.12.07 13:33:31.767,0.9726,0.97302,2.50,1.20
2010.12.07 13:33:31.883,0.9726,0.97299,2.50,1.20
2010.12.07 13:33:32.432,0.9726,0.97303,2.90,10.30
2010.12.07 13:33:33.004,0.97265,0.97303,2.30,2.90
2010.12.07 13:33:33.724,0.97262,0.97303,2.40,2.90
2010.12.07 13:33:33.836,0.97265,0.97303,4.00,2.30
2010.12.07 13:33:34.172,0.97265,0.97303,5.10,2.30
2010.12.07 13:33:34.282,0.97268,0.9731,2.50,2.80
2010.12.07 13:33:34.859,0.97269,0.97311,2.50,1.10
2010.12.07 13:33:35.284,0.97268,0.97311,4.70,2.90
2010.12.07 13:33:35.756,0.97268,0.97311,4.70,6.90
2010.12.07 13:33:38.733,0.97266,0.97303,2.10,2.40
2010.12.07 13:33:40.774,0.97266,0.97303,2.00,2.30
2010.12.07 13:33:40.888,0.97265,0.97303,1.70,2.30
2010.12.07 13:33:41.334,0.97265,0.97303,1.80,2.30
2010.12.07 13:33:41.442,0.97265,0.97303,1.70,2.40
2010.12.07 13:33:41.990,0.97266,0.97303,1.50,2.40
2010.12.07 13:33:43.699,0.97266,0.97303,1.50,2.40
2010.12.07 13:33:44.213,0.97267,0.97304,2.70,2.40
2010.12.07 13:33:44.983,0.97266,0.97302,1.50,2.40
2010.12.07 13:33:45.203,0.97265,0.97302,2.50,2.40
2010.12.07 13:33:45.535,0.97269,0.9731,1.40,2.40
2010.12.07 13:33:46.121,0.97274,0.97313,1.50,2.60
2010.12.07 13:33:47.459,0.97274,0.97313,1.50,2.60
2010.12.07 13:33:47.783,0.97274,0.97313,2.90,2.40
2010.12.07 13:33:48.636,0.97274,0.97313,1.50,2.40
2010.12.07 13:33:49.251,0.97274,0.97313,1.50,2.40
2010.12.07 13:33:49.893,0.97274,0.97313,1.50,2.60
2010.12.07 13:33:50.721,0.97274,0.97313,1.50,2.50
2010.12.07 13:33:51.735,0.97274,0.97313,1.50,2.60
2010.12.07 13:33:53.155,0.97274,0.97303,1.50,2.30
2010.12.07 13:33:53.372,0.97266,0.97303,3.00,2.40
2010.12.07 13:33:54.580,0.97268,0.97302,4.80,2.30
2010.12.07 13:33:55.019,0.97268,0.97311,2.70,2.30
2010.12.07 13:33:55.136,0.97269,0.97312,6.30,2.30
2010.12.07 13:33:55.795,0.97269,0.97311,5.30,1.50
2010.12.07 13:33:55.922,0.97269,0.97311,2.50,1.90
2010.12.07 13:33:56.037,0.97274,0.97312,1.50,2.20
2010.12.07 13:33:56.620,0.97274,0.97312,1.50,1.70
2010.12.07 13:33:56.732,0.97274,0.97312,1.50,1.80
2010.12.07 13:33:57.062,0.97267,0.97309,2.90,2.70
2010.12.07 13:33:57.283,0.97267,0.97309,3.00,2.70
2010.12.07 13:33:58.089,0.97267,0.97309,2.90,2.80
2010.12.07 13:33:58.673,0.97267,0.97309,3.00,2.70
2010.12.07 13:33:59.544,0.97267,0.97309,2.90,2.80
2010.12.07 13:34:01.251,0.97269,0.9731,2.30,1.10
2010.12.07 13:34:01.844,0.97268,0.97309,2.40,2.70
2010.12.07 13:34:01.953,0.97268,0.97304,2.30,1.60
2010.12.07 13:34:02.172,0.97264,0.97302,1.50,2.40
2010.12.07 13:34:02.755,0.97258,0.97301,2.60,1.90
2010.12.07 13:34:03.091,0.97258,0.97301,2.80,1.90
2010.12.07 13:34:03.636,0.97261,0.97301,2.30,1.90
2010.12.07 13:34:04.072,0.97261,0.97301,2.40,1.90
2010.12.07 13:34:04.758,0.97266,0.97307,1.70,3.60
2010.12.07 13:34:04.892,0.97267,0.97308,2.30,1.50
2010.12.07 13:34:05.006,0.97269,0.97308,2.30,1.40
2010.12.07 13:34:05.838,0.97269,0.97311,2.30,2.10
2010.12.07 13:34:06.867,0.97268,0.97311,4.80,2.10
2010.12.07 13:34:07.919,0.97274,0.97311,2.30,2.10
2010.12.07 13:34:08.572,0.97273,0.97311,2.30,5.10
2010.12.07 13:34:08.793,0.97275,0.97311,2.40,1.50
2010.12.07 13:34:09.424,0.97268,0.97311,3.70,4.40
2010.12.07 13:34:09.599,0.97274,0.97311,2.30,2.10
2010.12.07 13:34:09.822,0.97274,0.97312,1.70,2.40
2010.12.07 13:34:10.829,0.97274,0.97312,1.80,2.40
2010.12.07 13:34:11.912,0.97276,0.97312,1.50,2.40
2010.12.07 13:34:12.022,0.97276,0.97312,1.70,2.30
2010.12.07 13:34:13.033,0.97276,0.97312,1.50,2.30
2010.12.07 13:34:13.253,0.97279,0.97319,1.70,1.90
2010.12.07 13:34:13.472,0.97278,0.97317,3.90,1.50
2010.12.07 13:34:14.544,0.97273,0.97312,1.70,2.60
2010.12.07 13:34:14.670,0.97275,0.97312,2.30,2.60
2010.12.07 13:34:15.388,0.97276,0.97312,1.40,2.40
2010.12.07 13:34:17.675,0.97278,0.97321,2.60,3.60
2010.12.07 13:34:17.786,0.97285,0.97322,1.40,2.30
2010.12.07 13:34:17.904,0.97287,0.9733,2.50,3.00
2010.12.07 13:34:18.474,0.97291,0.97331,2.30,4.50
2010.12.07 13:34:18.963,0.97291,0.97331,2.30,4.40
2010.12.07 13:34:20.177,0.97291,0.97331,2.70,1.80
2010.12.07 13:34:20.293,0.97291,0.97331,2.90,1.50
2010.12.07 13:34:20.829,0.97294,0.97332,2.30,1.80
2010.12.07 13:34:20.945,0.97296,0.97332,2.30,1.80
2010.12.07 13:34:21.383,0.97296,0.97333,2.30,4.10
2010.12.07 13:34:22.179,0.97307,0.97343,2.30,2.60
2010.12.07 13:34:22.308,0.97307,0.97344,5.10,1.70
2010.12.07 13:34:23.053,0.97307,0.97344,2.90,1.50
2010.12.07 13:34:24.604,0.97307,0.97344,2.90,1.60
2010.12.07 13:34:25.332,0.97307,0.97344,3.00,1.50
2010.12.07 13:34:25.969,0.97307,0.97343,3.00,1.70
2010.12.07 13:34:26.085,0.97305,0.97343,2.30,1.70
2010.12.07 13:34:27.052,0.97304,0.97343,2.30,1.50
2010.12.07 13:34:27.883,0.973,0.97343,2.90,1.50
2010.12.07 13:34:28.404,0.973,0.97343,2.90,1.60
2010.12.07 13:34:28.686,0.973,0.97343,2.90,1.70
2010.12.07 13:34:29.787,0.973,0.97343,3.00,1.70
2010.12.07 13:34:31.090,0.973,0.97343,2.90,1.70
2010.12.07 13:34:31.892,0.97298,0.97343,3.20,3.90
2010.12.07 13:34:32.746,0.97301,0.97343,3.00,1.70
2010.12.07 13:34:33.811,0.97301,0.97343,2.90,1.70
2010.12.07 13:34:33.921,0.97301,0.97343,3.00,1.70
2010.12.07 13:34:34.141,0.97301,0.97343,6.40,1.60
2010.12.07 13:34:34.703,0.97301,0.97332,2.90,2.30
2010.12.07 13:34:34.819,0.97303,0.97338,2.70,1.70
2010.12.07 13:34:34.932,0.97304,0.97342,1.50,2.30
2010.12.07 13:34:35.483,0.97301,0.97344,2.30,4.40
2010.12.07 13:34:36.384,0.973,0.97341,2.30,1.20
2010.12.07 13:34:37.366,0.973,0.97341,2.30,1.10
2010.12.07 13:34:37.772,0.97301,0.9734,2.30,1.50
2010.12.07 13:34:38.552,0.97301,0.97327,2.30,1.50
2010.12.07 13:34:38.688,0.97287,0.97322,3.80,2.40
2010.12.07 13:34:38.802,0.97287,0.97322,2.30,2.70
2010.12.07 13:34:40.048,0.97283,0.97322,2.30,2.90
2010.12.07 13:34:41.309,0.97282,0.97322,2.30,2.90
2010.12.07 13:34:42.454,0.97282,0.97322,2.30,6.30
2010.12.07 13:34:44.666,0.97282,0.97322,2.50,2.90
2010.12.07 13:34:44.782,0.97284,0.97322,2.30,2.60
2010.12.07 13:34:46.032,0.97285,0.97322,1.70,2.50
2010.12.07 13:34:47.832,0.97285,0.97322,1.50,2.50
2010.12.07 13:34:48.352,0.97285,0.97322,1.70,2.50
2010.12.07 13:34:48.938,0.97285,0.97322,1.50,2.90
2010.12.07 13:34:49.711,0.9728,0.97323,2.40,6.80
2010.12.07 13:34:51.954,0.9728,0.97323,2.30,16.10
2010.12.07 13:34:53.462,0.9728,0.97323,2.30,12.00
2010.12.07 13:34:54.180,0.9728,0.97323,2.30,15.90
2010.12.07 13:34:54.514,0.97277,0.97322,2.30,3.70
2010.12.07 13:34:54.734,0.97279,0.97322,2.30,3.70
2010.12.07 13:34:55.281,0.97276,0.97312,2.30,2.30
2010.12.07 13:34:55.613,0.97283,0.97322,2.30,8.40
2010.12.07 13:34:55.724,0.97284,0.97322,1.90,3.20
2010.12.07 13:34:55.832,0.97284,0.97324,4.90,1.60
2010.12.07 13:34:56.379,0.97284,0.97324,4.50,1.60
2010.12.07 13:34:56.534,0.97282,0.97323,2.90,1.50
2010.12.07 13:34:56.642,0.97282,0.97323,2.90,1.50
2010.12.07 13:35:00.005,0.97282,0.97322,2.80,2.30
2010.12.07 13:35:00.228,0.97282,0.97322,2.70,2.40
2010.12.07 13:35:01.212,0.97284,0.97323,2.40,1.50
2010.12.07 13:35:01.792,0.97284,0.97323,2.30,1.70
2010.12.07 13:35:04.505,0.97282,0.97323,2.30,2.10
2010.12.07 13:35:05.132,0.97279,0.97323,2.30,2.10
2010.12.07 13:35:05.656,0.97279,0.97323,2.40,2.10
2010.12.07 13:35:05.996,0.97279,0.97323,2.30,4.30
2010.12.07 13:35:06.893,0.97279,0.97322,2.40,2.70
2010.12.07 13:35:07.332,0.97277,0.97322,2.80,4.90
2010.12.07 13:35:07.443,0.97277,0.97322,3.00,4.90
2010.12.07 13:35:07.553,0.97279,0.97323,2.70,3.90
2010.12.07 13:35:08.835,0.97279,0.97322,2.40,4.90
2010.12.07 13:35:09.483,0.97279,0.97322,2.70,4.60
2010.12.07 13:35:10.033,0.9728,0.97323,2.30,2.70
2010.12.07 13:35:10.661,0.97279,0.97322,2.30,2.70
2010.12.07 13:35:11.595,0.97279,0.97322,2.70,2.30
2010.12.07 13:35:13.485,0.97288,0.97323,2.70,1.50
2010.12.07 13:35:14.116,0.97282,0.97323,2.80,1.50
2010.12.07 13:35:14.236,0.97282,0.97323,2.70,1.50
2010.12.07 13:35:15.907,0.97288,0.97323,2.30,1.50
2010.12.07 13:35:18.263,0.97288,0.97323,2.40,1.50
2010.12.07 13:35:19.947,0.97288,0.97323,2.50,1.50
2010.12.07 13:35:20.085,0.97288,0.97323,2.40,1.70
2010.12.07 13:35:21.171,0.97287,0.97323,2.40,4.00
2010.12.07 13:35:22.577,0.97287,0.97323,2.90,1.50
2010.12.07 13:35:24.711,0.97287,0.97323,3.00,1.50
2010.12.07 13:35:26.203,0.97287,0.97323,2.90,1.50
2010.12.07 13:35:26.427,0.97288,0.97323,1.10,1.50
2010.12.07 13:35:27.087,0.973,0.97336,2.90,2.30
2010.12.07 13:35:27.211,0.97308,0.97344,2.90,1.50
2010.12.07 13:35:29.565,0.97308,0.97344,2.90,1.50
2010.12.07 13:35:30.576,0.97308,0.97344,2.90,1.50
2010.12.07 13:35:31.248,0.97308,0.97344,3.20,1.50
2010.12.07 13:35:32.433,0.97308,0.97344,2.90,1.60
2010.12.07 13:35:32.872,0.97308,0.97344,2.90,1.50
2010.12.07 13:35:33.083,0.97308,0.97344,2.90,1.50
2010.12.07 13:35:33.821,0.97308,0.97344,2.90,1.60
2010.12.07 13:35:34.534,0.97304,0.97344,2.90,1.70
2010.12.07 13:35:34.755,0.97307,0.97344,2.90,1.50
2010.12.07 13:35:35.471,0.97307,0.97344,2.30,1.50
2010.12.07 13:35:36.019,0.97315,0.97353,1.50,6.10
2010.12.07 13:35:36.292,0.97313,0.9735,1.80,2.30
2010.12.07 13:35:37.036,0.97311,0.9735,4.50,2.30
2010.12.07 13:35:37.702,0.97311,0.9735,4.50,2.30
2010.12.07 13:35:38.617,0.97317,0.9735,2.90,2.30
2010.12.07 13:35:38.749,0.97317,0.97352,2.90,2.30
2010.12.07 13:35:38.862,0.97317,0.97353,2.90,1.50
2010.12.07 13:35:40.655,0.9732,0.97353,2.60,1.50
2010.12.07 13:35:40.764,0.97325,0.97363,1.40,4.50
2010.12.07 13:35:41.613,0.97327,0.97364,6.40,1.50
2010.12.07 13:35:41.942,0.97327,0.97364,2.90,1.50
2010.12.07 13:35:44.694,0.97327,0.97364,6.40,1.50
2010.12.07 13:35:45.393,0.97327,0.97364,2.90,1.50
2010.12.07 13:35:45.924,0.97327,0.97364,2.90,1.70
2010.12.07 13:35:46.513,0.97327,0.97364,6.40,1.50
2010.12.07 13:35:47.936,0.97325,0.97363,2.40,2.30
2010.12.07 13:35:48.789,0.97324,0.97363,1.70,2.40
2010.12.07 13:35:49.016,0.97325,0.97363,1.40,2.30
2010.12.07 13:35:50.202,0.97328,0.97364,1.40,1.50
2010.12.07 13:35:50.862,0.97328,0.97364,2.60,1.50
2010.12.07 13:35:51.523,0.97328,0.97364,2.60,1.60
2010.12.07 13:35:51.756,0.97328,0.97364,2.50,1.50
2010.12.07 13:35:51.877,0.97328,0.97364,2.60,1.50
2010.12.07 13:35:53.245,0.97328,0.97364,2.60,1.50
2010.12.07 13:35:53.734,0.97328,0.97364,2.60,1.60
2010.12.07 13:35:54.116,0.97328,0.97364,2.80,1.50
2010.12.07 13:35:54.866,0.97328,0.97364,2.60,1.50
2010.12.07 13:35:55.764,0.97328,0.97364,2.60,1.50
2010.12.07 13:35:56.434,0.97328,0.97364,2.60,1.50
2010.12.07 13:35:56.765,0.97324,0.97364,1.80,1.70
2010.12.07 13:35:57.331,0.97322,0.97364,6.50,1.70
2010.12.07 13:35:58.041,0.97323,0.97364,1.50,1.70
2010.12.07 13:35:58.644,0.9732,0.97363,8.20,2.40
2010.12.07 13:35:58.752,0.9732,0.97363,8.40,2.30
2010.12.07 13:35:59.441,0.97318,0.97362,2.80,2.70
2010.12.07 13:36:00.110,0.97317,0.97362,2.80,5.00
2010.12.07 13:36:00.231,0.97317,0.9736,2.70,2.80
2010.12.07 13:36:00.716,0.97317,0.9736,2.80,2.80
2010.12.07 13:36:01.383,0.97317,0.9736,3.10,2.30
2010.12.07 13:36:01.603,0.97327,0.97363,2.70,2.40
2010.12.07 13:36:02.306,0.97317,0.97363,5.30,4.60
2010.12.07 13:36:02.412,0.97317,0.97363,5.30,5.00
2010.12.07 13:36:02.523,0.97317,0.97362,2.80,2.80
2010.12.07 13:36:02.633,0.97317,0.9736,2.70,2.40
2010.12.07 13:36:02.969,0.97317,0.9736,3.10,2.30
2010.12.07 13:36:03.640,0.97324,0.97362,1.50,2.70
2010.12.07 13:36:04.302,0.97318,0.97362,5.10,4.50
2010.12.07 13:36:04.413,0.97318,0.97362,5.10,4.60
2010.12.07 13:36:04.974,0.97318,0.97362,5.00,4.60
2010.12.07 13:36:05.761,0.97318,0.97362,5.10,4.60
2010.12.07 13:36:06.356,0.97323,0.97362,1.40,4.60
2010.12.07 13:36:06.982,0.97322,0.97362,6.30,2.40
2010.12.07 13:36:07.105,0.97318,0.97354,3.90,1.50
2010.12.07 13:36:07.323,0.97317,0.97354,2.90,1.50
2010.12.07 13:36:08.206,0.97318,0.97354,2.80,1.50
2010.12.07 13:36:08.542,0.97319,0.97358,1.50,2.30
2010.12.07 13:36:08.657,0.97319,0.97358,1.70,2.30
2010.12.07 13:36:08.775,0.97319,0.97362,3.80,2.30
2010.12.07 13:36:11.865,0.9732,0.97364,3.00,3.80
2010.12.07 13:36:12.928,0.97322,0.97362,2.30,4.20
2010.12.07 13:36:13.059,0.97318,0.97359,2.70,2.30
2010.12.07 13:36:13.714,0.97318,0.97359,2.70,2.30
2010.12.07 13:36:14.154,0.97318,0.97359,2.70,2.50
2010.12.07 13:36:15.034,0.97318,0.97359,2.70,2.50
2010.12.07 13:36:15.159,0.97318,0.97359,2.70,2.50
2010.12.07 13:36:15.802,0.97318,0.97359,2.70,2.60
2010.12.07 13:36:16.919,0.97318,0.97358,2.70,3.20
2010.12.07 13:36:17.145,0.97314,0.97353,1.50,2.30
2010.12.07 13:36:17.753,0.97311,0.9735,2.40,1.40
2010.12.07 13:36:17.873,0.97306,0.9735,1.70,3.60
2010.12.07 13:36:18.092,0.97308,0.9735,2.80,4.50
2010.12.07 13:36:18.605,0.97308,0.97349,2.80,2.50
2010.12.07 13:36:19.156,0.97305,0.97348,2.40,2.90
2010.12.07 13:36:19.823,0.97308,0.97351,2.40,2.90
2010.12.07 13:36:20.935,0.97307,0.9735,3.00,2.30
2010.12.07 13:36:21.947,0.97307,0.9735,2.70,2.40
2010.12.07 13:36:22.074,0.97307,0.9735,2.80,2.30
2010.12.07 13:36:23.852,0.97307,0.9735,5.10,2.40
2010.12.07 13:36:24.557,0.97307,0.9735,5.10,2.30
2010.12.07 13:36:25.299,0.97307,0.97347,2.80,2.30
2010.12.07 13:36:26.742,0.97307,0.97349,7.00,2.30
2010.12.07 13:36:27.126,0.97307,0.97349,7.00,2.40
2010.12.07 13:36:27.365,0.97307,0.97349,2.90,2.40
2010.12.07 13:36:27.471,0.97307,0.97349,3.00,2.30
2010.12.07 13:36:28.033,0.97307,0.97349,2.90,2.40
2010.12.07 13:36:28.783,0.97307,0.97349,7.10,2.30
2010.12.07 13:36:29.196,0.97307,0.97349,7.50,2.30
2010.12.07 13:36:30.832,0.97307,0.97351,3.20,2.90
2010.12.07 13:36:31.531,0.97307,0.9735,3.20,2.40
2010.12.07 13:36:32.192,0.97307,0.9735,7.50,2.30
2010.12.07 13:36:32.721,0.97307,0.9735,7.00,2.30
2010.12.07 13:36:33.773,0.97307,0.97351,7.00,2.90
2010.12.07 13:36:33.882,0.97307,0.97351,7.50,2.90
2010.12.07 13:36:34.764,0.97307,0.97351,2.70,3.60
2010.12.07 13:36:34.875,0.97307,0.97349,2.40,2.90
2010.12.07 13:36:35.469,0.97306,0.97349,2.60,2.90
2010.12.07 13:36:36.003,0.97304,0.97349,2.90,2.30
2010.12.07 13:36:36.113,0.97308,0.97349,3.00,2.30
2010.12.07 13:36:37.456,0.97308,0.97349,3.10,2.30
2010.12.07 13:36:38.789,0.97308,0.97349,2.70,2.30
2010.12.07 13:36:39.454,0.97308,0.97349,3.00,2.30
2010.12.07 13:36:40.035,0.97308,0.97349,2.80,2.30
2010.12.07 13:36:41.882,0.97308,0.97349,3.00,2.30
2010.12.07 13:36:43.823,0.97308,0.97349,2.70,2.30
2010.12.07 13:36:44.462,0.97308,0.97349,2.80,2.30
2010.12.07 13:36:45.780,0.97308,0.97349,2.70,2.30
2010.12.07 13:36:48.197,0.97308,0.97349,3.10,2.30
2010.12.07 13:36:48.516,0.97308,0.97349,2.80,2.30
2010.12.07 13:36:48.812,0.97311,0.97351,2.60,1.50
2010.12.07 13:36:49.586,0.97317,0.97359,3.00,2.40
2010.12.07 13:36:49.804,0.97317,0.9736,6.40,2.70
2010.12.07 13:36:50.023,0.97317,0.9736,2.90,2.70
2010.12.07 13:36:50.756,0.97317,0.9736,6.50,2.70
2010.12.07 13:36:51.962,0.97317,0.97359,6.50,2.30
2010.12.07 13:36:54.676,0.97317,0.9736,2.90,5.00
2010.12.07 13:36:55.390,0.97317,0.97361,5.20,2.10
2010.12.07 13:36:55.516,0.97317,0.97358,2.40,2.90
2010.12.07 13:36:55.844,0.97318,0.97361,4.70,4.40
2010.12.07 13:36:56.595,0.97319,0.97362,2.50,15.70
2010.12.07 13:36:56.925,0.97319,0.97362,2.60,6.70
2010.12.07 13:36:57.734,0.97318,0.97362,4.70,4.40
2010.12.07 13:36:57.973,0.97318,0.97362,4.90,4.40
2010.12.07 13:36:58.849,0.97318,0.97362,4.90,4.40
2010.12.07 13:36:59.402,0.97319,0.97362,2.50,6.70
2010.12.07 13:36:59.773,0.97318,0.97353,4.80,1.50
2010.12.07 13:37:00.349,0.97318,0.97353,2.40,1.70
2010.12.07 13:37:00.509,0.97313,0.97352,2.40,2.90
2010.12.07 13:37:01.244,0.97313,0.97352,2.30,2.90
2010.12.07 13:37:01.622,0.97313,0.97352,2.40,2.90
2010.12.07 13:37:02.813,0.97314,0.97352,2.40,2.90
2010.12.07 13:37:03.631,0.9732,0.97362,2.60,2.30
2010.12.07 13:37:03.744,0.97328,0.97362,2.30,4.50
2010.12.07 13:37:04.582,0.97328,0.97362,2.40,2.50
2010.12.07 13:37:04.697,0.97317,0.9736,2.40,3.60
2010.12.07 13:37:05.329,0.97317,0.97353,2.30,2.30
2010.12.07 13:37:07.644,0.97315,0.97353,6.20,2.30
2010.12.07 13:37:07.971,0.97315,0.97353,2.00,4.50
2010.12.07 13:37:08.410,0.97315,0.97353,1.80,4.50
2010.12.07 13:37:08.973,0.97314,0.97352,1.80,1.50
2010.12.07 13:37:09.866,0.97314,0.97352,1.90,1.50
2010.12.07 13:37:11.329,0.97312,0.97348,1.50,1.50
2010.12.07 13:37:12.544,0.97311,0.97348,1.40,1.50
2010.12.07 13:37:12.686,0.97312,0.97348,1.40,1.50
2010.12.07 13:37:15.356,0.97311,0.97348,2.60,1.50
2010.12.07 13:37:16.025,0.97308,0.97343,1.30,1.50
2010.12.07 13:37:16.312,0.97308,0.97343,2.50,1.50
2010.12.07 13:37:17.025,0.97308,0.97345,2.30,1.50
2010.12.07 13:37:17.703,0.97308,0.97345,1.10,1.50
2010.12.07 13:37:20.424,0.97308,0.97345,1.10,1.50
2010.12.07 13:37:21.654,0.97308,0.97341,1.10,1.50
2010.12.07 13:37:21.762,0.97308,0.97343,1.10,1.50
2010.12.07 13:37:23.852,0.97308,0.97343,2.40,1.50
2010.12.07 13:37:24.734,0.97305,0.97343,6.10,2.10
2010.12.07 13:37:24.845,0.97305,0.97343,2.40,4.40
2010.12.07 13:37:25.461,0.97305,0.97343,2.40,2.50
2010.12.07 13:37:25.593,0.97306,0.97342,2.30,2.30
2010.12.07 13:37:26.602,0.97308,0.97342,2.40,2.30
2010.12.07 13:37:29.194,0.97308,0.97342,2.60,2.30
2010.12.07 13:37:29.381,0.97308,0.97342,2.40,2.40
2010.12.07 13:37:30.214,0.97303,0.97342,2.70,2.30
2010.12.07 13:37:31.623,0.9731,0.97347,2.40,1.70
2010.12.07 13:37:31.842,0.97311,0.97352,1.70,4.40
2010.12.07 13:37:32.367,0.97311,0.97352,4.20,4.40
2010.12.07 13:37:32.495,0.97311,0.97352,1.70,4.40
2010.12.07 13:37:33.044,0.97311,0.97352,3.90,4.40
2010.12.07 13:37:33.154,0.97311,0.97352,9.90,4.40
2010.12.07 13:37:34.062,0.97311,0.97352,3.90,4.40
2010.12.07 13:37:34.592,0.97313,0.97352,2.40,4.40
2010.12.07 13:37:35.169,0.97312,0.97352,2.40,4.40
2010.12.07 13:37:36.710,0.97312,0.97352,2.40,4.40
2010.12.07 13:37:37.573,0.97312,0.97352,2.40,4.40
2010.12.07 13:37:37.912,0.97312,0.97352,2.70,4.40
2010.12.07 13:37:38.242,0.97312,0.97352,2.60,4.40
2010.12.07 13:37:39.587,0.97313,0.97352,2.60,3.80
2010.12.07 13:37:40.574,0.97313,0.97352,6.00,3.80
2010.12.07 13:37:41.149,0.97313,0.97352,2.60,3.90
2010.12.07 13:37:42.224,0.97313,0.97352,2.50,3.80
2010.12.07 13:37:42.553,0.97312,0.97352,3.00,3.80
2010.12.07 13:37:43.263,0.97311,0.97352,6.30,3.90
2010.12.07 13:37:45.563,0.97311,0.97352,1.60,6.70
2010.12.07 13:37:45.673,0.97311,0.97352,1.70,4.40
2010.12.07 13:37:47.115,0.97311,0.97352,1.80,4.40
2010.12.07 13:37:48.328,0.97316,0.97352,1.40,3.80
2010.12.07 13:37:48.554,0.97316,0.97354,2.60,1.50
2010.12.07 13:37:50.205,0.97316,0.97354,2.60,1.50
2010.12.07 13:37:51.207,0.97321,0.97351,2.60,1.50
2010.12.07 13:37:51.791,0.97315,0.97355,1.70,3.80
2010.12.07 13:37:51.904,0.97312,0.97353,2.20,1.50
2010.12.07 13:37:52.293,0.97312,0.97353,1.70,2.10
2010.12.07 13:37:53.430,0.97321,0.97353,1.40,2.30
2010.12.07 13:37:53.550,0.97318,0.97353,2.30,2.90
2010.12.07 13:37:53.774,0.97318,0.97353,2.30,2.30
2010.12.07 13:37:54.479,0.97313,0.97353,2.40,4.00
2010.12.07 13:37:54.813,0.97313,0.9735,2.60,1.50
2010.12.07 13:37:55.933,0.97312,0.9735,5.60,1.50
2010.12.07 13:37:57.302,0.97317,0.9735,2.80,1.50
2010.12.07 13:37:57.632,0.97323,0.97357,1.50,2.30
2010.12.07 13:37:58.204,0.97325,0.97362,1.50,2.30
2010.12.07 13:37:58.875,0.97324,0.97361,1.40,1.50
2010.12.07 13:37:58.983,0.97325,0.97363,2.20,2.30
2010.12.07 13:37:59.422,0.97328,0.97362,2.90,2.30
2010.12.07 13:37:59.994,0.97327,0.97369,6.30,2.30
2010.12.07 13:38:00.434,0.97327,0.97363,2.90,1.50
2010.12.07 13:38:00.542,0.97327,0.97363,2.70,1.50
2010.12.07 13:38:00.652,0.97326,0.97362,1.10,2.30
2010.12.07 13:38:00.763,0.97325,0.97362,1.50,2.70
2010.12.07 13:38:00.874,0.97318,0.97353,2.80,2.30
2010.12.07 13:38:01.428,0.97315,0.97353,2.90,2.30
2010.12.07 13:38:03.153,0.97317,0.97353,1.40,2.30
2010.12.07 13:38:03.265,0.97317,0.97356,2.70,1.50
2010.12.07 13:38:03.376,0.97317,0.97356,6.20,1.50
2010.12.07 13:38:03.917,0.97319,0.97354,3.50,1.50
2010.12.07 13:38:04.032,0.97322,0.9736,1.60,1.50
2010.12.07 13:38:04.735,0.97322,0.97363,4.20,2.50
2010.12.07 13:38:04.844,0.97322,0.97358,2.40,1.50
2010.12.07 13:38:05.286,0.97321,0.97358,2.90,1.50
2010.12.07 13:38:05.857,0.9732,0.97358,3.20,1.50
2010.12.07 13:38:06.194,0.97322,0.97358,3.20,1.50
2010.12.07 13:38:06.302,0.97322,0.97358,3.20,1.50
2010.12.07 13:38:06.412,0.97322,0.97352,3.20,2.30
2010.12.07 13:38:07.106,0.9732,0.97352,1.50,2.30
2010.12.07 13:38:07.221,0.97319,0.97352,1.10,2.30
2010.12.07 13:38:07.483,0.97322,0.97352,1.50,2.30
2010.12.07 13:38:07.593,0.97322,0.97358,1.40,1.50
2010.12.07 13:38:07.703,0.97324,0.97358,1.10,1.50
2010.12.07 13:38:07.813,0.9732,0.97358,1.10,1.50
2010.12.07 13:38:08.334,0.97324,0.97358,1.70,1.50
2010.12.07 13:38:08.467,0.97322,0.97363,4.80,2.90
2010.12.07 13:38:08.589,0.97322,0.97358,1.10,1.50
2010.12.07 13:38:09.238,0.97322,0.97358,1.40,1.50
2010.12.07 13:38:09.352,0.97322,0.9736,2.90,1.50
2010.12.07 13:38:10.435,0.97324,0.9736,1.10,1.50
2010.12.07 13:38:10.921,0.97322,0.9736,2.90,1.50
2010.12.07 13:38:12.778,0.97324,0.9736,1.10,1.50
2010.12.07 13:38:15.623,0.97322,0.9736,3.00,1.50
2010.12.07 13:38:15.885,0.97323,0.9736,1.10,1.50
2010.12.07 13:38:16.485,0.97323,0.9736,1.10,1.50
2010.12.07 13:38:17.205,0.97323,0.9736,1.10,1.50
2010.12.07 13:38:17.953,0.97323,0.9736,1.10,1.50
2010.12.07 13:38:19.444,0.97323,0.9736,1.30,1.50
2010.12.07 13:38:20.362,0.97322,0.97353,2.40,2.30
2010.12.07 13:38:20.695,0.97323,0.97359,1.40,1.70
2010.12.07 13:38:20.803,0.97323,0.97361,1.40,1.50
2010.12.07 13:38:21.845,0.97324,0.97361,1.10,1.50
2010.12.07 13:38:22.692,0.97324,0.97361,1.10,1.50
2010.12.07 13:38:23.291,0.97324,0.97361,1.10,1.50
2010.12.07 13:38:23.412,0.97321,0.97353,2.40,2.30
2010.12.07 13:38:23.642,0.97319,0.97354,1.10,1.50
2010.12.07 13:38:24.265,0.97318,0.97355,2.40,1.70
2010.12.07 13:38:24.378,0.97307,0.97342,6.80,2.30
2010.12.07 13:38:24.493,0.97307,0.97352,6.80,2.10
2010.12.07 13:38:25.658,0.97309,0.97352,2.60,2.10
2010.12.07 13:38:26.227,0.97309,0.97342,2.40,2.30
2010.12.07 13:38:28.053,0.97306,0.97342,1.70,2.30
2010.12.07 13:38:28.162,0.97306,0.97342,1.60,2.40
2010.12.07 13:38:29.019,0.97306,0.97342,1.70,2.30
2010.12.07 13:38:29.265,0.97306,0.97342,1.70,2.30
2010.12.07 13:38:29.532,0.97306,0.97342,1.70,2.30
2010.12.07 13:38:30.756,0.97306,0.97342,1.70,2.30
2010.12.07 13:38:30.890,0.97306,0.97342,1.70,2.30
2010.12.07 13:38:31.117,0.97306,0.97342,1.70,2.50
2010.12.07 13:38:31.666,0.97305,0.97342,1.10,2.30
2010.12.07 13:38:31.802,0.97307,0.97349,2.90,2.40
2010.12.07 13:38:32.595,0.97307,0.97349,6.50,2.30
2010.12.07 13:38:32.962,0.97307,0.9735,6.50,2.40
2010.12.07 13:38:33.183,0.97307,0.9735,6.40,2.30
2010.12.07 13:38:33.512,0.97315,0.97353,1.50,2.40
2010.12.07 13:38:34.190,0.97313,0.97353,2.40,4.40
2010.12.07 13:38:34.307,0.97308,0.9735,1.50,2.40
2010.12.07 13:38:34.722,0.97308,0.9735,1.40,2.30
2010.12.07 13:38:34.944,0.97308,0.9735,1.40,2.40
2010.12.07 13:38:35.781,0.97308,0.97345,1.40,1.50
2010.12.07 13:38:36.002,0.97308,0.97345,1.50,1.50
2010.12.07 13:38:36.675,0.97307,0.9735,2.90,2.40
2010.12.07 13:38:37.112,0.97309,0.97353,2.90,6.70
2010.12.07 13:38:37.797,0.97307,0.97343,2.60,2.30
2010.12.07 13:38:38.995,0.97307,0.97343,2.40,2.30
2010.12.07 13:38:39.761,0.97307,0.97343,2.30,6.40
2010.12.07 13:38:39.984,0.97302,0.97343,3.90,2.90
2010.12.07 13:38:40.093,0.97302,0.97343,3.90,2.90
2010.12.07 13:38:40.617,0.97302,0.97343,3.90,2.90
2010.12.07 13:38:40.739,0.97302,0.97343,3.90,2.90
2010.12.07 13:38:41.737,0.97302,0.97343,4.00,6.30
2010.12.07 13:38:41.863,0.97306,0.97343,1.50,2.70
2010.12.07 13:38:42.086,0.97307,0.97343,2.30,2.60
2010.12.07 13:38:42.678,0.97306,0.97347,1.40,2.30
2010.12.07 13:38:42.794,0.97305,0.97342,2.30,2.30
2010.12.07 13:38:44.797,0.97304,0.9735,2.70,6.30
2010.12.07 13:38:44.958,0.97302,0.97343,2.40,2.70
2010.12.07 13:38:45.922,0.97301,0.97343,2.30,2.80
2010.12.07 13:38:47.305,0.97302,0.97346,2.70,2.30
2010.12.07 13:38:48.058,0.97302,0.97348,2.80,5.10
2010.12.07 13:38:49.090,0.97305,0.97351,2.30,3.20
2010.12.07 13:38:49.204,0.97305,0.97351,2.40,3.00
2010.12.07 13:38:49.469,0.97305,0.97351,2.30,3.20
2010.12.07 13:38:50.072,0.97305,0.97349,2.40,6.50
2010.12.07 13:38:50.658,0.97308,0.97349,2.70,2.40
2010.12.07 13:38:50.882,0.97308,0.97349,2.70,2.40
2010.12.07 13:38:51.680,0.9731,0.97343,1.40,2.30
2010.12.07 13:38:52.040,0.97316,0.97352,2.10,2.60
2010.12.07 13:38:52.594,0.97318,0.97357,2.90,2.30
2010.12.07 13:38:53.147,0.97318,0.97358,2.30,2.10
2010.12.07 13:38:53.281,0.9731,0.97353,2.40,2.90
2010.12.07 13:38:53.504,0.97312,0.97353,1.10,2.30
2010.12.07 13:38:54.053,0.97311,0.97354,1.50,2.30
2010.12.07 13:38:54.166,0.97311,0.97354,2.80,2.30
2010.12.07 13:38:54.284,0.97311,0.97356,1.50,2.50
2010.12.07 13:38:55.882,0.97311,0.97356,2.60,2.50
2010.12.07 13:38:56.648,0.9731,0.97353,2.40,2.70
2010.12.07 13:38:56.792,0.9731,0.97353,2.60,2.70
2010.12.07 13:38:57.014,0.97311,0.97353,2.40,2.70
2010.12.07 13:38:57.639,0.97304,0.9735,6.20,2.90
2010.12.07 13:38:58.775,0.97303,0.97349,3.00,2.90
2010.12.07 13:38:59.345,0.97303,0.97349,3.00,2.90
2010.12.07 13:39:00.455,0.97304,0.97348,2.50,2.90
2010.12.07 13:39:00.990,0.97306,0.9735,1.80,2.70
2010.12.07 13:39:01.108,0.97308,0.97351,2.90,2.70
2010.12.07 13:39:02.575,0.97308,0.97351,2.90,2.90
2010.12.07 13:39:03.232,0.97308,0.97351,3.00,2.90
2010.12.07 13:39:04.406,0.97308,0.97352,12.20,2.90
2010.12.07 13:39:06.093,0.97308,0.97352,5.20,2.90
2010.12.07 13:39:11.311,0.97308,0.97352,5.20,6.50
2010.12.07 13:39:12.676,0.97308,0.97352,5.40,6.80
2010.12.07 13:39:13.691,0.97308,0.97349,5.20,1.10
2010.12.07 13:39:13.807,0.97306,0.97352,6.40,2.90
2010.12.07 13:39:15.127,0.97308,0.97351,2.90,2.90
2010.12.07 13:39:16.343,0.97304,0.9735,2.90,6.00
2010.12.07 13:39:16.670,0.97306,0.9735,2.40,3.60
2010.12.07 13:39:17.193,0.97307,0.9735,2.80,3.20
2010.12.07 13:39:17.310,0.97307,0.97353,6.20,3.80
2010.12.07 13:39:18.416,0.97312,0.97353,1.50,3.80
2010.12.07 13:39:21.971,0.97318,0.97354,2.90,1.50
2010.12.07 13:39:23.020,0.97318,0.97354,3.00,1.50
2010.12.07 13:39:23.243,0.97318,0.97354,2.90,1.50
2010.12.07 13:39:23.462,0.97318,0.97356,2.90,2.30
2010.12.07 13:39:23.572,0.97318,0.97359,2.90,3.90
2010.12.07 13:39:24.170,0.97316,0.97352,2.30,2.90
2010.12.07 13:39:24.946,0.97312,0.97352,2.30,2.90
2010.12.07 13:39:25.301,0.97312,0.97352,2.60,2.90
2010.12.07 13:39:27.476,0.97312,0.97352,2.40,2.90
2010.12.07 13:39:28.718,0.97318,0.97357,3.00,2.30
2010.12.07 13:39:28.836,0.97317,0.97353,2.60,2.30
2010.12.07 13:39:28.954,0.97317,0.97353,2.40,2.30
2010.12.07 13:39:29.902,0.97316,0.97353,1.50,2.30
2010.12.07 13:39:30.442,0.97316,0.97353,1.60,2.30
2010.12.07 13:39:31.703,0.97311,0.97353,8.30,4.70
2010.12.07 13:39:32.563,0.97312,0.97353,1.10,2.30
2010.12.07 13:39:32.681,0.97311,0.97353,2.60,2.40
2010.12.07 13:39:32.794,0.97311,0.97353,2.60,2.30
2010.12.07 13:39:33.012,0.97311,0.97353,1.40,2.40
2010.12.07 13:39:33.999,0.9731,0.97353,2.90,2.40
2010.12.07 13:39:34.113,0.9731,0.97353,6.40,2.30
2010.12.07 13:39:34.332,0.9731,0.97353,2.90,2.40
2010.12.07 13:39:36.062,0.9731,0.97353,6.50,2.30
2010.12.07 13:39:36.644,0.9732,0.97356,1.50,2.40
2010.12.07 13:39:37.193,0.97319,0.97362,2.30,3.00
2010.12.07 13:39:37.702,0.97319,0.97362,2.40,3.00
2010.12.07 13:39:39.976,0.97317,0.97352,2.40,2.30
2010.12.07 13:39:41.500,0.97317,0.97352,2.60,2.30
2010.12.07 13:39:42.616,0.97315,0.97352,2.40,2.30
2010.12.07 13:39:43.290,0.97315,0.97352,2.40,2.30
2010.12.07 13:39:44.495,0.97317,0.97352,2.40,2.30
2010.12.07 13:39:44.719,0.97317,0.97352,2.40,2.40
2010.12.07 13:39:45.362,0.97317,0.97352,2.40,2.30
2010.12.07 13:39:45.917,0.97317,0.97352,2.40,2.30
2010.12.07 13:39:46.358,0.97314,0.97352,2.30,2.40
2010.12.07 13:39:46.991,0.97309,0.97345,1.20,1.50
2010.12.07 13:39:47.747,0.97313,0.97345,1.40,1.50
2010.12.07 13:39:48.419,0.97318,0.97345,2.30,1.50
2010.12.07 13:39:48.568,0.97318,0.97355,3.60,1.50
2010.12.07 13:39:48.682,0.97318,0.97359,3.60,2.40
2010.12.07 13:39:49.895,0.97318,0.97357,3.00,1.40
2010.12.07 13:39:50.552,0.97315,0.97356,1.10,2.90
2010.12.07 13:39:52.849,0.97308,0.97352,3.20,2.90
2010.12.07 13:39:53.517,0.97308,0.97345,3.60,1.50
2010.12.07 13:39:53.756,0.97309,0.97345,3.00,1.50
2010.12.07 13:39:53.875,0.97309,0.97342,3.00,2.30
2010.12.07 13:39:54.473,0.97313,0.97353,3.00,2.90
2010.12.07 13:39:54.693,0.97313,0.97353,3.80,2.30
2010.12.07 13:39:55.393,0.97317,0.97345,3.00,1.50
2010.12.07 13:39:55.512,0.97316,0.97352,2.30,2.40
2010.12.07 13:39:55.735,0.97316,0.97352,2.90,2.30
2010.12.07 13:39:55.844,0.97319,0.97363,2.50,10.30
2010.12.07 13:39:56.711,0.97319,0.97352,3.00,2.30
2010.12.07 13:39:58.267,0.97317,0.97352,2.40,2.30
2010.12.07 13:39:58.382,0.97317,0.97352,2.40,2.30
2010.12.07 13:40:00.046,0.97317,0.97352,2.40,2.30
2010.12.07 13:40:03.536,0.97319,0.97352,3.00,2.30
2010.12.07 13:40:03.644,0.97319,0.97363,3.20,6.60
2010.12.07 13:40:04.696,0.97318,0.97358,1.30,2.30
2010.12.07 13:40:05.684,0.97318,0.97363,3.70,4.30
2010.12.07 13:40:06.253,0.97317,0.97362,5.50,2.40
2010.12.07 13:40:06.851,0.97309,0.97353,3.50,4.90
2010.12.07 13:40:06.969,0.97308,0.97352,3.20,2.90
2010.12.07 13:40:07.546,0.97306,0.97343,2.40,2.30
2010.12.07 13:40:10.648,0.97303,0.97343,3.50,2.40
2010.12.07 13:40:10.791,0.97306,0.9735,2.40,2.90
2010.12.07 13:40:11.752,0.97306,0.9735,2.40,2.90
2010.12.07 13:40:13.521,0.97308,0.97353,3.00,3.00
2010.12.07 13:40:13.744,0.97308,0.97353,2.80,2.80
2010.12.07 13:40:14.923,0.97307,0.97351,2.40,2.70
2010.12.07 13:40:15.798,0.97304,0.9735,2.30,2.90
2010.12.07 13:40:15.913,0.97301,0.97345,3.00,2.30
2010.12.07 13:40:16.896,0.97302,0.97346,2.80,2.30
2010.12.07 13:40:17.676,0.97301,0.97347,3.20,2.70
2010.12.07 13:40:18.899,0.97301,0.97347,3.00,3.00
2010.12.07 13:40:19.423,0.97301,0.97347,6.90,2.70
2010.12.07 13:40:19.983,0.97301,0.97347,2.90,2.80
2010.12.07 13:40:20.727,0.97301,0.97347,3.00,2.80
2010.12.07 13:40:21.275,0.97301,0.97342,2.40,1.90
2010.12.07 13:40:21.824,0.973,0.97342,6.30,3.80
2010.12.07 13:40:22.425,0.97303,0.97349,2.80,5.30
2010.12.07 13:40:22.539,0.97303,0.97349,2.70,6.70
2010.12.07 13:40:22.652,0.97303,0.97349,2.70,2.90
2010.12.07 13:40:23.451,0.97301,0.97345,6.70,2.30
2010.12.07 13:40:23.892,0.97303,0.97347,2.70,2.70
2010.12.07 13:40:24.003,0.97303,0.97347,2.80,2.30
2010.12.07 13:40:24.591,0.97307,0.97348,2.70,2.40
2010.12.07 13:40:27.657,0.97309,0.97349,1.40,2.40
2010.12.07 13:40:28.454,0.97311,0.97345,1.70,1.50
2010.12.07 13:40:28.563,0.97313,0.97352,1.40,3.80
2010.12.07 13:40:28.675,0.97317,0.97352,2.30,4.20
2010.12.07 13:40:28.783,0.9731,0.97352,3.00,2.10
2010.12.07 13:40:32.563,0.9731,0.97352,3.00,2.10
2010.12.07 13:40:32.782,0.97305,0.97349,2.40,2.90
2010.12.07 13:40:33.302,0.97305,0.97343,2.40,2.30
2010.12.07 13:40:33.846,0.97304,0.97343,3.00,2.30
2010.12.07 13:40:34.063,0.97303,0.97343,1.30,2.40
2010.12.07 13:40:34.393,0.97302,0.97343,3.00,2.80
2010.12.07 13:40:34.503,0.97302,0.97343,2.30,2.90
2010.12.07 13:40:34.613,0.973,0.97333,2.30,2.30
2010.12.07 13:40:35.207,0.97296,0.97333,2.30,2.30
2010.12.07 13:40:36.441,0.97296,0.97333,2.80,2.30
2010.12.07 13:40:36.557,0.97298,0.97342,2.70,2.70
2010.12.07 13:40:37.930,0.97296,0.97342,3.00,2.70
2010.12.07 13:40:38.154,0.97298,0.97342,4.90,6.40
2010.12.07 13:40:38.769,0.973,0.97332,2.30,2.30
2010.12.07 13:40:38.892,0.97298,0.97332,2.30,2.70
2010.12.07 13:40:39.113,0.97294,0.97332,2.30,2.70
2010.12.07 13:40:39.334,0.97292,0.97332,2.40,2.90
2010.12.07 13:40:40.204,0.97292,0.97332,6.30,2.50
2010.12.07 13:40:40.313,0.97293,0.97333,1.10,2.30
2010.12.07 13:40:40.645,0.97296,0.97333,1.50,2.40
2010.12.07 13:40:41.635,0.97296,0.97333,1.50,2.40
2010.12.07 13:40:42.814,0.97296,0.97333,3.90,2.40
2010.12.07 13:40:42.982,0.97296,0.97333,4.10,2.30
2010.12.07 13:40:43.789,0.97299,0.97333,2.30,2.40
2010.12.07 13:40:43.902,0.97295,0.97333,4.50,2.40
2010.12.07 13:40:44.209,0.97295,0.97333,2.30,2.40
2010.12.07 13:40:44.542,0.97297,0.97333,2.40,2.40
2010.12.07 13:40:46.595,0.97297,0.97333,2.30,2.40
2010.12.07 13:40:47.142,0.97294,0.97323,2.30,2.30
2010.12.07 13:40:47.255,0.97294,0.97333,2.40,2.90
2010.12.07 13:40:47.919,0.97294,0.97333,2.30,3.00
2010.12.07 13:40:48.376,0.97294,0.97333,2.40,2.90
2010.12.07 13:40:48.703,0.97294,0.97333,2.30,2.90
2010.12.07 13:40:49.355,0.97294,0.97333,2.30,6.50
2010.12.07 13:40:49.585,0.97294,0.97333,2.40,2.90
2010.12.07 13:40:49.695,0.97294,0.97333,2.30,2.90
2010.12.07 13:40:49.803,0.97294,0.97333,2.30,6.50
2010.12.07 13:40:50.374,0.97294,0.97333,2.40,3.00
2010.12.07 13:40:51.494,0.97294,0.97333,2.30,3.00
2010.12.07 13:40:52.293,0.97294,0.97332,2.40,2.10
2010.12.07 13:40:53.430,0.97289,0.97332,2.30,4.40
2010.12.07 13:40:55.135,0.9729,0.97334,2.30,2.70
2010.12.07 13:40:55.243,0.97291,0.97333,2.30,2.90
2010.12.07 13:40:56.622,0.9729,0.97333,2.30,12.40
2010.12.07 13:40:56.952,0.97289,0.97333,2.90,2.70
2010.12.07 13:40:57.440,0.97292,0.97332,1.90,2.30
2010.12.07 13:40:58.356,0.97295,0.97332,2.30,2.40
2010.12.07 13:40:58.793,0.97288,0.97332,2.40,3.70
2010.12.07 13:41:00.793,0.9729,0.97332,2.30,3.70
2010.12.07 13:41:01.394,0.97291,0.97332,2.30,3.70
2010.12.07 13:41:02.228,0.97285,0.9733,2.30,3.00
2010.12.07 13:41:02.673,0.97287,0.9733,2.40,2.90
2010.12.07 13:41:03.343,0.97285,0.9733,2.30,6.40
2010.12.07 13:41:03.563,0.97285,0.9733,2.30,6.50
2010.12.07 13:41:05.264,0.97284,0.97327,2.70,2.80
2010.12.07 13:41:05.825,0.97285,0.97322,2.30,2.70
2010.12.07 13:41:06.568,0.97279,0.97321,2.30,1.40
2010.12.07 13:41:07.882,0.97279,0.97321,2.30,1.40
2010.12.07 13:41:09.124,0.9728,0.97321,2.30,1.40
2010.12.07 13:41:10.844,0.9728,0.97321,2.40,1.20
2010.12.07 13:41:11.461,0.97281,0.97322,1.60,1.40
2010.12.07 13:41:11.605,0.97281,0.97319,2.40,1.40
2010.12.07 13:41:12.336,0.97281,0.97326,6.30,2.90
2010.12.07 13:41:12.462,0.97287,0.97329,2.30,1.50
2010.12.07 13:41:15.921,0.97287,0.97322,2.30,2.70
2010.12.07 13:41:16.045,0.97285,0.97322,2.30,2.30
2010.12.07 13:41:16.154,0.97283,0.97328,2.80,2.90
2010.12.07 13:41:16.265,0.97287,0.97331,2.30,2.90
2010.12.07 13:41:20.342,0.97284,0.97323,2.70,2.30
2010.12.07 13:41:22.122,0.97283,0.97323,2.70,2.40
2010.12.07 13:41:22.235,0.97283,0.97323,3.00,2.30
2010.12.07 13:41:22.453,0.97283,0.97323,2.70,2.40
2010.12.07 13:41:23.792,0.97284,0.97323,2.70,2.40
2010.12.07 13:41:24.012,0.97284,0.97323,2.80,2.40
2010.12.07 13:41:24.843,0.9728,0.97323,6.30,2.40
2010.12.07 13:41:25.513,0.9728,0.97323,2.40,6.70
2010.12.07 13:41:25.624,0.9728,0.97322,2.40,2.70
2010.12.07 13:41:25.734,0.97279,0.97322,2.70,4.30
2010.12.07 13:41:26.618,0.9728,0.97322,2.30,4.30
2010.12.07 13:41:26.945,0.97279,0.9732,2.30,2.60
2010.12.07 13:41:27.613,0.97274,0.97313,2.30,4.40
2010.12.07 13:41:28.194,0.97271,0.97313,4.50,4.40
2010.12.07 13:41:28.367,0.9727,0.97303,2.30,3.80
2010.12.07 13:41:28.483,0.97265,0.97302,3.80,2.30
2010.12.07 13:41:29.085,0.97267,0.97305,3.00,1.50
2010.12.07 13:41:30.520,0.97271,0.97311,2.30,1.40
2010.12.07 13:41:30.658,0.97271,0.97311,2.30,1.40
2010.12.07 13:41:31.029,0.97271,0.97311,2.30,1.50
2010.12.07 13:41:32.773,0.97271,0.97311,2.30,4.50
2010.12.07 13:41:34.383,0.97263,0.97302,2.30,2.90
2010.12.07 13:41:34.922,0.97262,0.97302,2.40,2.90
2010.12.07 13:41:35.476,0.97262,0.97302,2.60,4.40
2010.12.07 13:41:35.586,0.97262,0.97302,2.40,4.40
2010.12.07 13:41:36.158,0.97263,0.97302,2.30,2.90
2010.12.07 13:41:36.383,0.97263,0.97302,2.40,3.00
2010.12.07 13:41:37.033,0.97263,0.97302,2.40,3.20
2010.12.07 13:41:38.035,0.97263,0.97302,2.40,6.80
2010.12.07 13:41:38.146,0.97261,0.97299,2.30,1.50
2010.12.07 13:41:38.253,0.97259,0.97295,2.30,1.40
2010.12.07 13:41:38.871,0.97258,0.97282,2.30,2.30
2010.12.07 13:41:38.990,0.97247,0.97282,2.40,2.90
2010.12.07 13:41:39.746,0.97244,0.97282,2.30,2.90
2010.12.07 13:41:40.432,0.97244,0.97282,2.40,2.90
2010.12.07 13:41:43.836,0.97244,0.97282,2.40,2.90
2010.12.07 13:41:44.964,0.97244,0.97282,2.40,3.00
2010.12.07 13:41:46.813,0.97245,0.97282,2.40,2.90
2010.12.07 13:41:46.937,0.97245,0.97282,2.40,2.70
2010.12.07 13:41:47.520,0.97245,0.97285,2.40,1.90
2010.12.07 13:41:47.640,0.97246,0.97283,2.40,2.90
2010.12.07 13:41:48.155,0.9725,0.97283,1.50,2.30
2010.12.07 13:41:48.262,0.9725,0.97292,1.50,3.70
2010.12.07 13:41:48.962,0.97251,0.97292,2.30,1.40
2010.12.07 13:41:49.737,0.97252,0.97292,2.40,1.40
2010.12.07 13:41:50.513,0.9725,0.97292,3.90,1.40
2010.12.07 13:41:50.623,0.9725,0.97292,3.80,1.40
2010.12.07 13:41:51.509,0.9725,0.97292,5.10,2.40
2010.12.07 13:41:51.638,0.97256,0.97292,1.50,2.30
2010.12.07 13:41:53.161,0.97256,0.97292,1.60,2.30
2010.12.07 13:41:53.943,0.97256,0.97292,2.00,2.30
2010.12.07 13:41:54.163,0.97256,0.97298,2.10,4.60
2010.12.07 13:41:54.275,0.97256,0.97294,3.80,1.70
2010.12.07 13:41:55.812,0.97256,0.97292,1.60,2.30
2010.12.07 13:41:57.635,0.97256,0.97292,1.50,2.30
2010.12.07 13:41:58.636,0.97256,0.97292,1.70,2.50
2010.12.07 13:41:58.786,0.97248,0.97291,4.70,3.60
2010.12.07 13:41:59.374,0.97249,0.97291,2.30,1.40
2010.12.07 13:41:59.587,0.97251,0.97291,2.30,1.40
2010.12.07 13:41:59.814,0.97249,0.97292,2.30,1.10
2010.12.07 13:42:00.033,0.97249,0.97293,2.30,3.80
2010.12.07 13:42:00.640,0.97251,0.97292,2.30,2.90
2010.12.07 13:42:01.725,0.97252,0.97292,2.30,3.20
2010.12.07 13:42:01.836,0.97255,0.97292,1.50,2.30
2010.12.07 13:42:01.944,0.97255,0.97292,1.50,3.80
2010.12.07 13:42:02.529,0.97253,0.97292,2.30,3.70
2010.12.07 13:42:03.273,0.97249,0.97292,2.50,8.40
2010.12.07 13:42:03.383,0.97251,0.97292,2.40,3.60
2010.12.07 13:42:04.306,0.97251,0.9729,2.40,1.40
2010.12.07 13:42:04.711,0.97247,0.97291,2.80,1.40
2010.12.07 13:42:04.822,0.97247,0.97292,2.80,4.90
2010.12.07 13:42:05.677,0.9725,0.97293,2.30,2.90
2010.12.07 13:42:06.013,0.97248,0.97289,2.40,1.40
2010.12.07 13:42:06.402,0.97248,0.97289,2.30,1.40
2010.12.07 13:42:08.563,0.97249,0.97292,2.30,2.70
2010.12.07 13:42:08.816,0.97249,0.97292,2.40,2.70
2010.12.07 13:42:09.794,0.97251,0.97292,2.40,3.00
2010.12.07 13:42:10.783,0.97251,0.97292,2.40,2.90
2010.12.07 13:42:11.398,0.97249,0.97292,2.60,2.90
2010.12.07 13:42:11.513,0.97249,0.97292,2.60,6.50
2010.12.07 13:42:12.246,0.97254,0.97292,2.30,6.50
2010.12.07 13:42:13.348,0.97265,0.97299,1.50,2.30
2010.12.07 13:42:13.371,0.97265,0.97302,1.50,2.30
2010.12.07 13:42:14.014,0.97268,0.97302,2.30,2.30
2010.12.07 13:42:15.646,0.97268,0.97303,2.30,2.70
2010.12.07 13:42:15.752,0.97266,0.97303,2.30,2.90
2010.12.07 13:42:15.866,0.97264,0.97303,2.70,2.40
2010.12.07 13:42:15.974,0.97264,0.97303,2.70,2.40
2010.12.07 13:42:16.087,0.97266,0.97303,2.30,2.40
2010.12.07 13:42:17.575,0.97267,0.97303,2.30,2.40
2010.12.07 13:42:17.682,0.97271,0.97303,2.30,2.40
2010.12.07 13:42:18.017,0.97271,0.97303,2.70,2.30
2010.12.07 13:42:18.132,0.97274,0.97312,2.70,3.20
2010.12.07 13:42:18.243,0.97274,0.97312,2.70,2.30
2010.12.07 13:42:18.884,0.97272,0.97312,2.30,3.20
2010.12.07 13:42:19.755,0.97272,0.97312,2.30,2.90
2010.12.07 13:42:20.804,0.97272,0.97312,2.30,3.00
2010.12.07 13:42:20.915,0.9727,0.97312,2.30,3.00
2010.12.07 13:42:21.023,0.9727,0.97312,2.30,7.10
2010.12.07 13:42:21.832,0.9727,0.97312,2.30,7.00
2010.12.07 13:42:22.706,0.9727,0.97312,2.30,3.20
2010.12.07 13:42:23.547,0.9727,0.97312,2.30,2.90
2010.12.07 13:42:25.236,0.9727,0.97312,2.40,2.90
2010.12.07 13:42:25.344,0.9727,0.97312,2.30,3.20
2010.12.07 13:42:26.027,0.97267,0.97303,2.30,6.30
2010.12.07 13:42:26.254,0.97263,0.97303,2.30,6.30
2010.12.07 13:42:26.363,0.97261,0.97303,2.30,6.30
2010.12.07 13:42:27.314,0.97261,0.97303,2.30,6.50
2010.12.07 13:42:27.673,0.97262,0.97293,1.50,2.30
2010.12.07 13:42:28.435,0.97266,0.97303,1.50,2.80
2010.12.07 13:42:29.109,0.97267,0.97299,2.30,2.80
2010.12.07 13:42:29.444,0.97264,0.97293,2.30,2.40
2010.12.07 13:42:30.019,0.97262,0.97293,2.30,2.30
2010.12.07 13:42:30.856,0.97263,0.97293,2.30,2.40
2010.12.07 13:42:31.806,0.97263,0.97293,2.30,2.30
2010.12.07 13:42:32.480,0.97256,0.97292,1.60,2.30
2010.12.07 13:42:33.076,0.97257,0.97292,2.40,2.30
2010.12.07 13:42:33.188,0.97257,0.973,2.90,4.90
2010.12.07 13:42:33.414,0.97257,0.97293,2.50,1.50
2010.12.07 13:42:33.523,0.97257,0.97292,2.30,2.30
2010.12.07 13:42:34.123,0.97256,0.97292,2.30,3.70
2010.12.07 13:42:34.234,0.97255,0.97292,2.10,2.40
2010.12.07 13:42:34.344,0.97256,0.973,1.40,11.60
2010.12.07 13:42:35.066,0.97258,0.97293,2.30,2.60
2010.12.07 13:42:36.038,0.9726,0.97302,2.50,4.40
2010.12.07 13:42:36.908,0.9726,0.97301,2.50,1.40
2010.12.07 13:42:37.060,0.97257,0.97298,2.30,2.80
2010.12.07 13:42:37.856,0.97259,0.97298,2.30,2.60
2010.12.07 13:42:39.408,0.97256,0.97301,2.40,8.30
2010.12.07 13:42:42.495,0.97259,0.97301,2.30,1.40
2010.12.07 13:42:42.933,0.9726,0.97301,2.30,2.80
2010.12.07 13:42:43.061,0.97258,0.97301,2.30,2.80
2010.12.07 13:42:43.179,0.97258,0.97302,2.70,2.70
2010.12.07 13:42:43.739,0.97258,0.97302,2.30,2.90
2010.12.07 13:42:44.476,0.97258,0.97302,2.30,2.90
2010.12.07 13:42:45.757,0.9726,0.97302,2.40,2.70
2010.12.07 13:42:45.874,0.9726,0.97302,2.50,2.90
2010.12.07 13:42:46.417,0.9726,0.97302,2.50,6.60
2010.12.07 13:42:47.987,0.97261,0.97302,2.30,3.20
2010.12.07 13:42:49.150,0.97261,0.97302,2.30,2.90
2010.12.07 13:42:51.807,0.97261,0.97302,2.40,3.20
2010.12.07 13:42:52.604,0.97263,0.97302,2.30,6.60
2010.12.07 13:42:52.717,0.97263,0.97302,2.40,3.00
2010.12.07 13:42:54.013,0.97263,0.97302,2.30,2.90
2010.12.07 13:42:55.473,0.97263,0.97302,2.30,3.00
2010.12.07 13:42:56.108,0.97263,0.97302,2.30,2.70
2010.12.07 13:42:56.899,0.97271,0.97313,2.30,6.40
2010.12.07 13:42:57.123,0.9727,0.97313,2.30,3.00
2010.12.07 13:42:57.827,0.97272,0.97313,2.30,6.30
2010.12.07 13:42:57.945,0.97272,0.97313,2.30,2.80
2010.12.07 13:42:59.946,0.97272,0.97313,2.30,2.70
2010.12.07 13:43:00.163,0.97275,0.97318,2.30,2.80
2010.12.07 13:43:00.857,0.97276,0.97322,2.70,2.70
2010.12.07 13:43:02.077,0.97273,0.97317,2.70,2.70
2010.12.07 13:43:02.809,0.97273,0.97317,2.70,2.80
2010.12.07 13:43:05.015,0.97274,0.97318,2.70,6.40
2010.12.07 13:43:05.147,0.97274,0.97318,2.70,2.80
2010.12.07 13:43:06.379,0.97271,0.97312,2.30,2.70
2010.12.07 13:43:08.038,0.97271,0.97312,2.30,2.70
2010.12.07 13:43:13.736,0.97271,0.97312,2.30,6.30
2010.12.07 13:43:15.745,0.97276,0.97312,1.50,3.00
2010.12.07 13:43:16.893,0.97275,0.97317,1.50,3.10
2010.12.07 13:43:17.420,0.97275,0.97317,2.10,2.50
2010.12.07 13:43:17.863,0.97273,0.97314,2.50,4.20
2010.12.07 13:43:18.565,0.97273,0.97314,2.50,1.70
2010.12.07 13:43:18.673,0.97273,0.97314,2.90,1.70
2010.12.07 13:43:19.295,0.97275,0.97319,2.90,2.40
2010.12.07 13:43:21.067,0.97277,0.97313,2.70,1.50
2010.12.07 13:43:21.286,0.97274,0.97313,2.30,4.20
2010.12.07 13:43:21.967,0.97267,0.97307,2.30,1.40
2010.12.07 13:43:22.658,0.97266,0.97302,1.50,2.90
2010.12.07 13:43:24.233,0.97266,0.97302,1.60,2.90
2010.12.07 13:43:24.895,0.97266,0.97303,3.90,2.90
2010.12.07 13:43:25.546,0.97259,0.97294,3.60,1.50
2010.12.07 13:43:25.653,0.97265,0.97302,1.50,2.30
2010.12.07 13:43:26.893,0.97266,0.97302,2.40,2.30
2010.12.07 13:43:27.003,0.97266,0.97302,2.30,2.40
2010.12.07 13:43:27.453,0.97266,0.97302,2.40,2.30
2010.12.07 13:43:27.945,0.97266,0.97302,2.30,2.40
2010.12.07 13:43:28.832,0.97266,0.97302,2.40,2.40
2010.12.07 13:43:30.233,0.97266,0.97302,2.50,2.30
2010.12.07 13:43:30.454,0.97271,0.97312,3.80,2.90
2010.12.07 13:43:30.564,0.97272,0.97313,2.10,1.60
2010.12.07 13:43:30.893,0.97276,0.97314,2.10,1.60
2010.12.07 13:43:31.508,0.97282,0.97322,2.30,12.20
2010.12.07 13:43:32.163,0.97282,0.97321,2.30,1.50
2010.12.07 13:43:32.274,0.9728,0.97313,2.30,2.40
2010.12.07 13:43:32.894,0.97281,0.97313,2.30,2.40
2010.12.07 13:43:35.075,0.97281,0.97313,2.40,2.30
2010.12.07 13:43:37.105,0.97281,0.97322,2.30,1.10
2010.12.07 13:43:38.517,0.97281,0.97312,2.30,2.30
2010.12.07 13:43:38.656,0.97281,0.97322,2.30,6.50
2010.12.07 13:43:38.777,0.97281,0.97322,2.40,2.90
2010.12.07 13:43:39.592,0.97281,0.97322,2.30,6.50
2010.12.07 13:43:39.725,0.97281,0.97322,2.40,2.90
2010.12.07 13:43:40.675,0.97276,0.9732,2.30,2.60
2010.12.07 13:43:40.784,0.97276,0.97318,1.70,1.50
2010.12.07 13:43:41.117,0.97272,0.97312,3.10,2.90
2010.12.07 13:43:41.736,0.97271,0.97312,2.40,2.90
2010.12.07 13:43:42.628,0.97276,0.97312,2.10,2.30
2010.12.07 13:43:42.855,0.97277,0.97312,2.90,2.40
2010.12.07 13:43:43.623,0.97281,0.97312,2.30,2.40
2010.12.07 13:43:45.262,0.97279,0.97312,2.30,2.40
2010.12.07 13:43:45.484,0.9728,0.97312,2.30,2.40
2010.12.07 13:43:45.703,0.9728,0.97312,2.30,2.40
2010.12.07 13:43:45.813,0.9728,0.97312,2.30,2.40
2010.12.07 13:43:46.033,0.97278,0.97312,2.90,2.40
2010.12.07 13:43:46.889,0.97277,0.97312,2.90,2.30
2010.12.07 13:43:46.920,0.97278,0.97322,1.40,6.20
2010.12.07 13:43:47.052,0.9727,0.97313,2.30,4.50
2010.12.07 13:43:47.273,0.97269,0.97313,2.30,10.30
2010.12.07 13:43:47.920,0.97272,0.97313,2.10,1.60
2010.12.07 13:43:48.036,0.97271,0.97314,2.30,10.10
2010.12.07 13:43:48.364,0.9727,0.97313,2.90,4.70
2010.12.07 13:43:48.938,0.97271,0.97313,2.70,2.40
2010.12.07 13:43:49.056,0.97271,0.97313,2.70,2.40
2010.12.07 13:43:49.188,0.97271,0.97313,2.30,2.70
2010.12.07 13:43:49.305,0.97271,0.97313,2.40,2.90
2010.12.07 13:43:49.942,0.97271,0.97313,2.70,2.30
2010.12.07 13:43:50.962,0.97273,0.97313,2.70,1.70
2010.12.07 13:43:51.638,0.97278,0.97314,2.30,4.50
2010.12.07 13:43:51.765,0.97278,0.97314,2.30,1.50
2010.12.07 13:43:51.983,0.97278,0.97314,2.30,1.70
2010.12.07 13:43:52.614,0.97275,0.97312,2.30,2.90
2010.12.07 13:43:53.163,0.97274,0.97312,2.30,2.30
2010.12.07 13:43:53.754,0.97277,0.97313,2.30,2.40
2010.12.07 13:43:54.423,0.97277,0.97313,2.30,2.40
2010.12.07 13:43:56.155,0.97278,0.97313,2.30,2.60
2010.12.07 13:43:58.754,0.97278,0.97319,2.30,1.20
2010.12.07 13:43:59.583,0.97293,0.97323,1.50,2.60
2010.12.07 13:43:59.806,0.97293,0.97323,1.50,2.30
2010.12.07 13:44:00.424,0.97298,0.9733,3.00,1.70
2010.12.07 13:44:00.534,0.97294,0.9733,3.00,1.50
2010.12.07 13:44:00.867,0.97297,0.97332,1.20,1.50
2010.12.07 13:44:01.653,0.97292,0.97332,2.40,1.90
2010.12.07 13:44:02.351,0.97291,0.97329,2.40,1.70
2010.12.07 13:44:02.577,0.97291,0.97329,3.00,1.70
2010.12.07 13:44:03.271,0.97288,0.97325,1.20,2.50
2010.12.07 13:44:03.493,0.97289,0.97325,1.20,2.30
2010.12.07 13:44:03.997,0.97297,0.97327,2.50,4.50
2010.12.07 13:44:04.119,0.97288,0.97328,1.40,2.40
2010.12.07 13:44:04.234,0.97288,0.9733,1.40,4.50
2010.12.07 13:44:04.843,0.97288,0.97331,1.40,2.90
2010.12.07 13:44:04.983,0.97288,0.97328,1.40,2.30
2010.12.07 13:44:05.093,0.97288,0.97331,1.40,2.30
2010.12.07 13:44:06.317,0.97283,0.97323,1.50,2.30
2010.12.07 13:44:07.034,0.97288,0.97327,1.70,1.50
2010.12.07 13:44:07.154,0.97294,0.97332,2.10,2.30
2010.12.07 13:44:07.375,0.97298,0.97334,2.70,3.80
2010.12.07 13:44:07.593,0.97298,0.97336,2.70,2.30
2010.12.07 13:44:08.184,0.97294,0.97332,1.50,4.50
2010.12.07 13:44:08.511,0.97294,0.97332,1.50,5.10
2010.12.07 13:44:09.211,0.97295,0.97332,1.90,2.30
2010.12.07 13:44:09.543,0.97295,0.97331,1.90,2.40
2010.12.07 13:44:10.100,0.97295,0.97332,1.50,2.30
2010.12.07 13:44:10.218,0.97297,0.97331,2.30,1.90
2010.12.07 13:44:10.891,0.97287,0.97323,2.30,4.00
2010.12.07 13:44:13.943,0.97287,0.97323,2.90,2.40
2010.12.07 13:44:15.754,0.97289,0.97323,2.30,2.60
2010.12.07 13:44:16.194,0.97287,0.97323,2.30,2.60
2010.12.07 13:44:16.835,0.97287,0.97323,2.40,2.60
2010.12.07 13:44:16.948,0.97287,0.97323,2.30,2.60
2010.12.07 13:44:17.053,0.97287,0.97323,2.40,2.60
2010.12.07 13:44:18.230,0.97287,0.97323,2.30,2.60
2010.12.07 13:44:18.460,0.97287,0.97323,2.30,2.60
2010.12.07 13:44:19.676,0.97287,0.97323,2.30,2.60
2010.12.07 13:44:20.453,0.97287,0.97323,2.30,2.60
2010.12.07 13:44:21.326,0.97287,0.97323,3.40,2.60
2010.12.07 13:44:22.795,0.97286,0.97323,3.00,2.40
2010.12.07 13:44:26.665,0.97295,0.97333,4.40,2.50
2010.12.07 13:44:26.895,0.97296,0.97331,3.00,1.40
2010.12.07 13:44:27.452,0.97298,0.97322,2.30,2.30
2010.12.07 13:44:27.606,0.97284,0.9733,3.20,3.60
2010.12.07 13:44:27.878,0.97284,0.9733,3.00,3.60
2010.12.07 13:44:28.429,0.97287,0.9733,2.30,1.40
2010.12.07 13:44:28.984,0.97287,0.97332,2.70,2.70
2010.12.07 13:44:29.547,0.97295,0.97332,1.50,2.30
2010.12.07 13:44:30.507,0.97299,0.97333,4.70,5.00
2010.12.07 13:44:30.623,0.97308,0.97333,2.50,2.40
2010.12.07 13:44:31.197,0.97308,0.97335,2.30,2.30
2010.12.07 13:44:31.331,0.97304,0.9734,2.30,1.40
2010.12.07 13:44:31.916,0.97299,0.97337,2.30,2.30
2010.12.07 13:44:32.134,0.97298,0.97341,2.30,2.70
2010.12.07 13:44:32.744,0.97297,0.9734,2.90,4.60
2010.12.07 13:44:33.470,0.97307,0.97343,4.90,1.90
2010.12.07 13:44:33.588,0.97301,0.97346,2.30,2.90
2010.12.07 13:44:34.915,0.97301,0.97346,2.70,2.70
2010.12.07 13:44:35.492,0.97301,0.97333,2.30,1.60
2010.12.07 13:44:36.725,0.97301,0.97333,2.30,3.90
2010.12.07 13:44:37.103,0.97301,0.97333,2.30,4.50
2010.12.07 13:44:37.707,0.97301,0.97333,2.30,2.90
2010.12.07 13:44:38.243,0.97301,0.97333,2.30,3.90
2010.12.07 13:44:38.730,0.97301,0.97333,2.30,3.80
2010.12.07 13:44:39.173,0.97299,0.97333,2.30,1.70
2010.12.07 13:44:39.811,0.97298,0.97333,2.30,1.70
2010.12.07 13:44:40.214,0.97298,0.97333,2.30,2.20
2010.12.07 13:44:40.434,0.97295,0.97333,1.50,6.70
2010.12.07 13:44:40.980,0.97288,0.97331,3.70,4.40
2010.12.07 13:44:41.123,0.97291,0.97324,2.70,1.50
2010.12.07 13:44:41.779,0.97307,0.97337,3.20,2.70
2010.12.07 13:44:41.965,0.97303,0.97342,2.50,2.30
2010.12.07 13:44:42.571,0.973,0.97342,2.30,2.50
2010.12.07 13:44:42.724,0.97304,0.97342,1.50,2.60
2010.12.07 13:44:42.835,0.973,0.97342,2.30,2.60
2010.12.07 13:44:42.946,0.973,0.97342,2.30,2.60
2010.12.07 13:44:43.471,0.973,0.97342,2.30,2.80
2010.12.07 13:44:43.598,0.973,0.97342,2.30,2.60
2010.12.07 13:44:43.824,0.973,0.97342,3.20,2.40
2010.12.07 13:44:43.937,0.97305,0.97342,1.50,2.30
2010.12.07 13:44:44.495,0.97305,0.97342,1.50,2.40
2010.12.07 13:44:45.312,0.97304,0.97342,2.30,2.60
2010.12.07 13:44:45.536,0.97306,0.97343,2.30,2.80
2010.12.07 13:44:46.027,0.97304,0.97342,2.30,1.90
2010.12.07 13:44:46.146,0.97302,0.97342,2.30,1.90
2010.12.07 13:44:46.253,0.97299,0.97342,2.30,4.00
2010.12.07 13:44:46.366,0.97299,0.97342,2.30,4.10
2010.12.07 13:44:47.085,0.97299,0.97342,2.30,1.90
2010.12.07 13:44:48.860,0.973,0.97343,2.30,2.60
2010.12.07 13:44:49.035,0.97304,0.97343,3.60,9.60
2010.12.07 13:44:49.254,0.97308,0.97348,2.50,2.80
2010.12.07 13:44:49.897,0.97308,0.97351,2.90,2.40
2010.12.07 13:44:50.126,0.97308,0.97351,2.90,2.30
2010.12.07 13:44:50.237,0.9731,0.97355,2.90,1.20
2010.12.07 13:44:50.786,0.9731,0.97355,2.90,1.50
2010.12.07 13:44:50.964,0.97307,0.97349,2.30,1.20
2010.12.07 13:44:51.547,0.97308,0.97349,2.30,1.20
2010.12.07 13:44:51.777,0.97305,0.97349,4.50,1.10
2010.12.07 13:44:52.510,0.97305,0.97351,2.30,6.30
2010.12.07 13:44:52.676,0.97308,0.97352,2.40,6.50
2010.12.07 13:44:53.356,0.97309,0.97353,2.30,5.30
2010.12.07 13:44:53.683,0.9731,0.97352,2.30,1.10
2010.12.07 13:44:54.273,0.9731,0.97353,2.30,6.70
2010.12.07 13:44:54.496,0.97321,0.97353,1.50,2.60
2010.12.07 13:44:55.168,0.97311,0.97355,2.90,2.70
2010.12.07 13:44:56.454,0.97312,0.97356,2.70,2.80
2010.12.07 13:44:58.989,0.97322,0.97359,1.50,2.60
2010.12.07 13:44:59.746,0.97318,0.97356,2.30,1.40
2010.12.07 13:45:00.274,0.97316,0.97352,2.30,2.80
2010.12.07 13:45:00.501,0.97313,0.97352,2.90,2.30
2010.12.07 13:45:01.101,0.97318,0.97359,2.30,2.60
2010.12.07 13:45:02.421,0.97322,0.97352,2.30,1.50
2010.12.07 13:45:03.062,0.97321,0.97352,2.30,1.50
2010.12.07 13:45:03.198,0.97315,0.97353,1.50,3.80
2010.12.07 13:45:03.940,0.97312,0.97351,2.50,1.50
2010.12.07 13:45:05.046,0.97313,0.97353,4.00,3.90
2010.12.07 13:45:06.652,0.97315,0.97353,1.50,3.90
2010.12.07 13:45:07.181,0.97315,0.97353,2.50,3.90
2010.12.07 13:45:07.309,0.9732,0.9736,4.70,1.50
2010.12.07 13:45:08.494,0.9732,0.9736,11.60,1.50
2010.12.07 13:45:09.393,0.9732,0.9736,4.80,1.50
2010.12.07 13:45:09.947,0.97325,0.97363,1.50,4.70
2010.12.07 13:45:10.073,0.97323,0.9736,2.30,1.70
2010.12.07 13:45:10.954,0.97323,0.9736,2.50,1.50
2010.12.07 13:45:11.932,0.97323,0.9736,2.30,1.70
2010.12.07 13:45:13.132,0.97327,0.9736,2.30,1.60
2010.12.07 13:45:13.923,0.97327,0.9736,4.70,1.50
2010.12.07 13:45:14.497,0.97327,0.97364,4.70,1.60
2010.12.07 13:45:14.613,0.97327,0.97364,4.70,1.70
2010.12.07 13:45:15.374,0.97327,0.97364,2.50,1.60
2010.12.07 13:45:16.384,0.97327,0.97364,2.50,1.70
2010.12.07 13:45:17.598,0.97327,0.97364,2.50,1.60
2010.12.07 13:45:17.713,0.97327,0.97364,2.50,1.70
2010.12.07 13:45:18.643,0.97327,0.9737,2.50,4.10
2010.12.07 13:45:18.755,0.97327,0.97371,4.70,6.40
2010.12.07 13:45:19.194,0.97327,0.97371,4.80,6.00
2010.12.07 13:45:19.737,0.97327,0.97371,4.70,6.00
2010.12.07 13:45:20.848,0.97327,0.97363,2.50,2.40
2010.12.07 13:45:21.185,0.97343,0.9737,1.50,2.30
2010.12.07 13:45:21.712,0.97335,0.97372,1.40,2.40
2010.12.07 13:45:22.043,0.97335,0.97372,3.60,2.40
2010.12.07 13:45:25.737,0.97337,0.97374,2.30,2.40
2010.12.07 13:45:26.211,0.97337,0.97374,2.30,2.40
2010.12.07 13:45:26.355,0.97327,0.97363,5.00,2.30
2010.12.07 13:45:27.007,0.97327,0.97373,8.20,4.60
2010.12.07 13:45:27.154,0.97335,0.97372,1.40,1.60
2010.12.07 13:45:27.982,0.97335,0.97373,1.40,2.60
2010.12.07 13:45:28.114,0.97324,0.97367,2.30,3.00
2010.12.07 13:45:28.224,0.97323,0.97367,2.30,2.90
2010.12.07 13:45:28.726,0.97321,0.97365,2.90,2.60
2010.12.07 13:45:30.745,0.9732,0.97366,2.70,2.70
2010.12.07 13:45:30.995,0.97319,0.97365,2.90,2.60
2010.12.07 13:45:31.613,0.97328,0.9736,2.30,1.50
2010.12.07 13:45:31.724,0.97328,0.97369,2.30,8.40
2010.12.07 13:45:32.280,0.97321,0.97363,5.10,4.10
2010.12.07 13:45:32.401,0.97319,0.97363,2.30,12.00
2010.12.07 13:45:33.129,0.97319,0.97363,2.30,11.90
2010.12.07 13:45:34.183,0.97318,0.9736,2.70,1.40
2010.12.07 13:45:34.656,0.97318,0.97362,2.70,6.00
2010.12.07 13:45:35.449,0.97328,0.97363,2.30,1.80
2010.12.07 13:45:35.887,0.97328,0.97363,2.30,1.60
2010.12.07 13:45:36.555,0.97328,0.97363,2.30,1.70
2010.12.07 13:45:37.204,0.97328,0.97363,2.30,1.80
2010.12.07 13:45:37.314,0.97323,0.97363,1.90,1.70
2010.12.07 13:45:37.426,0.97319,0.97363,3.60,4.10
2010.12.07 13:45:38.658,0.97319,0.97363,3.70,3.90
2010.12.07 13:45:39.206,0.97325,0.97363,1.40,3.90
2010.12.07 13:45:40.339,0.97331,0.97371,1.90,3.90
2010.12.07 13:45:40.565,0.97328,0.97363,2.30,1.60
2010.12.07 13:45:41.365,0.97319,0.97363,2.30,5.10
2010.12.07 13:45:41.586,0.97319,0.97363,3.60,3.80
2010.12.07 13:45:42.173,0.97319,0.97363,3.60,1.60
2010.12.07 13:45:42.394,0.97319,0.97361,2.30,1.40
2010.12.07 13:45:43.021,0.97315,0.97352,1.60,2.30
2010.12.07 13:45:43.133,0.97315,0.97352,1.50,2.30
2010.12.07 13:45:43.245,0.97311,0.97352,3.90,2.90
2010.12.07 13:45:43.853,0.97311,0.97352,1.50,2.90
2010.12.07 13:45:44.184,0.97318,0.97355,2.70,2.60
2010.12.07 13:45:44.912,0.97318,0.9736,4.90,1.50
2010.12.07 13:45:45.026,0.97316,0.97357,2.30,2.80
2010.12.07 13:45:45.463,0.97312,0.97356,5.10,6.40
2010.12.07 13:45:45.683,0.97312,0.97356,2.90,2.90
2010.12.07 13:45:46.277,0.97312,0.97356,2.90,3.00
2010.12.07 13:45:46.504,0.97312,0.97356,2.90,6.90
2010.12.07 13:45:46.844,0.9731,0.97354,2.30,6.50
2010.12.07 13:45:47.430,0.97304,0.9735,2.30,6.50
2010.12.07 13:45:47.681,0.97295,0.97333,2.30,2.70
2010.12.07 13:45:48.146,0.97292,0.97333,2.40,4.20
2010.12.07 13:45:48.266,0.97293,0.97336,2.30,2.70
2010.12.07 13:45:48.483,0.97296,0.97339,2.30,2.90
2010.12.07 13:45:49.308,0.97307,0.97342,2.90,1.50
2010.12.07 13:45:49.425,0.97307,0.9735,5.10,3.40
2010.12.07 13:45:50.136,0.97304,0.97343,2.30,2.30
2010.12.07 13:45:51.078,0.97306,0.97343,2.30,2.50
2010.12.07 13:45:51.229,0.97303,0.97343,2.30,2.90
2010.12.07 13:45:51.454,0.97304,0.97343,2.30,6.40
2010.12.07 13:45:51.564,0.97301,0.9734,2.30,1.40
2010.12.07 13:45:52.116,0.97299,0.9734,2.30,1.40
2010.12.07 13:45:52.505,0.97299,0.9734,2.30,2.80
2010.12.07 13:45:54.593,0.97299,0.97333,2.30,1.60
2010.12.07 13:45:55.227,0.97289,0.97332,2.70,2.40
2010.12.07 13:45:55.344,0.97297,0.97333,2.30,2.40
2010.12.07 13:45:56.341,0.97289,0.97332,2.90,2.50
2010.12.07 13:45:56.457,0.97288,0.97331,4.40,2.40
2010.12.07 13:45:57.181,0.97298,0.97331,2.30,2.40
2010.12.07 13:45:57.623,0.97291,0.97333,2.30,2.80
2010.12.07 13:45:58.501,0.9729,0.97333,2.30,5.10
2010.12.07 13:45:58.614,0.97288,0.97333,2.40,5.10
2010.12.07 13:45:59.989,0.97295,0.97333,1.50,4.10
2010.12.07 13:46:00.190,0.97296,0.97333,1.50,2.90
2010.12.07 13:46:00.676,0.97293,0.97333,1.50,3.90
2010.12.07 13:46:00.787,0.97292,0.97332,1.50,2.20
2010.12.07 13:46:00.903,0.97292,0.97332,1.50,2.00
2010.12.07 13:46:01.012,0.97292,0.97332,1.50,2.10
2010.12.07 13:46:01.675,0.97292,0.97332,1.50,4.50
2010.12.07 13:46:01.786,0.97292,0.97332,1.60,2.10
2010.12.07 13:46:02.782,0.97292,0.97331,1.60,1.40
2010.12.07 13:46:03.321,0.97292,0.97331,1.60,1.40
2010.12.07 13:46:03.544,0.97292,0.97332,1.70,2.70
2010.12.07 13:46:03.658,0.97292,0.97332,4.10,2.80
2010.12.07 13:46:04.225,0.97295,0.97339,4.50,3.00
2010.12.07 13:46:04.882,0.97295,0.97339,2.30,6.80
2010.12.07 13:46:04.992,0.97295,0.97339,2.30,2.90
2010.12.07 13:46:05.696,0.97304,0.97341,2.70,4.10
2010.12.07 13:46:06.028,0.97314,0.97352,1.50,6.40
2010.12.07 13:46:06.554,0.9731,0.97351,2.30,1.20
2010.12.07 13:46:06.680,0.97307,0.9735,2.90,3.00
2010.12.07 13:46:07.953,0.97308,0.97351,2.70,6.20
2010.12.07 13:46:09.154,0.97304,0.97342,2.30,3.00
2010.12.07 13:46:09.373,0.97293,0.97323,1.50,2.30
2010.12.07 13:46:09.973,0.97294,0.97337,2.30,2.80
2010.12.07 13:46:10.603,0.97295,0.97338,2.30,6.40
2010.12.07 13:46:11.290,0.97297,0.97329,2.30,2.70
2010.12.07 13:46:11.455,0.97292,0.97329,1.90,2.50
2010.12.07 13:46:11.574,0.97295,0.97331,2.30,2.60
2010.12.07 13:46:12.080,0.97295,0.97331,2.30,2.20
2010.12.07 13:46:12.204,0.9729,0.97326,2.30,1.50
2010.12.07 13:46:13.126,0.97289,0.97326,2.30,2.10
2010.12.07 13:46:13.674,0.97287,0.97325,2.40,2.10
2010.12.07 13:46:14.213,0.97287,0.97325,2.30,2.10
2010.12.07 13:46:14.544,0.97283,0.97312,2.30,2.30
2010.12.07 13:46:15.115,0.97283,0.97322,2.30,3.00
2010.12.07 13:46:15.443,0.97283,0.97322,2.30,3.00
2010.12.07 13:46:17.624,0.97282,0.97322,2.30,3.00
2010.12.07 13:46:18.167,0.97282,0.97312,2.30,2.30
2010.12.07 13:46:18.315,0.9728,0.97318,1.70,1.60
2010.12.07 13:46:18.424,0.97281,0.9732,1.40,2.40
2010.12.07 13:46:19.356,0.97283,0.97323,2.30,4.50
2010.12.07 13:46:20.204,0.97282,0.97323,2.30,4.70
2010.12.07 13:46:20.724,0.97283,0.97323,2.30,4.70
2010.12.07 13:46:20.839,0.9728,0.97313,2.30,2.60
2010.12.07 13:46:21.537,0.97285,0.9732,1.70,2.60
2010.12.07 13:46:21.661,0.97278,0.97322,2.90,1.60
2010.12.07 13:46:22.834,0.97278,0.97321,2.90,1.20
2010.12.07 13:46:24.054,0.97276,0.97313,1.50,2.40
2010.12.07 13:46:24.175,0.97276,0.97313,1.50,2.30
2010.12.07 13:46:24.283,0.97281,0.97313,1.40,2.30
2010.12.07 13:46:24.396,0.97284,0.97318,1.70,2.40
2010.12.07 13:46:24.615,0.97278,0.97313,2.50,2.30
2010.12.07 13:46:25.356,0.9728,0.97323,2.50,12.20
2010.12.07 13:46:25.893,0.9728,0.97323,2.50,12.40
2010.12.07 13:46:26.006,0.9728,0.97323,2.60,12.20
2010.12.07 13:46:26.555,0.9728,0.97322,2.50,1.40
2010.12.07 13:46:27.445,0.97281,0.97322,2.30,7.00
2010.12.07 13:46:28.874,0.9728,0.97322,1.70,7.00
2010.12.07 13:46:29.004,0.97284,0.97322,2.30,3.20
2010.12.07 13:46:30.264,0.97283,0.97322,2.30,2.90
2010.12.07 13:46:30.484,0.97282,0.97322,2.30,3.00
2010.12.07 13:46:31.289,0.97281,0.97322,2.30,2.90
2010.12.07 13:46:31.513,0.97281,0.97322,2.30,6.40
2010.12.07 13:46:31.856,0.97277,0.97313,2.30,2.30
2010.12.07 13:46:32.535,0.97282,0.97313,2.30,2.30
2010.12.07 13:46:32.756,0.97277,0.97313,2.50,2.40
2010.12.07 13:46:32.866,0.9728,0.97321,1.50,1.40
2010.12.07 13:46:33.515,0.97282,0.97313,2.30,2.30
2010.12.07 13:46:34.302,0.97282,0.97323,2.40,6.50
2010.12.07 13:46:34.435,0.97282,0.97323,3.00,2.40
2010.12.07 13:46:34.985,0.97286,0.97323,2.30,2.40
2010.12.07 13:46:35.089,0.97286,0.97323,2.40,2.30
2010.12.07 13:46:35.207,0.97283,0.97323,2.40,10.10
2010.12.07 13:46:35.798,0.97284,0.97312,1.70,2.40
2010.12.07 13:46:35.914,0.97284,0.97321,1.70,2.70
2010.12.07 13:46:36.613,0.97281,0.97322,2.30,3.00
2010.12.07 13:46:37.113,0.97281,0.97322,2.30,6.40
2010.12.07 13:46:37.942,0.97281,0.97321,2.30,1.40
2010.12.07 13:46:38.273,0.97281,0.97322,2.40,6.50
2010.12.07 13:46:39.516,0.97283,0.97318,2.30,1.50
2010.12.07 13:46:39.628,0.97279,0.97318,2.30,1.50
2010.12.07 13:46:40.076,0.97281,0.97309,2.30,1.70
2010.12.07 13:46:40.184,0.97277,0.97309,2.30,1.50
2010.12.07 13:46:40.744,0.97276,0.97313,3.80,2.40
2010.12.07 13:46:41.254,0.97276,0.97313,3.80,2.60
2010.12.07 13:46:42.298,0.97279,0.97322,2.30,2.40
2010.12.07 13:46:42.413,0.97279,0.97323,2.30,6.50
2010.12.07 13:46:43.288,0.9728,0.97322,2.30,1.90
2010.12.07 13:46:43.403,0.9728,0.97322,2.30,1.50
2010.12.07 13:46:44.194,0.97279,0.97322,2.30,1.50
2010.12.07 13:46:46.733,0.97281,0.97323,2.50,6.30
2010.12.07 13:46:46.847,0.97285,0.97323,1.50,3.90
2010.12.07 13:46:48.093,0.97285,0.97323,1.50,3.90
2010.12.07 13:46:49.224,0.97285,0.97323,1.50,4.00
2010.12.07 13:46:50.303,0.97285,0.97323,1.50,3.90
2010.12.07 13:46:52.255,0.97285,0.97322,1.50,2.40
2010.12.07 13:46:52.363,0.97285,0.97322,1.50,2.40
2010.12.07 13:46:52.583,0.97285,0.97322,1.50,2.50
2010.12.07 13:46:53.126,0.97285,0.97322,1.50,2.40
2010.12.07 13:46:53.247,0.97285,0.97323,1.50,6.30
2010.12.07 13:46:54.859,0.9728,0.97315,2.30,1.80
2010.12.07 13:46:54.980,0.97277,0.97315,2.90,1.50
2010.12.07 13:46:56.355,0.97278,0.97315,3.60,1.50
2010.12.07 13:46:56.475,0.97278,0.97323,3.00,2.40
2010.12.07 13:46:57.278,0.97282,0.97322,2.40,4.90
2010.12.07 13:46:57.399,0.97279,0.97324,2.90,2.40
2010.12.07 13:46:58.564,0.97279,0.97324,2.50,6.20
2010.12.07 13:46:59.326,0.97279,0.97322,2.30,2.80
2010.12.07 13:46:59.434,0.97281,0.97322,2.30,2.80
2010.12.07 13:47:00.350,0.97284,0.97322,2.30,2.40
2010.12.07 13:47:00.574,0.9728,0.97323,2.30,6.50
2010.12.07 13:47:00.793,0.97277,0.97321,2.90,3.00
2010.12.07 13:47:01.491,0.9727,0.97313,2.70,4.60
2010.12.07 13:47:01.824,0.97278,0.97321,2.70,1.40
2010.12.07 13:47:02.431,0.97276,0.97312,2.70,2.30
2010.12.07 13:47:02.544,0.97277,0.97322,2.90,2.90
2010.12.07 13:47:03.369,0.97277,0.97322,3.00,3.00
2010.12.07 13:47:03.923,0.97277,0.97321,2.90,2.70
2010.12.07 13:47:04.034,0.97277,0.97321,2.70,2.70
2010.12.07 13:47:04.596,0.97279,0.97322,2.30,2.70
2010.12.07 13:47:05.313,0.97277,0.97321,2.70,2.70
2010.12.07 13:47:05.583,0.97277,0.97321,2.70,2.70
2010.12.07 13:47:06.139,0.97277,0.97321,2.30,6.20
2010.12.07 13:47:06.484,0.97276,0.97313,2.30,2.30
2010.12.07 13:47:07.586,0.97276,0.97313,2.30,2.40
2010.12.07 13:47:08.274,0.97276,0.97313,2.30,2.40
2010.12.07 13:47:08.901,0.97277,0.97313,2.30,2.60
2010.12.07 13:47:09.826,0.97276,0.97313,2.30,2.40
2010.12.07 13:47:10.154,0.97276,0.97313,2.30,2.60
2010.12.07 13:47:10.374,0.97277,0.97313,2.40,2.40
2010.12.07 13:47:11.058,0.97278,0.97313,2.30,2.40
2010.12.07 13:47:12.431,0.9728,0.97313,1.50,2.80
2010.12.07 13:47:12.963,0.97277,0.97313,1.50,2.40
2010.12.07 13:47:13.077,0.97279,0.97313,3.40,3.80
2010.12.07 13:47:13.196,0.97284,0.97328,2.70,1.10
2010.12.07 13:47:13.309,0.97295,0.9733,2.30,1.40
2010.12.07 13:47:13.998,0.97287,0.97332,4.90,2.10
2010.12.07 13:47:14.118,0.97288,0.97331,2.30,1.50
2010.12.07 13:47:14.805,0.97286,0.97331,2.30,1.50
2010.12.07 13:47:15.945,0.97288,0.97331,4.50,2.00
2010.12.07 13:47:16.061,0.97289,0.97322,2.30,2.40
2010.12.07 13:47:16.175,0.97286,0.97322,2.30,2.40
2010.12.07 13:47:16.755,0.9729,0.97332,2.30,1.40
2010.12.07 13:47:18.899,0.97287,0.9733,2.70,1.40
2010.12.07 13:47:19.019,0.97287,0.9733,2.30,1.40
2010.12.07 13:47:19.647,0.97286,0.9733,2.30,3.70
2010.12.07 13:47:19.866,0.97284,0.9733,2.30,8.40
2010.12.07 13:47:20.716,0.97284,0.9733,2.30,8.30
2010.12.07 13:47:20.948,0.97284,0.9733,3.20,2.80
2010.12.07 13:47:21.175,0.97298,0.97338,2.30,3.20
2010.12.07 13:47:21.819,0.97294,0.97337,2.30,8.40
2010.12.07 13:47:22.046,0.97292,0.97336,2.30,2.80
2010.12.07 13:47:22.154,0.9729,0.97332,2.30,2.80
2010.12.07 13:47:22.988,0.97286,0.97323,2.30,4.00
2010.12.07 13:47:23.882,0.97286,0.97323,2.30,4.10
2010.12.07 13:47:24.881,0.97286,0.97323,2.40,4.00
2010.12.07 13:47:25.348,0.97286,0.97323,2.30,4.00
2010.12.07 13:47:34.523,0.97283,0.97323,2.90,4.10
2010.12.07 13:47:34.659,0.97284,0.97323,1.70,2.80
2010.12.07 13:47:35.293,0.97284,0.97323,4.40,2.80
2010.12.07 13:47:36.062,0.97286,0.97323,2.90,2.40
2010.12.07 13:47:36.505,0.97287,0.97331,5.10,9.30
2010.12.07 13:47:37.319,0.97285,0.97322,1.40,2.40
2010.12.07 13:47:40.543,0.97287,0.97323,2.30,2.60
2010.12.07 13:47:40.654,0.97285,0.97323,3.80,4.10
2010.12.07 13:47:40.989,0.97285,0.97323,3.20,2.50
2010.12.07 13:47:41.546,0.9728,0.97313,1.50,2.30
2010.12.07 13:47:41.671,0.97284,0.97322,2.30,1.10
2010.12.07 13:47:42.386,0.97285,0.97321,2.30,1.40
2010.12.07 13:47:43.470,0.97279,0.97317,2.30,1.40
2010.12.07 13:47:44.230,0.97266,0.97311,5.10,2.90
2010.12.07 13:47:44.350,0.97269,0.97313,2.30,2.60
2010.12.07 13:47:45.283,0.9727,0.97313,2.30,2.60
2010.12.07 13:47:46.227,0.97269,0.97315,2.40,2.90
2010.12.07 13:47:46.566,0.97269,0.97315,2.90,2.70
2010.12.07 13:47:48.361,0.97271,0.97317,2.90,3.00
2010.12.07 13:47:48.510,0.97271,0.97317,2.50,3.00
2010.12.07 13:47:49.895,0.9727,0.97314,2.90,2.40
2010.12.07 13:47:50.007,0.97272,0.97316,2.70,2.70
2010.12.07 13:47:50.573,0.97268,0.97311,4.60,4.20
2010.12.07 13:47:51.297,0.9727,0.97311,2.30,1.90
2010.12.07 13:47:51.404,0.97268,0.97311,4.50,1.90
2010.12.07 13:47:52.196,0.97268,0.97311,4.70,1.90
2010.12.07 13:47:53.285,0.97268,0.9731,2.50,2.40
2010.12.07 13:47:54.399,0.97268,0.97308,2.50,2.40
2010.12.07 13:47:54.794,0.97265,0.97303,4.40,2.30
2010.12.07 13:47:55.023,0.97267,0.9731,1.40,2.30
2010.12.07 13:47:55.512,0.97265,0.9731,3.70,2.50
2010.12.07 13:47:55.685,0.97265,0.9731,2.70,2.40
2010.12.07 13:47:55.903,0.97266,0.97311,2.70,2.70
2010.12.07 13:47:56.710,0.9727,0.97313,2.70,4.50
2010.12.07 13:47:57.220,0.97271,0.97313,2.70,2.40
2010.12.07 13:47:57.838,0.97266,0.97311,2.70,2.90
2010.12.07 13:47:58.617,0.97268,0.97311,2.30,2.20
2010.12.07 13:48:00.514,0.97264,0.97302,2.30,2.30
2010.12.07 13:48:01.647,0.97268,0.97302,2.30,2.30
2010.12.07 13:48:02.315,0.97269,0.97311,2.30,2.30
2010.12.07 13:48:02.998,0.97285,0.97311,2.30,2.30
2010.12.07 13:48:05.486,0.97284,0.9731,2.30,1.40
2010.12.07 13:48:06.046,0.97285,0.97311,2.30,1.40
2010.12.07 13:48:06.156,0.97284,0.97312,2.30,4.40
2010.12.07 13:48:06.268,0.97284,0.97311,2.30,2.00
2010.12.07 13:48:06.825,0.97277,0.97311,2.30,1.90
2010.12.07 13:48:06.934,0.97281,0.97311,2.30,1.90
2010.12.07 13:48:07.446,0.97281,0.97312,2.30,2.50
2010.12.07 13:48:07.883,0.97282,0.97312,2.30,2.90
2010.12.07 13:48:08.609,0.97282,0.97312,2.30,3.70
2010.12.07 13:48:09.748,0.97285,0.97312,2.30,2.40
2010.12.07 13:48:09.867,0.97283,0.97312,2.30,2.40
2010.12.07 13:48:10.913,0.97281,0.97312,2.30,2.40
2010.12.07 13:48:11.030,0.97278,0.97312,2.30,2.30
2010.12.07 13:48:11.802,0.97282,0.97321,2.30,2.30
2010.12.07 13:48:12.443,0.97285,0.97321,2.30,2.30
2010.12.07 13:48:13.024,0.97275,0.97312,1.70,2.30
2010.12.07 13:48:13.533,0.97275,0.97312,1.70,2.60
2010.12.07 13:48:14.403,0.97275,0.97312,1.70,2.40
2010.12.07 13:48:14.736,0.97265,0.97302,1.50,2.30
2010.12.07 13:48:15.204,0.97265,0.97302,1.50,3.20
2010.12.07 13:48:15.366,0.97263,0.97308,3.20,2.70
2010.12.07 13:48:15.485,0.97268,0.97301,2.30,2.30
2010.12.07 13:48:16.035,0.97269,0.97301,1.50,2.30
2010.12.07 13:48:16.909,0.97251,0.97296,2.10,2.70
2010.12.07 13:48:17.993,0.97262,0.97302,2.30,5.10
2010.12.07 13:48:18.793,0.97262,0.97304,2.30,2.20
2010.12.07 13:48:18.946,0.9726,0.97301,2.30,1.40
2010.12.07 13:48:19.539,0.97268,0.97303,2.30,4.40
2010.12.07 13:48:20.229,0.97274,0.97313,2.30,2.90
2010.12.07 13:48:20.348,0.97274,0.97313,2.30,2.80
2010.12.07 13:48:21.163,0.97269,0.97313,2.30,2.80
2010.12.07 13:48:21.280,0.97269,0.97314,2.70,2.40
2010.12.07 13:48:21.824,0.97272,0.97315,2.70,2.30
2010.12.07 13:48:21.996,0.97279,0.97323,2.30,3.00
2010.12.07 13:48:22.664,0.97278,0.97321,2.30,2.90
2010.12.07 13:48:23.797,0.97276,0.97319,2.30,2.70
2010.12.07 13:48:25.119,0.97286,0.97323,2.30,2.60
2010.12.07 13:48:25.979,0.97286,0.97326,2.30,1.40
2010.12.07 13:48:26.102,0.97279,0.97323,2.30,5.10
2010.12.07 13:48:26.213,0.97279,0.97323,2.30,5.10
2010.12.07 13:48:26.327,0.97279,0.97322,2.30,2.70
2010.12.07 13:48:26.886,0.97278,0.97322,2.30,2.90
2010.12.07 13:48:28.667,0.97278,0.9732,2.30,1.20
2010.12.07 13:48:29.234,0.97278,0.97321,3.20,6.30
2010.12.07 13:48:29.383,0.97287,0.97322,2.70,2.40
2010.12.07 13:48:29.502,0.97287,0.97327,4.50,1.40
2010.12.07 13:48:30.189,0.97299,0.97324,2.30,2.30
2010.12.07 13:48:30.302,0.97299,0.97332,2.30,6.00
2010.12.07 13:48:30.764,0.97298,0.97332,2.30,12.20
2010.12.07 13:48:31.363,0.97295,0.97323,4.50,2.90
2010.12.07 13:48:32.634,0.97291,0.97323,2.30,3.00
2010.12.07 13:48:33.387,0.97291,0.97313,2.30,2.30
2010.12.07 13:48:33.613,0.97285,0.97313,2.30,4.40
2010.12.07 13:48:34.166,0.97284,0.97313,2.30,4.40
2010.12.07 13:48:34.293,0.97275,0.97309,2.30,1.40
2010.12.07 13:48:35.356,0.97276,0.97309,2.30,1.40
2010.12.07 13:48:35.803,0.97281,0.97313,2.30,2.30
2010.12.07 13:48:36.027,0.97284,0.97313,2.30,2.50
2010.12.07 13:48:36.145,0.97282,0.97313,2.30,2.50
2010.12.07 13:48:36.699,0.97287,0.97322,2.30,2.10
2010.12.07 13:48:36.973,0.97285,0.97325,4.50,2.60
2010.12.07 13:48:37.084,0.97287,0.97325,2.30,2.60
2010.12.07 13:48:37.662,0.9729,0.97325,2.30,1.70
2010.12.07 13:48:37.777,0.97285,0.97313,2.30,2.70
2010.12.07 13:48:37.884,0.9728,0.97311,2.30,1.90
2010.12.07 13:48:39.046,0.97269,0.97311,2.30,1.90
2010.12.07 13:48:39.174,0.97269,0.97311,2.70,1.50
2010.12.07 13:48:39.395,0.97269,0.97314,2.90,2.30
2010.12.07 13:48:39.723,0.97271,0.97316,2.90,2.90
2010.12.07 13:48:40.646,0.97271,0.97312,2.30,2.90
2010.12.07 13:48:41.327,0.97263,0.97307,2.70,2.90
2010.12.07 13:48:42.685,0.97263,0.97307,2.70,2.50
2010.12.07 13:48:43.236,0.97278,0.97307,2.30,2.30
2010.12.07 13:48:43.348,0.97267,0.97309,2.80,2.30
2010.12.07 13:48:43.677,0.97267,0.97309,2.70,2.40
2010.12.07 13:48:43.783,0.97267,0.97309,2.70,2.30
2010.12.07 13:48:44.344,0.97269,0.97312,2.30,4.50
2010.12.07 13:48:44.453,0.97267,0.9731,2.70,2.40
2010.12.07 13:48:45.968,0.97267,0.9731,2.80,2.30
2010.12.07 13:48:46.089,0.97267,0.9731,2.70,2.40
2010.12.07 13:48:47.019,0.97267,0.9731,2.70,2.30
2010.12.07 13:48:47.160,0.97267,0.9731,3.00,2.30
2010.12.07 13:48:48.093,0.97274,0.9731,1.70,2.30
2010.12.07 13:48:48.319,0.97284,0.97322,1.70,4.20
2010.12.07 13:48:48.437,0.97279,0.97314,2.30,1.70
2010.12.07 13:48:50.283,0.97274,0.97317,2.40,2.70
2010.12.07 13:48:51.080,0.97274,0.97317,2.40,2.70
2010.12.07 13:48:51.193,0.97275,0.97318,2.40,2.90
2010.12.07 13:48:51.716,0.97274,0.97317,2.40,2.70
2010.12.07 13:48:52.524,0.97274,0.97312,2.70,1.70
2010.12.07 13:48:52.747,0.97271,0.9731,2.30,1.40
2010.12.07 13:48:52.854,0.97271,0.97303,2.30,2.30
2010.12.07 13:48:53.359,0.97267,0.97303,4.60,2.30
2010.12.07 13:48:53.479,0.97267,0.97311,7.50,2.50
2010.12.07 13:48:53.594,0.97268,0.97312,2.30,2.90
2010.12.07 13:48:53.703,0.97268,0.97312,2.70,2.50
2010.12.07 13:48:53.814,0.97275,0.97313,2.30,4.50
2010.12.07 13:48:53.925,0.97278,0.97312,2.30,2.70
2010.12.07 13:48:54.479,0.97278,0.97312,2.30,2.90
2010.12.07 13:48:54.614,0.97268,0.97311,5.20,2.10
2010.12.07 13:48:54.725,0.97268,0.97298,4.60,1.40
2010.12.07 13:48:55.320,0.97265,0.97309,2.30,2.60
2010.12.07 13:48:55.547,0.97264,0.97305,2.30,1.40
2010.12.07 13:48:58.974,0.97263,0.97302,2.40,2.90
2010.12.07 13:48:59.083,0.97263,0.97302,2.40,2.90
2010.12.07 13:48:59.524,0.97263,0.97302,2.50,2.30
2010.12.07 13:48:59.634,0.97266,0.97302,2.30,2.30
2010.12.07 13:49:00.464,0.97267,0.97303,2.40,2.30
2010.12.07 13:49:01.832,0.97265,0.97303,2.50,3.80
2010.12.07 13:49:02.590,0.97268,0.97308,4.50,1.40
2010.12.07 13:49:03.236,0.97261,0.97307,2.90,2.90
2010.12.07 13:49:03.345,0.97261,0.97302,2.40,2.90
2010.12.07 13:49:04.218,0.9726,0.97293,2.30,2.30
2010.12.07 13:49:04.366,0.97256,0.97293,2.40,2.30
2010.12.07 13:49:05.025,0.97256,0.97293,1.70,2.30
2010.12.07 13:49:05.686,0.97256,0.97293,1.60,2.70
2010.12.07 13:49:05.799,0.97256,0.97292,1.60,1.40
2010.12.07 13:49:06.387,0.97253,0.97293,2.70,4.70
2010.12.07 13:49:06.503,0.97253,0.97293,2.70,4.70
2010.12.07 13:49:09.072,0.97259,0.97298,2.30,1.40
2010.12.07 13:49:09.704,0.97259,0.97297,2.30,1.40
2010.12.07 13:49:09.815,0.97256,0.97292,4.50,2.60
2010.12.07 13:49:10.382,0.97256,0.97292,2.40,2.50
2010.12.07 13:49:10.514,0.97255,0.97292,2.30,2.80
2010.12.07 13:49:10.736,0.97254,0.97293,2.30,6.30
2010.12.07 13:49:12.301,0.97254,0.97293,2.30,2.70
2010.12.07 13:49:12.438,0.97253,0.97283,4.50,2.30
2010.12.07 13:49:13.367,0.97247,0.97283,2.40,3.80
2010.12.07 13:49:13.654,0.97249,0.97283,2.30,3.80
2010.12.07 13:49:13.896,0.97249,0.97283,2.30,2.30
2010.12.07 13:49:14.447,0.97249,0.97283,2.40,2.30
2010.12.07 13:49:15.060,0.97255,0.97283,1.50,2.30
2010.12.07 13:49:15.175,0.97257,0.97293,2.30,2.70
2010.12.07 13:49:15.394,0.97255,0.97292,2.30,2.90
2010.12.07 13:49:15.927,0.97258,0.97292,2.30,2.30
2010.12.07 13:49:16.078,0.97262,0.97302,2.30,2.90
2010.12.07 13:49:16.195,0.97264,0.97302,2.50,2.70
2010.12.07 13:49:16.838,0.97264,0.97307,2.50,3.60
2010.12.07 13:49:16.960,0.97246,0.97282,6.50,1.50
2010.12.07 13:49:17.657,0.97246,0.97281,2.30,1.70
2010.12.07 13:49:17.777,0.97238,0.97281,2.40,5.10
2010.12.07 13:49:17.884,0.97239,0.97276,2.30,1.40
2010.12.07 13:49:18.510,0.97239,0.97274,2.30,1.50
2010.12.07 13:49:18.651,0.97237,0.97272,2.40,2.70
2010.12.07 13:49:19.302,0.97235,0.97263,3.90,2.30
2010.12.07 13:49:19.524,0.97228,0.97263,3.30,2.50
2010.12.07 13:49:19.640,0.97228,0.97263,2.30,2.50
2010.12.07 13:49:20.493,0.97231,0.97272,2.30,3.60
2010.12.07 13:49:20.896,0.97231,0.97272,2.30,3.60
2010.12.07 13:49:21.005,0.97231,0.97263,2.30,2.30
2010.12.07 13:49:21.562,0.97231,0.97273,2.30,2.90
2010.12.07 13:49:21.776,0.97234,0.97272,2.30,6.40
2010.12.07 13:49:22.340,0.97246,0.97273,2.30,6.70
2010.12.07 13:49:22.460,0.97238,0.97276,2.30,2.70
2010.12.07 13:49:23.064,0.97238,0.97279,2.30,2.70
2010.12.07 13:49:23.177,0.9724,0.97284,2.30,2.70
2010.12.07 13:49:24.211,0.97242,0.97282,2.30,3.20
2010.12.07 13:49:24.325,0.9724,0.9728,2.30,1.40
2010.12.07 13:49:24.435,0.9724,0.9727,2.30,1.40
2010.12.07 13:49:25.019,0.97226,0.97263,2.40,2.70
2010.12.07 13:49:25.244,0.97226,0.97263,2.30,2.70
2010.12.07 13:49:25.958,0.97221,0.97252,2.40,2.30
2010.12.07 13:49:26.085,0.97219,0.97262,2.30,2.90
2010.12.07 13:49:31.015,0.97219,0.97257,2.30,1.40
2010.12.07 13:49:31.125,0.97215,0.97253,2.30,2.90
2010.12.07 13:49:31.648,0.97219,0.97252,2.30,2.70
2010.12.07 13:49:31.875,0.97211,0.9725,1.50,1.40
2010.12.07 13:49:32.430,0.97209,0.97249,1.50,2.30
2010.12.07 13:49:32.546,0.97205,0.97245,6.00,1.50
2010.12.07 13:49:32.654,0.97205,0.97245,6.20,1.50
2010.12.07 13:49:32.772,0.97206,0.97251,6.50,2.90
2010.12.07 13:49:33.363,0.97217,0.97261,2.90,2.50
2010.12.07 13:49:33.476,0.9722,0.97263,2.30,6.80
2010.12.07 13:49:34.067,0.97221,0.97263,2.30,2.90
2010.12.07 13:49:34.284,0.97221,0.97261,2.30,1.40
2010.12.07 13:49:34.394,0.97219,0.97261,2.30,1.40
2010.12.07 13:49:35.470,0.97218,0.97261,2.60,1.40
2010.12.07 13:49:35.595,0.97218,0.97261,2.30,2.60
2010.12.07 13:49:36.823,0.97218,0.97261,2.30,1.50
2010.12.07 13:49:37.962,0.9722,0.97264,2.30,5.10
2010.12.07 13:49:38.184,0.97217,0.97262,2.30,1.40
2010.12.07 13:49:39.234,0.9722,0.97262,2.30,1.40
2010.12.07 13:49:39.400,0.97226,0.97269,2.70,2.30
2010.12.07 13:49:39.522,0.97227,0.97272,2.30,2.90
2010.12.07 13:49:40.128,0.97226,0.97269,2.30,6.40
2010.12.07 13:49:40.355,0.97226,0.97271,2.70,2.70
2010.12.07 13:49:40.907,0.97226,0.97271,2.30,2.90
2010.12.07 13:49:41.755,0.97226,0.97264,2.30,2.10
2010.12.07 13:49:41.865,0.97221,0.97262,2.40,2.70
2010.12.07 13:49:42.409,0.97223,0.97262,2.30,2.80
2010.12.07 13:49:42.856,0.97225,0.97262,1.50,2.70
2010.12.07 13:49:43.933,0.97226,0.97264,1.70,1.50
2010.12.07 13:49:44.159,0.97228,0.97264,3.60,1.50
2010.12.07 13:49:44.641,0.97234,0.97269,1.50,2.30
2010.12.07 13:49:44.748,0.97234,0.97272,2.30,2.90
2010.12.07 13:49:45.569,0.97227,0.97272,2.30,5.20
2010.12.07 13:49:46.498,0.97227,0.97272,2.40,5.20
2010.12.07 13:49:46.626,0.97227,0.97272,2.40,12.40
2010.12.07 13:49:47.456,0.97237,0.97272,3.40,2.30
2010.12.07 13:49:48.212,0.97228,0.97271,2.40,2.70
2010.12.07 13:49:48.332,0.9723,0.97273,2.30,2.70
2010.12.07 13:49:48.886,0.97229,0.97274,2.40,2.90
2010.12.07 13:49:48.995,0.97229,0.97274,2.30,6.70
2010.12.07 13:49:49.693,0.97229,0.97274,2.40,2.90
2010.12.07 13:49:53.020,0.97227,0.97267,2.30,6.30
2010.12.07 13:49:53.806,0.97223,0.97266,2.40,6.30
2010.12.07 13:49:53.921,0.97223,0.97263,2.30,2.90
2010.12.07 13:49:54.035,0.9722,0.97265,2.40,2.70
2010.12.07 13:49:54.741,0.97224,0.97267,2.30,2.90
2010.12.07 13:49:55.371,0.97224,0.97267,2.30,6.30
2010.12.07 13:49:55.804,0.97224,0.97267,2.40,3.00
2010.12.07 13:49:56.729,0.97226,0.97269,2.30,2.70
2010.12.07 13:49:57.054,0.97226,0.97269,2.30,6.20
2010.12.07 13:49:57.803,0.97224,0.97263,2.30,4.20
2010.12.07 13:49:57.946,0.97224,0.97262,2.40,2.70
2010.12.07 13:49:58.055,0.97224,0.97267,2.40,2.90
2010.12.07 13:49:59.108,0.97228,0.97271,2.30,8.30
2010.12.07 13:49:59.215,0.97226,0.97269,2.30,6.40
2010.12.07 13:49:59.437,0.97227,0.9727,2.40,6.40
2010.12.07 13:50:00.979,0.97227,0.9727,2.40,2.90
2010.12.07 13:50:01.098,0.97227,0.9727,2.40,6.40
2010.12.07 13:50:02.013,0.97228,0.97262,2.40,2.70
2010.12.07 13:50:02.777,0.97226,0.97269,2.40,2.90
2010.12.07 13:50:02.879,0.97233,0.97278,2.30,6.50
2010.12.07 13:50:03.756,0.97231,0.97276,2.30,2.90
2010.12.07 13:50:04.266,0.97231,0.97276,2.40,2.90
2010.12.07 13:50:04.486,0.97231,0.97276,2.30,6.40
2010.12.07 13:50:06.298,0.97234,0.97276,2.30,6.40
2010.12.07 13:50:06.744,0.97242,0.97282,1.50,2.10
2010.12.07 13:50:06.858,0.97242,0.97282,1.90,1.60
2010.12.07 13:50:07.517,0.97243,0.97287,1.50,6.20
2010.12.07 13:50:07.633,0.97247,0.9729,2.30,2.90
2010.12.07 13:50:08.491,0.97248,0.97291,2.80,4.40
2010.12.07 13:50:08.605,0.97248,0.97291,2.70,2.70
2010.12.07 13:50:09.326,0.97248,0.97292,2.30,6.80
2010.12.07 13:50:10.096,0.97244,0.97287,2.40,2.70
2010.12.07 13:50:11.217,0.97252,0.97295,2.30,2.90
2010.12.07 13:50:12.945,0.97252,0.97297,2.70,2.90
2010.12.07 13:50:13.054,0.97252,0.97297,2.70,2.70
2010.12.07 13:50:14.001,0.97252,0.97297,2.80,2.70
2010.12.07 13:50:14.114,0.97252,0.97297,2.70,2.70
2010.12.07 13:50:14.975,0.97251,0.97296,2.70,2.70
2010.12.07 13:50:15.084,0.97251,0.97296,2.80,2.70
2010.12.07 13:50:15.194,0.97251,0.97296,2.80,2.70
2010.12.07 13:50:16.734,0.97253,0.97298,2.30,2.70
2010.12.07 13:50:17.284,0.97253,0.97298,2.30,2.80
2010.12.07 13:50:18.205,0.97255,0.97298,2.30,6.30
2010.12.07 13:50:18.766,0.97254,0.97299,2.30,6.30
2010.12.07 13:50:20.924,0.97256,0.97299,2.30,6.30
2010.12.07 13:50:21.256,0.97267,0.97299,2.30,2.60
2010.12.07 13:50:21.366,0.97267,0.97301,2.30,2.00
2010.12.07 13:50:21.476,0.97262,0.97301,2.30,1.90
2010.12.07 13:50:22.153,0.97262,0.97301,2.30,1.90
2010.12.07 13:50:22.268,0.97262,0.97301,2.30,2.00
2010.12.07 13:50:22.961,0.97262,0.97303,2.30,4.50
2010.12.07 13:50:23.185,0.97265,0.97308,2.30,6.50
2010.12.07 13:50:23.822,0.97265,0.97309,2.70,11.60
2010.12.07 13:50:23.938,0.9727,0.97313,2.10,2.40
2010.12.07 13:50:24.165,0.97271,0.97317,2.90,6.40
2010.12.07 13:50:25.060,0.97272,0.97316,2.30,8.30
2010.12.07 13:50:25.296,0.97272,0.97316,2.30,3.70
2010.12.07 13:50:25.515,0.97272,0.97316,2.90,2.70
2010.12.07 13:50:26.119,0.97277,0.9732,2.90,1.90
2010.12.07 13:50:26.237,0.97277,0.9732,2.90,2.00
2010.12.07 13:50:26.346,0.97276,0.9732,2.90,4.20
2010.12.07 13:50:27.082,0.97277,0.97321,3.00,2.30
2010.12.07 13:50:27.196,0.9728,0.97323,2.70,2.30
2010.12.07 13:50:27.524,0.97281,0.97325,2.70,2.30
2010.12.07 13:50:27.744,0.9728,0.97326,2.70,4.20
2010.12.07 13:50:28.315,0.97282,0.97326,2.70,1.90
2010.12.07 13:50:29.107,0.97283,0.97326,2.30,1.90
2010.12.07 13:50:29.648,0.97284,0.97326,2.30,2.00
2010.12.07 13:50:31.443,0.97284,0.97326,2.30,2.10
2010.12.07 13:50:33.020,0.9728,0.97323,2.30,4.40
2010.12.07 13:50:34.660,0.9728,0.97323,3.80,4.50
2010.12.07 13:50:34.885,0.9728,0.97323,2.30,3.00
2010.12.07 13:50:34.994,0.9728,0.97323,2.30,6.40
2010.12.07 13:50:37.514,0.9728,0.97322,3.80,1.30
2010.12.07 13:50:38.714,0.97279,0.97322,4.50,1.30
2010.12.07 13:50:39.302,0.97281,0.97323,2.30,6.60
2010.12.07 13:50:40.015,0.97278,0.9732,2.40,1.10
2010.12.07 13:50:40.775,0.97278,0.97319,2.30,2.60
2010.12.07 13:50:41.346,0.97278,0.97312,2.30,2.30
2010.12.07 13:50:41.901,0.97278,0.97316,2.30,2.10
2010.12.07 13:50:42.027,0.97278,0.97311,2.30,1.50
2010.12.07 13:50:42.134,0.97278,0.97312,2.30,4.70
2010.12.07 13:50:42.719,0.97278,0.97313,2.30,4.50
2010.12.07 13:50:42.837,0.97273,0.97312,2.30,2.90
2010.12.07 13:50:42.946,0.97278,0.97312,1.10,2.40
2010.12.07 13:50:43.632,0.97276,0.97313,2.40,3.00
2010.12.07 13:50:44.241,0.97276,0.9732,2.40,1.40
2010.12.07 13:50:44.997,0.9728,0.9732,2.30,1.40
2010.12.07 13:50:45.325,0.97278,0.97312,2.30,2.40
2010.12.07 13:50:45.899,0.97278,0.97312,2.30,2.30
2010.12.07 13:50:46.677,0.97278,0.97321,2.40,3.60
2010.12.07 13:50:46.895,0.9728,0.97321,2.30,2.60
2010.12.07 13:50:48.668,0.97274,0.9732,2.30,6.70
2010.12.07 13:50:48.895,0.97278,0.97321,2.30,6.00
2010.12.07 13:50:49.718,0.97279,0.97321,2.30,4.50
2010.12.07 13:50:49.825,0.97279,0.97321,2.30,1.90
2010.12.07 13:50:50.850,0.97279,0.97321,2.30,4.40
2010.12.07 13:50:51.534,0.97279,0.97321,2.30,4.50
2010.12.07 13:50:51.645,0.97279,0.97321,2.30,2.00
2010.12.07 13:50:52.708,0.97282,0.97321,2.30,1.70
2010.12.07 13:50:53.747,0.97282,0.97313,2.30,1.70
2010.12.07 13:50:53.857,0.97281,0.97322,2.30,4.80
2010.12.07 13:50:54.659,0.97278,0.97312,2.30,2.30
2010.12.07 13:50:54.779,0.97279,0.97321,2.30,1.90
2010.12.07 13:50:55.006,0.97279,0.97321,2.40,1.70
2010.12.07 13:50:55.582,0.9728,0.9732,2.30,4.30
2010.12.07 13:50:55.807,0.97276,0.9732,2.30,4.30
2010.12.07 13:50:55.916,0.97275,0.9732,2.30,4.40
2010.12.07 13:50:56.684,0.97274,0.97312,2.30,2.40
2010.12.07 13:50:57.122,0.97274,0.97312,2.30,2.40
2010.12.07 13:50:57.839,0.97277,0.97312,2.30,2.40
2010.12.07 13:50:57.961,0.97273,0.97312,2.30,2.40
2010.12.07 13:50:58.624,0.97268,0.97312,5.60,2.40
2010.12.07 13:50:59.550,0.97275,0.97312,2.30,2.40
2010.12.07 13:51:00.326,0.97275,0.97321,2.30,3.50
2010.12.07 13:51:00.435,0.97275,0.97321,2.30,8.20
2010.12.07 13:51:00.545,0.97274,0.97312,2.30,2.40
2010.12.07 13:51:00.654,0.97274,0.97312,2.30,2.40
2010.12.07 13:51:01.190,0.97273,0.97312,2.40,2.40
2010.12.07 13:51:01.418,0.97273,0.97312,2.30,2.30
2010.12.07 13:51:01.527,0.97272,0.97318,2.30,2.50
2010.12.07 13:51:02.542,0.97275,0.97312,2.30,2.40
2010.12.07 13:51:02.707,0.97273,0.97317,4.70,2.40
2010.12.07 13:51:02.815,0.97278,0.97322,2.30,3.30
2010.12.07 13:51:03.065,0.97278,0.97322,4.50,3.30
2010.12.07 13:51:04.178,0.97278,0.97322,2.30,8.00
2010.12.07 13:51:04.286,0.97275,0.97317,2.30,1.80
2010.12.07 13:51:04.433,0.97275,0.97317,2.30,1.70
2010.12.07 13:51:05.070,0.97276,0.97317,2.60,1.50
2010.12.07 13:51:05.209,0.9728,0.97324,2.30,1.10
2010.12.07 13:51:06.091,0.9728,0.97324,2.30,1.10
2010.12.07 13:51:06.241,0.9728,0.97324,2.30,1.10
2010.12.07 13:51:06.464,0.9728,0.97324,2.40,1.10
2010.12.07 13:51:06.979,0.9728,0.97322,2.30,1.10
2010.12.07 13:51:07.517,0.9728,0.97324,2.40,1.10
2010.12.07 13:51:08.066,0.9728,0.97323,2.30,1.10
2010.12.07 13:51:08.178,0.9728,0.97324,2.40,1.10
2010.12.07 13:51:08.329,0.9728,0.97324,2.30,1.10
2010.12.07 13:51:08.554,0.9728,0.97324,2.30,1.10
2010.12.07 13:51:08.664,0.9728,0.97324,2.40,1.10
2010.12.07 13:51:09.431,0.97279,0.97323,4.50,1.10
2010.12.07 13:51:09.655,0.97281,0.97323,2.30,1.10
2010.12.07 13:51:10.423,0.97281,0.97326,2.30,1.70
2010.12.07 13:51:10.540,0.97283,0.9732,2.30,1.50
2010.12.07 13:51:10.654,0.97281,0.9732,2.30,1.50
2010.12.07 13:51:11.306,0.97279,0.9732,2.30,1.50
2010.12.07 13:51:11.527,0.97277,0.9732,4.90,1.50
2010.12.07 13:51:12.197,0.97285,0.97329,2.50,2.40
2010.12.07 13:51:12.336,0.97286,0.97332,2.40,2.60
2010.12.07 13:51:12.965,0.9729,0.97333,2.30,3.90
2010.12.07 13:51:13.620,0.97287,0.97332,4.60,1.70
2010.12.07 13:51:13.804,0.9729,0.97332,2.30,1.80
2010.12.07 13:51:14.804,0.9729,0.97332,2.30,2.00
2010.12.07 13:51:16.509,0.9729,0.97332,2.30,4.10
2010.12.07 13:51:16.784,0.9729,0.97332,2.30,1.90
2010.12.07 13:51:17.486,0.9729,0.97332,2.40,1.70
2010.12.07 13:51:17.705,0.9729,0.97331,2.30,1.70
2010.12.07 13:51:18.577,0.97288,0.97331,2.30,1.90
2010.12.07 13:51:19.737,0.97288,0.97328,2.30,1.10
2010.12.07 13:51:19.879,0.97291,0.97336,2.50,6.00
2010.12.07 13:51:20.375,0.97291,0.97336,2.50,2.60
2010.12.07 13:51:21.325,0.97293,0.97336,2.50,2.50
2010.12.07 13:51:22.769,0.97288,0.97332,2.40,2.60
2010.12.07 13:51:23.035,0.97288,0.97332,2.40,2.50
2010.12.07 13:51:23.915,0.97289,0.97332,2.40,1.50
2010.12.07 13:51:25.074,0.97307,0.97332,2.30,1.50
2010.12.07 13:51:25.189,0.97307,0.97339,2.30,2.30
2010.12.07 13:51:26.109,0.97303,0.97342,2.30,4.10
2010.12.07 13:51:26.228,0.973,0.97342,2.40,4.10
2010.12.07 13:51:27.174,0.973,0.97342,2.30,4.10
2010.12.07 13:51:27.396,0.973,0.97342,2.40,4.00
2010.12.07 13:51:27.973,0.973,0.97333,2.40,1.50
2010.12.07 13:51:28.196,0.97294,0.97333,2.40,2.30
2010.12.07 13:51:28.417,0.97292,0.97336,6.20,2.50
2010.12.07 13:51:28.967,0.97297,0.97339,2.40,2.30
2010.12.07 13:51:29.080,0.97308,0.97341,2.30,4.50
2010.12.07 13:51:29.415,0.97303,0.97341,2.30,1.50
2010.12.07 13:51:29.883,0.97298,0.97341,2.40,1.50
2010.12.07 13:51:30.434,0.97297,0.97339,2.40,2.30
2010.12.07 13:51:32.317,0.97297,0.97334,2.40,1.50
2010.12.07 13:51:32.866,0.97297,0.97332,2.30,1.50
2010.12.07 13:51:33.851,0.97297,0.97332,2.40,1.50
2010.12.07 13:51:33.966,0.97297,0.97334,2.40,1.50
2010.12.07 13:51:35.000,0.97297,0.97334,2.30,1.60
2010.12.07 13:51:37.949,0.97305,0.97339,1.50,1.50
2010.12.07 13:51:38.112,0.97311,0.97353,2.30,3.40
2010.12.07 13:51:38.613,0.97309,0.97353,2.30,5.60
2010.12.07 13:51:38.734,0.97309,0.97353,2.30,5.00
2010.12.07 13:51:38.955,0.9731,0.97353,2.30,2.60
2010.12.07 13:51:39.065,0.9731,0.97353,2.50,2.60
2010.12.07 13:51:39.658,0.97306,0.97334,2.30,1.50
2010.12.07 13:51:39.765,0.97297,0.97334,4.80,1.50
2010.12.07 13:51:40.400,0.97292,0.97338,6.60,3.20
2010.12.07 13:51:40.592,0.97288,0.97333,2.50,2.30
2010.12.07 13:51:41.088,0.9729,0.97336,2.50,2.50
2010.12.07 13:51:42.460,0.97291,0.97335,2.60,2.60
2010.12.07 13:51:42.899,0.97291,0.97335,2.80,2.50
2010.12.07 13:51:43.528,0.97291,0.97335,2.60,2.60
2010.12.07 13:51:44.435,0.97291,0.97335,2.50,2.60
2010.12.07 13:51:44.544,0.97291,0.97335,2.60,2.50
2010.12.07 13:51:45.379,0.97291,0.97337,2.40,4.80
2010.12.07 13:51:45.577,0.97288,0.97334,2.60,2.30
2010.12.07 13:51:45.687,0.97291,0.97333,2.30,2.50
2010.12.07 13:51:45.795,0.97289,0.97332,2.30,1.50
2010.12.07 13:51:46.727,0.97289,0.97332,2.40,1.50
2010.12.07 13:51:47.537,0.97289,0.97332,2.40,1.50
2010.12.07 13:51:48.360,0.97288,0.97333,5.60,2.30
2010.12.07 13:51:48.474,0.97292,0.97333,2.40,3.20
2010.12.07 13:51:49.199,0.9729,0.97331,2.30,1.70
2010.12.07 13:51:49.315,0.97288,0.97331,7.70,1.80
2010.12.07 13:51:49.537,0.97289,0.97332,3.20,2.30
2010.12.07 13:51:50.108,0.97296,0.97334,1.10,2.30
2010.12.07 13:51:50.435,0.97297,0.97342,5.50,3.80
2010.12.07 13:51:50.654,0.973,0.97344,2.50,4.50
2010.12.07 13:51:50.765,0.973,0.97344,2.30,3.20
2010.12.07 13:51:51.367,0.97297,0.9734,3.20,2.40
2010.12.07 13:51:51.586,0.97297,0.9734,3.30,2.30
2010.12.07 13:51:52.473,0.97297,0.97334,3.10,4.00
2010.12.07 13:51:52.959,0.97294,0.97333,1.60,2.30
2010.12.07 13:51:53.197,0.97294,0.97333,1.50,2.40
2010.12.07 13:51:54.459,0.97294,0.97333,1.50,2.40
2010.12.07 13:51:54.991,0.97294,0.97333,3.80,2.40
2010.12.07 13:51:56.350,0.973,0.97341,2.30,2.30
2010.12.07 13:51:57.239,0.97299,0.97341,2.30,2.30
2010.12.07 13:51:58.484,0.973,0.97341,2.30,2.30
2010.12.07 13:51:59.054,0.97299,0.97341,4.50,2.30
2010.12.07 13:52:02.060,0.973,0.97341,2.30,1.30
2010.12.07 13:52:03.145,0.973,0.97333,2.30,1.70
2010.12.07 13:52:03.787,0.97308,0.97344,2.30,10.00
2010.12.07 13:52:03.901,0.97305,0.97333,1.50,2.40
2010.12.07 13:52:04.447,0.97308,0.97343,2.30,1.80
2010.12.07 13:52:04.573,0.97298,0.97339,2.30,6.10
2010.12.07 13:52:05.683,0.9729,0.97332,2.30,2.50
2010.12.07 13:52:05.794,0.97288,0.97332,7.80,2.60
2010.12.07 13:52:06.479,0.97293,0.97336,2.30,3.20
2010.12.07 13:52:07.044,0.97294,0.97332,2.30,3.20
2010.12.07 13:52:07.216,0.97287,0.97331,2.30,1.10
2010.12.07 13:52:07.544,0.97289,0.97332,2.30,2.60
2010.12.07 13:52:07.764,0.97289,0.97334,2.30,6.00
2010.12.07 13:52:08.958,0.97289,0.97334,2.30,6.20
2010.12.07 13:52:09.694,0.9729,0.97331,1.50,1.70
2010.12.07 13:52:10.348,0.97286,0.9733,2.30,6.00
2010.12.07 13:52:10.456,0.97282,0.97326,3.00,2.40
2010.12.07 13:52:12.529,0.97279,0.97324,3.10,2.30
2010.12.07 13:52:13.511,0.97281,0.97325,3.00,5.90
2010.12.07 13:52:13.663,0.97287,0.97324,2.30,2.40
2010.12.07 13:52:14.999,0.97298,0.97331,2.30,2.40
2010.12.07 13:52:15.111,0.97287,0.97324,2.50,1.70
2010.12.07 13:52:15.737,0.97293,0.97329,1.50,2.40
2010.12.07 13:52:16.363,0.97288,0.97323,2.50,2.30
2010.12.07 13:52:17.037,0.97279,0.97321,1.70,2.30
2010.12.07 13:52:17.255,0.97278,0.97321,3.10,3.20
2010.12.07 13:52:17.918,0.97277,0.9732,2.30,3.20
2010.12.07 13:52:18.055,0.97278,0.97322,2.30,2.60
2010.12.07 13:52:18.718,0.97278,0.97322,2.30,2.70
2010.12.07 13:52:19.349,0.97278,0.97322,2.30,2.60
2010.12.07 13:52:21.545,0.97278,0.97322,2.30,2.60
2010.12.07 13:52:21.875,0.97279,0.97323,2.30,2.60
2010.12.07 13:52:21.985,0.97277,0.97321,2.40,2.30
2010.12.07 13:52:22.204,0.97276,0.9732,2.40,2.70
2010.12.07 13:52:22.990,0.97274,0.97319,2.60,2.70
2010.12.07 13:52:23.109,0.97275,0.97321,2.40,2.90
2010.12.07 13:52:23.701,0.97274,0.97318,2.70,2.30
2010.12.07 13:52:23.818,0.97273,0.97318,2.80,2.70
2010.12.07 13:52:23.936,0.97274,0.97317,2.70,2.30
2010.12.07 13:52:24.048,0.97274,0.97317,2.30,2.70
2010.12.07 13:52:24.740,0.97275,0.9732,2.30,6.40
2010.12.07 13:52:25.407,0.97275,0.97312,2.30,2.30
2010.12.07 13:52:26.132,0.97268,0.97309,4.50,2.90
2010.12.07 13:52:26.368,0.97265,0.97303,2.30,6.40
2010.12.07 13:52:26.477,0.97261,0.97303,3.00,3.00
2010.12.07 13:52:27.026,0.97261,0.97303,2.30,3.00
2010.12.07 13:52:28.465,0.97261,0.97301,2.30,1.40
2010.12.07 13:52:29.671,0.97261,0.97301,2.30,3.20
2010.12.07 13:52:30.337,0.97261,0.97301,2.30,1.40
2010.12.07 13:52:32.053,0.9726,0.97301,2.30,1.50
2010.12.07 13:52:34.170,0.97261,0.97301,2.30,3.20
2010.12.07 13:52:42.312,0.9726,0.97301,2.30,1.40
2010.12.07 13:52:42.856,0.97259,0.97301,3.00,2.60
2010.12.07 13:52:42.967,0.9726,0.97301,2.40,2.60
2010.12.07 13:52:43.680,0.9726,0.97301,2.30,1.40
2010.12.07 13:52:44.620,0.97255,0.97297,2.40,1.40
2010.12.07 13:52:44.956,0.97258,0.973,2.30,2.40
2010.12.07 13:52:45.066,0.97258,0.973,2.40,2.30
2010.12.07 13:52:45.743,0.97258,0.973,2.40,2.30
2010.12.07 13:52:46.098,0.97258,0.973,2.30,2.30
2010.12.07 13:52:46.214,0.97258,0.973,2.40,2.40
2010.12.07 13:52:51.746,0.97258,0.973,2.30,2.30
2010.12.07 13:52:52.836,0.97258,0.973,2.40,2.40
2010.12.07 13:52:54.909,0.97258,0.973,2.30,2.30
2010.12.07 13:52:55.134,0.97258,0.973,2.40,2.40
2010.12.07 13:52:58.562,0.97258,0.973,2.80,2.50
2010.12.07 13:52:59.892,0.97258,0.97293,2.60,1.70
2010.12.07 13:53:00.226,0.97258,0.97292,2.30,1.40
2010.12.07 13:53:00.760,0.97255,0.97292,2.30,3.60
2010.12.07 13:53:02.959,0.97255,0.97292,2.30,2.70
2010.12.07 13:53:03.601,0.97258,0.97293,2.30,1.90
2010.12.07 13:53:03.737,0.97258,0.97293,2.30,1.50
2010.12.07 13:53:05.188,0.97251,0.97293,2.30,2.90
2010.12.07 13:53:08.046,0.97253,0.97292,2.30,2.90
2010.12.07 13:53:09.260,0.97257,0.97294,2.30,2.50
2010.12.07 13:53:11.942,0.97257,0.97294,2.70,2.50
2010.12.07 13:53:12.055,0.97257,0.97294,2.90,1.50
2010.12.07 13:53:12.624,0.97257,0.97295,2.90,1.50
2010.12.07 13:53:15.611,0.97257,0.97286,2.30,1.50
2010.12.07 13:53:15.725,0.97252,0.97286,2.90,1.50
2010.12.07 13:53:15.946,0.9725,0.97279,2.70,1.50
2010.12.07 13:53:16.541,0.9725,0.97278,2.30,1.50
2010.12.07 13:53:16.667,0.9724,0.97275,2.30,1.50
2010.12.07 13:53:16.778,0.9724,0.97276,2.30,1.40
2010.12.07 13:53:17.427,0.97235,0.97272,2.30,4.40
2010.12.07 13:53:17.547,0.97228,0.97271,4.70,2.90
2010.12.07 13:53:17.765,0.9723,0.97272,2.30,4.40
2010.12.07 13:53:18.467,0.97228,0.97272,2.50,6.60
2010.12.07 13:53:20.139,0.97228,0.9727,2.90,2.50
2010.12.07 13:53:20.475,0.97237,0.97263,2.30,1.70
2010.12.07 13:53:21.020,0.97227,0.97263,2.40,4.00
2010.12.07 13:53:21.149,0.97227,0.9727,2.90,2.90
2010.12.07 13:53:23.526,0.97231,0.97271,2.30,1.40
2010.12.07 13:53:23.966,0.97233,0.97273,2.90,2.30
2010.12.07 13:53:24.185,0.97235,0.97278,2.30,2.90
2010.12.07 13:53:24.773,0.97234,0.97274,2.30,1.70
2010.12.07 13:53:24.998,0.97239,0.97279,1.40,2.30
2010.12.07 13:53:25.538,0.97239,0.97282,1.40,2.30
2010.12.07 13:53:25.646,0.97244,0.97282,2.30,5.10
2010.12.07 13:53:25.754,0.97242,0.97282,2.30,5.10
2010.12.07 13:53:25.974,0.9724,0.97282,2.30,5.10
2010.12.07 13:53:26.492,0.97238,0.97282,5.10,5.10
2010.12.07 13:53:27.355,0.9724,0.97277,2.30,1.40
2010.12.07 13:53:27.464,0.97236,0.97277,2.30,1.40
2010.12.07 13:53:27.896,0.97236,0.97279,2.30,2.90
2010.12.07 13:53:28.006,0.97233,0.97278,2.30,2.90
2010.12.07 13:53:30.686,0.97233,0.97278,2.30,2.90
2010.12.07 13:53:31.583,0.9723,0.97272,2.30,4.40
2010.12.07 13:53:32.368,0.97234,0.97271,2.30,2.70
2010.12.07 13:53:32.806,0.97237,0.97278,5.10,1.50
2010.12.07 13:53:33.275,0.9724,0.97278,2.30,1.50
2010.12.07 13:53:35.662,0.97237,0.97272,2.30,2.30
2010.12.07 13:53:36.684,0.97237,0.97272,2.30,2.30
2010.12.07 13:53:37.189,0.97237,0.97272,2.30,2.70
2010.12.07 13:53:37.305,0.97234,0.97272,2.30,2.70
2010.12.07 13:53:37.926,0.97233,0.97272,2.30,2.70
2010.12.07 13:53:44.845,0.97233,0.97272,2.30,2.70
2010.12.07 13:53:44.955,0.97229,0.97272,2.30,2.90
2010.12.07 13:53:45.498,0.97229,0.97262,2.30,2.30
2010.12.07 13:53:47.661,0.97228,0.97262,2.30,2.70
2010.12.07 13:53:48.242,0.97218,0.97252,2.30,2.70
2010.12.07 13:53:48.896,0.97215,0.97252,2.30,2.90
2010.12.07 13:53:49.007,0.97214,0.97252,2.30,3.60
2010.12.07 13:53:49.225,0.97208,0.97251,2.30,2.10
2010.12.07 13:53:49.925,0.97222,0.97253,1.50,3.20
2010.12.07 13:53:50.056,0.97222,0.97261,1.50,1.40
2010.12.07 13:53:50.643,0.97219,0.97261,2.30,2.90
2010.12.07 13:53:50.764,0.9722,0.97262,2.30,2.90
2010.12.07 13:53:51.397,0.97222,0.97263,2.30,4.40
2010.12.07 13:53:52.509,0.9722,0.97254,2.30,1.50
2010.12.07 13:53:52.647,0.97213,0.97252,2.30,2.90
2010.12.07 13:53:53.240,0.97215,0.97252,2.30,2.90
2010.12.07 13:53:54.206,0.97213,0.97252,4.50,2.90
2010.12.07 13:53:55.536,0.97212,0.97252,2.30,2.90
2010.12.07 13:53:57.062,0.97214,0.97252,2.30,2.90
2010.12.07 13:53:57.192,0.97217,0.9726,2.50,2.70
2010.12.07 13:53:57.976,0.9722,0.97263,2.30,3.60
2010.12.07 13:53:58.104,0.97216,0.97253,2.30,2.30
2010.12.07 13:53:58.220,0.97219,0.97262,2.30,2.70
2010.12.07 13:53:58.735,0.97219,0.97262,2.30,2.80
2010.12.07 13:53:58.891,0.97225,0.97264,2.30,1.50
2010.12.07 13:54:00.274,0.97228,0.97268,2.30,1.90
2010.12.07 13:54:01.396,0.97228,0.97268,4.50,1.50
2010.12.07 13:54:02.257,0.97228,0.97268,4.50,1.70
2010.12.07 13:54:02.828,0.97226,0.97268,2.70,1.70
2010.12.07 13:54:06.926,0.97229,0.97273,2.30,4.40
2010.12.07 13:54:07.087,0.97232,0.97273,2.30,2.90
2010.12.07 13:54:08.205,0.97235,0.97273,2.30,4.40
2010.12.07 13:54:08.995,0.97231,0.97273,2.30,4.40
2010.12.07 13:54:10.295,0.97232,0.97273,2.30,4.40
2010.12.07 13:54:11.049,0.97234,0.97273,2.30,4.40
2010.12.07 13:54:17.542,0.97232,0.97273,4.50,4.40
2010.12.07 13:54:18.616,0.97235,0.97273,2.30,4.40
2010.12.07 13:54:18.946,0.97231,0.97273,2.30,4.40
2010.12.07 13:54:20.908,0.97236,0.97273,2.30,4.40
2010.12.07 13:54:21.760,0.97234,0.97273,2.30,4.40
2010.12.07 13:54:21.972,0.97229,0.97263,2.30,2.90
2010.12.07 13:54:22.517,0.97228,0.97263,2.30,2.90
2010.12.07 13:54:22.655,0.97225,0.97263,2.30,2.90
2010.12.07 13:54:23.459,0.9723,0.97273,2.30,4.40
2010.12.07 13:54:23.796,0.97232,0.97273,2.30,4.40
2010.12.07 13:54:24.797,0.97231,0.97273,2.30,4.40
2010.12.07 13:54:25.661,0.97237,0.97272,2.30,2.90
2010.12.07 13:54:25.780,0.97235,0.97272,2.70,2.30
2010.12.07 13:54:26.007,0.97237,0.9728,2.90,2.90
2010.12.07 13:54:28.205,0.97239,0.97283,2.50,3.60
2010.12.07 13:54:28.804,0.97239,0.97273,2.30,2.30
2010.12.07 13:54:28.918,0.97237,0.97273,2.30,2.30
2010.12.07 13:54:29.998,0.97237,0.97273,2.30,2.90
2010.12.07 13:54:30.661,0.97234,0.97273,3.80,2.90
2010.12.07 13:54:30.710,0.97234,0.97273,2.50,3.80
2010.12.07 13:54:30.829,0.9724,0.97279,2.30,1.40
2010.12.07 13:54:32.655,0.9724,0.97282,2.30,2.90
2010.12.07 13:54:32.765,0.9724,0.97282,2.30,2.70
2010.12.07 13:54:32.985,0.97242,0.97282,2.30,2.70
2010.12.07 13:54:33.907,0.97244,0.97282,2.30,2.70
2010.12.07 13:54:35.032,0.97245,0.97282,1.50,2.30
2010.12.07 13:54:35.716,0.97248,0.97292,2.30,1.70
2010.12.07 13:54:35.831,0.97248,0.97282,2.30,2.30
2010.12.07 13:54:36.533,0.97242,0.97272,2.30,2.30
2010.12.07 13:54:36.757,0.97243,0.97283,2.30,3.20
2010.12.07 13:54:37.347,0.97241,0.97283,2.30,4.70
2010.12.07 13:54:37.937,0.97244,0.97283,2.30,4.00
2010.12.07 13:54:38.079,0.97245,0.97285,2.50,2.30
2010.12.07 13:54:38.194,0.97248,0.97292,2.30,2.50
2010.12.07 13:54:38.843,0.9725,0.97294,2.30,2.50
2010.12.07 13:54:39.856,0.97251,0.97297,2.30,3.20
2010.12.07 13:54:40.046,0.97253,0.97295,2.30,2.30
2010.12.07 13:54:40.873,0.97257,0.97303,2.30,6.20
2010.12.07 13:54:40.984,0.97257,0.97292,2.30,2.30
2010.12.07 13:54:41.424,0.97258,0.97302,2.30,4.70
2010.12.07 13:54:43.946,0.97263,0.97302,2.30,2.30
2010.12.07 13:54:44.589,0.97263,0.97302,2.30,2.50
2010.12.07 13:54:44.841,0.97259,0.97302,2.30,3.20
2010.12.07 13:54:44.955,0.97261,0.97302,2.30,2.50
2010.12.07 13:54:45.738,0.9726,0.97302,2.30,2.50
2010.12.07 13:54:46.182,0.97258,0.97302,4.70,2.50
2010.12.07 13:54:49.492,0.97255,0.97292,2.30,2.50
2010.12.07 13:54:50.211,0.9725,0.97293,3.80,3.20
2010.12.07 13:54:50.345,0.97262,0.97302,2.30,3.20
2010.12.07 13:54:50.455,0.97257,0.97301,2.30,2.50
2010.12.07 13:54:51.088,0.97259,0.97303,2.30,7.70
2010.12.07 13:54:51.252,0.9726,0.97305,2.30,2.50
2010.12.07 13:54:56.056,0.97258,0.97302,2.30,2.50
2010.12.07 13:54:56.653,0.97257,0.97298,4.50,1.50
2010.12.07 13:54:57.232,0.97257,0.97301,4.50,2.30
2010.12.07 13:54:57.352,0.97267,0.97303,2.30,2.30
2010.12.07 13:54:57.478,0.97259,0.97305,3.20,4.50
2010.12.07 13:54:58.061,0.9726,0.97302,2.30,1.50
2010.12.07 13:54:58.215,0.97262,0.97302,2.30,3.80
2010.12.07 13:54:58.787,0.97264,0.9731,2.30,2.50
2010.12.07 13:54:59.008,0.97264,0.97306,2.30,1.70
2010.12.07 13:54:59.117,0.97261,0.97302,2.30,1.70
2010.12.07 13:54:59.227,0.9726,0.97303,2.30,4.70
2010.12.07 13:54:59.771,0.97258,0.97303,2.30,4.70
2010.12.07 13:55:00.096,0.97264,0.97302,2.30,2.50
2010.12.07 13:55:00.617,0.97264,0.97302,2.30,1.70
2010.12.07 13:55:00.764,0.97263,0.97303,2.30,2.50
2010.12.07 13:55:00.881,0.9726,0.97303,2.30,4.70
2010.12.07 13:55:01.453,0.9726,0.97299,2.30,1.50
2010.12.07 13:55:01.596,0.97257,0.97299,2.30,3.80
2010.12.07 13:55:02.916,0.97257,0.97301,5.50,2.30
2010.12.07 13:55:03.246,0.9726,0.97302,2.50,2.30
2010.12.07 13:55:03.356,0.97263,0.97307,2.30,2.50
2010.12.07 13:55:03.929,0.97268,0.97309,4.50,1.50
2010.12.07 13:55:04.265,0.97268,0.97311,4.70,2.30
2010.12.07 13:55:05.365,0.97268,0.97311,4.50,3.20
2010.12.07 13:55:05.586,0.97266,0.97309,2.30,1.70
2010.12.07 13:55:06.167,0.97268,0.97308,4.50,1.50
2010.12.07 13:55:06.277,0.97265,0.97308,3.80,1.70
2010.12.07 13:55:07.227,0.97265,0.97309,2.30,1.70
2010.12.07 13:55:07.844,0.97261,0.97305,2.50,2.30
2010.12.07 13:55:09.474,0.97262,0.97306,2.30,2.30
2010.12.07 13:55:11.316,0.97264,0.97308,2.30,2.50
2010.12.07 13:55:12.009,0.97264,0.97302,2.30,1.50
2010.12.07 13:55:12.126,0.97262,0.97302,2.30,3.80
2010.12.07 13:55:12.822,0.9726,0.97302,4.50,3.80
2010.12.07 13:55:14.156,0.9726,0.97302,2.30,4.00
2010.12.07 13:55:15.916,0.97258,0.973,2.50,2.50
2010.12.07 13:55:17.164,0.97257,0.97303,2.30,9.20
2010.12.07 13:55:18.180,0.97251,0.97297,4.70,2.50
2010.12.07 13:55:18.296,0.97258,0.97297,2.30,2.50
2010.12.07 13:55:18.408,0.97253,0.97297,2.30,2.30
2010.12.07 13:55:19.087,0.97252,0.97296,2.30,2.30
2010.12.07 13:55:19.306,0.97254,0.973,2.30,2.50
2010.12.07 13:55:20.449,0.97253,0.97299,2.30,2.50
2010.12.07 13:55:22.384,0.97252,0.97296,4.50,2.30
2010.12.07 13:55:25.235,0.97252,0.97296,2.50,2.30
2010.12.07 13:55:26.146,0.97251,0.97297,2.70,2.70
2010.12.07 13:55:26.258,0.97257,0.97297,2.90,2.30
2010.12.07 13:55:27.023,0.97251,0.97297,2.90,2.90
2010.12.07 13:55:32.405,0.97254,0.973,2.30,4.90
2010.12.07 13:55:32.520,0.97257,0.97294,2.30,1.90
2010.12.07 13:55:33.072,0.97245,0.9729,2.30,2.70
2010.12.07 13:55:33.656,0.97248,0.9729,2.70,2.70
2010.12.07 13:55:34.619,0.97248,0.9729,2.30,2.70
2010.12.07 13:55:34.741,0.97248,0.9729,2.70,2.70
2010.12.07 13:55:38.461,0.97247,0.97291,2.30,2.70
2010.12.07 13:55:39.059,0.97245,0.97284,2.30,1.50
2010.12.07 13:55:39.199,0.97243,0.97282,2.30,2.70
2010.12.07 13:55:39.534,0.9724,0.97281,2.30,1.90
2010.12.07 13:55:40.608,0.97242,0.97281,2.30,1.90
2010.12.07 13:55:41.630,0.97244,0.97281,2.30,1.90
2010.12.07 13:55:41.745,0.97242,0.97281,2.30,1.90
2010.12.07 13:55:42.746,0.97241,0.97281,2.30,1.90
2010.12.07 13:55:44.388,0.97243,0.97282,2.30,2.70
2010.12.07 13:55:45.243,0.97243,0.97282,2.70,2.30
2010.12.07 13:55:48.532,0.97248,0.97284,2.70,1.50
2010.12.07 13:55:49.121,0.97249,0.97283,2.30,1.50
2010.12.07 13:55:49.236,0.97247,0.97283,2.30,1.50
2010.12.07 13:55:52.300,0.97248,0.9729,2.30,2.70
2010.12.07 13:55:54.085,0.97249,0.97292,3.80,2.70
2010.12.07 13:55:54.210,0.97255,0.97292,1.50,4.60
2010.12.07 13:55:54.327,0.97255,0.97292,1.50,4.60
2010.12.07 13:55:54.821,0.97257,0.97292,2.30,2.40
2010.12.07 13:55:57.132,0.97251,0.97292,2.30,2.70
2010.12.07 13:55:59.689,0.97251,0.97292,2.30,5.10
2010.12.07 13:55:59.815,0.9725,0.97293,2.30,2.70
2010.12.07 13:56:00.544,0.97249,0.97293,2.30,2.70
2010.12.07 13:56:00.976,0.97249,0.97292,2.30,2.70
2010.12.07 13:56:01.595,0.97254,0.97292,1.50,2.40
2010.12.07 13:56:03.976,0.97255,0.97293,1.50,3.90
2010.12.07 13:56:05.194,0.97256,0.97293,2.70,3.80
2010.12.07 13:56:05.313,0.97256,0.97299,2.70,2.40
2010.12.07 13:56:05.432,0.97256,0.97299,2.30,2.80
2010.12.07 13:56:05.788,0.97251,0.97293,2.40,2.70
2010.12.07 13:56:06.310,0.97251,0.97293,2.30,3.00
2010.12.07 13:56:06.654,0.97253,0.97292,2.30,2.10
2010.12.07 13:56:07.196,0.97246,0.97291,2.30,2.70
2010.12.07 13:56:08.218,0.97247,0.97292,2.30,2.80
2010.12.07 13:56:08.556,0.97247,0.97292,2.30,6.70
2010.12.07 13:56:08.678,0.97247,0.97292,2.30,2.80
2010.12.07 13:56:11.837,0.97246,0.97289,2.40,2.70
2010.12.07 13:56:13.264,0.97246,0.97289,2.30,6.30
2010.12.07 13:56:13.716,0.97246,0.97289,2.70,2.40
2010.12.07 13:56:13.843,0.97246,0.97289,2.70,2.40
2010.12.07 13:56:14.507,0.97247,0.97283,4.50,4.20
2010.12.07 13:56:14.617,0.97245,0.97283,2.30,2.70
2010.12.07 13:56:15.173,0.97243,0.97283,2.30,2.70
2010.12.07 13:56:15.330,0.97241,0.97283,2.30,2.70
2010.12.07 13:56:16.275,0.97241,0.97283,2.40,2.70
2010.12.07 13:56:18.694,0.97244,0.97283,2.30,2.70
2010.12.07 13:56:19.025,0.97244,0.97283,2.30,6.20
2010.12.07 13:56:19.135,0.97244,0.97283,2.30,2.70
2010.12.07 13:56:19.826,0.97244,0.97283,2.30,2.80
2010.12.07 13:56:19.936,0.97244,0.97283,2.30,2.70
2010.12.07 13:56:20.159,0.9724,0.97273,2.30,2.30
2010.12.07 13:56:20.279,0.9724,0.97278,3.80,1.50
2010.12.07 13:56:21.257,0.9724,0.97275,2.30,1.50
2010.12.07 13:56:21.369,0.9724,0.97277,2.30,1.70
2010.12.07 13:56:22.215,0.97241,0.97277,2.30,1.90
2010.12.07 13:56:23.022,0.97238,0.97272,4.50,2.30
2010.12.07 13:56:25.738,0.97239,0.97272,2.30,2.30
2010.12.07 13:56:26.266,0.97238,0.97272,4.50,2.30
2010.12.07 13:56:27.704,0.97238,0.97272,4.90,2.40
2010.12.07 13:56:28.292,0.97242,0.97284,2.70,1.70
2010.12.07 13:56:30.497,0.97243,0.97288,2.30,2.80
2010.12.07 13:56:30.607,0.9724,0.97283,2.30,4.20
2010.12.07 13:56:31.275,0.9724,0.97283,2.30,4.30
2010.12.07 13:56:31.706,0.97242,0.97283,2.30,4.30
2010.12.07 13:56:32.777,0.97242,0.97283,2.30,9.90
2010.12.07 13:56:32.884,0.97242,0.97283,2.30,4.30
2010.12.07 13:56:33.400,0.97242,0.97283,2.30,10.10
2010.12.07 13:56:33.739,0.97247,0.97283,2.30,2.40
2010.12.07 13:56:34.264,0.97245,0.97283,3.80,3.90
2010.12.07 13:56:34.405,0.97242,0.97275,2.30,1.90
2010.12.07 13:56:34.515,0.97242,0.97277,2.30,1.50
2010.12.07 13:56:34.737,0.97242,0.97274,2.70,1.50
2010.12.07 13:56:34.846,0.97244,0.97282,2.30,4.70
2010.12.07 13:56:35.960,0.97244,0.97284,2.30,2.10
2010.12.07 13:56:36.632,0.97239,0.97282,2.30,2.80
2010.12.07 13:56:37.591,0.97238,0.97283,2.30,6.60
2010.12.07 13:56:38.095,0.97238,0.97283,2.30,16.10
2010.12.07 13:56:38.315,0.97233,0.97272,2.30,2.70
2010.12.07 13:56:41.393,0.97233,0.97272,2.70,2.30
2010.12.07 13:56:41.615,0.9724,0.97274,2.30,1.50
2010.12.07 13:56:41.836,0.97237,0.97273,2.70,1.50
2010.12.07 13:56:41.947,0.97237,0.97281,2.70,2.80
2010.12.07 13:56:42.486,0.97238,0.97273,2.70,2.40
2010.12.07 13:56:43.960,0.97233,0.97262,2.30,2.30
2010.12.07 13:56:44.075,0.9723,0.97262,2.30,2.30
2010.12.07 13:56:45.845,0.9723,0.97262,2.40,2.30
2010.12.07 13:56:46.387,0.9723,0.97262,2.30,2.30
2010.12.07 13:56:46.495,0.97229,0.97262,2.40,2.30
2010.12.07 13:56:46.866,0.97233,0.97272,2.30,3.60
2010.12.07 13:56:47.716,0.97233,0.97272,2.70,3.20
2010.12.07 13:56:48.158,0.97236,0.97279,2.90,2.40
2010.12.07 13:56:48.488,0.97249,0.97283,2.30,4.10
2010.12.07 13:56:48.596,0.97249,0.97283,2.30,3.90
2010.12.07 13:56:49.189,0.97248,0.97283,2.30,2.60
2010.12.07 13:56:49.310,0.97242,0.97283,2.30,6.30
2010.12.07 13:56:50.381,0.97242,0.97283,2.30,6.20
2010.12.07 13:56:50.510,0.97242,0.97273,2.30,2.40
2010.12.07 13:56:50.736,0.97237,0.97273,2.30,2.70
2010.12.07 13:56:50.845,0.97235,0.97273,2.30,2.40
2010.12.07 13:56:50.955,0.97235,0.97273,2.30,2.70
2010.12.07 13:56:51.502,0.97233,0.97273,2.30,2.70
2010.12.07 13:56:51.884,0.97233,0.97273,2.30,2.30
2010.12.07 13:56:52.107,0.97235,0.9728,2.70,2.40
2010.12.07 13:56:52.215,0.97235,0.9728,2.70,2.40
2010.12.07 13:56:52.770,0.97239,0.97282,2.30,12.00
2010.12.07 13:56:57.038,0.97239,0.97282,2.50,2.70
2010.12.07 13:56:57.146,0.97239,0.97282,7.00,2.30
2010.12.07 13:56:57.679,0.97256,0.97289,2.30,1.60
2010.12.07 13:56:57.838,0.97255,0.97293,1.50,4.30
2010.12.07 13:56:58.056,0.97244,0.97283,2.30,4.30
2010.12.07 13:56:58.595,0.97237,0.97282,5.80,2.80
2010.12.07 13:56:59.105,0.97237,0.97282,5.70,2.80
2010.12.07 13:56:59.699,0.97238,0.97272,2.30,2.30
2010.12.07 13:57:03.184,0.97242,0.97281,2.30,1.20
2010.12.07 13:57:03.298,0.97242,0.97282,3.00,3.00
2010.12.07 13:57:03.624,0.97254,0.97292,1.50,2.40
2010.12.07 13:57:04.191,0.97254,0.9729,1.50,1.30
2010.12.07 13:57:04.308,0.97251,0.9729,2.30,1.30
2010.12.07 13:57:04.418,0.97245,0.97285,2.30,2.80
2010.12.07 13:57:04.524,0.97238,0.97285,3.40,2.80
2010.12.07 13:57:05.114,0.97238,0.97284,3.70,2.40
2010.12.07 13:57:06.855,0.97238,0.97284,3.30,2.80
2010.12.07 13:57:06.969,0.97238,0.97282,2.30,2.70
2010.12.07 13:57:07.467,0.97238,0.97281,2.40,2.70
2010.12.07 13:57:08.091,0.97238,0.97281,2.40,2.70
2010.12.07 13:57:08.859,0.97238,0.97281,2.80,2.30
2010.12.07 13:57:09.826,0.97238,0.97281,2.80,2.30
2010.12.07 13:57:09.935,0.97238,0.97283,2.80,1.70
2010.12.07 13:57:10.265,0.97247,0.97284,2.70,2.30
2010.12.07 13:57:10.899,0.97249,0.97293,2.30,4.30
2010.12.07 13:57:11.754,0.97247,0.9729,4.50,2.70
2010.12.07 13:57:12.249,0.97247,0.97288,2.30,2.30
2010.12.07 13:57:13.304,0.97251,0.9729,1.50,2.30
2010.12.07 13:57:13.860,0.97261,0.97301,2.30,4.30
2010.12.07 13:57:13.975,0.97261,0.97301,2.30,2.10
2010.12.07 13:57:14.086,0.97258,0.97302,2.30,4.50
2010.12.07 13:57:14.197,0.97255,0.97298,2.30,2.80
2010.12.07 13:57:15.338,0.97255,0.97298,2.30,6.30
2010.12.07 13:57:15.456,0.97255,0.97298,2.30,6.40
2010.12.07 13:57:15.692,0.97255,0.97298,4.50,3.00
2010.12.07 13:57:15.806,0.97255,0.97298,4.50,6.40
2010.12.07 13:57:16.348,0.97257,0.973,2.30,6.30
2010.12.07 13:57:16.461,0.97257,0.97299,2.70,1.20
2010.12.07 13:57:16.686,0.9726,0.97302,2.30,2.80
2010.12.07 13:57:16.906,0.97257,0.97302,2.30,4.90
2010.12.07 13:57:17.016,0.97255,0.97292,2.30,2.30
2010.12.07 13:57:17.720,0.97254,0.97292,3.80,1.20
2010.12.07 13:57:17.836,0.97255,0.97293,2.30,2.30
2010.12.07 13:57:17.945,0.97255,0.97293,2.30,6.20
2010.12.07 13:57:18.165,0.97252,0.97293,2.30,6.20
2010.12.07 13:57:19.852,0.97251,0.97293,2.30,6.40
2010.12.07 13:57:20.189,0.9725,0.97293,2.30,6.20
2010.12.07 13:57:21.067,0.9725,0.97283,2.30,2.30
2010.12.07 13:57:21.287,0.97246,0.97283,2.30,4.20
2010.12.07 13:57:22.146,0.97247,0.97283,2.70,3.80
2010.12.07 13:57:22.365,0.97249,0.97283,2.30,2.30
2010.12.07 13:57:22.476,0.97249,0.97293,2.30,4.30
2010.12.07 13:57:23.244,0.9725,0.97293,2.30,4.30
2010.12.07 13:57:26.636,0.97251,0.97292,2.30,1.10
2010.12.07 13:57:27.535,0.9725,0.97291,2.30,1.90
2010.12.07 13:57:27.865,0.97252,0.97291,2.30,2.00
2010.12.07 13:57:28.421,0.97252,0.97291,2.30,4.30
2010.12.07 13:57:28.539,0.97251,0.97293,2.30,4.30
2010.12.07 13:57:28.885,0.97251,0.97293,2.30,10.20
2010.12.07 13:57:28.996,0.97251,0.97293,2.30,9.90
2010.12.07 13:57:29.107,0.97251,0.97283,2.30,1.50
2010.12.07 13:57:29.550,0.97247,0.97283,5.00,1.50
2010.12.07 13:57:30.611,0.97242,0.97274,2.30,1.50
2010.12.07 13:57:30.726,0.97242,0.97282,2.30,1.90
2010.12.07 13:57:30.838,0.97243,0.97283,2.30,3.80
2010.12.07 13:57:31.436,0.97247,0.97283,2.30,1.50
2010.12.07 13:57:31.575,0.97247,0.97286,2.30,1.20
2010.12.07 13:57:31.702,0.97247,0.97286,2.30,1.30
2010.12.07 13:57:31.815,0.97244,0.97286,2.30,1.30
2010.12.07 13:57:32.501,0.97246,0.97289,2.30,2.70
2010.12.07 13:57:33.706,0.97247,0.9729,2.30,6.20
2010.12.07 13:57:34.927,0.97247,0.97292,2.40,5.10
2010.12.07 13:57:35.694,0.97249,0.97292,2.30,11.80
2010.12.07 13:57:35.806,0.97249,0.97292,2.30,5.10
2010.12.07 13:57:36.034,0.97249,0.97292,2.30,12.00
2010.12.07 13:57:37.698,0.97249,0.97292,2.30,5.10
2010.12.07 13:57:37.938,0.97249,0.97292,2.30,12.30
2010.12.07 13:57:38.877,0.97246,0.97291,4.50,6.30
2010.12.07 13:57:39.096,0.97246,0.97289,2.40,2.70
2010.12.07 13:57:39.208,0.97247,0.9729,2.30,6.20
2010.12.07 13:57:39.769,0.97247,0.9729,2.30,6.20
2010.12.07 13:57:40.667,0.97247,0.97282,2.30,2.30
2010.12.07 13:57:41.582,0.97254,0.97299,2.30,6.20
2010.12.07 13:57:41.915,0.97254,0.97299,2.30,2.70
2010.12.07 13:57:42.981,0.97254,0.97299,2.30,6.30
2010.12.07 13:57:43.676,0.97253,0.97291,2.30,1.90
2010.12.07 13:57:43.786,0.97248,0.97291,2.30,4.20
2010.12.07 13:57:44.420,0.97244,0.97287,2.30,2.70
2010.12.07 13:57:44.645,0.97241,0.97283,2.80,2.30
2010.12.07 13:57:44.756,0.97237,0.97283,2.80,2.30
2010.12.07 13:57:45.898,0.97237,0.97284,6.20,2.30
2010.12.07 13:57:46.438,0.97237,0.97283,2.90,2.30
2010.12.07 13:57:47.251,0.97237,0.97282,2.90,2.30
2010.12.07 13:57:47.409,0.97237,0.97282,6.30,2.40
2010.12.07 13:57:47.525,0.97237,0.97282,2.90,2.30
2010.12.07 13:57:47.635,0.97237,0.97282,6.30,2.30
2010.12.07 13:57:48.190,0.97237,0.97282,2.80,2.30
2010.12.07 13:57:48.307,0.97237,0.97285,3.10,2.70
2010.12.07 13:57:49.378,0.97237,0.97282,3.10,2.30
2010.12.07 13:57:50.509,0.97237,0.97282,6.40,2.30
2010.12.07 13:57:51.220,0.97243,0.97288,2.40,2.70
2010.12.07 13:57:53.036,0.97243,0.97283,2.40,2.30
2010.12.07 13:57:53.727,0.97247,0.9729,2.40,2.70
2010.12.07 13:57:53.845,0.97246,0.97289,2.30,2.80
2010.12.07 13:57:53.958,0.97246,0.97283,2.30,2.30
2010.12.07 13:57:54.654,0.97244,0.97283,2.40,3.80
2010.12.07 13:57:54.987,0.97246,0.97283,2.40,3.80
2010.12.07 13:57:55.486,0.97246,0.97283,2.40,4.20
2010.12.07 13:57:55.601,0.97244,0.97283,2.30,4.30
2010.12.07 13:57:55.715,0.97242,0.97283,2.40,3.90
2010.12.07 13:57:55.826,0.97245,0.97288,2.30,6.30
2010.12.07 13:57:56.367,0.97246,0.9729,2.30,2.70
2010.12.07 13:57:56.486,0.97248,0.97292,2.30,6.70
2010.12.07 13:57:59.298,0.97247,0.97292,2.30,12.30
2010.12.07 13:58:00.990,0.97245,0.97272,2.30,2.30
2010.12.07 13:58:01.133,0.97238,0.97272,2.40,2.30
2010.12.07 13:58:01.830,0.97239,0.97282,2.30,2.70
2010.12.07 13:58:04.233,0.97241,0.97282,2.30,2.80
2010.12.07 13:58:04.895,0.97241,0.97282,2.30,2.70
2010.12.07 13:58:05.432,0.97241,0.97282,2.30,2.80
2010.12.07 13:58:05.563,0.97241,0.97282,2.30,2.70
2010.12.07 13:58:05.877,0.97241,0.97282,2.30,6.20
2010.12.07 13:58:07.446,0.97241,0.97282,2.30,2.80
2010.12.07 13:58:08.400,0.97241,0.97282,2.30,6.40
2010.12.07 13:58:09.255,0.97241,0.97282,2.30,6.20
2010.12.07 13:58:09.988,0.97238,0.97272,2.30,2.30
2010.12.07 13:58:10.824,0.97238,0.97272,2.30,2.60
2010.12.07 13:58:11.217,0.97238,0.97272,2.30,2.30
2010.12.07 13:58:13.441,0.97234,0.97273,3.80,2.60
2010.12.07 13:58:13.666,0.97227,0.97271,4.90,2.80
2010.12.07 13:58:14.226,0.97226,0.97262,1.50,2.30
2010.12.07 13:58:14.886,0.97228,0.97271,2.30,1.50
2010.12.07 13:58:15.429,0.9723,0.97271,2.30,2.10
2010.12.07 13:58:15.549,0.97228,0.97271,2.40,1.90
2010.12.07 13:58:16.174,0.97232,0.97271,2.40,1.90
2010.12.07 13:58:17.816,0.97232,0.97273,2.30,10.10
2010.12.07 13:58:18.228,0.97232,0.97273,2.30,4.30
2010.12.07 13:58:19.058,0.97232,0.97273,2.40,4.20
2010.12.07 13:58:20.967,0.97232,0.97273,2.70,3.90
2010.12.07 13:58:21.295,0.97232,0.97273,2.40,4.20
2010.12.07 13:58:22.019,0.97232,0.97273,2.70,3.90
2010.12.07 13:58:22.173,0.97237,0.97279,2.80,2.40
2010.12.07 13:58:22.396,0.97233,0.97262,2.40,2.30
2010.12.07 13:58:23.154,0.97232,0.97272,1.50,2.70
2010.12.07 13:58:23.486,0.97232,0.97274,1.90,3.90
2010.12.07 13:58:24.243,0.97232,0.97276,4.30,2.70
2010.12.07 13:58:24.378,0.97232,0.97277,4.20,1.30
2010.12.07 13:58:24.764,0.97232,0.97277,4.20,1.20
2010.12.07 13:58:25.311,0.97232,0.97277,2.10,3.60
2010.12.07 13:58:25.866,0.97232,0.97277,2.00,3.50
2010.12.07 13:58:26.452,0.97232,0.97277,2.10,3.70
2010.12.07 13:58:26.677,0.97236,0.9728,2.80,2.30
2010.12.07 13:58:27.316,0.97238,0.97282,2.30,2.70
2010.12.07 13:58:28.031,0.97237,0.97273,2.30,2.30
2010.12.07 13:58:28.808,0.97236,0.97273,2.40,2.30
2010.12.07 13:58:29.895,0.97236,0.97273,2.40,2.30
2010.12.07 13:58:32.433,0.97235,0.97273,2.40,2.30
2010.12.07 13:58:33.195,0.97235,0.97273,2.40,2.30
2010.12.07 13:58:34.856,0.9724,0.97273,2.30,2.30
2010.12.07 13:58:35.464,0.97233,0.97272,2.40,2.70
2010.12.07 13:58:35.795,0.97232,0.97278,2.70,2.70
2010.12.07 13:58:36.492,0.97231,0.97274,2.40,1.90
2010.12.07 13:58:37.437,0.9723,0.97272,2.40,2.70
2010.12.07 13:58:38.557,0.9723,0.97263,6.20,2.30
2010.12.07 13:58:38.665,0.97237,0.97272,2.70,2.30
2010.12.07 13:58:38.777,0.97241,0.97272,1.50,2.30
2010.12.07 13:58:39.106,0.97241,0.97282,1.50,2.70
2010.12.07 13:58:40.225,0.97241,0.97282,1.50,3.00
2010.12.07 13:58:40.336,0.97241,0.97282,1.50,2.70
2010.12.07 13:58:40.984,0.97245,0.97282,1.50,2.30
2010.12.07 13:58:41.594,0.9724,0.97272,2.30,2.30
2010.12.07 13:58:41.713,0.97238,0.97272,2.70,2.30
2010.12.07 13:58:42.439,0.97235,0.97275,1.90,1.50
2010.12.07 13:58:43.254,0.97238,0.97273,2.30,2.30
2010.12.07 13:58:44.399,0.97242,0.97273,1.50,2.40
2010.12.07 13:58:45.292,0.97244,0.97271,2.30,2.30
2010.12.07 13:58:45.413,0.97219,0.97252,2.30,2.30
2010.12.07 13:58:46.056,0.97222,0.97252,1.50,2.30
2010.12.07 13:58:46.276,0.97223,0.97263,1.50,2.40
2010.12.07 13:58:46.385,0.97226,0.97263,1.50,2.30
2010.12.07 13:58:47.269,0.97223,0.97263,2.30,2.30
2010.12.07 13:58:48.500,0.97227,0.97262,1.50,2.70
2010.12.07 13:58:49.127,0.97226,0.97263,2.30,2.70
2010.12.07 13:58:49.345,0.97225,0.97252,2.30,2.30
2010.12.07 13:58:49.565,0.97229,0.97253,2.30,2.30
2010.12.07 13:58:49.677,0.97229,0.97271,2.30,6.60
2010.12.07 13:58:50.151,0.97225,0.97252,2.30,1.50
2010.12.07 13:58:50.269,0.97217,0.97252,3.90,1.50
2010.12.07 13:58:51.132,0.97217,0.97253,3.80,2.30
2010.12.07 13:58:51.468,0.97222,0.97253,1.50,2.30
2010.12.07 13:58:52.764,0.97222,0.97253,1.50,2.40
2010.12.07 13:58:53.926,0.97222,0.97253,1.50,2.40
2010.12.07 13:58:54.255,0.97225,0.97253,2.30,2.30
2010.12.07 13:58:54.685,0.97225,0.97261,2.30,1.50
2010.12.07 13:58:54.813,0.97233,0.97275,2.70,1.50
2010.12.07 13:58:54.927,0.97241,0.97281,1.50,2.70
2010.12.07 13:58:56.059,0.97252,0.97292,2.30,2.70
2010.12.07 13:58:56.294,0.97252,0.97279,2.30,1.50
2010.12.07 13:58:56.408,0.97252,0.97284,2.30,1.50
2010.12.07 13:58:56.969,0.97249,0.97294,2.30,4.20
2010.12.07 13:58:57.185,0.97252,0.97294,2.30,2.10
2010.12.07 13:58:57.738,0.9725,0.97285,4.50,1.90
2010.12.07 13:58:58.316,0.97248,0.97285,2.30,1.90
2010.12.07 13:58:58.922,0.97246,0.97284,2.30,1.60
2010.12.07 13:58:59.037,0.97244,0.97284,2.30,1.60
2010.12.07 13:58:59.595,0.97247,0.97284,2.30,1.60
2010.12.07 13:58:59.818,0.97248,0.97285,2.30,1.90
2010.12.07 13:59:00.687,0.97249,0.97284,2.30,1.50
2010.12.07 13:59:00.816,0.97246,0.97284,2.30,1.50
2010.12.07 13:59:01.480,0.97246,0.97284,2.40,1.50
2010.12.07 13:59:03.589,0.97246,0.97282,2.30,2.70
2010.12.07 13:59:04.239,0.97248,0.97282,2.30,2.30
2010.12.07 13:59:05.119,0.97249,0.97284,2.30,1.50
2010.12.07 13:59:06.328,0.97251,0.97293,2.70,2.60
2010.12.07 13:59:06.695,0.97251,0.97295,2.70,2.00
2010.12.07 13:59:07.311,0.9725,0.97293,2.30,2.70
2010.12.07 13:59:07.648,0.9725,0.97293,2.40,4.90
2010.12.07 13:59:08.162,0.9725,0.97293,2.30,5.00
2010.12.07 13:59:08.276,0.97249,0.97292,2.30,2.70
2010.12.07 13:59:09.146,0.97249,0.97282,2.30,2.30
2010.12.07 13:59:09.259,0.97247,0.97284,2.70,1.60
2010.12.07 13:59:10.026,0.97247,0.97284,2.70,1.50
2010.12.07 13:59:10.246,0.97247,0.97284,2.70,1.60
2010.12.07 13:59:10.465,0.97243,0.9728,2.30,1.50
2010.12.07 13:59:11.234,0.97246,0.97282,1.50,2.40
2010.12.07 13:59:12.040,0.97246,0.97282,1.60,2.30
2010.12.07 13:59:12.345,0.97246,0.97282,1.50,2.40
2010.12.07 13:59:12.884,0.97246,0.97282,1.70,2.30
2010.12.07 13:59:12.987,0.97247,0.97285,2.70,1.70
2010.12.07 13:59:13.335,0.97247,0.97285,2.70,1.60
2010.12.07 13:59:14.147,0.97244,0.97285,2.30,1.70
2010.12.07 13:59:14.365,0.97242,0.97287,2.70,2.80
2010.12.07 13:59:14.476,0.97244,0.97289,2.30,12.00
2010.12.07 13:59:14.915,0.97247,0.9729,2.30,6.30
2010.12.07 13:59:15.657,0.97246,0.97283,2.30,2.40
2010.12.07 13:59:15.766,0.97244,0.97283,2.30,2.40
2010.12.07 13:59:15.988,0.97248,0.97283,2.30,2.40
2010.12.07 13:59:16.619,0.97249,0.97292,2.30,5.10
2010.12.07 13:59:16.733,0.97249,0.97282,2.30,2.30
2010.12.07 13:59:17.578,0.97246,0.97282,2.30,2.40
2010.12.07 13:59:18.859,0.97249,0.97282,2.30,2.40
2010.12.07 13:59:19.660,0.97248,0.97282,2.30,2.40
2010.12.07 13:59:20.609,0.9725,0.97282,2.30,2.70
2010.12.07 13:59:20.768,0.97241,0.97282,2.30,2.70
2010.12.07 13:59:21.658,0.97242,0.97282,2.30,2.70
2010.12.07 13:59:21.875,0.97236,0.97273,1.50,2.40
2010.12.07 13:59:21.985,0.97236,0.97273,1.50,2.70
2010.12.07 13:59:22.096,0.97235,0.97273,2.30,2.30
2010.12.07 13:59:22.734,0.97237,0.97273,2.30,2.70
2010.12.07 13:59:23.758,0.97237,0.97272,2.30,2.40
2010.12.07 13:59:23.977,0.97234,0.97272,2.30,2.70
2010.12.07 13:59:25.109,0.9724,0.97272,1.50,2.30
2010.12.07 13:59:25.229,0.97238,0.97272,2.30,2.30
2010.12.07 13:59:25.900,0.97238,0.97275,2.30,1.90
2010.12.07 13:59:26.025,0.97242,0.97272,1.70,2.30
2010.12.07 13:59:26.695,0.97246,0.97281,1.50,2.70
2010.12.07 13:59:27.662,0.97235,0.97273,1.90,2.30
2010.12.07 13:59:27.887,0.97238,0.9728,2.30,2.30
2010.12.07 13:59:28.105,0.9724,0.97282,2.30,3.40
2010.12.07 13:59:28.656,0.9724,0.97282,2.30,3.60
2010.12.07 13:59:29.565,0.97243,0.97273,2.30,2.30
2010.12.07 13:59:29.679,0.97237,0.97273,1.50,2.30
2010.12.07 13:59:30.548,0.97235,0.97273,1.50,2.30
2010.12.07 13:59:30.662,0.97241,0.97282,2.30,3.00
2010.12.07 13:59:30.775,0.97241,0.97282,2.30,2.70
2010.12.07 13:59:31.933,0.97242,0.97282,2.30,2.70
2010.12.07 13:59:32.246,0.9724,0.97282,2.30,2.70
2010.12.07 13:59:32.588,0.9724,0.97282,2.40,2.80
2010.12.07 13:59:33.617,0.9724,0.97282,2.30,2.70
2010.12.07 13:59:33.726,0.9724,0.97282,2.40,2.70
2010.12.07 13:59:33.945,0.97238,0.97281,4.50,2.70
2010.12.07 13:59:34.508,0.97239,0.97272,2.30,2.30
2010.12.07 13:59:35.425,0.97238,0.97272,2.40,2.30
2010.12.07 13:59:36.192,0.97237,0.97272,3.90,2.30
2010.12.07 13:59:36.305,0.97237,0.97272,3.90,2.30
2010.12.07 13:59:37.347,0.97237,0.97272,1.60,2.30
2010.12.07 13:59:37.566,0.97234,0.97272,2.30,2.70
2010.12.07 13:59:38.006,0.97232,0.97272,2.40,2.70
2010.12.07 13:59:38.336,0.97235,0.97262,2.30,2.30
2010.12.07 13:59:38.865,0.97233,0.97272,4.50,4.20
2010.12.07 13:59:38.978,0.97237,0.97263,1.50,2.30
2010.12.07 13:59:39.094,0.97237,0.97273,1.50,2.70
2010.12.07 13:59:39.320,0.97236,0.97273,3.80,2.30
2010.12.07 13:59:39.784,0.9724,0.97273,2.30,2.30
2010.12.07 13:59:40.536,0.97239,0.97273,2.30,2.40
2010.12.07 13:59:41.199,0.97237,0.97273,2.30,2.40
2010.12.07 13:59:42.405,0.97242,0.97273,1.50,2.30
2010.12.07 13:59:43.946,0.97237,0.97273,2.30,2.40
2010.12.07 13:59:44.074,0.97237,0.97273,2.70,2.30
2010.12.07 13:59:44.188,0.97237,0.97282,5.00,2.30
2010.12.07 13:59:44.331,0.97242,0.97273,2.30,2.30
2010.12.07 13:59:45.128,0.97228,0.97262,4.50,2.30
2010.12.07 13:59:46.344,0.97235,0.97267,1.50,2.30
2010.12.07 13:59:46.566,0.97236,0.97272,1.50,2.30
2010.12.07 13:59:48.105,0.97237,0.97272,2.30,2.30
2010.12.07 13:59:48.748,0.97236,0.97272,1.50,3.00
2010.12.07 13:59:49.074,0.97225,0.97263,1.50,2.70
2010.12.07 13:59:49.294,0.97221,0.97261,1.70,1.50
2010.12.07 13:59:49.405,0.97221,0.97252,1.70,2.30
2010.12.07 13:59:49.981,0.97217,0.97252,1.50,2.30
2010.12.07 13:59:53.664,0.97219,0.97252,1.50,2.30
2010.12.07 13:59:54.349,0.97221,0.97252,1.50,2.30
2010.12.07 13:59:54.714,0.97221,0.97261,1.90,1.70
2010.12.07 13:59:54.936,0.97226,0.97262,1.50,2.40
2010.12.07 13:59:55.155,0.97227,0.9727,2.70,1.20
2010.12.07 13:59:55.729,0.97228,0.97272,2.30,6.70
2010.12.07 13:59:55.847,0.97226,0.97262,1.50,2.40
2010.12.07 13:59:56.066,0.97218,0.97262,2.70,2.70
2010.12.07 13:59:56.950,0.97218,0.97262,3.00,2.70
2010.12.07 13:59:57.179,0.97218,0.97268,3.00,1.90
2010.12.07 13:59:57.285,0.97218,0.97268,2.70,2.00
2010.12.07 13:59:58.163,0.97222,0.97262,1.50,2.40
2010.12.07 13:59:58.727,0.97222,0.97262,1.50,2.40
2010.12.07 13:59:58.943,0.97222,0.97262,1.50,2.40
2010.12.07 13:59:59.163,0.97222,0.97262,1.50,2.40
2010.12.07 13:59:59.471,0.97222,0.97262,1.50,2.40
2010.12.07 13:59:59.734,0.97222,0.97262,1.50,2.40
