2015.06.22 16:00:00.456,0.71169,0.71178,1.00,1.00
2015.06.22 16:00:00.507,0.71169,0.7118,1.00,1.00
2015.06.22 16:00:00.709,0.7117,0.71183,1.00,1.00
2015.06.22 16:00:00.860,0.7117,0.71185,1.00,1.00
2015.06.22 16:00:00.961,0.71175,0.71185,1.00,1.00
2015.06.22 16:00:01.461,0.7117,0.71185,1.00,1.00
2015.06.22 16:00:01.664,0.7117,0.71182,1.00,1.00
2015.06.22 16:00:03.482,0.7117,0.7118,1.00,1.50
2015.06.22 16:00:05.693,0.71169,0.7118,1.00,1.50
2015.06.22 16:00:06.304,0.7117,0.7118,1.00,1.50
2015.06.22 16:00:10.100,0.7117,0.71181,1.00,1.00
2015.06.22 16:00:10.415,0.71164,0.71181,1.00,1.00
2015.06.22 16:00:11.219,0.71165,0.71181,1.00,1.00
2015.06.22 16:00:12.682,0.7117,0.71183,1.00,1.00
2015.06.22 16:00:12.833,0.71164,0.71185,1.00,1.00
2015.06.22 16:00:12.884,0.71167,0.71185,1.00,1.00
2015.06.22 16:00:12.935,0.71167,0.71188,1.00,1.00
2015.06.22 16:00:13.036,0.7117,0.71188,1.00,1.00
2015.06.22 16:00:13.293,0.7117,0.7119,1.00,1.50
2015.06.22 16:00:13.495,0.71175,0.7119,1.00,1.00
2015.06.22 16:00:13.892,0.7117,0.7119,1.00,1.00
2015.06.22 16:00:14.598,0.71175,0.7119,1.00,1.00
2015.06.22 16:00:14.817,0.71175,0.71192,1.00,1.00
2015.06.22 16:00:15.127,0.71184,0.71192,1.00,1.00
2015.06.22 16:00:15.178,0.71184,0.71198,1.00,1.00
2015.06.22 16:00:15.279,0.71185,0.712,1.00,1.00
2015.06.22 16:00:15.481,0.7118,0.712,1.00,1.00
2015.06.22 16:00:15.582,0.71179,0.71196,1.00,1.00
2015.06.22 16:00:16.195,0.7118,0.71195,1.00,1.00
2015.06.22 16:00:16.808,0.7118,0.71196,1.00,1.00
2015.06.22 16:00:17.382,0.71179,0.71196,1.00,1.00
2015.06.22 16:00:17.785,0.7118,0.71198,1.00,1.00
2015.06.22 16:00:18.007,0.7118,0.71196,1.00,1.00
2015.06.22 16:00:18.636,0.7118,0.71197,1.00,1.00
2015.06.22 16:00:19.996,0.7118,0.71196,1.00,1.00
2015.06.22 16:00:20.302,0.7118,0.71193,1.00,1.00
2015.06.22 16:00:20.532,0.71179,0.71195,1.00,1.00
2015.06.22 16:00:20.737,0.7118,0.71198,1.00,1.00
2015.06.22 16:00:21.262,0.7118,0.71196,1.00,1.00
2015.06.22 16:00:21.585,0.71184,0.71196,1.00,1.00
2015.06.22 16:00:21.841,0.7118,0.71197,1.00,1.00
2015.06.22 16:00:21.992,0.7118,0.71195,1.00,1.00
2015.06.22 16:00:22.542,0.71179,0.71195,1.00,1.00
2015.06.22 16:00:23.463,0.7118,0.71195,1.00,1.00
2015.06.22 16:00:24.248,0.71175,0.71195,1.00,1.00
2015.06.22 16:00:24.399,0.71174,0.7119,1.00,1.00
2015.06.22 16:00:24.500,0.71174,0.71192,1.00,1.00
2015.06.22 16:00:25.263,0.71186,0.71192,1.00,1.00
2015.06.22 16:00:25.319,0.71199,0.71215,1.00,1.00
2015.06.22 16:00:25.703,0.712,0.71217,1.00,1.00
2015.06.22 16:00:26.305,0.71199,0.71218,1.00,1.00
2015.06.22 16:00:26.356,0.71204,0.71217,1.00,1.00
2015.06.22 16:00:27.024,0.71205,0.71217,1.00,1.00
2015.06.22 16:00:27.093,0.712,0.71217,1.00,1.00
2015.06.22 16:00:27.448,0.712,0.71219,1.00,1.00
2015.06.22 16:00:28.432,0.712,0.71218,1.00,1.00
2015.06.22 16:00:29.027,0.712,0.71219,1.00,1.00
2015.06.22 16:00:29.078,0.71205,0.71219,1.00,1.00
2015.06.22 16:00:31.622,0.71205,0.7122,1.00,1.00
2015.06.22 16:00:32.161,0.71204,0.7122,1.00,1.00
2015.06.22 16:00:32.723,0.71205,0.7122,1.00,1.00
2015.06.22 16:00:33.590,0.71204,0.7122,1.00,1.00
2015.06.22 16:00:35.563,0.71205,0.71219,1.00,1.00
2015.06.22 16:00:36.072,0.71205,0.7122,1.00,1.00
2015.06.22 16:00:38.584,0.71205,0.71219,1.00,1.00
2015.06.22 16:00:39.119,0.71205,0.7122,1.00,1.00
2015.06.22 16:00:39.508,0.7121,0.71221,1.00,1.00
2015.06.22 16:00:40.337,0.71209,0.71221,1.00,1.00
2015.06.22 16:00:41.392,0.71209,0.71222,1.00,1.00
2015.06.22 16:00:41.763,0.71213,0.71223,1.00,1.00
2015.06.22 16:00:42.613,0.7121,0.71223,1.00,1.00
2015.06.22 16:00:44.404,0.71213,0.71223,1.00,1.00
2015.06.22 16:00:44.913,0.7121,0.71223,1.00,1.00
2015.06.22 16:00:45.463,0.71213,0.71223,1.00,1.00
2015.06.22 16:00:46.388,0.71214,0.71222,1.00,1.00
2015.06.22 16:00:46.489,0.71215,0.71226,1.00,1.00
2015.06.22 16:00:46.591,0.7122,0.71226,1.00,1.00
2015.06.22 16:00:46.843,0.7122,0.71229,1.00,1.00
2015.06.22 16:00:47.491,0.7122,0.71231,1.00,1.00
2015.06.22 16:00:49.078,0.71215,0.71231,1.00,1.00
2015.06.22 16:00:49.462,0.71219,0.71232,1.00,1.00
2015.06.22 16:00:49.563,0.71225,0.71239,1.00,1.00
2015.06.22 16:00:51.115,0.71224,0.71239,1.00,1.00
2015.06.22 16:00:51.731,0.71225,0.71239,1.00,1.00
2015.06.22 16:00:52.111,0.7122,0.7124,1.00,1.00
2015.06.22 16:00:53.077,0.71219,0.71237,1.00,1.00
2015.06.22 16:00:53.288,0.71215,0.71238,1.00,1.00
2015.06.22 16:00:53.389,0.7122,0.71238,1.00,1.00
2015.06.22 16:00:53.939,0.7122,0.71237,1.00,1.00
2015.06.22 16:00:54.610,0.71219,0.71236,1.00,1.00
2015.06.22 16:00:54.863,0.7122,0.71238,1.00,1.00
2015.06.22 16:00:55.438,0.71219,0.71237,1.00,1.00
2015.06.22 16:00:56.047,0.7122,0.71238,1.00,1.00
2015.06.22 16:00:56.773,0.71219,0.71237,1.00,1.00
2015.06.22 16:00:57.284,0.71219,0.71236,1.00,1.00
2015.06.22 16:00:57.335,0.71215,0.71236,1.00,1.00
2015.06.22 16:00:58.087,0.7122,0.71236,1.00,1.00
2015.06.22 16:00:58.138,0.71215,0.71236,1.00,1.00
2015.06.22 16:01:00.430,0.7122,0.71236,1.00,1.00
2015.06.22 16:01:00.481,0.7122,0.71238,1.00,1.00
2015.06.22 16:01:00.948,0.71225,0.71238,1.00,1.00
2015.06.22 16:01:01.074,0.7122,0.71238,1.00,1.00
2015.06.22 16:01:01.661,0.7122,0.71237,1.00,1.00
2015.06.22 16:01:02.466,0.71224,0.71237,1.00,1.00
2015.06.22 16:01:02.862,0.71224,0.71239,1.00,1.00
2015.06.22 16:01:03.036,0.7122,0.71239,1.00,1.00
2015.06.22 16:01:03.896,0.71225,0.71239,1.00,1.00
2015.06.22 16:01:04.442,0.71224,0.71238,1.00,1.00
2015.06.22 16:01:05.141,0.71225,0.71238,1.00,1.00
2015.06.22 16:01:05.873,0.71224,0.71238,1.00,1.00
2015.06.22 16:01:07.072,0.71225,0.71239,1.00,1.00
2015.06.22 16:01:10.713,0.7123,0.71239,1.00,1.00
2015.06.22 16:01:10.869,0.71225,0.71239,1.00,1.00
2015.06.22 16:01:14.955,0.71224,0.71239,1.00,1.00
2015.06.22 16:01:16.887,0.71225,0.71241,1.00,1.00
2015.06.22 16:01:17.887,0.71225,0.71239,1.00,1.00
2015.06.22 16:01:19.299,0.71225,0.7124,1.00,1.00
2015.06.22 16:01:19.849,0.71225,0.71239,1.00,1.00
2015.06.22 16:01:21.424,0.71224,0.7124,1.00,1.00
2015.06.22 16:01:22.218,0.71225,0.71239,1.00,1.00
2015.06.22 16:01:22.872,0.71224,0.71239,1.00,1.00
2015.06.22 16:01:23.033,0.7122,0.71239,1.00,1.00
2015.06.22 16:01:23.847,0.71219,0.71238,1.00,1.00
2015.06.22 16:01:24.461,0.7122,0.71239,1.00,1.00
2015.06.22 16:01:24.924,0.71225,0.71239,1.00,1.00
2015.06.22 16:01:27.221,0.71225,0.71238,1.00,1.00
2015.06.22 16:01:28.202,0.7122,0.71238,1.00,1.00
2015.06.22 16:01:28.312,0.71225,0.71238,1.00,1.00
2015.06.22 16:01:28.715,0.7122,0.71238,1.00,1.00
2015.06.22 16:01:29.433,0.7122,0.71237,1.00,1.00
2015.06.22 16:01:30.422,0.7122,0.71236,1.00,1.00
2015.06.22 16:01:30.524,0.71219,0.71239,1.00,1.00
2015.06.22 16:01:30.625,0.71225,0.71239,1.00,1.00
2015.06.22 16:01:31.166,0.71225,0.7124,1.00,1.00
2015.06.22 16:01:32.382,0.7122,0.7124,1.00,1.00
2015.06.22 16:01:33.161,0.7122,0.71239,1.00,1.00
2015.06.22 16:01:33.632,0.71225,0.71239,1.00,1.00
2015.06.22 16:01:33.812,0.71219,0.71239,1.00,1.00
2015.06.22 16:01:35.562,0.7122,0.71239,1.00,1.00
2015.06.22 16:01:35.844,0.7122,0.71241,1.00,1.35
2015.06.22 16:01:35.945,0.7122,0.71237,1.00,1.00
2015.06.22 16:01:36.658,0.7122,0.71236,1.00,1.00
2015.06.22 16:01:37.307,0.71219,0.71236,1.00,1.00
2015.06.22 16:01:38.082,0.7122,0.71236,1.00,1.00
2015.06.22 16:01:38.991,0.7122,0.71239,1.00,1.00
2015.06.22 16:01:39.977,0.71219,0.71239,1.00,1.00
2015.06.22 16:01:40.510,0.7122,0.71239,1.00,1.00
2015.06.22 16:01:40.662,0.7122,0.71237,1.00,1.00
2015.06.22 16:01:41.386,0.7122,0.71238,1.00,1.00
2015.06.22 16:01:44.180,0.7122,0.71236,1.00,1.00
2015.06.22 16:01:50.362,0.71225,0.71234,1.00,1.00
2015.06.22 16:01:50.464,0.7122,0.7124,1.00,1.00
2015.06.22 16:01:51.012,0.71219,0.71241,1.00,1.00
2015.06.22 16:01:51.522,0.7122,0.71237,1.00,1.00
2015.06.22 16:01:52.993,0.7122,0.71238,1.00,1.00
2015.06.22 16:01:53.722,0.71219,0.71238,1.00,1.00
2015.06.22 16:01:54.622,0.71219,0.71239,1.00,1.00
2015.06.22 16:01:54.723,0.71215,0.71239,1.00,1.00
2015.06.22 16:01:54.961,0.7122,0.71239,1.00,1.00
2015.06.22 16:01:57.792,0.71219,0.71239,1.00,1.00
2015.06.22 16:01:58.307,0.71219,0.71238,1.00,1.00
2015.06.22 16:01:58.932,0.7122,0.71238,1.00,1.00
2015.06.22 16:01:59.441,0.7122,0.71237,1.00,1.00
2015.06.22 16:02:00.449,0.71219,0.71236,1.00,1.00
2015.06.22 16:02:00.971,0.7122,0.71235,1.00,1.00
2015.06.22 16:02:01.967,0.71214,0.71235,1.00,1.00
2015.06.22 16:02:02.851,0.7122,0.71235,1.00,1.00
2015.06.22 16:02:03.458,0.71215,0.71235,1.00,1.00
2015.06.22 16:02:04.120,0.71215,0.71236,1.00,1.00
2015.06.22 16:02:06.053,0.71214,0.71235,1.00,1.00
2015.06.22 16:02:06.562,0.71215,0.71235,1.00,1.00
2015.06.22 16:02:08.576,0.71215,0.71236,1.00,1.00
2015.06.22 16:02:10.741,0.71215,0.71235,1.00,1.00
2015.06.22 16:02:12.425,0.71214,0.71235,1.00,1.00
2015.06.22 16:02:14.595,0.71215,0.71235,1.00,1.00
2015.06.22 16:02:15.259,0.71214,0.71235,1.00,1.00
2015.06.22 16:02:16.100,0.71215,0.71236,1.00,1.00
2015.06.22 16:02:16.760,0.71215,0.71235,1.00,1.00
2015.06.22 16:02:17.341,0.71215,0.71234,1.00,1.00
2015.06.22 16:02:17.872,0.71214,0.71235,1.00,1.00
2015.06.22 16:02:18.413,0.71215,0.71236,1.00,1.00
2015.06.22 16:02:19.572,0.71214,0.71236,1.00,1.00
2015.06.22 16:02:20.131,0.71215,0.71236,1.00,1.00
2015.06.22 16:02:21.704,0.71215,0.71237,1.00,1.00
2015.06.22 16:02:22.541,0.7122,0.71237,1.00,1.00
2015.06.22 16:02:24.094,0.71215,0.71236,1.00,1.00
2015.06.22 16:02:24.677,0.71214,0.71236,1.00,1.00
2015.06.22 16:02:25.206,0.71215,0.71236,1.00,1.00
2015.06.22 16:02:25.714,0.71215,0.71237,1.00,1.00
2015.06.22 16:02:26.221,0.71214,0.71237,1.00,1.00
2015.06.22 16:02:26.439,0.7121,0.71237,1.00,1.60
2015.06.22 16:02:26.742,0.712,0.71221,1.00,1.00
2015.06.22 16:02:27.198,0.712,0.71214,1.00,1.00
2015.06.22 16:02:27.249,0.71195,0.71214,1.00,1.00
2015.06.22 16:02:27.408,0.7119,0.71212,1.00,1.00
2015.06.22 16:02:28.748,0.7119,0.71211,1.00,1.00
2015.06.22 16:02:30.818,0.71189,0.71212,1.00,1.00
2015.06.22 16:02:30.919,0.71195,0.71212,1.00,1.00
2015.06.22 16:02:31.056,0.71195,0.71215,1.00,1.00
2015.06.22 16:02:33.669,0.71194,0.71215,1.00,1.00
2015.06.22 16:02:34.416,0.71194,0.71214,1.00,1.00
2015.06.22 16:02:34.758,0.71194,0.71211,1.00,1.00
2015.06.22 16:02:35.540,0.71194,0.71212,1.00,1.00
2015.06.22 16:02:40.434,0.71195,0.71212,1.00,1.00
2015.06.22 16:02:42.020,0.71195,0.71213,1.00,1.00
2015.06.22 16:02:42.364,0.71189,0.71213,1.00,1.35
2015.06.22 16:02:42.698,0.7119,0.71211,1.00,1.00
2015.06.22 16:02:43.020,0.7119,0.71209,1.00,1.00
2015.06.22 16:02:43.726,0.7119,0.71208,1.00,1.00
2015.06.22 16:02:44.240,0.7119,0.71211,1.00,1.00
2015.06.22 16:02:44.780,0.7119,0.71212,1.00,1.00
2015.06.22 16:02:46.651,0.7119,0.71213,1.00,1.00
2015.06.22 16:02:47.039,0.71195,0.71218,1.00,1.00
2015.06.22 16:02:47.089,0.71195,0.7122,1.00,1.00
2015.06.22 16:02:47.140,0.71199,0.7122,1.00,1.00
2015.06.22 16:02:47.452,0.71195,0.71219,1.00,1.00
2015.06.22 16:02:47.558,0.71195,0.71217,1.00,1.00
2015.06.22 16:02:47.631,0.71195,0.71219,1.00,1.00
2015.06.22 16:02:48.148,0.71195,0.71217,1.00,1.00
2015.06.22 16:02:49.169,0.71195,0.71218,1.00,1.00
2015.06.22 16:02:50.075,0.712,0.71218,1.00,1.00
2015.06.22 16:02:50.723,0.71199,0.71218,1.00,1.00
2015.06.22 16:02:52.371,0.712,0.71218,1.00,1.00
2015.06.22 16:02:52.928,0.712,0.71219,1.00,1.00
2015.06.22 16:02:55.674,0.71195,0.71218,1.00,1.00
2015.06.22 16:02:56.220,0.71195,0.71217,1.00,1.00
2015.06.22 16:02:56.770,0.71195,0.71218,1.00,1.00
2015.06.22 16:02:57.336,0.71194,0.71218,1.00,1.00
2015.06.22 16:02:57.658,0.71195,0.71216,1.00,1.00
2015.06.22 16:02:58.269,0.71195,0.71217,1.00,1.00
2015.06.22 16:02:58.971,0.71195,0.71216,1.00,1.00
2015.06.22 16:02:59.780,0.71194,0.71216,1.50,1.00
2015.06.22 16:03:00.390,0.71194,0.71215,1.50,1.00
2015.06.22 16:03:03.151,0.71195,0.71215,1.00,1.00
2015.06.22 16:03:07.184,0.71195,0.71213,1.00,1.00
2015.06.22 16:03:07.920,0.71194,0.71213,1.00,1.00
2015.06.22 16:03:09.861,0.71194,0.71212,1.00,1.00
2015.06.22 16:03:10.402,0.71195,0.71218,1.00,1.00
2015.06.22 16:03:10.630,0.712,0.71218,1.00,1.00
2015.06.22 16:03:11.279,0.712,0.71217,1.00,1.00
2015.06.22 16:03:12.871,0.71195,0.71217,1.00,1.00
2015.06.22 16:03:13.382,0.71195,0.71216,1.00,1.00
2015.06.22 16:03:14.689,0.71195,0.71217,1.00,1.00
2015.06.22 16:03:15.830,0.71195,0.71214,1.00,1.00
2015.06.22 16:03:16.340,0.71195,0.71215,1.00,1.00
2015.06.22 16:03:17.588,0.71195,0.71214,1.00,1.00
2015.06.22 16:03:19.567,0.71195,0.71213,1.00,1.00
2015.06.22 16:03:22.610,0.71195,0.71211,1.00,1.00
2015.06.22 16:03:22.661,0.7119,0.71211,1.00,1.00
2015.06.22 16:03:23.864,0.7119,0.71209,1.00,1.00
2015.06.22 16:03:27.161,0.7119,0.7121,1.00,1.00
2015.06.22 16:03:27.771,0.71189,0.7121,1.00,1.00
2015.06.22 16:03:28.888,0.7119,0.7121,1.00,1.00
2015.06.22 16:03:29.979,0.7119,0.71211,1.00,1.35
2015.06.22 16:03:30.760,0.71189,0.71211,1.00,1.35
2015.06.22 16:03:31.298,0.71189,0.7121,1.00,1.00
2015.06.22 16:03:34.371,0.71195,0.71211,1.00,1.35
2015.06.22 16:03:34.643,0.7119,0.7121,1.00,1.00
2015.06.22 16:03:35.149,0.7119,0.71209,1.00,1.00
2015.06.22 16:03:36.579,0.7119,0.71208,1.00,1.00
2015.06.22 16:03:37.611,0.7119,0.71209,1.00,1.00
2015.06.22 16:03:38.821,0.7119,0.71206,1.00,1.00
2015.06.22 16:03:39.471,0.71189,0.71206,1.00,1.00
2015.06.22 16:03:44.517,0.71189,0.71203,1.00,1.00
2015.06.22 16:03:44.568,0.71185,0.71203,1.00,1.60
2015.06.22 16:03:44.980,0.71185,0.71203,1.00,1.00
2015.06.22 16:03:45.081,0.7119,0.71206,1.00,1.00
2015.06.22 16:03:45.182,0.71189,0.7121,1.00,1.00
2015.06.22 16:03:45.773,0.7119,0.7121,1.00,1.00
2015.06.22 16:03:46.314,0.7119,0.71211,1.00,1.00
2015.06.22 16:03:46.936,0.71189,0.71211,1.00,1.00
2015.06.22 16:03:47.451,0.71189,0.7121,1.00,1.00
2015.06.22 16:03:49.942,0.7119,0.7121,1.00,1.00
2015.06.22 16:03:50.890,0.71189,0.7121,1.00,1.00
2015.06.22 16:03:51.109,0.71195,0.7121,1.00,1.00
2015.06.22 16:03:55.181,0.7119,0.7121,1.00,1.00
2015.06.22 16:03:55.618,0.7119,0.71212,1.00,1.00
2015.06.22 16:03:55.739,0.71195,0.71212,1.00,1.00
2015.06.22 16:03:56.672,0.71195,0.7121,1.00,1.00
2015.06.22 16:03:57.648,0.71194,0.71211,1.00,1.00
2015.06.22 16:03:58.189,0.71195,0.71211,1.00,1.00
2015.06.22 16:03:59.030,0.71195,0.71214,1.00,1.00
2015.06.22 16:03:59.925,0.712,0.71217,1.00,1.00
2015.06.22 16:04:00.789,0.712,0.71218,1.00,1.00
2015.06.22 16:04:01.816,0.712,0.71219,1.00,1.00
2015.06.22 16:04:02.017,0.712,0.71222,1.00,1.00
2015.06.22 16:04:07.217,0.712,0.71221,1.00,1.00
2015.06.22 16:04:08.380,0.71205,0.71221,1.00,1.00
2015.06.22 16:04:08.522,0.712,0.71221,1.00,1.00
2015.06.22 16:04:09.038,0.71199,0.71221,1.00,1.00
2015.06.22 16:04:09.992,0.712,0.71219,1.00,1.00
2015.06.22 16:04:10.043,0.71195,0.71219,1.00,1.00
2015.06.22 16:04:10.362,0.712,0.7122,1.00,1.00
2015.06.22 16:04:12.119,0.71199,0.7122,1.00,1.00
2015.06.22 16:04:13.218,0.71199,0.71219,1.00,1.00
2015.06.22 16:04:19.819,0.712,0.71219,1.00,1.00
2015.06.22 16:04:21.827,0.712,0.7122,1.00,1.00
2015.06.22 16:04:22.377,0.71205,0.71222,1.00,1.00
2015.06.22 16:04:23.010,0.71205,0.71221,1.00,1.00
2015.06.22 16:04:23.558,0.71204,0.71222,1.00,1.00
2015.06.22 16:04:24.335,0.71205,0.71222,1.00,1.00
2015.06.22 16:04:27.025,0.712,0.71222,1.00,1.00
2015.06.22 16:04:27.076,0.712,0.7122,1.00,1.00
2015.06.22 16:04:29.536,0.712,0.71221,1.00,1.00
2015.06.22 16:04:30.840,0.712,0.71219,1.00,1.00
2015.06.22 16:04:39.958,0.71199,0.71219,1.00,1.00
2015.06.22 16:04:40.500,0.712,0.71219,1.00,1.00
2015.06.22 16:04:40.839,0.71195,0.71219,1.00,1.00
2015.06.22 16:04:41.094,0.71195,0.71216,1.00,1.00
2015.06.22 16:04:42.415,0.71194,0.71215,1.00,1.00
2015.06.22 16:04:46.329,0.71195,0.71215,1.00,1.00
2015.06.22 16:04:46.899,0.71195,0.71216,1.00,1.00
2015.06.22 16:04:47.443,0.7119,0.71215,1.00,1.00
2015.06.22 16:04:48.209,0.7119,0.71213,1.00,1.00
2015.06.22 16:04:52.566,0.7119,0.71212,1.00,1.00
2015.06.22 16:04:52.869,0.71185,0.71206,1.00,1.00
2015.06.22 16:04:55.365,0.71185,0.71207,1.00,1.00
2015.06.22 16:04:55.418,0.71181,0.71207,1.00,1.00
2015.06.22 16:04:58.574,0.7119,0.71213,1.00,1.00
2015.06.22 16:04:58.676,0.7119,0.71215,1.00,1.00
2015.06.22 16:04:59.795,0.7119,0.71216,1.00,1.00
2015.06.22 16:05:00.579,0.71189,0.71216,1.00,1.00
2015.06.22 16:05:01.342,0.7119,0.71216,1.50,1.00
2015.06.22 16:05:01.397,0.71191,0.71214,1.50,1.50
2015.06.22 16:05:01.700,0.71194,0.71216,1.50,1.00
2015.06.22 16:05:02.758,0.71194,0.71217,1.50,2.25
2015.06.22 16:05:04.005,0.71196,0.71218,1.00,1.00
2015.06.22 16:05:04.552,0.71197,0.71218,1.00,1.00
2015.06.22 16:05:05.355,0.71198,0.71218,1.00,1.00
2015.06.22 16:05:05.945,0.71199,0.7122,1.00,2.10
2015.06.22 16:05:06.096,0.71204,0.71221,1.00,1.00
2015.06.22 16:05:06.147,0.71204,0.71224,1.00,1.00
2015.06.22 16:05:06.348,0.71206,0.71227,1.00,1.00
2015.06.22 16:05:06.940,0.71207,0.71227,1.00,1.00
2015.06.22 16:05:07.046,0.71207,0.71225,1.00,1.00
2015.06.22 16:05:07.247,0.71205,0.71225,1.00,1.00
2015.06.22 16:05:08.590,0.71204,0.71225,1.50,1.00
2015.06.22 16:05:09.072,0.71202,0.71223,1.50,1.00
2015.06.22 16:05:09.402,0.712,0.7122,1.00,1.00
2015.06.22 16:05:09.704,0.712,0.71218,1.00,1.00
2015.06.22 16:05:10.431,0.71201,0.71221,1.00,1.00
2015.06.22 16:05:11.058,0.71201,0.71224,1.00,1.50
2015.06.22 16:05:11.961,0.7121,0.71221,1.00,1.50
2015.06.22 16:05:12.162,0.7121,0.71224,1.00,1.00
2015.06.22 16:05:12.263,0.71209,0.71228,1.00,1.00
2015.06.22 16:05:12.741,0.7121,0.7123,1.00,1.00
2015.06.22 16:05:12.842,0.7121,0.71235,1.00,1.35
2015.06.22 16:05:13.367,0.71209,0.71235,1.50,1.35
2015.06.22 16:05:14.775,0.7121,0.71235,1.00,1.35
2015.06.22 16:05:15.416,0.7121,0.71235,1.00,1.60
2015.06.22 16:05:15.969,0.7121,0.71233,1.00,1.60
2015.06.22 16:05:16.810,0.71206,0.71232,1.00,1.60
2015.06.22 16:05:18.891,0.7121,0.71234,1.00,1.60
2015.06.22 16:05:22.247,0.71209,0.71234,1.00,1.60
2015.06.22 16:05:22.924,0.7121,0.71234,1.00,1.60
2015.06.22 16:05:28.298,0.71208,0.71234,1.00,1.60
2015.06.22 16:05:28.872,0.7121,0.71234,1.00,1.60
2015.06.22 16:05:29.937,0.71208,0.71234,1.00,1.60
2015.06.22 16:05:30.551,0.71207,0.71233,1.00,1.60
2015.06.22 16:05:31.257,0.7121,0.71233,1.00,1.60
2015.06.22 16:05:31.308,0.71207,0.71233,1.00,1.60
2015.06.22 16:05:31.409,0.7121,0.71233,1.00,1.60
2015.06.22 16:05:31.639,0.71208,0.71234,1.00,1.60
2015.06.22 16:05:31.819,0.7121,0.71234,1.00,1.60
2015.06.22 16:05:32.856,0.71208,0.71234,1.00,1.60
2015.06.22 16:05:33.366,0.71207,0.71233,1.00,1.60
2015.06.22 16:05:35.827,0.71206,0.71232,1.00,1.60
2015.06.22 16:05:36.418,0.71204,0.7123,1.50,1.35
2015.06.22 16:05:36.787,0.71202,0.7123,1.00,2.10
2015.06.22 16:05:36.927,0.71202,0.71228,1.00,1.00
2015.06.22 16:05:38.044,0.71201,0.71229,1.00,1.00
2015.06.22 16:05:38.347,0.71205,0.7123,1.00,1.60
2015.06.22 16:05:38.664,0.71202,0.71223,1.00,1.00
2015.06.22 16:05:39.300,0.71202,0.71225,1.50,1.50
2015.06.22 16:05:39.351,0.71202,0.71225,1.50,2.10
2015.06.22 16:05:39.889,0.71205,0.71224,1.00,1.00
2015.06.22 16:05:40.091,0.71203,0.71224,1.00,1.00
2015.06.22 16:05:40.411,0.71208,0.71229,1.00,1.00
2015.06.22 16:05:41.058,0.7121,0.71229,1.00,1.00
2015.06.22 16:05:43.605,0.7121,0.71231,1.50,1.00
2015.06.22 16:05:48.417,0.7121,0.71228,1.00,1.00
2015.06.22 16:05:51.441,0.7121,0.71226,1.00,1.00
2015.06.22 16:05:51.492,0.71206,0.71226,1.00,1.00
2015.06.22 16:05:51.744,0.71204,0.71224,1.50,1.00
2015.06.22 16:05:52.001,0.71204,0.71227,2.25,2.10
2015.06.22 16:05:52.152,0.71206,0.71227,1.00,1.50
2015.06.22 16:05:52.478,0.7121,0.71228,1.00,1.00
2015.06.22 16:05:52.940,0.71208,0.71228,1.00,1.00
2015.06.22 16:05:54.556,0.71207,0.71228,1.50,1.35
2015.06.22 16:05:54.657,0.71207,0.71226,1.00,1.00
2015.06.22 16:05:55.175,0.71206,0.71226,1.00,1.00
2015.06.22 16:05:55.849,0.71205,0.71226,2.25,1.00
2015.06.22 16:05:59.204,0.712,0.71217,1.50,1.00
2015.06.22 16:05:59.255,0.712,0.71221,1.50,1.00
2015.06.22 16:06:00.854,0.712,0.71219,1.50,1.00
2015.06.22 16:06:01.058,0.712,0.71221,1.00,1.00
2015.06.22 16:06:01.793,0.71199,0.71221,2.25,1.00
2015.06.22 16:06:02.350,0.712,0.71221,1.50,1.00
2015.06.22 16:06:02.660,0.71202,0.71223,1.00,1.35
2015.06.22 16:06:03.202,0.71202,0.71222,1.00,1.00
2015.06.22 16:06:03.539,0.712,0.7122,1.00,1.50
2015.06.22 16:06:04.349,0.71199,0.7122,1.00,1.50
2015.06.22 16:06:04.679,0.71199,0.71217,1.00,1.00
2015.06.22 16:06:05.882,0.712,0.71218,1.00,1.00
2015.06.22 16:06:06.238,0.712,0.71221,1.50,1.00
2015.06.22 16:06:06.416,0.71205,0.71221,1.00,1.00
2015.06.22 16:06:07.233,0.71204,0.71221,1.00,1.00
2015.06.22 16:06:07.337,0.71202,0.71221,1.00,1.00
2015.06.22 16:06:07.438,0.71205,0.71223,1.00,1.00
2015.06.22 16:06:08.337,0.7121,0.71223,1.00,1.00
2015.06.22 16:06:08.488,0.7121,0.71229,1.00,1.00
2015.06.22 16:06:08.539,0.71208,0.71229,1.50,1.00
2015.06.22 16:06:08.649,0.7121,0.71232,1.00,1.50
2015.06.22 16:06:09.607,0.71209,0.71232,1.00,1.50
2015.06.22 16:06:10.710,0.7121,0.71232,1.50,1.50
2015.06.22 16:06:12.289,0.7121,0.71233,2.25,1.50
2015.06.22 16:06:12.979,0.7121,0.7123,1.00,1.00
2015.06.22 16:06:16.282,0.71211,0.71232,1.00,1.00
2015.06.22 16:06:16.332,0.71215,0.71232,1.00,1.00
2015.06.22 16:06:17.129,0.71213,0.71232,1.00,1.00
2015.06.22 16:06:17.230,0.71211,0.71232,1.50,1.00
2015.06.22 16:06:18.995,0.7121,0.71231,1.00,1.00
2015.06.22 16:06:19.096,0.71208,0.71226,1.00,1.00
2015.06.22 16:06:19.147,0.71206,0.71226,1.00,1.00
2015.06.22 16:06:19.765,0.71205,0.71226,2.25,1.00
2015.06.22 16:06:22.219,0.7121,0.71226,1.00,1.00
2015.06.22 16:06:22.421,0.7121,0.71229,1.00,1.00
2015.06.22 16:06:23.249,0.71208,0.71229,1.50,1.00
2015.06.22 16:06:42.820,0.71209,0.71229,1.00,1.00
2015.06.22 16:06:43.026,0.7121,0.71231,1.00,1.00
2015.06.22 16:06:43.127,0.71212,0.71233,1.00,1.00
2015.06.22 16:06:43.711,0.71215,0.71235,1.00,1.00
2015.06.22 16:06:45.017,0.71222,0.71242,1.00,1.00
2015.06.22 16:06:45.132,0.71216,0.71237,1.00,1.50
2015.06.22 16:06:45.183,0.71215,0.71233,1.00,1.00
2015.06.22 16:06:45.234,0.7121,0.71233,1.00,1.00
2015.06.22 16:06:45.335,0.71209,0.7123,2.25,1.00
2015.06.22 16:06:45.536,0.71207,0.71229,1.00,1.00
2015.06.22 16:06:46.287,0.71207,0.71228,1.00,1.00
2015.06.22 16:06:48.018,0.71209,0.71228,1.00,1.00
2015.06.22 16:06:48.170,0.71209,0.7123,1.50,1.00
2015.06.22 16:06:50.073,0.7121,0.7123,1.00,1.00
2015.06.22 16:06:50.689,0.71209,0.7123,1.00,1.00
2015.06.22 16:06:51.801,0.71211,0.7123,1.00,1.00
2015.06.22 16:06:51.852,0.71212,0.71233,1.00,1.00
2015.06.22 16:06:52.054,0.71213,0.71235,1.50,1.50
2015.06.22 16:06:52.606,0.71213,0.71236,1.50,2.25
2015.06.22 16:06:52.858,0.71212,0.71233,1.00,1.00
2015.06.22 16:06:53.063,0.71209,0.71235,1.00,1.50
2015.06.22 16:06:55.648,0.71208,0.71236,1.00,1.00
2015.06.22 16:06:56.188,0.71208,0.71235,1.00,1.00
2015.06.22 16:06:56.293,0.7121,0.71236,1.00,1.00
2015.06.22 16:06:56.758,0.71213,0.71239,1.00,1.00
2015.06.22 16:06:57.078,0.71215,0.71239,1.00,1.00
2015.06.22 16:06:57.179,0.71213,0.71239,1.00,1.00
2015.06.22 16:06:57.470,0.71215,0.71238,1.00,1.00
2015.06.22 16:06:58.119,0.71215,0.71239,1.00,1.00
2015.06.22 16:06:58.170,0.71208,0.71235,1.00,1.00
2015.06.22 16:06:58.734,0.71207,0.71235,1.00,1.50
2015.06.22 16:06:59.246,0.71208,0.71234,1.00,1.00
2015.06.22 16:06:59.793,0.71209,0.71235,1.00,1.50
2015.06.22 16:07:00.200,0.71207,0.71235,1.00,1.00
2015.06.22 16:07:00.842,0.71207,0.71236,1.00,1.50
2015.06.22 16:07:01.445,0.71208,0.71235,1.00,1.00
2015.06.22 16:07:01.546,0.7121,0.71236,1.00,1.00
2015.06.22 16:07:02.094,0.71209,0.71235,1.00,1.50
2015.06.22 16:07:02.605,0.7121,0.71235,1.00,1.00
2015.06.22 16:07:02.725,0.71208,0.71234,1.00,1.00
2015.06.22 16:07:03.621,0.71209,0.71235,1.00,1.50
2015.06.22 16:07:03.936,0.71211,0.71235,1.00,1.00
2015.06.22 16:07:04.823,0.71213,0.71233,1.00,1.00
2015.06.22 16:07:05.474,0.71212,0.71233,1.00,1.00
2015.06.22 16:07:06.039,0.71211,0.7123,1.00,1.00
2015.06.22 16:07:06.697,0.7121,0.7123,1.00,1.00
2015.06.22 16:07:07.559,0.71209,0.7123,1.50,1.00
2015.06.22 16:07:09.885,0.71209,0.71229,1.00,1.00
2015.06.22 16:07:09.986,0.71204,0.71225,1.00,1.50
2015.06.22 16:07:13.416,0.71205,0.71225,1.00,1.50
2015.06.22 16:07:13.545,0.71203,0.71225,1.00,1.50
2015.06.22 16:07:15.073,0.71203,0.7123,1.00,1.00
2015.06.22 16:07:15.485,0.71205,0.7123,1.00,1.00
2015.06.22 16:07:16.003,0.71204,0.7123,1.00,1.50
2015.06.22 16:07:16.597,0.71202,0.7123,1.00,1.50
2015.06.22 16:07:16.698,0.712,0.71226,1.50,1.00
2015.06.22 16:07:17.007,0.71197,0.7122,1.00,1.00
2015.06.22 16:07:17.058,0.71197,0.71223,1.00,1.00
2015.06.22 16:07:17.383,0.71195,0.71223,1.00,1.00
2015.06.22 16:07:17.787,0.71195,0.7122,1.00,1.00
2015.06.22 16:07:19.363,0.71194,0.7122,1.00,1.00
2015.06.22 16:07:20.877,0.71194,0.71221,1.00,1.00
2015.06.22 16:07:21.414,0.71195,0.71221,1.00,1.50
2015.06.22 16:07:23.086,0.71195,0.7122,1.00,1.00
2015.06.22 16:07:23.959,0.71195,0.71221,1.00,2.25
2015.06.22 16:07:24.655,0.71196,0.71221,1.00,1.50
2015.06.22 16:07:25.268,0.71196,0.7122,1.00,1.00
2015.06.22 16:07:25.837,0.71197,0.7122,1.00,1.00
2015.06.22 16:07:29.604,0.71198,0.7122,1.00,1.00
2015.06.22 16:07:30.246,0.71199,0.7122,1.00,1.00
2015.06.22 16:07:30.347,0.71199,0.71225,1.00,1.00
2015.06.22 16:07:30.706,0.712,0.7122,1.00,1.00
2015.06.22 16:07:30.808,0.71197,0.7122,1.00,1.00
2015.06.22 16:07:31.025,0.71199,0.7122,1.00,1.00
2015.06.22 16:07:31.557,0.71198,0.7122,1.00,1.00
2015.06.22 16:07:32.094,0.71199,0.7122,1.00,1.00
2015.06.22 16:07:34.769,0.71197,0.7122,1.00,1.00
2015.06.22 16:07:34.844,0.71199,0.7122,1.00,1.00
2015.06.22 16:07:37.956,0.71198,0.7122,1.00,1.00
2015.06.22 16:07:38.258,0.71205,0.71225,1.00,1.00
2015.06.22 16:07:40.696,0.71204,0.71225,1.00,1.00
2015.06.22 16:07:40.905,0.71204,0.7123,1.00,1.50
2015.06.22 16:07:41.487,0.71204,0.71225,1.00,1.00
2015.06.22 16:07:42.302,0.71205,0.71225,1.00,1.00
2015.06.22 16:07:42.782,0.71205,0.7123,1.00,1.00
2015.06.22 16:07:43.531,0.71206,0.7123,1.00,1.00
2015.06.22 16:07:44.218,0.71205,0.7123,1.00,1.00
2015.06.22 16:07:45.514,0.71206,0.7123,1.00,1.00
2015.06.22 16:07:45.759,0.71204,0.7123,1.00,1.00
2015.06.22 16:07:46.176,0.71206,0.7123,1.00,1.00
2015.06.22 16:07:46.719,0.71205,0.7123,1.00,1.00
2015.06.22 16:07:48.335,0.71203,0.71229,1.00,1.00
2015.06.22 16:07:48.386,0.712,0.71225,1.00,1.00
2015.06.22 16:07:48.537,0.71198,0.71224,1.00,1.00
2015.06.22 16:07:48.826,0.71197,0.7122,1.00,1.00
2015.06.22 16:07:48.935,0.71197,0.71225,1.00,1.50
2015.06.22 16:07:49.493,0.71198,0.71224,1.00,1.00
2015.06.22 16:07:49.625,0.71198,0.7122,1.00,1.00
2015.06.22 16:07:49.965,0.712,0.7122,1.00,1.00
2015.06.22 16:07:50.066,0.71201,0.71225,1.00,1.00
2015.06.22 16:07:50.167,0.71203,0.71226,1.00,1.00
2015.06.22 16:07:51.009,0.71212,0.71233,1.00,1.00
2015.06.22 16:07:52.605,0.71211,0.71237,1.00,1.00
2015.06.22 16:07:52.714,0.71211,0.71239,1.00,1.00
2015.06.22 16:07:53.339,0.71212,0.71238,1.00,1.00
2015.06.22 16:07:53.922,0.71214,0.7124,1.00,1.50
2015.06.22 16:07:54.326,0.71214,0.71235,1.00,1.00
2015.06.22 16:07:54.838,0.71213,0.71235,1.00,1.00
2015.06.22 16:07:55.098,0.71212,0.71238,1.00,1.00
2015.06.22 16:07:55.529,0.71213,0.7124,1.00,1.00
2015.06.22 16:07:55.688,0.71213,0.71235,1.00,1.00
2015.06.22 16:07:55.990,0.71211,0.71235,1.00,1.00
2015.06.22 16:07:57.544,0.71211,0.71236,1.00,1.00
2015.06.22 16:07:58.249,0.7121,0.71235,1.00,1.00
2015.06.22 16:07:58.908,0.7121,0.71236,1.00,1.00
2015.06.22 16:08:00.208,0.7121,0.71235,1.00,1.00
2015.06.22 16:08:00.816,0.71209,0.71235,1.00,1.50
2015.06.22 16:08:06.914,0.7121,0.71235,1.00,1.00
2015.06.22 16:08:07.456,0.71209,0.71235,1.00,1.50
2015.06.22 16:08:07.679,0.71208,0.7123,1.00,1.00
2015.06.22 16:08:08.335,0.71208,0.71234,1.00,1.00
2015.06.22 16:08:14.464,0.71207,0.7123,1.00,1.00
2015.06.22 16:08:14.699,0.71207,0.71235,1.00,1.00
2015.06.22 16:08:14.850,0.71209,0.71235,1.00,1.00
2015.06.22 16:08:16.144,0.71209,0.71236,1.00,1.00
2015.06.22 16:08:18.934,0.71209,0.71235,1.00,1.00
2015.06.22 16:08:19.636,0.71208,0.71236,1.00,1.50
2015.06.22 16:08:21.104,0.71209,0.71235,1.00,1.00
2015.06.22 16:08:22.854,0.71208,0.71234,1.00,1.00
2015.06.22 16:08:23.258,0.71207,0.71231,1.00,1.00
2015.06.22 16:08:23.310,0.71205,0.71231,1.00,1.50
2015.06.22 16:08:23.883,0.71204,0.7123,1.00,1.50
2015.06.22 16:08:24.460,0.71204,0.71227,1.50,1.00
2015.06.22 16:08:24.987,0.71205,0.71226,1.00,1.00
2015.06.22 16:08:25.617,0.71203,0.71224,1.50,1.00
2015.06.22 16:08:28.588,0.71204,0.71224,1.00,1.00
2015.06.22 16:08:28.967,0.71213,0.71225,1.00,1.00
2015.06.22 16:08:29.018,0.71213,0.71234,1.00,1.00
2015.06.22 16:08:29.371,0.71214,0.71237,1.50,1.50
2015.06.22 16:08:29.764,0.71217,0.71238,1.00,1.00
2015.06.22 16:08:32.121,0.71218,0.71238,1.50,1.00
2015.06.22 16:08:32.171,0.71219,0.7124,1.00,1.00
2015.06.22 16:08:32.463,0.71222,0.71243,1.00,1.00
2015.06.22 16:08:33.023,0.71221,0.71242,1.00,1.00
2015.06.22 16:08:36.739,0.71223,0.71244,1.00,1.50
2015.06.22 16:08:37.135,0.71227,0.71247,1.50,1.00
2015.06.22 16:08:37.672,0.71227,0.71248,1.50,1.00
2015.06.22 16:08:39.258,0.71227,0.71249,1.50,1.00
2015.06.22 16:08:39.360,0.71223,0.71249,1.00,1.00
2015.06.22 16:08:39.931,0.71222,0.7125,1.00,1.50
2015.06.22 16:08:40.827,0.71223,0.7125,1.00,1.50
2015.06.22 16:08:40.888,0.71231,0.7125,1.00,1.00
2015.06.22 16:08:42.448,0.71231,0.71249,1.00,1.00
2015.06.22 16:08:42.498,0.71229,0.71249,1.50,1.00
2015.06.22 16:08:44.734,0.71228,0.71249,1.00,1.50
2015.06.22 16:08:45.626,0.7123,0.71249,1.00,1.00
2015.06.22 16:08:47.293,0.71232,0.71249,1.00,1.00
2015.06.22 16:08:47.900,0.71233,0.71249,1.00,1.00
2015.06.22 16:08:49.099,0.71232,0.71249,1.00,1.00
2015.06.22 16:08:49.803,0.71231,0.71249,1.00,1.00
2015.06.22 16:08:50.512,0.7123,0.71249,1.00,1.00
2015.06.22 16:08:51.109,0.7123,0.7125,1.00,1.00
2015.06.22 16:08:51.692,0.71232,0.7125,1.00,1.50
2015.06.22 16:08:52.437,0.71231,0.7125,1.00,1.50
2015.06.22 16:08:52.488,0.71229,0.7125,1.50,1.50
2015.06.22 16:08:55.129,0.71237,0.7125,1.00,1.50
2015.06.22 16:08:55.180,0.71237,0.71254,1.00,1.00
2015.06.22 16:08:55.683,0.71237,0.71256,1.00,1.00
2015.06.22 16:08:56.843,0.71237,0.71257,1.00,1.00
2015.06.22 16:08:59.042,0.71237,0.71256,1.00,1.00
2015.06.22 16:08:59.531,0.71239,0.71256,1.00,1.00
2015.06.22 16:09:00.912,0.71238,0.71256,1.00,1.50
2015.06.22 16:09:01.560,0.71237,0.71256,1.00,1.50
2015.06.22 16:09:05.061,0.7124,0.71256,1.00,1.00
2015.06.22 16:09:05.111,0.7124,0.71258,1.00,1.00
2015.06.22 16:09:05.162,0.71244,0.71258,1.00,1.00
2015.06.22 16:09:05.213,0.71244,0.71261,1.00,1.00
2015.06.22 16:09:05.314,0.71241,0.71261,1.00,1.00
2015.06.22 16:09:06.009,0.71241,0.7126,1.00,1.00
2015.06.22 16:09:06.627,0.71241,0.71261,1.00,1.00
2015.06.22 16:09:07.386,0.71241,0.7126,1.00,1.00
2015.06.22 16:09:09.030,0.71244,0.7126,1.50,1.00
2015.06.22 16:09:09.513,0.71245,0.71262,1.00,1.50
2015.06.22 16:09:09.564,0.71251,0.71262,1.00,1.00
2015.06.22 16:09:09.615,0.71251,0.71267,1.00,1.00
2015.06.22 16:09:09.716,0.71246,0.71269,1.00,1.00
2015.06.22 16:09:09.767,0.71248,0.71269,1.00,1.00
2015.06.22 16:09:09.868,0.71249,0.71271,1.00,1.00
2015.06.22 16:09:10.684,0.7125,0.71275,1.50,1.50
2015.06.22 16:09:11.193,0.7125,0.71276,2.25,1.50
2015.06.22 16:09:11.505,0.71255,0.71279,1.00,1.00
2015.06.22 16:09:11.606,0.71256,0.71282,1.00,1.00
2015.06.22 16:09:12.051,0.7126,0.71282,1.00,1.00
2015.06.22 16:09:12.152,0.71255,0.71281,1.50,1.00
2015.06.22 16:09:12.354,0.7126,0.71281,1.00,1.00
2015.06.22 16:09:14.464,0.7126,0.71282,1.00,1.00
2015.06.22 16:09:15.334,0.7126,0.71281,1.00,1.00
2015.06.22 16:09:15.884,0.71255,0.71281,1.50,1.00
2015.06.22 16:09:15.987,0.71257,0.7128,1.00,1.00
2015.06.22 16:09:16.414,0.7126,0.71283,1.00,1.00
2015.06.22 16:09:16.465,0.7126,0.71285,1.00,1.00
2015.06.22 16:09:16.984,0.7126,0.71283,1.00,1.00
2015.06.22 16:09:17.753,0.7126,0.71284,1.00,1.00
2015.06.22 16:09:18.191,0.71257,0.71283,1.00,1.00
2015.06.22 16:09:18.342,0.71252,0.71278,1.00,1.00
2015.06.22 16:09:19.399,0.71251,0.71276,1.00,1.00
2015.06.22 16:09:20.932,0.71251,0.71277,1.00,1.00
2015.06.22 16:09:21.312,0.7125,0.71275,1.00,1.00
2015.06.22 16:09:21.373,0.7125,0.71277,1.00,1.00
2015.06.22 16:09:21.813,0.71249,0.71275,1.00,1.00
2015.06.22 16:09:22.647,0.7125,0.71276,1.00,1.00
2015.06.22 16:09:23.265,0.7125,0.71275,1.00,1.00
2015.06.22 16:09:23.466,0.71251,0.71277,1.00,1.00
2015.06.22 16:09:24.014,0.71252,0.71277,1.00,1.00
2015.06.22 16:09:25.425,0.71252,0.71278,1.00,1.00
2015.06.22 16:09:25.957,0.71253,0.71279,1.00,1.00
2015.06.22 16:09:26.523,0.71252,0.71278,1.50,1.00
2015.06.22 16:09:29.732,0.71253,0.71279,1.00,1.00
2015.06.22 16:09:31.630,0.71252,0.71275,1.00,1.50
2015.06.22 16:09:31.731,0.71244,0.7127,1.50,1.00
2015.06.22 16:09:32.066,0.71244,0.71268,1.50,1.00
2015.06.22 16:09:32.119,0.71241,0.71267,1.00,1.00
2015.06.22 16:09:33.143,0.7124,0.71266,1.50,1.00
2015.06.22 16:09:33.668,0.7124,0.71267,1.00,1.00
2015.06.22 16:09:34.352,0.71241,0.71267,1.00,1.00
2015.06.22 16:09:34.934,0.7124,0.71266,1.50,1.00
2015.06.22 16:09:36.365,0.7124,0.71265,1.00,1.00
2015.06.22 16:09:37.038,0.7124,0.71266,1.50,1.00
2015.06.22 16:09:37.694,0.7124,0.71265,1.00,1.00
2015.06.22 16:09:38.545,0.71239,0.71265,1.00,1.50
2015.06.22 16:09:38.596,0.71237,0.71265,1.00,1.50
2015.06.22 16:09:39.166,0.71238,0.71264,1.00,1.00
2015.06.22 16:09:39.533,0.71236,0.71264,1.00,1.00
2015.06.22 16:09:39.635,0.71235,0.7126,1.00,1.00
2015.06.22 16:09:40.078,0.71231,0.71259,1.00,1.00
2015.06.22 16:09:42.603,0.71231,0.71257,1.00,1.00
2015.06.22 16:09:42.912,0.71229,0.71255,1.00,1.00
2015.06.22 16:09:43.538,0.71228,0.71254,1.00,1.00
2015.06.22 16:09:43.936,0.71226,0.71252,1.00,1.00
2015.06.22 16:09:49.347,0.71225,0.71252,1.00,1.00
2015.06.22 16:09:50.556,0.71225,0.71251,1.00,1.00
2015.06.22 16:09:50.961,0.7122,0.71246,1.50,1.00
2015.06.22 16:09:51.309,0.71218,0.71245,1.00,1.50
2015.06.22 16:09:55.472,0.7122,0.71245,1.00,1.00
2015.06.22 16:09:56.011,0.71224,0.7125,1.00,1.50
2015.06.22 16:09:57.893,0.71223,0.7125,1.00,1.00
2015.06.22 16:09:58.051,0.71225,0.7125,1.00,1.00
2015.06.22 16:09:58.223,0.71223,0.7125,1.00,1.50
2015.06.22 16:09:59.986,0.71225,0.7125,1.00,1.00
2015.06.22 16:10:00.752,0.71224,0.7125,1.00,1.00
2015.06.22 16:10:01.317,0.71223,0.7125,1.00,1.50
2015.06.22 16:10:03.833,0.71225,0.7125,1.00,1.00
2015.06.22 16:10:04.495,0.71223,0.7125,1.00,1.00
2015.06.22 16:10:04.545,0.71223,0.7125,1.60,1.00
2015.06.22 16:10:05.095,0.71225,0.71251,1.35,1.00
2015.06.22 16:10:06.548,0.71227,0.71253,1.00,1.00
2015.06.22 16:10:07.063,0.71225,0.71251,2.10,1.00
2015.06.22 16:10:13.223,0.71226,0.71251,1.00,1.00
2015.06.22 16:10:13.833,0.71225,0.71252,1.00,1.00
2015.06.22 16:10:14.943,0.71224,0.7125,1.00,1.00
2015.06.22 16:10:17.835,0.71225,0.71252,1.00,1.00
2015.06.22 16:10:17.886,0.71224,0.7125,1.00,1.00
2015.06.22 16:10:18.488,0.71225,0.7125,1.00,1.00
2015.06.22 16:10:18.590,0.71226,0.71252,1.35,1.00
2015.06.22 16:10:19.288,0.71227,0.71253,1.00,1.00
2015.06.22 16:10:20.160,0.71227,0.71255,1.00,1.50
2015.06.22 16:10:20.803,0.71228,0.71255,1.00,1.00
2015.06.22 16:10:20.911,0.71227,0.71253,1.00,1.00
2015.06.22 16:10:21.147,0.71225,0.71253,1.50,1.00
2015.06.22 16:10:21.465,0.71225,0.71251,1.50,1.00
2015.06.22 16:10:21.797,0.71234,0.71257,1.50,1.00
2015.06.22 16:10:22.193,0.7124,0.71261,1.50,1.00
2015.06.22 16:10:22.508,0.71242,0.71263,1.00,1.00
2015.06.22 16:10:24.000,0.71245,0.71263,1.00,1.00
2015.06.22 16:10:24.101,0.71245,0.71265,1.00,1.00
2015.06.22 16:10:24.481,0.71245,0.71268,3.00,1.50
2015.06.22 16:10:24.954,0.71245,0.71266,1.00,1.00
2015.06.22 16:10:25.415,0.71248,0.71267,1.00,1.00
2015.06.22 16:10:25.516,0.71248,0.71269,1.00,1.00
2015.06.22 16:10:30.566,0.7125,0.71269,1.00,1.00
2015.06.22 16:10:31.124,0.7125,0.7127,1.50,1.00
2015.06.22 16:10:31.653,0.7125,0.71271,1.50,1.00
2015.06.22 16:10:40.181,0.71251,0.71271,1.00,1.00
2015.06.22 16:10:40.282,0.71253,0.71274,1.00,1.00
2015.06.22 16:10:46.669,0.7125,0.7127,1.00,1.00
2015.06.22 16:10:47.095,0.7125,0.71268,1.00,1.00
2015.06.22 16:10:47.304,0.71248,0.71268,1.00,1.00
2015.06.22 16:10:47.406,0.71248,0.71266,1.00,1.00
2015.06.22 16:10:47.795,0.71244,0.7126,1.00,1.00
2015.06.22 16:10:47.899,0.71242,0.7126,1.00,1.00
2015.06.22 16:10:48.444,0.71241,0.7126,1.00,1.00
2015.06.22 16:10:50.032,0.71241,0.71262,1.50,1.00
2015.06.22 16:10:50.578,0.7124,0.71261,1.00,1.50
2015.06.22 16:10:52.525,0.71241,0.71261,1.00,1.50
2015.06.22 16:10:52.576,0.71245,0.71261,1.00,1.50
2015.06.22 16:10:53.412,0.71245,0.71263,1.00,1.00
2015.06.22 16:10:53.463,0.71243,0.71263,1.00,1.00
2015.06.22 16:10:53.514,0.71243,0.71258,1.00,1.00
2015.06.22 16:10:53.665,0.71239,0.71258,1.00,1.00
2015.06.22 16:10:54.014,0.71237,0.71258,1.00,1.00
2015.06.22 16:10:54.065,0.71235,0.71256,2.25,1.00
2015.06.22 16:10:54.368,0.7124,0.71256,1.00,1.00
2015.06.22 16:10:54.419,0.7124,0.71259,1.00,1.00
2015.06.22 16:10:54.520,0.7124,0.71255,1.00,1.00
2015.06.22 16:10:54.746,0.7124,0.71258,1.00,1.00
2015.06.22 16:10:55.393,0.71239,0.71258,1.00,1.00
2015.06.22 16:10:55.862,0.71237,0.71258,1.00,1.00
2015.06.22 16:10:55.913,0.71235,0.71256,1.50,1.00
2015.06.22 16:10:56.216,0.7124,0.71258,1.00,1.00
2015.06.22 16:10:57.107,0.71239,0.71258,1.00,1.00
2015.06.22 16:10:57.300,0.71237,0.71258,1.50,1.00
2015.06.22 16:10:57.402,0.7124,0.71258,1.00,1.00
2015.06.22 16:10:57.658,0.71237,0.71258,1.00,1.00
2015.06.22 16:11:00.980,0.71235,0.71256,1.50,1.00
2015.06.22 16:11:01.531,0.71235,0.71255,1.00,1.00
2015.06.22 16:11:06.560,0.71233,0.71255,1.50,1.00
2015.06.22 16:11:09.210,0.71234,0.71255,1.00,1.00
2015.06.22 16:11:09.755,0.71233,0.71255,1.50,1.00
2015.06.22 16:11:10.401,0.71234,0.71255,1.00,1.00
2015.06.22 16:11:11.041,0.71233,0.71255,1.00,1.00
2015.06.22 16:11:11.253,0.71232,0.71253,1.00,1.00
2015.06.22 16:11:11.776,0.71231,0.71252,1.00,1.50
2015.06.22 16:11:11.941,0.71229,0.71252,2.25,1.50
2015.06.22 16:11:14.846,0.71229,0.7125,1.00,1.00
2015.06.22 16:11:15.948,0.71228,0.7125,1.00,1.50
2015.06.22 16:11:16.270,0.71221,0.71242,1.00,1.50
2015.06.22 16:11:18.021,0.71222,0.71242,1.00,1.50
2015.06.22 16:11:19.374,0.71222,0.71243,1.50,1.00
2015.06.22 16:11:19.759,0.71225,0.71243,1.00,1.00
2015.06.22 16:11:19.951,0.71222,0.71243,1.50,1.00
2015.06.22 16:11:23.728,0.71225,0.71242,1.00,1.00
2015.06.22 16:11:23.829,0.71223,0.71243,1.00,1.00
2015.06.22 16:11:24.316,0.71225,0.71246,1.50,1.00
2015.06.22 16:11:31.147,0.71223,0.71244,1.50,1.00
2015.06.22 16:11:34.472,0.71225,0.71244,1.00,1.00
2015.06.22 16:11:35.604,0.71223,0.71244,1.00,1.00
2015.06.22 16:11:35.957,0.7122,0.71243,2.25,1.50
2015.06.22 16:11:36.914,0.7122,0.71239,1.00,1.00
2015.06.22 16:11:36.974,0.71217,0.71238,1.50,1.00
2015.06.22 16:11:37.478,0.71218,0.71238,1.00,1.00
2015.06.22 16:11:37.529,0.71219,0.7124,1.00,1.00
2015.06.22 16:11:37.942,0.71216,0.71239,1.50,1.50
2015.06.22 16:11:39.713,0.71216,0.71237,1.00,1.00
2015.06.22 16:11:40.259,0.71215,0.71236,1.50,1.00
2015.06.22 16:11:40.809,0.71217,0.71239,1.00,1.00
2015.06.22 16:11:44.446,0.71216,0.71236,1.00,1.00
2015.06.22 16:11:44.991,0.71215,0.71236,1.00,1.00
2015.06.22 16:11:48.163,0.71216,0.71237,1.00,1.00
2015.06.22 16:11:48.213,0.71216,0.71239,1.50,1.50
2015.06.22 16:11:49.583,0.7122,0.71239,1.00,1.00
2015.06.22 16:11:49.634,0.7122,0.71241,1.00,1.00
2015.06.22 16:11:50.075,0.71221,0.71243,1.00,1.50
2015.06.22 16:11:53.281,0.71225,0.71246,1.50,1.50
2015.06.22 16:11:59.940,0.71223,0.71244,1.00,1.00
2015.06.22 16:12:01.201,0.71222,0.71242,1.00,1.00
2015.06.22 16:12:01.640,0.7122,0.71241,1.00,1.50
2015.06.22 16:12:01.891,0.71218,0.71241,1.50,2.25
2015.06.22 16:12:02.305,0.7122,0.71241,1.00,2.25
2015.06.22 16:12:07.206,0.71221,0.71241,1.00,1.00
2015.06.22 16:12:07.509,0.71224,0.71245,1.00,1.00
2015.06.22 16:12:08.413,0.71227,0.71247,1.00,1.00
2015.06.22 16:12:08.926,0.71227,0.71248,1.00,1.00
2015.06.22 16:12:09.160,0.71225,0.71247,1.00,1.00
2015.06.22 16:12:11.048,0.71229,0.7125,1.00,1.50
2015.06.22 16:12:16.040,0.71231,0.71252,1.00,1.00
2015.06.22 16:12:18.471,0.71232,0.71254,1.00,1.00
2015.06.22 16:12:25.950,0.71234,0.71255,1.00,1.00
2015.06.22 16:12:26.001,0.71235,0.71257,1.00,1.50
2015.06.22 16:12:26.883,0.71233,0.71255,1.00,1.50
2015.06.22 16:12:27.206,0.71231,0.71252,1.00,1.00
2015.06.22 16:12:28.494,0.71233,0.71254,1.00,1.00
2015.06.22 16:12:28.923,0.71235,0.71254,1.00,1.00
2015.06.22 16:12:31.153,0.71235,0.71252,1.00,1.00
2015.06.22 16:12:31.545,0.7123,0.7125,1.00,1.00
2015.06.22 16:12:32.271,0.7123,0.71248,1.00,1.00
2015.06.22 16:12:32.573,0.71227,0.71248,1.00,1.00
2015.06.22 16:12:33.101,0.7123,0.71248,1.00,1.00
2015.06.22 16:12:33.303,0.7123,0.7125,1.00,1.00
2015.06.22 16:12:33.404,0.7123,0.71253,3.00,1.50
2015.06.22 16:12:33.556,0.71233,0.71253,1.00,1.00
2015.06.22 16:12:33.807,0.71237,0.71259,1.00,1.00
2015.06.22 16:12:34.167,0.71236,0.71257,1.00,1.00
2015.06.22 16:12:36.394,0.71235,0.71255,1.00,1.00
2015.06.22 16:12:37.143,0.71234,0.71255,1.00,1.00
2015.06.22 16:12:37.460,0.71232,0.71253,1.00,1.00
2015.06.22 16:12:38.001,0.71232,0.71253,1.00,1.60
2015.06.22 16:12:38.394,0.71229,0.7125,1.50,1.00
2015.06.22 16:12:38.769,0.71229,0.71248,1.00,1.00
2015.06.22 16:12:40.042,0.7123,0.71248,1.00,1.00
2015.06.22 16:12:40.294,0.71236,0.71256,1.00,1.00
2015.06.22 16:12:40.562,0.71235,0.71255,1.00,1.60
2015.06.22 16:12:41.113,0.71232,0.71255,1.50,1.50
2015.06.22 16:12:50.903,0.71235,0.71255,1.00,1.50
2015.06.22 16:12:51.029,0.71232,0.71255,1.50,1.50
2015.06.22 16:12:51.521,0.71231,0.71252,1.50,1.00
2015.06.22 16:12:51.884,0.7123,0.7125,1.50,1.00
2015.06.22 16:12:56.673,0.71229,0.7125,1.00,1.00
2015.06.22 16:12:57.188,0.71225,0.71245,1.00,1.00
2015.06.22 16:12:58.790,0.71224,0.71245,1.00,1.50
2015.06.22 16:12:59.416,0.71225,0.71245,1.00,1.50
2015.06.22 16:12:59.866,0.71222,0.71245,1.50,1.50
2015.06.22 16:13:01.809,0.71224,0.71245,1.00,1.50
2015.06.22 16:13:02.250,0.71222,0.71245,1.50,1.50
2015.06.22 16:13:02.689,0.71224,0.71245,1.00,1.50
2015.06.22 16:13:04.165,0.71225,0.71245,1.00,1.50
2015.06.22 16:13:13.359,0.71222,0.71245,1.50,1.50
2015.06.22 16:13:15.081,0.71222,0.71244,1.00,1.50
2015.06.22 16:13:15.691,0.71223,0.71245,1.00,1.00
2015.06.22 16:13:17.062,0.71221,0.71244,1.50,1.50
2015.06.22 16:13:19.201,0.71227,0.71248,1.00,1.00
2015.06.22 16:13:20.778,0.71225,0.71247,1.50,1.00
2015.06.22 16:13:27.600,0.71227,0.71248,1.00,1.00
2015.06.22 16:13:27.953,0.71229,0.7125,1.00,1.00
2015.06.22 16:13:30.469,0.71226,0.71249,1.50,1.00
2015.06.22 16:13:31.168,0.71227,0.71249,1.00,1.00
2015.06.22 16:13:31.681,0.71226,0.71249,1.00,1.00
2015.06.22 16:13:32.286,0.71226,0.71247,1.00,1.00
2015.06.22 16:13:32.588,0.7122,0.7124,1.00,1.00
2015.06.22 16:13:33.802,0.71219,0.7124,1.50,1.00
2015.06.22 16:13:34.573,0.7122,0.7124,1.00,1.00
2015.06.22 16:13:34.624,0.71221,0.71242,1.00,1.00
2015.06.22 16:13:34.725,0.71222,0.71244,1.00,1.00
2015.06.22 16:13:35.100,0.71224,0.71245,1.00,1.00
2015.06.22 16:13:35.402,0.71226,0.71247,1.00,1.00
2015.06.22 16:13:37.146,0.7123,0.71247,1.00,1.00
2015.06.22 16:13:37.196,0.7123,0.7125,1.00,1.50
2015.06.22 16:13:37.247,0.71227,0.7125,1.50,1.50
2015.06.22 16:13:37.781,0.7123,0.7125,1.00,1.50
2015.06.22 16:13:38.881,0.71227,0.7125,1.50,1.50
2015.06.22 16:13:38.982,0.71227,0.71246,1.00,1.00
2015.06.22 16:13:39.306,0.71225,0.71245,1.00,1.00
2015.06.22 16:13:39.457,0.71225,0.71247,2.25,1.00
2015.06.22 16:13:39.970,0.71225,0.71248,2.25,2.25
2015.06.22 16:13:40.134,0.71225,0.71246,1.00,1.00
2015.06.22 16:13:40.739,0.71227,0.71248,1.00,1.00
2015.06.22 16:13:41.060,0.7123,0.71248,1.00,1.00
2015.06.22 16:13:41.490,0.7123,0.71246,1.00,1.00
2015.06.22 16:13:41.768,0.71225,0.71246,1.50,1.00
2015.06.22 16:13:42.159,0.7123,0.71246,1.00,1.00
2015.06.22 16:13:42.210,0.7123,0.71248,1.00,1.00
2015.06.22 16:13:42.312,0.71228,0.71249,1.00,1.00
2015.06.22 16:13:42.513,0.71226,0.71248,1.00,1.00
2015.06.22 16:13:44.829,0.7123,0.71248,1.00,1.00
2015.06.22 16:13:45.196,0.71234,0.71249,1.00,1.00
2015.06.22 16:13:45.247,0.71234,0.71255,2.25,1.00
2015.06.22 16:13:45.399,0.71231,0.71254,2.25,1.50
2015.06.22 16:13:47.331,0.7123,0.71251,1.50,1.00
2015.06.22 16:13:49.656,0.71235,0.71251,1.00,1.00
2015.06.22 16:13:49.913,0.7124,0.71258,1.00,1.00
2015.06.22 16:13:50.014,0.71244,0.7126,1.00,1.00
2015.06.22 16:13:50.065,0.71244,0.71263,1.00,1.00
2015.06.22 16:13:50.116,0.71249,0.71264,1.00,1.00
2015.06.22 16:13:50.166,0.71249,0.71269,1.00,1.00
2015.06.22 16:13:50.553,0.71256,0.71275,1.00,2.85
2015.06.22 16:13:50.604,0.71256,0.71275,1.00,1.00
2015.06.22 16:13:50.705,0.7125,0.71275,1.00,1.00
2015.06.22 16:13:50.806,0.71246,0.7127,1.00,1.00
2015.06.22 16:13:51.540,0.7124,0.71265,1.00,1.50
2015.06.22 16:13:51.641,0.71235,0.71263,1.50,1.00
2015.06.22 16:13:51.742,0.71235,0.71261,1.50,1.00
2015.06.22 16:13:52.084,0.71235,0.71259,1.00,1.00
2015.06.22 16:13:52.444,0.7123,0.71259,1.00,2.25
2015.06.22 16:13:52.545,0.71235,0.71254,1.00,1.60
2015.06.22 16:13:52.647,0.71223,0.7125,1.00,1.00
2015.06.22 16:13:52.749,0.7122,0.71248,1.00,1.00
2015.06.22 16:13:52.800,0.7122,0.71248,1.00,1.60
2015.06.22 16:13:53.003,0.71214,0.71239,1.00,1.00
2015.06.22 16:13:53.395,0.71215,0.71242,1.00,1.00
2015.06.22 16:13:53.446,0.71215,0.71244,1.00,1.50
2015.06.22 16:13:53.547,0.7122,0.71244,1.00,1.50
2015.06.22 16:13:53.670,0.71215,0.71244,1.50,1.00
2015.06.22 16:13:53.771,0.7122,0.71246,1.00,1.35
2015.06.22 16:13:54.508,0.7122,0.71249,1.50,1.00
2015.06.22 16:13:54.646,0.71225,0.71249,1.00,1.50
2015.06.22 16:13:54.748,0.71224,0.71251,1.00,1.00
2015.06.22 16:13:54.950,0.71225,0.71254,1.00,1.00
2015.06.22 16:13:55.051,0.7123,0.71255,1.00,1.00
2015.06.22 16:13:55.601,0.7123,0.71256,1.00,1.00
2015.06.22 16:13:56.115,0.71229,0.71256,1.00,1.00
2015.06.22 16:13:56.709,0.71226,0.71255,1.00,1.00
2015.06.22 16:13:56.864,0.7123,0.71258,1.00,1.35
2015.06.22 16:13:57.168,0.71235,0.7126,1.00,1.00
2015.06.22 16:13:57.852,0.71234,0.7126,1.00,1.00
2015.06.22 16:13:58.409,0.71235,0.71261,1.00,1.00
2015.06.22 16:13:58.951,0.7123,0.7126,1.00,1.00
2015.06.22 16:14:00.498,0.71235,0.7126,1.00,1.00
2015.06.22 16:14:00.655,0.71229,0.71258,1.00,1.00
2015.06.22 16:14:01.165,0.71229,0.71257,1.00,1.00
2015.06.22 16:14:01.724,0.7123,0.71257,1.00,1.00
2015.06.22 16:14:02.233,0.7123,0.71258,1.00,1.00
2015.06.22 16:14:03.677,0.7123,0.71257,1.00,1.00
2015.06.22 16:14:04.194,0.7123,0.71258,1.00,1.00
2015.06.22 16:14:04.295,0.71228,0.71259,1.00,1.00
2015.06.22 16:14:04.858,0.71229,0.7126,1.50,1.00
2015.06.22 16:14:05.406,0.71231,0.7126,1.00,1.00
2015.06.22 16:14:05.708,0.71239,0.71263,1.00,1.00
2015.06.22 16:14:05.809,0.71235,0.71264,1.00,1.00
2015.06.22 16:14:06.312,0.71234,0.71265,1.50,1.50
2015.06.22 16:14:06.880,0.71235,0.71264,1.00,1.00
2015.06.22 16:14:07.528,0.71234,0.71263,1.00,1.00
2015.06.22 16:14:07.629,0.71235,0.71261,1.00,1.00
2015.06.22 16:14:08.148,0.71235,0.71262,1.00,1.00
2015.06.22 16:14:08.898,0.71231,0.7126,1.35,1.00
2015.06.22 16:14:09.280,0.7123,0.7126,1.50,2.10
2015.06.22 16:14:09.583,0.71225,0.71252,1.00,1.00
2015.06.22 16:14:10.042,0.7122,0.7125,1.00,1.60
2015.06.22 16:14:10.093,0.71225,0.71251,1.00,1.60
2015.06.22 16:14:10.244,0.71225,0.71252,1.00,1.00
2015.06.22 16:14:10.396,0.71225,0.71255,1.00,1.50
2015.06.22 16:14:10.699,0.71225,0.71253,1.00,1.00
2015.06.22 16:14:11.030,0.71226,0.71255,1.00,1.00
2015.06.22 16:14:11.082,0.7123,0.71259,1.00,1.35
2015.06.22 16:14:11.486,0.71232,0.7126,1.00,2.10
2015.06.22 16:14:11.874,0.71235,0.7126,1.00,1.00
2015.06.22 16:14:12.235,0.7123,0.71258,1.50,1.00
2015.06.22 16:14:12.808,0.71229,0.71257,1.50,1.00
2015.06.22 16:14:13.125,0.7123,0.71255,1.00,1.00
2015.06.22 16:14:13.179,0.71227,0.71255,1.00,1.50
2015.06.22 16:14:13.512,0.71224,0.71252,1.50,1.00
2015.06.22 16:14:13.909,0.71225,0.71249,1.00,1.00
2015.06.22 16:14:14.060,0.71222,0.71249,1.00,1.00
2015.06.22 16:14:14.161,0.71225,0.71249,1.00,1.00
2015.06.22 16:14:14.318,0.71225,0.71252,1.00,1.50
2015.06.22 16:14:14.665,0.71224,0.71249,1.00,1.00
2015.06.22 16:14:14.816,0.71222,0.7125,1.00,1.50
2015.06.22 16:14:15.323,0.71222,0.71249,1.00,1.00
2015.06.22 16:14:16.135,0.71223,0.71249,1.00,1.00
2015.06.22 16:14:16.942,0.71223,0.71247,1.00,1.00
2015.06.22 16:14:17.687,0.71218,0.71245,1.00,1.00
2015.06.22 16:14:17.738,0.7122,0.71247,1.00,1.50
2015.06.22 16:14:18.069,0.7122,0.71245,1.00,1.00
2015.06.22 16:14:18.351,0.71215,0.71243,1.50,1.00
2015.06.22 16:14:18.998,0.7122,0.71243,1.00,1.00
2015.06.22 16:14:19.088,0.71215,0.71243,1.50,1.00
2015.06.22 16:14:20.303,0.7122,0.71243,1.00,1.00
2015.06.22 16:14:20.406,0.71222,0.7125,1.00,2.25
2015.06.22 16:14:20.558,0.71225,0.71249,1.00,1.00
2015.06.22 16:14:20.659,0.71229,0.71254,1.50,1.00
2015.06.22 16:14:20.710,0.71233,0.71261,1.00,1.00
2015.06.22 16:14:20.760,0.71235,0.71262,1.00,1.00
2015.06.22 16:14:21.063,0.71245,0.71268,1.00,1.00
2015.06.22 16:14:21.113,0.7124,0.71268,1.00,1.00
2015.06.22 16:14:21.622,0.71241,0.7127,1.00,1.00
2015.06.22 16:14:21.723,0.71245,0.71271,1.00,1.00
2015.06.22 16:14:21.886,0.71242,0.71271,1.00,1.00
2015.06.22 16:14:21.937,0.71245,0.71274,1.00,1.00
2015.06.22 16:14:22.391,0.71248,0.71275,1.00,1.00
2015.06.22 16:14:22.679,0.7125,0.71279,1.00,1.00
2015.06.22 16:14:23.093,0.71254,0.7128,1.00,1.00
2015.06.22 16:14:23.144,0.71254,0.71284,1.50,1.00
2015.06.22 16:14:23.976,0.71255,0.71284,1.00,1.50
2015.06.22 16:14:24.278,0.7126,0.71284,1.00,1.00
2015.06.22 16:14:24.379,0.7126,0.71287,1.00,1.00
2015.06.22 16:14:24.480,0.71259,0.71285,1.00,1.00
2015.06.22 16:14:24.581,0.71259,0.71287,1.00,1.00
2015.06.22 16:14:25.126,0.7126,0.71286,1.00,1.00
2015.06.22 16:14:26.693,0.7126,0.71288,1.50,1.00
2015.06.22 16:14:27.209,0.71261,0.71288,1.00,1.00
2015.06.22 16:14:27.448,0.71265,0.71288,1.00,1.00
2015.06.22 16:14:28.888,0.71264,0.71288,1.00,1.00
2015.06.22 16:14:29.400,0.71265,0.71286,1.00,1.00
2015.06.22 16:14:29.501,0.71265,0.71288,1.00,1.00
2015.06.22 16:14:29.979,0.7127,0.71288,1.00,1.00
2015.06.22 16:14:30.131,0.71259,0.7128,1.00,1.35
2015.06.22 16:14:30.642,0.71245,0.71272,1.00,1.60
2015.06.22 16:14:30.952,0.71244,0.71268,1.00,1.00
2015.06.22 16:14:31.003,0.7124,0.71268,1.00,1.00
2015.06.22 16:14:31.755,0.7124,0.71265,1.00,1.00
2015.06.22 16:14:32.299,0.7124,0.71266,1.00,1.00
2015.06.22 16:14:33.170,0.71245,0.71266,1.00,1.00
2015.06.22 16:14:34.808,0.71245,0.71268,1.00,1.00
2015.06.22 16:14:35.990,0.71245,0.71269,1.00,1.00
2015.06.22 16:14:36.343,0.71245,0.71271,1.00,1.00
2015.06.22 16:14:36.393,0.71245,0.71269,1.00,1.00
2015.06.22 16:14:36.646,0.7125,0.71276,1.00,1.00
2015.06.22 16:14:36.697,0.71255,0.71276,1.00,1.00
2015.06.22 16:14:37.392,0.71255,0.71278,1.00,1.00
2015.06.22 16:14:38.503,0.71255,0.7128,1.00,1.60
2015.06.22 16:14:39.527,0.7126,0.71284,1.00,2.85
2015.06.22 16:14:40.000,0.7126,0.71284,1.00,1.00
2015.06.22 16:14:40.202,0.71264,0.71283,1.00,1.00
2015.06.22 16:14:40.304,0.7126,0.71283,1.00,1.00
2015.06.22 16:14:40.354,0.7126,0.71282,1.00,2.10
2015.06.22 16:14:40.697,0.7125,0.71274,1.00,1.00
2015.06.22 16:14:40.849,0.7125,0.71272,1.00,1.00
2015.06.22 16:14:41.054,0.7125,0.71275,1.00,1.00
2015.06.22 16:14:41.806,0.7125,0.71274,1.00,1.00
2015.06.22 16:14:42.310,0.7125,0.71275,1.00,1.50
2015.06.22 16:14:42.463,0.7125,0.71273,1.00,1.00
2015.06.22 16:14:43.252,0.7124,0.7127,1.00,1.60
2015.06.22 16:14:43.619,0.71245,0.7127,1.00,1.60
2015.06.22 16:14:44.472,0.71241,0.7127,1.00,2.10
2015.06.22 16:14:45.007,0.7124,0.71269,1.50,1.35
2015.06.22 16:14:46.377,0.71245,0.71269,1.00,1.35
2015.06.22 16:14:46.478,0.7124,0.71269,1.00,1.35
2015.06.22 16:14:46.579,0.71245,0.71266,1.00,1.00
2015.06.22 16:14:46.680,0.7124,0.71266,1.00,1.00
2015.06.22 16:14:47.209,0.71239,0.71266,1.00,1.00
2015.06.22 16:14:47.747,0.7124,0.71266,1.00,1.00
2015.06.22 16:14:48.340,0.7124,0.71265,1.00,1.00
2015.06.22 16:14:48.397,0.7124,0.71263,1.00,1.00
2015.06.22 16:14:48.447,0.71236,0.71261,1.00,1.00
2015.06.22 16:14:48.548,0.71239,0.7126,1.00,1.00
2015.06.22 16:14:48.907,0.71235,0.7126,1.00,1.00
2015.06.22 16:14:49.008,0.7124,0.7126,1.00,1.00
2015.06.22 16:14:49.701,0.7124,0.71261,1.00,1.00
2015.06.22 16:14:50.611,0.7124,0.7126,1.00,1.00
2015.06.22 16:14:50.871,0.7123,0.71252,1.00,1.00
2015.06.22 16:14:51.995,0.7123,0.71251,1.00,1.00
2015.06.22 16:14:52.046,0.71225,0.71251,1.50,1.00
2015.06.22 16:14:52.978,0.71226,0.71251,1.00,1.00
2015.06.22 16:14:53.376,0.71224,0.7125,1.00,1.00
2015.06.22 16:14:53.938,0.71225,0.7125,1.00,1.50
2015.06.22 16:14:56.080,0.71225,0.71248,1.00,1.00
2015.06.22 16:14:56.827,0.71225,0.71247,1.00,1.00
2015.06.22 16:14:57.680,0.71224,0.71247,1.00,1.00
2015.06.22 16:14:57.882,0.71225,0.71249,1.00,1.00
2015.06.22 16:14:58.457,0.71225,0.71248,1.00,1.00
2015.06.22 16:14:58.608,0.71225,0.71246,1.00,1.00
2015.06.22 16:14:59.338,0.71224,0.71246,1.00,1.00
2015.06.22 16:14:59.655,0.71212,0.71224,1.00,2.10
2015.06.22 16:14:59.706,0.712,0.71224,1.00,2.10
2015.06.22 16:14:59.807,0.71195,0.71224,1.00,2.10
2015.06.22 16:14:59.958,0.71195,0.71221,1.00,2.10
2015.06.22 16:15:00.361,0.71195,0.7122,1.00,1.00
2015.06.22 16:15:01.138,0.712,0.7122,1.00,1.00
2015.06.22 16:15:01.189,0.712,0.71222,1.00,1.00
2015.06.22 16:15:01.587,0.712,0.71224,1.00,1.00
2015.06.22 16:15:02.300,0.71196,0.71224,1.00,1.00
2015.06.22 16:15:02.844,0.71205,0.71228,1.00,3.60
2015.06.22 16:15:03.097,0.712,0.71228,1.50,2.10
2015.06.22 16:15:03.525,0.71205,0.71228,1.00,2.10
2015.06.22 16:15:03.767,0.71205,0.71231,1.00,1.50
2015.06.22 16:15:04.070,0.71215,0.71236,1.00,1.00
2015.06.22 16:15:04.373,0.71215,0.71238,1.00,1.00
2015.06.22 16:15:04.786,0.71215,0.71234,1.00,1.00
2015.06.22 16:15:04.836,0.7121,0.71235,1.00,1.00
2015.06.22 16:15:05.038,0.7121,0.71232,1.00,1.00
2015.06.22 16:15:05.572,0.71209,0.71232,1.00,1.00
2015.06.22 16:15:06.005,0.71205,0.71232,1.00,1.00
2015.06.22 16:15:06.055,0.7121,0.71232,1.00,1.00
2015.06.22 16:15:06.269,0.71205,0.71232,1.00,1.00
2015.06.22 16:15:06.370,0.71209,0.71233,1.00,1.00
2015.06.22 16:15:06.458,0.71205,0.71233,1.00,1.00
2015.06.22 16:15:07.206,0.71204,0.71232,1.00,1.00
2015.06.22 16:15:07.257,0.7121,0.71232,1.00,1.00
2015.06.22 16:15:07.361,0.71205,0.71232,1.00,1.00
2015.06.22 16:15:07.590,0.7121,0.71232,1.00,1.00
2015.06.22 16:15:07.919,0.7121,0.71234,1.00,1.50
2015.06.22 16:15:08.596,0.71205,0.71234,1.00,1.50
2015.06.22 16:15:09.571,0.7121,0.71234,1.00,1.50
2015.06.22 16:15:10.372,0.7121,0.71232,1.00,1.00
2015.06.22 16:15:10.674,0.71205,0.71232,1.00,1.00
2015.06.22 16:15:11.267,0.7121,0.71232,1.00,1.00
2015.06.22 16:15:11.778,0.7121,0.71233,1.00,1.00
2015.06.22 16:15:12.330,0.7121,0.71232,1.00,1.00
2015.06.22 16:15:12.912,0.7121,0.71234,1.00,1.00
2015.06.22 16:15:13.560,0.71209,0.71234,1.00,1.00
2015.06.22 16:15:14.589,0.71211,0.7124,1.00,1.50
2015.06.22 16:15:14.640,0.71215,0.7124,1.00,1.00
2015.06.22 16:15:15.173,0.71215,0.71242,1.00,2.10
2015.06.22 16:15:17.407,0.7122,0.71241,1.00,1.35
2015.06.22 16:15:19.633,0.71225,0.71244,1.00,1.60
2015.06.22 16:15:19.734,0.71225,0.71244,1.00,1.00
2015.06.22 16:15:19.835,0.71225,0.71246,1.00,1.00
2015.06.22 16:15:20.405,0.71224,0.71245,1.00,1.00
2015.06.22 16:15:20.826,0.71225,0.71247,1.00,1.00
2015.06.22 16:15:21.137,0.71224,0.71245,1.00,1.00
2015.06.22 16:15:21.239,0.71224,0.71248,1.00,1.00
2015.06.22 16:15:21.920,0.71225,0.71248,1.00,1.00
2015.06.22 16:15:22.746,0.71224,0.71248,1.00,1.00
2015.06.22 16:15:23.156,0.7123,0.71249,1.00,2.10
2015.06.22 16:15:24.916,0.71225,0.71249,1.00,2.10
2015.06.22 16:15:25.513,0.71224,0.71249,1.00,2.10
2015.06.22 16:15:25.907,0.7123,0.71249,1.00,1.50
2015.06.22 16:15:26.008,0.71234,0.71254,1.00,1.00
2015.06.22 16:15:26.110,0.71239,0.71255,1.00,1.00
2015.06.22 16:15:26.211,0.71239,0.71259,1.00,1.60
2015.06.22 16:15:26.412,0.7124,0.7126,1.00,1.00
2015.06.22 16:15:26.564,0.71245,0.71265,1.00,1.00
2015.06.22 16:15:26.933,0.71245,0.71267,1.00,1.35
2015.06.22 16:15:28.931,0.71244,0.71269,1.00,1.60
2015.06.22 16:15:29.637,0.7125,0.7127,1.00,1.60
2015.06.22 16:15:33.991,0.71249,0.71272,1.00,1.00
2015.06.22 16:15:34.998,0.71249,0.71273,1.00,1.00
2015.06.22 16:15:35.577,0.7125,0.71273,1.00,1.00
2015.06.22 16:15:36.111,0.71249,0.71273,1.00,1.00
2015.06.22 16:15:36.626,0.7125,0.71273,1.00,1.00
2015.06.22 16:15:37.034,0.71255,0.71273,1.00,1.00
2015.06.22 16:15:37.679,0.7125,0.71273,1.00,1.00
2015.06.22 16:15:39.093,0.7125,0.71272,1.00,1.00
2015.06.22 16:15:40.524,0.7125,0.71273,1.00,1.00
2015.06.22 16:15:41.411,0.71245,0.71271,1.00,1.00
2015.06.22 16:15:41.512,0.71244,0.71268,1.00,1.00
2015.06.22 16:15:42.050,0.71244,0.71267,1.00,1.00
2015.06.22 16:15:42.576,0.71245,0.71267,1.00,1.00
2015.06.22 16:15:43.018,0.71245,0.71265,1.00,1.00
2015.06.22 16:15:44.337,0.71245,0.71266,1.00,1.00
2015.06.22 16:15:47.088,0.71245,0.71267,1.00,1.00
2015.06.22 16:15:47.239,0.71245,0.71272,1.00,1.00
2015.06.22 16:15:47.340,0.71249,0.71274,1.00,1.50
2015.06.22 16:15:48.377,0.7125,0.71273,1.00,1.00
2015.06.22 16:15:48.778,0.7125,0.71266,1.00,2.10
2015.06.22 16:15:48.879,0.7124,0.71264,1.00,1.60
2015.06.22 16:15:50.428,0.71235,0.71259,1.00,1.00
2015.06.22 16:15:51.617,0.71235,0.71258,1.00,1.00
2015.06.22 16:15:51.718,0.71235,0.71256,1.00,1.00
2015.06.22 16:15:51.869,0.7123,0.71256,1.00,1.00
2015.06.22 16:15:51.970,0.71235,0.71255,1.00,1.00
2015.06.22 16:15:52.562,0.71235,0.71254,1.00,1.00
2015.06.22 16:15:52.615,0.71229,0.71255,1.00,1.50
2015.06.22 16:15:52.835,0.71235,0.71255,1.00,1.00
2015.06.22 16:15:53.365,0.71235,0.71254,1.00,1.00
2015.06.22 16:15:53.416,0.71229,0.71254,1.00,1.00
2015.06.22 16:15:54.024,0.71229,0.71255,1.00,1.00
2015.06.22 16:15:54.633,0.7123,0.71254,1.00,1.00
2015.06.22 16:15:55.842,0.7123,0.71255,1.00,1.00
2015.06.22 16:16:00.126,0.7124,0.71255,1.00,1.00
2015.06.22 16:16:00.177,0.7124,0.7126,1.00,1.00
2015.06.22 16:16:00.429,0.71234,0.71263,1.50,1.00
2015.06.22 16:16:00.675,0.71239,0.71263,1.00,1.00
2015.06.22 16:16:01.423,0.7124,0.71264,1.00,1.00
2015.06.22 16:16:02.286,0.71245,0.71264,1.00,1.00
2015.06.22 16:16:02.598,0.7124,0.71264,1.00,1.00
2015.06.22 16:16:03.059,0.71245,0.71264,1.00,1.00
2015.06.22 16:16:03.185,0.7124,0.71264,1.00,1.00
2015.06.22 16:16:03.303,0.71245,0.71264,1.00,1.00
2015.06.22 16:16:03.868,0.71245,0.71265,1.00,1.00
2015.06.22 16:16:03.920,0.71245,0.71267,1.00,1.00
2015.06.22 16:16:04.580,0.71245,0.71269,1.00,1.50
2015.06.22 16:16:04.630,0.7125,0.71269,1.00,1.00
2015.06.22 16:16:05.143,0.7125,0.7127,1.00,1.00
2015.06.22 16:16:05.796,0.7125,0.71271,1.00,1.00
2015.06.22 16:16:06.554,0.71255,0.71271,1.00,1.00
2015.06.22 16:16:06.613,0.7125,0.71271,1.00,1.00
2015.06.22 16:16:06.814,0.71254,0.71272,1.00,1.00
2015.06.22 16:16:07.334,0.71254,0.71271,1.00,1.00
2015.06.22 16:16:07.868,0.71255,0.71271,1.00,1.00
2015.06.22 16:16:08.336,0.71249,0.71271,1.00,1.00
2015.06.22 16:16:08.857,0.7125,0.71271,1.00,1.00
2015.06.22 16:16:09.484,0.7125,0.7127,1.00,1.00
2015.06.22 16:16:09.840,0.7125,0.71267,1.00,1.00
2015.06.22 16:16:09.891,0.71245,0.71266,1.00,1.00
2015.06.22 16:16:10.538,0.71245,0.71267,1.00,1.50
2015.06.22 16:16:11.993,0.71245,0.71269,1.00,1.00
2015.06.22 16:16:12.094,0.7125,0.71271,1.00,1.00
2015.06.22 16:16:13.082,0.7125,0.7127,1.00,1.00
2015.06.22 16:16:13.918,0.7125,0.71271,1.00,1.00
2015.06.22 16:16:16.945,0.7125,0.71269,1.00,1.00
2015.06.22 16:16:18.692,0.71249,0.71269,1.00,1.00
2015.06.22 16:16:18.745,0.7124,0.71261,1.00,1.00
2015.06.22 16:16:18.896,0.7124,0.71263,1.00,1.00
2015.06.22 16:16:18.947,0.71244,0.71263,1.00,1.00
2015.06.22 16:16:18.998,0.71244,0.71265,1.00,1.00
2015.06.22 16:16:19.149,0.7125,0.71265,1.00,1.00
2015.06.22 16:16:19.351,0.71245,0.71266,1.00,1.00
2015.06.22 16:16:19.977,0.71245,0.71267,1.00,1.00
2015.06.22 16:16:20.028,0.71245,0.71264,1.00,1.00
2015.06.22 16:16:20.555,0.71245,0.71263,1.00,1.00
2015.06.22 16:16:21.037,0.7124,0.71262,1.00,1.00
2015.06.22 16:16:21.347,0.71245,0.71263,1.00,1.00
2015.06.22 16:16:21.448,0.71245,0.71266,1.00,1.00
2015.06.22 16:16:21.549,0.71245,0.71269,1.00,1.00
2015.06.22 16:16:22.155,0.71245,0.71267,1.00,1.00
2015.06.22 16:16:22.474,0.7125,0.71268,1.00,1.00
2015.06.22 16:16:22.745,0.71245,0.71268,1.00,1.00
2015.06.22 16:16:24.836,0.71242,0.71268,1.00,1.00
2015.06.22 16:16:26.069,0.71245,0.71268,1.00,1.00
2015.06.22 16:16:26.914,0.71245,0.71269,1.00,1.00
2015.06.22 16:16:27.439,0.71244,0.7127,1.00,1.00
2015.06.22 16:16:27.980,0.71244,0.71269,1.00,1.00
2015.06.22 16:16:28.815,0.71245,0.71269,1.00,1.00
2015.06.22 16:16:29.047,0.7124,0.71267,1.50,1.00
2015.06.22 16:16:29.106,0.7124,0.71265,1.00,1.00
2015.06.22 16:16:29.609,0.7124,0.71264,1.00,1.00
2015.06.22 16:16:30.145,0.71239,0.71264,1.00,1.00
2015.06.22 16:16:30.347,0.71241,0.71268,1.00,1.00
2015.06.22 16:16:30.398,0.71245,0.71268,1.00,1.00
2015.06.22 16:16:31.246,0.71244,0.71268,1.00,1.00
2015.06.22 16:16:31.889,0.71245,0.71268,1.00,1.00
2015.06.22 16:16:32.840,0.71245,0.71269,1.00,1.00
2015.06.22 16:16:35.254,0.71241,0.71269,1.00,1.00
2015.06.22 16:16:35.304,0.7124,0.71267,1.00,1.00
2015.06.22 16:16:35.901,0.7124,0.71266,1.00,1.00
2015.06.22 16:16:36.204,0.71235,0.71262,1.00,1.00
2015.06.22 16:16:36.724,0.71236,0.71263,1.00,1.00
2015.06.22 16:16:37.344,0.71235,0.71261,1.00,1.00
2015.06.22 16:16:37.625,0.7123,0.71258,1.00,1.00
2015.06.22 16:16:37.845,0.71234,0.71258,1.00,1.00
2015.06.22 16:16:38.066,0.7123,0.71258,1.00,1.00
2015.06.22 16:16:38.904,0.71235,0.71258,1.00,1.00
2015.06.22 16:16:38.954,0.7123,0.71258,1.50,1.00
2015.06.22 16:16:39.156,0.7123,0.71256,1.50,1.00
2015.06.22 16:16:39.692,0.71229,0.71255,1.50,1.00
2015.06.22 16:16:40.374,0.71229,0.71256,1.50,1.00
2015.06.22 16:16:40.898,0.7123,0.71256,1.00,1.00
2015.06.22 16:16:41.249,0.71233,0.7126,1.00,1.50
2015.06.22 16:16:41.300,0.71235,0.7126,1.00,1.00
2015.06.22 16:16:41.982,0.71235,0.71255,1.00,1.00
2015.06.22 16:16:42.136,0.71231,0.71252,1.00,1.00
2015.06.22 16:16:43.130,0.71233,0.71252,1.00,1.00
2015.06.22 16:16:43.181,0.71234,0.71255,1.00,1.00
2015.06.22 16:16:43.730,0.71235,0.71255,1.00,1.00
2015.06.22 16:16:43.781,0.71236,0.71257,1.00,1.50
2015.06.22 16:16:44.398,0.71236,0.71254,1.00,1.00
2015.06.22 16:16:44.448,0.7123,0.71252,1.00,1.50
2015.06.22 16:16:44.606,0.71229,0.71247,1.00,1.00
2015.06.22 16:16:44.657,0.71225,0.71247,1.50,1.50
2015.06.22 16:16:44.809,0.7123,0.71247,1.00,1.50
2015.06.22 16:16:44.910,0.71225,0.71247,1.00,1.50
2015.06.22 16:16:45.468,0.71225,0.71245,1.00,1.00
2015.06.22 16:16:45.871,0.71224,0.71242,1.00,1.00
2015.06.22 16:16:46.312,0.7123,0.71241,1.00,1.00
2015.06.22 16:16:46.635,0.71227,0.71245,1.00,1.00
2015.06.22 16:16:46.686,0.71228,0.71249,1.00,1.00
2015.06.22 16:16:46.787,0.7123,0.71249,1.00,1.00
2015.06.22 16:16:46.888,0.71228,0.71249,1.00,1.00
2015.06.22 16:16:48.202,0.7123,0.71251,1.00,1.00
2015.06.22 16:16:48.838,0.71231,0.71252,1.00,1.00
2015.06.22 16:16:49.140,0.71228,0.71248,1.00,1.00
2015.06.22 16:16:49.241,0.71226,0.71247,1.00,1.00
2015.06.22 16:16:49.599,0.71227,0.71249,1.50,1.00
2015.06.22 16:16:50.286,0.71227,0.71248,1.50,1.00
2015.06.22 16:16:50.351,0.71231,0.71252,1.00,1.50
2015.06.22 16:16:50.502,0.7123,0.71255,1.00,1.00
2015.06.22 16:16:50.603,0.71231,0.71257,1.00,1.00
2015.06.22 16:16:51.356,0.7123,0.71253,1.00,1.00
2015.06.22 16:16:51.739,0.71228,0.71254,1.00,1.00
2015.06.22 16:16:51.840,0.71229,0.71256,1.50,1.00
2015.06.22 16:16:51.891,0.71231,0.71258,1.00,1.00
2015.06.22 16:16:52.425,0.71226,0.71254,1.50,1.00
2015.06.22 16:16:52.476,0.7123,0.71256,1.00,1.00
2015.06.22 16:16:52.779,0.71226,0.71252,1.00,1.00
2015.06.22 16:16:52.880,0.71226,0.71254,1.00,1.00
2015.06.22 16:16:52.981,0.71228,0.71255,1.00,1.00
2015.06.22 16:16:53.550,0.7123,0.71257,1.00,1.00
2015.06.22 16:16:53.652,0.71231,0.7126,1.00,1.50
2015.06.22 16:16:53.803,0.71235,0.7126,1.00,1.00
2015.06.22 16:16:54.007,0.71235,0.71262,1.00,1.00
2015.06.22 16:16:54.747,0.71238,0.71265,1.00,1.00
2015.06.22 16:16:55.049,0.71245,0.71266,1.00,1.00
2015.06.22 16:16:55.100,0.71245,0.7127,1.00,1.35
2015.06.22 16:16:55.467,0.71245,0.71273,1.00,1.00
2015.06.22 16:16:55.518,0.71247,0.71274,1.00,1.00
2015.06.22 16:16:55.866,0.7124,0.71269,1.50,1.00
2015.06.22 16:16:57.119,0.7124,0.71266,1.00,1.00
2015.06.22 16:16:57.612,0.7124,0.71268,1.00,1.00
2015.06.22 16:16:58.129,0.7124,0.71269,1.50,1.00
2015.06.22 16:16:58.448,0.71243,0.7127,1.00,1.50
2015.06.22 16:16:58.603,0.7124,0.71268,1.00,1.00
2015.06.22 16:16:59.117,0.7124,0.71267,1.50,1.00
2015.06.22 16:17:00.628,0.71239,0.71267,1.00,1.00
2015.06.22 16:17:01.412,0.7124,0.71267,1.50,1.00
2015.06.22 16:17:01.994,0.71241,0.71268,1.00,1.00
2015.06.22 16:17:02.223,0.71239,0.71266,1.50,1.00
2015.06.22 16:17:02.927,0.7124,0.71266,1.00,1.00
2015.06.22 16:17:03.475,0.7124,0.71265,1.00,1.00
2015.06.22 16:17:04.308,0.7124,0.71266,1.00,1.00
2015.06.22 16:17:07.174,0.71239,0.71266,1.50,1.00
2015.06.22 16:17:07.876,0.7124,0.71266,1.00,1.00
2015.06.22 16:17:10.395,0.7124,0.71267,1.50,1.00
2015.06.22 16:17:10.816,0.71242,0.71269,1.00,1.00
2015.06.22 16:17:11.118,0.71229,0.71254,1.00,1.00
2015.06.22 16:17:11.427,0.7123,0.71251,1.00,1.00
2015.06.22 16:17:11.634,0.71225,0.71252,1.50,1.00
2015.06.22 16:17:11.786,0.71225,0.71254,1.00,1.00
2015.06.22 16:17:12.162,0.71225,0.71252,1.00,1.50
2015.06.22 16:17:12.628,0.71222,0.71249,1.00,1.00
2015.06.22 16:17:13.077,0.71222,0.71245,1.00,1.00
2015.06.22 16:17:13.128,0.71218,0.71245,1.00,1.00
2015.06.22 16:17:14.160,0.71219,0.71246,1.50,1.00
2015.06.22 16:17:14.680,0.7122,0.71246,1.00,1.00
2015.06.22 16:17:15.690,0.71219,0.71246,1.50,1.00
2015.06.22 16:17:16.232,0.7122,0.71248,1.00,1.00
2015.06.22 16:17:16.335,0.71222,0.71249,1.00,1.00
2015.06.22 16:17:16.969,0.71219,0.71246,1.50,1.00
2015.06.22 16:17:20.270,0.7122,0.71246,1.00,1.00
2015.06.22 16:17:24.104,0.7122,0.7125,1.50,2.85
2015.06.22 16:17:24.691,0.71221,0.71249,1.00,1.35
2015.06.22 16:17:25.308,0.71221,0.71248,1.00,1.00
2015.06.22 16:17:25.409,0.7122,0.71246,1.00,1.00
2015.06.22 16:17:25.711,0.71217,0.71243,1.00,1.00
2015.06.22 16:17:26.016,0.71215,0.71242,1.00,1.00
2015.06.22 16:17:26.066,0.71215,0.7124,1.00,1.00
2015.06.22 16:17:26.650,0.71212,0.71241,1.00,2.25
2015.06.22 16:17:27.127,0.71215,0.71241,1.00,1.00
2015.06.22 16:17:27.437,0.71215,0.71233,1.00,1.00
2015.06.22 16:17:27.488,0.71206,0.71233,1.50,1.00
2015.06.22 16:17:28.118,0.71202,0.71229,1.00,1.00
2015.06.22 16:17:28.644,0.71201,0.71228,1.00,1.00
2015.06.22 16:17:28.951,0.71198,0.71225,1.00,1.50
2015.06.22 16:17:29.457,0.71199,0.71225,1.00,1.50
2015.06.22 16:17:29.507,0.71197,0.71224,1.00,1.00
2015.06.22 16:17:30.045,0.71197,0.71225,1.00,1.00
2015.06.22 16:17:32.912,0.71195,0.71222,1.00,1.00
2015.06.22 16:17:33.166,0.71191,0.7122,1.00,1.00
2015.06.22 16:17:33.266,0.71193,0.71221,1.00,1.50
2015.06.22 16:17:33.820,0.712,0.71224,1.00,1.00
2015.06.22 16:17:33.921,0.71198,0.71224,1.00,1.00
2015.06.22 16:17:34.022,0.71195,0.71221,1.00,1.00
2015.06.22 16:17:34.523,0.71194,0.7122,1.00,1.00
2015.06.22 16:17:36.767,0.71192,0.7122,1.00,1.00
2015.06.22 16:17:39.285,0.71191,0.7122,1.50,1.50
2015.06.22 16:17:41.298,0.71195,0.7122,1.00,1.00
2015.06.22 16:17:42.178,0.71195,0.71221,1.00,1.00
2015.06.22 16:17:42.695,0.71194,0.71222,1.00,1.00
2015.06.22 16:17:43.218,0.71194,0.71221,1.00,1.00
2015.06.22 16:17:45.074,0.71195,0.71221,1.00,1.00
2015.06.22 16:17:47.478,0.71192,0.7122,1.00,1.00
2015.06.22 16:17:47.579,0.71191,0.71218,1.00,1.00
2015.06.22 16:17:47.914,0.71195,0.71219,1.00,1.00
2015.06.22 16:17:48.454,0.71194,0.71219,1.00,1.00
2015.06.22 16:17:49.128,0.71195,0.71219,1.00,1.00
2015.06.22 16:17:49.874,0.71195,0.71218,1.00,1.00
2015.06.22 16:17:50.593,0.71192,0.71218,1.00,1.00
2015.06.22 16:17:50.776,0.71195,0.71218,1.00,1.00
2015.06.22 16:17:50.944,0.71194,0.7122,1.00,1.00
2015.06.22 16:17:51.890,0.71195,0.7122,1.00,1.00
2015.06.22 16:17:52.464,0.71194,0.7122,1.00,1.00
2015.06.22 16:17:53.156,0.71195,0.71218,1.00,1.00
2015.06.22 16:17:53.208,0.71192,0.71218,1.00,1.00
2015.06.22 16:17:53.414,0.71195,0.71218,1.00,1.00
2015.06.22 16:17:59.577,0.71192,0.71218,1.00,1.00
2015.06.22 16:17:59.764,0.71192,0.7122,1.00,1.50
2015.06.22 16:18:00.994,0.71192,0.71219,1.00,1.00
2015.06.22 16:18:01.095,0.7119,0.71219,2.25,1.00
2015.06.22 16:18:01.208,0.7119,0.71217,1.50,1.00
2015.06.22 16:18:01.576,0.71191,0.71219,1.00,1.00
2015.06.22 16:18:01.677,0.71195,0.71218,1.00,1.00
2015.06.22 16:18:01.728,0.71198,0.71224,1.00,1.00
2015.06.22 16:18:01.879,0.712,0.71225,1.00,1.00
2015.06.22 16:18:01.929,0.712,0.71229,1.00,1.00
2015.06.22 16:18:02.054,0.71202,0.71229,1.00,1.00
2015.06.22 16:18:03.966,0.712,0.71229,2.25,1.00
2015.06.22 16:18:04.254,0.71202,0.71229,1.00,1.00
2015.06.22 16:18:05.573,0.71203,0.7123,1.00,1.50
2015.06.22 16:18:08.668,0.71202,0.7123,1.00,1.00
2015.06.22 16:18:09.287,0.71202,0.71229,1.00,1.00
2015.06.22 16:18:09.858,0.71204,0.71229,1.00,1.00
2015.06.22 16:18:11.180,0.71201,0.71226,1.00,1.00
2015.06.22 16:18:11.882,0.71201,0.71227,1.00,1.00
2015.06.22 16:18:12.710,0.71201,0.71225,1.00,1.00
2015.06.22 16:18:13.255,0.71201,0.71226,1.00,1.00
2015.06.22 16:18:14.177,0.712,0.71226,1.00,1.00
2015.06.22 16:18:14.682,0.71205,0.71226,1.00,1.00
2015.06.22 16:18:15.033,0.71207,0.71228,1.00,1.00
2015.06.22 16:18:17.907,0.71207,0.71226,1.00,1.00
2015.06.22 16:18:18.445,0.71207,0.71227,1.00,1.00
2015.06.22 16:18:19.754,0.71207,0.71228,1.00,1.50
2015.06.22 16:18:30.999,0.7121,0.71228,1.00,1.50
2015.06.22 16:18:31.050,0.7121,0.71231,1.50,1.00
2015.06.22 16:18:31.650,0.7121,0.71232,1.50,1.00
2015.06.22 16:18:33.448,0.71208,0.71231,1.00,1.00
2015.06.22 16:18:33.936,0.71211,0.71232,1.00,1.50
2015.06.22 16:18:38.550,0.71213,0.71234,1.00,1.00
2015.06.22 16:18:38.852,0.71215,0.71236,1.00,2.25
2015.06.22 16:18:39.154,0.71213,0.71234,1.00,1.00
2015.06.22 16:18:40.833,0.71214,0.71234,1.00,1.00
2015.06.22 16:18:41.207,0.71216,0.71236,1.00,1.00
2015.06.22 16:18:41.587,0.71218,0.71236,1.00,1.00
2015.06.22 16:18:41.689,0.71218,0.71239,1.00,1.50
2015.06.22 16:18:41.891,0.71218,0.71235,1.00,1.00
2015.06.22 16:18:42.236,0.71216,0.71236,1.00,1.00
2015.06.22 16:18:42.294,0.71218,0.71237,1.00,1.00
2015.06.22 16:18:42.577,0.71216,0.71237,1.00,1.00
2015.06.22 16:18:44.133,0.71215,0.71235,1.00,1.00
2015.06.22 16:18:44.397,0.71216,0.71237,1.00,1.00
2015.06.22 16:18:46.367,0.71217,0.71238,1.00,1.50
2015.06.22 16:18:46.967,0.71217,0.71235,1.00,1.00
2015.06.22 16:18:47.457,0.71219,0.71237,1.00,1.00
2015.06.22 16:18:48.166,0.71219,0.71236,1.00,1.00
2015.06.22 16:18:48.895,0.71217,0.71236,1.50,1.00
2015.06.22 16:18:49.394,0.71219,0.71236,1.00,1.00
2015.06.22 16:18:49.600,0.71219,0.71238,1.00,1.00
2015.06.22 16:18:49.674,0.71219,0.7124,1.00,2.25
2015.06.22 16:18:50.307,0.71221,0.71242,1.00,1.00
2015.06.22 16:18:51.264,0.71221,0.7124,1.00,1.00
2015.06.22 16:18:51.931,0.71221,0.71241,1.00,1.00
2015.06.22 16:18:51.982,0.71219,0.7124,1.50,1.00
2015.06.22 16:18:57.434,0.71216,0.71238,1.00,1.50
2015.06.22 16:18:57.586,0.71214,0.71235,1.50,1.00
2015.06.22 16:18:57.914,0.71212,0.71233,1.00,1.00
2015.06.22 16:18:58.366,0.7121,0.71231,1.00,1.00
2015.06.22 16:18:58.913,0.7121,0.7123,1.00,1.00
2015.06.22 16:18:59.015,0.71208,0.71229,1.00,1.00
2015.06.22 16:18:59.367,0.71208,0.71227,1.00,1.00
2015.06.22 16:18:59.418,0.71205,0.71227,1.50,1.00
2015.06.22 16:18:59.519,0.71208,0.71229,1.00,1.00
2015.06.22 16:18:59.845,0.71211,0.71233,1.50,1.00
2015.06.22 16:19:00.371,0.71212,0.71234,1.00,1.00
2015.06.22 16:19:00.923,0.71212,0.71233,1.00,1.00
2015.06.22 16:19:02.326,0.71212,0.71232,1.00,1.00
2015.06.22 16:19:02.376,0.71212,0.7123,1.00,1.00
2015.06.22 16:19:02.427,0.71209,0.7123,1.50,1.00
2015.06.22 16:19:02.792,0.71209,0.71232,1.50,1.50
2015.06.22 16:19:02.893,0.71209,0.7123,1.50,1.00
2015.06.22 16:19:04.167,0.71209,0.71232,1.50,1.50
2015.06.22 16:19:04.624,0.71212,0.71233,1.00,1.50
2015.06.22 16:19:05.836,0.71214,0.71235,1.00,2.25
2015.06.22 16:19:08.644,0.71216,0.71237,1.00,1.50
2015.06.22 16:19:08.946,0.71219,0.7124,1.00,1.00
2015.06.22 16:19:09.048,0.7122,0.71243,1.50,1.00
2015.06.22 16:19:09.202,0.7122,0.7124,1.50,1.00
2015.06.22 16:19:09.849,0.7122,0.71241,1.00,1.00
2015.06.22 16:19:10.169,0.71216,0.71239,1.00,1.00
2015.06.22 16:19:14.642,0.71216,0.71238,1.00,1.00
2015.06.22 16:19:15.339,0.71215,0.71237,1.00,1.00
2015.06.22 16:19:15.440,0.71213,0.71234,1.50,1.00
2015.06.22 16:19:16.123,0.71211,0.71231,1.00,1.00
2015.06.22 16:19:17.096,0.7121,0.71231,1.00,1.00
2015.06.22 16:19:17.399,0.71208,0.71229,1.00,1.00
2015.06.22 16:19:17.550,0.7121,0.71232,1.00,1.50
2015.06.22 16:19:18.084,0.7121,0.71231,1.00,1.00
2015.06.22 16:19:18.312,0.7121,0.71229,1.00,1.00
2015.06.22 16:19:18.933,0.71209,0.71229,1.00,1.00
2015.06.22 16:19:19.434,0.71209,0.7123,1.00,2.25
2015.06.22 16:19:20.073,0.71209,0.71229,1.00,1.00
2015.06.22 16:19:20.555,0.71207,0.71225,1.00,1.00
2015.06.22 16:19:20.606,0.71204,0.71224,1.00,1.00
2015.06.22 16:19:21.142,0.71204,0.71225,1.00,1.50
2015.06.22 16:19:22.232,0.71204,0.71223,1.00,1.00
2015.06.22 16:19:22.764,0.71204,0.71224,1.00,1.00
2015.06.22 16:19:25.983,0.71204,0.71223,1.00,1.00
2015.06.22 16:19:30.346,0.71207,0.71223,1.00,1.00
2015.06.22 16:19:30.754,0.7121,0.71223,1.00,1.00
2015.06.22 16:19:30.805,0.7121,0.7123,1.00,1.50
2015.06.22 16:19:30.855,0.7121,0.71228,1.00,1.00
2015.06.22 16:19:32.422,0.7121,0.71227,1.00,1.00
2015.06.22 16:19:32.473,0.71204,0.71227,1.50,1.50
2015.06.22 16:19:34.418,0.71207,0.71227,1.00,1.00
2015.06.22 16:19:34.469,0.71208,0.71229,1.00,1.00
2015.06.22 16:19:34.519,0.71208,0.71226,1.00,1.00
2015.06.22 16:19:34.570,0.71204,0.71225,1.00,1.00
2015.06.22 16:19:36.854,0.71205,0.71225,1.00,1.00
2015.06.22 16:19:36.905,0.71206,0.71227,1.00,1.00
2015.06.22 16:19:37.939,0.71215,0.71236,1.00,1.00
2015.06.22 16:19:38.762,0.71212,0.71233,1.00,1.00
2015.06.22 16:19:39.203,0.71206,0.71227,1.50,1.00
2015.06.22 16:19:39.798,0.71207,0.71227,1.00,1.00
2015.06.22 16:19:40.543,0.71206,0.71227,1.50,1.00
2015.06.22 16:19:42.400,0.71205,0.71225,1.00,1.00
2015.06.22 16:19:42.876,0.71205,0.71222,1.00,1.00
2015.06.22 16:19:43.158,0.71203,0.71222,1.00,1.00
2015.06.22 16:19:43.310,0.71202,0.7122,1.00,1.00
2015.06.22 16:19:43.462,0.71201,0.71222,1.00,1.00
2015.06.22 16:19:44.107,0.712,0.71222,2.25,1.00
2015.06.22 16:19:46.608,0.712,0.71219,1.50,1.00
2015.06.22 16:19:50.580,0.712,0.71217,1.00,1.00
2015.06.22 16:19:50.630,0.71198,0.71217,1.00,1.00
2015.06.22 16:19:50.681,0.71198,0.71215,1.00,1.00
2015.06.22 16:19:50.732,0.71195,0.71215,2.25,1.00
2015.06.22 16:19:50.783,0.71195,0.71212,1.50,1.00
2015.06.22 16:19:50.884,0.71193,0.71212,1.00,1.00
2015.06.22 16:19:51.366,0.71194,0.71214,1.00,1.50
2015.06.22 16:19:51.791,0.71187,0.71205,1.00,1.00
2015.06.22 16:19:51.893,0.71186,0.7121,1.50,1.00
2015.06.22 16:19:51.944,0.71189,0.7121,1.35,1.00
2015.06.22 16:19:52.473,0.7119,0.7121,1.50,1.00
2015.06.22 16:19:52.778,0.7119,0.71208,1.00,1.00
2015.06.22 16:19:53.157,0.71186,0.71206,1.00,1.00
2015.06.22 16:19:54.382,0.71187,0.71206,1.00,1.50
2015.06.22 16:19:54.533,0.71188,0.71208,1.00,1.00
2015.06.22 16:19:55.603,0.71189,0.71208,1.00,1.00
2015.06.22 16:19:56.825,0.71183,0.71202,1.00,1.50
2015.06.22 16:19:59.192,0.71182,0.71202,1.00,1.50
2015.06.22 16:19:59.514,0.71182,0.71199,1.00,1.00
2015.06.22 16:20:00.092,0.71181,0.71198,1.00,1.00
2015.06.22 16:20:00.193,0.71176,0.71194,1.50,1.00
2015.06.22 16:20:00.395,0.71176,0.71192,1.00,1.00
2015.06.22 16:20:00.445,0.71174,0.71191,1.00,1.00
2015.06.22 16:20:03.629,0.71173,0.71191,1.00,1.00
2015.06.22 16:20:04.158,0.71172,0.7119,1.00,1.50
2015.06.22 16:20:04.259,0.71174,0.7119,1.00,1.50
2015.06.22 16:20:04.799,0.71172,0.71199,1.00,1.50
2015.06.22 16:20:04.855,0.71169,0.71195,1.00,1.50
2015.06.22 16:20:05.157,0.71166,0.71194,1.00,1.50
2015.06.22 16:20:05.258,0.71166,0.71192,1.00,1.00
2015.06.22 16:20:05.460,0.71167,0.71194,1.00,2.25
2015.06.22 16:20:06.144,0.71165,0.71192,1.50,1.00
2015.06.22 16:20:06.252,0.71165,0.71194,1.50,1.50
2015.06.22 16:20:06.389,0.71169,0.71194,1.00,1.50
2015.06.22 16:20:07.010,0.71169,0.71193,1.00,1.00
2015.06.22 16:20:07.123,0.71166,0.71193,1.00,1.00
2015.06.22 16:20:08.442,0.7117,0.71193,1.00,1.00
2015.06.22 16:20:08.597,0.71166,0.71193,1.00,1.00
2015.06.22 16:20:13.164,0.71166,0.71192,1.00,1.00
2015.06.22 16:20:13.678,0.71165,0.71192,1.50,1.00
2015.06.22 16:20:14.206,0.71175,0.71191,1.00,1.00
2015.06.22 16:20:14.307,0.71175,0.71196,1.00,1.50
2015.06.22 16:20:14.408,0.7117,0.71186,1.00,1.50
2015.06.22 16:20:15.090,0.71167,0.71186,1.00,1.50
2015.06.22 16:20:15.737,0.71166,0.71186,1.00,1.50
2015.06.22 16:20:16.342,0.71167,0.71187,1.00,1.00
2015.06.22 16:20:16.727,0.71167,0.71185,1.00,1.00
2015.06.22 16:20:16.839,0.71164,0.71184,1.00,1.00
2015.06.22 16:20:17.562,0.71164,0.71183,1.00,1.50
2015.06.22 16:20:18.123,0.71165,0.71184,1.00,1.00
2015.06.22 16:20:19.467,0.7117,0.71184,1.00,1.00
2015.06.22 16:20:19.618,0.7117,0.71189,1.00,1.00
2015.06.22 16:20:19.920,0.71171,0.71192,1.00,1.50
2015.06.22 16:20:20.021,0.71174,0.71199,1.00,1.00
2015.06.22 16:20:20.432,0.71171,0.71199,1.00,1.00
2015.06.22 16:20:20.885,0.7117,0.71197,1.00,1.00
2015.06.22 16:20:21.685,0.71169,0.71197,1.50,1.00
2015.06.22 16:20:21.988,0.71175,0.71201,1.00,1.00
2015.06.22 16:20:22.523,0.71173,0.712,1.00,1.00
2015.06.22 16:20:23.198,0.71174,0.71201,1.00,1.00
2015.06.22 16:20:23.758,0.71175,0.71201,1.00,1.00
2015.06.22 16:20:25.053,0.71173,0.712,1.00,1.00
2015.06.22 16:20:25.799,0.7117,0.71198,1.50,1.00
2015.06.22 16:20:25.850,0.71175,0.71201,1.00,1.50
2015.06.22 16:20:25.952,0.71173,0.71201,1.00,1.50
2015.06.22 16:20:26.163,0.71175,0.71203,1.00,1.00
2015.06.22 16:20:26.620,0.7118,0.71204,1.00,1.50
2015.06.22 16:20:26.991,0.7118,0.71206,1.50,1.00
2015.06.22 16:20:27.042,0.7119,0.71213,1.00,1.00
2015.06.22 16:20:27.093,0.7119,0.71215,1.00,1.00
2015.06.22 16:20:27.245,0.7119,0.71217,1.50,1.00
2015.06.22 16:20:27.485,0.71195,0.71219,1.00,1.00
2015.06.22 16:20:28.401,0.71195,0.71222,1.00,1.00
2015.06.22 16:20:29.723,0.71195,0.71221,1.00,1.00
2015.06.22 16:20:29.774,0.71191,0.7122,1.00,1.00
2015.06.22 16:20:29.824,0.71195,0.7122,1.00,1.00
2015.06.22 16:20:30.113,0.71191,0.7122,1.00,1.50
2015.06.22 16:20:31.250,0.7119,0.71219,1.50,1.00
2015.06.22 16:20:31.792,0.71195,0.71221,1.00,1.00
2015.06.22 16:20:31.893,0.71196,0.71223,1.00,1.00
2015.06.22 16:20:31.994,0.71199,0.71225,1.00,1.00
2015.06.22 16:20:32.094,0.712,0.71231,1.50,1.00
2015.06.22 16:20:32.878,0.71199,0.71231,1.00,1.00
2015.06.22 16:20:33.704,0.71199,0.71232,1.00,1.50
2015.06.22 16:20:34.248,0.712,0.71232,1.00,1.00
2015.06.22 16:20:34.764,0.71205,0.71232,1.00,1.00
2015.06.22 16:20:34.865,0.71202,0.7123,1.00,1.00
2015.06.22 16:20:35.067,0.712,0.71229,1.00,1.00
2015.06.22 16:20:35.934,0.712,0.71227,1.00,1.00
2015.06.22 16:20:36.972,0.71199,0.71227,1.00,1.00
2015.06.22 16:20:37.192,0.71196,0.71226,1.00,1.00
2015.06.22 16:20:37.293,0.71194,0.71225,2.10,1.50
2015.06.22 16:20:38.138,0.71195,0.71225,1.00,2.25
2015.06.22 16:20:38.189,0.71195,0.71223,1.00,1.00
2015.06.22 16:20:38.629,0.71194,0.7122,1.00,1.00
2015.06.22 16:20:38.730,0.71192,0.71221,1.00,2.25
2015.06.22 16:20:39.360,0.71193,0.7122,1.00,1.00
2015.06.22 16:20:40.116,0.71192,0.7122,1.00,1.00
2015.06.22 16:20:40.565,0.71194,0.7122,1.00,1.00
2015.06.22 16:20:41.482,0.71195,0.71221,1.00,1.00
2015.06.22 16:20:42.199,0.71196,0.71225,1.00,1.50
2015.06.22 16:20:42.251,0.712,0.71225,1.00,1.00
2015.06.22 16:20:42.697,0.712,0.71227,1.00,1.00
2015.06.22 16:20:42.899,0.712,0.7123,1.00,1.50
2015.06.22 16:20:43.742,0.712,0.71229,1.00,1.00
2015.06.22 16:20:44.309,0.712,0.7123,1.00,1.00
2015.06.22 16:20:44.410,0.712,0.71232,1.00,1.00
2015.06.22 16:20:44.705,0.71203,0.71232,1.00,1.00
2015.06.22 16:20:45.031,0.71209,0.71236,1.00,1.50
2015.06.22 16:20:45.133,0.71204,0.71236,1.00,2.25
2015.06.22 16:20:45.184,0.71204,0.71226,1.00,1.00
2015.06.22 16:20:45.235,0.712,0.71226,1.00,1.00
2015.06.22 16:20:45.336,0.71195,0.71225,1.00,1.00
2015.06.22 16:20:45.980,0.71195,0.71224,1.00,1.50
2015.06.22 16:20:46.566,0.71194,0.71223,1.00,1.00
2015.06.22 16:20:47.281,0.71194,0.71224,1.00,1.00
2015.06.22 16:20:47.733,0.71192,0.71224,1.00,1.00
2015.06.22 16:20:48.561,0.712,0.71223,1.00,1.00
2015.06.22 16:20:48.863,0.71195,0.71224,1.00,1.00
2015.06.22 16:20:49.830,0.71195,0.71222,1.00,1.00
2015.06.22 16:20:49.934,0.71195,0.71224,1.00,1.00
2015.06.22 16:20:50.274,0.71191,0.71222,1.00,1.00
2015.06.22 16:20:51.136,0.7119,0.7122,1.50,1.00
2015.06.22 16:20:51.739,0.71191,0.7122,1.00,1.00
2015.06.22 16:20:52.222,0.71195,0.71223,1.00,1.00
2015.06.22 16:20:52.374,0.71192,0.71221,1.00,1.00
2015.06.22 16:20:52.677,0.7119,0.7122,1.50,1.00
2015.06.22 16:20:52.879,0.71189,0.71217,1.00,1.00
2015.06.22 16:20:53.304,0.7119,0.71215,1.00,1.00
2015.06.22 16:20:53.607,0.7118,0.71207,1.00,1.00
2015.06.22 16:20:53.658,0.7118,0.71205,1.00,1.00
2015.06.22 16:20:53.809,0.71175,0.71206,1.00,1.00
2015.06.22 16:20:54.419,0.71181,0.71211,1.00,1.00
2015.06.22 16:20:54.601,0.71181,0.71213,1.00,1.00
2015.06.22 16:20:54.652,0.71183,0.71216,1.00,1.00
2015.06.22 16:20:55.440,0.71183,0.71214,1.00,1.00
2015.06.22 16:20:56.287,0.71184,0.71215,1.00,1.00
2015.06.22 16:20:56.970,0.71184,0.71216,1.00,1.00
2015.06.22 16:20:58.042,0.71185,0.71217,1.00,1.00
2015.06.22 16:20:58.375,0.71187,0.71218,1.00,1.00
2015.06.22 16:20:59.385,0.71186,0.71219,1.00,1.00
2015.06.22 16:20:59.997,0.71185,0.71215,1.50,1.00
2015.06.22 16:21:00.303,0.71185,0.71212,1.00,1.00
2015.06.22 16:21:00.970,0.71181,0.7121,1.00,1.00
2015.06.22 16:21:01.529,0.71181,0.71211,1.00,1.00
2015.06.22 16:21:02.315,0.71181,0.7121,1.00,1.00
2015.06.22 16:21:02.774,0.7118,0.71207,1.00,1.00
2015.06.22 16:21:02.926,0.7118,0.71209,1.50,1.00
2015.06.22 16:21:03.127,0.71182,0.71211,1.00,1.00
2015.06.22 16:21:03.649,0.71181,0.7121,1.00,1.50
2015.06.22 16:21:04.209,0.71182,0.71211,1.00,1.50
2015.06.22 16:21:04.512,0.7118,0.71205,1.00,1.00
2015.06.22 16:21:04.870,0.71179,0.71203,1.00,1.00
2015.06.22 16:21:05.123,0.71177,0.71205,1.00,1.00
2015.06.22 16:21:05.648,0.71176,0.71205,1.35,1.00
2015.06.22 16:21:06.821,0.71175,0.71205,1.00,1.50
2015.06.22 16:21:06.872,0.71175,0.712,1.00,1.00
2015.06.22 16:21:07.223,0.71173,0.712,1.00,1.00
2015.06.22 16:21:07.324,0.7117,0.71195,1.00,1.00
2015.06.22 16:21:07.727,0.71167,0.71195,1.50,3.00
2015.06.22 16:21:07.828,0.71167,0.71191,1.00,1.00
2015.06.22 16:21:07.929,0.71164,0.71189,1.00,1.00
2015.06.22 16:21:07.980,0.7116,0.71189,1.50,1.00
2015.06.22 16:21:08.590,0.7116,0.71187,1.00,1.00
2015.06.22 16:21:08.640,0.71157,0.71186,1.00,1.00
2015.06.22 16:21:09.073,0.71155,0.71186,1.00,1.50
2015.06.22 16:21:09.174,0.71154,0.71183,1.00,1.00
2015.06.22 16:21:09.871,0.71155,0.71184,1.50,1.00
2015.06.22 16:21:10.441,0.71156,0.71185,1.00,1.50
2015.06.22 16:21:10.766,0.71153,0.7118,2.10,1.00
2015.06.22 16:21:12.065,0.71153,0.71181,1.35,1.00
2015.06.22 16:21:13.032,0.71155,0.71183,1.00,1.00
2015.06.22 16:21:13.551,0.71155,0.71181,1.00,1.00
2015.06.22 16:21:13.817,0.71151,0.7118,1.60,1.50
2015.06.22 16:21:14.267,0.71155,0.7118,1.35,1.00
2015.06.22 16:21:14.664,0.71155,0.71182,1.35,1.00
2015.06.22 16:21:15.216,0.71155,0.71184,1.35,1.00
2015.06.22 16:21:18.077,0.71156,0.71185,1.00,1.50
2015.06.22 16:21:18.330,0.71158,0.71185,1.00,1.00
2015.06.22 16:21:18.893,0.71157,0.71186,1.00,1.50
2015.06.22 16:21:19.225,0.7116,0.71185,1.00,1.00
2015.06.22 16:21:19.582,0.71156,0.71185,1.00,1.50
2015.06.22 16:21:19.683,0.71159,0.71185,1.00,1.00
2015.06.22 16:21:19.834,0.7116,0.71189,1.00,1.00
2015.06.22 16:21:20.178,0.71158,0.71186,1.60,1.00
2015.06.22 16:21:20.513,0.71157,0.71185,1.00,1.00
2015.06.22 16:21:21.031,0.71155,0.71185,2.10,1.00
2015.06.22 16:21:21.498,0.71154,0.71183,2.10,1.00
2015.06.22 16:21:21.836,0.71153,0.71179,2.10,1.00
2015.06.22 16:21:22.368,0.71155,0.7118,1.00,1.00
2015.06.22 16:21:22.569,0.71156,0.71182,2.10,1.00
2015.06.22 16:21:23.097,0.71155,0.71181,1.60,1.00
2015.06.22 16:21:24.409,0.71155,0.7118,1.60,1.00
2015.06.22 16:21:25.069,0.71155,0.71181,1.60,1.00
2015.06.22 16:21:27.130,0.71155,0.71181,1.00,1.50
2015.06.22 16:21:27.332,0.71155,0.71179,1.00,1.00
2015.06.22 16:21:27.383,0.71153,0.71179,1.00,1.50
2015.06.22 16:21:28.491,0.71155,0.71179,1.00,1.50
2015.06.22 16:21:28.592,0.71153,0.71179,1.00,1.50
2015.06.22 16:21:29.063,0.71155,0.71178,1.00,1.00
2015.06.22 16:21:29.528,0.71156,0.71181,1.00,1.00
2015.06.22 16:21:29.579,0.71158,0.71181,1.00,1.00
2015.06.22 16:21:29.629,0.71158,0.71184,1.00,1.50
2015.06.22 16:21:29.983,0.71158,0.71182,1.60,1.00
2015.06.22 16:21:30.748,0.71158,0.71179,1.60,1.00
2015.06.22 16:21:31.277,0.71159,0.71178,1.00,1.00
2015.06.22 16:21:31.626,0.71161,0.71179,1.00,1.00
2015.06.22 16:21:32.052,0.71158,0.71177,1.00,1.00
2015.06.22 16:21:33.717,0.7116,0.71179,1.00,1.00
2015.06.22 16:21:34.085,0.71159,0.71177,1.00,1.00
2015.06.22 16:21:34.287,0.71157,0.71176,1.00,1.00
2015.06.22 16:21:35.011,0.71154,0.71173,1.00,1.00
2015.06.22 16:21:35.492,0.71156,0.71174,1.00,1.50
2015.06.22 16:21:35.744,0.71157,0.71176,1.00,1.00
2015.06.22 16:21:36.713,0.71159,0.71178,1.00,1.00
2015.06.22 16:21:41.216,0.71157,0.71176,1.00,1.00
2015.06.22 16:21:41.658,0.7116,0.71177,1.00,1.00
2015.06.22 16:21:41.709,0.71166,0.71184,1.00,1.00
2015.06.22 16:21:41.810,0.71167,0.71187,1.00,1.00
2015.06.22 16:21:42.323,0.71167,0.71188,1.00,1.50
2015.06.22 16:21:43.292,0.71171,0.71188,1.00,1.00
2015.06.22 16:21:43.910,0.71171,0.71185,1.00,1.00
2015.06.22 16:21:44.011,0.71169,0.71185,1.00,1.00
2015.06.22 16:21:44.112,0.71164,0.71185,1.50,3.00
2015.06.22 16:21:44.213,0.71162,0.71181,1.00,1.00
2015.06.22 16:21:44.515,0.71166,0.71185,1.00,1.50
2015.06.22 16:21:44.875,0.7117,0.71186,1.00,1.00
2015.06.22 16:21:45.027,0.71168,0.71187,1.00,1.50
2015.06.22 16:21:45.492,0.71168,0.71185,1.00,1.00
2015.06.22 16:21:46.190,0.71168,0.71186,1.00,1.00
2015.06.22 16:21:46.620,0.71166,0.71185,1.00,1.00
2015.06.22 16:21:49.231,0.71167,0.71188,1.00,1.00
2015.06.22 16:21:49.332,0.7117,0.7119,1.50,2.25
2015.06.22 16:21:49.930,0.71169,0.71188,1.00,1.00
2015.06.22 16:21:50.257,0.71168,0.71186,1.00,1.00
2015.06.22 16:21:53.394,0.71169,0.71187,1.00,1.00
2015.06.22 16:21:53.712,0.71171,0.71189,1.00,1.00
2015.06.22 16:21:54.714,0.7117,0.71188,1.00,1.00
2015.06.22 16:21:55.221,0.71169,0.71188,1.00,1.00
2015.06.22 16:21:59.939,0.71171,0.71189,1.00,1.00
2015.06.22 16:22:00.067,0.71169,0.71188,1.00,1.00
2015.06.22 16:22:00.882,0.71166,0.71185,1.00,1.00
2015.06.22 16:22:01.222,0.71164,0.71183,1.00,1.00
2015.06.22 16:22:04.004,0.71161,0.71182,2.25,1.50
2015.06.22 16:22:04.155,0.71157,0.71178,1.50,1.50
2015.06.22 16:22:04.489,0.71158,0.71176,1.00,1.00
2015.06.22 16:22:04.691,0.7115,0.71171,1.50,1.50
2015.06.22 16:22:04.741,0.7115,0.71168,1.50,1.00
2015.06.22 16:22:05.183,0.71147,0.71165,1.00,1.00
2015.06.22 16:22:06.043,0.71148,0.71166,1.00,1.00
2015.06.22 16:22:06.762,0.71148,0.71167,1.00,1.00
2015.06.22 16:22:09.266,0.71151,0.71169,1.00,1.00
2015.06.22 16:22:09.584,0.71147,0.71166,1.00,1.00
2015.06.22 16:22:12.855,0.71149,0.71167,1.00,1.50
2015.06.22 16:22:13.663,0.71152,0.71168,1.00,1.00
2015.06.22 16:22:13.714,0.71152,0.7117,1.00,1.00
2015.06.22 16:22:13.814,0.71149,0.7117,1.50,1.50
2015.06.22 16:22:13.966,0.71149,0.71167,1.50,1.00
2015.06.22 16:22:14.117,0.71147,0.71166,1.00,1.00
2015.06.22 16:22:16.762,0.71149,0.71167,1.00,1.00
2015.06.22 16:22:17.596,0.71149,0.71168,1.00,1.00
2015.06.22 16:22:18.788,0.7115,0.7117,1.50,1.50
2015.06.22 16:22:20.052,0.71153,0.7117,1.00,1.00
2015.06.22 16:22:20.103,0.7115,0.71169,1.00,1.00
2015.06.22 16:22:20.606,0.71152,0.71171,1.00,1.00
2015.06.22 16:22:21.158,0.71154,0.71172,1.00,1.00
2015.06.22 16:22:24.690,0.71153,0.71171,1.00,1.50
2015.06.22 16:22:24.740,0.7115,0.71171,1.50,2.25
2015.06.22 16:22:25.724,0.7115,0.7117,1.50,1.00
2015.06.22 16:22:26.195,0.7115,0.71168,1.50,1.00
2015.06.22 16:22:26.581,0.71149,0.71166,1.00,1.00
2015.06.22 16:22:26.632,0.71146,0.71166,1.50,1.50
2015.06.22 16:22:28.566,0.71147,0.71166,1.00,1.00
2015.06.22 16:22:29.161,0.71148,0.71167,1.00,1.00
2015.06.22 16:22:29.461,0.71147,0.71155,1.50,1.00
2015.06.22 16:22:29.563,0.71129,0.71147,1.00,1.00
2015.06.22 16:22:30.117,0.71132,0.7115,1.00,1.00
2015.06.22 16:22:35.342,0.71134,0.71153,1.00,1.00
2015.06.22 16:22:35.443,0.71137,0.71156,1.00,1.00
2015.06.22 16:22:35.747,0.71139,0.71158,1.00,1.00
2015.06.22 16:22:38.513,0.71137,0.71156,1.00,1.00
2015.06.22 16:22:39.101,0.71143,0.71161,1.00,1.50
2015.06.22 16:22:39.151,0.71144,0.71163,1.00,1.00
2015.06.22 16:22:41.870,0.71145,0.71163,1.00,1.00
2015.06.22 16:22:42.246,0.71146,0.71165,1.00,1.00
2015.06.22 16:22:43.002,0.71146,0.71164,1.00,1.00
2015.06.22 16:22:43.102,0.71144,0.71163,1.00,1.00
2015.06.22 16:22:43.755,0.71143,0.71162,1.00,1.00
2015.06.22 16:22:43.808,0.71141,0.71162,1.50,1.50
2015.06.22 16:22:44.010,0.71141,0.7116,1.00,1.00
2015.06.22 16:22:44.415,0.71139,0.71157,1.00,1.00
2015.06.22 16:22:44.940,0.71141,0.71159,1.00,1.00
2015.06.22 16:22:48.012,0.71138,0.71157,1.00,1.00
2015.06.22 16:22:48.520,0.71138,0.71156,1.00,1.00
2015.06.22 16:22:48.823,0.7114,0.71158,1.00,1.00
2015.06.22 16:22:48.924,0.71141,0.7116,1.00,1.00
2015.06.22 16:22:51.870,0.71143,0.71162,1.00,1.00
2015.06.22 16:22:52.491,0.71145,0.71164,1.00,1.00
2015.06.22 16:22:57.548,0.71147,0.71165,1.00,1.00
2015.06.22 16:23:01.061,0.71144,0.71165,1.00,1.00
2015.06.22 16:23:04.569,0.71143,0.71162,1.00,1.00
2015.06.22 16:23:08.918,0.71145,0.71164,1.00,1.00
2015.06.22 16:23:10.258,0.71139,0.71158,1.00,1.00
2015.06.22 16:23:10.560,0.71138,0.71156,1.00,1.00
2015.06.22 16:23:12.173,0.71139,0.71157,1.00,1.00
2015.06.22 16:23:12.379,0.71137,0.71156,1.00,1.00
2015.06.22 16:23:12.581,0.71134,0.71153,1.00,1.00
2015.06.22 16:23:14.411,0.71133,0.71151,1.00,1.00
2015.06.22 16:23:16.061,0.71135,0.71154,1.00,1.00
2015.06.22 16:23:16.389,0.71134,0.71152,1.00,1.00
2015.06.22 16:23:16.782,0.71135,0.71154,1.00,1.50
2015.06.22 16:23:20.087,0.71137,0.71155,1.00,1.00
2015.06.22 16:23:23.295,0.71136,0.71153,1.00,1.00
2015.06.22 16:23:23.346,0.71134,0.71153,1.00,1.00
2015.06.22 16:23:24.301,0.71135,0.71154,1.00,1.00
2015.06.22 16:23:24.453,0.71141,0.7116,1.00,1.00
2015.06.22 16:23:24.554,0.71142,0.71163,1.00,1.00
2015.06.22 16:23:24.655,0.71141,0.7116,1.00,1.00
2015.06.22 16:23:24.999,0.7114,0.71158,1.00,1.00
2015.06.22 16:23:25.554,0.71139,0.71158,1.50,1.00
2015.06.22 16:23:27.030,0.71135,0.71153,1.00,1.00
2015.06.22 16:23:27.530,0.71133,0.71151,1.00,1.00
2015.06.22 16:23:28.271,0.71132,0.71151,1.00,1.00
2015.06.22 16:23:29.110,0.71135,0.71151,1.00,1.00
2015.06.22 16:23:30.026,0.71132,0.71151,1.00,1.00
2015.06.22 16:23:35.789,0.71128,0.71144,1.00,1.00
2015.06.22 16:23:35.890,0.71124,0.71142,1.00,1.00
2015.06.22 16:23:35.991,0.71122,0.71141,1.50,1.00
2015.06.22 16:23:36.436,0.7112,0.71139,2.25,1.00
2015.06.22 16:23:38.196,0.7112,0.7114,2.25,1.00
2015.06.22 16:23:38.747,0.7112,0.71138,1.50,1.00
2015.06.22 16:23:40.146,0.71115,0.71138,1.00,1.00
2015.06.22 16:23:41.908,0.71115,0.71139,1.00,1.00
2015.06.22 16:23:41.980,0.71119,0.71139,1.00,1.00
2015.06.22 16:23:42.199,0.71114,0.71139,1.00,1.00
2015.06.22 16:23:43.044,0.71115,0.71139,1.00,1.00
2015.06.22 16:23:45.571,0.71115,0.71138,1.00,1.00
2015.06.22 16:23:46.267,0.71109,0.71135,1.00,1.00
2015.06.22 16:23:46.524,0.71107,0.71135,1.50,1.00
2015.06.22 16:23:46.819,0.7111,0.71135,1.00,1.00
2015.06.22 16:23:47.349,0.7111,0.71134,1.00,1.00
2015.06.22 16:23:48.620,0.71109,0.71134,1.00,1.00
2015.06.22 16:23:49.487,0.71109,0.71132,1.00,1.00
2015.06.22 16:23:49.998,0.7111,0.71132,1.00,1.00
2015.06.22 16:23:50.229,0.71106,0.71132,1.00,1.00
2015.06.22 16:23:50.744,0.7111,0.71132,1.00,1.00
2015.06.22 16:23:51.956,0.7111,0.71131,1.00,1.00
2015.06.22 16:23:52.637,0.71109,0.71131,1.00,1.00
2015.06.22 16:23:54.143,0.71109,0.71132,1.00,1.00
2015.06.22 16:23:54.682,0.7111,0.71132,1.00,1.00
2015.06.22 16:23:55.509,0.7111,0.71133,1.00,1.00
2015.06.22 16:23:56.027,0.7111,0.71132,1.00,1.00
2015.06.22 16:23:56.280,0.71107,0.71133,1.00,1.00
2015.06.22 16:23:56.431,0.71105,0.7113,1.50,1.00
2015.06.22 16:23:56.875,0.71105,0.71127,1.00,1.00
2015.06.22 16:23:57.524,0.71104,0.71127,1.00,1.00
2015.06.22 16:23:59.188,0.71105,0.71127,1.00,1.00
2015.06.22 16:23:59.818,0.71104,0.71127,1.00,1.00
2015.06.22 16:24:01.297,0.71104,0.71129,1.00,1.00
2015.06.22 16:24:01.865,0.71105,0.71128,1.00,1.00
2015.06.22 16:24:04.338,0.71104,0.71128,1.00,1.00
2015.06.22 16:24:09.016,0.71104,0.71129,1.00,1.00
2015.06.22 16:24:09.117,0.71105,0.71131,1.00,1.00
2015.06.22 16:24:10.045,0.71105,0.71129,1.00,1.00
2015.06.22 16:24:14.475,0.71105,0.7113,2.25,1.00
2015.06.22 16:24:19.886,0.71105,0.71131,1.50,1.00
2015.06.22 16:24:20.387,0.71105,0.7113,1.50,1.00
2015.06.22 16:24:21.040,0.71105,0.71129,1.00,1.00
2015.06.22 16:24:21.798,0.71103,0.71129,1.00,1.00
2015.06.22 16:24:22.314,0.71103,0.71128,1.00,1.00
2015.06.22 16:24:22.591,0.71105,0.71128,1.00,1.00
2015.06.22 16:24:22.642,0.71105,0.7113,1.00,1.00
2015.06.22 16:24:23.178,0.71105,0.71129,1.35,1.00
2015.06.22 16:24:23.228,0.7111,0.71129,1.00,1.00
2015.06.22 16:24:23.704,0.71109,0.71133,1.00,1.00
2015.06.22 16:24:24.116,0.71115,0.71134,1.00,1.00
2015.06.22 16:24:24.417,0.71115,0.71137,1.00,1.00
2015.06.22 16:24:24.619,0.71115,0.71139,1.00,1.00
2015.06.22 16:24:25.332,0.7112,0.7114,1.00,1.00
2015.06.22 16:24:25.584,0.7112,0.71142,1.00,1.00
2015.06.22 16:24:26.177,0.71119,0.71142,1.00,1.00
2015.06.22 16:24:26.761,0.7112,0.71142,1.00,1.00
2015.06.22 16:24:27.456,0.7112,0.71141,1.00,1.00
2015.06.22 16:24:30.929,0.71116,0.71141,1.00,1.00
2015.06.22 16:24:31.576,0.71119,0.71141,1.00,1.00
2015.06.22 16:24:31.809,0.71115,0.71141,1.00,1.00
2015.06.22 16:24:32.290,0.7112,0.71141,1.00,1.00
2015.06.22 16:24:34.669,0.71116,0.71141,1.00,1.00
2015.06.22 16:24:35.177,0.71115,0.71141,1.00,1.00
2015.06.22 16:24:36.020,0.71114,0.71141,1.00,1.00
2015.06.22 16:24:36.120,0.7112,0.71141,1.00,1.00
2015.06.22 16:24:37.408,0.7112,0.71142,1.00,1.00
2015.06.22 16:24:40.300,0.71119,0.71142,1.00,1.00
2015.06.22 16:24:40.932,0.7112,0.71142,1.00,1.00
2015.06.22 16:24:41.819,0.71119,0.71142,1.00,1.00
2015.06.22 16:24:45.508,0.71119,0.71143,1.00,1.00
2015.06.22 16:24:47.263,0.71119,0.71142,1.00,1.00
2015.06.22 16:24:47.797,0.7112,0.71143,1.00,1.00
2015.06.22 16:24:48.207,0.7112,0.71146,1.00,1.00
2015.06.22 16:24:48.308,0.71125,0.71146,1.00,1.00
2015.06.22 16:24:48.558,0.7112,0.71145,1.00,1.00
2015.06.22 16:24:48.678,0.71121,0.71147,1.00,1.00
2015.06.22 16:24:48.779,0.71125,0.71147,1.00,1.00
2015.06.22 16:24:48.930,0.71125,0.71149,1.00,1.00
2015.06.22 16:24:49.937,0.7113,0.71151,1.00,1.00
2015.06.22 16:24:50.038,0.7113,0.71153,1.00,1.50
2015.06.22 16:24:50.591,0.71129,0.71154,1.00,1.00
2015.06.22 16:24:51.407,0.71129,0.71155,1.00,1.50
2015.06.22 16:24:51.934,0.7113,0.71155,1.00,1.50
2015.06.22 16:24:53.517,0.7113,0.71153,1.00,1.00
2015.06.22 16:24:56.118,0.71127,0.71153,1.00,1.00
2015.06.22 16:25:00.009,0.71126,0.71154,1.00,1.00
2015.06.22 16:25:00.110,0.7113,0.71154,1.00,1.00
2015.06.22 16:25:00.724,0.71125,0.71151,1.50,1.00
2015.06.22 16:25:04.707,0.71126,0.71152,1.00,1.00
2015.06.22 16:25:07.828,0.71125,0.71151,1.50,1.00
2015.06.22 16:25:08.367,0.71125,0.71152,1.00,1.00
2015.06.22 16:25:08.895,0.71125,0.71151,1.50,1.00
2015.06.22 16:25:09.289,0.71127,0.71153,1.00,1.00
2015.06.22 16:25:09.490,0.71135,0.71162,1.50,2.10
2015.06.22 16:25:15.307,0.71136,0.71162,1.00,1.35
2015.06.22 16:25:19.955,0.71135,0.71162,1.50,1.35
2015.06.22 16:25:20.783,0.71136,0.71162,1.00,1.35
2015.06.22 16:25:21.802,0.71135,0.71162,1.00,1.35
2015.06.22 16:25:25.320,0.7114,0.71162,1.00,1.35
2015.06.22 16:25:25.506,0.7114,0.71164,1.00,1.00
2015.06.22 16:25:26.055,0.71141,0.71167,1.00,1.60
2015.06.22 16:25:30.499,0.7114,0.71165,1.00,1.35
2015.06.22 16:25:31.546,0.71139,0.71165,1.00,2.10
2015.06.22 16:25:32.793,0.71138,0.71165,1.00,1.35
2015.06.22 16:25:33.190,0.7114,0.71167,1.00,1.60
2015.06.22 16:25:34.397,0.71138,0.71165,1.00,1.35
2015.06.22 16:25:35.058,0.71137,0.71164,1.00,1.00
2015.06.22 16:25:37.488,0.7114,0.71164,1.00,1.00
2015.06.22 16:25:38.201,0.7114,0.71167,1.50,1.60
2015.06.22 16:25:38.529,0.71142,0.71168,1.00,1.60
2015.06.22 16:25:42.488,0.7114,0.71168,1.50,2.85
2015.06.22 16:25:42.589,0.71138,0.71165,1.00,2.10
2015.06.22 16:25:42.906,0.71141,0.71165,1.00,1.35
2015.06.22 16:25:44.996,0.71142,0.71166,1.00,1.60
2015.06.22 16:25:47.087,0.71141,0.71168,1.00,2.10
2015.06.22 16:25:47.426,0.71136,0.71163,1.00,1.60
2015.06.22 16:25:49.672,0.71136,0.71163,1.00,1.00
2015.06.22 16:25:50.346,0.71137,0.71164,1.00,1.35
2015.06.22 16:25:53.627,0.71137,0.71163,1.00,1.00
2015.06.22 16:25:56.223,0.71137,0.71164,1.00,1.35
2015.06.22 16:25:56.749,0.71138,0.71165,1.00,1.50
2015.06.22 16:25:56.799,0.71141,0.71165,1.00,1.00
2015.06.22 16:25:57.101,0.71137,0.71163,1.00,1.00
2015.06.22 16:25:57.733,0.71137,0.71164,1.00,1.00
2015.06.22 16:25:58.398,0.71137,0.71163,1.00,1.00
2015.06.22 16:25:58.550,0.71135,0.71164,1.50,1.00
2015.06.22 16:25:58.976,0.71137,0.71164,1.00,1.00
2015.06.22 16:25:59.560,0.71138,0.71164,1.00,1.00
2015.06.22 16:26:01.305,0.71139,0.71165,1.00,1.00
2015.06.22 16:26:02.077,0.7114,0.71166,1.00,1.00
2015.06.22 16:26:02.266,0.7114,0.71168,1.00,1.00
2015.06.22 16:26:04.258,0.7114,0.71167,1.00,1.00
2015.06.22 16:26:04.465,0.71141,0.71165,1.00,1.00
2015.06.22 16:26:05.169,0.7114,0.71165,1.00,1.00
2015.06.22 16:26:05.220,0.7114,0.71168,1.50,1.00
2015.06.22 16:26:05.747,0.7114,0.71167,1.00,1.00
2015.06.22 16:26:06.891,0.7114,0.71166,1.50,1.00
2015.06.22 16:26:07.243,0.71144,0.7117,1.00,1.00
2015.06.22 16:26:07.832,0.71143,0.7117,1.50,1.00
2015.06.22 16:26:08.439,0.71145,0.7117,1.00,1.50
2015.06.22 16:26:09.090,0.71145,0.71169,1.00,1.00
2015.06.22 16:26:10.077,0.71145,0.7117,1.00,1.00
2015.06.22 16:26:10.838,0.71146,0.71171,1.00,1.50
2015.06.22 16:26:11.368,0.71146,0.7117,1.00,1.00
2015.06.22 16:26:12.245,0.71145,0.7117,1.00,1.00
2015.06.22 16:26:19.300,0.71145,0.71171,1.00,1.00
2015.06.22 16:26:19.831,0.71145,0.7117,1.00,1.00
2015.06.22 16:26:21.347,0.71145,0.71171,1.00,1.00
2015.06.22 16:26:22.005,0.71146,0.71171,1.00,1.00
2015.06.22 16:26:22.647,0.71146,0.71173,1.00,1.00
2015.06.22 16:26:22.748,0.71151,0.71173,1.00,1.00
2015.06.22 16:26:22.850,0.71151,0.71175,1.00,1.50
2015.06.22 16:26:23.154,0.71149,0.71174,1.00,1.00
2015.06.22 16:26:23.205,0.71147,0.71173,1.50,1.00
2015.06.22 16:26:23.577,0.71149,0.71173,1.00,1.00
2015.06.22 16:26:23.910,0.71148,0.71175,1.50,1.00
2015.06.22 16:26:23.961,0.7115,0.71175,1.00,1.00
2015.06.22 16:26:24.163,0.71152,0.71179,1.00,1.00
2015.06.22 16:26:24.314,0.71153,0.71176,1.00,1.00
2015.06.22 16:26:24.415,0.7115,0.71175,1.50,1.00
2015.06.22 16:26:24.768,0.71153,0.71175,1.00,1.00
2015.06.22 16:26:25.327,0.71153,0.71178,1.00,1.00
2015.06.22 16:26:26.316,0.71153,0.71175,1.00,1.00
2015.06.22 16:26:26.767,0.71151,0.71171,1.00,1.00
2015.06.22 16:26:26.817,0.71148,0.71171,1.00,1.00
2015.06.22 16:26:27.088,0.71148,0.71175,1.00,1.00
2015.06.22 16:26:27.920,0.71147,0.71174,1.50,1.00
2015.06.22 16:26:28.434,0.71148,0.71175,1.00,1.50
2015.06.22 16:26:28.935,0.71147,0.71174,1.50,1.00
2015.06.22 16:26:29.880,0.71145,0.71169,1.00,1.00
2015.06.22 16:26:30.031,0.71146,0.71171,1.00,1.00
2015.06.22 16:26:30.082,0.71149,0.71171,1.00,1.00
2015.06.22 16:26:30.133,0.71149,0.71174,1.00,1.00
2015.06.22 16:26:30.837,0.71148,0.71174,1.50,1.00
2015.06.22 16:26:30.989,0.7115,0.71176,1.50,1.00
2015.06.22 16:26:31.376,0.71155,0.71179,1.00,1.00
2015.06.22 16:26:32.072,0.71155,0.7118,1.00,1.50
2015.06.22 16:26:34.868,0.71155,0.71179,1.00,1.00
2015.06.22 16:26:36.906,0.71153,0.71179,2.25,1.00
2015.06.22 16:26:37.401,0.71157,0.71181,1.00,1.00
2015.06.22 16:26:37.704,0.71166,0.71182,1.00,1.00
2015.06.22 16:26:37.805,0.71168,0.71186,1.00,1.50
2015.06.22 16:26:37.856,0.71171,0.71186,1.00,1.00
2015.06.22 16:26:37.907,0.71171,0.71189,1.00,1.00
2015.06.22 16:26:37.957,0.71173,0.7119,1.00,1.50
2015.06.22 16:26:38.159,0.71173,0.71192,1.00,1.00
2015.06.22 16:26:38.503,0.71172,0.712,1.00,1.50
2015.06.22 16:26:38.604,0.71174,0.712,1.00,1.50
2015.06.22 16:26:39.133,0.71173,0.71198,1.00,1.00
2015.06.22 16:26:39.234,0.71169,0.71195,1.50,1.00
2015.06.22 16:26:40.156,0.71169,0.71196,1.50,1.00
2015.06.22 16:26:40.811,0.71169,0.71195,1.00,1.00
2015.06.22 16:26:42.694,0.71167,0.71195,1.50,1.00
2015.06.22 16:26:43.201,0.71167,0.71194,1.00,1.00
2015.06.22 16:26:43.552,0.71175,0.71201,1.00,1.00
2015.06.22 16:26:43.985,0.71175,0.71203,1.50,1.00
2015.06.22 16:26:45.418,0.71175,0.71202,1.50,1.00
2015.06.22 16:26:48.098,0.71175,0.712,1.00,1.00
2015.06.22 16:26:48.549,0.71174,0.71197,1.00,1.00
2015.06.22 16:26:48.600,0.71171,0.71197,1.00,1.00
2015.06.22 16:26:50.223,0.71172,0.71198,1.00,1.00
2015.06.22 16:26:50.817,0.71173,0.712,1.00,1.50
2015.06.22 16:26:51.546,0.71174,0.712,1.00,1.00
2015.06.22 16:26:56.665,0.7117,0.71198,1.00,1.00
2015.06.22 16:26:57.005,0.7117,0.71195,1.00,1.00
2015.06.22 16:26:58.134,0.7117,0.71196,1.00,1.00
2015.06.22 16:27:05.501,0.7117,0.71195,1.00,1.00
2015.06.22 16:27:07.222,0.71169,0.71195,1.00,1.50
2015.06.22 16:27:09.230,0.71171,0.71195,1.00,1.00
2015.06.22 16:27:09.280,0.71169,0.71195,1.00,1.00
2015.06.22 16:27:10.354,0.7117,0.71195,1.00,1.00
2015.06.22 16:27:11.103,0.7117,0.71196,1.00,1.50
2015.06.22 16:27:11.666,0.7117,0.71195,1.00,1.00
2015.06.22 16:27:12.533,0.7117,0.71196,1.00,1.50
2015.06.22 16:27:15.783,0.71172,0.71196,1.00,1.00
2015.06.22 16:27:16.356,0.71171,0.71195,1.00,1.00
2015.06.22 16:27:16.714,0.71173,0.71192,1.00,1.00
2015.06.22 16:27:17.628,0.71171,0.71191,1.50,1.50
2015.06.22 16:27:26.325,0.71171,0.7119,1.50,1.00
2015.06.22 16:27:27.843,0.71171,0.71189,1.00,1.00
2015.06.22 16:27:27.894,0.71168,0.71187,1.00,1.00
2015.06.22 16:27:28.644,0.71168,0.71186,1.00,1.00
2015.06.22 16:27:28.796,0.71166,0.71184,1.00,1.00
2015.06.22 16:27:28.897,0.7116,0.71186,1.00,1.00
2015.06.22 16:27:29.772,0.71158,0.71184,1.00,1.00
2015.06.22 16:27:30.853,0.71158,0.7118,1.00,1.00
2015.06.22 16:27:31.395,0.71158,0.71184,1.00,1.00
2015.06.22 16:27:31.956,0.71158,0.7118,1.00,1.00
2015.06.22 16:27:32.465,0.71157,0.7118,1.00,1.00
2015.06.22 16:27:33.162,0.71156,0.7118,1.00,1.00
2015.06.22 16:27:34.678,0.71158,0.7118,1.00,1.00
2015.06.22 16:27:35.334,0.71157,0.7118,1.00,1.00
2015.06.22 16:27:35.385,0.71157,0.71183,1.00,1.00
2015.06.22 16:27:35.534,0.71157,0.71183,1.00,2.85
2015.06.22 16:27:35.736,0.71151,0.71175,1.50,1.00
2015.06.22 16:27:35.837,0.71151,0.7118,1.50,1.50
2015.06.22 16:27:36.178,0.71154,0.7118,1.00,1.00
2015.06.22 16:27:36.829,0.71155,0.7118,1.00,1.00
2015.06.22 16:27:37.545,0.71155,0.71181,1.00,1.00
2015.06.22 16:27:38.464,0.71155,0.7118,1.00,1.00
2015.06.22 16:27:41.319,0.71155,0.71181,1.00,1.00
2015.06.22 16:27:41.836,0.71156,0.7118,1.00,1.00
2015.06.22 16:27:42.339,0.71157,0.7118,1.00,1.00
2015.06.22 16:27:43.739,0.71156,0.7118,1.00,1.00
2015.06.22 16:27:44.346,0.71155,0.7118,1.00,1.00
2015.06.22 16:27:45.225,0.71156,0.7118,1.00,1.00
2015.06.22 16:27:45.926,0.71157,0.7118,1.00,1.00
2015.06.22 16:27:46.290,0.71155,0.7118,1.00,1.00
2015.06.22 16:27:54.180,0.71155,0.71178,1.00,1.00
2015.06.22 16:27:54.281,0.71151,0.71178,1.00,1.50
2015.06.22 16:27:54.382,0.71153,0.7118,1.00,1.00
2015.06.22 16:27:54.685,0.71166,0.71183,1.00,1.00
2015.06.22 16:27:54.786,0.71167,0.71185,1.00,1.00
2015.06.22 16:27:57.776,0.71168,0.71185,1.00,1.00
2015.06.22 16:27:57.827,0.71169,0.71187,1.00,1.00
2015.06.22 16:27:58.456,0.71167,0.71186,1.00,1.00
2015.06.22 16:27:58.607,0.71169,0.71188,1.00,1.00
2015.06.22 16:27:58.996,0.71167,0.71185,1.00,1.00
2015.06.22 16:27:59.792,0.71167,0.71183,1.00,1.00
2015.06.22 16:27:59.843,0.71164,0.71182,1.00,1.00
2015.06.22 16:28:01.415,0.71165,0.71183,1.00,1.00
2015.06.22 16:28:02.044,0.71165,0.71184,1.00,1.00
2015.06.22 16:28:02.412,0.71167,0.71184,1.00,1.00
2015.06.22 16:28:02.463,0.71168,0.71187,1.00,1.00
2015.06.22 16:28:02.614,0.71165,0.71184,1.00,1.00
2015.06.22 16:28:03.078,0.71168,0.71187,1.00,1.00
2015.06.22 16:28:04.328,0.7117,0.71189,1.00,1.00
2015.06.22 16:28:05.304,0.7117,0.71187,1.00,1.00
2015.06.22 16:28:05.355,0.71168,0.71186,1.00,1.00
2015.06.22 16:28:07.274,0.71168,0.71183,1.00,1.00
2015.06.22 16:28:07.325,0.71164,0.71182,1.00,1.00
2015.06.22 16:28:07.425,0.71165,0.71184,1.00,1.00
2015.06.22 16:28:08.080,0.71164,0.71182,1.00,1.00
2015.06.22 16:28:09.165,0.71162,0.71181,1.00,1.00
2015.06.22 16:28:11.912,0.71163,0.71181,1.00,1.00
2015.06.22 16:28:11.963,0.71164,0.71183,1.00,1.00
2015.06.22 16:28:13.492,0.71164,0.71181,1.00,1.00
2015.06.22 16:28:13.542,0.71162,0.7118,1.00,1.00
2015.06.22 16:28:13.745,0.7116,0.71179,1.00,1.00
2015.06.22 16:28:14.146,0.71159,0.71177,1.00,1.00
2015.06.22 16:28:14.444,0.7116,0.71179,1.00,1.00
2015.06.22 16:28:15.001,0.71161,0.71179,1.00,1.00
2015.06.22 16:28:17.882,0.71159,0.71178,1.50,1.00
2015.06.22 16:28:17.983,0.71157,0.71177,2.25,1.50
2015.06.22 16:28:18.752,0.71158,0.71176,1.50,1.00
2015.06.22 16:28:24.691,0.71157,0.71176,1.00,1.00
2015.06.22 16:28:25.243,0.71156,0.71176,1.00,1.50
2015.06.22 16:28:26.076,0.71155,0.71176,3.00,1.50
2015.06.22 16:28:32.957,0.71155,0.71174,1.00,1.00
2015.06.22 16:28:33.393,0.7115,0.71169,1.00,1.00
2015.06.22 16:28:42.120,0.71149,0.71167,1.00,1.00
2015.06.22 16:28:42.423,0.71153,0.71172,1.00,1.00
2015.06.22 16:28:42.524,0.71155,0.71172,1.00,1.00
2015.06.22 16:28:42.625,0.71156,0.71175,1.50,1.00
2015.06.22 16:28:42.726,0.71157,0.71178,1.00,1.00
2015.06.22 16:28:42.777,0.71157,0.71176,1.00,1.00
2015.06.22 16:28:43.280,0.71157,0.71177,1.00,1.00
2015.06.22 16:28:43.616,0.71156,0.71175,1.00,1.00
2015.06.22 16:28:45.328,0.71157,0.71175,1.00,1.00
2015.06.22 16:28:45.630,0.71158,0.71177,1.00,1.00
2015.06.22 16:28:46.926,0.71158,0.71176,1.00,1.00
2015.06.22 16:28:48.723,0.71159,0.71176,1.00,1.00
2015.06.22 16:28:49.264,0.71159,0.71177,1.00,1.00
2015.06.22 16:28:49.813,0.71159,0.71178,1.00,1.00
2015.06.22 16:28:50.181,0.71159,0.71175,1.50,1.00
2015.06.22 16:28:50.718,0.71158,0.71176,1.00,1.00
2015.06.22 16:28:51.257,0.71157,0.71176,1.00,1.00
2015.06.22 16:28:53.911,0.71157,0.71175,1.00,1.00
2015.06.22 16:28:54.672,0.71157,0.71177,1.00,1.50
2015.06.22 16:28:54.773,0.71164,0.71177,1.00,1.50
2015.06.22 16:28:54.875,0.71169,0.71185,1.00,1.00
2015.06.22 16:28:55.217,0.71171,0.7119,1.00,1.50
2015.06.22 16:28:55.892,0.71171,0.71189,1.00,1.00
2015.06.22 16:28:56.304,0.71169,0.71188,1.00,1.00
2015.06.22 16:28:57.010,0.71173,0.7119,1.00,1.00
2015.06.22 16:28:57.607,0.71173,0.71191,1.00,1.00
2015.06.22 16:28:59.824,0.71173,0.7119,1.00,1.00
2015.06.22 16:29:00.257,0.71173,0.71192,1.00,1.00
2015.06.22 16:29:01.289,0.71173,0.7119,1.00,1.00
2015.06.22 16:29:02.045,0.71173,0.71192,1.00,1.00
2015.06.22 16:29:02.196,0.71177,0.71192,1.00,1.00
2015.06.22 16:29:02.247,0.71178,0.71195,1.00,1.00
2015.06.22 16:29:08.555,0.71178,0.71196,1.00,1.00
2015.06.22 16:29:13.379,0.71178,0.71195,1.00,1.00
2015.06.22 16:29:13.686,0.71176,0.71194,1.00,1.00
2015.06.22 16:29:14.264,0.71176,0.71195,1.50,1.00
2015.06.22 16:29:14.323,0.71176,0.71197,1.50,2.25
2015.06.22 16:29:18.056,0.71176,0.71191,1.00,1.00
2015.06.22 16:29:18.405,0.71172,0.71191,1.00,1.00
2015.06.22 16:29:18.456,0.71171,0.71189,1.00,1.00
2015.06.22 16:29:19.011,0.7117,0.71189,1.50,1.00
2015.06.22 16:29:19.659,0.71169,0.7119,1.00,1.00
2015.06.22 16:29:19.710,0.71175,0.71199,1.00,1.00
2015.06.22 16:29:19.761,0.71175,0.71202,1.00,1.00
2015.06.22 16:29:20.381,0.71175,0.712,1.00,1.00
2015.06.22 16:29:21.145,0.71174,0.712,1.00,1.00
2015.06.22 16:29:21.804,0.71175,0.712,1.00,1.00
2015.06.22 16:29:22.844,0.71174,0.712,1.00,1.00
2015.06.22 16:29:23.383,0.71175,0.712,1.00,1.00
2015.06.22 16:29:25.144,0.71175,0.71198,1.00,1.00
2015.06.22 16:29:25.194,0.71171,0.71198,1.50,1.00
2015.06.22 16:29:31.462,0.71171,0.71195,1.50,1.00
2015.06.22 16:29:34.547,0.71171,0.71198,1.50,1.00
2015.06.22 16:29:35.266,0.71172,0.71199,1.00,1.00
2015.06.22 16:29:38.081,0.7117,0.71199,1.00,1.00
2015.06.22 16:29:39.842,0.71171,0.71198,1.00,1.00
2015.06.22 16:29:42.961,0.7117,0.71199,1.00,1.00
2015.06.22 16:29:50.773,0.7117,0.71199,1.50,1.60
2015.06.22 16:29:51.186,0.71161,0.71188,1.00,1.00
2015.06.22 16:29:51.236,0.71161,0.71185,1.00,1.00
2015.06.22 16:29:51.577,0.71163,0.71183,1.50,1.50
2015.06.22 16:29:53.289,0.71163,0.71181,1.00,1.00
2015.06.22 16:29:53.793,0.71162,0.71181,1.00,1.00
2015.06.22 16:29:58.022,0.71161,0.71178,1.00,1.00
2015.06.22 16:29:58.073,0.71159,0.71178,1.00,1.00
2015.06.22 16:29:58.124,0.71161,0.71179,1.00,1.50
2015.06.22 16:29:58.787,0.71161,0.71175,1.00,1.00
2015.06.22 16:29:58.838,0.71146,0.71174,1.00,1.00
2015.06.22 16:29:58.888,0.71146,0.71172,1.00,1.00
2015.06.22 16:30:00.428,0.71145,0.71172,1.50,1.00
2015.06.22 16:30:00.770,0.71146,0.7117,1.00,1.00
2015.06.22 16:30:01.113,0.71144,0.7117,1.00,1.00
2015.06.22 16:30:01.418,0.7114,0.71165,1.00,1.00
2015.06.22 16:30:01.976,0.71139,0.71165,1.00,1.50
2015.06.22 16:30:03.416,0.71138,0.71165,1.00,1.00
2015.06.22 16:30:04.030,0.71139,0.71165,1.00,1.50
2015.06.22 16:30:05.149,0.71138,0.71164,1.00,1.00
2015.06.22 16:30:05.505,0.71133,0.7116,1.00,1.00
2015.06.22 16:30:06.252,0.71132,0.71159,1.00,1.00
2015.06.22 16:30:06.843,0.71135,0.71159,1.00,1.00
2015.06.22 16:30:07.458,0.71135,0.7116,1.00,1.00
2015.06.22 16:30:08.994,0.71133,0.7116,1.00,1.00
2015.06.22 16:30:09.763,0.71133,0.71159,1.00,1.00
2015.06.22 16:30:09.914,0.7113,0.71154,1.00,1.00
2015.06.22 16:30:09.965,0.71128,0.71154,1.00,1.00
2015.06.22 16:30:10.459,0.71126,0.71153,1.00,1.00
2015.06.22 16:30:10.953,0.71126,0.71152,1.00,1.60
2015.06.22 16:30:11.054,0.71123,0.7115,1.00,1.50
2015.06.22 16:30:11.105,0.71122,0.71148,1.00,1.00
2015.06.22 16:30:11.206,0.7112,0.71147,1.50,1.00
2015.06.22 16:30:11.256,0.7112,0.71145,1.00,1.00
2015.06.22 16:30:11.408,0.71118,0.71145,1.50,1.00
2015.06.22 16:30:11.932,0.71118,0.71144,1.50,1.00
2015.06.22 16:30:12.906,0.71115,0.71141,2.25,1.00
2015.06.22 16:30:13.704,0.71115,0.7114,1.50,1.00
2015.06.22 16:30:14.422,0.71115,0.71141,1.00,1.00
2015.06.22 16:30:14.932,0.71115,0.7114,1.00,1.00
2015.06.22 16:30:17.112,0.71117,0.7114,1.00,1.00
2015.06.22 16:30:17.163,0.71119,0.71145,1.00,1.00
2015.06.22 16:30:17.858,0.7112,0.71146,2.25,1.00
2015.06.22 16:30:18.560,0.7112,0.71145,1.00,1.00
2015.06.22 16:30:21.521,0.71127,0.7115,1.00,1.35
2015.06.22 16:30:21.572,0.71129,0.71155,1.50,1.00
2015.06.22 16:30:21.723,0.71135,0.71156,1.00,1.00
2015.06.22 16:30:21.774,0.71135,0.71161,1.50,1.00
2015.06.22 16:30:22.303,0.71135,0.7116,1.00,1.00
2015.06.22 16:30:22.901,0.71133,0.7116,1.50,1.50
2015.06.22 16:30:25.183,0.71134,0.7116,1.00,1.00
2015.06.22 16:30:25.284,0.71136,0.7116,1.00,1.00
2015.06.22 16:30:25.385,0.71138,0.71164,1.50,1.00
2015.06.22 16:30:25.738,0.7114,0.71165,1.50,1.00
2015.06.22 16:30:26.923,0.71141,0.71165,1.00,1.00
2015.06.22 16:30:27.451,0.71141,0.71167,1.00,1.00
2015.06.22 16:30:27.633,0.71141,0.71165,1.00,1.00
2015.06.22 16:30:28.623,0.71141,0.71167,1.00,1.00
2015.06.22 16:30:30.338,0.71143,0.7117,1.00,1.50
2015.06.22 16:30:30.866,0.71145,0.71172,1.00,1.00
2015.06.22 16:30:31.168,0.71149,0.71175,1.00,1.35
2015.06.22 16:30:31.269,0.71151,0.71178,1.00,1.00
2015.06.22 16:30:31.370,0.71154,0.7118,1.00,1.00
2015.06.22 16:30:31.809,0.71156,0.7118,1.00,1.00
2015.06.22 16:30:46.641,0.71155,0.7118,1.00,1.00
2015.06.22 16:30:51.723,0.71155,0.71181,1.00,1.00
2015.06.22 16:30:57.002,0.71155,0.7118,1.00,1.00
2015.06.22 16:31:00.607,0.71154,0.7118,1.00,1.50
2015.06.22 16:31:03.331,0.71153,0.7118,1.00,1.50
2015.06.22 16:31:15.572,0.71152,0.7118,1.00,1.00
2015.06.22 16:31:17.132,0.71152,0.71181,1.00,1.50
2015.06.22 16:31:17.682,0.71152,0.7118,1.00,1.00
2015.06.22 16:31:21.392,0.71154,0.7118,1.00,1.00
2015.06.22 16:31:21.702,0.71156,0.7118,1.00,1.00
2015.06.22 16:31:27.609,0.71156,0.71183,1.00,1.00
2015.06.22 16:31:28.050,0.71164,0.71186,1.00,1.00
2015.06.22 16:31:28.101,0.71169,0.71193,1.00,1.60
2015.06.22 16:31:28.202,0.71167,0.71195,1.00,2.10
2015.06.22 16:31:28.253,0.71169,0.71195,1.00,2.10
2015.06.22 16:31:28.354,0.71169,0.71196,1.00,1.00
2015.06.22 16:31:28.855,0.71168,0.71194,1.00,1.00
2015.06.22 16:31:32.042,0.71167,0.71194,1.00,1.00
2015.06.22 16:31:32.789,0.71167,0.71195,1.00,2.10
2015.06.22 16:31:33.304,0.71168,0.71194,1.00,1.00
2015.06.22 16:31:36.806,0.71165,0.7119,1.00,1.00
2015.06.22 16:31:37.190,0.71165,0.71194,1.00,1.00
2015.06.22 16:31:37.730,0.71166,0.71194,1.00,1.00
2015.06.22 16:31:41.980,0.71168,0.71194,1.00,1.00
2015.06.22 16:31:48.978,0.71171,0.71195,1.00,1.00
2015.06.22 16:31:49.080,0.71171,0.712,1.00,3.00
2015.06.22 16:31:49.291,0.71175,0.71201,1.00,1.50
2015.06.22 16:31:49.857,0.71176,0.712,1.00,1.00
2015.06.22 16:31:51.613,0.71175,0.712,1.00,1.00
2015.06.22 16:31:52.232,0.71176,0.71201,1.00,1.00
2015.06.22 16:31:52.924,0.71176,0.712,1.00,1.00
2015.06.22 16:31:55.020,0.71177,0.712,1.00,1.00
2015.06.22 16:31:55.121,0.71173,0.712,1.00,1.50
2015.06.22 16:31:55.273,0.71173,0.712,1.00,2.10
2015.06.22 16:31:55.627,0.7117,0.71196,1.50,1.00
2015.06.22 16:31:55.779,0.71172,0.71195,1.00,1.00
2015.06.22 16:31:55.830,0.71172,0.71199,1.00,1.00
2015.06.22 16:31:55.880,0.71174,0.712,1.00,1.00
2015.06.22 16:31:56.197,0.71176,0.712,1.00,1.00
2015.06.22 16:31:56.711,0.71177,0.712,1.00,1.00
2015.06.22 16:31:59.114,0.71179,0.712,1.00,1.00
2015.06.22 16:31:59.215,0.71179,0.71205,1.00,1.50
2015.06.22 16:31:59.851,0.71178,0.71205,1.00,1.00
2015.06.22 16:31:59.902,0.71178,0.712,1.00,1.00
2015.06.22 16:31:59.952,0.71172,0.71199,1.50,1.00
2015.06.22 16:32:01.185,0.71173,0.712,1.00,2.10
2015.06.22 16:32:01.336,0.71175,0.71201,1.00,1.00
2015.06.22 16:32:01.488,0.71178,0.71205,1.00,1.00
2015.06.22 16:32:01.591,0.7118,0.71205,1.00,1.00
2015.06.22 16:32:02.123,0.71181,0.71205,1.00,1.00
2015.06.22 16:32:02.496,0.71183,0.71206,1.00,1.50
2015.06.22 16:32:04.028,0.71182,0.71206,1.00,1.50
2015.06.22 16:32:04.591,0.71182,0.71205,1.00,1.00
2015.06.22 16:32:05.231,0.71183,0.71205,1.00,1.00
2015.06.22 16:32:05.682,0.71177,0.712,1.00,1.00
2015.06.22 16:32:06.277,0.71177,0.71201,1.00,1.00
2015.06.22 16:32:10.026,0.71175,0.71201,1.00,1.00
2015.06.22 16:32:10.128,0.71174,0.71195,1.00,1.00
2015.06.22 16:32:10.179,0.71172,0.71195,1.00,1.00
2015.06.22 16:32:10.330,0.7117,0.7119,1.00,1.00
2015.06.22 16:32:10.653,0.71169,0.71187,2.25,1.00
2015.06.22 16:32:10.805,0.71166,0.71185,1.50,1.00
2015.06.22 16:32:10.855,0.71164,0.71183,3.00,1.00
2015.06.22 16:32:11.301,0.71158,0.71184,1.00,1.00
2015.06.22 16:32:11.453,0.71158,0.7118,1.00,1.00
2015.06.22 16:32:11.740,0.71158,0.71183,1.00,1.00
2015.06.22 16:32:12.801,0.71157,0.71183,1.00,1.00
2015.06.22 16:32:13.411,0.71156,0.71183,1.00,1.00
2015.06.22 16:32:16.881,0.71156,0.71185,1.00,2.85
2015.06.22 16:32:21.581,0.71158,0.71185,1.00,3.00
2015.06.22 16:32:21.884,0.71161,0.71185,1.50,1.00
2015.06.22 16:32:22.382,0.71164,0.7119,1.00,1.00
2015.06.22 16:32:24.069,0.71164,0.71185,1.00,1.00
2015.06.22 16:32:24.220,0.71164,0.7119,1.00,1.00
2015.06.22 16:32:24.271,0.71162,0.71188,1.00,1.00
2015.06.22 16:32:24.636,0.71163,0.71185,1.00,1.00
2015.06.22 16:32:24.851,0.71164,0.71191,1.00,1.50
2015.06.22 16:32:25.438,0.71165,0.71191,1.00,1.00
2015.06.22 16:32:31.619,0.71168,0.71191,1.00,1.00
2015.06.22 16:32:32.455,0.71167,0.71191,1.00,1.00
2015.06.22 16:32:33.521,0.71167,0.7119,1.00,1.00
2015.06.22 16:32:37.812,0.71167,0.71191,1.00,1.00
2015.06.22 16:32:39.539,0.71168,0.71191,1.00,1.00
2015.06.22 16:32:42.056,0.71163,0.71188,1.00,1.00
2015.06.22 16:32:42.107,0.71163,0.7119,1.00,1.00
2015.06.22 16:32:42.181,0.71166,0.7119,1.00,1.00
2015.06.22 16:32:42.700,0.71167,0.7119,1.00,1.00
2015.06.22 16:32:43.302,0.71174,0.71197,1.00,1.00
2015.06.22 16:32:43.404,0.71174,0.71199,1.00,1.00
2015.06.22 16:32:45.058,0.71172,0.71199,1.00,1.00
2015.06.22 16:32:45.337,0.71172,0.71195,1.00,1.00
2015.06.22 16:32:45.893,0.71174,0.71195,1.00,1.00
2015.06.22 16:32:48.376,0.71173,0.71195,1.00,1.00
2015.06.22 16:32:48.590,0.71173,0.71199,1.00,1.35
2015.06.22 16:32:50.211,0.71174,0.71199,1.00,1.35
2015.06.22 16:32:50.479,0.7118,0.71201,1.00,1.00
2015.06.22 16:32:50.530,0.7118,0.71204,1.50,1.00
2015.06.22 16:32:50.580,0.71184,0.71205,1.00,1.00
2015.06.22 16:32:50.631,0.71184,0.71209,1.00,1.00
2015.06.22 16:32:50.682,0.71186,0.71209,1.00,1.00
2015.06.22 16:32:50.833,0.71185,0.71211,1.00,1.50
2015.06.22 16:32:51.630,0.71186,0.7121,1.00,1.00
2015.06.22 16:32:52.287,0.71186,0.71211,1.00,1.50
2015.06.22 16:32:52.935,0.71181,0.71206,1.00,1.00
2015.06.22 16:32:52.986,0.71178,0.71205,1.00,1.00
2015.06.22 16:32:53.339,0.71178,0.712,1.00,1.00
2015.06.22 16:32:53.440,0.71176,0.712,1.00,1.00
2015.06.22 16:32:55.089,0.71176,0.71201,1.00,1.00
2015.06.22 16:32:55.191,0.71178,0.712,1.00,1.00
2015.06.22 16:32:55.587,0.71186,0.7121,1.00,1.00
2015.06.22 16:32:56.434,0.71186,0.71211,1.00,1.00
2015.06.22 16:32:57.740,0.71186,0.7121,1.00,1.00
2015.06.22 16:32:59.369,0.71186,0.71206,1.00,1.00
2015.06.22 16:32:59.571,0.71183,0.71206,1.00,1.00
2015.06.22 16:32:59.621,0.71183,0.71205,1.00,1.60
2015.06.22 16:32:59.672,0.71177,0.71205,1.50,1.60
2015.06.22 16:32:59.722,0.71177,0.71196,1.00,1.00
2015.06.22 16:32:59.924,0.71166,0.7119,1.00,1.00
2015.06.22 16:33:00.489,0.71165,0.7119,1.00,1.00
2015.06.22 16:33:01.051,0.71165,0.71185,1.00,1.00
2015.06.22 16:33:02.020,0.71165,0.71191,1.00,1.50
2015.06.22 16:33:02.577,0.71165,0.7119,1.00,1.00
2015.06.22 16:33:04.110,0.71165,0.71191,1.00,1.00
2015.06.22 16:33:04.464,0.71165,0.71186,1.00,1.00
2015.06.22 16:33:04.857,0.71167,0.71191,1.00,1.00
2015.06.22 16:33:05.361,0.71167,0.7119,1.00,1.00
2015.06.22 16:33:05.412,0.71164,0.7119,1.50,1.00
2015.06.22 16:33:05.990,0.71165,0.71191,1.00,1.00
2015.06.22 16:33:10.300,0.71165,0.7119,1.00,1.00
2015.06.22 16:33:11.744,0.71161,0.71187,1.00,1.00
2015.06.22 16:33:12.162,0.71162,0.71185,1.00,1.00
2015.06.22 16:33:12.800,0.71161,0.71185,1.50,1.00
2015.06.22 16:33:13.151,0.71161,0.71188,1.50,1.00
2015.06.22 16:33:13.419,0.71162,0.7119,1.00,1.50
2015.06.22 16:33:13.470,0.71165,0.71186,1.00,1.00
2015.06.22 16:33:13.571,0.71166,0.7119,1.50,1.00
2015.06.22 16:33:13.696,0.71166,0.71192,1.50,1.00
2015.06.22 16:33:14.222,0.71167,0.71193,1.00,1.00
2015.06.22 16:33:16.059,0.71166,0.71192,1.00,1.00
2015.06.22 16:33:18.819,0.71162,0.71188,1.00,1.00
2015.06.22 16:33:18.920,0.7116,0.71189,1.00,1.00
2015.06.22 16:33:19.438,0.7116,0.71186,1.00,1.00
2015.06.22 16:33:19.962,0.71164,0.7119,1.00,1.00
2015.06.22 16:33:20.570,0.71165,0.7119,1.00,1.00
2015.06.22 16:33:21.588,0.71165,0.71191,1.50,1.00
2015.06.22 16:33:22.090,0.71165,0.7119,1.50,1.00
2015.06.22 16:33:22.794,0.71164,0.7119,1.00,1.00
2015.06.22 16:33:23.309,0.71163,0.71189,1.00,1.00
2015.06.22 16:33:23.790,0.71162,0.71185,1.00,1.00
2015.06.22 16:33:24.460,0.71155,0.71179,1.00,1.35
2015.06.22 16:33:24.561,0.7115,0.71177,2.25,1.00
2015.06.22 16:33:24.662,0.71155,0.7118,1.00,1.00
2015.06.22 16:33:24.864,0.71156,0.71183,1.00,1.00
2015.06.22 16:33:25.478,0.71155,0.71183,1.00,1.00
2015.06.22 16:33:25.925,0.71154,0.7118,1.00,1.50
2015.06.22 16:33:26.548,0.71155,0.7118,1.00,1.00
2015.06.22 16:33:27.273,0.71153,0.71182,1.00,1.00
2015.06.22 16:33:28.189,0.71154,0.7118,1.00,1.00
2015.06.22 16:33:28.860,0.71153,0.71181,1.00,1.00
2015.06.22 16:33:30.614,0.71154,0.7118,1.00,1.00
2015.06.22 16:33:31.570,0.71152,0.7118,1.00,1.00
2015.06.22 16:33:33.020,0.71153,0.71179,1.00,1.00
2015.06.22 16:33:33.522,0.71154,0.7118,1.00,1.50
2015.06.22 16:33:35.400,0.71155,0.71181,1.00,1.50
2015.06.22 16:33:36.100,0.71154,0.71182,1.00,1.00
2015.06.22 16:33:37.666,0.71155,0.71181,1.00,1.00
2015.06.22 16:33:40.840,0.71154,0.7118,1.00,1.00
2015.06.22 16:33:40.941,0.71152,0.7118,1.00,1.00
2015.06.22 16:33:42.161,0.71153,0.71179,1.00,1.00
2015.06.22 16:33:45.020,0.71154,0.7118,1.00,1.50
2015.06.22 16:33:47.610,0.71154,0.71181,1.00,1.50
2015.06.22 16:33:48.527,0.71154,0.7118,1.00,1.00
2015.06.22 16:33:49.938,0.71153,0.7118,1.00,1.00
2015.06.22 16:33:50.703,0.71154,0.7118,1.00,1.00
2015.06.22 16:33:51.234,0.71155,0.7118,1.00,1.00
2015.06.22 16:33:52.179,0.71153,0.7118,1.00,1.00
2015.06.22 16:33:52.358,0.71155,0.7118,1.00,1.00
2015.06.22 16:33:56.229,0.7116,0.71183,1.00,1.00
2015.06.22 16:33:56.330,0.71162,0.71189,1.00,1.00
2015.06.22 16:33:56.431,0.71169,0.71187,1.00,1.00
2015.06.22 16:33:56.533,0.71172,0.71191,1.00,1.50
2015.06.22 16:33:56.633,0.7117,0.71191,1.00,1.00
2015.06.22 16:33:56.684,0.71173,0.71199,1.00,1.60
2015.06.22 16:33:57.041,0.71173,0.71195,1.00,1.00
2015.06.22 16:33:57.092,0.71168,0.71195,1.00,1.00
2015.06.22 16:33:57.204,0.71166,0.71195,1.00,1.50
2015.06.22 16:33:57.456,0.71169,0.71195,1.00,1.00
2015.06.22 16:33:58.106,0.71168,0.71195,1.00,1.50
2015.06.22 16:33:58.436,0.71163,0.71189,1.00,1.00
2015.06.22 16:33:58.537,0.71161,0.7119,1.50,1.50
2015.06.22 16:33:58.738,0.71163,0.71189,1.00,1.00
2015.06.22 16:33:59.692,0.71162,0.71189,1.00,1.00
2015.06.22 16:34:01.185,0.71162,0.7118,1.00,1.00
2015.06.22 16:34:01.236,0.71152,0.71179,1.00,1.00
2015.06.22 16:34:01.437,0.71154,0.7118,1.00,1.50
2015.06.22 16:34:01.945,0.71157,0.7118,1.00,1.00
2015.06.22 16:34:02.300,0.71161,0.71181,1.00,1.35
2015.06.22 16:34:02.358,0.71161,0.7119,1.00,1.50
2015.06.22 16:34:02.525,0.71163,0.7119,1.00,1.00
2015.06.22 16:34:02.858,0.71163,0.71185,1.00,1.00
2015.06.22 16:34:05.334,0.71163,0.71189,1.00,1.00
2015.06.22 16:34:05.435,0.71163,0.71185,1.00,1.00
2015.06.22 16:34:05.536,0.71161,0.71185,1.00,1.00
2015.06.22 16:34:06.040,0.7116,0.71185,1.00,1.00
2015.06.22 16:34:06.542,0.71165,0.71184,1.00,1.00
2015.06.22 16:34:07.059,0.71167,0.71185,1.00,1.00
2015.06.22 16:34:08.093,0.71167,0.71186,1.00,1.50
2015.06.22 16:34:14.228,0.71169,0.71187,1.00,1.00
2015.06.22 16:34:15.829,0.71173,0.71191,1.00,1.50
2015.06.22 16:34:15.981,0.71171,0.7119,1.00,1.00
2015.06.22 16:34:16.031,0.71174,0.71191,1.00,1.00
2015.06.22 16:34:16.082,0.71174,0.71193,1.00,1.00
2015.06.22 16:34:16.436,0.7117,0.71188,1.50,1.00
2015.06.22 16:34:17.734,0.71171,0.7119,1.50,1.00
2015.06.22 16:34:18.248,0.71171,0.71191,1.50,1.50
2015.06.22 16:34:18.349,0.71174,0.71193,1.00,1.00
2015.06.22 16:34:18.689,0.71171,0.7119,1.00,1.00
2015.06.22 16:34:19.388,0.71173,0.71194,1.50,2.25
2015.06.22 16:34:19.439,0.71173,0.71191,1.00,1.00
2015.06.22 16:34:20.000,0.71172,0.71191,1.00,1.00
2015.06.22 16:34:30.208,0.71172,0.7119,1.00,1.00
2015.06.22 16:34:30.729,0.71172,0.71191,1.00,1.00
2015.06.22 16:34:35.059,0.71173,0.71191,1.00,1.00
2015.06.22 16:34:35.908,0.71171,0.7119,1.00,1.00
2015.06.22 16:34:36.225,0.7117,0.71188,1.00,1.00
2015.06.22 16:34:38.569,0.71169,0.71186,1.00,1.00
2015.06.22 16:34:39.197,0.71168,0.71186,1.00,1.00
2015.06.22 16:34:40.159,0.7117,0.71189,1.50,1.00
2015.06.22 16:34:45.166,0.71169,0.71184,1.00,1.00
2015.06.22 16:34:45.217,0.71165,0.71184,1.00,1.00
2015.06.22 16:34:45.775,0.71166,0.71184,1.00,1.00
2015.06.22 16:34:46.779,0.71167,0.71184,1.00,1.00
2015.06.22 16:34:48.888,0.71168,0.71186,1.00,1.00
2015.06.22 16:34:50.091,0.71168,0.71187,1.00,1.00
2015.06.22 16:34:52.609,0.71166,0.71182,1.00,1.00
2015.06.22 16:34:52.710,0.71163,0.71182,1.00,1.00
2015.06.22 16:34:53.230,0.71161,0.7118,1.00,1.00
2015.06.22 16:34:54.064,0.71164,0.71183,1.00,1.00
2015.06.22 16:34:54.377,0.71168,0.71186,1.00,1.00
2015.06.22 16:34:55.305,0.71167,0.71185,1.00,1.00
2015.06.22 16:34:55.355,0.71164,0.71185,1.50,1.50
2015.06.22 16:34:55.901,0.71166,0.71185,1.50,1.00
2015.06.22 16:34:56.554,0.71166,0.71186,2.25,1.50
2015.06.22 16:34:59.348,0.71167,0.71186,1.00,1.50
2015.06.22 16:35:00.389,0.71166,0.71186,1.50,1.50
2015.06.22 16:35:00.923,0.71167,0.71186,1.00,1.50
2015.06.22 16:35:01.225,0.71169,0.71187,1.00,1.00
2015.06.22 16:35:03.253,0.71167,0.71185,1.00,1.00
2015.06.22 16:35:03.645,0.71165,0.71176,1.00,1.00
2015.06.22 16:35:03.699,0.71158,0.71176,1.00,1.00
2015.06.22 16:35:04.376,0.71157,0.71176,1.50,1.00
2015.06.22 16:35:04.965,0.71158,0.71176,1.00,1.00
2015.06.22 16:35:05.017,0.71159,0.71178,1.00,1.00
2015.06.22 16:35:05.936,0.71157,0.71177,1.50,1.00
2015.06.22 16:35:06.469,0.71158,0.71177,1.00,1.00
2015.06.22 16:35:06.992,0.71159,0.71178,1.00,1.00
2015.06.22 16:35:09.530,0.71157,0.71174,1.00,1.60
2015.06.22 16:35:09.681,0.71151,0.71168,1.00,1.00
2015.06.22 16:35:09.732,0.71149,0.71162,1.00,1.00
2015.06.22 16:35:09.783,0.71143,0.71162,1.00,1.00
2015.06.22 16:35:09.834,0.71142,0.71158,1.00,1.00
2015.06.22 16:35:09.884,0.7114,0.71158,1.00,1.00
2015.06.22 16:35:10.597,0.71139,0.71158,1.00,1.00
2015.06.22 16:35:12.102,0.71142,0.7116,1.00,1.00
2015.06.22 16:35:13.064,0.71143,0.7116,1.00,1.00
2015.06.22 16:35:13.630,0.71142,0.7116,1.00,1.00
2015.06.22 16:35:14.082,0.71143,0.71162,1.00,1.00
2015.06.22 16:35:16.668,0.71145,0.71163,1.50,1.00
2015.06.22 16:35:16.894,0.71153,0.71172,1.00,1.00
2015.06.22 16:35:16.945,0.71156,0.71173,1.00,1.00
2015.06.22 16:35:16.996,0.71156,0.71175,1.50,1.00
2015.06.22 16:35:17.046,0.71162,0.71175,1.00,1.00
2015.06.22 16:35:17.148,0.71166,0.71181,1.00,1.00
2015.06.22 16:35:17.249,0.71171,0.71187,1.00,1.35
2015.06.22 16:35:17.350,0.71171,0.7119,1.00,1.50
2015.06.22 16:35:17.451,0.71173,0.71191,1.00,1.00
2015.06.22 16:35:18.746,0.71172,0.7119,1.00,1.00
2015.06.22 16:35:19.521,0.71171,0.7119,1.00,1.00
2015.06.22 16:35:21.456,0.71174,0.71191,1.00,1.50
2015.06.22 16:35:21.708,0.71174,0.71198,2.25,1.00
2015.06.22 16:35:21.860,0.71174,0.71195,1.00,1.00
2015.06.22 16:35:21.911,0.71171,0.71195,1.00,1.00
2015.06.22 16:35:22.065,0.71171,0.71193,1.00,1.00
2015.06.22 16:35:22.166,0.71169,0.71193,1.00,1.00
2015.06.22 16:35:22.715,0.71166,0.71192,1.00,1.00
2015.06.22 16:35:22.866,0.71165,0.7119,1.00,1.00
2015.06.22 16:35:27.268,0.71164,0.7119,1.50,1.00
2015.06.22 16:35:27.873,0.71165,0.71191,1.00,1.00
2015.06.22 16:35:28.491,0.71166,0.71191,1.00,1.00
2015.06.22 16:35:29.441,0.71166,0.7119,1.00,1.00
2015.06.22 16:35:29.960,0.71166,0.71191,1.00,1.00
2015.06.22 16:35:32.181,0.71166,0.71192,1.00,1.00
2015.06.22 16:35:34.421,0.7117,0.71192,1.00,1.00
2015.06.22 16:35:34.896,0.71168,0.71193,1.00,1.00
2015.06.22 16:35:35.544,0.71168,0.71194,1.50,1.00
2015.06.22 16:35:36.580,0.71169,0.71195,1.00,1.00
2015.06.22 16:35:38.055,0.71167,0.71186,1.00,1.00
2015.06.22 16:35:38.157,0.71163,0.71185,1.00,1.00
2015.06.22 16:35:38.258,0.71157,0.71183,1.00,1.00
2015.06.22 16:35:38.564,0.71157,0.7118,1.00,1.00
2015.06.22 16:35:39.383,0.71156,0.7118,1.00,1.00
2015.06.22 16:35:40.677,0.71157,0.71183,1.50,1.00
2015.06.22 16:35:40.778,0.71156,0.7118,1.00,1.00
2015.06.22 16:35:41.265,0.71154,0.7118,1.50,1.00
2015.06.22 16:35:45.727,0.71154,0.71176,1.00,1.00
2015.06.22 16:35:46.030,0.71142,0.71165,1.00,1.00
2015.06.22 16:35:46.757,0.71137,0.71163,1.00,1.00
2015.06.22 16:35:46.858,0.7114,0.71163,1.00,1.00
2015.06.22 16:35:48.278,0.71137,0.71163,1.00,1.00
2015.06.22 16:35:48.828,0.7114,0.71163,1.00,1.00
2015.06.22 16:35:49.360,0.7114,0.71162,1.00,1.00
2015.06.22 16:35:52.406,0.7114,0.71163,1.00,1.00
2015.06.22 16:35:55.293,0.7114,0.71162,1.00,1.00
2015.06.22 16:35:55.794,0.7114,0.71163,1.00,1.00
2015.06.22 16:36:06.487,0.7114,0.71164,1.00,1.00
2015.06.22 16:36:06.744,0.71142,0.71168,1.00,1.00
2015.06.22 16:36:06.845,0.71144,0.7117,1.00,1.50
2015.06.22 16:36:07.047,0.71146,0.71174,1.50,1.00
2015.06.22 16:36:07.377,0.71146,0.71172,1.00,1.00
2015.06.22 16:36:07.698,0.71146,0.7117,1.00,1.00
2015.06.22 16:36:08.267,0.71146,0.71171,1.00,1.00
2015.06.22 16:36:09.287,0.71146,0.7117,1.00,1.00
2015.06.22 16:36:10.936,0.71146,0.71171,1.00,1.00
2015.06.22 16:36:11.448,0.71145,0.71171,1.00,1.00
2015.06.22 16:36:13.686,0.71146,0.71172,1.00,1.00
2015.06.22 16:36:14.389,0.71146,0.71173,1.00,1.00
2015.06.22 16:36:14.902,0.71145,0.71174,1.50,1.00
2015.06.22 16:36:15.252,0.71146,0.7117,1.00,1.00
2015.06.22 16:36:16.216,0.71146,0.71172,1.00,1.00
2015.06.22 16:36:17.807,0.71145,0.71174,1.00,1.00
2015.06.22 16:36:18.386,0.71146,0.71173,1.00,1.00
2015.06.22 16:36:18.487,0.71146,0.71175,1.00,1.50
2015.06.22 16:36:19.880,0.71147,0.71175,1.00,1.50
2015.06.22 16:36:21.826,0.71148,0.71174,1.00,1.00
2015.06.22 16:36:22.732,0.7115,0.71174,1.00,1.00
2015.06.22 16:36:22.944,0.71147,0.71174,1.50,1.00
2015.06.22 16:36:23.477,0.71146,0.71173,1.00,1.00
2015.06.22 16:36:26.609,0.7115,0.71174,1.00,1.00
2015.06.22 16:36:28.427,0.71148,0.71174,1.00,1.00
2015.06.22 16:36:30.165,0.71147,0.71175,1.00,1.00
2015.06.22 16:36:30.768,0.71148,0.71174,1.00,1.00
2015.06.22 16:36:30.846,0.71146,0.71174,1.00,1.00
2015.06.22 16:36:31.066,0.71148,0.71174,1.00,1.00
2015.06.22 16:36:37.234,0.71149,0.71175,1.00,1.50
2015.06.22 16:36:38.314,0.7115,0.71174,1.00,1.00
2015.06.22 16:36:42.844,0.7115,0.71175,2.25,1.00
2015.06.22 16:36:43.156,0.71152,0.71175,1.00,1.00
2015.06.22 16:36:43.588,0.71152,0.71177,1.50,1.00
2015.06.22 16:36:43.739,0.71154,0.7118,1.00,1.50
2015.06.22 16:36:44.248,0.71153,0.71179,1.00,1.00
2015.06.22 16:36:44.528,0.71154,0.71181,2.25,1.00
2015.06.22 16:36:45.089,0.71155,0.7118,1.50,1.00
2015.06.22 16:36:45.669,0.71156,0.7118,1.00,1.00
2015.06.22 16:36:47.700,0.71156,0.71183,1.00,1.00
2015.06.22 16:36:48.018,0.71156,0.7118,1.00,1.00
2015.06.22 16:36:48.797,0.71156,0.71181,1.00,1.00
2015.06.22 16:36:49.452,0.71155,0.71181,1.50,1.00
2015.06.22 16:36:50.095,0.71156,0.71181,1.00,1.00
2015.06.22 16:36:57.689,0.71156,0.7118,1.00,1.00
2015.06.22 16:36:57.796,0.71156,0.71182,1.00,1.00
2015.06.22 16:36:58.416,0.71155,0.71181,3.00,1.00
2015.06.22 16:37:02.340,0.71151,0.71179,1.50,1.00
2015.06.22 16:37:02.855,0.71152,0.71178,1.50,1.00
2015.06.22 16:37:03.408,0.71153,0.71179,1.00,1.00
2015.06.22 16:37:04.411,0.71155,0.71181,1.00,1.00
2015.06.22 16:37:05.166,0.71155,0.7118,1.00,1.00
2015.06.22 16:37:09.960,0.71156,0.71182,1.00,1.00
2015.06.22 16:37:11.964,0.71156,0.71181,1.00,1.00
2015.06.22 16:37:25.977,0.71158,0.71181,1.00,1.00
2015.06.22 16:37:29.387,0.7116,0.71181,1.00,1.00
2015.06.22 16:37:29.488,0.71167,0.71189,1.00,1.00
2015.06.22 16:37:29.589,0.71168,0.71191,1.00,1.35
2015.06.22 16:37:32.545,0.71166,0.71192,1.00,1.60
2015.06.22 16:37:33.806,0.71166,0.7119,1.50,1.00
2015.06.22 16:37:34.318,0.71166,0.71192,1.50,1.60
2015.06.22 16:37:35.563,0.71165,0.71192,1.50,1.60
2015.06.22 16:37:36.584,0.71168,0.71192,1.00,1.60
2015.06.22 16:37:37.087,0.71169,0.71195,1.00,1.60
2015.06.22 16:37:37.615,0.71168,0.71196,1.50,1.60
2015.06.22 16:37:38.174,0.71169,0.71195,1.00,1.60
2015.06.22 16:37:45.873,0.71168,0.71194,1.00,1.60
2015.06.22 16:37:46.125,0.71165,0.71191,1.50,1.35
2015.06.22 16:37:46.498,0.71166,0.71194,1.00,1.00
2015.06.22 16:37:48.064,0.71166,0.71193,1.00,1.00
2015.06.22 16:37:48.650,0.71167,0.71193,1.00,1.00
2015.06.22 16:37:49.197,0.71168,0.71195,1.00,1.50
2015.06.22 16:37:49.894,0.71169,0.71195,1.00,1.00
2015.06.22 16:37:50.284,0.71167,0.71194,1.00,1.00
2015.06.22 16:37:51.402,0.71166,0.71194,1.50,1.00
2015.06.22 16:37:51.453,0.71168,0.71194,1.50,1.00
2015.06.22 16:37:51.797,0.7117,0.71196,1.00,1.35
2015.06.22 16:37:52.364,0.7117,0.71195,1.00,1.00
2015.06.22 16:37:52.904,0.7117,0.71196,1.50,1.35
2015.06.22 16:38:01.452,0.71172,0.71198,1.00,1.60
2015.06.22 16:38:01.604,0.71175,0.71203,1.00,1.60
2015.06.22 16:38:01.705,0.71177,0.71203,1.00,1.60
2015.06.22 16:38:02.247,0.71178,0.71205,1.50,2.10
2015.06.22 16:38:07.131,0.71177,0.71205,1.00,1.60
2015.06.22 16:38:07.865,0.71178,0.71204,1.00,1.60
2015.06.22 16:38:20.269,0.7118,0.71206,1.00,1.00
2015.06.22 16:38:24.940,0.7118,0.71207,1.50,1.00
2015.06.22 16:38:25.404,0.71185,0.71209,1.00,1.60
2015.06.22 16:38:25.508,0.71185,0.7121,1.00,1.00
2015.06.22 16:38:25.905,0.71185,0.71212,1.50,1.00
2015.06.22 16:38:28.062,0.71185,0.71209,1.50,1.00
2015.06.22 16:38:35.363,0.71185,0.7121,1.00,1.00
2015.06.22 16:38:37.675,0.71185,0.71209,1.00,1.00
2015.06.22 16:38:43.764,0.71185,0.7121,1.00,1.00
2015.06.22 16:38:44.083,0.71189,0.71212,1.00,1.00
2015.06.22 16:38:45.063,0.71189,0.71213,1.50,1.00
2015.06.22 16:38:45.164,0.7119,0.71215,1.00,1.00
2015.06.22 16:38:45.607,0.71195,0.71216,1.00,1.00
2015.06.22 16:38:47.968,0.71195,0.71217,1.00,1.00
2015.06.22 16:38:48.473,0.71199,0.7122,1.00,1.35
2015.06.22 16:38:48.574,0.712,0.71223,1.00,1.00
2015.06.22 16:38:48.675,0.712,0.71225,1.00,1.00
2015.06.22 16:38:49.375,0.712,0.71224,1.00,1.00
2015.06.22 16:38:49.891,0.71199,0.71224,1.00,1.00
2015.06.22 16:38:51.352,0.712,0.71224,1.00,1.00
2015.06.22 16:38:52.297,0.712,0.71226,1.00,1.00
2015.06.22 16:38:52.348,0.712,0.71224,1.00,1.00
2015.06.22 16:38:52.969,0.71199,0.71224,1.00,1.00
2015.06.22 16:38:53.414,0.712,0.71227,1.50,1.00
2015.06.22 16:38:53.740,0.71215,0.71236,1.00,1.00
2015.06.22 16:38:53.791,0.71215,0.71238,1.00,1.00
2015.06.22 16:38:53.893,0.71211,0.71238,1.00,1.00
2015.06.22 16:38:53.994,0.71209,0.71235,1.00,1.00
2015.06.22 16:38:55.177,0.7121,0.71235,1.00,1.35
2015.06.22 16:38:57.057,0.71208,0.71235,1.00,2.10
2015.06.22 16:38:57.586,0.7121,0.71235,1.00,1.35
2015.06.22 16:39:01.351,0.71207,0.71235,1.00,2.10
2015.06.22 16:39:06.163,0.71207,0.71233,1.00,1.00
2015.06.22 16:39:06.465,0.71198,0.71218,1.00,1.00
2015.06.22 16:39:06.566,0.71192,0.71219,1.00,1.35
2015.06.22 16:39:06.617,0.71189,0.71216,1.50,1.00
2015.06.22 16:39:06.920,0.71185,0.71209,1.00,2.10
2015.06.22 16:39:07.347,0.7118,0.71206,1.50,1.60
2015.06.22 16:39:09.023,0.7118,0.71204,1.00,1.00
2015.06.22 16:39:09.683,0.7118,0.71206,1.00,1.60
2015.06.22 16:39:11.090,0.7118,0.71206,1.00,1.00
2015.06.22 16:39:11.247,0.7118,0.71209,1.50,1.35
2015.06.22 16:39:14.664,0.71182,0.71208,1.00,1.00
2015.06.22 16:39:16.972,0.71181,0.71207,1.00,1.00
2015.06.22 16:39:19.253,0.7118,0.71208,2.25,1.00
2015.06.22 16:39:19.773,0.7118,0.71204,1.00,2.85
2015.06.22 16:39:19.824,0.7118,0.71204,1.00,1.00
2015.06.22 16:39:20.424,0.7118,0.71205,1.00,1.00
2015.06.22 16:39:21.700,0.7118,0.71207,1.00,1.35
2015.06.22 16:39:24.314,0.71178,0.71205,1.00,1.00
2015.06.22 16:39:25.413,0.7118,0.71207,1.00,1.35
2015.06.22 16:39:25.734,0.71178,0.71205,1.00,1.00
2015.06.22 16:39:26.854,0.71179,0.71205,1.00,1.00
2015.06.22 16:39:30.474,0.7118,0.71205,1.00,1.00
2015.06.22 16:39:32.806,0.71177,0.71205,2.25,1.00
2015.06.22 16:39:33.355,0.71178,0.71205,1.00,1.50
2015.06.22 16:39:42.378,0.71178,0.71204,1.00,1.00
2015.06.22 16:39:42.885,0.71177,0.71203,1.00,1.00
2015.06.22 16:39:45.225,0.71176,0.71203,1.00,1.00
2015.06.22 16:39:45.525,0.71172,0.71193,1.00,1.00
2015.06.22 16:39:45.581,0.71167,0.71193,1.00,1.60
2015.06.22 16:39:45.733,0.71168,0.71193,1.00,1.00
2015.06.22 16:39:45.784,0.71166,0.71192,1.00,1.00
2015.06.22 16:39:45.885,0.71169,0.71195,1.00,2.10
2015.06.22 16:39:46.777,0.7117,0.71196,1.50,1.00
2015.06.22 16:39:50.293,0.71175,0.71199,1.00,1.50
2015.06.22 16:39:50.394,0.71175,0.71202,1.00,2.10
2015.06.22 16:39:50.632,0.71173,0.712,1.00,1.50
2015.06.22 16:39:51.021,0.71169,0.71195,1.00,1.50
2015.06.22 16:39:51.413,0.71174,0.712,1.00,1.00
2015.06.22 16:39:51.594,0.71172,0.712,1.00,1.00
2015.06.22 16:39:51.645,0.71172,0.71198,1.00,1.00
2015.06.22 16:39:51.988,0.71168,0.71195,1.00,1.50
2015.06.22 16:39:52.090,0.71167,0.71193,1.50,1.00
2015.06.22 16:39:52.724,0.71168,0.71195,1.00,1.50
2015.06.22 16:39:53.331,0.71167,0.71195,1.50,1.00
2015.06.22 16:39:55.228,0.71169,0.71195,1.00,1.50
2015.06.22 16:39:55.553,0.71171,0.71195,1.00,1.00
2015.06.22 16:39:55.705,0.71169,0.71195,1.50,1.50
2015.06.22 16:39:56.883,0.71169,0.71194,1.00,1.00
2015.06.22 16:39:57.594,0.71169,0.71195,1.00,1.50
2015.06.22 16:39:59.453,0.71168,0.71194,1.00,1.00
2015.06.22 16:39:59.787,0.71166,0.71192,1.50,1.00
2015.06.22 16:40:00.392,0.71175,0.71199,1.00,1.50
2015.06.22 16:40:00.652,0.71172,0.71199,1.00,1.00
2015.06.22 16:40:01.102,0.7117,0.71199,1.50,1.00
2015.06.22 16:40:01.495,0.71169,0.71195,1.00,1.00
2015.06.22 16:40:01.806,0.71165,0.7119,1.00,1.00
2015.06.22 16:40:02.374,0.71164,0.71189,1.50,1.00
2015.06.22 16:40:03.126,0.71165,0.71189,1.00,1.00
2015.06.22 16:40:05.619,0.71165,0.71191,1.50,1.00
2015.06.22 16:40:06.115,0.71165,0.71194,2.25,1.60
2015.06.22 16:40:06.729,0.71166,0.71194,1.00,1.60
2015.06.22 16:40:06.872,0.71166,0.7119,1.00,2.10
2015.06.22 16:40:07.024,0.71162,0.71185,1.50,1.00
2015.06.22 16:40:07.419,0.71158,0.71185,1.00,1.00
2015.06.22 16:40:07.932,0.71158,0.71184,1.50,1.00
2015.06.22 16:40:08.213,0.7116,0.71186,1.00,1.00
2015.06.22 16:40:09.133,0.71159,0.71186,1.00,1.00
2015.06.22 16:40:09.436,0.71157,0.71183,1.00,1.00
2015.06.22 16:40:10.070,0.71158,0.71183,1.00,1.00
2015.06.22 16:40:10.633,0.71158,0.71184,1.00,1.00
2015.06.22 16:40:11.098,0.7116,0.71184,1.00,1.00
2015.06.22 16:40:11.480,0.71161,0.71187,1.00,1.00
2015.06.22 16:40:11.739,0.7116,0.71185,1.00,1.00
2015.06.22 16:40:12.399,0.71159,0.71185,2.25,1.00
2015.06.22 16:40:13.036,0.71159,0.71186,1.50,1.00
2015.06.22 16:40:19.754,0.7116,0.71186,1.00,1.00
2015.06.22 16:40:21.881,0.71159,0.71186,1.50,1.50
2015.06.22 16:40:22.394,0.71159,0.71184,1.00,1.00
2015.06.22 16:40:26.278,0.71159,0.71185,1.50,1.50
2015.06.22 16:40:26.598,0.71161,0.71186,1.00,1.50
2015.06.22 16:40:26.937,0.71164,0.71185,1.00,1.00
2015.06.22 16:40:26.988,0.71162,0.71185,1.50,1.00
2015.06.22 16:40:27.407,0.71164,0.71186,1.00,1.00
2015.06.22 16:40:27.457,0.71164,0.7119,1.00,1.00
2015.06.22 16:40:32.718,0.71158,0.71185,1.00,1.50
2015.06.22 16:40:32.775,0.71157,0.71183,1.50,1.00
2015.06.22 16:40:33.118,0.71157,0.7118,1.50,1.00
2015.06.22 16:40:33.173,0.71157,0.71183,1.50,1.00
2015.06.22 16:40:33.749,0.71157,0.71184,1.00,1.00
2015.06.22 16:40:40.372,0.71157,0.71183,1.50,1.00
2015.06.22 16:40:45.850,0.71156,0.71183,2.25,1.00
2015.06.22 16:40:46.062,0.7116,0.71183,1.00,1.00
2015.06.22 16:40:46.182,0.7116,0.71185,1.00,1.00
2015.06.22 16:40:46.752,0.7116,0.71185,1.00,1.60
2015.06.22 16:40:46.812,0.71157,0.71185,1.00,2.10
2015.06.22 16:40:46.863,0.71155,0.71181,1.50,1.00
2015.06.22 16:40:47.514,0.71155,0.7118,1.00,1.00
2015.06.22 16:40:47.883,0.71154,0.71181,2.10,1.00
2015.06.22 16:40:48.471,0.71156,0.71182,1.60,1.00
2015.06.22 16:40:51.683,0.71157,0.71183,1.35,1.00
2015.06.22 16:40:51.884,0.71162,0.71189,1.00,1.00
2015.06.22 16:40:52.427,0.71162,0.7119,1.00,1.50
2015.06.22 16:40:52.651,0.71164,0.7119,1.00,1.50
2015.06.22 16:40:53.425,0.71163,0.71189,1.00,1.00
2015.06.22 16:40:53.928,0.71164,0.7119,1.00,1.50
2015.06.22 16:40:57.093,0.71167,0.7119,1.00,1.50
2015.06.22 16:40:57.144,0.7117,0.71194,1.00,1.00
2015.06.22 16:40:57.195,0.7117,0.71197,1.50,1.00
2015.06.22 16:40:57.497,0.71169,0.71195,1.00,1.00
2015.06.22 16:40:59.541,0.71171,0.71196,1.00,1.00
2015.06.22 16:41:00.213,0.71171,0.71197,1.00,1.00
2015.06.22 16:41:01.344,0.71171,0.71196,1.00,1.00
2015.06.22 16:41:03.002,0.7117,0.71195,1.00,1.00
2015.06.22 16:41:05.562,0.7117,0.71196,1.00,1.00
2015.06.22 16:41:06.183,0.71169,0.71196,1.00,1.50
2015.06.22 16:41:06.705,0.71169,0.71195,1.00,1.50
2015.06.22 16:41:07.282,0.71171,0.71195,1.00,1.00
2015.06.22 16:41:08.286,0.71171,0.71196,1.00,1.00
2015.06.22 16:41:08.895,0.71171,0.71195,1.00,1.00
2015.06.22 16:41:09.062,0.71171,0.71197,1.00,1.00
2015.06.22 16:41:09.973,0.71172,0.71197,1.00,1.00
2015.06.22 16:41:10.024,0.71174,0.71197,1.00,1.00
2015.06.22 16:41:10.074,0.71176,0.71202,1.00,1.00
2015.06.22 16:41:10.183,0.71177,0.71204,1.00,1.00
2015.06.22 16:41:10.714,0.71178,0.71204,1.00,1.00
2015.06.22 16:41:13.226,0.71178,0.71205,1.00,1.00
2015.06.22 16:41:13.327,0.7118,0.71206,1.00,1.00
2015.06.22 16:41:13.478,0.7118,0.71208,1.50,1.00
2015.06.22 16:41:14.509,0.71181,0.71207,1.00,1.00
2015.06.22 16:41:14.661,0.71179,0.71205,1.00,1.00
2015.06.22 16:41:15.167,0.7118,0.71205,1.00,1.00
2015.06.22 16:41:15.850,0.71181,0.71207,1.00,1.00
2015.06.22 16:41:15.901,0.71182,0.7121,1.00,1.00
2015.06.22 16:41:16.002,0.71185,0.7121,1.00,1.00
2015.06.22 16:41:19.821,0.71186,0.7121,1.00,1.00
2015.06.22 16:41:21.054,0.71186,0.71211,1.00,1.00
2015.06.22 16:41:21.555,0.71186,0.7121,1.00,1.00
2015.06.22 16:41:22.600,0.71187,0.71213,1.00,1.00
2015.06.22 16:41:23.121,0.71186,0.71213,1.00,1.00
2015.06.22 16:41:24.779,0.71185,0.71212,1.50,1.00
2015.06.22 16:41:27.452,0.71186,0.71212,1.00,1.00
2015.06.22 16:41:27.867,0.71184,0.71211,1.00,1.50
2015.06.22 16:41:28.392,0.71184,0.7121,1.00,1.00
2015.06.22 16:41:29.050,0.71185,0.7121,1.00,1.00
2015.06.22 16:41:29.613,0.71185,0.71211,1.00,1.50
2015.06.22 16:41:30.719,0.71185,0.71213,1.50,1.50
2015.06.22 16:41:30.870,0.71187,0.71213,1.00,1.00
2015.06.22 16:41:32.882,0.71187,0.71211,1.00,1.00
2015.06.22 16:41:33.163,0.71183,0.7121,1.00,1.00
2015.06.22 16:41:33.264,0.7118,0.71209,1.00,1.50
2015.06.22 16:41:33.315,0.7118,0.71207,1.00,1.00
2015.06.22 16:41:33.823,0.71179,0.71206,1.00,1.00
2015.06.22 16:41:43.364,0.71178,0.71207,1.00,1.50
2015.06.22 16:41:44.381,0.7118,0.71207,1.00,1.50
2015.06.22 16:41:45.302,0.71181,0.71207,1.00,2.85
2015.06.22 16:41:49.090,0.71183,0.71205,1.00,1.60
2015.06.22 16:41:49.191,0.71183,0.71208,1.00,1.00
2015.06.22 16:41:49.242,0.71185,0.71208,1.00,1.00
2015.06.22 16:41:49.292,0.71185,0.7121,1.00,1.00
2015.06.22 16:41:49.831,0.71186,0.7121,1.00,1.00
2015.06.22 16:41:50.853,0.71187,0.7121,1.00,1.00
2015.06.22 16:41:53.309,0.71186,0.7121,1.00,1.00
2015.06.22 16:41:53.410,0.71184,0.7121,1.00,2.25
2015.06.22 16:41:53.612,0.71187,0.7121,1.00,1.00
2015.06.22 16:41:53.712,0.71185,0.7121,1.00,1.00
2015.06.22 16:41:54.785,0.71186,0.7121,1.00,1.00
2015.06.22 16:41:55.448,0.71187,0.7121,1.00,1.00
2015.06.22 16:41:56.387,0.71187,0.71212,1.00,1.60
2015.06.22 16:41:56.991,0.71187,0.7121,1.00,1.00
2015.06.22 16:41:57.742,0.71185,0.7121,1.00,1.00
2015.06.22 16:41:58.253,0.71186,0.7121,1.00,1.50
2015.06.22 16:42:01.080,0.71185,0.7121,1.00,1.50
2015.06.22 16:42:01.873,0.71184,0.7121,1.00,1.50
2015.06.22 16:42:05.103,0.71184,0.71209,1.00,1.00
2015.06.22 16:42:05.255,0.71184,0.71206,1.00,1.00
2015.06.22 16:42:05.574,0.71183,0.71201,1.00,1.00
2015.06.22 16:42:17.540,0.71183,0.71204,1.50,1.50
2015.06.22 16:42:26.526,0.71186,0.71204,1.00,1.50
2015.06.22 16:42:26.678,0.71189,0.71208,1.00,1.50
2015.06.22 16:42:26.728,0.71191,0.71208,1.00,1.00
2015.06.22 16:42:26.779,0.71191,0.71211,2.10,1.50
2015.06.22 16:42:26.880,0.71194,0.71213,1.00,1.00
2015.06.22 16:42:28.100,0.71192,0.71215,1.00,1.60
2015.06.22 16:42:28.604,0.71191,0.71215,1.00,1.60
2015.06.22 16:42:33.777,0.71191,0.71215,1.00,1.35
2015.06.22 16:42:34.280,0.7119,0.71215,1.00,1.35
2015.06.22 16:42:34.881,0.71189,0.71215,1.00,1.35
2015.06.22 16:42:36.394,0.71186,0.71213,1.00,1.00
2015.06.22 16:42:36.445,0.71186,0.71213,1.00,1.60
2015.06.22 16:42:36.985,0.71186,0.71205,1.00,1.00
2015.06.22 16:42:37.304,0.71185,0.71203,1.00,1.00
2015.06.22 16:42:40.859,0.71186,0.71203,1.00,1.00
2015.06.22 16:42:40.910,0.71187,0.71206,1.00,1.00
2015.06.22 16:42:41.112,0.71189,0.71208,1.00,1.00
2015.06.22 16:42:41.815,0.71187,0.71207,1.50,1.00
2015.06.22 16:42:41.866,0.71187,0.71205,1.50,1.00
2015.06.22 16:42:42.281,0.71185,0.71203,1.50,1.00
2015.06.22 16:42:45.724,0.71186,0.71205,1.00,1.50
2015.06.22 16:42:46.265,0.71186,0.71204,1.00,1.00
2015.06.22 16:42:46.991,0.71185,0.71203,1.00,1.00
2015.06.22 16:42:47.900,0.71185,0.71202,1.00,1.00
2015.06.22 16:42:48.001,0.71182,0.712,1.00,1.50
2015.06.22 16:42:48.102,0.7118,0.712,1.00,1.50
2015.06.22 16:42:48.203,0.71183,0.712,1.00,1.00
2015.06.22 16:42:48.904,0.71187,0.71203,1.00,1.00
2015.06.22 16:42:48.956,0.71188,0.71206,1.00,1.00
2015.06.22 16:42:49.262,0.71189,0.71208,1.00,1.00
2015.06.22 16:42:49.561,0.71191,0.71209,1.00,1.00
2015.06.22 16:43:03.677,0.71189,0.71207,1.50,1.00
2015.06.22 16:43:13.402,0.71191,0.71209,1.00,1.00
2015.06.22 16:43:19.232,0.71192,0.71211,1.00,1.00
2015.06.22 16:43:23.093,0.71192,0.7121,1.00,1.00
2015.06.22 16:43:23.837,0.71192,0.71211,1.00,1.00
2015.06.22 16:43:25.481,0.71192,0.7121,1.00,1.00
2015.06.22 16:43:25.532,0.7119,0.71209,2.25,1.00
2015.06.22 16:43:48.483,0.7119,0.71208,1.00,1.00
2015.06.22 16:43:50.870,0.71189,0.71208,1.50,1.00
2015.06.22 16:43:50.920,0.71189,0.71205,1.00,1.00
2015.06.22 16:43:51.432,0.71188,0.71205,1.00,1.00
2015.06.22 16:43:52.894,0.71186,0.71205,1.00,1.00
2015.06.22 16:43:56.541,0.71187,0.71208,1.50,1.50
2015.06.22 16:43:56.742,0.71186,0.71205,1.00,1.00
2015.06.22 16:44:04.572,0.71188,0.71207,1.00,1.00
2015.06.22 16:44:07.796,0.7119,0.71209,1.00,1.00
2015.06.22 16:44:08.100,0.71185,0.71204,2.25,1.00
2015.06.22 16:44:08.508,0.71187,0.71206,1.00,1.00
2015.06.22 16:44:09.271,0.71189,0.71207,1.00,1.00
2015.06.22 16:44:09.322,0.7119,0.7121,1.50,1.50
2015.06.22 16:44:10.091,0.71193,0.7121,1.00,1.00
2015.06.22 16:44:10.141,0.71193,0.71212,1.00,1.00
2015.06.22 16:44:15.609,0.71192,0.7121,1.00,1.00
2015.06.22 16:44:16.194,0.7119,0.712,1.00,1.00
2015.06.22 16:44:16.245,0.7118,0.712,1.50,1.50
2015.06.22 16:44:18.720,0.7118,0.71198,1.00,1.00
2015.06.22 16:44:19.522,0.71177,0.71195,1.00,1.00
2015.06.22 16:44:29.639,0.71175,0.71194,1.00,1.00
2015.06.22 16:44:29.790,0.71175,0.71192,1.00,1.00
2015.06.22 16:44:29.841,0.71172,0.71191,1.00,1.00
2015.06.22 16:44:29.992,0.71172,0.71189,1.00,1.00
2015.06.22 16:44:30.043,0.7117,0.71188,1.00,1.00
2015.06.22 16:44:31.788,0.7117,0.71185,1.00,1.00
2015.06.22 16:44:31.838,0.71166,0.71184,1.00,1.00
2015.06.22 16:44:35.144,0.71164,0.71183,1.00,1.00
2015.06.22 16:44:35.195,0.71164,0.71181,1.00,1.00
2015.06.22 16:44:35.245,0.71161,0.7118,1.50,1.00
2015.06.22 16:44:35.296,0.71161,0.71178,1.50,1.00
2015.06.22 16:44:35.346,0.71159,0.71177,1.00,1.00
2015.06.22 16:44:35.447,0.7116,0.71179,1.00,1.00
2015.06.22 16:44:35.498,0.7116,0.71177,1.00,1.00
2015.06.22 16:44:35.828,0.71157,0.71176,1.00,1.00
2015.06.22 16:44:42.060,0.71157,0.71175,1.00,1.00
2015.06.22 16:44:42.111,0.71155,0.71175,1.00,1.50
2015.06.22 16:44:42.734,0.71154,0.71175,2.25,1.50
2015.06.22 16:44:45.114,0.71155,0.71175,1.50,1.50
2015.06.22 16:44:46.226,0.71155,0.71173,1.50,1.00
2015.06.22 16:44:46.772,0.71155,0.71172,1.00,1.00
2015.06.22 16:44:47.327,0.71154,0.71172,1.50,1.00
2015.06.22 16:44:48.319,0.71155,0.71172,1.00,1.00
2015.06.22 16:44:49.656,0.71154,0.71172,2.25,1.00
2015.06.22 16:44:50.957,0.71155,0.71172,1.00,1.00
2015.06.22 16:44:53.868,0.71154,0.71172,1.50,1.00
2015.06.22 16:44:54.480,0.71155,0.71172,1.00,1.00
2015.06.22 16:44:55.188,0.71155,0.71173,1.50,1.00
2015.06.22 16:44:55.854,0.71155,0.71174,2.25,1.00
2015.06.22 16:44:57.119,0.71156,0.71174,1.00,1.00
2015.06.22 16:44:58.779,0.71157,0.71175,1.00,1.00
2015.06.22 16:44:59.340,0.71157,0.71176,1.50,1.00
2015.06.22 16:45:04.399,0.7116,0.71177,1.00,1.00
2015.06.22 16:45:04.737,0.7116,0.71179,1.00,1.00
2015.06.22 16:45:13.129,0.71161,0.71182,1.00,1.00
2015.06.22 16:45:17.093,0.71163,0.71182,1.00,1.00
2015.06.22 16:45:17.703,0.71164,0.71182,1.00,1.00
2015.06.22 16:45:28.694,0.71162,0.71181,1.00,1.00
2015.06.22 16:45:40.239,0.71162,0.71179,1.00,1.00
2015.06.22 16:45:40.592,0.71158,0.71179,1.50,1.50
2015.06.22 16:45:40.839,0.71158,0.71175,1.00,1.00
2015.06.22 16:45:41.294,0.71159,0.71177,1.00,1.00
2015.06.22 16:45:41.815,0.7116,0.71179,1.00,1.00
2015.06.22 16:45:44.105,0.71159,0.7118,1.50,1.00
2015.06.22 16:45:44.156,0.71159,0.71185,1.00,2.10
2015.06.22 16:45:45.487,0.71158,0.71185,1.00,2.10
2015.06.22 16:45:49.337,0.71157,0.71185,1.00,1.35
2015.06.22 16:45:50.106,0.71158,0.71185,1.00,2.10
2015.06.22 16:45:54.066,0.71159,0.71185,1.00,2.10
2015.06.22 16:45:59.612,0.71158,0.71185,1.00,2.10
2015.06.22 16:46:00.279,0.71157,0.71184,1.00,1.00
2015.06.22 16:46:00.865,0.71158,0.71185,1.00,2.10
2015.06.22 16:46:03.974,0.71157,0.71184,1.00,1.00
2015.06.22 16:46:04.238,0.7116,0.71183,1.00,1.00
2015.06.22 16:46:04.626,0.71156,0.71183,1.00,1.00
2015.06.22 16:46:07.972,0.71155,0.71182,1.50,1.00
2015.06.22 16:46:09.494,0.71156,0.71183,1.00,1.00
2015.06.22 16:46:09.826,0.71158,0.71184,1.00,1.00
2015.06.22 16:46:10.487,0.71159,0.71185,1.00,1.35
2015.06.22 16:46:15.382,0.71163,0.71182,1.00,1.00
2015.06.22 16:46:20.653,0.71164,0.71184,1.00,1.50
2015.06.22 16:46:20.754,0.71166,0.71184,1.00,1.00
2015.06.22 16:46:21.265,0.71165,0.71183,1.00,1.00
2015.06.22 16:46:24.543,0.71167,0.71185,1.00,1.00
2015.06.22 16:46:27.078,0.71165,0.71184,1.00,1.00
2015.06.22 16:46:27.183,0.71163,0.71181,1.00,1.00
2015.06.22 16:46:27.954,0.71165,0.71183,1.00,1.00
2015.06.22 16:46:28.055,0.71163,0.71182,1.00,1.00
2015.06.22 16:46:29.068,0.7116,0.71179,1.00,1.00
2015.06.22 16:46:35.777,0.71158,0.71177,1.00,1.00
2015.06.22 16:46:42.137,0.71158,0.71176,1.00,1.00
2015.06.22 16:46:42.389,0.71147,0.71167,1.00,1.00
2015.06.22 16:46:42.490,0.71143,0.71163,1.50,1.50
2015.06.22 16:46:42.792,0.7114,0.71158,1.00,1.00
2015.06.22 16:46:43.218,0.71141,0.7116,1.00,1.50
2015.06.22 16:46:43.319,0.71135,0.7116,1.00,1.00
2015.06.22 16:46:43.470,0.71135,0.71157,1.00,1.00
2015.06.22 16:46:43.521,0.71131,0.71157,1.00,1.00
2015.06.22 16:46:43.843,0.71135,0.71157,1.00,1.00
2015.06.22 16:46:43.926,0.7113,0.71157,1.50,1.00
2015.06.22 16:46:44.429,0.7113,0.71156,1.00,1.00
2015.06.22 16:46:45.139,0.71129,0.71156,1.50,1.00
2015.06.22 16:46:53.168,0.7113,0.71156,1.00,1.00
2015.06.22 16:46:58.116,0.7113,0.71157,1.00,1.00
2015.06.22 16:47:01.396,0.71132,0.71157,1.00,1.00
2015.06.22 16:47:01.698,0.71135,0.71159,1.00,1.00
2015.06.22 16:47:02.050,0.71135,0.71161,1.00,1.00
2015.06.22 16:47:02.706,0.71135,0.71159,1.00,1.00
2015.06.22 16:47:05.379,0.71135,0.7116,1.00,1.00
2015.06.22 16:47:06.385,0.71135,0.71161,1.00,1.00
2015.06.22 16:47:06.687,0.71137,0.71162,1.00,1.00
2015.06.22 16:47:07.567,0.71137,0.71163,1.00,1.35
2015.06.22 16:47:09.573,0.71137,0.71162,1.00,1.00
2015.06.22 16:47:10.136,0.71137,0.71163,1.00,1.35
2015.06.22 16:47:11.997,0.7114,0.71163,1.00,1.35
2015.06.22 16:47:12.960,0.71146,0.7117,1.00,1.00
2015.06.22 16:47:13.011,0.71146,0.71173,1.00,1.50
2015.06.22 16:47:13.062,0.71148,0.71174,1.00,1.00
2015.06.22 16:47:13.426,0.71152,0.71174,1.00,1.00
2015.06.22 16:47:13.930,0.71151,0.71175,1.00,1.00
2015.06.22 16:47:13.990,0.71149,0.71175,1.00,1.00
2015.06.22 16:47:22.371,0.71149,0.71176,1.50,1.00
2015.06.22 16:47:22.911,0.71147,0.71176,1.50,1.50
2015.06.22 16:47:22.961,0.71148,0.71174,1.00,1.00
2015.06.22 16:47:23.557,0.71148,0.71175,1.00,1.50
2015.06.22 16:47:31.855,0.71147,0.71175,1.50,1.00
2015.06.22 16:47:34.842,0.71148,0.71175,1.00,1.50
2015.06.22 16:47:36.659,0.7115,0.71175,1.00,1.00
2015.06.22 16:47:37.625,0.71149,0.71175,1.00,1.00
2015.06.22 16:47:38.399,0.71149,0.71176,1.00,1.00
2015.06.22 16:47:39.035,0.7115,0.71176,1.00,1.00
2015.06.22 16:47:41.802,0.7115,0.71174,1.00,1.00
2015.06.22 16:47:41.903,0.71148,0.71174,1.00,1.00
2015.06.22 16:47:42.003,0.71145,0.71171,1.50,1.00
2015.06.22 16:47:42.380,0.71141,0.71169,1.50,1.00
2015.06.22 16:47:42.582,0.71144,0.71168,1.00,1.00
2015.06.22 16:47:43.107,0.71141,0.71168,1.00,1.00
2015.06.22 16:47:43.546,0.71145,0.71168,1.00,1.00
2015.06.22 16:47:44.865,0.71139,0.71168,2.25,1.00
2015.06.22 16:47:45.056,0.71141,0.71168,1.00,1.00
2015.06.22 16:47:46.186,0.7114,0.71167,1.50,1.00
2015.06.22 16:47:47.035,0.71139,0.71166,1.00,1.00
2015.06.22 16:47:47.773,0.7114,0.71166,1.00,1.00
2015.06.22 16:47:47.824,0.71142,0.71169,1.00,1.00
2015.06.22 16:47:55.543,0.71142,0.71168,1.00,1.00
2015.06.22 16:47:56.094,0.71141,0.71168,1.00,1.00
2015.06.22 16:48:02.000,0.71139,0.71165,1.00,1.00
2015.06.22 16:48:02.154,0.71133,0.71162,1.00,1.00
2015.06.22 16:48:02.204,0.71133,0.71154,1.50,1.00
2015.06.22 16:48:02.713,0.71134,0.71153,1.00,1.00
2015.06.22 16:48:03.705,0.71134,0.71152,1.00,1.00
2015.06.22 16:48:04.254,0.71133,0.71151,1.00,1.00
2015.06.22 16:48:05.586,0.71135,0.71151,1.00,1.00
2015.06.22 16:48:07.785,0.71133,0.71151,1.00,1.00
2015.06.22 16:48:08.558,0.71135,0.71151,1.00,1.00
2015.06.22 16:48:09.649,0.71134,0.71151,1.00,1.00
2015.06.22 16:48:10.187,0.71135,0.71151,1.00,1.00
2015.06.22 16:48:22.046,0.71133,0.71151,1.00,1.00
2015.06.22 16:48:22.815,0.71135,0.71151,1.00,1.00
2015.06.22 16:48:23.834,0.71133,0.71151,1.00,1.00
2015.06.22 16:48:33.249,0.71133,0.7115,1.00,1.00
2015.06.22 16:48:33.300,0.71131,0.71149,1.00,1.00
2015.06.22 16:48:34.303,0.71132,0.71153,1.00,1.00
2015.06.22 16:48:34.918,0.71132,0.7115,1.00,1.00
2015.06.22 16:48:34.969,0.71128,0.71147,1.00,1.00
2015.06.22 16:48:35.174,0.71125,0.71147,1.00,1.00
2015.06.22 16:48:36.711,0.71125,0.71148,1.00,1.00
2015.06.22 16:48:36.812,0.7113,0.71149,1.00,1.00
2015.06.22 16:48:37.315,0.71129,0.71149,1.00,1.00
2015.06.22 16:48:38.115,0.7113,0.71149,1.00,1.00
2015.06.22 16:48:39.697,0.7113,0.71148,1.00,1.00
2015.06.22 16:48:40.120,0.7113,0.71151,1.00,1.00
2015.06.22 16:48:40.623,0.71129,0.7115,1.00,1.00
2015.06.22 16:48:41.427,0.7113,0.71151,1.00,1.00
2015.06.22 16:48:41.680,0.7113,0.71153,1.00,1.00
2015.06.22 16:48:42.506,0.71132,0.71151,1.00,1.00
2015.06.22 16:48:45.972,0.71135,0.71151,1.00,1.00
2015.06.22 16:48:46.144,0.71132,0.71151,1.00,1.00
2015.06.22 16:48:49.604,0.71135,0.71151,1.00,1.00
2015.06.22 16:48:50.994,0.71135,0.71152,1.00,1.00
2015.06.22 16:48:55.143,0.71135,0.71151,1.00,1.00
2015.06.22 16:48:55.194,0.71132,0.71151,1.00,1.00
2015.06.22 16:48:57.480,0.71131,0.71149,1.00,1.00
2015.06.22 16:48:57.631,0.71125,0.71144,1.50,1.00
2015.06.22 16:48:59.206,0.71127,0.71145,1.00,1.00
2015.06.22 16:48:59.890,0.71127,0.71146,1.00,1.00
2015.06.22 16:49:02.723,0.71129,0.71147,1.00,1.00
2015.06.22 16:49:07.053,0.7113,0.71147,1.00,1.00
2015.06.22 16:49:07.155,0.71133,0.71151,1.00,1.00
2015.06.22 16:49:10.657,0.71133,0.7115,1.00,1.00
2015.06.22 16:49:10.758,0.71131,0.71148,1.00,1.00
2015.06.22 16:49:10.859,0.71129,0.71147,1.50,1.00
2015.06.22 16:49:11.654,0.7113,0.71147,1.00,1.00
2015.06.22 16:49:11.915,0.71135,0.71147,1.00,1.00
2015.06.22 16:49:11.983,0.71129,0.71147,1.50,1.00
2015.06.22 16:49:12.988,0.71131,0.7115,1.00,1.00
2015.06.22 16:49:19.183,0.7113,0.71148,1.50,1.00
2015.06.22 16:49:28.694,0.7113,0.71147,1.00,1.00
2015.06.22 16:49:29.197,0.7113,0.71148,1.00,1.00
2015.06.22 16:49:31.521,0.71131,0.7115,1.00,1.35
2015.06.22 16:49:35.000,0.71135,0.7115,1.00,1.00
2015.06.22 16:49:35.598,0.71135,0.71151,1.00,1.00
2015.06.22 16:49:36.203,0.71135,0.71152,1.00,1.00
2015.06.22 16:49:36.543,0.7113,0.71149,1.50,1.00
2015.06.22 16:49:37.002,0.7113,0.71147,1.00,1.00
2015.06.22 16:49:49.123,0.71131,0.7115,1.00,1.35
2015.06.22 16:49:49.535,0.71133,0.71151,1.00,1.60
2015.06.22 16:49:58.953,0.71131,0.7115,1.00,1.35
2015.06.22 16:49:59.550,0.71131,0.7115,1.00,1.60
2015.06.22 16:49:59.752,0.71131,0.7115,1.00,1.00
2015.06.22 16:50:01.452,0.71131,0.71148,1.00,2.10
2015.06.22 16:50:01.754,0.71127,0.71146,1.00,1.00
2015.06.22 16:50:01.855,0.71125,0.71144,1.00,1.60
2015.06.22 16:50:02.057,0.71121,0.71139,1.00,1.00
2015.06.22 16:50:02.264,0.71122,0.71141,1.00,1.00
2015.06.22 16:50:02.929,0.71125,0.71141,1.00,1.00
2015.06.22 16:50:03.573,0.71125,0.71142,1.00,1.00
2015.06.22 16:50:05.557,0.71126,0.71144,1.00,1.00
2015.06.22 16:50:10.579,0.7113,0.71145,1.00,1.00
2015.06.22 16:50:10.631,0.71131,0.71149,1.00,1.00
2015.06.22 16:50:11.139,0.7113,0.71146,1.00,1.00
2015.06.22 16:50:11.290,0.71126,0.71145,1.00,1.00
2015.06.22 16:50:12.083,0.71126,0.71143,1.00,1.00
2015.06.22 16:50:12.594,0.71125,0.71144,1.00,1.00
2015.06.22 16:50:14.589,0.71123,0.71144,1.00,1.00
2015.06.22 16:50:15.285,0.71125,0.71144,1.00,1.00
2015.06.22 16:50:15.684,0.71123,0.71144,1.00,1.00
2015.06.22 16:50:16.693,0.71125,0.71144,1.00,1.00
2015.06.22 16:50:17.202,0.71124,0.71144,1.00,1.00
2015.06.22 16:50:17.747,0.71123,0.71144,1.00,1.00
2015.06.22 16:50:18.133,0.71123,0.71141,1.00,1.00
2015.06.22 16:50:19.313,0.71125,0.71141,1.00,1.00
2015.06.22 16:50:20.313,0.71123,0.71141,1.00,1.00
2015.06.22 16:50:31.265,0.71125,0.71144,1.00,2.10
2015.06.22 16:50:34.155,0.71127,0.71144,1.00,1.00
2015.06.22 16:50:34.206,0.71128,0.71147,1.00,1.00
2015.06.22 16:50:34.594,0.7113,0.71148,1.00,1.00
2015.06.22 16:50:35.492,0.7113,0.71149,1.00,1.00
2015.06.22 16:50:35.846,0.71131,0.71151,1.00,1.35
2015.06.22 16:50:39.660,0.71131,0.71152,1.00,1.00
2015.06.22 16:50:40.200,0.71131,0.71153,1.00,1.50
2015.06.22 16:50:40.572,0.71133,0.71152,1.00,1.00
2015.06.22 16:50:41.235,0.71133,0.71154,1.50,1.00
2015.06.22 16:50:45.564,0.71138,0.71154,1.00,1.00
2015.06.22 16:50:45.615,0.71135,0.71156,1.50,2.85
2015.06.22 16:50:47.186,0.71135,0.71154,1.50,1.00
2015.06.22 16:50:50.012,0.71135,0.71155,1.50,1.35
2015.06.22 16:50:51.491,0.71135,0.71154,1.50,1.00
2015.06.22 16:50:52.481,0.71135,0.71156,1.50,2.85
2015.06.22 16:51:01.361,0.71135,0.71151,1.50,2.10
2015.06.22 16:51:01.412,0.7113,0.7115,1.50,1.60
2015.06.22 16:51:01.513,0.71127,0.71148,1.00,2.10
2015.06.22 16:51:01.614,0.71123,0.71143,1.00,1.00
2015.06.22 16:51:01.664,0.71123,0.71141,1.00,2.10
2015.06.22 16:51:02.085,0.71127,0.71141,1.00,2.10
2015.06.22 16:51:02.136,0.71128,0.71145,1.00,1.35
2015.06.22 16:51:09.752,0.71126,0.71145,1.00,1.35
2015.06.22 16:51:17.814,0.71127,0.71145,1.00,1.35
2015.06.22 16:51:17.865,0.71129,0.71146,1.00,1.60
2015.06.22 16:51:21.961,0.71129,0.71148,1.00,1.50
2015.06.22 16:51:22.062,0.71132,0.71149,1.00,1.00
2015.06.22 16:51:22.163,0.71135,0.71154,1.00,1.00
2015.06.22 16:51:22.264,0.71137,0.71155,1.50,1.00
2015.06.22 16:51:22.831,0.71137,0.71156,1.50,1.00
2015.06.22 16:51:23.561,0.71137,0.71157,1.50,1.00
2015.06.22 16:51:26.335,0.71138,0.71157,1.00,1.00
2015.06.22 16:51:26.738,0.71138,0.71157,1.00,3.60
2015.06.22 16:51:27.238,0.7114,0.71159,1.00,2.10
2015.06.22 16:51:30.011,0.7114,0.71159,1.00,2.10
2015.06.22 16:51:30.163,0.71139,0.71155,1.00,1.00
2015.06.22 16:51:30.551,0.71137,0.71155,1.00,1.50
2015.06.22 16:51:31.156,0.71137,0.71154,1.00,1.00
2015.06.22 16:51:32.842,0.71137,0.71155,1.00,1.50
2015.06.22 16:51:32.994,0.71139,0.71157,1.00,1.35
2015.06.22 16:51:35.782,0.71141,0.7116,1.00,1.00
2015.06.22 16:51:38.622,0.7114,0.71158,1.50,1.00
2015.06.22 16:51:43.821,0.71141,0.71159,1.00,1.60
2015.06.22 16:51:46.326,0.71142,0.71161,1.00,1.60
2015.06.22 16:51:51.034,0.71142,0.71154,1.00,2.10
2015.06.22 16:51:51.085,0.71139,0.71154,1.00,2.10
2015.06.22 16:51:51.430,0.71131,0.71145,1.00,2.10
2015.06.22 16:51:51.481,0.71129,0.71145,1.00,2.10
2015.06.22 16:51:51.582,0.71126,0.71145,1.00,2.10
2015.06.22 16:51:51.920,0.71128,0.71147,1.00,1.60
2015.06.22 16:51:55.541,0.71128,0.71147,1.00,1.00
2015.06.22 16:51:55.592,0.7113,0.71148,1.00,1.00
2015.06.22 16:51:55.801,0.71128,0.71147,1.00,1.00
2015.06.22 16:51:57.441,0.71128,0.71146,1.00,1.00
2015.06.22 16:51:58.209,0.71125,0.71144,1.00,1.00
2015.06.22 16:51:58.977,0.71124,0.71141,1.00,1.00
2015.06.22 16:51:59.028,0.71122,0.71141,1.00,1.00
2015.06.22 16:52:02.501,0.71125,0.71141,1.00,1.00
2015.06.22 16:52:02.602,0.71125,0.71143,1.50,1.00
2015.06.22 16:52:02.804,0.71125,0.71146,2.25,1.50
2015.06.22 16:52:06.504,0.71129,0.71146,1.00,1.00
2015.06.22 16:52:06.605,0.7113,0.71148,1.00,1.50
2015.06.22 16:52:07.409,0.71132,0.7115,1.00,1.00
2015.06.22 16:52:19.335,0.7113,0.71149,1.00,1.00
2015.06.22 16:52:23.747,0.71132,0.7115,1.00,1.00
2015.06.22 16:52:25.624,0.71131,0.71149,1.00,1.00
2015.06.22 16:52:26.318,0.7113,0.71149,1.00,1.00
2015.06.22 16:52:27.029,0.71129,0.71148,1.50,1.00
2015.06.22 16:52:28.341,0.7113,0.71148,1.00,1.50
2015.06.22 16:52:31.091,0.71129,0.71148,1.00,1.50
2015.06.22 16:52:31.776,0.71128,0.71148,2.25,1.50
2015.06.22 16:52:32.251,0.7113,0.71148,1.00,1.50
2015.06.22 16:52:32.911,0.71129,0.71148,1.00,1.50
2015.06.22 16:52:33.571,0.7113,0.71148,1.00,1.50
2015.06.22 16:52:36.811,0.71128,0.71148,1.50,1.50
2015.06.22 16:52:38.930,0.7113,0.71148,1.00,1.50
2015.06.22 16:52:42.530,0.71129,0.71148,1.00,1.50
2015.06.22 16:52:55.090,0.7113,0.71148,1.00,1.50
2015.06.22 16:53:00.200,0.7113,0.7115,1.00,1.00
2015.06.22 16:53:00.301,0.7113,0.71148,1.50,1.00
2015.06.22 16:53:00.660,0.71131,0.7115,1.00,1.00
2015.06.22 16:53:18.330,0.71132,0.71151,1.00,1.00
2015.06.22 16:53:18.675,0.71131,0.71149,1.50,1.00
2015.06.22 16:53:19.132,0.71132,0.71151,1.00,1.50
2015.06.22 16:53:33.071,0.71131,0.71149,1.50,1.00
2015.06.22 16:53:33.659,0.71132,0.7115,1.00,1.00
2015.06.22 16:53:34.259,0.71132,0.71151,1.00,1.00
2015.06.22 16:53:34.635,0.7113,0.7115,1.00,1.00
2015.06.22 16:53:37.228,0.71129,0.71148,1.00,1.00
2015.06.22 16:53:48.254,0.7113,0.71148,1.00,1.00
2015.06.22 16:53:48.849,0.71131,0.71149,1.00,1.00
2015.06.22 16:53:52.314,0.71129,0.71148,1.00,1.00
2015.06.22 16:54:06.560,0.71131,0.71149,1.00,1.00
2015.06.22 16:54:07.097,0.71133,0.71151,1.00,1.00
2015.06.22 16:54:26.778,0.7113,0.7115,1.00,1.50
2015.06.22 16:54:34.652,0.71129,0.7115,1.50,1.50
2015.06.22 16:54:38.469,0.7113,0.7115,1.00,1.50
2015.06.22 16:54:38.885,0.71132,0.7115,1.00,1.00
2015.06.22 16:54:38.935,0.71132,0.71153,1.50,2.10
2015.06.22 16:54:39.087,0.71135,0.71153,1.00,1.60
2015.06.22 16:54:39.137,0.71135,0.71154,1.50,1.00
2015.06.22 16:54:42.997,0.71134,0.71151,1.00,1.00
2015.06.22 16:54:43.048,0.71132,0.71151,1.00,1.00
2015.06.22 16:54:43.099,0.71135,0.71152,1.00,1.00
2015.06.22 16:54:43.447,0.71135,0.71154,1.00,1.00
2015.06.22 16:54:44.279,0.71134,0.71151,1.00,1.00
2015.06.22 16:54:44.330,0.71132,0.71151,1.00,1.00
2015.06.22 16:54:45.141,0.71132,0.7115,1.00,1.00
2015.06.22 16:54:45.776,0.71131,0.71149,1.00,1.00
2015.06.22 16:54:46.511,0.71132,0.7115,1.00,1.00
2015.06.22 16:54:46.865,0.71136,0.71155,1.00,1.00
2015.06.22 16:54:47.017,0.71134,0.71154,1.00,1.00
2015.06.22 16:54:47.218,0.71136,0.71154,1.00,1.00
2015.06.22 16:54:47.470,0.71134,0.71153,1.00,1.00
2015.06.22 16:54:48.891,0.71134,0.71153,1.00,1.60
2015.06.22 16:54:49.768,0.7112,0.71138,1.00,2.10
2015.06.22 16:54:49.818,0.7112,0.71139,1.00,2.10
2015.06.22 16:54:49.970,0.71118,0.71137,1.00,1.35
2015.06.22 16:54:50.499,0.7112,0.71138,1.50,1.50
2015.06.22 16:54:51.031,0.71124,0.71142,1.00,1.00
2015.06.22 16:54:51.334,0.7112,0.71138,1.00,1.50
2015.06.22 16:54:51.636,0.71115,0.71131,1.00,2.85
2015.06.22 16:54:51.687,0.71113,0.71131,1.00,2.85
2015.06.22 16:54:51.889,0.7111,0.71128,1.00,1.35
2015.06.22 16:54:52.594,0.7111,0.71129,1.00,1.00
2015.06.22 16:54:52.694,0.7111,0.71131,1.50,2.10
2015.06.22 16:54:52.946,0.71106,0.71133,1.00,1.60
2015.06.22 16:54:55.630,0.7111,0.71133,1.00,1.60
2015.06.22 16:54:55.850,0.71107,0.71133,1.00,1.60
2015.06.22 16:55:01.166,0.7111,0.71134,1.00,2.10
2015.06.22 16:55:07.728,0.71109,0.71134,1.50,2.10
2015.06.22 16:55:09.069,0.71108,0.71134,1.00,2.10
2015.06.22 16:55:10.447,0.7111,0.71136,1.00,1.00
2015.06.22 16:55:17.527,0.7111,0.71135,1.00,1.00
2015.06.22 16:55:20.190,0.7111,0.71134,1.00,1.00
2015.06.22 16:55:21.840,0.7111,0.71136,1.50,1.00
2015.06.22 16:55:21.942,0.71111,0.71138,1.00,1.00
2015.06.22 16:55:22.430,0.71111,0.7114,1.50,1.50
2015.06.22 16:55:22.589,0.7111,0.71136,1.50,1.00
2015.06.22 16:55:23.130,0.7111,0.71138,1.00,1.00
2015.06.22 16:55:24.682,0.71115,0.71137,1.00,1.00
2015.06.22 16:55:24.944,0.71115,0.71139,1.00,1.00
2015.06.22 16:55:25.552,0.71115,0.7114,1.00,1.00
2015.06.22 16:55:27.233,0.71115,0.71141,1.00,1.00
2015.06.22 16:55:27.992,0.71114,0.71141,1.00,1.00
2015.06.22 16:55:28.535,0.71114,0.7114,1.00,1.00
2015.06.22 16:55:29.718,0.71114,0.71139,1.00,1.00
2015.06.22 16:55:30.855,0.71115,0.71139,1.00,1.00
2015.06.22 16:55:35.593,0.71119,0.71142,1.00,1.00
2015.06.22 16:55:38.308,0.7112,0.71142,1.00,1.00
2015.06.22 16:55:39.555,0.71115,0.71141,1.00,1.00
2015.06.22 16:55:40.065,0.71115,0.7114,1.00,1.00
2015.06.22 16:55:40.500,0.71115,0.71137,1.00,1.00
2015.06.22 16:55:41.263,0.71115,0.71134,1.00,1.00
2015.06.22 16:55:41.636,0.7111,0.71134,1.00,1.00
2015.06.22 16:55:42.170,0.71109,0.71134,1.00,1.00
2015.06.22 16:55:43.401,0.71109,0.71135,1.00,1.00
2015.06.22 16:55:45.625,0.71115,0.71135,1.00,1.50
2015.06.22 16:55:46.155,0.71116,0.71134,1.00,1.00
2015.06.22 16:55:47.577,0.71114,0.71133,1.00,1.00
2015.06.22 16:55:48.840,0.71114,0.71132,1.00,1.00
2015.06.22 16:55:48.891,0.71111,0.71132,1.50,1.50
2015.06.22 16:55:54.796,0.71111,0.71131,1.50,1.00
2015.06.22 16:55:54.847,0.71111,0.71128,1.00,1.00
2015.06.22 16:55:54.898,0.71108,0.71127,1.00,1.00
2015.06.22 16:55:55.100,0.71105,0.71126,1.00,1.50
2015.06.22 16:55:57.271,0.71107,0.71126,1.00,1.00
2015.06.22 16:55:57.796,0.71108,0.71126,1.00,1.00
2015.06.22 16:56:01.018,0.71109,0.71127,1.00,1.00
2015.06.22 16:56:01.169,0.71112,0.71131,1.00,1.00
2015.06.22 16:56:01.294,0.71114,0.71132,1.00,2.25
2015.06.22 16:56:02.017,0.71118,0.71133,1.00,1.00
2015.06.22 16:56:02.068,0.71118,0.71136,1.00,1.00
2015.06.22 16:56:02.219,0.7112,0.71137,1.00,1.00
2015.06.22 16:56:02.270,0.7112,0.71139,1.00,1.50
2015.06.22 16:56:03.911,0.71117,0.71135,1.00,1.00
2015.06.22 16:56:05.733,0.71119,0.71136,1.00,1.00
2015.06.22 16:56:06.234,0.71119,0.71137,1.00,1.00
2015.06.22 16:56:10.196,0.71119,0.71136,1.00,1.00
2015.06.22 16:56:11.709,0.71119,0.71137,1.00,1.00
2015.06.22 16:56:14.939,0.71121,0.71138,1.00,1.50
2015.06.22 16:56:15.040,0.71121,0.7114,1.00,1.00
2015.06.22 16:56:15.292,0.71123,0.7114,1.00,1.00
2015.06.22 16:56:15.912,0.71126,0.7114,1.00,1.00
2015.06.22 16:56:15.963,0.71127,0.71145,1.00,1.00
2015.06.22 16:56:18.358,0.71125,0.71144,1.00,1.00
2015.06.22 16:56:20.873,0.71127,0.71146,1.00,1.50
2015.06.22 16:56:24.842,0.71127,0.71145,1.00,1.00
2015.06.22 16:56:28.457,0.71127,0.71146,1.00,1.50
2015.06.22 16:56:29.007,0.71127,0.71145,1.00,1.00
2015.06.22 16:56:29.682,0.71127,0.71146,1.00,1.00
2015.06.22 16:56:31.136,0.71128,0.71146,1.00,1.50
2015.06.22 16:56:31.936,0.71129,0.71147,1.00,1.00
2015.06.22 16:56:32.477,0.71129,0.71146,1.00,1.00
2015.06.22 16:56:36.060,0.71128,0.71146,1.00,1.00
2015.06.22 16:56:36.111,0.71126,0.71146,1.00,1.00
2015.06.22 16:56:36.816,0.71126,0.71145,1.00,1.00
2015.06.22 16:56:37.869,0.71131,0.71149,1.00,1.00
2015.06.22 16:56:39.866,0.71132,0.7115,1.00,1.00
2015.06.22 16:56:40.390,0.71132,0.71151,1.00,1.00
2015.06.22 16:56:42.674,0.71131,0.71152,1.00,1.50
2015.06.22 16:56:42.725,0.71125,0.71152,1.50,1.00
2015.06.22 16:56:43.636,0.71126,0.71153,1.00,1.00
2015.06.22 16:56:45.006,0.71125,0.71152,1.50,1.00
2015.06.22 16:56:45.716,0.71126,0.71153,1.50,1.00
2015.06.22 16:56:47.888,0.71128,0.71153,1.00,1.00
2015.06.22 16:56:48.295,0.71131,0.71154,1.00,1.00
2015.06.22 16:56:49.612,0.71132,0.71155,1.00,1.00
2015.06.22 16:56:49.923,0.7113,0.71154,1.00,1.00
2015.06.22 16:56:50.586,0.71129,0.71154,1.00,1.00
2015.06.22 16:56:51.828,0.71129,0.7115,1.00,1.00
2015.06.22 16:56:51.929,0.71127,0.71153,1.00,1.00
2015.06.22 16:56:51.980,0.71127,0.71153,1.00,1.60
2015.06.22 16:56:52.031,0.71124,0.7115,1.00,2.10
2015.06.22 16:56:52.233,0.71124,0.71147,1.00,1.00
2015.06.22 16:56:52.565,0.71125,0.7115,1.00,1.00
2015.06.22 16:56:53.097,0.71125,0.71149,1.00,1.00
2015.06.22 16:56:53.644,0.71124,0.71149,1.00,1.00
2015.06.22 16:56:54.196,0.71124,0.7115,1.00,1.00
2015.06.22 16:56:54.774,0.71125,0.7115,1.00,1.00
2015.06.22 16:56:55.226,0.71125,0.71147,1.00,1.00
2015.06.22 16:56:57.436,0.71124,0.71149,1.00,1.00
2015.06.22 16:56:58.094,0.71135,0.71149,1.00,1.00
2015.06.22 16:56:58.200,0.71135,0.71156,1.00,1.00
2015.06.22 16:56:58.301,0.71135,0.71158,1.00,1.00
2015.06.22 16:56:58.915,0.71135,0.71161,1.50,1.00
2015.06.22 16:56:58.965,0.71135,0.71159,1.00,1.00
2015.06.22 16:57:00.300,0.71154,0.71159,1.00,1.00
2015.06.22 16:57:00.351,0.71154,0.7117,1.00,1.00
2015.06.22 16:57:00.452,0.71154,0.71173,1.00,1.00
2015.06.22 16:57:00.503,0.7115,0.71175,1.00,1.00
2015.06.22 16:57:01.085,0.71149,0.71175,1.50,1.00
2015.06.22 16:57:01.512,0.71155,0.71175,1.00,1.00
2015.06.22 16:57:01.614,0.7115,0.71175,1.00,1.00
2015.06.22 16:57:04.107,0.71155,0.71175,1.00,1.00
2015.06.22 16:57:04.647,0.71155,0.71176,1.00,1.00
2015.06.22 16:57:05.159,0.71155,0.71175,1.00,1.00
2015.06.22 16:57:05.210,0.7115,0.71175,1.00,1.00
2015.06.22 16:57:05.311,0.71151,0.71177,1.00,1.00
2015.06.22 16:57:05.363,0.71155,0.71177,1.00,1.00
2015.06.22 16:57:07.296,0.71154,0.71177,1.00,1.00
2015.06.22 16:57:08.507,0.71151,0.71177,1.00,1.00
2015.06.22 16:57:14.025,0.71155,0.71177,1.00,1.00
2015.06.22 16:57:16.162,0.71149,0.71177,1.50,1.00
2015.06.22 16:57:16.736,0.7115,0.71176,1.00,1.00
2015.06.22 16:57:25.473,0.7115,0.71177,1.00,1.00
2015.06.22 16:57:28.515,0.7115,0.71176,1.50,1.00
2015.06.22 16:57:31.748,0.71151,0.71177,1.00,1.00
2015.06.22 16:57:31.849,0.71155,0.71178,1.00,1.00
2015.06.22 16:57:32.751,0.71151,0.71178,1.00,1.00
2015.06.22 16:57:33.100,0.71145,0.71172,1.00,1.60
2015.06.22 16:57:33.438,0.71139,0.71165,1.00,1.00
2015.06.22 16:57:33.847,0.71137,0.71165,1.00,1.50
2015.06.22 16:57:33.951,0.7114,0.71164,1.00,1.00
2015.06.22 16:57:34.645,0.7114,0.71165,1.00,1.00
2015.06.22 16:57:37.227,0.71145,0.71165,1.00,1.00
2015.06.22 16:57:37.437,0.7114,0.71165,1.00,1.00
2015.06.22 16:57:38.424,0.7114,0.71166,1.00,1.00
2015.06.22 16:57:38.867,0.71145,0.71166,1.00,1.00
2015.06.22 16:57:39.515,0.71145,0.71167,1.00,1.00
2015.06.22 16:57:40.254,0.71145,0.71166,1.00,1.00
2015.06.22 16:57:40.915,0.71145,0.71167,1.00,1.00
2015.06.22 16:57:43.374,0.71141,0.71167,1.00,1.00
2015.06.22 16:57:43.600,0.71145,0.71167,1.00,1.00
2015.06.22 16:57:45.137,0.71145,0.71168,1.00,1.00
2015.06.22 16:57:45.649,0.7115,0.71174,1.00,1.00
2015.06.22 16:57:45.800,0.71148,0.71173,1.00,1.00
2015.06.22 16:57:45.901,0.7115,0.71179,1.00,1.00
2015.06.22 16:57:46.383,0.71151,0.71177,1.00,1.00
2015.06.22 16:57:47.456,0.7115,0.71176,1.50,1.00
2015.06.22 16:57:48.315,0.71151,0.71177,1.00,1.00
2015.06.22 16:57:50.089,0.7115,0.71175,1.00,1.00
2015.06.22 16:57:52.516,0.71149,0.71174,1.00,1.00
2015.06.22 16:57:52.985,0.71151,0.71178,1.00,1.00
2015.06.22 16:57:56.907,0.7115,0.71176,1.50,1.00
2015.06.22 16:57:57.259,0.71146,0.71175,1.00,1.50
2015.06.22 16:57:57.361,0.71146,0.71173,1.00,1.00
2015.06.22 16:57:57.684,0.71148,0.71169,1.50,2.25
2015.06.22 16:57:59.365,0.71149,0.71169,1.00,1.50
2015.06.22 16:58:00.009,0.71148,0.71169,1.50,1.50
2015.06.22 16:58:00.315,0.7115,0.71169,1.00,1.50
2015.06.22 16:58:00.705,0.7115,0.71171,2.25,2.25
2015.06.22 16:58:01.666,0.7116,0.71178,1.00,1.00
2015.06.22 16:58:02.374,0.71162,0.71181,1.00,1.00
2015.06.22 16:58:03.462,0.71163,0.71182,1.00,1.00
2015.06.22 16:58:03.988,0.71163,0.71183,1.50,1.00
2015.06.22 16:58:09.926,0.71163,0.71184,1.50,2.25
2015.06.22 16:58:17.134,0.71163,0.71183,1.50,1.00
2015.06.22 16:58:17.624,0.71165,0.71183,1.50,1.00
2015.06.22 16:58:17.725,0.71168,0.71187,1.00,1.00
2015.06.22 16:58:31.524,0.71177,0.71188,1.00,1.50
2015.06.22 16:58:31.575,0.71177,0.71192,1.00,1.00
2015.06.22 16:58:31.625,0.71176,0.71189,1.00,1.00
2015.06.22 16:58:31.676,0.71171,0.71189,1.00,1.00
2015.06.22 16:58:32.074,0.7117,0.71187,1.00,1.00
2015.06.22 16:58:32.225,0.71168,0.71187,1.00,1.50
2015.06.22 16:58:34.138,0.71169,0.71187,1.00,1.00
2015.06.22 16:58:34.189,0.71169,0.7119,1.50,1.50
2015.06.22 16:58:34.843,0.71169,0.71189,1.50,1.00
2015.06.22 16:58:35.885,0.71169,0.7119,1.50,2.25
2015.06.22 16:58:38.345,0.71169,0.71187,1.00,1.00
2015.06.22 16:58:38.863,0.71168,0.71186,1.00,1.00
2015.06.22 16:58:42.767,0.71168,0.71189,1.50,1.50
2015.06.22 16:58:45.472,0.71168,0.71188,1.00,1.00
2015.06.22 16:58:46.075,0.71167,0.71187,1.00,1.00
2015.06.22 16:59:06.657,0.71166,0.71185,1.00,1.00
2015.06.22 16:59:06.964,0.71164,0.71182,1.00,1.00
2015.06.22 16:59:09.525,0.71166,0.71184,1.00,1.00
2015.06.22 16:59:09.626,0.71164,0.71183,1.00,1.00
2015.06.22 16:59:10.042,0.7116,0.71179,1.50,1.00
2015.06.22 16:59:10.426,0.7116,0.71177,1.00,1.00
2015.06.22 16:59:10.476,0.71158,0.71176,1.00,1.00
2015.06.22 16:59:10.865,0.71159,0.71179,1.50,1.50
2015.06.22 16:59:11.615,0.71158,0.71177,1.00,1.00
2015.06.22 16:59:13.741,0.71156,0.71173,1.00,1.00
2015.06.22 16:59:13.842,0.71153,0.71172,1.00,1.00
2015.06.22 16:59:14.924,0.71152,0.7117,1.00,1.00
2015.06.22 16:59:16.788,0.7115,0.71168,1.50,1.00
2015.06.22 16:59:17.185,0.71152,0.7117,1.00,1.00
2015.06.22 16:59:26.472,0.71154,0.71172,1.00,1.00
2015.06.22 16:59:28.095,0.71149,0.71168,1.00,1.00
2015.06.22 16:59:28.297,0.71145,0.71171,1.00,1.00
2015.06.22 16:59:28.667,0.71142,0.71166,1.00,1.00
2015.06.22 16:59:28.851,0.71142,0.71169,1.00,1.00
2015.06.22 16:59:28.902,0.71145,0.71169,1.00,1.00
2015.06.22 16:59:29.464,0.71145,0.71168,1.00,1.00
2015.06.22 16:59:30.281,0.71145,0.71167,1.00,1.00
2015.06.22 16:59:30.335,0.7114,0.71168,1.50,1.00
2015.06.22 16:59:30.386,0.7114,0.71166,1.50,1.00
2015.06.22 16:59:30.936,0.71139,0.71165,1.50,1.00
2015.06.22 16:59:31.530,0.71155,0.7118,1.00,1.00
2015.06.22 16:59:32.034,0.71155,0.71182,1.00,1.00
2015.06.22 16:59:32.789,0.71155,0.71181,1.00,1.00
2015.06.22 16:59:33.102,0.71155,0.71179,1.00,1.00
2015.06.22 16:59:33.618,0.71154,0.71179,1.35,1.00
2015.06.22 16:59:35.399,0.71153,0.71179,1.00,1.00
2015.06.22 16:59:35.718,0.7116,0.71179,1.35,1.00
2015.06.22 16:59:35.769,0.7116,0.71184,1.35,1.00
2015.06.22 16:59:36.363,0.7116,0.71182,1.35,1.00
2015.06.22 16:59:36.564,0.7116,0.71184,1.35,1.00
2015.06.22 16:59:37.825,0.7116,0.71184,2.10,1.00
2015.06.22 16:59:37.876,0.71164,0.71186,1.00,1.00
2015.06.22 16:59:37.977,0.71165,0.71191,1.00,1.00
2015.06.22 16:59:38.027,0.7117,0.71191,1.00,1.00
2015.06.22 16:59:38.078,0.7117,0.71193,1.00,1.00
2015.06.22 16:59:38.129,0.71167,0.71193,1.00,1.00
2015.06.22 16:59:38.180,0.71165,0.71189,1.00,1.00
2015.06.22 16:59:39.277,0.71164,0.71188,1.00,1.00
2015.06.22 16:59:39.529,0.71165,0.71192,1.50,1.00
2015.06.22 16:59:39.631,0.71165,0.71188,1.50,1.00
2015.06.22 16:59:40.035,0.71165,0.71186,1.00,1.00
2015.06.22 16:59:40.586,0.71164,0.71186,1.00,1.00
2015.06.22 16:59:41.109,0.71165,0.71186,1.00,1.00
2015.06.22 16:59:43.311,0.71162,0.71186,1.00,1.00
2015.06.22 16:59:43.495,0.71165,0.71186,1.00,1.00
2015.06.22 16:59:44.165,0.71165,0.71187,1.00,1.00
2015.06.22 16:59:44.759,0.71162,0.71186,1.00,1.00
2015.06.22 16:59:44.860,0.71164,0.71188,1.00,1.00
2015.06.22 16:59:45.372,0.71165,0.71188,1.00,1.00
2015.06.22 16:59:46.321,0.71165,0.71187,1.00,1.00
2015.06.22 16:59:46.371,0.71161,0.71187,1.50,1.00
2015.06.22 16:59:46.573,0.71155,0.7118,1.00,1.00
2015.06.22 16:59:46.884,0.71154,0.71175,1.00,1.00
2015.06.22 16:59:46.935,0.71149,0.71175,2.25,1.00
2015.06.22 16:59:47.865,0.71149,0.71176,2.25,1.00
2015.06.22 16:59:50.374,0.71151,0.71176,1.00,1.00
2015.06.22 16:59:50.765,0.71155,0.71177,1.00,1.00
2015.06.22 16:59:50.867,0.71149,0.71176,1.50,1.00
2015.06.22 16:59:51.128,0.71155,0.71176,1.00,1.00
2015.06.22 16:59:51.286,0.71155,0.71178,1.00,1.00
2015.06.22 16:59:51.916,0.71158,0.71185,1.60,1.00
2015.06.22 16:59:52.168,0.7116,0.71182,1.00,1.00
2015.06.22 16:59:52.219,0.71156,0.71182,2.85,1.00
2015.06.22 16:59:52.320,0.71156,0.71182,2.25,1.00
2015.06.22 16:59:52.860,0.71156,0.71183,1.00,1.00
2015.06.22 16:59:53.470,0.71156,0.71182,1.00,1.00
2015.06.22 16:59:54.057,0.71155,0.71182,2.25,1.00
2015.06.22 16:59:54.602,0.71155,0.71181,1.50,1.00
2015.06.22 16:59:55.242,0.71155,0.71182,2.25,1.00
2015.06.22 16:59:57.348,0.7116,0.71181,1.00,1.00
