2010.06.03 09:00:00.560,0.9796,0.9798,2.40,1.00
2010.06.03 09:00:00.685,0.97955,0.9798,2.20,3.20
2010.06.03 09:00:00.814,0.97955,0.9798,2.20,2.40
2010.06.03 09:00:01.624,0.97965,0.98,1.00,2.40
2010.06.03 09:00:01.967,0.97965,0.9801,1.20,3.90
2010.06.03 09:00:02.979,0.97965,0.9801,1.20,3.20
2010.06.03 09:00:03.322,0.9797,0.9801,1.00,2.40
2010.06.03 09:00:03.670,0.9798,0.9801,2.40,1.00
2010.06.03 09:00:04.707,0.9798,0.9802,2.40,3.60
2010.06.03 09:00:06.325,0.9798,0.9802,2.40,2.80
2010.06.03 09:00:06.594,0.9798,0.9802,2.40,2.80
2010.06.03 09:00:07.739,0.9798,0.98015,2.40,1.00
2010.06.03 09:00:07.925,0.97975,0.9802,2.10,3.20
2010.06.03 09:00:08.115,0.9798,0.9802,1.00,3.20
2010.06.03 09:00:08.855,0.9798,0.9802,2.50,3.20
2010.06.03 09:00:09.212,0.9798,0.9802,2.50,3.60
2010.06.03 09:00:09.896,0.9798,0.9802,2.50,3.80
2010.06.03 09:00:10.881,0.9798,0.9802,2.40,4.00
2010.06.03 09:00:11.095,0.97975,0.9802,1.00,4.00
2010.06.03 09:00:11.733,0.97975,0.98015,1.00,1.00
2010.06.03 09:00:12.995,0.9797,0.98015,5.30,1.00
2010.06.03 09:00:13.265,0.9797,0.9801,4.50,3.20
2010.06.03 09:00:13.534,0.97975,0.9801,1.00,3.20
2010.06.03 09:00:13.874,0.97975,0.98015,2.80,1.00
2010.06.03 09:00:14.886,0.97975,0.9802,3.30,3.90
2010.06.03 09:00:16.675,0.97975,0.9801,2.80,2.40
2010.06.03 09:00:18.785,0.9797,0.9801,2.80,2.40
2010.06.03 09:00:18.976,0.9797,0.9801,1.00,2.40
2010.06.03 09:00:20.136,0.9797,0.9801,2.80,2.80
2010.06.03 09:00:20.424,0.9797,0.9801,1.00,2.40
2010.06.03 09:00:20.716,0.9798,0.9801,1.00,2.40
2010.06.03 09:00:21.676,0.9796,0.98,1.00,2.40
2010.06.03 09:00:21.995,0.9796,0.98,1.00,2.40
2010.06.03 09:00:22.634,0.9796,0.9801,3.60,4.10
2010.06.03 09:00:23.353,0.9796,0.9801,3.20,3.30
2010.06.03 09:00:23.711,0.9796,0.9801,3.50,2.40
2010.06.03 09:00:23.938,0.9796,0.9801,3.30,2.40
2010.06.03 09:00:24.238,0.97965,0.9801,1.00,2.40
2010.06.03 09:00:24.364,0.9796,0.9801,3.20,2.40
2010.06.03 09:00:24.493,0.9796,0.9801,3.20,3.20
2010.06.03 09:00:24.623,0.9796,0.9801,3.30,3.20
2010.06.03 09:00:25.678,0.97965,0.9801,1.00,3.20
2010.06.03 09:00:25.946,0.9797,0.9801,2.40,2.40
2010.06.03 09:00:26.105,0.9797,0.9801,2.50,2.40
2010.06.03 09:00:26.264,0.9797,0.9801,2.50,3.20
2010.06.03 09:00:27.258,0.97955,0.9799,1.00,2.40
2010.06.03 09:00:29.894,0.97955,0.9799,1.00,2.40
2010.06.03 09:00:30.035,0.9796,0.98,2.40,2.40
2010.06.03 09:00:30.174,0.9796,0.9801,2.40,3.60
2010.06.03 09:00:30.313,0.9796,0.9801,2.80,3.60
2010.06.03 09:00:31.071,0.9796,0.9801,2.80,3.20
2010.06.03 09:00:31.328,0.9796,0.9801,3.50,3.70
2010.06.03 09:00:31.574,0.9796,0.9801,3.70,3.20
2010.06.03 09:00:32.742,0.9796,0.9801,3.60,3.20
2010.06.03 09:00:33.086,0.9796,0.9801,1.00,3.20
2010.06.03 09:00:33.957,0.9796,0.9801,1.00,2.80
2010.06.03 09:00:34.133,0.9796,0.9801,1.00,3.00
2010.06.03 09:00:37.593,0.9796,0.9801,1.00,2.90
2010.06.03 09:00:37.777,0.9796,0.98,2.80,2.40
2010.06.03 09:00:38.094,0.9796,0.98,3.60,2.40
2010.06.03 09:00:39.940,0.9796,0.98,2.80,3.20
2010.06.03 09:00:40.330,0.9796,0.9799,2.40,1.00
2010.06.03 09:00:40.383,0.9796,0.9798,2.40,2.40
2010.06.03 09:00:40.533,0.9796,0.9798,1.00,2.40
2010.06.03 09:00:41.448,0.9795,0.9798,4.40,2.40
2010.06.03 09:00:41.704,0.9795,0.9798,2.00,2.40
2010.06.03 09:00:41.966,0.97955,0.9799,1.00,3.20
2010.06.03 09:00:42.909,0.9795,0.9798,2.50,2.40
2010.06.03 09:00:43.244,0.9795,0.9798,2.00,2.40
2010.06.03 09:00:43.585,0.9795,0.9798,2.50,2.40
2010.06.03 09:00:43.924,0.9795,0.9798,3.50,2.40
2010.06.03 09:00:45.254,0.9795,0.9798,3.70,2.40
2010.06.03 09:00:45.754,0.97955,0.9799,1.00,2.40
2010.06.03 09:00:47.433,0.97955,0.9799,1.00,2.50
2010.06.03 09:00:47.674,0.97955,0.9798,1.00,2.40
2010.06.03 09:00:48.492,0.9795,0.9798,3.20,2.40
2010.06.03 09:00:48.697,0.9795,0.9797,2.80,2.40
2010.06.03 09:00:48.905,0.97955,0.9797,1.00,2.40
2010.06.03 09:00:49.792,0.97955,0.9798,1.60,2.40
2010.06.03 09:00:50.128,0.97945,0.9799,3.70,4.10
2010.06.03 09:00:51.136,0.97955,0.9799,1.00,4.00
2010.06.03 09:00:52.123,0.9796,0.98,1.00,4.00
2010.06.03 09:00:52.287,0.9796,0.98,1.00,4.10
2010.06.03 09:00:52.613,0.97955,0.98,2.90,4.10
2010.06.03 09:00:52.774,0.97955,0.9799,1.00,2.40
2010.06.03 09:00:52.934,0.97955,0.9799,1.00,2.40
2010.06.03 09:00:54.117,0.97935,0.9797,3.70,2.40
2010.06.03 09:00:54.554,0.9794,0.9797,1.00,2.40
2010.06.03 09:00:55.386,0.9793,0.9797,2.90,2.40
2010.06.03 09:00:55.676,0.97935,0.9797,1.00,2.40
2010.06.03 09:00:55.967,0.97945,0.9797,1.00,2.40
2010.06.03 09:00:56.629,0.9795,0.97975,2.40,1.00
2010.06.03 09:00:56.957,0.9795,0.9799,2.40,4.80
2010.06.03 09:00:57.285,0.9795,0.9799,2.40,4.40
2010.06.03 09:00:57.614,0.9794,0.9798,2.50,3.20
2010.06.03 09:00:57.944,0.9794,0.9798,2.50,3.80
2010.06.03 09:00:59.833,0.9794,0.9798,2.40,3.90
2010.06.03 09:01:00.034,0.9794,0.9798,2.50,4.00
2010.06.03 09:01:00.244,0.9794,0.97975,2.40,1.00
2010.06.03 09:01:01.308,0.97935,0.9797,1.00,3.20
2010.06.03 09:01:01.915,0.9794,0.9798,2.50,3.70
2010.06.03 09:01:02.634,0.97935,0.9797,1.20,2.40
2010.06.03 09:01:02.941,0.97935,0.9797,2.80,2.40
2010.06.03 09:01:05.293,0.97935,0.9797,2.80,2.50
2010.06.03 09:01:06.364,0.97935,0.97965,2.80,1.00
2010.06.03 09:01:06.554,0.97935,0.97965,2.40,1.00
2010.06.03 09:01:06.745,0.9793,0.97965,5.90,1.00
2010.06.03 09:01:07.545,0.97935,0.97965,1.00,1.00
2010.06.03 09:01:08.662,0.97935,0.9797,1.00,3.20
2010.06.03 09:01:09.009,0.9794,0.9797,1.00,2.40
2010.06.03 09:01:09.347,0.97935,0.9797,2.40,2.50
2010.06.03 09:01:10.370,0.9793,0.9797,1.00,2.50
2010.06.03 09:01:10.709,0.97935,0.9797,1.00,2.50
2010.06.03 09:01:10.926,0.97935,0.9797,2.80,2.50
2010.06.03 09:01:11.797,0.9793,0.9797,4.30,2.40
2010.06.03 09:01:12.075,0.9793,0.9797,4.20,2.40
2010.06.03 09:01:12.354,0.9793,0.9797,4.80,2.40
2010.06.03 09:01:13.366,0.9793,0.9796,3.60,2.50
2010.06.03 09:01:13.706,0.9794,0.9797,1.00,2.40
2010.06.03 09:01:14.490,0.9794,0.9797,2.80,2.40
2010.06.03 09:01:14.839,0.9794,0.9797,1.60,2.40
2010.06.03 09:01:15.179,0.97935,0.9797,2.40,2.40
2010.06.03 09:01:16.086,0.9794,0.9797,1.00,2.40
2010.06.03 09:01:16.347,0.9794,0.9797,1.00,3.20
2010.06.03 09:01:17.289,0.9794,0.9797,1.00,3.30
2010.06.03 09:01:17.577,0.9794,0.9797,1.00,3.70
2010.06.03 09:01:17.864,0.9794,0.9797,1.00,3.30
2010.06.03 09:01:18.446,0.9794,0.9797,1.00,3.20
2010.06.03 09:01:19.200,0.9794,0.9797,1.00,3.30
2010.06.03 09:01:19.547,0.9794,0.9797,1.00,3.20
2010.06.03 09:01:20.884,0.9794,0.9797,2.80,3.20
2010.06.03 09:01:22.308,0.9795,0.9798,5.20,3.20
2010.06.03 09:01:23.863,0.9795,0.9798,2.80,3.20
2010.06.03 09:01:23.996,0.97945,0.9798,2.80,2.40
2010.06.03 09:01:26.378,0.97945,0.9797,3.30,2.40
2010.06.03 09:01:26.517,0.97945,0.9797,2.80,2.40
2010.06.03 09:01:30.291,0.9794,0.9797,1.00,2.50
2010.06.03 09:01:30.455,0.9794,0.9796,1.00,2.40
2010.06.03 09:01:30.615,0.97935,0.9796,1.20,2.40
2010.06.03 09:01:30.774,0.97935,0.9796,1.00,2.40
2010.06.03 09:01:31.596,0.97945,0.9797,1.00,2.40
2010.06.03 09:01:33.036,0.9795,0.9798,1.00,3.10
2010.06.03 09:01:33.375,0.9795,0.97975,1.00,1.00
2010.06.03 09:01:34.272,0.9795,0.9797,1.00,2.40
2010.06.03 09:01:34.616,0.9794,0.9797,3.20,2.40
2010.06.03 09:01:34.955,0.97935,0.9797,2.80,2.40
2010.06.03 09:01:35.597,0.97945,0.9797,1.00,2.40
2010.06.03 09:01:36.583,0.97945,0.9798,1.00,3.20
2010.06.03 09:01:36.770,0.9794,0.9797,5.60,2.40
2010.06.03 09:01:37.133,0.9794,0.9797,5.20,2.40
2010.06.03 09:01:39.200,0.9794,0.9797,6.40,2.40
2010.06.03 09:01:40.700,0.9795,0.9798,1.00,2.40
2010.06.03 09:01:40.965,0.9795,0.9798,1.00,3.30
2010.06.03 09:01:41.225,0.9795,0.9798,1.00,2.50
2010.06.03 09:01:42.237,0.9795,0.9798,1.00,2.40
2010.06.03 09:01:44.203,0.97945,0.9797,1.00,2.40
2010.06.03 09:01:44.844,0.97955,0.9797,1.00,2.40
2010.06.03 09:01:45.502,0.97955,0.97985,1.00,1.20
2010.06.03 09:01:45.665,0.97955,0.97985,1.00,1.00
2010.06.03 09:01:45.924,0.97955,0.9799,1.00,2.50
2010.06.03 09:01:47.895,0.9796,0.9799,2.00,2.40
2010.06.03 09:01:48.074,0.9796,0.97985,2.00,1.00
2010.06.03 09:01:49.864,0.9796,0.9799,2.00,2.40
2010.06.03 09:01:50.606,0.9796,0.97995,4.40,1.00
2010.06.03 09:01:51.034,0.9796,0.97995,4.40,1.00
2010.06.03 09:01:53.805,0.9796,0.9799,2.00,2.40
2010.06.03 09:01:55.254,0.97965,0.97995,1.60,1.00
2010.06.03 09:01:55.444,0.97965,0.98,2.80,3.30
2010.06.03 09:01:55.633,0.97965,0.97995,2.80,1.00
2010.06.03 09:01:56.428,0.97965,0.98,2.80,3.30
2010.06.03 09:01:57.154,0.97965,0.97995,2.80,1.00
2010.06.03 09:01:57.394,0.97965,0.9799,2.80,2.40
2010.06.03 09:01:59.353,0.97965,0.98,2.80,3.30
2010.06.03 09:02:00.488,0.97965,0.97995,2.80,1.00
2010.06.03 09:02:00.828,0.9796,0.9799,2.00,2.40
2010.06.03 09:02:01.165,0.9796,0.9799,5.20,2.40
2010.06.03 09:02:01.334,0.9796,0.98,5.20,4.80
2010.06.03 09:02:02.012,0.97965,0.98,1.00,4.00
2010.06.03 09:02:02.264,0.9797,0.98,2.40,3.20
2010.06.03 09:02:02.505,0.97965,0.98,2.80,3.20
2010.06.03 09:02:02.756,0.9797,0.98,1.00,3.20
2010.06.03 09:02:03.007,0.97975,0.98,1.00,2.40
2010.06.03 09:02:03.693,0.97975,0.98,1.00,2.40
2010.06.03 09:02:04.018,0.9797,0.98,1.00,2.50
2010.06.03 09:02:05.855,0.9797,0.9799,1.00,2.40
2010.06.03 09:02:06.837,0.9797,0.98005,2.80,1.00
2010.06.03 09:02:07.126,0.9797,0.98,2.80,2.40
2010.06.03 09:02:08.430,0.9797,0.9801,2.80,3.20
2010.06.03 09:02:08.776,0.9797,0.9801,2.80,2.50
2010.06.03 09:02:09.117,0.9797,0.9801,2.80,2.40
2010.06.03 09:02:10.116,0.97975,0.9801,2.80,2.40
2010.06.03 09:02:11.804,0.97975,0.9801,2.80,2.50
2010.06.03 09:02:12.055,0.97975,0.9801,3.60,2.40
2010.06.03 09:02:12.304,0.97985,0.9801,1.00,2.40
2010.06.03 09:02:12.806,0.9798,0.98,1.00,1.00
2010.06.03 09:02:13.906,0.9797,0.9801,1.00,4.00
2010.06.03 09:02:14.638,0.9797,0.9801,1.00,3.90
2010.06.03 09:02:14.978,0.9797,0.98,1.00,3.20
2010.06.03 09:02:16.885,0.9797,0.98,1.00,3.30
2010.06.03 09:02:17.224,0.9797,0.98,1.00,3.20
2010.06.03 09:02:17.684,0.9797,0.98,1.00,1.00
2010.06.03 09:02:18.475,0.9797,0.98,1.00,3.20
2010.06.03 09:02:20.977,0.9797,0.98,1.00,2.50
2010.06.03 09:02:23.055,0.9797,0.98005,1.00,1.00
2010.06.03 09:02:23.335,0.9797,0.9801,1.00,4.00
2010.06.03 09:02:23.473,0.9797,0.98,1.00,1.00
2010.06.03 09:02:24.384,0.97965,0.9801,2.50,3.20
2010.06.03 09:02:24.729,0.98,0.9803,3.30,2.40
2010.06.03 09:02:25.068,0.98,0.9802,2.80,2.40
2010.06.03 09:02:27.274,0.98,0.98025,2.80,1.00
2010.06.03 09:02:28.205,0.98,0.9803,2.80,3.30
2010.06.03 09:02:28.754,0.9801,0.9803,1.00,2.40
2010.06.03 09:02:30.097,0.98015,0.9804,1.00,2.40
2010.06.03 09:02:30.485,0.9801,0.9804,1.90,3.30
2010.06.03 09:02:30.653,0.9801,0.9804,1.10,3.30
2010.06.03 09:02:30.815,0.9801,0.9803,1.00,2.40
2010.06.03 09:02:31.785,0.98015,0.9804,1.00,2.50
2010.06.03 09:02:32.045,0.9801,0.9803,2.40,2.40
2010.06.03 09:02:32.304,0.9801,0.9803,1.00,2.40
2010.06.03 09:02:32.555,0.98005,0.9803,1.00,2.40
2010.06.03 09:02:41.396,0.98005,0.9803,1.00,2.50
2010.06.03 09:02:41.531,0.9801,0.9803,1.00,2.40
2010.06.03 09:02:41.625,0.9801,0.9804,1.00,4.10
2010.06.03 09:02:41.717,0.9801,0.9804,2.00,4.10
2010.06.03 09:02:42.457,0.9801,0.98045,4.80,1.00
2010.06.03 09:02:42.798,0.98015,0.9805,3.50,3.20
2010.06.03 09:02:43.135,0.98025,0.98055,1.00,1.00
2010.06.03 09:02:43.475,0.98025,0.9806,1.00,4.00
2010.06.03 09:02:46.851,0.9803,0.9806,1.00,3.20
2010.06.03 09:02:47.007,0.9803,0.9807,2.80,3.60
2010.06.03 09:02:47.166,0.9803,0.9807,5.20,3.20
2010.06.03 09:02:47.327,0.9803,0.9806,2.80,2.40
2010.06.03 09:02:47.485,0.9803,0.9806,2.40,2.40
2010.06.03 09:02:48.486,0.98025,0.9806,2.80,2.40
2010.06.03 09:02:48.826,0.9802,0.9805,2.80,2.40
2010.06.03 09:02:49.167,0.98025,0.9806,2.80,2.40
2010.06.03 09:02:50.449,0.98025,0.9806,2.80,4.00
2010.06.03 09:02:51.919,0.98025,0.9806,2.80,4.10
2010.06.03 09:02:52.178,0.9803,0.9806,1.00,2.40
2010.06.03 09:02:52.438,0.9803,0.9806,2.80,3.20
2010.06.03 09:02:53.282,0.9804,0.9806,1.00,2.40
2010.06.03 09:02:53.630,0.98045,0.9807,1.00,1.00
2010.06.03 09:02:54.623,0.98045,0.98075,1.00,1.10
2010.06.03 09:02:55.065,0.98045,0.9808,1.00,2.50
2010.06.03 09:02:55.410,0.9804,0.9806,2.80,2.40
2010.06.03 09:02:56.375,0.98045,0.9807,1.00,3.20
2010.06.03 09:02:56.642,0.98045,0.9807,1.00,3.20
2010.06.03 09:02:57.353,0.9805,0.9807,2.40,1.00
2010.06.03 09:02:57.781,0.9804,0.9807,1.60,2.40
2010.06.03 09:02:58.117,0.9804,0.9806,1.00,2.40
2010.06.03 09:02:59.143,0.9803,0.9806,3.20,2.40
2010.06.03 09:03:00.167,0.9803,0.9806,2.40,2.40
2010.06.03 09:03:00.508,0.98025,0.9805,1.00,2.40
2010.06.03 09:03:00.837,0.9802,0.98055,3.20,1.00
2010.06.03 09:03:01.805,0.9802,0.98055,2.40,1.00
2010.06.03 09:03:02.100,0.98015,0.9804,1.00,2.40
2010.06.03 09:03:02.389,0.9801,0.9805,3.20,2.50
2010.06.03 09:03:02.676,0.9801,0.9804,2.40,2.40
2010.06.03 09:03:03.705,0.9801,0.9805,3.20,2.40
2010.06.03 09:03:04.387,0.9801,0.9805,3.30,2.40
2010.06.03 09:03:04.729,0.9801,0.98035,2.40,1.00
2010.06.03 09:03:05.720,0.9801,0.9804,2.40,2.40
2010.06.03 09:03:06.882,0.9801,0.9804,2.40,2.50
2010.06.03 09:03:07.226,0.98005,0.9804,1.00,2.50
2010.06.03 09:03:07.564,0.98005,0.9804,1.00,2.50
2010.06.03 09:03:07.904,0.98005,0.9804,1.00,2.50
2010.06.03 09:03:08.906,0.9801,0.9804,3.20,2.40
2010.06.03 09:03:09.066,0.9801,0.9804,3.20,2.50
2010.06.03 09:03:09.805,0.98,0.9804,3.80,2.50
2010.06.03 09:03:10.145,0.98,0.9804,3.80,2.40
2010.06.03 09:03:10.484,0.98,0.98035,3.80,1.00
2010.06.03 09:03:10.825,0.98,0.98035,3.80,1.00
2010.06.03 09:03:11.114,0.98,0.9804,3.80,2.50
2010.06.03 09:03:12.063,0.98,0.9803,2.40,2.40
2010.06.03 09:03:13.701,0.98,0.9804,3.30,2.40
2010.06.03 09:03:14.047,0.9801,0.9804,2.40,2.40
2010.06.03 09:03:14.388,0.9801,0.9804,2.40,2.50
2010.06.03 09:03:15.446,0.98,0.9804,1.00,2.50
2010.06.03 09:03:15.836,0.97995,0.98035,1.00,1.00
2010.06.03 09:03:16.816,0.9799,0.9803,2.80,2.40
2010.06.03 09:03:17.144,0.9799,0.9803,2.40,2.40
2010.06.03 09:03:17.464,0.97985,0.9802,1.30,2.40
2010.06.03 09:03:18.403,0.9799,0.98025,2.40,1.00
2010.06.03 09:03:18.749,0.98,0.9803,2.40,2.40
2010.06.03 09:03:18.905,0.98,0.9803,2.40,2.40
2010.06.03 09:03:19.065,0.9799,0.9803,3.00,2.40
2010.06.03 09:03:19.223,0.9799,0.9803,2.40,2.40
2010.06.03 09:03:21.444,0.9799,0.9803,3.20,2.40
2010.06.03 09:03:21.645,0.9799,0.9803,3.00,2.40
2010.06.03 09:03:21.844,0.9799,0.9803,1.00,2.40
2010.06.03 09:03:22.748,0.9799,0.9803,2.40,2.50
2010.06.03 09:03:22.989,0.98,0.9803,1.00,2.40
2010.06.03 09:03:23.329,0.9801,0.9804,2.40,2.40
2010.06.03 09:03:24.225,0.9801,0.9804,2.40,1.00
2010.06.03 09:03:24.474,0.9801,0.9804,2.80,2.40
2010.06.03 09:03:25.407,0.9801,0.98045,2.80,1.00
2010.06.03 09:03:25.709,0.9801,0.9805,2.90,2.50
2010.06.03 09:03:26.004,0.9801,0.9805,2.40,2.50
2010.06.03 09:03:26.306,0.98005,0.9803,1.00,2.40
2010.06.03 09:03:27.308,0.9801,0.9805,2.40,2.40
2010.06.03 09:03:28.641,0.9801,0.9805,2.40,2.50
2010.06.03 09:03:28.937,0.9801,0.9805,2.40,2.40
2010.06.03 09:03:29.237,0.9801,0.9805,2.40,2.50
2010.06.03 09:03:30.116,0.9801,0.9805,2.50,2.50
2010.06.03 09:03:30.306,0.9801,0.9804,2.40,2.40
2010.06.03 09:03:31.724,0.9801,0.9804,2.40,2.50
2010.06.03 09:03:31.834,0.9801,0.98035,2.40,1.00
2010.06.03 09:03:31.945,0.98,0.98035,3.20,1.00
2010.06.03 09:03:32.708,0.98,0.9803,3.60,2.40
2010.06.03 09:03:33.058,0.98,0.9803,2.40,2.40
2010.06.03 09:03:35.185,0.98,0.9804,2.40,4.10
2010.06.03 09:03:36.176,0.98,0.9804,2.40,2.50
2010.06.03 09:03:36.480,0.9799,0.9803,4.40,2.40
2010.06.03 09:03:36.673,0.9799,0.9803,4.40,2.40
2010.06.03 09:03:38.805,0.9799,0.9803,4.40,2.50
2010.06.03 09:03:38.954,0.9799,0.9803,4.30,2.50
2010.06.03 09:03:40.905,0.9799,0.9803,4.40,2.40
2010.06.03 09:03:42.156,0.9799,0.98025,3.70,1.00
2010.06.03 09:03:43.145,0.9799,0.98025,4.40,1.00
2010.06.03 09:03:45.348,0.9799,0.98025,4.20,1.00
2010.06.03 09:03:45.387,0.9799,0.98025,3.80,1.00
2010.06.03 09:03:45.657,0.9799,0.98025,3.20,1.00
2010.06.03 09:03:46.784,0.9799,0.98025,3.30,1.00
2010.06.03 09:03:47.350,0.97995,0.98025,1.00,1.00
2010.06.03 09:03:48.756,0.9799,0.9802,2.40,2.40
2010.06.03 09:03:48.885,0.9799,0.9803,2.40,4.70
2010.06.03 09:03:49.016,0.9799,0.9803,2.40,3.90
2010.06.03 09:03:49.696,0.9799,0.98025,2.40,1.00
2010.06.03 09:03:50.038,0.98,0.9803,2.50,2.40
2010.06.03 09:03:50.375,0.98,0.9803,3.20,2.40
2010.06.03 09:03:51.426,0.98,0.9803,1.00,2.40
2010.06.03 09:03:51.704,0.98,0.9804,3.70,2.40
2010.06.03 09:03:51.984,0.98,0.9804,3.20,2.40
2010.06.03 09:03:53.617,0.98,0.9803,2.40,2.40
2010.06.03 09:03:53.825,0.9799,0.9803,3.30,2.40
2010.06.03 09:03:54.688,0.9799,0.9803,3.60,2.40
2010.06.03 09:03:55.015,0.9799,0.9802,1.00,2.40
2010.06.03 09:03:56.026,0.9799,0.9804,4.40,2.40
2010.06.03 09:03:56.365,0.98,0.9804,2.40,2.40
2010.06.03 09:03:58.554,0.98,0.9803,2.40,1.00
2010.06.03 09:03:58.699,0.97995,0.9803,1.00,3.20
2010.06.03 09:03:58.833,0.98,0.98035,2.40,1.40
2010.06.03 09:03:59.725,0.98,0.98035,2.80,1.00
2010.06.03 09:04:00.068,0.98,0.9804,2.40,2.40
2010.06.03 09:04:00.174,0.98,0.9804,3.10,2.40
2010.06.03 09:04:02.121,0.98,0.9804,3.10,2.50
2010.06.03 09:04:02.158,0.98,0.9803,2.40,2.40
2010.06.03 09:04:05.006,0.98,0.9804,2.90,3.20
2010.06.03 09:04:05.273,0.98,0.9804,2.90,2.40
2010.06.03 09:04:06.376,0.98,0.9803,2.40,2.40
2010.06.03 09:04:07.740,0.98,0.9804,3.10,2.40
2010.06.03 09:04:08.084,0.98,0.9804,2.40,2.50
2010.06.03 09:04:08.745,0.9801,0.9805,2.40,4.00
2010.06.03 09:04:09.776,0.9801,0.9805,2.40,3.20
2010.06.03 09:04:10.774,0.9801,0.9805,2.40,3.30
2010.06.03 09:04:11.548,0.98005,0.9804,1.10,2.40
2010.06.03 09:04:11.770,0.9801,0.9805,2.40,3.20
2010.06.03 09:04:11.998,0.9803,0.98055,2.40,1.00
2010.06.03 09:04:12.267,0.98015,0.9805,1.00,3.20
2010.06.03 09:04:13.198,0.9801,0.9805,3.30,2.40
2010.06.03 09:04:13.415,0.9801,0.9805,4.00,2.40
2010.06.03 09:04:13.634,0.9801,0.9805,3.90,2.40
2010.06.03 09:04:14.474,0.9802,0.9806,2.40,5.40
2010.06.03 09:04:15.326,0.9802,0.9806,2.40,2.40
2010.06.03 09:04:15.454,0.9802,0.9806,4.00,3.20
2010.06.03 09:04:15.575,0.9803,0.9806,2.40,1.00
2010.06.03 09:04:15.635,0.9802,0.9805,1.00,2.40
2010.06.03 09:04:15.763,0.98015,0.9805,1.00,2.40
2010.06.03 09:04:16.005,0.9801,0.9805,2.90,2.40
2010.06.03 09:04:17.326,0.9801,0.9806,3.50,3.70
2010.06.03 09:04:17.656,0.9802,0.9806,2.40,3.20
2010.06.03 09:04:19.515,0.9802,0.9806,2.40,3.90
2010.06.03 09:04:21.503,0.9802,0.9806,2.40,3.20
2010.06.03 09:04:22.715,0.9802,0.9806,2.40,4.00
2010.06.03 09:04:23.084,0.9802,0.9806,2.40,3.20
2010.06.03 09:04:23.848,0.9802,0.9806,2.40,4.00
2010.06.03 09:04:24.213,0.9801,0.9805,2.40,3.20
2010.06.03 09:04:24.557,0.9801,0.9804,2.40,2.40
2010.06.03 09:04:25.554,0.9801,0.9805,3.30,3.20
2010.06.03 09:04:25.917,0.9801,0.9805,2.40,2.40
2010.06.03 09:04:26.947,0.9801,0.9805,2.90,3.20
2010.06.03 09:04:27.148,0.98005,0.9804,1.00,2.40
2010.06.03 09:04:27.417,0.9801,0.9804,2.40,2.40
2010.06.03 09:04:28.216,0.9801,0.9805,2.40,3.20
2010.06.03 09:04:28.530,0.9801,0.9804,2.40,2.40
2010.06.03 09:04:28.849,0.98,0.98025,3.10,1.00
2010.06.03 09:04:29.899,0.9799,0.98035,3.20,1.60
2010.06.03 09:04:30.239,0.9801,0.9805,1.00,3.10
2010.06.03 09:04:31.177,0.9802,0.98055,2.40,1.00
2010.06.03 09:04:31.428,0.9802,0.9806,2.40,4.10
2010.06.03 09:04:32.174,0.9802,0.9805,2.40,2.40
2010.06.03 09:04:34.537,0.98025,0.9805,1.00,2.40
2010.06.03 09:04:34.699,0.98025,0.9806,1.00,2.80
2010.06.03 09:04:35.502,0.98035,0.9806,1.00,2.40
2010.06.03 09:04:36.301,0.9804,0.98075,2.40,1.00
2010.06.03 09:04:36.648,0.9804,0.9808,2.40,2.40
2010.06.03 09:04:37.566,0.9804,0.9808,2.40,3.20
2010.06.03 09:04:37.845,0.9803,0.98055,1.00,1.00
2010.06.03 09:04:38.048,0.9802,0.98045,2.80,1.00
2010.06.03 09:04:38.913,0.9802,0.98045,2.40,1.00
2010.06.03 09:04:47.787,0.9801,0.98045,2.40,1.00
2010.06.03 09:04:52.216,0.98005,0.98035,1.00,1.00
2010.06.03 09:04:52.375,0.98,0.98035,3.80,1.00
2010.06.03 09:04:52.685,0.98005,0.98035,1.00,1.00
2010.06.03 09:04:53.659,0.9801,0.98035,2.40,1.00
2010.06.03 09:04:56.274,0.9801,0.98035,2.50,1.00
2010.06.03 09:04:57.346,0.9801,0.9804,2.40,1.00
2010.06.03 09:04:59.562,0.9802,0.98045,2.40,1.00
2010.06.03 09:04:59.687,0.9802,0.98055,2.40,1.70
2010.06.03 09:04:59.805,0.9801,0.98055,4.40,1.00
2010.06.03 09:04:59.925,0.9801,0.98055,3.20,1.00
2010.06.03 09:05:00.845,0.9801,0.98055,2.80,1.00
2010.06.03 09:05:01.126,0.9801,0.9805,2.40,2.40
2010.06.03 09:05:01.410,0.98,0.9804,3.60,2.40
2010.06.03 09:05:02.606,0.98,0.9804,3.30,2.40
2010.06.03 09:05:06.035,0.98,0.9804,2.40,2.40
2010.06.03 09:05:07.756,0.97995,0.9803,1.00,2.40
2010.06.03 09:05:08.052,0.9799,0.9803,3.30,2.40
2010.06.03 09:05:08.135,0.9799,0.9803,3.70,2.40
2010.06.03 09:05:08.213,0.9799,0.9803,5.30,2.40
2010.06.03 09:05:09.287,0.9799,0.9803,2.40,2.40
2010.06.03 09:05:09.625,0.9799,0.9803,2.80,2.40
2010.06.03 09:05:10.615,0.9799,0.9803,1.00,3.20
2010.06.03 09:05:11.550,0.9799,0.9803,1.00,3.30
2010.06.03 09:05:11.976,0.9799,0.9803,1.00,3.10
2010.06.03 09:05:13.613,0.9799,0.9803,2.90,2.90
2010.06.03 09:05:13.735,0.9799,0.9803,2.90,3.10
2010.06.03 09:05:13.857,0.9799,0.9803,2.90,2.80
2010.06.03 09:05:14.751,0.9799,0.9803,1.00,2.40
2010.06.03 09:05:15.100,0.9799,0.9803,1.00,3.60
2010.06.03 09:05:16.488,0.9799,0.9803,1.00,3.70
2010.06.03 09:05:16.799,0.9797,0.9801,2.80,2.40
2010.06.03 09:05:18.663,0.9797,0.9801,2.40,2.40
2010.06.03 09:05:25.464,0.9797,0.9801,4.00,2.40
2010.06.03 09:05:26.265,0.9798,0.9801,2.40,2.40
2010.06.03 09:05:32.269,0.9798,0.9802,4.00,3.10
2010.06.03 09:05:32.377,0.97985,0.9802,1.00,2.40
2010.06.03 09:05:32.487,0.9799,0.9802,2.40,2.40
2010.06.03 09:05:33.255,0.9798,0.9802,5.20,2.40
2010.06.03 09:05:33.934,0.9798,0.9802,5.70,2.40
2010.06.03 09:05:34.275,0.9798,0.9801,5.70,2.40
2010.06.03 09:05:35.267,0.9798,0.9802,2.40,3.10
2010.06.03 09:05:35.486,0.97975,0.9801,1.00,2.40
2010.06.03 09:05:36.386,0.97975,0.9801,1.00,2.40
2010.06.03 09:05:36.726,0.9797,0.9801,3.60,2.40
2010.06.03 09:05:37.064,0.97975,0.9801,1.00,2.40
2010.06.03 09:05:37.406,0.9797,0.98,2.90,2.40
2010.06.03 09:05:38.326,0.9797,0.98,2.50,2.40
2010.06.03 09:05:38.774,0.9797,0.98,2.40,2.40
2010.06.03 09:05:43.287,0.9796,0.98,2.40,2.40
2010.06.03 09:05:43.625,0.9796,0.98,3.10,2.40
2010.06.03 09:05:45.396,0.9796,0.9799,2.40,2.40
2010.06.03 09:05:47.038,0.9796,0.97995,3.20,1.20
2010.06.03 09:05:47.205,0.9796,0.97995,3.20,1.00
2010.06.03 09:05:47.374,0.9796,0.9799,2.40,2.40
2010.06.03 09:05:48.784,0.9796,0.97995,3.20,1.00
2010.06.03 09:05:50.977,0.9796,0.97995,3.30,1.00
2010.06.03 09:05:52.174,0.9796,0.97995,3.20,1.00
2010.06.03 09:05:53.794,0.9796,0.97995,3.30,1.00
2010.06.03 09:05:54.034,0.9796,0.97995,3.20,1.00
2010.06.03 09:05:54.614,0.9796,0.97995,2.40,1.00
2010.06.03 09:05:54.886,0.9796,0.98,2.40,2.40
2010.06.03 09:05:55.166,0.9795,0.98,3.00,3.80
2010.06.03 09:05:56.155,0.9795,0.98,3.00,4.00
2010.06.03 09:05:56.434,0.9795,0.98,2.40,4.10
2010.06.03 09:05:56.854,0.9795,0.98,2.80,3.30
2010.06.03 09:05:56.995,0.9795,0.98,2.80,3.20
2010.06.03 09:05:58.017,0.9795,0.9799,2.40,2.40
2010.06.03 09:05:58.385,0.97955,0.9799,1.00,2.40
2010.06.03 09:06:00.012,0.9795,0.9799,3.10,2.40
2010.06.03 09:06:00.337,0.97955,0.9799,1.00,2.40
2010.06.03 09:06:01.893,0.9795,0.9799,3.10,2.40
2010.06.03 09:06:02.618,0.9795,0.9799,3.00,2.40
2010.06.03 09:06:03.393,0.9797,0.98,2.40,3.60
2010.06.03 09:06:03.509,0.9797,0.98,2.40,2.80
2010.06.03 09:06:06.723,0.9796,0.98,2.50,2.80
2010.06.03 09:06:07.863,0.9796,0.98,2.40,2.40
2010.06.03 09:06:11.607,0.9796,0.98,2.40,2.50
2010.06.03 09:06:13.811,0.9796,0.98,2.40,2.40
2010.06.03 09:06:22.095,0.9796,0.98,2.50,2.40
2010.06.03 09:06:22.418,0.9796,0.98,2.40,2.40
2010.06.03 09:06:27.954,0.9796,0.98,2.50,2.40
2010.06.03 09:06:28.089,0.9796,0.98,3.30,2.40
2010.06.03 09:06:28.235,0.9796,0.98,4.10,2.40
2010.06.03 09:06:28.254,0.9796,0.98,4.90,2.40
2010.06.03 09:06:28.299,0.9797,0.98,2.40,2.40
2010.06.03 09:06:31.865,0.9797,0.98,2.40,2.50
2010.06.03 09:06:31.964,0.9797,0.97995,2.40,1.20
2010.06.03 09:06:32.064,0.9796,0.97985,1.00,1.00
2010.06.03 09:06:32.733,0.9796,0.97985,1.00,1.00
2010.06.03 09:06:32.901,0.9796,0.97995,2.40,1.00
2010.06.03 09:06:33.069,0.97955,0.97995,1.40,1.00
2010.06.03 09:06:33.226,0.97955,0.98,1.40,2.40
2010.06.03 09:06:34.035,0.9796,0.98,2.40,2.40
2010.06.03 09:06:35.215,0.9797,0.98005,2.40,1.00
2010.06.03 09:06:35.414,0.9796,0.98,2.90,2.40
2010.06.03 09:06:35.614,0.9796,0.98,3.10,2.40
2010.06.03 09:06:35.815,0.9796,0.98,2.40,2.40
2010.06.03 09:06:37.186,0.9796,0.98,3.30,2.40
2010.06.03 09:06:37.405,0.9797,0.98,2.40,2.40
2010.06.03 09:06:39.696,0.9797,0.98,2.40,3.20
2010.06.03 09:06:39.936,0.9797,0.98,2.40,4.00
2010.06.03 09:06:40.277,0.9796,0.98,2.50,3.60
2010.06.03 09:06:40.941,0.9796,0.98,2.50,3.90
2010.06.03 09:06:41.276,0.9796,0.9799,2.50,3.20
2010.06.03 09:06:41.415,0.9796,0.9799,2.50,1.00
2010.06.03 09:06:41.554,0.9796,0.9799,2.50,3.20
2010.06.03 09:06:41.696,0.9796,0.9799,2.40,3.20
2010.06.03 09:06:41.834,0.9795,0.9799,3.30,3.20
2010.06.03 09:06:41.975,0.9795,0.9799,2.90,3.20
2010.06.03 09:06:46.195,0.9795,0.9799,2.50,3.20
2010.06.03 09:06:46.314,0.9795,0.9799,3.30,3.20
2010.06.03 09:06:47.304,0.9794,0.9798,2.50,2.40
2010.06.03 09:06:48.768,0.97945,0.9797,1.00,2.40
2010.06.03 09:06:49.051,0.9793,0.9797,2.40,3.60
2010.06.03 09:06:49.329,0.9793,0.9796,2.40,2.40
2010.06.03 09:06:50.772,0.9792,0.9795,2.40,2.40
2010.06.03 09:06:51.495,0.9792,0.9795,2.50,2.40
2010.06.03 09:06:52.221,0.9792,0.97955,2.50,1.00
2010.06.03 09:06:52.472,0.9793,0.97955,2.40,1.00
2010.06.03 09:06:52.717,0.9793,0.9796,2.40,2.40
2010.06.03 09:06:58.534,0.9793,0.9796,2.50,2.40
2010.06.03 09:06:58.697,0.9793,0.9797,2.50,2.40
2010.06.03 09:07:01.538,0.9794,0.9797,2.40,2.40
2010.06.03 09:07:02.474,0.9794,0.9797,2.40,2.40
2010.06.03 09:07:02.784,0.9794,0.9797,2.50,2.40
2010.06.03 09:07:05.265,0.9794,0.97965,2.40,1.00
2010.06.03 09:07:05.495,0.9793,0.9796,4.90,2.40
2010.06.03 09:07:05.735,0.9793,0.9797,2.50,2.40
2010.06.03 09:07:06.455,0.9793,0.9796,2.50,2.40
2010.06.03 09:07:16.954,0.9794,0.97965,2.40,1.00
2010.06.03 09:07:18.028,0.9794,0.97965,2.40,1.00
2010.06.03 09:07:19.284,0.9794,0.97965,2.40,1.00
2010.06.03 09:07:22.394,0.9794,0.97965,2.50,1.00
2010.06.03 09:07:22.504,0.9794,0.9797,2.50,2.40
2010.06.03 09:07:23.334,0.9794,0.9796,1.00,2.40
2010.06.03 09:07:24.208,0.9793,0.97955,1.00,1.00
2010.06.03 09:07:24.446,0.9793,0.9797,3.20,2.40
2010.06.03 09:07:24.614,0.9793,0.9797,3.10,2.40
2010.06.03 09:07:24.774,0.97935,0.9797,1.00,2.40
2010.06.03 09:07:24.934,0.9794,0.9797,2.40,2.40
2010.06.03 09:07:26.074,0.9794,0.9797,2.50,2.40
2010.06.03 09:07:29.767,0.97945,0.9797,1.00,2.40
2010.06.03 09:07:30.006,0.9795,0.97985,2.40,1.90
2010.06.03 09:07:30.919,0.9794,0.9797,2.90,2.40
2010.06.03 09:07:31.214,0.9794,0.9797,2.80,2.40
2010.06.03 09:07:31.364,0.9794,0.97965,2.40,1.00
2010.06.03 09:07:32.326,0.97925,0.97955,1.00,1.00
2010.06.03 09:07:33.314,0.97925,0.97955,1.00,1.00
2010.06.03 09:07:33.676,0.9792,0.97955,6.00,1.00
2010.06.03 09:07:33.857,0.9791,0.9795,2.40,2.40
2010.06.03 09:07:34.039,0.9791,0.9794,2.40,1.00
2010.06.03 09:07:34.877,0.97905,0.9795,1.00,3.20
2010.06.03 09:07:35.075,0.979,0.9794,5.70,3.20
2010.06.03 09:07:36.012,0.979,0.9794,5.90,3.20
2010.06.03 09:07:36.357,0.9791,0.9794,2.40,1.00
2010.06.03 09:07:36.696,0.9791,0.9794,2.40,3.20
2010.06.03 09:07:37.035,0.97905,0.9793,2.00,2.40
2010.06.03 09:07:37.867,0.97905,0.9793,1.60,2.40
2010.06.03 09:07:38.205,0.97905,0.9793,1.00,2.40
2010.06.03 09:07:38.864,0.9791,0.9794,2.40,3.20
2010.06.03 09:07:40.135,0.97905,0.9794,3.60,3.20
2010.06.03 09:07:40.436,0.97905,0.9794,3.40,3.20
2010.06.03 09:07:40.736,0.97905,0.9794,1.80,2.40
2010.06.03 09:07:41.075,0.97905,0.9795,1.00,2.40
2010.06.03 09:07:42.079,0.9791,0.9795,4.40,2.40
2010.06.03 09:07:43.505,0.9791,0.9795,5.10,2.40
2010.06.03 09:07:45.715,0.9791,0.9794,4.40,1.00
2010.06.03 09:07:46.114,0.9791,0.9794,4.00,3.20
2010.06.03 09:07:46.876,0.9789,0.9793,2.50,3.20
2010.06.03 09:07:47.166,0.9789,0.9792,2.40,3.20
2010.06.03 09:07:49.108,0.97885,0.9792,1.00,3.20
2010.06.03 09:07:50.830,0.9789,0.9793,2.40,2.40
2010.06.03 09:07:51.727,0.97885,0.9792,1.00,2.40
2010.06.03 09:07:52.523,0.97885,0.9792,1.00,3.20
2010.06.03 09:07:53.865,0.9789,0.9792,2.40,1.00
2010.06.03 09:07:54.035,0.9789,0.9793,2.40,2.40
2010.06.03 09:07:55.147,0.979,0.9793,2.40,2.40
2010.06.03 09:07:56.075,0.9789,0.9793,5.20,2.40
2010.06.03 09:07:57.277,0.97895,0.9793,1.20,2.40
2010.06.03 09:07:57.486,0.9789,0.9793,4.80,2.40
2010.06.03 09:07:57.697,0.979,0.97935,2.40,1.00
2010.06.03 09:07:57.907,0.9789,0.9792,2.40,2.40
2010.06.03 09:07:58.116,0.97885,0.9792,1.30,3.20
2010.06.03 09:07:59.126,0.9789,0.9792,2.40,3.20
2010.06.03 09:08:00.134,0.9789,0.9792,2.50,3.20
2010.06.03 09:08:00.555,0.97895,0.9792,1.00,3.20
2010.06.03 09:08:01.300,0.97895,0.9792,1.00,1.00
2010.06.03 09:08:01.405,0.9789,0.9792,2.50,1.00
2010.06.03 09:08:01.604,0.9789,0.9793,2.90,2.40
2010.06.03 09:08:01.904,0.979,0.9793,2.40,2.40
2010.06.03 09:08:02.006,0.9789,0.9793,5.20,2.40
2010.06.03 09:08:02.731,0.9789,0.9793,2.80,2.40
2010.06.03 09:08:03.066,0.97885,0.9793,1.10,2.50
2010.06.03 09:08:05.316,0.9789,0.9792,2.50,3.20
2010.06.03 09:08:05.614,0.9789,0.9792,2.40,3.20
2010.06.03 09:08:05.765,0.97885,0.9791,1.60,2.40
2010.06.03 09:08:06.595,0.9788,0.9791,2.40,3.20
2010.06.03 09:08:09.565,0.9788,0.9791,2.80,2.40
2010.06.03 09:08:10.892,0.9789,0.9792,2.40,3.20
2010.06.03 09:08:13.187,0.9789,0.9793,2.40,3.30
2010.06.03 09:08:15.796,0.9789,0.9792,2.40,2.40
2010.06.03 09:08:15.964,0.9789,0.9792,2.40,3.20
2010.06.03 09:08:19.627,0.97895,0.9792,1.00,2.40
2010.06.03 09:08:19.968,0.97895,0.9793,1.00,2.40
2010.06.03 09:08:20.307,0.979,0.9793,2.40,2.40
2010.06.03 09:08:21.878,0.979,0.9793,2.50,2.40
2010.06.03 09:08:23.065,0.979,0.9793,2.40,2.40
2010.06.03 09:08:28.077,0.979,0.9792,2.40,1.00
2010.06.03 09:08:28.599,0.9789,0.9792,2.40,3.20
2010.06.03 09:08:29.481,0.9789,0.9792,2.40,2.40
2010.06.03 09:08:29.769,0.9788,0.9792,3.90,2.40
2010.06.03 09:08:30.057,0.9788,0.9792,2.50,2.40
2010.06.03 09:08:31.308,0.9788,0.9792,3.10,2.40
2010.06.03 09:08:34.207,0.9788,0.9792,2.90,2.40
2010.06.03 09:08:35.224,0.9788,0.9792,2.40,2.40
2010.06.03 09:08:37.205,0.97885,0.9792,1.00,2.40
2010.06.03 09:08:37.294,0.97885,0.9792,1.20,2.40
2010.06.03 09:08:37.384,0.9789,0.9793,2.40,4.00
2010.06.03 09:08:37.594,0.9789,0.9793,2.40,3.30
2010.06.03 09:08:39.675,0.9789,0.9793,2.50,3.20
2010.06.03 09:08:44.029,0.979,0.9793,2.40,2.40
2010.06.03 09:08:52.515,0.979,0.9793,2.80,2.40
2010.06.03 09:08:58.386,0.979,0.9793,2.40,2.40
2010.06.03 09:08:58.586,0.979,0.9793,2.40,2.50
2010.06.03 09:08:59.390,0.97895,0.9793,2.40,4.10
2010.06.03 09:08:59.738,0.9789,0.9793,2.40,3.90
2010.06.03 09:09:01.035,0.9789,0.9792,2.40,3.20
2010.06.03 09:09:07.252,0.9789,0.9792,2.50,3.20
2010.06.03 09:09:07.387,0.9789,0.9792,4.40,1.00
2010.06.03 09:09:07.565,0.9789,0.9792,4.40,3.20
2010.06.03 09:09:07.735,0.9789,0.9792,1.60,3.20
2010.06.03 09:09:07.904,0.97885,0.9792,1.00,3.20
2010.06.03 09:09:08.244,0.9788,0.9792,5.70,3.20
2010.06.03 09:09:09.286,0.9788,0.9792,5.90,3.20
2010.06.03 09:09:10.426,0.97885,0.9792,1.00,3.20
2010.06.03 09:09:10.554,0.97885,0.9792,1.00,3.20
2010.06.03 09:09:10.755,0.9789,0.9792,3.20,1.00
2010.06.03 09:09:10.956,0.97895,0.9792,1.00,3.20
2010.06.03 09:09:11.826,0.9788,0.9792,5.80,3.20
2010.06.03 09:09:13.187,0.97885,0.97915,1.00,1.00
2010.06.03 09:09:13.531,0.9788,0.9791,1.00,2.40
2010.06.03 09:09:14.583,0.979,0.97925,3.20,1.00
2010.06.03 09:09:14.932,0.979,0.97925,4.80,1.00
2010.06.03 09:09:15.712,0.979,0.97925,3.20,1.00
2010.06.03 09:09:16.050,0.979,0.97925,1.00,1.00
2010.06.03 09:09:16.338,0.97895,0.9792,1.40,2.40
2010.06.03 09:09:17.021,0.97895,0.9792,1.00,2.40
2010.06.03 09:09:17.313,0.97895,0.9793,3.60,2.40
2010.06.03 09:09:17.875,0.97895,0.97925,3.60,1.00
2010.06.03 09:09:18.744,0.97895,0.9792,3.60,2.40
2010.06.03 09:09:19.089,0.97895,0.9792,3.40,2.40
2010.06.03 09:09:20.658,0.97895,0.97925,3.60,1.00
2010.06.03 09:09:20.906,0.97895,0.9792,2.40,2.40
2010.06.03 09:09:21.710,0.97895,0.9791,1.00,1.00
2010.06.03 09:09:22.059,0.97865,0.9788,1.00,3.20
2010.06.03 09:09:22.396,0.9786,0.9788,1.00,3.20
2010.06.03 09:09:23.456,0.9787,0.9788,1.00,1.00
2010.06.03 09:09:23.761,0.97875,0.97895,1.00,1.00
2010.06.03 09:09:24.749,0.97875,0.9791,1.00,5.20
2010.06.03 09:09:25.087,0.9787,0.979,2.00,3.60
2010.06.03 09:09:25.430,0.97865,0.9789,1.00,1.00
2010.06.03 09:09:26.325,0.97865,0.979,2.00,3.20
2010.06.03 09:09:26.666,0.97865,0.979,2.80,1.00
2010.06.03 09:09:26.925,0.97865,0.979,3.60,3.20
2010.06.03 09:09:27.185,0.97865,0.979,3.40,3.20
2010.06.03 09:09:29.244,0.97865,0.979,3.40,2.40
2010.06.03 09:09:29.394,0.97865,0.97905,3.60,1.00
2010.06.03 09:09:29.544,0.97865,0.9791,2.90,3.80
2010.06.03 09:09:30.454,0.97865,0.9791,2.80,3.20
2010.06.03 09:09:30.606,0.9788,0.9791,1.00,3.20
2010.06.03 09:09:35.936,0.9788,0.9791,1.00,2.40
2010.06.03 09:09:36.184,0.97875,0.9791,3.70,2.40
2010.06.03 09:09:36.304,0.97875,0.9791,1.30,2.40
2010.06.03 09:09:36.426,0.97875,0.9791,1.00,2.40
2010.06.03 09:09:37.734,0.97875,0.9791,1.00,2.40
2010.06.03 09:09:39.197,0.97885,0.9792,1.00,4.00
2010.06.03 09:09:39.535,0.97885,0.9792,1.00,3.20
2010.06.03 09:09:39.877,0.9788,0.9791,2.50,3.20
2010.06.03 09:09:40.908,0.9789,0.9792,2.40,3.20
2010.06.03 09:09:43.104,0.9789,0.9792,2.40,3.20
2010.06.03 09:09:43.335,0.97885,0.9792,2.80,3.30
2010.06.03 09:09:44.517,0.97895,0.9793,1.00,2.40
2010.06.03 09:09:48.396,0.979,0.97935,5.70,1.00
2010.06.03 09:09:49.044,0.97905,0.9794,1.00,4.00
2010.06.03 09:09:49.800,0.97905,0.9794,1.00,1.10
2010.06.03 09:09:50.154,0.9791,0.9795,1.00,2.40
2010.06.03 09:09:51.509,0.97905,0.9795,3.50,2.40
2010.06.03 09:09:51.923,0.97905,0.9795,1.10,2.50
2010.06.03 09:09:52.108,0.97905,0.9794,1.20,2.40
2010.06.03 09:09:52.296,0.97905,0.9794,1.00,2.40
2010.06.03 09:09:53.158,0.9791,0.9794,2.40,2.40
2010.06.03 09:09:53.410,0.9791,0.9795,2.80,2.40
2010.06.03 09:09:55.369,0.9791,0.9795,2.80,2.50
2010.06.03 09:09:55.554,0.9791,0.9795,2.80,2.40
2010.06.03 09:09:56.498,0.9791,0.9795,2.80,2.50
2010.06.03 09:09:57.777,0.97915,0.9795,1.00,2.40
2010.06.03 09:09:58.768,0.9792,0.9795,2.40,2.40
2010.06.03 09:09:59.039,0.9792,0.9796,2.40,2.40
2010.06.03 09:10:00.174,0.9792,0.9796,2.50,2.50
2010.06.03 09:10:01.766,0.97925,0.9796,1.00,2.40
2010.06.03 09:10:01.905,0.9793,0.9796,2.40,2.40
2010.06.03 09:10:03.096,0.9793,0.97965,2.50,1.00
2010.06.03 09:10:03.744,0.9793,0.97965,2.40,1.00
2010.06.03 09:10:04.066,0.9793,0.97955,2.40,1.00
2010.06.03 09:10:04.990,0.9793,0.97965,2.40,3.60
2010.06.03 09:10:05.157,0.9793,0.97965,2.50,1.00
2010.06.03 09:10:05.328,0.9793,0.97965,2.40,1.00
2010.06.03 09:10:05.494,0.9793,0.9796,2.40,2.40
2010.06.03 09:10:08.295,0.9793,0.9796,2.50,2.40
2010.06.03 09:10:09.186,0.9792,0.9796,2.90,2.40
2010.06.03 09:10:09.405,0.9792,0.9796,2.40,2.40
2010.06.03 09:10:11.117,0.9792,0.9796,2.50,2.40
2010.06.03 09:10:11.505,0.9792,0.9796,2.40,2.40
2010.06.03 09:10:12.655,0.9792,0.9796,3.00,2.40
2010.06.03 09:10:12.905,0.9792,0.9796,2.40,2.40
2010.06.03 09:10:14.148,0.9792,0.9794,2.40,1.00
2010.06.03 09:10:14.391,0.979,0.9793,3.30,3.20
2010.06.03 09:10:14.629,0.9791,0.9794,2.40,5.10
2010.06.03 09:10:15.095,0.9791,0.9794,2.40,4.80
2010.06.03 09:10:15.988,0.9791,0.97945,2.40,2.00
2010.06.03 09:10:16.216,0.9791,0.9795,2.40,2.40
2010.06.03 09:10:22.092,0.9791,0.9794,2.40,2.40
2010.06.03 09:10:30.376,0.979,0.9794,2.50,2.40
2010.06.03 09:10:30.717,0.979,0.9794,3.30,2.40
2010.06.03 09:10:30.895,0.979,0.9794,2.50,2.40
2010.06.03 09:10:31.763,0.979,0.9794,2.40,2.40
2010.06.03 09:10:32.027,0.979,0.97925,2.40,1.00
2010.06.03 09:10:35.615,0.979,0.97935,2.40,1.00
2010.06.03 09:10:38.204,0.979,0.97935,3.20,1.00
2010.06.03 09:10:38.345,0.9791,0.97935,2.40,1.00
2010.06.03 09:10:48.716,0.979,0.97935,2.40,1.00
2010.06.03 09:10:50.819,0.979,0.97915,2.40,1.00
2010.06.03 09:10:50.955,0.9789,0.97915,2.40,1.00
2010.06.03 09:10:51.086,0.9789,0.97925,2.40,1.00
2010.06.03 09:10:52.234,0.9789,0.97925,2.50,1.00
2010.06.03 09:10:53.328,0.9789,0.97925,2.40,1.00
2010.06.03 09:10:53.415,0.9789,0.97925,2.50,1.00
2010.06.03 09:10:53.574,0.9789,0.97925,2.40,1.00
2010.06.03 09:10:54.946,0.9789,0.97915,2.40,1.00
2010.06.03 09:10:56.474,0.9789,0.9792,2.40,3.20
2010.06.03 09:10:57.995,0.9789,0.97915,2.40,1.00
2010.06.03 09:10:58.594,0.9789,0.9792,2.40,3.20
2010.06.03 09:10:59.302,0.9789,0.9792,2.40,2.40
2010.06.03 09:10:59.639,0.9791,0.9794,2.40,1.00
2010.06.03 09:10:59.965,0.9791,0.9794,2.40,2.40
2010.06.03 09:11:01.566,0.9791,0.97945,2.40,1.00
2010.06.03 09:11:02.785,0.9791,0.9795,2.40,3.60
2010.06.03 09:11:03.626,0.9791,0.9795,2.50,3.60
2010.06.03 09:11:04.215,0.9791,0.9795,2.50,3.70
2010.06.03 09:11:04.424,0.9791,0.9795,2.50,4.00
2010.06.03 09:11:04.906,0.9791,0.9794,2.50,1.00
2010.06.03 09:11:05.246,0.9792,0.9795,2.40,3.60
2010.06.03 09:11:05.926,0.9792,0.9795,2.40,4.00
2010.06.03 09:11:09.003,0.9792,0.97955,2.40,1.20
2010.06.03 09:11:09.125,0.9792,0.97955,2.40,1.50
2010.06.03 09:11:09.465,0.9792,0.97955,2.40,1.30
2010.06.03 09:11:09.806,0.9791,0.9795,3.60,2.40
2010.06.03 09:11:10.793,0.9792,0.97955,2.40,1.00
2010.06.03 09:11:11.239,0.9793,0.97965,2.40,1.00
2010.06.03 09:11:11.479,0.9793,0.97965,2.40,1.50
2010.06.03 09:11:12.368,0.9793,0.97955,2.40,1.00
2010.06.03 09:11:14.290,0.9792,0.97955,2.40,1.00
2010.06.03 09:11:14.479,0.97925,0.9796,1.00,1.00
2010.06.03 09:11:14.768,0.9793,0.97965,2.40,1.00
2010.06.03 09:11:15.533,0.9793,0.97965,2.40,1.00
2010.06.03 09:11:15.827,0.97915,0.9794,1.00,2.40
2010.06.03 09:11:16.126,0.97915,0.9794,1.00,2.80
2010.06.03 09:11:17.119,0.9789,0.9792,2.40,3.20
2010.06.03 09:11:20.268,0.9789,0.9793,2.40,3.60
2010.06.03 09:11:22.126,0.9789,0.9793,2.40,3.70
2010.06.03 09:11:22.975,0.9789,0.9793,2.50,3.60
2010.06.03 09:11:23.165,0.9789,0.9793,2.40,3.70
2010.06.03 09:11:24.575,0.9789,0.9793,2.40,3.60
2010.06.03 09:11:25.095,0.9789,0.9793,3.30,2.40
2010.06.03 09:11:25.245,0.979,0.9794,2.40,6.50
2010.06.03 09:11:25.951,0.979,0.9794,2.40,4.90
2010.06.03 09:11:26.288,0.979,0.9794,2.40,4.50
2010.06.03 09:11:26.956,0.9789,0.9792,3.20,3.20
2010.06.03 09:11:27.296,0.9789,0.9792,2.40,3.20
2010.06.03 09:11:29.536,0.9789,0.9792,2.40,1.00
2010.06.03 09:11:30.215,0.9789,0.9792,2.50,1.00
2010.06.03 09:11:31.194,0.9789,0.9792,2.40,1.00
2010.06.03 09:11:32.600,0.9789,0.9793,2.40,4.40
2010.06.03 09:11:32.696,0.979,0.97925,2.40,1.00
2010.06.03 09:11:32.786,0.9789,0.97925,4.10,1.00
2010.06.03 09:11:32.876,0.979,0.9793,2.40,6.30
2010.06.03 09:11:32.965,0.979,0.9793,2.40,5.60
2010.06.03 09:11:33.054,0.979,0.9793,2.40,4.00
2010.06.03 09:11:33.136,0.979,0.9793,2.40,1.00
2010.06.03 09:11:33.224,0.979,0.97935,2.40,1.80
2010.06.03 09:11:34.206,0.979,0.97935,2.40,1.00
2010.06.03 09:11:36.185,0.979,0.97935,2.50,1.00
2010.06.03 09:11:36.676,0.979,0.97935,2.40,1.00
2010.06.03 09:11:48.252,0.979,0.9793,2.40,3.20
2010.06.03 09:11:48.794,0.979,0.9793,2.40,2.40
2010.06.03 09:11:48.885,0.979,0.9794,2.40,3.20
2010.06.03 09:11:49.921,0.9791,0.9795,2.40,4.00
2010.06.03 09:11:50.266,0.9791,0.9795,2.40,3.30
2010.06.03 09:11:52.837,0.9791,0.9794,2.40,3.20
2010.06.03 09:11:53.820,0.9791,0.9795,2.40,2.80
2010.06.03 09:11:53.922,0.9791,0.9795,2.40,2.90
2010.06.03 09:11:54.285,0.9791,0.9795,4.00,3.00
2010.06.03 09:11:55.016,0.9791,0.9795,5.20,3.00
2010.06.03 09:11:55.364,0.9791,0.9795,5.60,2.40
2010.06.03 09:11:55.707,0.9791,0.9795,5.60,2.40
2010.06.03 09:11:56.047,0.9791,0.9795,5.70,2.40
2010.06.03 09:11:56.385,0.9791,0.9795,5.20,2.40
2010.06.03 09:11:57.436,0.9791,0.9795,5.70,3.00
2010.06.03 09:11:57.576,0.9791,0.9795,5.80,2.40
2010.06.03 09:11:58.476,0.9791,0.9795,5.80,2.50
2010.06.03 09:11:59.154,0.9791,0.9795,5.80,2.40
2010.06.03 09:11:59.494,0.9791,0.9795,5.20,2.40
2010.06.03 09:12:02.475,0.9791,0.9795,5.70,2.90
2010.06.03 09:12:03.315,0.9791,0.9795,5.60,2.40
2010.06.03 09:12:04.154,0.9791,0.9795,5.20,2.90
2010.06.03 09:12:05.497,0.9791,0.9795,5.20,2.40
2010.06.03 09:12:06.334,0.9791,0.9795,5.90,2.40
2010.06.03 09:12:06.991,0.9791,0.9795,5.20,2.40
2010.06.03 09:12:07.255,0.9791,0.9795,3.20,2.40
2010.06.03 09:12:07.385,0.9791,0.9795,2.40,2.40
2010.06.03 09:12:08.290,0.9791,0.97945,2.40,1.00
2010.06.03 09:12:08.518,0.979,0.97945,4.40,1.00
2010.06.03 09:12:08.744,0.979,0.9793,2.80,2.40
2010.06.03 09:12:08.956,0.979,0.9794,2.80,3.20
2010.06.03 09:12:10.295,0.979,0.9794,2.90,3.20
2010.06.03 09:12:14.384,0.97905,0.9794,1.00,3.20
2010.06.03 09:12:15.678,0.979,0.9794,2.80,3.20
2010.06.03 09:12:16.304,0.979,0.9794,2.80,4.10
2010.06.03 09:12:16.395,0.979,0.9793,1.00,2.40
2010.06.03 09:12:18.245,0.979,0.9794,2.80,4.10
2010.06.03 09:12:19.311,0.979,0.9794,2.80,2.40
2010.06.03 09:12:19.522,0.979,0.9793,1.00,2.40
2010.06.03 09:12:21.868,0.9789,0.9792,5.90,2.40
2010.06.03 09:12:22.004,0.9789,0.9792,5.70,2.40
2010.06.03 09:12:22.100,0.9789,0.9792,5.20,2.40
2010.06.03 09:12:24.086,0.9789,0.9792,5.30,2.40
2010.06.03 09:12:26.124,0.9789,0.9792,5.20,2.40
2010.06.03 09:12:27.173,0.9789,0.9792,5.30,2.40
2010.06.03 09:12:27.349,0.9789,0.9792,5.20,2.40
2010.06.03 09:12:28.658,0.9789,0.9792,5.30,2.40
2010.06.03 09:12:29.608,0.97895,0.9793,1.00,2.40
2010.06.03 09:12:33.695,0.979,0.9793,1.00,2.40
2010.06.03 09:12:33.965,0.979,0.9793,2.50,2.40
2010.06.03 09:12:34.899,0.979,0.9793,4.10,2.40
2010.06.03 09:12:35.108,0.97895,0.9793,1.30,3.20
2010.06.03 09:12:35.315,0.97895,0.9793,1.30,2.40
2010.06.03 09:12:35.736,0.979,0.9793,1.00,2.40
2010.06.03 09:12:36.539,0.979,0.9793,3.30,2.40
2010.06.03 09:12:36.874,0.979,0.9793,6.00,2.40
2010.06.03 09:12:38.831,0.979,0.9793,6.10,2.40
2010.06.03 09:12:39.545,0.97905,0.9793,1.00,2.40
2010.06.03 09:12:40.048,0.979,0.9792,1.00,2.40
2010.06.03 09:12:41.056,0.97885,0.9792,2.00,2.40
2010.06.03 09:12:41.385,0.97885,0.9792,2.00,2.40
2010.06.03 09:12:41.725,0.97885,0.9792,2.10,2.40
2010.06.03 09:12:43.116,0.9789,0.9792,1.00,2.40
2010.06.03 09:12:43.297,0.9789,0.9792,2.50,2.40
2010.06.03 09:12:44.136,0.9789,0.9792,1.00,2.40
2010.06.03 09:12:44.735,0.97885,0.9792,2.10,2.40
2010.06.03 09:12:45.036,0.9789,0.9792,2.40,2.40
2010.06.03 09:12:46.328,0.9789,0.9792,2.80,2.40
2010.06.03 09:12:47.444,0.9789,0.9792,2.80,2.40
2010.06.03 09:12:48.394,0.979,0.9793,2.40,2.40
2010.06.03 09:12:48.455,0.979,0.9793,4.00,2.40
2010.06.03 09:12:48.605,0.979,0.9793,2.40,2.40
2010.06.03 09:12:48.657,0.97905,0.9793,1.00,2.40
2010.06.03 09:12:48.705,0.97905,0.9794,1.00,3.20
2010.06.03 09:12:49.427,0.9791,0.9794,2.40,2.40
2010.06.03 09:12:51.020,0.9791,0.9794,2.50,2.40
2010.06.03 09:12:52.205,0.97915,0.9794,1.00,2.40
2010.06.03 09:12:52.271,0.9791,0.9794,2.50,2.40
2010.06.03 09:12:53.076,0.9791,0.9794,5.30,2.40
2010.06.03 09:12:55.327,0.9791,0.9794,3.30,3.10
2010.06.03 09:12:55.459,0.97895,0.9793,2.50,2.40
2010.06.03 09:12:55.586,0.97895,0.9793,1.00,2.40
2010.06.03 09:12:55.975,0.97895,0.9793,1.00,2.40
2010.06.03 09:12:57.465,0.97895,0.9793,1.30,2.40
2010.06.03 09:12:57.599,0.9789,0.9793,5.30,3.20
2010.06.03 09:12:57.736,0.9789,0.9792,2.10,2.40
2010.06.03 09:12:57.867,0.9789,0.9792,1.00,2.40
2010.06.03 09:12:58.645,0.9789,0.9792,1.00,2.40
2010.06.03 09:12:58.991,0.97885,0.9792,1.00,2.40
2010.06.03 09:13:02.846,0.9789,0.9793,2.40,4.10
2010.06.03 09:13:03.036,0.9789,0.9793,2.40,2.40
2010.06.03 09:13:04.570,0.9789,0.9793,2.50,2.40
2010.06.03 09:13:04.871,0.9789,0.9793,2.40,3.00
2010.06.03 09:13:05.006,0.9789,0.9793,2.40,2.40
2010.06.03 09:13:06.075,0.9789,0.9793,2.50,2.40
2010.06.03 09:13:06.755,0.9789,0.9792,1.00,2.40
2010.06.03 09:13:08.275,0.97885,0.9792,1.00,2.40
2010.06.03 09:13:11.294,0.979,0.9792,1.00,2.40
2010.06.03 09:13:11.396,0.97905,0.9794,1.00,4.80
2010.06.03 09:13:11.505,0.979,0.9794,3.00,4.80
2010.06.03 09:13:11.605,0.97895,0.9793,2.40,2.40
2010.06.03 09:13:12.785,0.97895,0.9793,2.50,2.40
2010.06.03 09:13:13.035,0.97895,0.9793,2.40,2.40
2010.06.03 09:13:13.907,0.97895,0.9793,2.40,3.20
2010.06.03 09:13:14.189,0.9789,0.9793,5.20,3.20
2010.06.03 09:13:15.026,0.9789,0.9792,2.80,2.40
2010.06.03 09:13:15.365,0.9789,0.9792,1.00,2.40
2010.06.03 09:13:16.183,0.97885,0.9792,2.70,2.40
2010.06.03 09:13:17.394,0.9789,0.9793,2.80,3.70
2010.06.03 09:13:17.625,0.9789,0.9793,4.50,3.20
2010.06.03 09:13:17.854,0.9789,0.9793,6.10,3.20
2010.06.03 09:13:18.601,0.9789,0.9793,6.00,3.20
2010.06.03 09:13:18.726,0.97895,0.9793,1.00,3.20
2010.06.03 09:13:19.585,0.97895,0.9792,1.00,2.40
2010.06.03 09:13:19.705,0.9789,0.9793,6.10,3.20
2010.06.03 09:13:20.725,0.97895,0.97925,1.00,1.00
2010.06.03 09:13:22.928,0.97895,0.9793,1.00,2.40
2010.06.03 09:13:24.096,0.9789,0.9793,5.90,2.40
2010.06.03 09:13:29.978,0.9789,0.9792,5.70,2.40
2010.06.03 09:13:30.247,0.979,0.9793,3.60,2.40
2010.06.03 09:13:30.500,0.97895,0.9792,2.40,2.40
2010.06.03 09:13:30.745,0.9789,0.9792,5.10,2.40
2010.06.03 09:13:31.235,0.97895,0.9792,1.00,2.40
2010.06.03 09:13:32.802,0.9789,0.9792,2.80,2.40
2010.06.03 09:13:32.957,0.9789,0.9792,2.40,2.40
2010.06.03 09:13:33.677,0.9789,0.9792,2.40,2.40
2010.06.03 09:13:33.864,0.97895,0.9792,1.00,2.40
2010.06.03 09:13:35.185,0.9789,0.9792,2.00,2.40
2010.06.03 09:13:36.364,0.979,0.9792,1.00,2.40
2010.06.03 09:13:37.018,0.9789,0.9792,2.00,2.40
2010.06.03 09:13:37.347,0.97885,0.9792,1.00,2.40
2010.06.03 09:13:37.995,0.9788,0.9792,5.70,2.40
2010.06.03 09:13:38.315,0.9788,0.9792,5.60,2.40
2010.06.03 09:13:39.819,0.9788,0.9792,5.80,2.40
2010.06.03 09:13:40.435,0.9788,0.9792,5.70,2.40
2010.06.03 09:13:41.416,0.9788,0.9792,5.90,2.40
2010.06.03 09:13:43.026,0.979,0.9793,1.20,2.40
2010.06.03 09:13:43.974,0.9789,0.9792,4.40,2.40
2010.06.03 09:13:44.952,0.9789,0.9792,4.50,2.40
2010.06.03 09:13:46.585,0.97895,0.9792,1.00,2.40
2010.06.03 09:13:46.871,0.979,0.9793,1.00,2.40
2010.06.03 09:13:47.015,0.979,0.9793,1.20,2.40
2010.06.03 09:13:49.838,0.979,0.9793,1.30,2.40
2010.06.03 09:13:50.029,0.979,0.9793,3.70,2.40
2010.06.03 09:13:50.693,0.979,0.9793,1.30,2.40
2010.06.03 09:13:51.037,0.979,0.9793,1.20,2.40
2010.06.03 09:13:51.716,0.979,0.9793,3.70,2.40
2010.06.03 09:13:52.888,0.9791,0.9794,2.40,2.40
2010.06.03 09:13:53.805,0.9791,0.9794,2.50,2.40
2010.06.03 09:13:56.444,0.9791,0.9794,2.90,2.40
2010.06.03 09:13:56.494,0.9791,0.9794,3.70,2.40
2010.06.03 09:13:56.594,0.9791,0.9794,5.80,2.40
2010.06.03 09:13:56.895,0.9791,0.9794,6.60,2.40
2010.06.03 09:13:57.638,0.9791,0.9795,6.80,2.40
2010.06.03 09:13:58.204,0.97915,0.9795,1.00,2.40
2010.06.03 09:13:59.046,0.9791,0.9794,6.80,2.40
2010.06.03 09:13:59.255,0.9791,0.9794,6.10,2.40
2010.06.03 09:13:59.454,0.97915,0.9794,1.00,2.40
2010.06.03 09:14:01.005,0.97915,0.9794,1.00,2.40
2010.06.03 09:14:03.622,0.9792,0.9795,2.40,2.40
2010.06.03 09:14:03.820,0.97915,0.9795,1.00,2.40
2010.06.03 09:14:04.265,0.9792,0.9795,1.00,2.40
2010.06.03 09:14:04.416,0.9792,0.9795,2.50,2.40
2010.06.03 09:14:04.566,0.9792,0.9795,2.40,3.30
2010.06.03 09:14:05.268,0.9791,0.9794,6.10,2.40
2010.06.03 09:14:05.609,0.97915,0.9795,3.40,2.40
2010.06.03 09:14:05.946,0.97915,0.9795,3.20,2.40
2010.06.03 09:14:06.286,0.97915,0.9795,3.40,2.40
2010.06.03 09:14:07.389,0.97915,0.9794,3.60,2.40
2010.06.03 09:14:07.495,0.97915,0.9794,3.30,2.40
2010.06.03 09:14:09.096,0.97915,0.9795,3.30,2.40
2010.06.03 09:14:10.039,0.97915,0.9795,3.60,2.40
2010.06.03 09:14:12.126,0.9792,0.9795,5.90,2.40
2010.06.03 09:14:13.377,0.9791,0.9794,1.00,3.20
2010.06.03 09:14:13.697,0.9791,0.9794,2.90,2.40
2010.06.03 09:14:14.016,0.9791,0.9795,3.30,2.40
2010.06.03 09:14:14.335,0.97915,0.9795,1.00,2.40
2010.06.03 09:14:15.636,0.97915,0.9795,1.00,2.40
2010.06.03 09:14:15.985,0.97915,0.9795,1.00,2.40
2010.06.03 09:14:18.534,0.97915,0.9795,1.00,2.40
2010.06.03 09:14:21.026,0.9792,0.9795,1.00,2.40
2010.06.03 09:14:21.387,0.97915,0.9796,1.70,2.40
2010.06.03 09:14:22.108,0.9792,0.9796,2.40,2.40
2010.06.03 09:14:22.374,0.9792,0.9796,3.40,2.40
2010.06.03 09:14:22.629,0.9793,0.9797,2.40,2.40
2010.06.03 09:14:23.399,0.9793,0.9797,2.50,3.10
2010.06.03 09:14:23.721,0.97935,0.9798,1.00,2.40
2010.06.03 09:14:25.407,0.97935,0.9798,1.00,2.40
2010.06.03 09:14:25.676,0.97935,0.9798,1.00,2.40
2010.06.03 09:14:25.815,0.97935,0.9798,1.00,2.40
2010.06.03 09:14:27.260,0.9793,0.9797,5.20,2.40
2010.06.03 09:14:27.487,0.9793,0.9797,2.80,2.40
2010.06.03 09:14:27.715,0.9793,0.9797,2.70,2.40
2010.06.03 09:14:27.934,0.9793,0.9797,2.50,2.40
2010.06.03 09:14:30.538,0.9793,0.9796,2.50,2.40
2010.06.03 09:14:30.883,0.9793,0.9796,2.40,2.40
2010.06.03 09:14:31.804,0.9793,0.9796,2.00,2.40
2010.06.03 09:14:33.486,0.9793,0.9797,2.10,2.40
2010.06.03 09:14:34.105,0.9793,0.9797,2.00,2.50
2010.06.03 09:14:34.330,0.9793,0.9796,2.00,2.40
2010.06.03 09:14:35.104,0.9793,0.9794,1.60,2.40
2010.06.03 09:14:35.381,0.9792,0.9795,2.40,2.40
2010.06.03 09:14:35.659,0.9792,0.9795,4.80,2.40
2010.06.03 09:14:36.496,0.9792,0.9795,2.80,2.40
2010.06.03 09:14:36.786,0.9792,0.9794,1.00,1.60
2010.06.03 09:14:37.067,0.9791,0.9794,1.60,1.60
2010.06.03 09:14:37.346,0.9791,0.9795,2.50,1.60
2010.06.03 09:14:38.038,0.9791,0.9795,2.90,1.60
2010.06.03 09:14:38.363,0.9791,0.9794,3.30,2.40
2010.06.03 09:14:38.987,0.9791,0.9794,3.20,2.40
2010.06.03 09:14:39.629,0.9791,0.9794,3.30,2.40
2010.06.03 09:14:40.518,0.97915,0.9795,1.00,2.40
2010.06.03 09:14:42.675,0.9791,0.9795,6.00,2.80
2010.06.03 09:14:42.826,0.9791,0.9793,1.20,2.40
2010.06.03 09:14:42.976,0.9791,0.97945,3.20,1.00
2010.06.03 09:14:43.937,0.97915,0.9795,2.80,2.40
2010.06.03 09:14:44.565,0.97915,0.9795,3.50,2.40
2010.06.03 09:14:45.583,0.9791,0.9794,3.20,2.40
2010.06.03 09:14:47.157,0.979,0.9793,5.20,2.40
2010.06.03 09:14:47.416,0.97905,0.9793,1.00,2.40
2010.06.03 09:14:47.677,0.97905,0.9793,1.00,2.40
2010.06.03 09:14:48.929,0.97905,0.9793,1.00,2.40
2010.06.03 09:14:49.055,0.97905,0.9793,1.00,2.40
2010.06.03 09:14:49.785,0.97905,0.9793,1.00,2.40
2010.06.03 09:14:50.026,0.97905,0.9794,2.60,2.40
2010.06.03 09:14:50.714,0.97905,0.9794,3.40,2.40
2010.06.03 09:14:51.060,0.9791,0.9795,1.00,2.40
2010.06.03 09:14:51.155,0.9791,0.9795,1.00,2.40
2010.06.03 09:14:52.856,0.9791,0.9795,1.00,2.40
2010.06.03 09:14:53.144,0.9791,0.9794,1.00,2.40
2010.06.03 09:14:53.360,0.97905,0.9794,1.00,2.40
2010.06.03 09:14:54.554,0.9791,0.9794,1.00,2.40
2010.06.03 09:14:54.681,0.97905,0.9794,1.00,3.20
2010.06.03 09:14:54.795,0.979,0.9794,4.50,2.40
2010.06.03 09:14:54.915,0.979,0.9794,2.90,2.40
2010.06.03 09:14:55.035,0.979,0.9794,2.80,2.40
2010.06.03 09:14:55.155,0.979,0.9794,2.40,4.10
2010.06.03 09:14:55.276,0.97895,0.9793,1.60,2.40
2010.06.03 09:14:55.394,0.97895,0.9793,1.00,2.40
2010.06.03 09:14:56.170,0.97895,0.9793,1.00,2.40
2010.06.03 09:14:56.508,0.97895,0.9794,1.00,2.40
2010.06.03 09:14:56.851,0.97895,0.9793,2.10,1.00
2010.06.03 09:14:57.188,0.97895,0.9792,1.00,2.40
2010.06.03 09:14:57.486,0.97885,0.9792,4.40,2.40
2010.06.03 09:14:58.446,0.97885,0.9791,3.60,2.40
2010.06.03 09:14:58.578,0.9788,0.9791,2.90,2.40
2010.06.03 09:14:58.715,0.97885,0.9791,1.00,2.40
2010.06.03 09:14:58.847,0.9788,0.9791,2.90,2.40
2010.06.03 09:14:59.246,0.97885,0.9791,1.00,2.40
2010.06.03 09:15:00.378,0.9788,0.9791,2.90,2.40
2010.06.03 09:15:00.717,0.9788,0.9791,2.80,2.40
2010.06.03 09:15:01.057,0.97875,0.9791,1.00,2.40
2010.06.03 09:15:02.967,0.97875,0.9791,1.00,2.40
2010.06.03 09:15:06.626,0.9788,0.9791,2.40,2.40
2010.06.03 09:15:06.795,0.97875,0.9791,1.00,2.40
2010.06.03 09:15:08.135,0.9787,0.9791,2.50,2.40
2010.06.03 09:15:10.159,0.97875,0.9791,1.00,2.40
2010.06.03 09:15:12.902,0.97855,0.9789,1.60,2.40
2010.06.03 09:15:13.056,0.9785,0.9789,6.00,2.40
2010.06.03 09:15:13.376,0.9785,0.9788,6.00,2.40
2010.06.03 09:15:14.236,0.97855,0.9788,1.00,2.40
2010.06.03 09:15:15.667,0.9786,0.9788,1.00,2.40
2010.06.03 09:15:16.469,0.97855,0.9789,1.00,2.40
2010.06.03 09:15:16.608,0.9786,0.9789,1.00,2.40
2010.06.03 09:15:16.876,0.9786,0.9789,1.00,2.40
2010.06.03 09:15:17.005,0.9786,0.9789,1.00,2.40
2010.06.03 09:15:18.147,0.97865,0.979,2.80,2.40
2010.06.03 09:15:18.487,0.97865,0.979,3.60,2.40
2010.06.03 09:15:18.826,0.97865,0.979,3.20,2.40
2010.06.03 09:15:19.967,0.97865,0.9789,3.60,2.40
2010.06.03 09:15:20.075,0.97865,0.9789,2.80,2.40
2010.06.03 09:15:20.275,0.97865,0.9789,3.50,2.40
2010.06.03 09:15:21.506,0.97865,0.979,2.80,2.40
2010.06.03 09:15:22.016,0.97865,0.979,3.40,2.40
2010.06.03 09:15:22.265,0.97865,0.979,3.20,2.40
2010.06.03 09:15:22.825,0.97865,0.979,3.30,2.40
2010.06.03 09:15:24.000,0.97865,0.9789,3.30,2.40
2010.06.03 09:15:24.065,0.97865,0.9789,3.20,2.40
2010.06.03 09:15:25.946,0.97865,0.9789,3.30,2.40
2010.06.03 09:15:26.859,0.97865,0.9788,2.90,2.40
2010.06.03 09:15:26.905,0.97855,0.9788,1.00,2.40
2010.06.03 09:15:26.937,0.97855,0.9788,1.00,2.40
2010.06.03 09:15:27.006,0.97855,0.9788,1.00,2.40
2010.06.03 09:15:28.043,0.9785,0.9788,1.00,2.40
2010.06.03 09:15:31.295,0.97845,0.9788,3.60,2.40
2010.06.03 09:15:32.287,0.97845,0.9788,1.00,2.40
2010.06.03 09:15:37.195,0.97845,0.9788,1.00,2.40
2010.06.03 09:15:37.686,0.97845,0.9788,1.00,2.40
2010.06.03 09:15:37.792,0.9785,0.9788,1.00,2.40
2010.06.03 09:15:39.074,0.9785,0.9788,1.00,1.60
2010.06.03 09:15:40.932,0.9785,0.9788,1.00,2.40
2010.06.03 09:15:41.616,0.9786,0.9788,1.00,2.40
2010.06.03 09:15:41.765,0.97855,0.9788,1.00,2.40
2010.06.03 09:15:42.709,0.9785,0.9788,1.00,2.40
2010.06.03 09:15:42.986,0.9784,0.9788,1.00,2.40
2010.06.03 09:15:43.267,0.9784,0.9787,1.00,2.40
2010.06.03 09:15:43.989,0.9784,0.9787,1.00,2.40
2010.06.03 09:15:44.280,0.97815,0.9785,1.00,2.40
2010.06.03 09:15:44.857,0.97815,0.9785,1.00,2.40
2010.06.03 09:15:45.145,0.97815,0.9785,1.00,2.40
2010.06.03 09:15:45.486,0.97815,0.9785,1.00,2.40
2010.06.03 09:15:46.865,0.97815,0.9785,1.00,2.40
2010.06.03 09:15:47.735,0.9782,0.9785,1.00,2.40
2010.06.03 09:15:47.925,0.9782,0.9785,1.00,2.40
2010.06.03 09:15:48.749,0.9782,0.9784,1.00,2.40
2010.06.03 09:15:48.918,0.97815,0.9785,1.00,2.40
2010.06.03 09:15:49.085,0.9782,0.9785,1.00,2.40
2010.06.03 09:15:49.427,0.9782,0.9785,3.20,2.40
2010.06.03 09:15:50.286,0.97825,0.9786,1.00,3.60
2010.06.03 09:15:50.630,0.9782,0.9786,3.20,2.40
2010.06.03 09:15:52.626,0.97825,0.9786,1.00,2.40
2010.06.03 09:15:52.816,0.9783,0.9786,1.00,2.40
2010.06.03 09:15:53.007,0.9783,0.9786,2.50,2.40
2010.06.03 09:15:53.733,0.9783,0.97865,2.50,1.00
2010.06.03 09:15:53.963,0.9784,0.9787,2.50,2.40
2010.06.03 09:15:54.657,0.9784,0.97875,2.90,1.60
2010.06.03 09:15:54.887,0.9784,0.9788,2.90,4.40
2010.06.03 09:15:55.751,0.9784,0.97865,2.50,1.00
2010.06.03 09:15:55.921,0.9785,0.9788,1.00,4.40
2010.06.03 09:15:56.555,0.97845,0.9788,1.00,4.40
2010.06.03 09:15:57.751,0.9784,0.9787,2.50,2.40
2010.06.03 09:15:58.016,0.97845,0.9787,1.00,2.40
2010.06.03 09:15:58.667,0.9785,0.9788,2.40,4.00
2010.06.03 09:15:59.421,0.9785,0.9788,2.40,2.40
2010.06.03 09:15:59.767,0.9785,0.9788,2.50,2.40
2010.06.03 09:16:00.066,0.9785,0.9788,2.40,2.40
2010.06.03 09:16:00.345,0.9784,0.97865,1.00,1.00
2010.06.03 09:16:00.485,0.9784,0.97865,1.00,1.00
2010.06.03 09:16:01.275,0.97835,0.97865,1.00,1.00
2010.06.03 09:16:01.561,0.9782,0.9785,3.20,2.40
2010.06.03 09:16:01.836,0.9782,0.9785,2.80,2.40
2010.06.03 09:16:02.116,0.9782,0.9785,2.50,2.40
2010.06.03 09:16:03.876,0.97825,0.9785,1.00,2.40
2010.06.03 09:16:05.167,0.9783,0.9785,1.00,2.40
2010.06.03 09:16:05.847,0.9783,0.9785,1.00,2.40
2010.06.03 09:16:06.086,0.97825,0.9785,1.00,2.40
2010.06.03 09:16:07.436,0.9783,0.9785,1.00,2.40
2010.06.03 09:16:07.647,0.9782,0.9785,2.50,2.40
2010.06.03 09:16:08.504,0.9782,0.9785,3.30,2.40
2010.06.03 09:16:08.816,0.9782,0.9785,3.10,2.40
2010.06.03 09:16:09.138,0.9783,0.9786,1.00,3.60
2010.06.03 09:16:10.648,0.9783,0.97845,1.00,1.20
2010.06.03 09:16:10.816,0.9782,0.97855,2.50,2.40
2010.06.03 09:16:10.986,0.97825,0.9786,1.00,2.40
2010.06.03 09:16:11.156,0.9783,0.9786,1.00,2.40
2010.06.03 09:16:12.097,0.9783,0.9787,3.10,4.40
2010.06.03 09:16:12.817,0.97835,0.9787,1.00,2.40
2010.06.03 09:16:13.778,0.97825,0.97845,1.00,1.00
2010.06.03 09:16:14.976,0.9781,0.97845,6.10,1.00
2010.06.03 09:16:15.318,0.97815,0.9784,1.00,2.40
2010.06.03 09:16:15.980,0.9782,0.9784,1.00,2.40
2010.06.03 09:16:16.307,0.9781,0.9784,2.90,2.40
2010.06.03 09:16:17.317,0.9782,0.9785,1.00,2.40
2010.06.03 09:16:17.574,0.97825,0.9786,1.00,2.40
2010.06.03 09:16:17.830,0.9782,0.9786,5.10,2.40
2010.06.03 09:16:18.077,0.9782,0.9786,2.90,2.40
2010.06.03 09:16:18.996,0.97825,0.9786,1.00,2.40
2010.06.03 09:16:19.288,0.9782,0.97855,2.40,1.00
2010.06.03 09:16:19.580,0.97815,0.9784,1.00,2.40
2010.06.03 09:16:19.870,0.9781,0.9784,1.00,2.40
2010.06.03 09:16:20.211,0.9781,0.9785,2.50,2.40
2010.06.03 09:16:21.227,0.97805,0.9784,1.00,2.40
2010.06.03 09:16:21.626,0.978,0.9784,1.00,2.40
2010.06.03 09:16:21.825,0.978,0.9783,2.40,2.40
2010.06.03 09:16:22.636,0.978,0.9784,2.40,3.50
2010.06.03 09:16:22.980,0.97805,0.9784,1.00,2.40
2010.06.03 09:16:25.381,0.9781,0.9784,1.00,2.40
2010.06.03 09:16:25.566,0.9781,0.9784,2.40,2.40
2010.06.03 09:16:25.756,0.9781,0.9785,2.40,3.00
2010.06.03 09:16:25.947,0.9781,0.9784,2.40,2.40
2010.06.03 09:16:27.311,0.97805,0.9784,1.00,2.40
2010.06.03 09:16:27.578,0.97805,0.9783,1.00,2.40
2010.06.03 09:16:28.457,0.978,0.9783,2.80,2.40
2010.06.03 09:16:29.137,0.97805,0.9784,1.00,2.40
2010.06.03 09:16:29.479,0.978,0.9784,3.30,2.40
2010.06.03 09:16:30.477,0.9781,0.9784,1.00,2.40
2010.06.03 09:16:30.616,0.9781,0.9784,3.20,2.40
2010.06.03 09:16:30.755,0.9781,0.9784,2.40,2.40
2010.06.03 09:16:31.015,0.97805,0.9784,2.40,2.40
2010.06.03 09:16:31.146,0.9781,0.9784,1.00,2.40
2010.06.03 09:16:31.903,0.9781,0.9784,3.20,2.40
2010.06.03 09:16:32.211,0.978,0.9784,4.10,2.40
2010.06.03 09:16:32.508,0.978,0.9784,4.50,2.40
2010.06.03 09:16:33.445,0.97805,0.9784,1.00,2.40
2010.06.03 09:16:34.296,0.978,0.9784,4.40,2.40
2010.06.03 09:16:34.362,0.9781,0.9784,1.00,2.40
2010.06.03 09:16:35.716,0.9781,0.9784,1.00,2.40
2010.06.03 09:16:36.056,0.9781,0.9784,1.00,2.40
2010.06.03 09:16:36.396,0.9781,0.9784,2.80,2.40
2010.06.03 09:16:36.737,0.9781,0.97835,2.40,1.00
2010.06.03 09:16:37.772,0.9781,0.9784,2.80,2.40
2010.06.03 09:16:39.647,0.9781,0.9784,2.90,2.40
2010.06.03 09:16:39.899,0.9781,0.97845,3.70,1.00
2010.06.03 09:16:40.068,0.97815,0.97845,1.00,1.00
2010.06.03 09:16:40.238,0.9781,0.97845,3.70,1.00
2010.06.03 09:16:41.045,0.9781,0.97845,3.60,1.00
2010.06.03 09:16:42.377,0.97815,0.97845,1.00,1.00
2010.06.03 09:16:42.667,0.97815,0.97845,1.00,1.00
2010.06.03 09:16:43.675,0.97825,0.9786,1.00,6.10
2010.06.03 09:16:43.827,0.97825,0.9786,1.00,3.20
2010.06.03 09:16:43.975,0.9782,0.9785,3.70,2.40
2010.06.03 09:16:44.691,0.9782,0.9785,2.40,2.40
2010.06.03 09:16:45.116,0.97815,0.9785,1.70,2.40
2010.06.03 09:16:45.335,0.9782,0.9786,2.40,2.40
2010.06.03 09:16:47.677,0.9782,0.9786,3.20,2.40
2010.06.03 09:16:47.830,0.9783,0.9786,2.40,2.40
2010.06.03 09:16:48.835,0.9783,0.97865,2.40,1.00
2010.06.03 09:16:48.996,0.9783,0.9787,2.50,2.40
2010.06.03 09:16:50.685,0.9783,0.9787,2.40,2.40
2010.06.03 09:16:51.852,0.9783,0.97855,2.40,1.00
2010.06.03 09:16:52.077,0.97825,0.97855,1.00,1.00
2010.06.03 09:16:52.307,0.9783,0.97855,2.40,1.00
2010.06.03 09:16:52.536,0.9782,0.97855,2.80,1.00
2010.06.03 09:16:53.470,0.9782,0.97855,2.80,1.00
2010.06.03 09:16:53.735,0.9782,0.97855,4.40,1.00
2010.06.03 09:16:54.005,0.9782,0.97855,5.20,1.00
2010.06.03 09:16:54.275,0.9782,0.97855,4.90,1.00
2010.06.03 09:16:54.546,0.9782,0.9785,2.40,2.40
2010.06.03 09:16:56.145,0.9782,0.9785,2.50,2.40
2010.06.03 09:16:56.336,0.9782,0.9785,2.40,2.40
2010.06.03 09:16:56.525,0.97815,0.97845,1.00,1.00
2010.06.03 09:16:56.716,0.9782,0.97845,2.40,1.00
2010.06.03 09:16:57.695,0.9782,0.9785,2.40,2.40
2010.06.03 09:17:04.202,0.97815,0.97845,1.00,1.00
2010.06.03 09:17:05.867,0.9781,0.97845,6.10,1.00
2010.06.03 09:17:07.086,0.9781,0.97845,4.50,1.00
2010.06.03 09:17:07.948,0.9781,0.97845,3.70,1.00
2010.06.03 09:17:08.968,0.9781,0.97845,3.60,1.00
2010.06.03 09:17:12.053,0.97815,0.97845,1.00,1.00
2010.06.03 09:17:12.236,0.9782,0.9785,2.40,2.40
2010.06.03 09:17:13.746,0.9782,0.9785,2.50,2.40
2010.06.03 09:17:13.966,0.9782,0.97845,2.40,1.00
2010.06.03 09:17:14.701,0.97815,0.97845,1.00,1.00
2010.06.03 09:17:15.165,0.9781,0.97845,3.70,1.00
2010.06.03 09:17:15.916,0.9782,0.97845,2.40,1.00
2010.06.03 09:17:17.111,0.9781,0.97845,3.20,1.00
2010.06.03 09:17:18.170,0.9782,0.97845,2.40,1.00
2010.06.03 09:17:21.379,0.9781,0.97845,2.50,1.00
2010.06.03 09:17:21.591,0.9782,0.97845,2.40,1.00
2010.06.03 09:17:21.726,0.9782,0.97835,2.40,1.00
2010.06.03 09:17:21.868,0.9781,0.97835,2.40,1.00
2010.06.03 09:17:22.687,0.978,0.97835,3.30,1.00
2010.06.03 09:17:22.959,0.9781,0.9784,2.40,2.40
2010.06.03 09:17:24.574,0.978,0.9784,2.40,2.40
2010.06.03 09:17:24.855,0.978,0.9784,3.20,2.40
2010.06.03 09:17:26.128,0.978,0.9785,2.80,3.70
2010.06.03 09:17:26.466,0.978,0.9785,2.80,4.00
2010.06.03 09:17:26.796,0.9781,0.9785,2.40,3.80
2010.06.03 09:17:27.787,0.9781,0.9785,2.40,3.20
2010.06.03 09:17:28.005,0.9781,0.9785,2.50,3.30
2010.06.03 09:17:28.215,0.9781,0.9785,2.40,3.30
2010.06.03 09:17:28.425,0.978,0.9784,3.70,2.40
2010.06.03 09:17:29.302,0.9781,0.9785,2.40,3.20
2010.06.03 09:17:29.649,0.9781,0.9785,2.80,2.40
2010.06.03 09:17:29.856,0.97805,0.97835,1.00,1.00
2010.06.03 09:17:30.058,0.97805,0.97835,1.00,1.00
2010.06.03 09:17:30.666,0.978,0.97835,2.50,1.00
2010.06.03 09:17:31.697,0.9781,0.97845,2.40,1.00
2010.06.03 09:17:34.135,0.9781,0.97845,2.50,1.00
2010.06.03 09:17:34.858,0.9781,0.97845,2.40,1.00
2010.06.03 09:17:35.184,0.9781,0.9784,2.40,2.40
2010.06.03 09:17:36.498,0.9781,0.9784,2.50,2.40
2010.06.03 09:17:37.165,0.9781,0.9784,2.40,2.40
2010.06.03 09:17:40.877,0.9781,0.97845,2.40,1.00
2010.06.03 09:17:42.189,0.9781,0.97845,2.50,1.00
2010.06.03 09:17:42.417,0.9781,0.97845,2.40,1.00
2010.06.03 09:17:42.651,0.97815,0.97845,2.00,1.50
2010.06.03 09:17:42.882,0.97815,0.97845,1.20,1.00
2010.06.03 09:17:43.790,0.9783,0.9787,2.40,3.20
2010.06.03 09:17:44.097,0.9784,0.97865,2.40,1.00
2010.06.03 09:17:45.053,0.9783,0.9787,3.20,2.90
2010.06.03 09:17:45.361,0.9784,0.9787,2.40,2.40
2010.06.03 09:17:45.669,0.9784,0.9788,2.40,3.20
2010.06.03 09:17:46.596,0.9784,0.9788,2.40,1.00
2010.06.03 09:17:46.890,0.9784,0.9787,2.40,2.40
2010.06.03 09:17:48.428,0.97835,0.9787,1.00,2.80
2010.06.03 09:17:48.706,0.97835,0.97865,1.00,1.00
2010.06.03 09:17:50.745,0.9783,0.97865,2.50,1.00
2010.06.03 09:17:51.096,0.9783,0.9786,2.50,2.40
2010.06.03 09:17:52.247,0.9783,0.97865,2.50,1.00
2010.06.03 09:17:53.115,0.97835,0.97865,1.00,1.00
2010.06.03 09:17:53.339,0.9783,0.97865,2.50,1.00
2010.06.03 09:17:55.211,0.9783,0.97865,2.40,1.00
2010.06.03 09:17:55.350,0.9783,0.9786,2.40,2.40
2010.06.03 09:17:59.705,0.9783,0.9786,2.50,2.40
2010.06.03 09:18:00.687,0.9783,0.9786,2.40,2.40
2010.06.03 09:18:06.807,0.9782,0.9785,3.20,2.40
2010.06.03 09:18:07.698,0.9782,0.9786,2.40,5.00
2010.06.03 09:18:08.375,0.9782,0.9786,2.40,5.20
2010.06.03 09:18:09.738,0.9782,0.97855,2.40,1.30
2010.06.03 09:18:09.885,0.9782,0.9785,2.40,2.40
2010.06.03 09:18:11.286,0.9782,0.9785,2.50,2.40
2010.06.03 09:18:13.437,0.9782,0.9785,2.40,2.40
2010.06.03 09:18:14.216,0.9782,0.97855,2.40,1.00
2010.06.03 09:18:14.415,0.9782,0.9785,2.40,2.40
2010.06.03 09:18:15.450,0.9781,0.97845,2.50,1.00
2010.06.03 09:18:15.606,0.9781,0.9784,2.40,2.40
2010.06.03 09:18:15.766,0.9781,0.97845,2.40,1.00
2010.06.03 09:18:15.926,0.9781,0.9784,2.40,2.40
2010.06.03 09:18:16.617,0.978,0.9784,5.10,2.40
2010.06.03 09:18:16.917,0.97795,0.9783,1.00,3.20
2010.06.03 09:18:17.217,0.9779,0.9782,2.20,2.40
2010.06.03 09:18:18.045,0.9779,0.9782,1.00,3.20
2010.06.03 09:18:18.349,0.9778,0.9782,2.50,3.20
2010.06.03 09:18:18.676,0.97785,0.9782,1.00,3.20
2010.06.03 09:18:19.006,0.9779,0.9782,2.40,1.00
2010.06.03 09:18:19.335,0.9779,0.9783,2.40,2.40
2010.06.03 09:18:20.675,0.9779,0.9783,3.20,2.40
2010.06.03 09:18:20.796,0.978,0.9783,2.40,2.40
2010.06.03 09:18:21.860,0.978,0.9784,2.40,4.30
2010.06.03 09:18:22.166,0.978,0.9784,2.40,3.20
2010.06.03 09:18:23.096,0.978,0.9784,2.50,3.20
2010.06.03 09:18:23.356,0.978,0.9784,2.40,3.20
2010.06.03 09:18:24.168,0.978,0.9784,2.50,3.90
2010.06.03 09:18:24.306,0.978,0.9784,2.50,3.20
2010.06.03 09:18:25.106,0.97805,0.9784,1.00,3.20
2010.06.03 09:18:26.065,0.978,0.9784,2.50,3.20
2010.06.03 09:18:26.408,0.9779,0.9783,2.50,3.20
2010.06.03 09:18:27.838,0.9779,0.9783,3.30,2.40
2010.06.03 09:18:27.934,0.978,0.9784,2.40,3.70
2010.06.03 09:18:32.778,0.978,0.9783,2.40,2.40
2010.06.03 09:18:34.109,0.978,0.9783,2.50,2.40
2010.06.03 09:18:35.346,0.9781,0.9784,2.40,2.40
2010.06.03 09:18:36.366,0.9781,0.97845,2.40,1.00
2010.06.03 09:18:37.358,0.9782,0.9785,2.40,2.40
2010.06.03 09:18:38.847,0.9781,0.9785,2.40,2.40
2010.06.03 09:18:39.825,0.9781,0.9784,2.40,2.40
2010.06.03 09:18:41.809,0.9781,0.97835,2.40,1.00
2010.06.03 09:18:42.147,0.978,0.9783,2.50,2.40
2010.06.03 09:18:42.903,0.978,0.9784,2.50,3.20
2010.06.03 09:18:43.186,0.9781,0.9784,2.40,3.20
2010.06.03 09:18:43.717,0.9781,0.9784,2.40,1.00
2010.06.03 09:18:44.620,0.9781,0.9784,2.50,2.40
2010.06.03 09:18:44.839,0.9781,0.9785,3.10,2.40
2010.06.03 09:18:45.056,0.9781,0.9785,3.20,2.40
2010.06.03 09:18:46.947,0.97815,0.9786,1.00,3.20
2010.06.03 09:18:47.285,0.9781,0.9786,3.70,3.30
2010.06.03 09:18:47.488,0.97815,0.9786,1.00,3.30
2010.06.03 09:18:47.745,0.9781,0.9786,3.70,3.30
2010.06.03 09:18:48.497,0.9781,0.9785,3.30,2.40
2010.06.03 09:18:48.738,0.9781,0.9786,3.70,3.30
2010.06.03 09:18:49.215,0.9781,0.9786,3.60,4.00
2010.06.03 09:18:49.455,0.9781,0.97855,3.60,1.00
2010.06.03 09:18:49.697,0.9781,0.9785,2.40,2.40
2010.06.03 09:18:49.977,0.9781,0.9784,2.40,3.20
2010.06.03 09:18:50.930,0.9781,0.9785,2.50,4.00
2010.06.03 09:18:51.186,0.9781,0.9785,2.40,2.40
2010.06.03 09:18:52.838,0.9781,0.9785,2.50,2.40
2010.06.03 09:18:56.302,0.9781,0.9785,2.40,2.50
2010.06.03 09:18:56.576,0.9781,0.97845,2.40,1.00
2010.06.03 09:18:57.329,0.9781,0.9784,2.40,2.40
2010.06.03 09:18:57.641,0.9781,0.97845,2.40,1.00
2010.06.03 09:18:57.796,0.9781,0.9785,2.40,3.50
2010.06.03 09:18:58.504,0.9781,0.9785,2.40,2.80
2010.06.03 09:18:58.658,0.9781,0.9785,1.00,2.80
2010.06.03 09:18:59.000,0.97815,0.9785,1.00,2.80
2010.06.03 09:18:59.337,0.9781,0.9785,3.30,2.80
2010.06.03 09:19:00.206,0.9782,0.9785,2.40,2.40
2010.06.03 09:19:00.551,0.9782,0.9786,2.40,2.40
2010.06.03 09:19:01.217,0.9782,0.9786,2.50,2.40
2010.06.03 09:19:02.140,0.9783,0.9786,2.40,2.40
2010.06.03 09:19:02.646,0.9783,0.9786,3.20,2.40
2010.06.03 09:19:02.815,0.9783,0.97865,3.20,1.00
2010.06.03 09:19:02.987,0.9783,0.97865,4.00,1.00
2010.06.03 09:19:03.808,0.9784,0.9787,2.40,2.80
2010.06.03 09:19:05.476,0.9783,0.9786,3.20,2.40
2010.06.03 09:19:07.325,0.9783,0.9785,1.00,2.40
2010.06.03 09:19:07.576,0.9782,0.9785,2.40,2.40
2010.06.03 09:19:08.343,0.9783,0.9785,1.00,2.40
2010.06.03 09:19:08.517,0.9783,0.9786,3.20,2.40
2010.06.03 09:19:08.696,0.9783,0.9786,2.40,2.40
2010.06.03 09:19:08.866,0.97825,0.9786,1.00,2.40
2010.06.03 09:19:09.036,0.9782,0.9786,6.00,2.40
2010.06.03 09:19:11.292,0.97825,0.9786,1.00,2.40
2010.06.03 09:19:11.427,0.9783,0.9786,2.40,2.40
2010.06.03 09:19:12.469,0.9783,0.9787,2.50,2.40
2010.06.03 09:19:12.807,0.9783,0.9786,2.40,3.20
2010.06.03 09:19:13.721,0.9783,0.9787,2.40,3.50
2010.06.03 09:19:13.991,0.9783,0.9787,2.40,2.40
2010.06.03 09:19:14.257,0.9783,0.9787,3.20,2.40
2010.06.03 09:19:14.525,0.9783,0.9787,2.40,2.40
2010.06.03 09:19:15.588,0.9784,0.9787,2.40,2.40
2010.06.03 09:19:16.245,0.9783,0.9787,2.50,2.40
2010.06.03 09:19:18.845,0.9783,0.97865,2.40,1.00
2010.06.03 09:19:19.672,0.9783,0.9786,2.40,2.40
2010.06.03 09:19:21.086,0.9783,0.9786,2.50,2.40
2010.06.03 09:19:21.886,0.9783,0.9787,2.50,2.40
2010.06.03 09:19:26.695,0.9783,0.9787,2.90,2.40
2010.06.03 09:19:27.515,0.9783,0.9787,3.10,2.40
2010.06.03 09:19:27.618,0.9783,0.9787,2.90,2.40
2010.06.03 09:19:27.885,0.97835,0.9787,1.00,2.40
2010.06.03 09:19:27.986,0.9784,0.9788,2.40,3.30
2010.06.03 09:19:28.085,0.9784,0.9788,2.50,3.20
2010.06.03 09:19:28.950,0.9784,0.9788,2.40,3.30
2010.06.03 09:19:29.288,0.97835,0.9788,1.00,3.30
2010.06.03 09:19:29.628,0.97835,0.97875,1.00,1.00
2010.06.03 09:19:29.968,0.97835,0.9787,1.00,2.40
2010.06.03 09:19:30.949,0.97835,0.9788,1.00,3.30
2010.06.03 09:19:32.507,0.9784,0.9788,2.40,3.20
2010.06.03 09:19:33.616,0.9784,0.9788,2.50,3.20
2010.06.03 09:19:33.786,0.9784,0.9788,3.30,3.20
2010.06.03 09:19:33.946,0.9785,0.9788,2.40,3.20
2010.06.03 09:19:35.167,0.9785,0.9789,3.00,2.40
2010.06.03 09:19:35.746,0.9785,0.9789,2.80,2.40
2010.06.03 09:19:36.706,0.9785,0.9789,2.40,2.40
2010.06.03 09:19:38.108,0.9786,0.9789,1.00,2.40
2010.06.03 09:19:38.438,0.9787,0.979,2.40,2.40
2010.06.03 09:19:39.675,0.9787,0.97905,2.40,1.00
2010.06.03 09:19:39.920,0.9787,0.97905,3.30,1.00
2010.06.03 09:19:41.307,0.97885,0.97905,1.00,1.00
2010.06.03 09:19:41.987,0.97885,0.97905,1.00,1.00
2010.06.03 09:19:43.301,0.9787,0.979,1.00,2.40
2010.06.03 09:19:43.966,0.9787,0.979,1.00,2.40
2010.06.03 09:19:52.859,0.9788,0.979,1.00,2.40
2010.06.03 09:19:52.908,0.9788,0.9791,3.20,2.00
2010.06.03 09:19:53.037,0.9788,0.9791,3.20,1.00
2010.06.03 09:19:53.764,0.9789,0.9792,2.40,2.40
2010.06.03 09:19:55.577,0.9789,0.9792,2.50,2.40
2010.06.03 09:19:56.225,0.9789,0.9792,2.40,2.40
2010.06.03 09:19:56.870,0.97895,0.9792,1.00,2.40
2010.06.03 09:19:57.078,0.97895,0.9793,1.00,3.20
2010.06.03 09:19:57.757,0.97895,0.9793,1.00,2.40
2010.06.03 09:19:58.045,0.979,0.9793,1.00,2.40
2010.06.03 09:19:59.561,0.97905,0.9793,1.00,2.40
2010.06.03 09:20:01.890,0.97905,0.9793,1.00,3.20
2010.06.03 09:20:02.027,0.979,0.9793,1.00,3.20
2010.06.03 09:20:02.166,0.97895,0.97925,1.00,1.00
2010.06.03 09:20:02.445,0.97895,0.97925,1.00,1.90
2010.06.03 09:20:02.586,0.97895,0.9792,1.00,2.40
2010.06.03 09:20:03.946,0.9789,0.9792,1.00,2.40
2010.06.03 09:20:05.328,0.97895,0.9792,1.00,2.40
2010.06.03 09:20:05.631,0.97885,0.97915,1.00,1.00
2010.06.03 09:20:05.928,0.97885,0.9792,1.00,3.50
2010.06.03 09:20:06.606,0.9789,0.9792,1.00,3.50
2010.06.03 09:20:06.926,0.9789,0.9792,1.00,2.40
2010.06.03 09:20:07.888,0.97885,0.9792,1.00,3.50
2010.06.03 09:20:11.259,0.97885,0.979,1.00,2.40
2010.06.03 09:20:11.410,0.97875,0.979,1.00,2.40
2010.06.03 09:20:12.885,0.9787,0.979,1.00,2.40
2010.06.03 09:20:13.141,0.97865,0.979,1.00,2.40
2010.06.03 09:20:13.388,0.9786,0.9788,1.00,2.40
2010.06.03 09:20:14.214,0.9785,0.9788,3.60,2.40
2010.06.03 09:20:14.531,0.9785,0.9788,1.00,2.40
2010.06.03 09:20:15.504,0.97845,0.9788,1.00,2.40
2010.06.03 09:20:15.838,0.9786,0.9789,1.00,2.40
2010.06.03 09:20:16.518,0.9786,0.9789,1.00,2.40
2010.06.03 09:20:17.528,0.97855,0.9789,1.00,2.40
2010.06.03 09:20:17.868,0.9786,0.9789,1.00,2.40
2010.06.03 09:20:19.336,0.97855,0.9789,1.00,2.40
2010.06.03 09:20:20.282,0.9786,0.9789,1.00,2.40
2010.06.03 09:20:20.629,0.97865,0.979,1.00,3.20
2010.06.03 09:20:21.745,0.97865,0.979,1.00,3.90
2010.06.03 09:20:22.001,0.97865,0.9789,1.00,2.40
2010.06.03 09:20:22.249,0.9786,0.9789,1.00,2.40
2010.06.03 09:20:23.237,0.97855,0.9789,1.00,2.40
2010.06.03 09:20:23.488,0.97855,0.9788,1.00,2.40
2010.06.03 09:20:23.796,0.97855,0.9788,1.00,2.40
2010.06.03 09:20:24.096,0.9786,0.9788,1.00,2.40
2010.06.03 09:20:25.148,0.9785,0.9788,1.00,2.40
2010.06.03 09:20:25.377,0.9785,0.9788,1.00,3.20
2010.06.03 09:20:25.606,0.9785,0.9788,1.00,2.40
2010.06.03 09:20:27.299,0.9785,0.9788,1.00,3.20
2010.06.03 09:20:29.180,0.97845,0.9788,1.00,3.20
2010.06.03 09:20:29.416,0.9785,0.9788,2.50,3.20
2010.06.03 09:20:31.127,0.9785,0.9788,2.40,3.20
2010.06.03 09:20:32.616,0.97855,0.9788,1.00,1.00
2010.06.03 09:20:33.402,0.9786,0.9789,3.20,2.40
2010.06.03 09:20:33.621,0.97855,0.97885,1.00,1.00
2010.06.03 09:20:34.823,0.9786,0.97885,1.00,1.00
2010.06.03 09:20:35.110,0.9786,0.97895,1.00,1.00
2010.06.03 09:20:35.379,0.9786,0.979,2.50,3.10
2010.06.03 09:20:35.645,0.9786,0.979,2.50,2.40
2010.06.03 09:20:37.079,0.97865,0.979,1.00,2.40
2010.06.03 09:20:37.705,0.97865,0.979,1.00,2.80
2010.06.03 09:20:38.520,0.97835,0.9787,1.00,2.40
2010.06.03 09:20:38.772,0.9784,0.9787,2.40,2.80
2010.06.03 09:20:39.021,0.97835,0.9787,1.00,2.80
2010.06.03 09:20:39.987,0.9785,0.9789,3.30,2.80
2010.06.03 09:20:40.307,0.97855,0.9789,1.00,2.40
2010.06.03 09:20:41.320,0.9786,0.97895,2.40,1.00
2010.06.03 09:20:41.632,0.9785,0.979,2.50,3.00
2010.06.03 09:20:44.077,0.9787,0.97895,2.40,1.00
2010.06.03 09:20:44.211,0.9787,0.9789,1.00,2.80
2010.06.03 09:20:45.407,0.97865,0.9789,1.00,2.80
2010.06.03 09:20:45.902,0.9785,0.9788,2.50,2.40
2010.06.03 09:20:46.580,0.9786,0.9789,2.40,2.40
2010.06.03 09:20:46.946,0.9785,0.9788,1.00,2.40
2010.06.03 09:20:49.096,0.9785,0.9787,1.00,2.40
2010.06.03 09:20:49.209,0.9786,0.9788,2.40,1.00
2010.06.03 09:20:49.323,0.9786,0.9789,2.40,1.00
2010.06.03 09:20:50.625,0.9785,0.9789,3.20,2.40
2010.06.03 09:20:50.972,0.97845,0.9788,1.00,2.40
2010.06.03 09:20:52.080,0.9784,0.9788,4.80,2.40
2010.06.03 09:20:52.403,0.9785,0.9788,2.40,2.40
2010.06.03 09:20:53.367,0.9784,0.9789,3.30,2.40
2010.06.03 09:20:53.669,0.9785,0.9789,1.00,2.40
2010.06.03 09:20:54.387,0.9786,0.9789,2.40,2.40
2010.06.03 09:20:54.711,0.9785,0.9789,3.20,1.00
2010.06.03 09:20:55.716,0.9786,0.97895,2.40,1.00
2010.06.03 09:20:56.060,0.9787,0.979,2.40,4.00
2010.06.03 09:20:56.397,0.9787,0.979,2.40,3.20
2010.06.03 09:20:57.501,0.9787,0.979,2.40,1.00
2010.06.03 09:20:57.789,0.9787,0.979,2.50,1.00
2010.06.03 09:20:58.449,0.9787,0.9791,2.50,3.80
2010.06.03 09:20:58.808,0.9788,0.97915,2.40,1.90
2010.06.03 09:20:59.150,0.9788,0.9791,2.40,2.40
2010.06.03 09:21:00.327,0.9788,0.979,2.40,1.00
2010.06.03 09:21:00.577,0.97875,0.9789,1.00,2.40
2010.06.03 09:21:01.500,0.9787,0.9791,2.40,2.40
2010.06.03 09:21:01.840,0.9787,0.979,1.00,2.40
2010.06.03 09:21:02.823,0.97875,0.979,1.00,2.40
2010.06.03 09:21:03.048,0.9788,0.97915,2.40,1.00
2010.06.03 09:21:03.267,0.9788,0.9791,2.40,3.20
2010.06.03 09:21:04.228,0.9788,0.9792,2.40,3.20
2010.06.03 09:21:04.568,0.979,0.9792,2.40,1.00
2010.06.03 09:21:05.439,0.979,0.97925,2.40,1.00
2010.06.03 09:21:05.761,0.9789,0.9793,2.40,2.40
2010.06.03 09:21:07.062,0.979,0.9793,2.40,2.40
2010.06.03 09:21:07.370,0.979,0.9794,2.50,2.00
2010.06.03 09:21:08.356,0.9791,0.9795,2.40,5.30
2010.06.03 09:21:08.649,0.97905,0.9793,1.00,2.40
2010.06.03 09:21:09.998,0.97895,0.9793,1.00,2.40
2010.06.03 09:21:10.279,0.97895,0.9792,1.00,2.40
2010.06.03 09:21:10.561,0.9789,0.9791,1.00,2.40
2010.06.03 09:21:11.562,0.9787,0.9791,3.10,2.40
2010.06.03 09:21:12.933,0.9787,0.9791,2.80,3.60
2010.06.03 09:21:13.154,0.97865,0.979,1.00,2.40
2010.06.03 09:21:13.368,0.9786,0.979,2.80,2.40
2010.06.03 09:21:14.411,0.9786,0.979,2.40,2.40
2010.06.03 09:21:15.088,0.97855,0.97895,1.20,1.00
2010.06.03 09:21:16.250,0.97865,0.979,1.00,2.40
2010.06.03 09:21:16.406,0.9787,0.9791,3.20,5.30
2010.06.03 09:21:16.557,0.9787,0.9791,3.20,3.20
2010.06.03 09:21:16.717,0.9788,0.9791,2.40,3.20
2010.06.03 09:21:16.878,0.9787,0.9791,3.20,3.20
2010.06.03 09:21:17.829,0.9787,0.9791,3.20,3.30
2010.06.03 09:21:18.078,0.97865,0.979,1.00,2.40
2010.06.03 09:21:18.327,0.9786,0.979,3.30,2.40
2010.06.03 09:21:19.174,0.9786,0.979,3.20,2.40
2010.06.03 09:21:19.459,0.9787,0.979,2.40,2.40
2010.06.03 09:21:19.748,0.97865,0.979,1.00,2.40
2010.06.03 09:21:21.066,0.9786,0.979,3.60,2.40
2010.06.03 09:21:21.406,0.97865,0.979,1.00,2.40
2010.06.03 09:21:22.337,0.9787,0.9791,3.20,3.20
2010.06.03 09:21:22.597,0.9787,0.979,2.40,2.40
2010.06.03 09:21:23.827,0.9786,0.979,3.50,2.40
2010.06.03 09:21:24.127,0.9786,0.9789,1.00,2.40
2010.06.03 09:21:24.427,0.97855,0.979,1.00,2.40
2010.06.03 09:21:25.149,0.9786,0.979,3.00,2.40
2010.06.03 09:21:25.433,0.97875,0.9791,1.00,2.50
2010.06.03 09:21:25.718,0.9787,0.9791,1.00,2.50
2010.06.03 09:21:26.657,0.9787,0.9791,1.00,2.40
2010.06.03 09:21:26.991,0.97865,0.9791,1.00,2.40
2010.06.03 09:21:27.331,0.97865,0.979,1.00,2.40
2010.06.03 09:21:28.336,0.9786,0.979,4.10,2.40
2010.06.03 09:21:28.939,0.9786,0.97895,4.00,1.00
2010.06.03 09:21:29.650,0.9786,0.979,4.00,2.40
2010.06.03 09:21:29.946,0.9788,0.9791,2.40,2.40
2010.06.03 09:21:33.347,0.9787,0.9791,3.60,2.40
2010.06.03 09:21:33.568,0.97885,0.9793,1.20,4.00
2010.06.03 09:21:33.787,0.9789,0.9793,2.40,2.40
2010.06.03 09:21:34.570,0.9789,0.9793,2.40,3.20
2010.06.03 09:21:34.910,0.97885,0.9793,1.00,3.30
2010.06.03 09:21:36.594,0.97885,0.9791,1.20,2.40
2010.06.03 09:21:36.709,0.97885,0.9792,1.00,2.40
2010.06.03 09:21:36.826,0.97885,0.9793,2.20,2.40
2010.06.03 09:21:36.938,0.9789,0.9793,2.40,2.40
2010.06.03 09:21:37.728,0.9789,0.9793,2.40,3.20
2010.06.03 09:21:38.068,0.979,0.97935,2.40,1.00
2010.06.03 09:21:38.409,0.9789,0.9794,3.20,4.40
2010.06.03 09:21:39.338,0.9789,0.9794,3.20,4.00
2010.06.03 09:21:39.680,0.9789,0.9793,2.40,3.20
2010.06.03 09:21:39.867,0.9789,0.97925,2.40,1.00
2010.06.03 09:21:40.057,0.97885,0.9792,1.00,2.40
2010.06.03 09:21:41.074,0.9789,0.9793,2.40,3.20
2010.06.03 09:21:41.419,0.9789,0.9793,2.40,3.60
2010.06.03 09:21:42.768,0.9789,0.97925,2.40,1.00
2010.06.03 09:21:43.106,0.9789,0.9792,2.40,2.40
2010.06.03 09:21:43.316,0.9789,0.9793,2.40,3.60
2010.06.03 09:21:44.093,0.9789,0.9793,2.40,3.20
2010.06.03 09:21:44.455,0.9789,0.9793,2.40,2.40
2010.06.03 09:21:44.690,0.9789,0.9794,2.50,4.60
2010.06.03 09:21:44.920,0.9789,0.9794,3.20,3.10
2010.06.03 09:21:45.803,0.97895,0.9793,1.00,1.00
2010.06.03 09:21:46.161,0.9789,0.9793,3.00,2.40
2010.06.03 09:21:46.369,0.9789,0.9793,1.00,2.40
2010.06.03 09:21:47.244,0.97885,0.9793,1.00,2.40
2010.06.03 09:21:47.490,0.97875,0.9791,1.00,2.40
2010.06.03 09:21:47.737,0.9788,0.9792,2.40,3.20
2010.06.03 09:21:48.442,0.9788,0.9792,2.40,3.70
2010.06.03 09:21:48.779,0.9788,0.9792,2.80,2.40
2010.06.03 09:21:49.116,0.9788,0.9792,2.40,2.50
2010.06.03 09:21:50.724,0.9788,0.9792,2.40,2.40
2010.06.03 09:21:50.964,0.9788,0.9792,2.40,2.50
2010.06.03 09:21:51.998,0.9788,0.9792,2.40,2.40
2010.06.03 09:21:52.308,0.9788,0.9793,2.50,4.50
2010.06.03 09:21:52.616,0.9788,0.9793,2.90,3.20
2010.06.03 09:21:53.604,0.97885,0.9792,1.00,2.40
2010.06.03 09:21:53.837,0.9788,0.9792,2.40,2.40
2010.06.03 09:21:55.064,0.97875,0.97925,1.00,1.00
2010.06.03 09:21:55.400,0.97875,0.9793,2.00,3.00
2010.06.03 09:21:55.726,0.9788,0.9793,2.40,3.00
2010.06.03 09:21:56.400,0.9788,0.9793,2.80,2.40
2010.06.03 09:21:56.740,0.97885,0.9792,1.00,4.40
2010.06.03 09:21:56.837,0.9789,0.9792,2.40,2.80
2010.06.03 09:21:56.936,0.9789,0.9792,2.40,2.40
2010.06.03 09:21:57.753,0.9789,0.97925,2.40,1.00
2010.06.03 09:21:58.099,0.9789,0.9793,2.40,2.40
2010.06.03 09:21:59.352,0.9788,0.9793,3.10,2.50
2010.06.03 09:21:59.817,0.9788,0.9793,3.20,2.50
2010.06.03 09:22:00.990,0.9788,0.9792,3.10,2.40
2010.06.03 09:22:01.331,0.9788,0.97925,2.80,1.00
2010.06.03 09:22:01.668,0.9788,0.9792,1.00,2.40
2010.06.03 09:22:02.534,0.9788,0.9792,2.50,2.40
2010.06.03 09:22:02.881,0.9788,0.97925,2.40,1.00
2010.06.03 09:22:03.096,0.9788,0.9793,3.20,4.50
2010.06.03 09:22:04.420,0.97875,0.9792,1.00,2.40
2010.06.03 09:22:04.917,0.9788,0.9792,2.40,2.40
2010.06.03 09:22:07.616,0.9788,0.9792,2.40,2.90
2010.06.03 09:22:08.343,0.9787,0.9792,3.30,1.00
2010.06.03 09:22:08.610,0.9787,0.9792,2.50,2.80
2010.06.03 09:22:08.728,0.9787,0.9792,3.20,3.00
2010.06.03 09:22:09.497,0.9788,0.97925,2.40,1.00
2010.06.03 09:22:09.835,0.9788,0.9793,3.20,3.20
2010.06.03 09:22:11.205,0.9789,0.9793,2.40,2.40
2010.06.03 09:22:11.868,0.979,0.97935,2.40,1.00
2010.06.03 09:22:12.903,0.979,0.9794,2.40,3.30
2010.06.03 09:22:13.627,0.979,0.9794,2.40,2.40
2010.06.03 09:22:13.816,0.9789,0.9794,3.60,2.40
2010.06.03 09:22:14.698,0.9789,0.9794,2.40,3.10
2010.06.03 09:22:16.216,0.9789,0.9794,2.40,2.90
2010.06.03 09:22:17.108,0.9789,0.97935,2.40,1.00
2010.06.03 09:22:17.496,0.9789,0.97935,2.40,1.00
2010.06.03 09:22:17.688,0.9789,0.97935,2.40,1.00
2010.06.03 09:22:18.628,0.9789,0.97935,2.40,1.00
2010.06.03 09:22:18.886,0.9789,0.97935,2.40,1.00
2010.06.03 09:22:19.146,0.9789,0.97935,2.40,1.00
2010.06.03 09:22:19.407,0.9789,0.97935,2.40,1.00
2010.06.03 09:22:19.747,0.9789,0.97935,2.40,1.00
2010.06.03 09:22:20.748,0.9789,0.97935,2.50,1.00
2010.06.03 09:22:21.846,0.9789,0.97935,2.40,1.00
2010.06.03 09:22:22.785,0.9789,0.97935,2.40,1.00
2010.06.03 09:22:22.929,0.9789,0.97935,2.40,1.00
2010.06.03 09:22:23.626,0.9789,0.9794,2.40,3.10
2010.06.03 09:22:24.758,0.9789,0.9794,2.50,3.10
2010.06.03 09:22:25.095,0.9789,0.9794,2.50,2.80
2010.06.03 09:22:25.226,0.9789,0.97935,2.50,1.00
2010.06.03 09:22:25.355,0.9789,0.9794,2.50,3.20
2010.06.03 09:22:26.129,0.9789,0.9794,2.40,3.20
2010.06.03 09:22:27.127,0.9789,0.9794,2.40,3.30
2010.06.03 09:22:27.456,0.9789,0.9794,2.40,3.20
2010.06.03 09:22:29.071,0.979,0.9794,2.40,2.40
2010.06.03 09:22:30.401,0.979,0.97935,2.40,1.00
2010.06.03 09:22:30.727,0.979,0.97935,2.40,1.20
2010.06.03 09:22:31.057,0.9789,0.9794,2.90,4.30
2010.06.03 09:22:32.034,0.9789,0.9793,2.40,2.40
2010.06.03 09:22:32.320,0.9789,0.97935,2.40,1.00
2010.06.03 09:22:32.609,0.9789,0.9793,2.40,1.00
2010.06.03 09:22:33.457,0.9789,0.9793,2.40,2.50
2010.06.03 09:22:35.325,0.9789,0.9793,2.40,2.40
2010.06.03 09:22:36.847,0.9789,0.9792,2.40,2.40
2010.06.03 09:22:38.011,0.9788,0.9792,2.40,2.40
2010.06.03 09:22:38.340,0.9788,0.9791,2.40,2.40
2010.06.03 09:22:38.527,0.9788,0.9792,2.40,2.80
2010.06.03 09:22:38.716,0.9788,0.9792,2.40,3.10
2010.06.03 09:22:38.896,0.9788,0.9792,2.40,2.40
2010.06.03 09:22:43.598,0.9787,0.9791,2.40,3.20
2010.06.03 09:22:43.678,0.9787,0.9791,2.50,3.20
2010.06.03 09:22:46.817,0.9787,0.9791,2.40,3.20
2010.06.03 09:22:50.725,0.9787,0.979,2.40,2.40
2010.06.03 09:22:50.923,0.9787,0.9791,2.40,1.00
2010.06.03 09:22:51.936,0.9789,0.9792,2.40,1.00
2010.06.03 09:22:53.011,0.9789,0.97925,2.40,1.00
2010.06.03 09:22:53.261,0.9789,0.9793,2.40,2.80
2010.06.03 09:22:53.513,0.9788,0.9792,3.10,2.40
2010.06.03 09:22:53.761,0.9789,0.9793,2.50,3.20
2010.06.03 09:22:54.460,0.9789,0.9793,2.40,3.20
2010.06.03 09:22:54.750,0.9788,0.9792,2.40,2.40
2010.06.03 09:22:58.959,0.9787,0.9792,3.00,2.40
2010.06.03 09:23:00.840,0.9787,0.9792,3.60,2.40
2010.06.03 09:23:01.152,0.97875,0.9792,1.00,2.40
2010.06.03 09:23:01.412,0.9788,0.9791,2.40,2.40
2010.06.03 09:23:01.670,0.9788,0.9792,2.40,3.20
2010.06.03 09:23:02.587,0.9788,0.9791,2.40,2.40
2010.06.03 09:23:03.137,0.9789,0.9791,1.00,2.40
2010.06.03 09:23:03.417,0.97885,0.9791,2.40,2.40
2010.06.03 09:23:04.417,0.97885,0.9792,1.00,2.40
2010.06.03 09:23:05.441,0.979,0.9792,2.40,1.00
2010.06.03 09:23:05.780,0.97895,0.9793,2.00,3.10
2010.06.03 09:23:06.789,0.9789,0.97935,3.50,1.00
2010.06.03 09:23:07.081,0.9789,0.9793,2.40,1.00
2010.06.03 09:23:07.370,0.97895,0.97935,1.00,1.60
2010.06.03 09:23:08.083,0.97895,0.9793,1.00,2.40
2010.06.03 09:23:08.411,0.979,0.97935,2.40,1.00
2010.06.03 09:23:09.386,0.97895,0.9794,1.00,2.40
2010.06.03 09:23:09.698,0.97895,0.9794,1.00,2.50
2010.06.03 09:23:09.997,0.9789,0.9793,5.60,2.40
2010.06.03 09:23:10.954,0.9789,0.9793,2.80,2.40
2010.06.03 09:23:11.301,0.97895,0.9793,1.00,2.40
2010.06.03 09:23:11.640,0.9789,0.97935,4.50,1.60
2010.06.03 09:23:12.624,0.9789,0.9793,4.50,2.40
2010.06.03 09:23:13.787,0.9789,0.9793,4.40,2.40
2010.06.03 09:23:13.936,0.9789,0.9793,4.40,2.50
2010.06.03 09:23:14.709,0.9789,0.9793,2.00,2.50
2010.06.03 09:23:14.922,0.979,0.9793,2.40,2.40
2010.06.03 09:23:15.128,0.9789,0.9793,3.70,2.40
2010.06.03 09:23:15.942,0.9789,0.97925,2.90,1.00
2010.06.03 09:23:16.284,0.97885,0.9792,1.00,2.40
2010.06.03 09:23:18.351,0.97885,0.9792,1.00,3.20
2010.06.03 09:23:18.817,0.9789,0.9792,2.40,2.40
2010.06.03 09:23:22.217,0.97885,0.9792,1.00,3.70
2010.06.03 09:23:22.557,0.9788,0.9792,3.20,4.00
2010.06.03 09:23:23.369,0.9788,0.9792,2.40,4.80
2010.06.03 09:23:23.692,0.97875,0.9791,2.00,3.20
2010.06.03 09:23:28.907,0.97875,0.9791,2.80,3.20
2010.06.03 09:23:33.466,0.97875,0.9791,2.40,3.20
2010.06.03 09:23:33.805,0.97875,0.9791,1.00,3.20
2010.06.03 09:23:33.906,0.9787,0.9791,3.60,3.20
2010.06.03 09:23:35.136,0.9787,0.9791,3.70,3.20
2010.06.03 09:23:35.589,0.9787,0.9791,2.90,3.20
2010.06.03 09:23:35.837,0.9787,0.979,2.80,2.40
2010.06.03 09:23:36.727,0.9787,0.97895,1.30,1.00
2010.06.03 09:23:36.907,0.97865,0.979,1.00,2.40
2010.06.03 09:23:37.086,0.9787,0.979,2.40,2.40
2010.06.03 09:23:38.707,0.97865,0.97895,1.60,1.00
2010.06.03 09:23:38.916,0.9786,0.97895,5.30,1.00
2010.06.03 09:23:39.126,0.9786,0.97895,4.50,1.00
2010.06.03 09:23:40.409,0.9785,0.9789,2.40,2.40
2010.06.03 09:23:40.527,0.9785,0.97885,2.40,1.00
2010.06.03 09:23:40.647,0.9785,0.9789,2.40,2.40
2010.06.03 09:23:40.876,0.9785,0.97885,2.40,1.00
2010.06.03 09:23:40.987,0.9785,0.9788,2.40,2.40
2010.06.03 09:23:49.808,0.9785,0.9788,1.00,2.40
2010.06.03 09:23:49.912,0.9785,0.9788,1.00,2.40
2010.06.03 09:23:49.974,0.97845,0.9788,2.90,2.40
2010.06.03 09:23:50.659,0.97845,0.9788,2.80,2.40
2010.06.03 09:23:50.739,0.97845,0.9787,3.20,2.40
2010.06.03 09:23:50.812,0.9785,0.97875,2.40,1.00
2010.06.03 09:23:52.495,0.9785,0.9788,4.00,2.40
2010.06.03 09:23:52.590,0.9787,0.9788,2.40,1.00
2010.06.03 09:23:53.302,0.9787,0.979,2.40,1.70
2010.06.03 09:23:53.402,0.9787,0.97905,3.20,1.00
2010.06.03 09:23:54.279,0.97875,0.9792,1.00,2.40
2010.06.03 09:23:54.630,0.9789,0.9793,2.40,3.00
2010.06.03 09:23:54.819,0.9789,0.9793,3.60,2.40
2010.06.03 09:23:55.668,0.9789,0.9793,4.40,2.40
2010.06.03 09:23:56.011,0.9789,0.9793,2.40,2.40
2010.06.03 09:23:56.348,0.9788,0.9792,3.10,2.40
2010.06.03 09:23:57.353,0.9789,0.9793,2.40,3.20
2010.06.03 09:23:57.657,0.97895,0.9793,1.00,3.20
2010.06.03 09:23:57.961,0.979,0.9793,2.40,3.20
2010.06.03 09:23:59.218,0.9791,0.9794,2.40,3.20
2010.06.03 09:23:59.347,0.97895,0.9793,1.00,2.40
2010.06.03 09:24:00.086,0.97895,0.97925,1.00,1.00
2010.06.03 09:24:00.228,0.9789,0.9792,2.40,2.40
2010.06.03 09:24:01.251,0.9789,0.97925,3.20,1.00
2010.06.03 09:24:02.238,0.9789,0.9793,2.40,2.40
2010.06.03 09:24:02.577,0.9789,0.97925,2.40,1.00
2010.06.03 09:24:02.766,0.97885,0.97925,1.00,1.00
2010.06.03 09:24:03.658,0.97885,0.9792,1.00,3.20
2010.06.03 09:24:04.217,0.97885,0.9792,1.70,3.20
2010.06.03 09:24:04.498,0.9789,0.9792,2.40,2.40
2010.06.03 09:24:05.759,0.9789,0.9793,2.40,2.90
2010.06.03 09:24:06.046,0.9789,0.9793,2.40,2.40
2010.06.03 09:24:07.300,0.9789,0.9793,3.00,2.40
2010.06.03 09:24:07.587,0.979,0.9794,2.40,3.10
2010.06.03 09:24:07.878,0.979,0.9794,2.40,2.40
2010.06.03 09:24:11.148,0.9789,0.9794,2.90,3.20
2010.06.03 09:24:11.359,0.979,0.9794,2.40,3.20
2010.06.03 09:24:11.572,0.979,0.9794,2.40,1.00
2010.06.03 09:24:12.568,0.97895,0.9794,1.00,3.20
2010.06.03 09:24:12.887,0.9789,0.9794,2.50,3.60
2010.06.03 09:24:13.207,0.979,0.9794,2.40,3.60
2010.06.03 09:24:14.138,0.979,0.9794,2.40,2.80
2010.06.03 09:24:14.408,0.979,0.9794,2.40,2.80
2010.06.03 09:24:14.676,0.979,0.9794,2.40,2.40
2010.06.03 09:24:17.527,0.979,0.9794,2.40,3.20
2010.06.03 09:24:17.750,0.979,0.9794,2.40,2.40
2010.06.03 09:24:19.682,0.9789,0.9793,4.50,2.40
2010.06.03 09:24:19.796,0.9789,0.9793,2.40,2.40
2010.06.03 09:24:21.386,0.9789,0.9793,2.50,2.40
2010.06.03 09:24:22.033,0.9789,0.9793,2.50,2.90
2010.06.03 09:24:23.288,0.97885,0.9793,1.00,2.40
2010.06.03 09:24:23.598,0.9788,0.9793,3.60,2.40
2010.06.03 09:24:23.708,0.97885,0.9793,1.00,2.40
2010.06.03 09:24:24.791,0.97885,0.9792,1.00,2.40
2010.06.03 09:24:26.149,0.97895,0.9793,2.00,2.80
2010.06.03 09:24:26.489,0.97895,0.9793,2.80,2.40
2010.06.03 09:24:27.512,0.97895,0.9793,1.20,2.40
2010.06.03 09:24:27.779,0.97895,0.9792,1.00,2.40
2010.06.03 09:24:28.834,0.97895,0.9792,1.00,2.40
2010.06.03 09:24:29.171,0.97885,0.9791,1.00,2.40
2010.06.03 09:24:30.189,0.9788,0.9792,2.80,2.40
2010.06.03 09:24:30.532,0.9788,0.9791,1.00,2.40
2010.06.03 09:24:31.003,0.97875,0.9791,1.00,2.40
2010.06.03 09:24:31.968,0.9788,0.9792,2.40,3.50
2010.06.03 09:24:32.199,0.97885,0.9793,1.00,2.40
2010.06.03 09:24:32.427,0.97885,0.9793,1.00,2.40
2010.06.03 09:24:33.379,0.97905,0.9792,1.00,2.40
2010.06.03 09:24:33.677,0.9789,0.9792,2.80,2.40
2010.06.03 09:24:34.711,0.979,0.9793,1.00,2.40
2010.06.03 09:24:35.031,0.97905,0.97935,1.00,1.00
2010.06.03 09:24:36.049,0.97915,0.9796,1.00,3.20
2010.06.03 09:24:36.387,0.97915,0.9796,1.00,2.40
2010.06.03 09:24:37.243,0.9792,0.9796,2.40,3.20
2010.06.03 09:24:37.540,0.97915,0.9796,1.00,3.20
2010.06.03 09:24:37.828,0.97915,0.9795,1.00,2.40
2010.06.03 09:24:38.596,0.97915,0.9796,1.00,4.00
2010.06.03 09:24:38.889,0.97915,0.9796,1.00,3.80
2010.06.03 09:24:40.140,0.97915,0.9796,1.00,3.20
2010.06.03 09:24:40.432,0.9791,0.9795,2.90,3.20
2010.06.03 09:24:40.717,0.9791,0.9795,2.50,3.20
2010.06.03 09:24:41.687,0.97905,0.9794,1.00,2.40
2010.06.03 09:24:42.287,0.979,0.9794,3.30,2.40
2010.06.03 09:24:43.537,0.979,0.9793,2.50,2.40
2010.06.03 09:24:43.757,0.97905,0.9794,1.00,2.40
2010.06.03 09:24:43.977,0.979,0.9794,2.50,2.40
2010.06.03 09:24:47.956,0.979,0.9794,2.40,4.00
2010.06.03 09:24:48.839,0.979,0.9793,2.40,2.40
2010.06.03 09:24:49.026,0.979,0.9793,2.50,2.40
2010.06.03 09:24:51.568,0.979,0.9793,2.40,2.40
2010.06.03 09:24:54.007,0.9789,0.9793,3.30,2.40
2010.06.03 09:24:55.026,0.9789,0.9793,2.50,2.40
2010.06.03 09:24:58.907,0.979,0.9793,2.40,2.40
2010.06.03 09:25:02.776,0.979,0.9793,2.50,2.40
2010.06.03 09:25:08.309,0.9791,0.97945,2.40,1.20
2010.06.03 09:25:08.377,0.9791,0.97945,2.40,1.00
2010.06.03 09:25:08.436,0.9791,0.9795,2.40,3.40
2010.06.03 09:25:09.368,0.9791,0.9795,2.40,2.80
2010.06.03 09:25:09.686,0.9791,0.9795,2.50,2.80
2010.06.03 09:25:10.986,0.9791,0.9795,2.40,2.80
2010.06.03 09:25:12.127,0.9791,0.9795,2.40,2.40
2010.06.03 09:25:12.229,0.9791,0.97955,2.40,1.60
2010.06.03 09:25:15.006,0.97915,0.97955,1.00,1.60
2010.06.03 09:25:15.186,0.9792,0.97955,2.40,1.60
2010.06.03 09:25:16.025,0.9792,0.97955,2.40,1.20
2010.06.03 09:25:16.723,0.9792,0.97955,2.50,1.00
2010.06.03 09:25:17.071,0.9793,0.9795,2.40,1.00
2010.06.03 09:25:17.736,0.9792,0.9795,2.40,1.00
2010.06.03 09:25:18.053,0.9793,0.9795,2.40,1.00
2010.06.03 09:25:18.258,0.9793,0.97955,2.40,1.00
2010.06.03 09:25:19.159,0.9793,0.97955,2.40,1.00
2010.06.03 09:25:19.501,0.9792,0.97965,2.40,2.00
2010.06.03 09:25:20.821,0.9792,0.97965,2.40,2.10
2010.06.03 09:25:21.157,0.9793,0.97965,2.40,2.40
2010.06.03 09:25:21.497,0.97915,0.9796,1.90,2.40
2010.06.03 09:25:21.727,0.9792,0.9796,2.40,2.40
2010.06.03 09:25:22.530,0.9792,0.9796,1.00,2.40
2010.06.03 09:25:22.751,0.9792,0.9796,2.40,2.40
2010.06.03 09:25:24.440,0.97915,0.9796,1.60,2.40
2010.06.03 09:25:24.779,0.9792,0.9796,2.40,2.40
2010.06.03 09:25:25.116,0.9792,0.9796,3.20,2.40
2010.06.03 09:25:25.226,0.9792,0.9797,2.80,2.50
2010.06.03 09:25:26.260,0.9793,0.9797,2.40,2.40
2010.06.03 09:25:31.871,0.9793,0.97975,2.40,1.00
2010.06.03 09:25:32.067,0.9793,0.9797,2.40,2.40
2010.06.03 09:25:34.351,0.97925,0.9796,1.20,3.20
2010.06.03 09:25:34.456,0.97925,0.9796,1.00,3.20
2010.06.03 09:25:39.355,0.9793,0.9797,2.40,3.20
2010.06.03 09:25:40.069,0.9793,0.9797,2.40,2.40
2010.06.03 09:25:41.556,0.9793,0.9797,2.50,2.40
2010.06.03 09:25:41.730,0.9793,0.97975,2.50,1.00
2010.06.03 09:25:41.908,0.9793,0.9797,2.40,2.40
2010.06.03 09:25:43.936,0.9793,0.97975,2.50,1.00
2010.06.03 09:25:44.126,0.9793,0.97975,2.50,1.00
2010.06.03 09:25:45.167,0.9793,0.97975,2.50,1.00
2010.06.03 09:25:45.526,0.9793,0.97975,2.50,1.00
2010.06.03 09:25:50.090,0.9793,0.9797,2.50,1.00
2010.06.03 09:25:50.186,0.9793,0.9797,2.50,3.20
2010.06.03 09:25:50.946,0.9793,0.9796,2.40,1.00
2010.06.03 09:25:51.037,0.9793,0.9796,2.40,3.20
2010.06.03 09:25:51.787,0.9793,0.9796,2.50,3.20
2010.06.03 09:25:52.154,0.9793,0.9796,2.40,2.40
2010.06.03 09:25:52.259,0.9792,0.9796,3.10,2.40
2010.06.03 09:25:53.009,0.9792,0.9797,3.10,4.10
2010.06.03 09:25:53.139,0.9793,0.9797,3.60,1.00
2010.06.03 09:25:53.479,0.9794,0.9797,2.40,1.00
2010.06.03 09:25:54.493,0.9794,0.9798,2.40,2.80
2010.06.03 09:25:54.790,0.9794,0.9798,2.40,2.40
2010.06.03 09:25:56.672,0.9794,0.9798,1.00,2.40
2010.06.03 09:25:56.843,0.9795,0.98,5.30,2.40
2010.06.03 09:25:57.009,0.9795,0.9799,2.90,2.40
2010.06.03 09:25:57.836,0.97955,0.9799,1.00,2.40
2010.06.03 09:25:58.180,0.9795,0.98,3.20,3.50
2010.06.03 09:25:58.518,0.9795,0.98,4.30,2.40
2010.06.03 09:25:58.858,0.9795,0.98005,3.00,1.00
2010.06.03 09:25:59.860,0.9795,0.98,3.10,2.40
2010.06.03 09:26:00.028,0.9795,0.98,3.20,2.40
2010.06.03 09:26:00.356,0.97955,0.98,1.00,2.40
2010.06.03 09:26:00.516,0.97955,0.98,1.00,2.40
2010.06.03 09:26:00.676,0.9796,0.98005,2.40,1.10
2010.06.03 09:26:01.718,0.9797,0.9801,2.50,5.00
2010.06.03 09:26:02.058,0.9797,0.9801,2.50,2.80
2010.06.03 09:26:02.821,0.9797,0.9801,2.50,2.40
2010.06.03 09:26:03.088,0.9797,0.9801,3.20,2.40
2010.06.03 09:26:03.616,0.9797,0.9801,2.50,2.40
2010.06.03 09:26:03.876,0.9797,0.9801,3.20,2.40
2010.06.03 09:26:04.217,0.97975,0.9801,1.00,2.40
2010.06.03 09:26:05.220,0.9797,0.9801,2.50,3.20
2010.06.03 09:26:06.641,0.97965,0.9801,1.00,4.10
2010.06.03 09:26:06.976,0.97965,0.9801,1.00,4.60
2010.06.03 09:26:07.316,0.9797,0.9801,1.00,4.60
2010.06.03 09:26:07.606,0.97965,0.9801,1.00,4.70
2010.06.03 09:26:08.608,0.9797,0.9801,2.40,4.60
2010.06.03 09:26:08.933,0.9797,0.9801,2.40,4.60
2010.06.03 09:26:09.237,0.9797,0.9801,2.40,4.80
2010.06.03 09:26:15.019,0.9797,0.9801,2.40,4.80
2010.06.03 09:26:15.212,0.9797,0.9801,3.20,3.20
2010.06.03 09:26:16.826,0.9797,0.9801,3.30,3.20
2010.06.03 09:26:17.597,0.9797,0.9801,3.20,3.20
2010.06.03 09:26:17.938,0.9797,0.9801,3.30,3.20
2010.06.03 09:26:18.716,0.9797,0.9801,3.20,3.20
2010.06.03 09:26:20.148,0.9797,0.9801,5.20,3.20
2010.06.03 09:26:21.035,0.9797,0.9801,5.30,3.20
2010.06.03 09:26:22.466,0.9797,0.9801,5.20,3.20
2010.06.03 09:26:23.277,0.9797,0.9801,2.40,4.00
2010.06.03 09:26:25.539,0.9797,0.9801,3.30,4.00
2010.06.03 09:26:25.766,0.9797,0.9801,3.30,3.60
2010.06.03 09:26:25.986,0.9797,0.9801,3.30,3.20
2010.06.03 09:26:27.618,0.9797,0.9801,2.40,4.00
2010.06.03 09:26:27.776,0.9797,0.98,2.40,2.40
2010.06.03 09:26:31.336,0.9796,0.98,3.30,3.20
2010.06.03 09:26:32.176,0.9796,0.98,3.20,3.20
2010.06.03 09:26:33.367,0.9796,0.98,2.40,3.30
2010.06.03 09:26:33.500,0.9795,0.9799,2.50,2.40
2010.06.03 09:26:35.029,0.97955,0.97995,1.00,1.00
2010.06.03 09:26:35.376,0.9795,0.9799,2.50,2.40
2010.06.03 09:26:35.638,0.9795,0.9799,2.40,2.40
2010.06.03 09:26:38.804,0.9795,0.9799,2.40,2.50
2010.06.03 09:26:38.928,0.9794,0.9799,3.20,2.80
2010.06.03 09:26:39.058,0.9794,0.9799,3.20,3.10
2010.06.03 09:26:39.557,0.9795,0.9799,1.00,2.40
2010.06.03 09:26:39.675,0.97945,0.9799,1.00,2.40
2010.06.03 09:26:41.199,0.9795,0.97995,2.80,1.00
2010.06.03 09:26:41.370,0.9795,0.98,2.40,4.30
2010.06.03 09:26:41.538,0.9795,0.9799,1.00,2.40
2010.06.03 09:26:41.708,0.9795,0.98,2.40,5.20
2010.06.03 09:26:41.879,0.9795,0.9799,1.00,2.40
2010.06.03 09:26:42.207,0.9795,0.9799,1.00,2.40
2010.06.03 09:26:42.528,0.9795,0.98,3.20,3.70
2010.06.03 09:26:43.347,0.9795,0.9799,1.00,2.40
2010.06.03 09:26:43.419,0.9795,0.9799,1.00,2.40
2010.06.03 09:26:44.004,0.97945,0.9799,1.00,2.40
2010.06.03 09:26:44.286,0.9795,0.9799,1.00,2.40
2010.06.03 09:26:45.464,0.9795,0.9799,2.40,2.50
2010.06.03 09:26:46.399,0.9795,0.9799,2.40,2.40
2010.06.03 09:26:48.018,0.97945,0.9798,1.00,2.40
2010.06.03 09:26:48.267,0.9794,0.9798,2.50,2.40
2010.06.03 09:26:50.236,0.9794,0.9798,2.40,2.50
2010.06.03 09:26:50.546,0.9794,0.9798,2.50,2.40
2010.06.03 09:26:51.255,0.9794,0.9798,2.40,2.50
2010.06.03 09:26:51.600,0.97945,0.9798,1.00,2.80
2010.06.03 09:26:51.798,0.97945,0.9798,1.00,2.40
2010.06.03 09:26:56.119,0.9794,0.9798,2.40,2.90
2010.06.03 09:26:56.511,0.97935,0.9797,1.20,2.40
2010.06.03 09:26:56.852,0.9794,0.9798,2.40,4.00
2010.06.03 09:26:57.849,0.9793,0.9797,2.50,2.40
2010.06.03 09:27:00.456,0.9793,0.9797,2.40,2.40
2010.06.03 09:27:02.908,0.9793,0.9797,2.40,2.80
2010.06.03 09:27:04.340,0.9793,0.9796,2.40,3.20
2010.06.03 09:27:05.745,0.9794,0.9797,2.40,4.00
2010.06.03 09:27:06.083,0.9793,0.9797,2.50,4.80
2010.06.03 09:27:06.262,0.9793,0.97965,2.40,1.00
2010.06.03 09:27:07.120,0.9793,0.9797,2.40,6.10
2010.06.03 09:27:07.459,0.9791,0.9796,4.40,2.40
2010.06.03 09:27:07.799,0.9792,0.9796,2.40,2.40
2010.06.03 09:27:08.820,0.9791,0.9795,1.00,2.40
2010.06.03 09:27:09.107,0.97905,0.9795,1.00,2.40
2010.06.03 09:27:09.399,0.9791,0.9795,2.40,2.40
2010.06.03 09:27:12.486,0.9791,0.9795,2.40,2.50
2010.06.03 09:27:12.636,0.9791,0.9795,2.50,2.40
2010.06.03 09:27:13.548,0.9791,0.9795,2.40,2.40
2010.06.03 09:27:13.946,0.9791,0.9795,2.40,3.10
2010.06.03 09:27:14.196,0.9791,0.9795,2.40,2.40
2010.06.03 09:27:16.761,0.97905,0.9795,1.00,2.40
2010.06.03 09:27:17.033,0.97905,0.9794,1.00,2.40
2010.06.03 09:27:17.307,0.97905,0.9794,1.00,2.40
2010.06.03 09:27:18.116,0.979,0.9794,2.90,2.40
2010.06.03 09:27:19.567,0.97905,0.9794,1.00,2.40
2010.06.03 09:27:20.248,0.9791,0.9794,2.40,2.40
2010.06.03 09:27:20.352,0.97905,0.9794,1.00,2.40
2010.06.03 09:27:20.448,0.979,0.9794,3.20,2.40
2010.06.03 09:27:21.511,0.979,0.9794,2.40,2.40
2010.06.03 09:27:24.426,0.979,0.97935,2.40,1.00
2010.06.03 09:27:24.499,0.979,0.97935,2.40,1.00
2010.06.03 09:27:25.562,0.9791,0.9794,2.40,2.40
2010.06.03 09:27:25.877,0.97895,0.9795,1.00,3.20
2010.06.03 09:27:26.766,0.97895,0.9794,1.00,2.40
2010.06.03 09:27:27.110,0.9789,0.9794,2.80,2.80
2010.06.03 09:27:28.714,0.9789,0.9794,2.90,2.90
2010.06.03 09:27:32.467,0.9789,0.97935,2.40,1.00
2010.06.03 09:27:32.930,0.9789,0.97935,2.40,1.00
2010.06.03 09:27:33.236,0.9788,0.97935,3.20,1.30
2010.06.03 09:27:33.386,0.9788,0.97935,3.20,1.00
2010.06.03 09:27:34.407,0.9788,0.97925,2.40,1.00
2010.06.03 09:27:35.089,0.9788,0.97925,2.50,1.00
2010.06.03 09:27:36.057,0.9788,0.9793,2.50,3.20
2010.06.03 09:27:36.346,0.9788,0.9793,2.50,3.30
2010.06.03 09:27:38.160,0.9789,0.9793,2.40,2.40
2010.06.03 09:27:47.567,0.97895,0.9793,1.00,2.40
2010.06.03 09:27:47.888,0.97895,0.9794,1.70,5.60
2010.06.03 09:27:48.208,0.979,0.97935,2.40,1.00
2010.06.03 09:27:48.959,0.9789,0.97935,2.90,1.00
2010.06.03 09:27:49.209,0.9789,0.9793,3.20,2.40
2010.06.03 09:27:50.722,0.9789,0.9793,3.30,2.40
2010.06.03 09:27:51.628,0.979,0.97935,2.40,2.40
2010.06.03 09:27:52.612,0.9789,0.9793,4.50,2.40
2010.06.03 09:27:52.952,0.979,0.9794,2.40,3.20
2010.06.03 09:27:54.177,0.979,0.9794,2.50,2.80
2010.06.03 09:27:55.357,0.9791,0.9794,2.40,2.40
2010.06.03 09:27:55.807,0.9791,0.9795,2.40,4.80
2010.06.03 09:27:56.645,0.9791,0.9795,2.40,5.20
2010.06.03 09:27:56.988,0.979,0.9794,2.40,2.40
2010.06.03 09:27:59.281,0.9791,0.9795,2.40,2.50
2010.06.03 09:27:59.937,0.9791,0.9795,2.40,2.40
2010.06.03 09:28:00.024,0.9791,0.9795,2.40,2.50
2010.06.03 09:28:01.327,0.9791,0.9795,2.50,2.40
2010.06.03 09:28:01.646,0.9791,0.9795,2.40,2.40
2010.06.03 09:28:07.280,0.9791,0.9795,2.40,4.10
2010.06.03 09:28:07.618,0.9791,0.9795,2.40,2.40
2010.06.03 09:28:07.957,0.9792,0.9795,2.40,2.40
2010.06.03 09:28:08.952,0.9791,0.9795,3.20,2.40
2010.06.03 09:28:09.251,0.9791,0.9796,2.40,4.10
2010.06.03 09:28:09.438,0.9792,0.97955,2.40,1.00
2010.06.03 09:28:10.473,0.9791,0.97955,2.50,1.00
2010.06.03 09:28:10.977,0.9791,0.9796,2.50,4.00
2010.06.03 09:28:13.671,0.9791,0.9796,2.50,4.10
2010.06.03 09:28:16.256,0.9791,0.9796,2.40,4.00
2010.06.03 09:28:17.276,0.9791,0.9796,3.10,3.20
2010.06.03 09:28:18.258,0.9792,0.9796,2.40,3.30
2010.06.03 09:28:18.457,0.9792,0.9796,2.40,3.20
2010.06.03 09:28:20.347,0.9792,0.9796,2.50,3.20
2010.06.03 09:28:21.735,0.9792,0.9795,2.50,1.00
2010.06.03 09:28:21.968,0.9792,0.9795,2.40,1.00
2010.06.03 09:28:22.208,0.9792,0.9795,2.40,3.20
2010.06.03 09:28:23.098,0.9791,0.9795,2.50,3.20
2010.06.03 09:28:23.777,0.9791,0.9795,2.40,4.00
2010.06.03 09:28:24.707,0.9791,0.9795,2.40,5.40
2010.06.03 09:28:24.967,0.979,0.9794,5.10,2.40
2010.06.03 09:28:25.236,0.979,0.9794,4.90,2.40
2010.06.03 09:28:26.227,0.979,0.9794,4.40,2.40
2010.06.03 09:28:26.568,0.9791,0.9794,2.40,2.40
2010.06.03 09:28:28.308,0.9791,0.9795,2.40,3.20
2010.06.03 09:28:29.484,0.9791,0.97945,2.40,1.00
2010.06.03 09:28:29.727,0.9791,0.9794,2.40,2.40
2010.06.03 09:28:30.869,0.9791,0.97945,2.40,1.00
2010.06.03 09:28:31.108,0.9791,0.9794,2.40,2.40
2010.06.03 09:28:31.348,0.979,0.9794,4.30,2.40
2010.06.03 09:28:32.060,0.979,0.9794,3.50,2.40
2010.06.03 09:28:32.397,0.979,0.9794,2.80,2.40
2010.06.03 09:28:32.736,0.979,0.9794,2.80,2.50
2010.06.03 09:28:34.028,0.979,0.9794,2.80,2.40
2010.06.03 09:28:34.281,0.9791,0.97945,3.20,1.00
2010.06.03 09:28:34.500,0.9791,0.9794,3.20,2.50
2010.06.03 09:28:35.379,0.979,0.9793,3.40,2.40
2010.06.03 09:28:35.643,0.9791,0.97945,3.20,1.00
2010.06.03 09:28:35.911,0.9791,0.9794,3.20,2.40
2010.06.03 09:28:36.840,0.9792,0.9795,2.40,2.50
2010.06.03 09:28:37.181,0.9792,0.9795,2.40,2.40
2010.06.03 09:28:38.481,0.9792,0.97955,3.20,1.00
2010.06.03 09:28:38.778,0.9792,0.9795,3.20,2.40
2010.06.03 09:28:39.738,0.9791,0.97945,4.50,1.00
2010.06.03 09:28:40.030,0.9793,0.9796,3.20,2.40
2010.06.03 09:28:43.608,0.9792,0.9795,3.20,2.40
2010.06.03 09:28:43.850,0.9793,0.9796,2.40,4.00
2010.06.03 09:28:44.554,0.9792,0.9796,2.40,4.00
2010.06.03 09:28:44.899,0.9791,0.9795,4.10,2.40
2010.06.03 09:28:45.242,0.9791,0.9795,2.40,2.40
2010.06.03 09:28:45.577,0.9792,0.9796,2.40,4.00
2010.06.03 09:28:46.578,0.9791,0.9795,2.40,2.40
2010.06.03 09:28:46.917,0.9792,0.9796,2.40,3.40
2010.06.03 09:28:47.804,0.9793,0.9797,2.40,1.00
2010.06.03 09:28:48.015,0.9793,0.97975,2.40,1.00
2010.06.03 09:28:48.225,0.9793,0.9797,2.40,2.40
2010.06.03 09:28:49.299,0.9794,0.9798,2.40,2.50
2010.06.03 09:28:50.237,0.9794,0.9798,2.40,2.40
2010.06.03 09:28:51.367,0.9793,0.9797,2.40,2.40
2010.06.03 09:28:54.657,0.9793,0.9797,2.50,2.40
2010.06.03 09:28:54.998,0.9793,0.9797,2.40,2.40
2010.06.03 09:28:56.185,0.9793,0.9797,2.50,2.40
2010.06.03 09:28:57.260,0.9794,0.9797,2.40,2.40
2010.06.03 09:28:58.409,0.9793,0.9797,2.40,2.40
2010.06.03 09:28:59.259,0.9794,0.9797,2.40,2.40
2010.06.03 09:28:59.886,0.9793,0.9797,2.40,2.40
2010.06.03 09:29:04.167,0.9793,0.9797,2.40,3.00
2010.06.03 09:29:04.246,0.9793,0.9797,2.40,2.40
2010.06.03 09:29:04.928,0.9793,0.9797,2.40,2.50
2010.06.03 09:29:08.404,0.9793,0.9797,2.40,3.20
2010.06.03 09:29:09.170,0.9793,0.9797,2.40,3.10
2010.06.03 09:29:09.420,0.9792,0.9797,3.30,2.50
2010.06.03 09:29:11.600,0.97925,0.9797,1.00,2.40
2010.06.03 09:29:14.366,0.97925,0.9797,1.00,2.40
2010.06.03 09:29:16.268,0.97925,0.9797,1.00,2.40
2010.06.03 09:29:18.858,0.97925,0.9797,1.00,2.80
2010.06.03 09:29:20.295,0.97925,0.9797,1.00,2.80
2010.06.03 09:29:21.536,0.9792,0.9797,2.90,2.90
2010.06.03 09:29:24.108,0.9793,0.9797,2.50,2.80
2010.06.03 09:29:24.267,0.9793,0.9796,2.40,1.00
2010.06.03 09:29:25.043,0.9793,0.9796,2.50,1.00
2010.06.03 09:29:27.200,0.9793,0.9796,2.40,1.00
2010.06.03 09:29:27.932,0.9793,0.9796,2.40,1.00
2010.06.03 09:29:28.881,0.9793,0.9796,2.50,1.00
2010.06.03 09:29:29.230,0.9792,0.9797,2.80,2.50
2010.06.03 09:29:29.378,0.9792,0.9797,2.90,2.50
2010.06.03 09:29:30.205,0.97925,0.9797,1.00,2.40
2010.06.03 09:29:30.501,0.9793,0.9797,2.40,2.80
2010.06.03 09:29:31.086,0.9792,0.9797,3.00,2.80
2010.06.03 09:29:32.147,0.97925,0.9797,1.00,2.80
2010.06.03 09:29:32.829,0.9792,0.9797,3.00,3.00
2010.06.03 09:29:33.171,0.9792,0.9797,3.20,3.20
2010.06.03 09:29:34.109,0.9793,0.9797,2.40,2.50
2010.06.03 09:29:34.558,0.9793,0.9797,2.50,2.40
2010.06.03 09:29:39.486,0.9793,0.9797,2.40,2.40
2010.06.03 09:29:40.449,0.9793,0.9796,2.40,3.20
2010.06.03 09:29:43.676,0.9792,0.9796,2.50,3.20
2010.06.03 09:29:53.258,0.9792,0.9796,2.40,3.20
2010.06.03 09:29:57.398,0.9791,0.9796,3.20,4.00
2010.06.03 09:29:57.536,0.9791,0.9796,3.10,4.70
2010.06.03 09:29:58.999,0.97905,0.9795,2.80,2.40
2010.06.03 09:29:59.247,0.97905,0.9795,2.10,2.40
2010.06.03 09:29:59.487,0.97905,0.9795,1.00,2.40
2010.06.03 09:30:00.668,0.97905,0.9795,1.00,2.40
2010.06.03 09:30:00.929,0.9791,0.9795,1.00,2.40
2010.06.03 09:30:01.188,0.9791,0.9795,3.20,2.50
2010.06.03 09:30:02.145,0.9791,0.9794,2.40,2.40
2010.06.03 09:30:02.491,0.9791,0.9795,3.20,2.50
2010.06.03 09:30:03.494,0.9791,0.9794,2.40,2.40
2010.06.03 09:30:04.143,0.979,0.9794,2.40,2.50
2010.06.03 09:30:05.467,0.979,0.9794,2.40,2.40
2010.06.03 09:30:11.891,0.979,0.9794,2.50,2.40
2010.06.03 09:30:12.598,0.979,0.9794,2.40,2.40
2010.06.03 09:30:15.661,0.979,0.9794,2.50,2.40
2010.06.03 09:30:15.838,0.979,0.9794,2.40,2.40
2010.06.03 09:30:16.206,0.979,0.9794,2.40,2.40
2010.06.03 09:30:16.386,0.979,0.9794,2.50,2.40
2010.06.03 09:30:18.298,0.979,0.9794,2.40,2.40
2010.06.03 09:30:20.897,0.979,0.9794,2.40,3.20
2010.06.03 09:30:21.676,0.9789,0.9793,3.60,2.40
2010.06.03 09:30:21.790,0.9788,0.9793,3.20,4.60
2010.06.03 09:30:21.907,0.9788,0.9791,3.80,2.40
2010.06.03 09:30:22.027,0.9789,0.9793,2.40,4.00
2010.06.03 09:30:22.137,0.9789,0.9793,2.40,4.40
2010.06.03 09:30:22.251,0.97885,0.9793,1.00,4.40
2010.06.03 09:30:23.023,0.9788,0.9792,4.00,3.20
2010.06.03 09:30:23.358,0.9788,0.9792,2.40,3.20
2010.06.03 09:30:25.428,0.9788,0.9792,2.50,3.20
2010.06.03 09:30:27.010,0.9788,0.9791,2.40,3.20
2010.06.03 09:30:28.008,0.9788,0.9792,2.50,5.20
2010.06.03 09:30:28.207,0.9788,0.9792,2.50,1.00
2010.06.03 09:30:28.956,0.9788,0.9792,2.50,3.00
2010.06.03 09:30:29.250,0.9788,0.9792,2.50,2.40
2010.06.03 09:30:29.548,0.9788,0.97915,1.00,1.00
2010.06.03 09:30:29.847,0.97875,0.97915,1.00,1.00
2010.06.03 09:30:30.801,0.97875,0.97915,1.00,1.00
2010.06.03 09:30:34.339,0.9789,0.97915,2.00,1.00
2010.06.03 09:30:34.568,0.979,0.9794,2.40,3.20
2010.06.03 09:30:36.677,0.979,0.9794,2.80,3.20
2010.06.03 09:30:36.959,0.9791,0.97945,2.40,1.00
2010.06.03 09:30:37.840,0.9791,0.9795,2.40,4.80
2010.06.03 09:30:38.182,0.9791,0.9795,2.40,3.20
2010.06.03 09:30:40.516,0.97905,0.9795,1.00,3.20
2010.06.03 09:30:40.686,0.97905,0.9795,1.00,3.20
2010.06.03 09:30:43.266,0.9791,0.97955,2.40,1.00
2010.06.03 09:30:43.446,0.9791,0.97955,2.80,1.00
2010.06.03 09:30:45.245,0.9791,0.9796,3.20,4.10
2010.06.03 09:30:45.291,0.9791,0.9796,3.10,3.20
2010.06.03 09:30:45.456,0.9791,0.9796,3.20,3.20
2010.06.03 09:30:45.578,0.9792,0.9796,2.40,3.20
2010.06.03 09:30:48.054,0.9792,0.9796,2.40,3.30
2010.06.03 09:30:48.266,0.97915,0.9796,1.00,3.30
2010.06.03 09:30:48.477,0.9792,0.9796,2.40,3.30
2010.06.03 09:30:48.567,0.9792,0.9796,2.40,3.20
2010.06.03 09:30:49.441,0.9792,0.9796,2.40,3.20
2010.06.03 09:30:49.807,0.9792,0.9796,2.40,3.20
2010.06.03 09:30:51.008,0.9792,0.9796,2.50,3.20
2010.06.03 09:30:52.067,0.97925,0.9796,1.00,3.20
2010.06.03 09:30:56.446,0.97925,0.9796,1.00,3.20
2010.06.03 09:30:56.787,0.9793,0.9796,2.40,3.20
2010.06.03 09:30:59.114,0.97925,0.9796,1.00,3.20
2010.06.03 09:30:59.237,0.9792,0.9796,2.40,3.20
2010.06.03 09:30:59.367,0.9792,0.9796,2.40,3.60
2010.06.03 09:30:59.451,0.9791,0.9795,3.30,2.40
2010.06.03 09:31:00.220,0.9791,0.9795,2.40,3.20
2010.06.03 09:31:00.563,0.979,0.9794,3.20,2.40
2010.06.03 09:31:00.911,0.9791,0.9795,2.40,4.00
2010.06.03 09:31:02.848,0.97915,0.9795,1.00,3.20
2010.06.03 09:31:02.989,0.9792,0.9795,2.40,3.20
2010.06.03 09:31:22.712,0.97905,0.9794,2.40,1.00
2010.06.03 09:31:22.861,0.97905,0.9794,1.00,3.20
2010.06.03 09:31:23.918,0.97895,0.9794,1.00,4.40
2010.06.03 09:31:24.179,0.97895,0.9793,1.00,1.00
2010.06.03 09:31:24.439,0.9789,0.9792,2.40,2.40
2010.06.03 09:31:25.579,0.9789,0.9793,2.40,2.80
2010.06.03 09:31:25.908,0.9789,0.9793,2.90,2.80
2010.06.03 09:31:26.238,0.97895,0.9793,1.00,2.80
2010.06.03 09:31:27.229,0.9789,0.9793,2.80,2.80
2010.06.03 09:31:27.558,0.9789,0.9793,2.80,2.80
2010.06.03 09:31:29.471,0.9789,0.9793,3.20,2.80
2010.06.03 09:31:29.856,0.9789,0.9793,1.00,2.80
2010.06.03 09:31:29.986,0.97885,0.9793,1.00,2.80
2010.06.03 09:31:30.884,0.97885,0.9793,1.00,2.40
2010.06.03 09:31:31.171,0.9789,0.9794,2.80,3.30
2010.06.03 09:31:32.007,0.9789,0.9794,3.00,3.30
2010.06.03 09:31:32.656,0.9789,0.9793,3.00,2.40
2010.06.03 09:31:32.978,0.97895,0.9793,1.00,2.40
2010.06.03 09:31:33.950,0.97885,0.9792,1.00,3.20
2010.06.03 09:31:34.907,0.9788,0.9792,3.90,3.20
2010.06.03 09:31:36.207,0.9788,0.9792,3.70,3.20
2010.06.03 09:31:39.051,0.9788,0.9792,3.90,3.20
2010.06.03 09:31:39.128,0.9788,0.9792,6.10,2.40
2010.06.03 09:31:39.467,0.97885,0.9793,1.00,2.40
2010.06.03 09:31:40.778,0.97885,0.9793,1.00,2.50
2010.06.03 09:31:41.136,0.97885,0.97925,1.00,1.00
2010.06.03 09:31:41.458,0.9789,0.97925,1.00,1.00
2010.06.03 09:31:42.458,0.97885,0.97925,1.00,1.00
2010.06.03 09:31:42.797,0.97885,0.97925,1.00,1.00
2010.06.03 09:31:43.137,0.97885,0.97925,1.00,1.00
2010.06.03 09:31:43.767,0.9788,0.9792,4.00,3.20
2010.06.03 09:31:44.728,0.9788,0.9792,3.20,3.20
2010.06.03 09:31:45.077,0.9788,0.9792,3.20,3.30
2010.06.03 09:31:46.450,0.9789,0.97915,3.20,1.00
2010.06.03 09:31:46.637,0.9789,0.9792,2.40,3.20
2010.06.03 09:31:48.314,0.979,0.9793,2.40,2.40
2010.06.03 09:31:49.528,0.97885,0.9791,1.50,2.40
2010.06.03 09:31:50.295,0.9789,0.9793,2.40,3.20
2010.06.03 09:31:50.431,0.97875,0.9792,1.20,2.40
2010.06.03 09:31:50.569,0.97875,0.9792,1.00,2.50
2010.06.03 09:31:51.627,0.97875,0.97915,1.00,1.00
2010.06.03 09:31:51.761,0.9787,0.9791,2.80,2.40
2010.06.03 09:31:52.099,0.9788,0.9791,1.00,2.40
2010.06.03 09:31:52.437,0.9788,0.9792,3.00,2.40
2010.06.03 09:31:52.779,0.9788,0.9791,1.00,3.20
2010.06.03 09:31:53.789,0.9788,0.9792,2.40,2.40
2010.06.03 09:31:54.247,0.9788,0.97915,2.40,1.00
2010.06.03 09:31:55.028,0.9788,0.9792,2.40,3.20
2010.06.03 09:31:55.369,0.9788,0.9792,3.20,2.40
2010.06.03 09:31:56.323,0.9789,0.97925,3.20,1.00
2010.06.03 09:31:56.632,0.9789,0.9793,3.20,2.50
2010.06.03 09:31:59.134,0.9789,0.9793,3.20,3.30
2010.06.03 09:31:59.210,0.9789,0.9793,3.20,2.50
2010.06.03 09:32:01.648,0.9789,0.9793,3.20,2.40
2010.06.03 09:32:03.678,0.9789,0.9793,3.20,2.40
2010.06.03 09:32:05.927,0.97885,0.9792,1.00,3.20
2010.06.03 09:32:06.198,0.9788,0.9792,3.20,3.20
2010.06.03 09:32:07.077,0.9788,0.9792,2.40,4.00
2010.06.03 09:32:07.279,0.9788,0.9792,3.20,4.30
2010.06.03 09:32:07.487,0.9788,0.9792,3.20,3.70
2010.06.03 09:32:08.086,0.9788,0.9792,3.30,3.60
2010.06.03 09:32:08.846,0.9788,0.9792,3.30,3.20
2010.06.03 09:32:09.191,0.9787,0.9791,3.20,2.40
2010.06.03 09:32:09.417,0.97875,0.9791,1.00,2.40
2010.06.03 09:32:10.266,0.9787,0.9791,2.50,2.40
2010.06.03 09:32:10.481,0.9787,0.9791,3.10,2.40
2010.06.03 09:32:11.107,0.9787,0.9791,3.20,2.40
2010.06.03 09:32:15.444,0.9787,0.9791,3.10,2.50
2010.06.03 09:32:16.180,0.9787,0.9791,2.40,2.50
2010.06.03 09:32:17.043,0.9787,0.9791,2.40,2.40
2010.06.03 09:32:17.458,0.9787,0.9791,2.50,2.40
2010.06.03 09:32:18.458,0.9788,0.9792,2.40,2.40
2010.06.03 09:32:20.591,0.9788,0.97925,2.50,1.70
2010.06.03 09:32:20.717,0.9788,0.97925,2.50,1.20
2010.06.03 09:32:21.453,0.9788,0.97925,2.40,1.20
2010.06.03 09:32:22.993,0.9788,0.97925,2.50,1.20
2010.06.03 09:32:26.587,0.9788,0.97925,2.40,1.20
2010.06.03 09:32:28.106,0.9788,0.97925,2.50,1.20
2010.06.03 09:32:28.346,0.9788,0.97925,2.40,1.30
2010.06.03 09:32:28.588,0.9788,0.9792,2.40,2.40
2010.06.03 09:32:34.197,0.9789,0.9792,3.20,2.40
2010.06.03 09:32:34.387,0.9789,0.9793,3.20,3.70
2010.06.03 09:32:35.180,0.9789,0.9793,3.20,2.50
2010.06.03 09:32:35.359,0.9788,0.9791,3.10,2.40
2010.06.03 09:32:35.518,0.9788,0.9791,2.40,2.40
2010.06.03 09:32:45.339,0.9788,0.9792,2.50,3.20
2010.06.03 09:32:45.518,0.9788,0.9792,2.50,2.40
2010.06.03 09:32:47.014,0.9788,0.9792,1.20,4.00
2010.06.03 09:32:47.339,0.9788,0.9791,2.40,2.40
2010.06.03 09:32:47.668,0.9788,0.9792,2.40,4.00
2010.06.03 09:32:48.933,0.9788,0.9791,2.40,2.40
2010.06.03 09:32:49.086,0.9787,0.979,2.40,2.40
2010.06.03 09:32:50.971,0.9786,0.979,2.80,2.40
2010.06.03 09:32:52.704,0.9786,0.979,3.00,2.40
2010.06.03 09:32:53.048,0.9786,0.979,2.80,2.40
2010.06.03 09:32:56.776,0.9786,0.979,2.90,2.40
2010.06.03 09:32:57.577,0.97865,0.979,1.00,2.40
2010.06.03 09:32:57.937,0.9787,0.9791,3.70,2.50
2010.06.03 09:32:58.320,0.9787,0.9791,2.90,2.50
2010.06.03 09:32:59.228,0.9787,0.979,1.00,2.40
2010.06.03 09:32:59.500,0.9786,0.979,3.00,2.40
2010.06.03 09:33:00.056,0.9786,0.979,2.80,2.40
2010.06.03 09:33:00.227,0.9786,0.979,2.90,2.40
2010.06.03 09:33:01.587,0.9787,0.979,1.00,2.40
2010.06.03 09:33:02.292,0.9787,0.979,1.40,2.40
2010.06.03 09:33:02.530,0.9786,0.979,5.10,2.40
2010.06.03 09:33:03.067,0.9786,0.979,4.90,2.40
2010.06.03 09:33:04.926,0.9786,0.979,4.90,3.20
2010.06.03 09:33:05.117,0.9786,0.979,4.90,2.40
2010.06.03 09:33:05.857,0.9786,0.979,5.00,2.40
2010.06.03 09:33:06.169,0.9786,0.979,3.00,2.40
2010.06.03 09:33:06.487,0.97865,0.979,1.00,2.40
2010.06.03 09:33:07.110,0.97865,0.9791,1.00,2.90
2010.06.03 09:33:07.450,0.97865,0.979,1.00,2.40
2010.06.03 09:33:08.262,0.9786,0.979,2.40,2.40
2010.06.03 09:33:09.428,0.9786,0.979,2.40,2.40
2010.06.03 09:33:10.348,0.9786,0.979,2.40,3.30
2010.06.03 09:33:10.410,0.9786,0.9789,2.40,2.40
2010.06.03 09:33:10.466,0.9785,0.9789,3.30,2.40
2010.06.03 09:33:10.516,0.9785,0.9789,3.20,3.20
2010.06.03 09:33:12.117,0.9785,0.9789,3.20,3.30
2010.06.03 09:33:12.777,0.9785,0.9789,3.20,3.20
2010.06.03 09:33:22.181,0.9785,0.9789,3.20,2.80
2010.06.03 09:33:22.487,0.9784,0.97885,3.00,1.00
2010.06.03 09:33:22.769,0.9784,0.9788,3.00,1.00
2010.06.03 09:33:23.695,0.9784,0.97875,2.80,1.00
2010.06.03 09:33:23.998,0.9784,0.97875,2.40,1.00
2010.06.03 09:33:24.308,0.9784,0.9787,2.40,2.40
2010.06.03 09:33:31.447,0.9783,0.9787,3.70,2.40
2010.06.03 09:33:32.400,0.9783,0.9787,3.20,2.40
2010.06.03 09:33:33.096,0.9783,0.9787,3.30,2.40
2010.06.03 09:33:34.047,0.9783,0.9787,3.20,2.40
2010.06.03 09:33:37.478,0.9783,0.9787,3.20,2.80
2010.06.03 09:33:38.437,0.9783,0.9787,3.30,2.80
2010.06.03 09:33:41.226,0.9783,0.9787,3.20,2.80
2010.06.03 09:33:41.547,0.9784,0.9787,2.40,4.40
2010.06.03 09:33:41.948,0.9783,0.9787,3.30,2.80
2010.06.03 09:33:42.909,0.9784,0.9787,2.40,2.40
2010.06.03 09:33:45.031,0.9784,0.9788,2.40,2.90
2010.06.03 09:33:48.721,0.9784,0.9787,2.40,2.40
2010.06.03 09:33:49.059,0.9784,0.97875,2.40,1.00
2010.06.03 09:33:49.399,0.9785,0.9788,2.40,2.40
2010.06.03 09:33:51.031,0.97855,0.9788,1.00,2.40
2010.06.03 09:33:52.042,0.97845,0.97885,1.00,2.80
2010.06.03 09:33:52.319,0.97845,0.97885,1.00,3.60
2010.06.03 09:33:53.520,0.9785,0.97885,2.40,1.20
2010.06.03 09:33:53.820,0.97855,0.97885,1.00,1.00
2010.06.03 09:33:54.118,0.9786,0.9789,2.40,3.80
2010.06.03 09:33:55.062,0.97845,0.97885,1.00,1.20
2010.06.03 09:33:57.604,0.97845,0.9788,1.00,2.40
2010.06.03 09:33:57.764,0.97845,0.9788,1.00,5.20
2010.06.03 09:33:58.896,0.97845,0.9788,1.00,3.60
2010.06.03 09:33:59.048,0.97845,0.9788,1.00,6.00
2010.06.03 09:33:59.942,0.97845,0.9788,1.00,5.20
2010.06.03 09:34:00.279,0.9784,0.9787,2.40,1.00
2010.06.03 09:34:01.114,0.97845,0.9788,1.00,5.20
2010.06.03 09:34:01.709,0.97845,0.9788,1.00,5.20
2010.06.03 09:34:02.012,0.9785,0.9788,2.50,4.40
2010.06.03 09:34:02.789,0.9785,0.9788,2.40,4.40
2010.06.03 09:34:03.092,0.9783,0.9788,3.00,4.40
2010.06.03 09:34:03.377,0.9783,0.97875,2.80,1.00
2010.06.03 09:34:03.668,0.9783,0.97875,3.00,1.00
2010.06.03 09:34:04.498,0.9784,0.97875,2.40,1.00
2010.06.03 09:34:05.398,0.9784,0.9788,2.40,4.50
2010.06.03 09:34:06.077,0.9784,0.97875,2.40,1.00
2010.06.03 09:34:06.418,0.97835,0.97875,1.20,1.30
2010.06.03 09:34:06.627,0.97835,0.97875,1.00,4.10
2010.06.03 09:34:08.727,0.97835,0.97875,1.00,1.60
2010.06.03 09:34:13.057,0.97835,0.97875,1.00,1.20
2010.06.03 09:34:14.936,0.97835,0.97875,1.00,1.20
2010.06.03 09:34:17.926,0.97835,0.97875,1.00,1.60
2010.06.03 09:34:19.888,0.97835,0.97875,1.00,1.20
2010.06.03 09:34:20.031,0.97835,0.97875,1.00,1.30
2010.06.03 09:34:21.977,0.97835,0.97875,1.00,1.20
2010.06.03 09:34:24.846,0.97835,0.97875,1.00,1.20
2010.06.03 09:34:25.692,0.97835,0.97875,1.00,1.30
2010.06.03 09:34:25.773,0.97835,0.97875,1.00,1.20
2010.06.03 09:34:28.627,0.97835,0.97875,1.00,3.60
2010.06.03 09:34:33.998,0.9783,0.9786,1.00,1.00
2010.06.03 09:34:34.207,0.9783,0.9786,2.40,1.00
2010.06.03 09:34:34.247,0.9783,0.97865,2.40,1.20
2010.06.03 09:34:34.366,0.9783,0.97865,2.40,1.00
2010.06.03 09:34:34.406,0.9783,0.9787,2.40,5.60
2010.06.03 09:34:39.213,0.9783,0.9787,2.50,5.60
2010.06.03 09:34:40.035,0.9784,0.97875,2.40,2.80
2010.06.03 09:34:40.147,0.9784,0.97875,2.40,3.60
2010.06.03 09:34:41.148,0.9784,0.97875,2.40,1.20
2010.06.03 09:34:42.358,0.9784,0.97875,2.40,1.70
2010.06.03 09:34:44.726,0.9784,0.97875,2.40,1.70
2010.06.03 09:34:44.897,0.9784,0.97875,2.40,1.70
2010.06.03 09:34:45.237,0.9784,0.97875,2.40,1.70
2010.06.03 09:34:45.409,0.97835,0.97875,1.00,1.70
2010.06.03 09:34:46.106,0.97835,0.97875,1.40,1.20
2010.06.03 09:34:46.779,0.97835,0.97875,1.40,2.80
2010.06.03 09:34:46.946,0.97835,0.97875,1.40,3.60
2010.06.03 09:34:48.581,0.9784,0.97875,2.40,3.60
2010.06.03 09:34:53.648,0.97835,0.9787,1.00,2.40
2010.06.03 09:34:53.959,0.9783,0.97865,2.40,1.00
2010.06.03 09:34:54.921,0.97825,0.97865,1.00,1.00
2010.06.03 09:34:55.200,0.9782,0.9785,3.80,2.80
2010.06.03 09:34:55.419,0.9782,0.97865,3.20,1.20
2010.06.03 09:34:57.108,0.97825,0.97865,1.00,1.20
2010.06.03 09:34:57.610,0.9783,0.97865,2.40,1.60
2010.06.03 09:34:57.750,0.9783,0.97865,2.40,3.40
2010.06.03 09:34:57.888,0.9783,0.97865,2.40,4.20
2010.06.03 09:34:58.953,0.9783,0.97865,2.40,2.00
2010.06.03 09:34:59.229,0.97825,0.97865,1.00,3.20
2010.06.03 09:35:00.180,0.97825,0.97865,1.00,2.80
2010.06.03 09:35:00.769,0.9783,0.97865,2.40,3.40
2010.06.03 09:35:02.036,0.9783,0.97865,2.40,1.00
2010.06.03 09:35:03.922,0.97815,0.9786,1.00,3.60
2010.06.03 09:35:04.086,0.9781,0.9786,3.20,3.60
2010.06.03 09:35:04.166,0.9781,0.9786,3.30,4.40
2010.06.03 09:35:04.246,0.9781,0.9786,3.30,6.00
2010.06.03 09:35:04.327,0.9781,0.9786,3.30,6.80
2010.06.03 09:35:05.030,0.9781,0.97855,3.30,1.00
2010.06.03 09:35:06.048,0.97815,0.9786,1.00,6.40
2010.06.03 09:35:06.368,0.9782,0.9786,2.40,6.40
2010.06.03 09:35:07.388,0.9782,0.9786,2.40,6.70
2010.06.03 09:35:08.297,0.97825,0.9786,1.00,6.70
2010.06.03 09:35:09.295,0.9782,0.9786,2.50,2.40
2010.06.03 09:35:11.070,0.9784,0.9787,2.40,4.80
2010.06.03 09:35:11.231,0.9784,0.9787,2.40,2.40
2010.06.03 09:35:12.779,0.9785,0.9787,2.40,2.40
2010.06.03 09:35:14.472,0.9784,0.9787,3.20,2.40
2010.06.03 09:35:15.489,0.9784,0.9787,1.00,2.40
2010.06.03 09:35:15.908,0.97845,0.9787,1.00,2.40
2010.06.03 09:35:17.569,0.9784,0.9787,3.20,2.40
2010.06.03 09:35:17.838,0.9784,0.9787,3.20,2.40
2010.06.03 09:35:17.978,0.9784,0.9787,3.20,2.40
2010.06.03 09:35:18.744,0.9784,0.9786,1.00,2.40
2010.06.03 09:35:19.012,0.9783,0.9786,4.00,2.40
2010.06.03 09:35:19.277,0.9783,0.9786,3.20,2.40
2010.06.03 09:35:20.862,0.9783,0.9786,1.00,2.40
2010.06.03 09:35:20.940,0.9783,0.9786,3.20,2.40
2010.06.03 09:35:21.909,0.9783,0.9786,1.00,2.40
2010.06.03 09:35:22.248,0.9783,0.9786,3.20,2.40
2010.06.03 09:35:22.588,0.9783,0.97865,3.20,1.00
2010.06.03 09:35:24.130,0.9783,0.9787,3.20,5.20
2010.06.03 09:35:24.347,0.9783,0.9787,3.20,4.50
2010.06.03 09:35:24.567,0.9783,0.9787,3.20,4.90
2010.06.03 09:35:26.007,0.9783,0.97865,3.20,1.00
2010.06.03 09:35:26.338,0.9783,0.9786,3.20,2.40
2010.06.03 09:35:27.508,0.9783,0.9786,3.20,2.50
2010.06.03 09:35:28.168,0.9783,0.9786,2.40,3.30
2010.06.03 09:35:28.389,0.97825,0.9785,1.00,2.40
2010.06.03 09:35:30.682,0.97825,0.9786,1.00,2.50
2010.06.03 09:35:35.369,0.97825,0.9786,1.00,2.40
2010.06.03 09:35:35.547,0.9782,0.9786,3.20,2.40
2010.06.03 09:35:37.398,0.9782,0.9786,3.70,2.40
2010.06.03 09:35:59.267,0.9782,0.9786,4.10,2.40
2010.06.03 09:35:59.467,0.9782,0.9786,3.60,2.40
2010.06.03 09:35:59.876,0.9782,0.9786,3.20,2.40
2010.06.03 09:36:04.158,0.9783,0.9787,2.40,5.00
2010.06.03 09:36:04.337,0.9783,0.9787,2.40,5.10
2010.06.03 09:36:05.087,0.9783,0.97865,2.40,1.00
2010.06.03 09:36:05.936,0.9783,0.9787,2.40,5.00
2010.06.03 09:36:07.238,0.9783,0.97855,2.40,1.60
2010.06.03 09:36:07.448,0.9781,0.9785,3.20,3.20
2010.06.03 09:36:09.338,0.9781,0.9785,3.20,2.40
2010.06.03 09:36:10.058,0.9781,0.9785,3.60,2.40
2010.06.03 09:36:10.130,0.9781,0.9785,3.70,2.40
2010.06.03 09:36:11.478,0.97815,0.9785,1.00,2.40
2010.06.03 09:36:12.239,0.97815,0.9786,1.00,2.40
2010.06.03 09:36:12.442,0.9781,0.9785,3.60,2.40
2010.06.03 09:36:12.780,0.9781,0.9785,3.20,2.40
2010.06.03 09:36:14.556,0.9781,0.9785,3.20,2.50
2010.06.03 09:36:14.727,0.9781,0.9785,4.00,2.50
2010.06.03 09:36:14.898,0.9782,0.9785,2.40,2.40
2010.06.03 09:36:15.078,0.9782,0.9785,2.40,3.20
2010.06.03 09:36:16.347,0.97815,0.9785,1.00,3.20
2010.06.03 09:36:16.549,0.9782,0.9785,2.40,3.20
2010.06.03 09:36:16.959,0.9782,0.97845,2.40,1.00
2010.06.03 09:36:17.989,0.9781,0.9784,3.20,2.40
2010.06.03 09:36:19.369,0.9781,0.9785,4.00,3.20
2010.06.03 09:36:19.638,0.9782,0.9785,2.40,3.20
2010.06.03 09:36:22.790,0.9782,0.9786,3.20,3.20
2010.06.03 09:36:23.130,0.97815,0.9786,1.60,3.60
2010.06.03 09:36:23.468,0.97815,0.9786,1.00,3.60
2010.06.03 09:36:24.490,0.97815,0.9786,1.00,3.60
2010.06.03 09:36:24.868,0.9782,0.9786,2.40,4.00
2010.06.03 09:36:25.057,0.9782,0.9786,1.00,3.60
2010.06.03 09:36:25.971,0.97815,0.9785,1.00,2.40
2010.06.03 09:36:28.317,0.97815,0.9785,1.20,2.40
2010.06.03 09:36:28.447,0.97815,0.9785,1.00,2.40
2010.06.03 09:36:28.576,0.9782,0.9786,2.40,3.30
2010.06.03 09:36:30.348,0.9782,0.9786,2.40,3.20
2010.06.03 09:36:30.448,0.9782,0.9785,2.40,2.40
2010.06.03 09:36:32.652,0.97815,0.9785,1.20,2.40
2010.06.03 09:36:36.087,0.97815,0.9785,1.60,2.40
2010.06.03 09:36:37.521,0.97815,0.9785,1.70,2.40
2010.06.03 09:36:39.107,0.97815,0.9785,1.30,2.40
2010.06.03 09:36:40.717,0.97815,0.97845,1.00,1.00
2010.06.03 09:36:40.822,0.978,0.97845,2.80,1.00
2010.06.03 09:36:40.918,0.978,0.9784,2.80,2.40
2010.06.03 09:36:41.659,0.978,0.9784,2.40,2.40
2010.06.03 09:36:42.108,0.9781,0.97845,2.40,1.00
2010.06.03 09:36:42.449,0.9781,0.9785,2.40,2.40
2010.06.03 09:36:43.472,0.9781,0.9786,2.40,3.50
2010.06.03 09:36:44.137,0.9781,0.9786,2.40,3.60
2010.06.03 09:36:45.642,0.9781,0.9785,2.50,2.40
2010.06.03 09:36:45.957,0.9781,0.9785,2.40,2.40
2010.06.03 09:36:46.067,0.9781,0.9785,2.50,2.40
2010.06.03 09:36:46.176,0.9781,0.9785,2.40,2.40
2010.06.03 09:36:47.233,0.9781,0.9786,2.90,2.40
2010.06.03 09:36:47.579,0.9781,0.9786,2.90,2.50
2010.06.03 09:36:47.918,0.9781,0.9786,3.00,3.20
2010.06.03 09:36:49.229,0.9781,0.9786,3.00,3.00
2010.06.03 09:36:49.557,0.9781,0.9786,3.20,3.00
2010.06.03 09:36:50.360,0.9781,0.9786,3.20,3.80
2010.06.03 09:36:50.470,0.9781,0.9785,2.50,2.40
2010.06.03 09:36:51.098,0.9781,0.9785,2.40,2.40
2010.06.03 09:36:55.479,0.97805,0.9785,1.00,2.40
2010.06.03 09:36:55.638,0.97805,0.9785,1.00,2.40
2010.06.03 09:36:55.790,0.978,0.9785,3.00,2.40
2010.06.03 09:36:56.139,0.978,0.9785,3.10,2.40
2010.06.03 09:36:57.087,0.97805,0.9785,1.00,2.40
2010.06.03 09:36:58.348,0.97805,0.9784,1.00,2.40
2010.06.03 09:36:59.118,0.978,0.9784,2.50,2.40
2010.06.03 09:37:00.957,0.978,0.9784,2.40,2.40
2010.06.03 09:37:04.432,0.978,0.9784,2.40,2.50
2010.06.03 09:37:05.087,0.978,0.9784,2.40,2.40
2010.06.03 09:37:08.708,0.978,0.9784,3.20,2.40
2010.06.03 09:37:09.430,0.9781,0.9784,2.40,2.40
2010.06.03 09:37:09.490,0.9781,0.97845,2.40,1.60
2010.06.03 09:37:09.547,0.9781,0.97845,3.20,1.00
2010.06.03 09:37:09.677,0.9781,0.9785,3.20,2.50
2010.06.03 09:37:12.241,0.9781,0.9784,2.40,2.40
2010.06.03 09:37:13.987,0.9781,0.9784,2.40,2.50
2010.06.03 09:37:19.628,0.9781,0.9784,2.40,2.40
2010.06.03 09:37:28.348,0.9781,0.9783,2.40,1.60
2010.06.03 09:37:28.558,0.978,0.9783,2.40,4.00
2010.06.03 09:37:28.768,0.978,0.9783,3.20,2.40
2010.06.03 09:37:28.978,0.97795,0.9783,1.00,2.40
2010.06.03 09:37:30.967,0.97795,0.9783,1.00,2.50
2010.06.03 09:37:31.508,0.97795,0.9783,1.00,2.40
2010.06.03 09:37:31.727,0.978,0.97835,2.40,1.00
2010.06.03 09:37:31.837,0.978,0.9784,2.40,2.40
2010.06.03 09:37:33.238,0.97795,0.9783,1.00,2.40
2010.06.03 09:37:35.057,0.978,0.9784,2.40,2.90
2010.06.03 09:37:35.209,0.97795,0.9782,1.00,2.40
2010.06.03 09:37:35.508,0.9779,0.9782,3.20,2.40
2010.06.03 09:37:35.657,0.9779,0.9782,2.40,2.40
2010.06.03 09:37:36.726,0.9779,0.9782,3.20,2.40
2010.06.03 09:37:38.757,0.9779,0.9782,3.20,2.40
2010.06.03 09:37:39.922,0.9779,0.9782,3.20,1.00
2010.06.03 09:37:40.101,0.9779,0.97825,3.20,1.00
2010.06.03 09:37:40.279,0.9779,0.97825,3.20,1.00
2010.06.03 09:37:40.458,0.9779,0.9782,3.20,2.40
2010.06.03 09:37:42.467,0.9779,0.97825,3.20,1.00
2010.06.03 09:37:42.669,0.9779,0.9782,3.20,2.40
2010.06.03 09:37:44.259,0.9779,0.9782,3.20,3.20
2010.06.03 09:37:44.599,0.97785,0.9782,1.00,2.40
2010.06.03 09:37:50.037,0.97785,0.9782,1.00,3.20
2010.06.03 09:37:50.177,0.97785,0.9782,1.00,3.30
2010.06.03 09:37:50.319,0.9776,0.978,3.90,2.40
2010.06.03 09:37:50.458,0.9776,0.978,3.10,2.40
2010.06.03 09:37:50.598,0.97765,0.978,1.00,2.40
2010.06.03 09:37:51.529,0.9777,0.9782,3.20,4.40
2010.06.03 09:37:52.047,0.9777,0.9782,3.30,4.40
2010.06.03 09:37:52.567,0.9777,0.9782,3.20,4.40
2010.06.03 09:37:52.838,0.9778,0.9782,2.40,4.40
2010.06.03 09:37:53.107,0.9778,0.9782,2.40,2.40
2010.06.03 09:37:55.138,0.9778,0.9782,2.50,2.40
2010.06.03 09:37:55.920,0.978,0.9783,2.40,1.00
2010.06.03 09:37:56.259,0.9779,0.9783,1.00,2.40
2010.06.03 09:37:56.599,0.9779,0.9783,2.40,2.40
2010.06.03 09:37:56.939,0.9779,0.9783,1.00,2.40
2010.06.03 09:37:57.277,0.97785,0.9783,1.00,2.40
2010.06.03 09:37:58.728,0.97785,0.9783,2.00,2.40
2010.06.03 09:37:58.889,0.9779,0.9783,2.80,2.40
2010.06.03 09:37:59.049,0.97785,0.9783,1.20,2.40
2010.06.03 09:37:59.187,0.97785,0.9783,1.00,2.40
2010.06.03 09:38:00.387,0.97785,0.9783,1.00,2.40
2010.06.03 09:38:00.516,0.9779,0.9783,2.40,2.40
2010.06.03 09:38:00.648,0.9779,0.9783,3.20,2.40
2010.06.03 09:38:01.654,0.9778,0.9782,2.40,2.40
2010.06.03 09:38:01.747,0.9778,0.9782,2.80,2.40
2010.06.03 09:38:03.920,0.9777,0.97815,6.10,1.00
2010.06.03 09:38:05.369,0.9778,0.9782,2.40,2.40
2010.06.03 09:38:05.669,0.9778,0.9782,3.00,2.40
2010.06.03 09:38:06.259,0.9778,0.9783,3.20,3.00
2010.06.03 09:38:07.260,0.9778,0.9781,1.00,2.40
2010.06.03 09:38:07.458,0.9778,0.97815,2.40,1.00
2010.06.03 09:38:07.658,0.9778,0.9783,2.90,3.10
2010.06.03 09:38:07.857,0.9778,0.9782,2.40,2.40
2010.06.03 09:38:09.089,0.9778,0.9783,3.10,2.50
2010.06.03 09:38:10.097,0.9778,0.97825,3.10,1.00
2010.06.03 09:38:10.378,0.9778,0.9783,3.10,2.40
2010.06.03 09:38:11.129,0.9778,0.9783,2.90,2.40
2010.06.03 09:38:11.309,0.9779,0.9783,2.40,2.40
2010.06.03 09:38:13.478,0.9779,0.9783,2.40,2.50
2010.06.03 09:38:13.934,0.9779,0.9783,2.40,2.40
2010.06.03 09:38:16.159,0.9779,0.9783,2.40,2.50
2010.06.03 09:38:16.269,0.9779,0.9783,2.40,2.40
2010.06.03 09:38:19.588,0.978,0.9783,2.40,2.40
2010.06.03 09:38:21.769,0.978,0.9783,2.40,2.50
2010.06.03 09:38:22.887,0.9779,0.9783,4.40,2.50
2010.06.03 09:38:23.008,0.9779,0.9783,2.40,4.10
2010.06.03 09:38:23.618,0.9779,0.97825,2.40,1.00
2010.06.03 09:38:24.727,0.9779,0.9783,2.40,4.00
2010.06.03 09:38:27.267,0.9779,0.97825,2.40,1.00
2010.06.03 09:38:27.488,0.9779,0.9782,2.40,2.40
2010.06.03 09:38:28.372,0.9778,0.9782,3.20,2.40
2010.06.03 09:38:30.697,0.9778,0.9782,3.20,2.50
2010.06.03 09:38:31.037,0.9778,0.9782,3.20,2.40
2010.06.03 09:38:31.734,0.9778,0.9782,3.30,2.40
2010.06.03 09:38:32.078,0.9779,0.9783,2.40,4.80
2010.06.03 09:38:32.925,0.9778,0.9782,3.20,2.40
2010.06.03 09:38:33.168,0.9778,0.9782,3.00,2.40
2010.06.03 09:38:39.331,0.9778,0.9782,3.20,2.40
2010.06.03 09:38:39.538,0.9778,0.9782,3.20,2.40
2010.06.03 09:38:39.891,0.9777,0.9781,5.50,2.40
2010.06.03 09:38:40.137,0.9777,0.9781,5.40,2.40
2010.06.03 09:38:40.387,0.9777,0.9781,3.00,2.40
2010.06.03 09:38:41.848,0.9777,0.9781,2.40,2.40
2010.06.03 09:38:42.567,0.9777,0.9781,2.40,2.50
2010.06.03 09:38:44.167,0.9777,0.9781,2.40,3.30
2010.06.03 09:38:44.853,0.9777,0.9781,2.40,2.50
2010.06.03 09:38:44.890,0.9777,0.9781,2.40,2.40
2010.06.03 09:38:45.699,0.97765,0.97805,1.30,1.00
2010.06.03 09:38:45.968,0.97765,0.97805,1.00,1.00
2010.06.03 09:38:47.119,0.97765,0.97805,1.00,1.00
2010.06.03 09:38:47.369,0.97765,0.97805,1.00,1.00
2010.06.03 09:38:49.727,0.97765,0.97805,1.00,1.00
2010.06.03 09:38:49.987,0.9777,0.97805,2.40,1.00
2010.06.03 09:38:50.118,0.9777,0.9781,2.40,2.80
2010.06.03 09:38:50.929,0.9778,0.9782,2.40,2.40
2010.06.03 09:38:51.269,0.9778,0.9782,2.40,2.50
2010.06.03 09:38:51.608,0.9779,0.97825,2.40,1.00
2010.06.03 09:38:51.949,0.9779,0.9783,2.40,2.50
2010.06.03 09:38:52.954,0.9779,0.9783,3.20,2.40
2010.06.03 09:38:53.958,0.9779,0.9783,3.30,2.40
2010.06.03 09:38:54.825,0.9779,0.97835,3.30,1.00
2010.06.03 09:38:55.080,0.9779,0.9784,3.20,3.10
2010.06.03 09:38:56.266,0.9779,0.97835,3.20,1.00
2010.06.03 09:38:57.679,0.9779,0.9783,3.20,2.40
2010.06.03 09:38:59.020,0.9779,0.9783,3.20,2.50
2010.06.03 09:39:00.001,0.9779,0.9783,3.20,2.40
2010.06.03 09:39:01.127,0.9779,0.9783,3.60,2.40
2010.06.03 09:39:06.977,0.9779,0.9783,3.60,2.50
2010.06.03 09:39:09.047,0.9779,0.9783,3.60,2.40
2010.06.03 09:39:09.234,0.9779,0.9783,3.70,2.40
2010.06.03 09:39:09.407,0.9779,0.97835,3.70,1.00
2010.06.03 09:39:11.020,0.9779,0.97835,3.60,1.00
2010.06.03 09:39:12.027,0.9779,0.97835,3.60,1.00
2010.06.03 09:39:15.381,0.9779,0.9783,3.60,2.40
2010.06.03 09:39:15.437,0.9779,0.9783,3.70,2.40
2010.06.03 09:39:16.215,0.9779,0.9783,3.60,2.40
2010.06.03 09:39:17.037,0.9779,0.9783,3.60,2.50
2010.06.03 09:39:18.097,0.9779,0.9783,3.60,2.40
2010.06.03 09:39:19.188,0.978,0.9783,1.00,2.40
2010.06.03 09:39:19.328,0.9781,0.9784,2.40,1.00
2010.06.03 09:39:19.467,0.9781,0.97845,2.40,1.00
2010.06.03 09:39:19.747,0.9781,0.97845,3.10,1.00
2010.06.03 09:39:20.859,0.9781,0.9785,3.20,2.50
2010.06.03 09:39:22.077,0.9781,0.97845,3.20,1.00
2010.06.03 09:39:26.890,0.9781,0.97845,3.10,1.00
2010.06.03 09:39:29.931,0.9781,0.97845,2.40,1.00
2010.06.03 09:39:30.688,0.9781,0.9784,2.40,1.00
2010.06.03 09:39:30.958,0.978,0.9784,3.20,2.40
2010.06.03 09:39:31.137,0.9781,0.97845,2.40,1.00
2010.06.03 09:39:31.407,0.9781,0.97845,3.10,1.00
2010.06.03 09:39:32.656,0.9781,0.97845,3.10,1.00
2010.06.03 09:39:36.599,0.9781,0.9785,3.10,2.50
2010.06.03 09:39:36.768,0.9781,0.9785,3.80,2.50
2010.06.03 09:39:37.097,0.9781,0.9785,3.80,2.40
2010.06.03 09:39:38.719,0.9781,0.97855,3.60,1.00
2010.06.03 09:39:38.817,0.9781,0.97855,3.90,1.00
2010.06.03 09:39:39.057,0.9781,0.97855,3.70,1.00
2010.06.03 09:39:39.499,0.9781,0.97855,3.90,1.00
2010.06.03 09:39:40.028,0.97815,0.97855,1.00,1.00
2010.06.03 09:39:41.307,0.97815,0.97855,1.00,1.00
2010.06.03 09:39:46.111,0.97815,0.9785,1.00,1.00
2010.06.03 09:39:46.408,0.97815,0.9785,1.00,2.50
2010.06.03 09:39:48.293,0.9782,0.9786,3.20,2.40
2010.06.03 09:39:48.508,0.9783,0.97865,2.40,1.00
2010.06.03 09:39:48.948,0.9783,0.9787,2.40,2.50
2010.06.03 09:39:50.192,0.9783,0.97865,2.40,1.00
2010.06.03 09:39:50.431,0.9783,0.9786,2.40,1.00
2010.06.03 09:39:50.649,0.97825,0.97855,1.00,1.00
2010.06.03 09:39:51.413,0.97835,0.9785,1.00,2.40
2010.06.03 09:39:51.952,0.97835,0.97865,1.00,1.00
2010.06.03 09:39:52.925,0.9784,0.9787,2.40,1.00
2010.06.03 09:39:53.226,0.9784,0.97875,2.40,1.00
2010.06.03 09:39:54.724,0.9784,0.9788,2.40,2.50
2010.06.03 09:39:55.059,0.9784,0.9788,3.10,2.40
2010.06.03 09:39:56.431,0.9784,0.9788,3.20,2.40
2010.06.03 09:39:56.652,0.9784,0.9788,2.90,2.90
2010.06.03 09:39:56.868,0.9784,0.9787,1.00,2.40
2010.06.03 09:39:57.747,0.9783,0.9787,3.10,2.40
2010.06.03 09:39:58.427,0.97835,0.9787,1.00,2.40
2010.06.03 09:39:58.769,0.97835,0.9787,1.00,2.50
2010.06.03 09:39:59.540,0.97835,0.9787,1.00,2.40
2010.06.03 09:40:00.488,0.97835,0.97875,1.00,1.00
2010.06.03 09:40:01.386,0.97835,0.9786,1.00,2.40
2010.06.03 09:40:01.620,0.97835,0.9787,1.00,2.50
2010.06.03 09:40:02.890,0.97835,0.9787,1.00,2.40
2010.06.03 09:40:03.230,0.9784,0.97875,2.40,1.00
2010.06.03 09:40:04.478,0.97835,0.9787,1.00,2.40
2010.06.03 09:40:05.268,0.9782,0.9787,3.50,2.40
2010.06.03 09:40:05.421,0.9783,0.9787,2.40,2.80
2010.06.03 09:40:05.887,0.9783,0.9787,2.40,3.20
2010.06.03 09:40:06.247,0.9783,0.9787,2.40,3.20
2010.06.03 09:40:06.428,0.9783,0.9787,2.40,3.10
2010.06.03 09:40:07.491,0.9783,0.9787,2.40,3.00
2010.06.03 09:40:07.719,0.9783,0.9787,2.40,2.80
2010.06.03 09:40:09.099,0.9783,0.9787,2.40,3.10
2010.06.03 09:40:09.398,0.9783,0.9787,2.40,2.40
2010.06.03 09:40:14.627,0.9783,0.9787,2.40,2.50
2010.06.03 09:40:14.698,0.9783,0.9787,2.40,2.90
2010.06.03 09:40:14.838,0.9783,0.97865,2.40,1.00
2010.06.03 09:40:15.563,0.9782,0.9786,3.60,2.40
2010.06.03 09:40:15.888,0.9782,0.97865,3.60,1.00
2010.06.03 09:40:19.435,0.97825,0.97865,1.00,1.00
2010.06.03 09:40:19.508,0.97825,0.97865,1.00,1.00
2010.06.03 09:40:20.257,0.9783,0.97865,2.40,1.00
2010.06.03 09:40:20.927,0.9782,0.97865,3.70,1.00
2010.06.03 09:40:21.058,0.9782,0.97865,4.30,1.00
2010.06.03 09:40:22.060,0.97825,0.97865,1.00,1.00
2010.06.03 09:40:22.338,0.97825,0.97865,1.00,1.00
2010.06.03 09:40:22.879,0.97825,0.97865,1.00,1.00
2010.06.03 09:40:23.158,0.9783,0.97865,2.40,1.00
2010.06.03 09:40:23.618,0.97825,0.97865,1.00,1.00
2010.06.03 09:40:24.810,0.97825,0.9786,1.00,1.00
2010.06.03 09:40:25.088,0.97825,0.9786,1.00,2.50
2010.06.03 09:40:25.228,0.97825,0.9786,1.00,2.50
2010.06.03 09:40:26.168,0.9782,0.9786,1.00,2.50
2010.06.03 09:40:28.863,0.97825,0.97865,1.00,1.00
2010.06.03 09:40:29.899,0.97825,0.9786,1.00,1.00
2010.06.03 09:40:30.278,0.9782,0.9786,2.80,2.50
2010.06.03 09:40:31.124,0.9782,0.97855,2.80,1.00
2010.06.03 09:40:31.340,0.97825,0.97865,1.00,1.00
2010.06.03 09:40:31.768,0.97825,0.9787,1.00,2.50
2010.06.03 09:40:32.540,0.9783,0.97865,1.00,1.00
2010.06.03 09:40:33.212,0.9783,0.97865,1.00,1.00
2010.06.03 09:40:33.554,0.9783,0.9787,1.00,2.50
2010.06.03 09:40:33.880,0.9783,0.9786,1.00,1.00
2010.06.03 09:40:34.039,0.9783,0.9786,1.00,2.50
2010.06.03 09:40:34.863,0.9783,0.9786,1.00,2.40
2010.06.03 09:40:35.070,0.9783,0.9787,3.20,2.50
2010.06.03 09:40:38.368,0.9783,0.9787,3.20,2.40
2010.06.03 09:40:39.210,0.9783,0.97875,3.10,1.00
2010.06.03 09:40:39.888,0.9783,0.97875,3.20,1.00
2010.06.03 09:40:43.119,0.9783,0.97875,3.10,1.00
2010.06.03 09:40:43.339,0.9783,0.97875,3.20,1.00
2010.06.03 09:40:43.559,0.9783,0.97875,3.20,1.00
2010.06.03 09:40:43.779,0.9783,0.9788,4.40,3.30
2010.06.03 09:40:43.977,0.9784,0.9788,2.40,3.30
2010.06.03 09:40:45.416,0.9784,0.97875,2.40,1.00
2010.06.03 09:40:45.577,0.97835,0.97875,1.00,1.00
2010.06.03 09:40:45.737,0.9783,0.97875,2.80,1.00
2010.06.03 09:40:54.708,0.9783,0.97875,3.20,1.00
2010.06.03 09:40:56.957,0.9783,0.97875,5.20,1.00
2010.06.03 09:40:57.128,0.9783,0.97875,4.80,1.00
2010.06.03 09:40:57.467,0.9783,0.97875,5.20,1.00
2010.06.03 09:40:59.138,0.9783,0.97875,3.60,1.00
2010.06.03 09:41:04.788,0.9783,0.9787,3.60,1.00
2010.06.03 09:41:05.557,0.9783,0.9787,5.20,2.50
2010.06.03 09:41:05.902,0.9783,0.9787,4.80,1.00
2010.06.03 09:41:06.168,0.9783,0.9787,4.80,1.00
2010.06.03 09:41:09.651,0.9783,0.9787,4.80,1.00
2010.06.03 09:41:09.917,0.9783,0.9787,4.90,1.00
2010.06.03 09:41:10.047,0.9783,0.9787,2.90,1.00
2010.06.03 09:41:10.177,0.9783,0.9787,3.10,1.00
2010.06.03 09:41:11.559,0.9783,0.97875,3.10,1.00
2010.06.03 09:41:11.899,0.97835,0.97875,1.00,1.00
2010.06.03 09:41:14.214,0.97835,0.97875,1.00,1.00
2010.06.03 09:41:17.359,0.9785,0.9788,2.40,3.30
2010.06.03 09:41:19.630,0.9784,0.9788,2.40,3.30
2010.06.03 09:41:19.912,0.9784,0.97875,2.40,1.00
2010.06.03 09:41:21.951,0.9784,0.9788,2.40,2.50
2010.06.03 09:41:22.830,0.9784,0.9788,2.40,2.40
2010.06.03 09:41:23.169,0.9785,0.9788,2.40,2.40
2010.06.03 09:41:24.638,0.9785,0.9788,2.40,2.50
2010.06.03 09:41:26.271,0.9784,0.97875,2.40,1.00
2010.06.03 09:41:26.412,0.9785,0.97885,2.40,1.00
2010.06.03 09:41:26.549,0.9785,0.9789,2.40,3.30
2010.06.03 09:41:27.919,0.9785,0.9789,2.40,3.70
2010.06.03 09:41:30.900,0.97855,0.9789,2.00,2.40
2010.06.03 09:41:30.998,0.9786,0.9789,1.00,2.40
2010.06.03 09:41:32.386,0.97855,0.9789,1.00,2.40
2010.06.03 09:41:32.718,0.97845,0.9789,1.00,2.40
2010.06.03 09:41:33.058,0.9785,0.9789,1.00,2.50
2010.06.03 09:41:34.419,0.9785,0.97885,2.40,1.00
2010.06.03 09:41:50.552,0.9785,0.9789,2.40,2.40
2010.06.03 09:41:50.729,0.9785,0.9789,3.20,2.40
2010.06.03 09:41:51.088,0.9785,0.97885,3.20,1.00
2010.06.03 09:41:51.970,0.9785,0.97885,2.40,1.00
2010.06.03 09:41:52.273,0.97845,0.9788,1.00,2.40
2010.06.03 09:41:56.137,0.97845,0.9788,1.00,2.50
2010.06.03 09:41:59.050,0.97845,0.9788,1.00,2.40
2010.06.03 09:42:02.619,0.9784,0.9788,3.20,3.20
2010.06.03 09:42:02.887,0.9784,0.9788,2.80,3.20
2010.06.03 09:42:04.107,0.9784,0.9788,2.80,3.30
2010.06.03 09:42:05.410,0.9784,0.9788,2.80,3.20
2010.06.03 09:42:06.017,0.9784,0.9788,2.80,3.20
2010.06.03 09:42:06.327,0.9784,0.9788,2.80,3.30
2010.06.03 09:42:09.267,0.9784,0.9788,2.80,3.20
2010.06.03 09:42:13.197,0.9784,0.9788,2.40,3.20
2010.06.03 09:42:14.119,0.9784,0.9788,2.40,3.20
2010.06.03 09:42:14.327,0.9784,0.9788,2.40,3.70
2010.06.03 09:42:14.469,0.9784,0.9788,2.40,4.50
2010.06.03 09:42:14.537,0.9784,0.9788,2.40,4.70
2010.06.03 09:42:14.607,0.9783,0.9787,5.10,2.40
2010.06.03 09:42:15.570,0.9783,0.9787,4.40,2.40
2010.06.03 09:42:16.190,0.9783,0.9787,2.40,2.40
2010.06.03 09:42:16.499,0.9783,0.9787,2.60,2.40
2010.06.03 09:42:16.819,0.9783,0.9787,2.70,2.40
2010.06.03 09:42:19.927,0.9783,0.9787,2.60,2.40
2010.06.03 09:42:24.651,0.9783,0.9787,2.70,2.40
2010.06.03 09:42:26.708,0.9783,0.9787,1.00,2.40
2010.06.03 09:42:28.890,0.9783,0.9788,3.30,3.30
2010.06.03 09:42:31.539,0.9783,0.9788,3.50,3.30
2010.06.03 09:42:32.018,0.9783,0.97875,3.30,1.00
2010.06.03 09:42:32.738,0.9783,0.97875,3.20,1.00
2010.06.03 09:42:33.399,0.9783,0.97875,2.80,1.00
2010.06.03 09:42:35.487,0.9783,0.9787,2.80,2.40
2010.06.03 09:42:35.567,0.9783,0.9787,2.80,3.20
2010.06.03 09:42:35.908,0.9783,0.9786,2.80,2.40
2010.06.03 09:42:36.038,0.9783,0.9786,2.40,2.40
2010.06.03 09:42:36.929,0.9783,0.9786,2.40,3.20
2010.06.03 09:42:37.118,0.9783,0.9786,2.40,3.30
2010.06.03 09:42:37.308,0.9783,0.9786,2.40,3.20
2010.06.03 09:42:38.859,0.9783,0.9786,2.40,2.40
2010.06.03 09:42:39.085,0.9783,0.9786,2.40,2.50
2010.06.03 09:42:41.864,0.9783,0.9786,2.40,3.30
2010.06.03 09:42:42.070,0.9782,0.9786,2.40,3.20
2010.06.03 09:42:43.358,0.9782,0.9786,2.40,2.40
2010.06.03 09:42:43.628,0.9782,0.9786,2.90,2.40
2010.06.03 09:42:44.638,0.9782,0.9786,2.90,2.50
2010.06.03 09:42:46.729,0.9782,0.9786,2.90,2.40
2010.06.03 09:42:47.433,0.9783,0.9787,2.40,2.50
2010.06.03 09:42:49.794,0.9783,0.9786,2.40,2.40
2010.06.03 09:42:49.935,0.97815,0.9785,2.10,2.40
2010.06.03 09:42:50.070,0.9782,0.9786,2.40,2.40
2010.06.03 09:42:50.458,0.9782,0.9786,2.40,2.50
2010.06.03 09:42:50.717,0.9781,0.9786,3.90,2.50
2010.06.03 09:42:50.848,0.9781,0.9786,2.90,2.50
2010.06.03 09:42:51.689,0.9782,0.9786,2.40,3.30
2010.06.03 09:42:53.287,0.9782,0.9786,2.40,2.50
2010.06.03 09:42:54.037,0.9782,0.9786,2.40,2.40
2010.06.03 09:42:54.959,0.9781,0.9785,3.20,2.40
2010.06.03 09:42:56.098,0.9782,0.97855,2.40,1.00
2010.06.03 09:42:56.268,0.9782,0.9786,2.40,3.10
2010.06.03 09:42:56.437,0.9782,0.9786,2.40,2.50
2010.06.03 09:42:56.777,0.9782,0.9786,2.40,3.10
2010.06.03 09:42:58.017,0.9782,0.9786,2.40,2.90
2010.06.03 09:42:58.517,0.9782,0.9786,2.40,3.10
2010.06.03 09:42:59.987,0.9782,0.9786,2.40,2.90
2010.06.03 09:43:00.830,0.9782,0.9786,2.40,3.10
2010.06.03 09:43:01.117,0.9781,0.9785,3.70,2.40
2010.06.03 09:43:01.258,0.9781,0.9785,3.20,2.40
2010.06.03 09:43:03.199,0.9781,0.9785,2.40,2.50
2010.06.03 09:43:04.039,0.9781,0.9785,2.40,2.40
2010.06.03 09:43:05.730,0.97815,0.9785,1.00,2.50
2010.06.03 09:43:05.857,0.9782,0.9785,2.40,2.50
2010.06.03 09:43:06.079,0.9782,0.9785,2.40,2.40
2010.06.03 09:43:06.925,0.9781,0.9785,3.20,2.40
2010.06.03 09:43:07.273,0.978,0.9784,3.80,3.20
2010.06.03 09:43:07.610,0.978,0.9784,3.20,3.20
2010.06.03 09:43:08.969,0.978,0.9784,3.20,3.20
2010.06.03 09:43:09.621,0.978,0.9784,3.20,3.30
2010.06.03 09:43:09.779,0.978,0.9784,1.00,3.30
2010.06.03 09:43:09.938,0.97795,0.9784,4.10,4.00
2010.06.03 09:43:10.101,0.978,0.9784,2.40,4.00
2010.06.03 09:43:10.568,0.97795,0.9783,1.00,2.40
2010.06.03 09:43:10.799,0.978,0.9784,2.40,4.40
2010.06.03 09:43:11.670,0.978,0.9784,2.40,3.70
2010.06.03 09:43:11.998,0.978,0.9784,2.40,3.90
2010.06.03 09:43:12.847,0.978,0.9784,2.40,3.30
2010.06.03 09:43:13.017,0.978,0.9784,2.40,3.20
2010.06.03 09:43:14.108,0.978,0.9784,2.40,3.90
2010.06.03 09:43:15.010,0.978,0.9783,2.40,2.40
2010.06.03 09:43:15.199,0.978,0.9784,2.40,4.00
2010.06.03 09:43:15.268,0.978,0.9784,2.40,3.20
2010.06.03 09:43:15.389,0.978,0.9784,2.40,3.30
2010.06.03 09:43:16.420,0.9782,0.9786,2.40,2.50
2010.06.03 09:43:17.097,0.9782,0.9786,3.10,2.50
2010.06.03 09:43:17.418,0.9782,0.9786,2.80,2.50
2010.06.03 09:43:17.737,0.9782,0.9786,2.40,2.50
2010.06.03 09:43:19.339,0.9782,0.9785,2.40,2.40
2010.06.03 09:43:21.000,0.9781,0.97845,3.20,1.00
2010.06.03 09:43:21.878,0.9781,0.97845,3.80,1.00
2010.06.03 09:43:24.952,0.9782,0.9785,1.00,2.50
2010.06.03 09:43:24.991,0.9782,0.9785,3.20,2.50
2010.06.03 09:43:25.068,0.9782,0.9785,3.20,2.40
2010.06.03 09:43:25.989,0.9782,0.97855,3.20,1.00
2010.06.03 09:43:27.922,0.9783,0.9786,2.40,2.40
2010.06.03 09:43:29.758,0.9783,0.9787,2.40,3.20
2010.06.03 09:43:30.609,0.9783,0.9787,2.40,2.40
2010.06.03 09:43:31.397,0.9783,0.9787,2.40,3.20
2010.06.03 09:43:33.167,0.9783,0.9787,2.40,3.30
2010.06.03 09:43:38.767,0.9783,0.9787,2.40,3.20
2010.06.03 09:43:39.039,0.9783,0.9787,2.40,2.40
2010.06.03 09:43:43.097,0.9783,0.9787,2.40,2.50
2010.06.03 09:43:44.085,0.9783,0.9787,2.40,2.40
2010.06.03 09:43:56.710,0.9783,0.9787,2.40,2.50
2010.06.03 09:43:57.920,0.9784,0.9787,2.40,2.50
2010.06.03 09:43:59.838,0.9784,0.9788,2.40,3.30
2010.06.03 09:44:00.609,0.9784,0.9788,2.40,2.50
2010.06.03 09:44:04.507,0.9784,0.97875,2.40,1.00
2010.06.03 09:44:05.480,0.9784,0.9788,2.40,2.40
2010.06.03 09:44:07.708,0.9784,0.9787,2.40,2.40
2010.06.03 09:44:11.138,0.9784,0.9787,2.40,2.50
2010.06.03 09:44:12.323,0.9784,0.9787,2.40,1.00
2010.06.03 09:44:12.354,0.9784,0.97875,2.40,1.00
2010.06.03 09:44:13.978,0.9783,0.9787,2.40,2.40
2010.06.03 09:44:15.674,0.9783,0.9787,2.40,2.50
2010.06.03 09:44:23.451,0.9783,0.9787,2.40,2.40
2010.06.03 09:44:24.327,0.9783,0.9787,2.40,2.50
2010.06.03 09:44:31.279,0.9783,0.9787,2.40,2.40
2010.06.03 09:44:36.948,0.9784,0.97875,2.40,1.60
2010.06.03 09:44:37.128,0.9784,0.97875,2.40,1.00
2010.06.03 09:44:37.874,0.9784,0.9788,2.40,3.70
2010.06.03 09:44:39.387,0.9784,0.97875,2.40,1.00
2010.06.03 09:44:40.242,0.9784,0.97865,3.10,1.00
2010.06.03 09:44:40.423,0.9783,0.97865,2.40,1.00
2010.06.03 09:44:40.599,0.9783,0.9786,1.00,2.40
2010.06.03 09:44:41.539,0.97825,0.9786,1.00,2.40
2010.06.03 09:44:41.877,0.9782,0.9786,2.90,2.40
2010.06.03 09:44:43.238,0.9782,0.9786,2.90,2.50
2010.06.03 09:44:44.269,0.9782,0.9786,2.40,2.50
2010.06.03 09:44:47.170,0.9782,0.9785,2.40,2.40
2010.06.03 09:44:52.526,0.9782,0.97855,2.40,1.00
2010.06.03 09:44:52.613,0.9781,0.9784,2.90,3.20
2010.06.03 09:44:53.360,0.9781,0.9784,2.90,2.40
2010.06.03 09:44:53.699,0.9781,0.9785,2.40,5.80
2010.06.03 09:44:54.039,0.9781,0.9785,2.40,6.00
2010.06.03 09:44:55.841,0.9781,0.9785,2.40,4.90
2010.06.03 09:44:56.049,0.9781,0.9785,2.40,3.30
2010.06.03 09:44:56.248,0.9781,0.9785,2.40,2.50
2010.06.03 09:44:57.409,0.9781,0.9785,2.50,2.40
2010.06.03 09:45:00.229,0.9781,0.9785,2.40,2.40
2010.06.03 09:45:00.618,0.9781,0.9785,2.50,2.40
2010.06.03 09:45:01.633,0.9782,0.9785,2.40,2.50
2010.06.03 09:45:01.918,0.9782,0.9785,2.40,2.40
2010.06.03 09:45:04.120,0.9781,0.9785,2.40,2.40
2010.06.03 09:45:06.952,0.9781,0.9785,2.50,2.40
2010.06.03 09:45:08.328,0.9781,0.9785,2.50,2.80
2010.06.03 09:45:11.988,0.9781,0.9785,2.40,2.90
2010.06.03 09:45:12.201,0.9781,0.97845,2.40,1.00
2010.06.03 09:45:12.889,0.9781,0.9784,2.40,2.40
2010.06.03 09:45:13.093,0.978,0.9784,2.40,2.40
2010.06.03 09:45:13.291,0.978,0.9784,3.20,2.40
2010.06.03 09:45:13.488,0.978,0.9784,3.30,2.40
2010.06.03 09:45:14.160,0.978,0.9784,3.20,2.40
2010.06.03 09:45:14.492,0.9781,0.9785,2.40,2.40
2010.06.03 09:45:16.158,0.9781,0.9785,2.50,2.40
2010.06.03 09:45:17.002,0.9782,0.9785,2.40,2.40
2010.06.03 09:45:17.578,0.9781,0.9785,2.40,2.40
2010.06.03 09:45:19.205,0.9781,0.9785,2.50,2.40
2010.06.03 09:45:19.769,0.97815,0.9785,1.00,2.50
2010.06.03 09:45:20.700,0.97815,0.9785,1.00,2.40
2010.06.03 09:45:21.508,0.9781,0.9785,3.00,2.40
2010.06.03 09:45:21.782,0.97815,0.9785,1.00,2.40
2010.06.03 09:45:23.026,0.97815,0.9785,1.00,2.50
2010.06.03 09:45:28.408,0.97815,0.97855,1.00,1.60
2010.06.03 09:45:28.568,0.97815,0.9786,1.00,3.20
2010.06.03 09:45:28.728,0.9783,0.9786,2.40,2.40
2010.06.03 09:45:29.069,0.97825,0.9786,1.00,2.40
2010.06.03 09:45:30.408,0.97825,0.9786,1.00,2.40
2010.06.03 09:45:30.527,0.97825,0.9786,1.00,2.40
2010.06.03 09:45:30.768,0.9783,0.9786,2.40,2.40
2010.06.03 09:45:33.542,0.9783,0.9786,2.40,3.20
2010.06.03 09:45:36.959,0.9783,0.9786,2.40,2.50
2010.06.03 09:45:37.259,0.9783,0.9786,2.40,2.40
2010.06.03 09:45:38.695,0.9782,0.9786,3.00,2.40
2010.06.03 09:45:39.048,0.9782,0.9786,2.40,2.40
2010.06.03 09:45:39.478,0.9782,0.97855,2.40,1.00
2010.06.03 09:45:40.241,0.97815,0.9785,1.00,2.40
2010.06.03 09:45:40.548,0.9781,0.9785,2.40,2.40
2010.06.03 09:45:43.148,0.9781,0.9785,3.20,2.40
2010.06.03 09:45:43.327,0.9781,0.9785,3.70,2.40
2010.06.03 09:45:46.457,0.9781,0.9785,4.00,2.40
2010.06.03 09:45:46.717,0.9781,0.9785,3.80,2.40
2010.06.03 09:45:47.418,0.9781,0.9785,3.60,2.40
2010.06.03 09:45:48.449,0.9781,0.9785,3.90,2.40
2010.06.03 09:45:49.109,0.9782,0.9786,3.20,4.40
2010.06.03 09:45:49.338,0.9782,0.9786,3.20,3.70
2010.06.03 09:45:51.407,0.9782,0.9786,2.40,3.70
2010.06.03 09:45:51.521,0.9782,0.9785,2.40,1.00
2010.06.03 09:45:51.739,0.9782,0.9786,2.40,4.10
2010.06.03 09:45:51.960,0.9782,0.97845,2.40,1.00
2010.06.03 09:45:52.946,0.978,0.9783,1.00,2.40
2010.06.03 09:45:53.211,0.978,0.9784,3.10,2.40
2010.06.03 09:45:53.470,0.978,0.9784,2.40,2.40
2010.06.03 09:45:55.418,0.978,0.9783,2.40,2.40
2010.06.03 09:45:56.709,0.978,0.9784,2.50,2.40
2010.06.03 09:45:57.198,0.9781,0.9784,2.40,2.40
2010.06.03 09:46:01.980,0.978,0.9784,2.40,2.40
2010.06.03 09:46:02.091,0.978,0.9784,2.50,2.40
2010.06.03 09:46:02.346,0.978,0.9784,3.30,2.40
2010.06.03 09:46:02.397,0.978,0.9784,4.10,2.40
2010.06.03 09:46:02.449,0.9781,0.9784,2.40,2.40
2010.06.03 09:46:03.480,0.978,0.9784,2.40,6.00
2010.06.03 09:46:03.819,0.9781,0.9784,2.40,3.20
2010.06.03 09:46:04.160,0.9781,0.9784,2.40,2.40
2010.06.03 09:46:04.873,0.978,0.9784,3.60,2.40
2010.06.03 09:46:05.210,0.978,0.9784,2.40,2.40
2010.06.03 09:46:06.738,0.978,0.9783,3.20,2.40
2010.06.03 09:46:07.010,0.978,0.9784,2.40,2.40
2010.06.03 09:46:08.101,0.97805,0.9784,1.00,2.40
2010.06.03 09:46:08.351,0.9781,0.97845,2.40,1.20
2010.06.03 09:46:09.568,0.9781,0.97845,2.50,1.20
2010.06.03 09:46:10.069,0.9781,0.97845,2.40,1.20
2010.06.03 09:46:10.319,0.978,0.9784,2.50,2.40
2010.06.03 09:46:14.178,0.978,0.9784,2.40,2.40
2010.06.03 09:46:15.443,0.97795,0.9784,1.00,2.40
2010.06.03 09:46:15.491,0.9779,0.9784,3.20,3.20
2010.06.03 09:46:15.797,0.9779,0.9784,3.20,3.30
2010.06.03 09:46:16.027,0.9779,0.9784,3.20,4.10
2010.06.03 09:46:17.269,0.9779,0.9784,3.20,4.00
2010.06.03 09:46:17.848,0.9779,0.9784,3.30,4.00
2010.06.03 09:46:18.145,0.978,0.9784,2.40,2.40
2010.06.03 09:46:19.730,0.978,0.9784,2.40,3.20
2010.06.03 09:46:22.999,0.978,0.9784,2.40,2.40
2010.06.03 09:46:24.569,0.978,0.9784,2.50,2.40
2010.06.03 09:46:24.699,0.978,0.9784,2.40,2.40
2010.06.03 09:46:24.909,0.978,0.97845,3.20,2.50
2010.06.03 09:46:25.109,0.9781,0.97845,2.40,3.40
2010.06.03 09:46:25.760,0.9781,0.97845,2.40,3.00
2010.06.03 09:46:26.011,0.978,0.9785,3.10,3.90
2010.06.03 09:46:26.259,0.978,0.9784,2.40,2.40
2010.06.03 09:46:28.347,0.978,0.9785,2.40,4.00
2010.06.03 09:46:28.468,0.978,0.9785,2.40,4.00
2010.06.03 09:46:29.239,0.978,0.9785,2.50,3.20
2010.06.03 09:46:32.638,0.978,0.9785,2.40,4.10
2010.06.03 09:46:32.768,0.978,0.9785,2.40,3.70
2010.06.03 09:46:33.616,0.9781,0.9785,2.40,3.30
2010.06.03 09:46:33.962,0.9781,0.9785,2.40,2.40
2010.06.03 09:46:34.588,0.9781,0.97845,2.40,1.00
2010.06.03 09:46:35.530,0.9779,0.9783,3.30,3.20
2010.06.03 09:46:35.707,0.978,0.9783,2.40,1.00
2010.06.03 09:46:36.010,0.978,0.9783,2.50,1.00
2010.06.03 09:46:36.169,0.9781,0.9783,2.40,1.00
2010.06.03 09:46:43.969,0.9781,0.9782,2.40,1.00
2010.06.03 09:46:44.734,0.978,0.9783,1.00,1.00
2010.06.03 09:46:44.913,0.978,0.9784,2.40,5.20
2010.06.03 09:46:45.080,0.9779,0.9784,2.50,5.20
2010.06.03 09:46:45.249,0.9779,0.9784,2.40,5.20
2010.06.03 09:46:45.419,0.9779,0.9784,3.20,5.30
2010.06.03 09:46:46.262,0.978,0.9783,2.40,2.40
2010.06.03 09:46:47.279,0.978,0.97825,2.40,1.00
2010.06.03 09:46:48.302,0.978,0.9783,2.40,2.40
2010.06.03 09:46:48.589,0.9781,0.9784,2.40,2.80
2010.06.03 09:46:50.148,0.9781,0.9784,2.40,2.90
2010.06.03 09:46:50.449,0.9779,0.9782,2.40,3.20
2010.06.03 09:46:52.040,0.9779,0.97825,2.40,1.00
2010.06.03 09:46:52.328,0.9779,0.97825,2.40,1.20
2010.06.03 09:46:52.469,0.9779,0.9782,2.40,2.40
2010.06.03 09:46:53.440,0.9779,0.97825,2.40,1.20
2010.06.03 09:46:53.780,0.9779,0.97825,2.40,1.00
2010.06.03 09:46:55.373,0.978,0.9783,2.40,3.60
2010.06.03 09:46:55.828,0.978,0.9783,2.40,3.20
2010.06.03 09:46:57.376,0.9781,0.97835,2.40,1.00
2010.06.03 09:47:02.277,0.9781,0.9784,2.40,4.80
2010.06.03 09:47:04.309,0.9781,0.9784,2.40,5.20
2010.06.03 09:47:07.218,0.978,0.9784,3.20,4.80
2010.06.03 09:47:07.317,0.978,0.9784,2.40,4.80
2010.06.03 09:47:07.618,0.978,0.9784,2.40,4.40
2010.06.03 09:47:09.688,0.9781,0.9784,2.40,4.00
2010.06.03 09:47:09.778,0.9781,0.9784,2.40,2.40
2010.06.03 09:47:14.109,0.978,0.97835,3.00,1.00
2010.06.03 09:47:14.961,0.978,0.97835,2.40,1.00
2010.06.03 09:47:16.819,0.978,0.9783,2.40,2.40
2010.06.03 09:47:17.544,0.9779,0.9783,3.80,2.40
2010.06.03 09:47:17.608,0.9779,0.9783,3.30,2.40
2010.06.03 09:47:18.808,0.9779,0.9783,2.50,2.40
2010.06.03 09:47:20.542,0.9779,0.9783,2.40,2.40
2010.06.03 09:47:21.108,0.9779,0.9783,2.50,2.40
2010.06.03 09:47:21.668,0.9779,0.9783,2.40,2.40
2010.06.03 09:47:22.968,0.9779,0.9783,2.40,2.40
2010.06.03 09:47:23.188,0.9779,0.9783,2.50,2.40
2010.06.03 09:47:25.238,0.97795,0.9783,1.00,2.40
2010.06.03 09:47:26.078,0.9781,0.97835,2.40,2.30
2010.06.03 09:47:26.209,0.9782,0.9786,2.40,2.40
2010.06.03 09:47:28.830,0.97815,0.9786,1.00,2.80
2010.06.03 09:47:29.041,0.9782,0.9785,2.40,2.40
2010.06.03 09:47:29.249,0.9781,0.9785,2.40,2.40
2010.06.03 09:47:32.995,0.9781,0.9785,2.50,2.40
2010.06.03 09:47:33.098,0.9781,0.9785,2.40,2.40
2010.06.03 09:47:36.647,0.9781,0.9785,2.50,2.40
2010.06.03 09:47:37.169,0.9781,0.9785,2.40,2.40
2010.06.03 09:47:37.431,0.9781,0.9785,2.40,3.20
2010.06.03 09:47:37.721,0.9781,0.9785,2.40,2.40
2010.06.03 09:47:39.121,0.9782,0.9785,2.40,2.40
2010.06.03 09:47:39.604,0.97805,0.9784,1.00,2.40
2010.06.03 09:47:40.258,0.9781,0.97845,2.40,1.00
2010.06.03 09:47:40.550,0.9783,0.9786,2.40,2.40
2010.06.03 09:47:40.850,0.9783,0.9787,2.40,2.80
2010.06.03 09:47:41.149,0.9783,0.9787,2.40,2.40
2010.06.03 09:47:42.480,0.9783,0.9787,2.40,2.40
2010.06.03 09:47:42.600,0.9783,0.9787,2.40,2.50
2010.06.03 09:47:42.719,0.9783,0.9787,2.40,3.20
2010.06.03 09:47:42.959,0.9783,0.9787,2.40,3.80
2010.06.03 09:47:43.078,0.9783,0.9787,2.40,2.80
2010.06.03 09:47:44.921,0.9782,0.9786,2.40,2.40
2010.06.03 09:47:48.908,0.9782,0.9786,3.20,2.40
2010.06.03 09:47:49.180,0.9783,0.97865,2.40,1.00
2010.06.03 09:47:49.339,0.9783,0.9787,2.40,2.80
2010.06.03 09:47:50.117,0.9783,0.9787,2.40,3.00
2010.06.03 09:47:50.281,0.9783,0.9787,2.40,2.40
2010.06.03 09:47:52.160,0.9783,0.97865,2.40,1.00
2010.06.03 09:47:52.917,0.9783,0.97865,2.40,1.60
2010.06.03 09:47:53.123,0.9782,0.9786,2.90,2.40
2010.06.03 09:47:59.049,0.9782,0.9786,3.10,2.40
2010.06.03 09:47:59.207,0.9782,0.9786,3.10,2.40
2010.06.03 09:47:59.287,0.9782,0.9786,3.90,2.40
2010.06.03 09:48:00.085,0.9783,0.9786,1.00,2.40
2010.06.03 09:48:00.435,0.9782,0.9786,4.40,2.50
2010.06.03 09:48:01.119,0.9782,0.9786,4.40,2.40
2010.06.03 09:48:02.077,0.9782,0.9786,4.80,2.40
2010.06.03 09:48:02.320,0.9782,0.9786,4.90,2.40
2010.06.03 09:48:02.378,0.9783,0.9786,2.40,2.40
2010.06.03 09:48:02.478,0.9783,0.9786,3.20,2.40
2010.06.03 09:48:03.180,0.9783,0.9786,2.40,2.40
2010.06.03 09:48:04.540,0.97845,0.9786,1.00,2.40
2010.06.03 09:48:05.356,0.97845,0.9787,1.00,2.40
2010.06.03 09:48:05.492,0.97845,0.9788,1.00,2.40
2010.06.03 09:48:05.847,0.97845,0.9788,1.60,2.40
2010.06.03 09:48:05.969,0.9785,0.9788,2.40,2.40
2010.06.03 09:48:06.738,0.9785,0.9789,2.40,3.80
2010.06.03 09:48:07.419,0.9785,0.9789,2.40,3.30
2010.06.03 09:48:09.087,0.9785,0.9789,2.50,3.20
2010.06.03 09:48:11.371,0.9785,0.9789,2.40,3.20
2010.06.03 09:48:12.120,0.9784,0.9787,2.50,2.40
2010.06.03 09:48:13.512,0.9784,0.9787,2.40,2.40
2010.06.03 09:48:14.191,0.9786,0.97885,2.40,3.10
2010.06.03 09:48:14.531,0.9785,0.9788,2.40,2.40
2010.06.03 09:48:16.770,0.9784,0.9787,2.40,2.40
2010.06.03 09:48:21.240,0.9784,0.9787,2.80,2.40
2010.06.03 09:48:22.843,0.9784,0.9787,2.40,2.40
2010.06.03 09:48:27.799,0.97845,0.9788,1.00,3.20
2010.06.03 09:48:27.951,0.9784,0.9788,2.80,3.30
2010.06.03 09:48:28.170,0.9784,0.9787,2.80,2.40
2010.06.03 09:48:29.415,0.9783,0.9787,4.80,2.40
2010.06.03 09:48:29.710,0.9783,0.9787,2.40,2.40
2010.06.03 09:48:33.700,0.9783,0.9787,2.40,2.40
2010.06.03 09:48:33.940,0.9783,0.9787,2.40,2.40
2010.06.03 09:48:36.688,0.9783,0.9787,4.00,2.40
2010.06.03 09:48:36.729,0.9784,0.9787,2.40,2.40
2010.06.03 09:48:39.922,0.9784,0.9787,2.40,3.20
2010.06.03 09:48:44.368,0.9784,0.9787,2.40,2.40
2010.06.03 09:48:45.710,0.97825,0.9787,2.10,2.80
2010.06.03 09:48:46.407,0.9782,0.9787,4.00,3.50
2010.06.03 09:48:46.579,0.9782,0.9786,2.40,2.40
2010.06.03 09:48:48.180,0.9782,0.9786,2.40,4.00
2010.06.03 09:48:48.439,0.9782,0.9786,2.40,5.20
2010.06.03 09:48:48.699,0.9782,0.97855,2.40,1.00
2010.06.03 09:48:50.695,0.9782,0.9786,2.40,5.20
2010.06.03 09:48:53.259,0.9782,0.9786,2.50,5.20
2010.06.03 09:48:56.558,0.9782,0.9786,2.50,6.40
2010.06.03 09:48:57.379,0.9782,0.9786,2.50,5.20
2010.06.03 09:49:02.357,0.9782,0.9786,2.50,3.60
2010.06.03 09:49:03.461,0.9784,0.9787,2.40,2.80
2010.06.03 09:49:08.127,0.9784,0.9787,2.40,2.90
2010.06.03 09:49:08.339,0.9783,0.97865,2.40,1.00
2010.06.03 09:49:08.549,0.9782,0.9787,3.70,2.90
2010.06.03 09:49:09.294,0.9782,0.97865,3.60,1.00
2010.06.03 09:49:09.571,0.9783,0.97865,2.40,1.00
2010.06.03 09:49:09.861,0.9784,0.97865,2.40,1.00
2010.06.03 09:49:12.812,0.9784,0.97865,3.30,1.00
2010.06.03 09:49:12.948,0.9784,0.9787,3.30,1.00
2010.06.03 09:49:13.088,0.9784,0.9787,3.20,1.00
2010.06.03 09:49:13.228,0.9785,0.9787,2.40,1.00
2010.06.03 09:49:16.039,0.9785,0.9787,2.50,1.00
2010.06.03 09:49:17.140,0.9785,0.9787,2.40,1.00
2010.06.03 09:49:19.928,0.9785,0.9788,2.40,3.50
2010.06.03 09:49:20.148,0.9785,0.9788,2.40,2.40
2010.06.03 09:49:20.966,0.9785,0.9788,2.50,2.40
2010.06.03 09:49:22.151,0.9785,0.9788,2.40,2.40
2010.06.03 09:49:41.144,0.9785,0.97895,3.20,1.70
2010.06.03 09:49:41.229,0.9786,0.97895,2.40,1.10
2010.06.03 09:49:41.389,0.9785,0.97895,3.20,1.10
2010.06.03 09:49:42.144,0.9785,0.9789,2.40,1.00
2010.06.03 09:49:42.491,0.9785,0.9789,2.90,2.50
2010.06.03 09:49:42.829,0.9785,0.9789,2.40,2.50
2010.06.03 09:49:43.169,0.9785,0.97885,2.40,1.00
2010.06.03 09:49:43.510,0.9785,0.97895,2.40,1.00
2010.06.03 09:49:44.630,0.9785,0.9789,2.40,2.50
2010.06.03 09:49:45.158,0.9784,0.9788,4.40,2.40
2010.06.03 09:49:45.288,0.9784,0.9788,2.40,3.20
2010.06.03 09:49:48.578,0.9784,0.9788,2.40,3.20
2010.06.03 09:49:48.878,0.9784,0.9788,2.40,3.30
2010.06.03 09:49:49.917,0.9784,0.9788,2.40,3.20
2010.06.03 09:49:51.028,0.9784,0.9788,2.50,3.20
2010.06.03 09:49:51.290,0.9785,0.9788,2.40,3.20
2010.06.03 09:49:58.350,0.9784,0.9788,2.50,3.20
2010.06.03 09:49:59.468,0.9785,0.9788,2.40,3.20
2010.06.03 09:50:03.939,0.9785,0.9788,2.40,2.40
2010.06.03 09:50:10.838,0.9785,0.9788,2.50,2.40
2010.06.03 09:50:12.827,0.9785,0.9788,2.40,2.40
2010.06.03 09:50:12.893,0.97845,0.9788,1.00,2.40
2010.06.03 09:50:13.199,0.97845,0.9788,1.20,2.40
2010.06.03 09:50:13.319,0.9785,0.9788,1.00,2.40
2010.06.03 09:50:14.055,0.9785,0.9788,3.10,2.40
2010.06.03 09:50:14.402,0.9785,0.9788,2.40,2.40
2010.06.03 09:50:16.576,0.9785,0.9788,2.80,2.40
2010.06.03 09:50:18.438,0.9785,0.9788,3.10,2.40
2010.06.03 09:50:19.767,0.9785,0.9788,3.00,2.40
2010.06.03 09:50:19.939,0.9785,0.9788,3.20,2.40
2010.06.03 09:50:20.288,0.97855,0.9788,1.00,2.40
2010.06.03 09:50:21.241,0.97855,0.9789,1.00,4.40
2010.06.03 09:50:21.570,0.97855,0.9789,1.00,3.20
2010.06.03 09:50:22.468,0.97855,0.9789,1.00,3.20
2010.06.03 09:50:22.649,0.9786,0.9789,2.40,3.20
2010.06.03 09:50:24.020,0.97855,0.9788,1.00,2.40
2010.06.03 09:50:24.269,0.97855,0.9788,1.00,2.40
2010.06.03 09:50:25.824,0.9785,0.9788,3.00,2.40
2010.06.03 09:50:26.540,0.9785,0.9788,2.80,2.40
2010.06.03 09:50:27.494,0.9785,0.9789,2.80,4.00
2010.06.03 09:50:27.608,0.9785,0.9789,2.80,2.40
2010.06.03 09:50:27.783,0.97855,0.9789,1.00,2.40
2010.06.03 09:50:27.840,0.97855,0.9789,1.60,2.40
2010.06.03 09:50:28.179,0.9786,0.979,2.40,3.20
2010.06.03 09:50:28.858,0.9786,0.9789,2.40,2.40
2010.06.03 09:50:33.058,0.9786,0.9789,3.20,2.40
2010.06.03 09:50:34.240,0.9786,0.9789,2.40,2.40
2010.06.03 09:50:35.038,0.97855,0.9789,1.20,2.40
2010.06.03 09:50:35.149,0.97855,0.9789,1.00,2.40
2010.06.03 09:50:35.960,0.9785,0.9789,2.80,2.40
2010.06.03 09:50:36.269,0.9785,0.9789,2.90,2.40
2010.06.03 09:50:37.168,0.9785,0.9789,3.10,2.40
2010.06.03 09:50:38.204,0.9786,0.9789,2.40,2.40
2010.06.03 09:50:38.331,0.9785,0.9789,3.10,2.40
2010.06.03 09:50:38.832,0.9785,0.9789,3.00,2.40
2010.06.03 09:50:39.859,0.9785,0.9789,2.90,2.40
2010.06.03 09:50:40.641,0.9785,0.9789,3.10,2.40
2010.06.03 09:50:40.771,0.9785,0.9789,3.30,2.40
2010.06.03 09:50:40.898,0.9785,0.9789,3.10,2.40
2010.06.03 09:50:42.561,0.9785,0.9789,2.90,2.40
2010.06.03 09:50:42.819,0.9785,0.9789,3.10,2.40
2010.06.03 09:50:43.720,0.9785,0.9789,3.00,2.80
2010.06.03 09:50:43.919,0.9785,0.9789,3.00,2.40
2010.06.03 09:50:44.109,0.9785,0.9789,2.80,2.40
2010.06.03 09:50:45.129,0.9785,0.9789,2.90,2.40
2010.06.03 09:50:45.823,0.9785,0.9789,2.50,2.40
2010.06.03 09:50:46.212,0.9785,0.9789,3.10,2.40
2010.06.03 09:50:46.931,0.97855,0.9789,1.00,2.40
2010.06.03 09:50:47.139,0.9785,0.9789,3.10,2.40
2010.06.03 09:50:49.918,0.9785,0.9789,3.10,3.20
2010.06.03 09:50:49.988,0.9785,0.9789,2.90,3.20
2010.06.03 09:50:50.059,0.9785,0.9789,2.40,3.20
2010.06.03 09:50:50.579,0.97845,0.9788,1.00,2.40
2010.06.03 09:50:51.770,0.9784,0.9788,2.40,3.60
2010.06.03 09:50:52.109,0.9784,0.9788,3.20,2.40
2010.06.03 09:50:53.128,0.9784,0.9788,3.30,2.40
2010.06.03 09:50:54.393,0.9784,0.9788,2.50,2.40
2010.06.03 09:50:54.618,0.9784,0.9788,3.20,2.40
2010.06.03 09:50:57.818,0.97845,0.9788,1.00,2.40
2010.06.03 09:50:57.938,0.9784,0.9788,3.20,2.40
2010.06.03 09:50:59.101,0.97845,0.9788,1.00,2.40
2010.06.03 09:51:02.519,0.9785,0.9788,1.00,2.40
2010.06.03 09:51:02.669,0.9785,0.9789,2.50,5.20
2010.06.03 09:51:02.808,0.9785,0.9789,2.50,3.60
2010.06.03 09:51:04.159,0.9786,0.9789,1.00,3.60
2010.06.03 09:51:05.178,0.97855,0.9789,1.00,3.60
2010.06.03 09:51:06.463,0.9785,0.9789,2.40,3.60
2010.06.03 09:51:06.559,0.9785,0.9789,2.50,3.60
2010.06.03 09:51:07.152,0.9785,0.9789,2.40,3.60
2010.06.03 09:51:07.272,0.9785,0.9789,2.50,3.60
2010.06.03 09:51:10.039,0.9785,0.9789,2.40,3.70
2010.06.03 09:51:11.130,0.9785,0.9789,2.40,3.60
2010.06.03 09:51:12.701,0.9785,0.9788,2.50,2.40
2010.06.03 09:51:12.999,0.9785,0.9788,2.40,2.40
2010.06.03 09:51:13.938,0.9785,0.9788,2.50,2.40
2010.06.03 09:51:16.235,0.9785,0.9788,2.40,2.40
2010.06.03 09:51:22.993,0.97845,0.9788,1.10,2.40
2010.06.03 09:51:23.068,0.97845,0.9788,1.00,2.40
2010.06.03 09:51:23.899,0.97845,0.9788,1.00,2.40
2010.06.03 09:51:25.206,0.9784,0.9788,5.30,2.40
2010.06.03 09:51:25.931,0.97845,0.9788,1.00,2.40
2010.06.03 09:51:26.003,0.9785,0.9788,2.40,2.40
2010.06.03 09:51:28.431,0.9784,0.9788,3.20,2.40
2010.06.03 09:51:29.098,0.9784,0.9788,3.30,2.40
2010.06.03 09:51:41.658,0.9784,0.9788,3.10,2.40
2010.06.03 09:51:42.458,0.9784,0.9788,3.00,2.40
2010.06.03 09:51:42.559,0.9785,0.9788,2.40,2.40
2010.06.03 09:51:43.470,0.9785,0.9789,2.40,2.50
2010.06.03 09:51:45.652,0.9785,0.97885,2.40,1.00
2010.06.03 09:51:46.489,0.9785,0.9789,2.40,2.50
2010.06.03 09:51:46.581,0.9784,0.9788,2.90,2.40
2010.06.03 09:51:46.799,0.9784,0.9788,3.10,2.40
2010.06.03 09:51:47.998,0.9784,0.9788,3.20,2.40
2010.06.03 09:51:49.408,0.9784,0.9788,4.00,2.40
2010.06.03 09:51:49.539,0.9785,0.9789,2.40,3.60
2010.06.03 09:51:50.339,0.9785,0.9789,2.40,3.20
2010.06.03 09:51:51.171,0.9785,0.9789,2.40,3.30
2010.06.03 09:51:51.873,0.9785,0.9789,2.40,3.20
2010.06.03 09:51:52.606,0.9785,0.9789,2.40,3.60
2010.06.03 09:51:52.762,0.9784,0.9788,2.90,2.40
2010.06.03 09:52:02.488,0.9784,0.9788,3.10,2.40
2010.06.03 09:52:02.779,0.9785,0.9788,2.40,2.40
2010.06.03 09:52:03.000,0.9784,0.9788,3.10,2.40
2010.06.03 09:52:03.714,0.9784,0.9788,3.90,2.40
2010.06.03 09:52:04.050,0.9785,0.9788,2.40,2.40
2010.06.03 09:52:04.390,0.9784,0.9788,2.50,2.40
2010.06.03 09:52:05.069,0.97845,0.9788,1.00,2.40
2010.06.03 09:52:05.321,0.9785,0.9788,2.40,2.40
2010.06.03 09:52:17.728,0.9785,0.9788,2.50,2.40
2010.06.03 09:52:19.020,0.9785,0.9788,2.50,3.20
2010.06.03 09:52:19.203,0.97845,0.9788,1.00,3.20
2010.06.03 09:52:20.908,0.97845,0.9788,1.00,3.20
2010.06.03 09:52:21.148,0.97845,0.9788,1.00,3.20
2010.06.03 09:52:24.350,0.97835,0.9786,1.00,2.40
2010.06.03 09:52:24.679,0.9783,0.9786,3.30,2.40
2010.06.03 09:52:25.648,0.97835,0.9786,1.00,2.40
2010.06.03 09:52:25.872,0.9784,0.9787,2.40,2.40
2010.06.03 09:52:28.743,0.9783,0.9786,3.70,2.40
2010.06.03 09:52:29.131,0.9783,0.9786,3.30,2.40
2010.06.03 09:52:30.170,0.9784,0.9787,2.40,2.40
2010.06.03 09:52:31.048,0.9783,0.9786,3.30,2.40
2010.06.03 09:52:31.591,0.9783,0.9786,3.20,2.40
2010.06.03 09:52:33.259,0.9783,0.9786,4.10,2.40
2010.06.03 09:52:33.369,0.9784,0.9787,2.40,2.40
2010.06.03 09:52:35.969,0.9784,0.9787,2.40,3.20
2010.06.03 09:52:36.089,0.9783,0.9787,4.00,3.20
2010.06.03 09:52:36.329,0.9783,0.9787,3.20,3.20
2010.06.03 09:52:36.928,0.9784,0.9787,2.40,2.40
2010.06.03 09:52:39.140,0.9783,0.9787,1.70,2.40
2010.06.03 09:52:39.320,0.9783,0.9787,3.30,2.40
2010.06.03 09:52:39.500,0.9783,0.9787,2.50,2.40
2010.06.03 09:52:39.679,0.9783,0.9787,3.30,2.40
2010.06.03 09:52:40.521,0.9783,0.9787,2.50,2.40
2010.06.03 09:52:41.224,0.97835,0.9787,2.40,2.40
2010.06.03 09:52:41.489,0.9784,0.9788,2.40,3.20
2010.06.03 09:52:42.591,0.9784,0.9788,2.40,3.20
2010.06.03 09:52:42.932,0.9784,0.9787,2.40,2.40
2010.06.03 09:52:46.759,0.97835,0.9787,1.00,2.40
2010.06.03 09:52:48.677,0.9785,0.9787,1.20,2.40
2010.06.03 09:52:48.863,0.9786,0.9789,2.40,3.20
2010.06.03 09:52:49.040,0.9786,0.9789,2.40,2.40
2010.06.03 09:52:50.629,0.97855,0.9789,1.00,2.40
2010.06.03 09:52:50.819,0.9785,0.9789,3.30,2.40
2010.06.03 09:52:51.017,0.9785,0.9789,2.80,2.40
2010.06.03 09:52:52.201,0.9785,0.9789,3.00,2.40
2010.06.03 09:52:52.920,0.9785,0.9789,2.40,2.40
2010.06.03 09:52:53.162,0.97845,0.9788,1.00,3.20
2010.06.03 09:52:54.165,0.9785,0.9788,2.40,2.40
2010.06.03 09:52:54.351,0.9785,0.9789,2.40,2.40
2010.06.03 09:52:54.720,0.9785,0.9789,2.40,3.20
2010.06.03 09:52:54.909,0.9785,0.9788,2.40,2.40
2010.06.03 09:52:57.119,0.9786,0.9789,2.40,3.20
2010.06.03 09:52:57.319,0.9786,0.9789,2.40,2.40
2010.06.03 09:52:58.479,0.97855,0.9789,1.60,3.20
2010.06.03 09:52:58.642,0.9786,0.9789,2.40,2.40
2010.06.03 09:52:59.770,0.9786,0.979,2.40,3.20
2010.06.03 09:53:01.748,0.9786,0.979,2.40,3.30
2010.06.03 09:53:02.601,0.9785,0.9789,5.60,3.20
2010.06.03 09:53:02.782,0.9785,0.9789,2.40,3.20
2010.06.03 09:53:03.120,0.9785,0.97885,2.40,1.00
2010.06.03 09:53:03.290,0.9785,0.9788,2.40,3.20
2010.06.03 09:53:04.134,0.97845,0.9788,1.00,3.20
2010.06.03 09:53:05.061,0.97855,0.9789,1.00,5.20
2010.06.03 09:53:05.910,0.97855,0.9789,1.00,3.20
2010.06.03 09:53:07.050,0.97855,0.9789,1.00,3.20
2010.06.03 09:53:07.209,0.9786,0.9789,2.40,2.40
2010.06.03 09:53:12.109,0.9786,0.9789,2.50,2.40
2010.06.03 09:53:13.978,0.9786,0.9789,2.40,2.40
2010.06.03 09:53:15.339,0.9786,0.9789,2.50,2.40
2010.06.03 09:53:17.489,0.9786,0.979,2.40,3.20
2010.06.03 09:53:18.413,0.9786,0.9789,2.40,2.40
2010.06.03 09:53:20.138,0.9786,0.9789,2.50,2.40
2010.06.03 09:53:21.441,0.9786,0.9789,2.40,2.40
2010.06.03 09:53:22.981,0.9786,0.9789,2.50,2.40
2010.06.03 09:53:23.098,0.9786,0.9789,2.40,2.40
2010.06.03 09:53:23.318,0.97855,0.9789,1.00,3.20
2010.06.03 09:53:23.659,0.97855,0.9789,1.00,3.20
2010.06.03 09:53:24.533,0.9785,0.9789,3.40,2.40
2010.06.03 09:53:24.871,0.9785,0.9789,3.10,2.40
2010.06.03 09:53:25.338,0.97855,0.9789,1.00,2.40
2010.06.03 09:53:25.489,0.9786,0.9789,2.40,2.40
2010.06.03 09:53:33.459,0.97855,0.9789,1.00,2.40
2010.06.03 09:53:33.689,0.97855,0.9789,1.00,2.40
2010.06.03 09:53:33.919,0.97855,0.9789,1.00,2.40
2010.06.03 09:53:35.170,0.97855,0.9789,1.00,2.40
2010.06.03 09:53:38.149,0.97855,0.9789,1.00,2.40
2010.06.03 09:53:38.250,0.9785,0.9789,3.30,2.40
2010.06.03 09:53:39.018,0.97855,0.9789,1.00,2.40
2010.06.03 09:53:41.953,0.9785,0.9789,3.20,2.40
2010.06.03 09:53:42.708,0.9785,0.9789,2.50,2.40
2010.06.03 09:53:43.330,0.9785,0.9789,3.00,2.40
2010.06.03 09:53:44.653,0.9785,0.9789,3.20,2.40
2010.06.03 09:53:45.728,0.97855,0.9789,1.00,2.40
2010.06.03 09:53:45.808,0.97855,0.9789,1.00,2.40
2010.06.03 09:53:45.888,0.9786,0.9789,2.40,2.40
2010.06.03 09:53:46.889,0.9786,0.9789,2.50,2.40
2010.06.03 09:53:48.209,0.9786,0.9789,2.40,2.40
2010.06.03 09:53:48.299,0.97855,0.9788,1.30,2.40
2010.06.03 09:53:49.518,0.97855,0.9788,1.20,2.40
2010.06.03 09:53:49.729,0.97855,0.9788,1.00,2.40
2010.06.03 09:53:52.218,0.97855,0.9788,1.00,2.40
2010.06.03 09:53:52.931,0.97855,0.9788,1.00,2.40
2010.06.03 09:53:54.938,0.97855,0.9788,1.00,2.40
2010.06.03 09:53:57.062,0.97855,0.9788,1.00,2.40
2010.06.03 09:53:57.182,0.97855,0.9788,1.00,2.40
2010.06.03 09:53:57.432,0.9786,0.9789,1.00,2.40
2010.06.03 09:53:57.642,0.97855,0.9789,1.00,3.20
2010.06.03 09:53:58.494,0.97855,0.9788,1.00,2.40
2010.06.03 09:54:03.000,0.97845,0.9787,1.60,2.40
2010.06.03 09:54:03.189,0.97845,0.9788,1.70,2.40
2010.06.03 09:54:03.370,0.9785,0.9788,2.80,2.40
2010.06.03 09:54:04.122,0.9785,0.9789,3.20,3.50
2010.06.03 09:54:04.402,0.9785,0.9789,3.20,2.40
2010.06.03 09:54:06.921,0.9785,0.9789,3.80,2.40
2010.06.03 09:54:06.999,0.9785,0.9789,4.80,2.40
2010.06.03 09:54:07.069,0.97855,0.9789,1.20,2.40
2010.06.03 09:54:07.784,0.9786,0.979,2.40,3.00
2010.06.03 09:54:07.957,0.9786,0.979,2.40,2.40
2010.06.03 09:54:08.132,0.9786,0.9789,2.40,2.40
2010.06.03 09:54:09.458,0.97855,0.9789,1.00,2.40
2010.06.03 09:54:09.807,0.9785,0.9789,3.20,2.40
2010.06.03 09:54:10.129,0.97855,0.9789,1.00,2.40
2010.06.03 09:54:10.408,0.97855,0.9789,1.00,2.40
2010.06.03 09:54:10.499,0.97855,0.97895,1.00,1.00
2010.06.03 09:54:12.528,0.9786,0.97895,1.00,1.00
2010.06.03 09:54:15.537,0.9786,0.97895,2.50,1.00
2010.06.03 09:54:15.682,0.9786,0.97895,1.00,1.00
2010.06.03 09:54:15.971,0.97855,0.97895,1.00,1.00
2010.06.03 09:54:16.252,0.97855,0.9789,1.00,2.40
2010.06.03 09:54:17.241,0.9785,0.9789,2.40,4.00
2010.06.03 09:54:17.539,0.9785,0.9789,2.40,2.40
2010.06.03 09:54:19.600,0.9786,0.9789,2.40,2.40
2010.06.03 09:54:19.779,0.9785,0.9789,2.50,2.40
2010.06.03 09:54:21.018,0.97855,0.9789,1.00,2.40
2010.06.03 09:54:24.329,0.9786,0.9789,1.00,2.40
2010.06.03 09:54:25.029,0.9786,0.9789,2.50,2.40
2010.06.03 09:54:25.363,0.9786,0.979,2.40,5.60
2010.06.03 09:54:25.691,0.9786,0.979,2.40,5.60
2010.06.03 09:54:26.024,0.97865,0.979,1.20,4.70
2010.06.03 09:54:27.061,0.9787,0.9792,3.60,3.80
2010.06.03 09:54:27.978,0.9787,0.97915,3.60,1.00
2010.06.03 09:54:28.891,0.9787,0.97915,3.20,1.00
2010.06.03 09:54:29.158,0.9787,0.97915,3.20,1.00
2010.06.03 09:54:30.269,0.9787,0.9792,3.30,4.40
2010.06.03 09:54:31.170,0.9787,0.97915,3.30,1.00
2010.06.03 09:54:31.283,0.9787,0.97915,3.30,1.00
2010.06.03 09:54:32.228,0.9787,0.97915,3.30,1.00
2010.06.03 09:54:34.048,0.9787,0.97915,3.30,1.00
2010.06.03 09:54:34.890,0.9787,0.97915,3.30,1.00
2010.06.03 09:54:35.529,0.9787,0.97915,3.30,1.00
2010.06.03 09:54:36.725,0.9787,0.9791,2.40,2.50
2010.06.03 09:54:40.219,0.9787,0.979,2.40,3.20
2010.06.03 09:54:40.480,0.97865,0.9789,1.00,2.40
2010.06.03 09:54:41.326,0.9785,0.9789,2.90,2.40
2010.06.03 09:54:41.473,0.9785,0.9789,2.40,2.40
2010.06.03 09:54:43.050,0.9785,0.9789,2.50,2.40
2010.06.03 09:54:45.072,0.97855,0.9789,1.00,2.40
2010.06.03 09:54:45.488,0.9785,0.9789,2.40,2.40
2010.06.03 09:54:47.010,0.9785,0.9789,2.50,2.40
2010.06.03 09:54:47.751,0.97855,0.9789,1.00,2.40
2010.06.03 09:54:48.652,0.9785,0.9789,3.70,2.40
2010.06.03 09:54:48.960,0.9785,0.9789,2.80,2.40
2010.06.03 09:54:49.109,0.9785,0.9789,1.20,2.40
2010.06.03 09:54:49.889,0.9785,0.9789,1.00,2.40
2010.06.03 09:54:50.231,0.97845,0.9789,1.00,2.40
2010.06.03 09:54:52.918,0.97845,0.9789,1.00,2.40
2010.06.03 09:54:55.188,0.97845,0.9789,1.20,2.40
2010.06.03 09:54:55.531,0.97845,0.9789,1.10,2.40
2010.06.03 09:54:55.789,0.9785,0.9789,1.00,2.40
2010.06.03 09:54:55.868,0.9785,0.9789,2.40,2.40
2010.06.03 09:54:56.028,0.9785,0.9789,2.50,2.40
2010.06.03 09:54:58.169,0.9785,0.9789,2.40,2.40
2010.06.03 09:54:59.090,0.9785,0.9789,2.40,3.40
2010.06.03 09:54:59.260,0.9784,0.9788,3.90,2.40
2010.06.03 09:55:00.029,0.9784,0.9788,3.30,2.40
2010.06.03 09:55:00.419,0.9784,0.9788,2.40,2.40
2010.06.03 09:55:01.858,0.9784,0.9788,2.80,2.40
2010.06.03 09:55:02.018,0.9784,0.9788,2.80,2.40
2010.06.03 09:55:02.550,0.97845,0.9788,1.00,2.40
2010.06.03 09:55:02.789,0.9785,0.9788,2.40,2.40
2010.06.03 09:55:04.928,0.9785,0.9788,2.50,2.40
2010.06.03 09:55:06.608,0.9785,0.9789,2.50,3.20
2010.06.03 09:55:06.678,0.9785,0.9789,3.70,2.40
2010.06.03 09:55:06.819,0.9785,0.9788,3.60,2.40
2010.06.03 09:55:07.470,0.9785,0.9788,2.80,2.40
2010.06.03 09:55:07.539,0.9785,0.9788,2.40,2.40
2010.06.03 09:55:08.019,0.9785,0.9788,2.50,2.40
2010.06.03 09:55:08.939,0.9785,0.9788,2.40,2.40
2010.06.03 09:55:11.038,0.9785,0.9789,2.40,2.40
2010.06.03 09:55:11.660,0.9785,0.9788,2.40,1.00
2010.06.03 09:55:11.768,0.9784,0.9788,2.80,3.20
2010.06.03 09:55:12.949,0.9785,0.9788,2.40,3.20
2010.06.03 09:55:13.388,0.9785,0.9788,2.40,2.40
2010.06.03 09:55:13.498,0.9785,0.9789,2.40,3.20
2010.06.03 09:55:13.948,0.9785,0.9789,2.40,2.40
2010.06.03 09:55:15.818,0.9785,0.9789,2.50,2.40
2010.06.03 09:55:17.959,0.9785,0.9789,2.40,2.40
2010.06.03 09:55:19.029,0.9785,0.9789,2.40,2.50
2010.06.03 09:55:23.000,0.9785,0.9789,2.80,2.40
2010.06.03 09:55:23.322,0.9785,0.9789,3.60,2.40
2010.06.03 09:55:24.130,0.9785,0.9789,4.30,2.40
2010.06.03 09:55:26.169,0.9785,0.9789,4.40,2.40
2010.06.03 09:55:26.349,0.97855,0.9789,1.00,2.40
2010.06.03 09:55:27.350,0.9785,0.9789,4.40,2.40
2010.06.03 09:55:28.898,0.97855,0.9789,1.00,2.40
2010.06.03 09:55:30.453,0.9785,0.9789,4.40,2.40
2010.06.03 09:55:33.019,0.9785,0.9789,4.30,2.40
2010.06.03 09:55:33.449,0.9785,0.9789,3.60,2.40
2010.06.03 09:55:33.769,0.9785,0.9789,2.40,2.40
2010.06.03 09:55:33.869,0.97845,0.9789,1.00,2.40
2010.06.03 09:55:33.969,0.9784,0.9789,3.30,2.40
2010.06.03 09:55:35.299,0.9784,0.9789,3.50,2.50
2010.06.03 09:55:36.118,0.9784,0.97885,3.50,1.00
2010.06.03 09:55:36.929,0.9784,0.97885,3.30,1.00
2010.06.03 09:55:39.919,0.9784,0.9789,3.50,2.50
2010.06.03 09:55:40.339,0.9784,0.9789,3.60,2.50
2010.06.03 09:55:40.549,0.9784,0.9789,3.60,2.50
2010.06.03 09:55:43.255,0.97845,0.9789,1.00,2.40
2010.06.03 09:55:43.438,0.9785,0.9789,2.40,2.40
2010.06.03 09:55:45.209,0.9785,0.9789,2.50,2.40
2010.06.03 09:55:45.678,0.9785,0.9789,2.40,2.50
2010.06.03 09:55:51.029,0.9785,0.9788,2.40,1.00
2010.06.03 09:55:51.188,0.9784,0.9788,3.30,3.20
2010.06.03 09:55:54.997,0.9784,0.9788,3.70,3.20
2010.06.03 09:55:55.169,0.97855,0.9788,1.00,2.40
2010.06.03 09:55:55.339,0.97845,0.9788,2.40,3.20
2010.06.03 09:55:56.120,0.97845,0.9788,3.20,3.20
2010.06.03 09:55:56.419,0.97845,0.9788,1.00,3.20
2010.06.03 09:55:58.111,0.9785,0.9788,2.40,3.20
2010.06.03 09:56:01.440,0.9785,0.9788,2.40,3.30
2010.06.03 09:56:01.592,0.9785,0.9788,2.40,3.20
2010.06.03 09:56:01.870,0.9785,0.9788,2.40,3.20
2010.06.03 09:56:02.011,0.9785,0.9788,2.40,2.40
2010.06.03 09:56:02.150,0.9785,0.9789,2.40,6.10
2010.06.03 09:56:02.290,0.9785,0.9789,2.40,5.30
2010.06.03 09:56:02.429,0.9785,0.9789,2.40,5.60
2010.06.03 09:56:03.365,0.9785,0.9789,2.40,4.10
2010.06.03 09:56:04.692,0.9785,0.9789,2.80,3.30
2010.06.03 09:56:05.030,0.97855,0.9789,1.00,3.20
2010.06.03 09:56:13.152,0.97855,0.9789,1.00,3.20
2010.06.03 09:56:13.952,0.9786,0.9789,2.40,3.20
2010.06.03 09:56:16.880,0.9786,0.9789,2.40,2.40
2010.06.03 09:56:17.659,0.9786,0.979,2.40,3.60
2010.06.03 09:56:17.832,0.9786,0.979,2.40,3.20
2010.06.03 09:56:18.013,0.9786,0.979,2.40,3.20
2010.06.03 09:56:18.190,0.9787,0.979,2.40,3.20
2010.06.03 09:56:19.250,0.9786,0.979,2.40,3.20
2010.06.03 09:56:19.592,0.97865,0.979,1.00,3.20
2010.06.03 09:56:19.929,0.9787,0.979,2.40,3.20
2010.06.03 09:56:28.294,0.9786,0.979,2.50,3.20
2010.06.03 09:56:29.151,0.9786,0.979,2.40,3.20
2010.06.03 09:56:29.339,0.9786,0.979,2.40,3.30
2010.06.03 09:56:30.601,0.9786,0.979,2.50,3.20
2010.06.03 09:56:30.919,0.9786,0.979,2.40,3.20
2010.06.03 09:56:31.079,0.9786,0.979,2.40,3.30
2010.06.03 09:56:32.351,0.9787,0.979,2.40,3.20
2010.06.03 09:56:40.730,0.9787,0.979,3.10,2.40
2010.06.03 09:56:40.970,0.97875,0.9791,1.00,2.40
2010.06.03 09:56:41.828,0.9788,0.9791,2.40,2.40
2010.06.03 09:56:41.962,0.9787,0.9791,3.00,2.40
2010.06.03 09:56:42.419,0.9787,0.9791,2.40,2.40
2010.06.03 09:56:43.079,0.9787,0.9791,2.50,2.40
2010.06.03 09:56:43.679,0.9787,0.9791,2.40,3.30
2010.06.03 09:56:43.758,0.9787,0.979,2.40,2.40
2010.06.03 09:56:43.819,0.9787,0.979,2.40,3.20
2010.06.03 09:56:44.533,0.9787,0.979,2.40,2.40
2010.06.03 09:56:44.806,0.9788,0.9791,2.40,2.40
2010.06.03 09:56:47.680,0.9788,0.9792,2.40,3.60
2010.06.03 09:56:47.880,0.9788,0.9792,2.40,3.20
2010.06.03 09:56:48.666,0.9788,0.9792,2.40,3.30
2010.06.03 09:56:49.870,0.9788,0.9792,2.80,3.30
2010.06.03 09:56:50.549,0.9788,0.9792,2.40,3.30
2010.06.03 09:56:51.710,0.9788,0.9792,2.80,3.30
2010.06.03 09:56:52.039,0.9788,0.9792,2.90,3.20
2010.06.03 09:56:58.109,0.9788,0.9792,2.80,3.30
2010.06.03 09:56:58.371,0.9788,0.9792,3.20,3.20
2010.06.03 09:56:59.700,0.9788,0.9792,3.20,3.20
2010.06.03 09:57:02.502,0.9789,0.9792,2.40,3.20
2010.06.03 09:57:05.180,0.9788,0.9792,3.70,3.20
2010.06.03 09:57:05.288,0.9788,0.9792,2.90,3.20
2010.06.03 09:57:05.425,0.9788,0.9792,2.50,3.20
2010.06.03 09:57:05.541,0.9788,0.9792,2.40,3.30
2010.06.03 09:57:13.059,0.9788,0.9792,2.50,3.20
2010.06.03 09:57:15.250,0.9788,0.9792,2.40,3.30
2010.06.03 09:57:15.873,0.9788,0.9792,2.80,3.30
2010.06.03 09:57:15.979,0.9788,0.9792,3.00,3.20
2010.06.03 09:57:18.822,0.97885,0.9792,1.00,3.20
2010.06.03 09:57:19.299,0.9789,0.9792,1.00,3.20
2010.06.03 09:57:21.925,0.9789,0.9792,1.00,3.30
2010.06.03 09:57:23.959,0.97885,0.9792,1.00,3.30
2010.06.03 09:57:24.346,0.97885,0.9792,1.00,3.30
2010.06.03 09:57:27.959,0.97885,0.9792,1.00,3.20
2010.06.03 09:57:28.260,0.9789,0.9792,2.40,3.20
2010.06.03 09:57:30.200,0.9789,0.9792,2.40,3.20
2010.06.03 09:57:30.541,0.9789,0.9792,2.40,3.20
2010.06.03 09:57:33.075,0.9788,0.9791,2.40,3.20
2010.06.03 09:57:35.682,0.9788,0.9791,2.40,3.20
2010.06.03 09:57:36.328,0.9788,0.9791,2.40,3.20
2010.06.03 09:57:43.022,0.9789,0.9792,2.40,3.20
2010.06.03 09:57:45.209,0.9789,0.9792,2.40,3.20
2010.06.03 09:57:47.929,0.9789,0.9792,2.40,3.20
2010.06.03 09:57:51.069,0.9789,0.9792,2.40,3.20
2010.06.03 09:57:53.119,0.9789,0.9792,2.40,3.20
2010.06.03 09:58:06.481,0.9789,0.9792,2.40,1.00
2010.06.03 09:58:17.954,0.9789,0.97925,3.30,1.00
2010.06.03 09:58:18.101,0.979,0.9793,2.40,2.40
2010.06.03 09:58:22.546,0.979,0.97935,2.40,1.60
2010.06.03 09:58:22.649,0.979,0.9793,2.40,2.40
2010.06.03 09:58:23.251,0.979,0.97935,3.20,1.20
2010.06.03 09:58:24.240,0.979,0.9793,2.40,2.40
2010.06.03 09:58:25.389,0.979,0.97925,2.40,1.00
2010.06.03 09:58:25.732,0.979,0.9793,2.40,1.00
2010.06.03 09:58:26.072,0.97885,0.9792,1.00,3.20
2010.06.03 09:58:26.944,0.97885,0.97925,1.00,1.00
2010.06.03 09:58:27.172,0.9791,0.97935,2.40,1.00
2010.06.03 09:58:27.401,0.979,0.97935,2.40,1.00
2010.06.03 09:58:27.631,0.97895,0.9793,1.00,3.00
2010.06.03 09:58:28.542,0.9789,0.9792,2.80,2.40
2010.06.03 09:58:28.871,0.9789,0.9792,1.00,2.40
2010.06.03 09:58:29.201,0.9789,0.97925,2.80,1.00
2010.06.03 09:58:30.155,0.979,0.9793,2.40,3.20
2010.06.03 09:58:30.722,0.979,0.9794,2.40,4.80
2010.06.03 09:58:30.951,0.979,0.9794,2.40,3.70
2010.06.03 09:58:31.181,0.97885,0.9792,3.20,2.40
2010.06.03 09:58:32.053,0.9789,0.9793,2.40,2.40
2010.06.03 09:58:32.421,0.9789,0.9793,2.40,2.50
2010.06.03 09:58:32.609,0.97885,0.9793,1.00,2.50
2010.06.03 09:58:33.464,0.97885,0.9793,1.00,3.30
2010.06.03 09:58:33.770,0.9789,0.97925,2.40,1.00
2010.06.03 09:58:34.073,0.9789,0.9792,2.40,1.00
2010.06.03 09:58:34.371,0.979,0.9793,2.40,4.10
2010.06.03 09:58:34.670,0.9789,0.97925,2.40,1.00
2010.06.03 09:58:35.673,0.97895,0.9793,1.00,2.50
2010.06.03 09:58:37.800,0.9789,0.97925,5.70,1.00
2010.06.03 09:58:38.051,0.9789,0.9792,3.60,2.40
2010.06.03 09:58:38.123,0.9789,0.9792,2.80,2.40
2010.06.03 09:58:38.150,0.9789,0.9792,2.80,3.20
2010.06.03 09:58:39.031,0.9789,0.9792,2.40,3.20
2010.06.03 09:58:39.373,0.9789,0.9792,2.40,3.20
2010.06.03 09:58:40.049,0.9789,0.9792,2.40,3.20
2010.06.03 09:58:40.620,0.97885,0.9792,1.00,3.30
2010.06.03 09:58:40.850,0.9788,0.9792,6.00,3.30
2010.06.03 09:58:41.829,0.9788,0.97915,6.00,1.00
2010.06.03 09:58:41.892,0.9788,0.9792,6.00,3.30
2010.06.03 09:58:42.722,0.9789,0.9792,2.40,3.20
2010.06.03 09:58:43.459,0.9789,0.9792,2.40,4.10
2010.06.03 09:58:43.641,0.9788,0.9791,2.40,3.20
2010.06.03 09:58:44.650,0.9788,0.97915,2.40,1.00
2010.06.03 09:58:44.970,0.9788,0.9792,2.40,3.30
2010.06.03 09:58:47.014,0.9789,0.9792,2.40,3.30
2010.06.03 09:58:47.201,0.9789,0.9792,2.40,4.10
2010.06.03 09:58:47.389,0.97875,0.9791,1.00,2.40
2010.06.03 09:58:47.480,0.97875,0.9791,3.30,2.40
2010.06.03 09:58:47.579,0.9788,0.9792,2.40,3.30
2010.06.03 09:58:48.919,0.9788,0.97915,2.40,1.00
2010.06.03 09:58:49.219,0.9788,0.97915,2.40,1.00
2010.06.03 09:58:49.520,0.9788,0.9792,4.80,2.40
2010.06.03 09:58:49.860,0.97885,0.9792,1.00,2.40
2010.06.03 09:58:52.549,0.97885,0.9792,1.00,2.50
2010.06.03 09:58:53.109,0.97885,0.97915,1.00,1.00
2010.06.03 09:58:54.081,0.9788,0.9792,2.40,2.50
2010.06.03 09:58:54.950,0.9788,0.9792,3.20,2.50
2010.06.03 09:58:55.239,0.9788,0.9792,2.40,2.50
2010.06.03 09:58:56.262,0.9788,0.97925,2.40,1.00
2010.06.03 09:58:56.919,0.9788,0.9792,2.40,1.00
2010.06.03 09:58:57.736,0.9788,0.9792,2.40,2.50
2010.06.03 09:58:58.013,0.9788,0.9792,2.80,2.50
2010.06.03 09:59:01.302,0.9788,0.97925,2.80,1.00
2010.06.03 09:59:02.046,0.9788,0.97925,2.90,1.00
2010.06.03 09:59:05.659,0.9788,0.97925,3.60,1.00
2010.06.03 09:59:05.759,0.9788,0.97925,2.90,1.00
2010.06.03 09:59:06.550,0.9788,0.97925,3.70,1.00
2010.06.03 09:59:07.549,0.9788,0.97925,2.90,1.00
2010.06.03 09:59:07.850,0.9788,0.97925,3.60,1.00
2010.06.03 09:59:08.048,0.9788,0.97925,5.20,1.00
2010.06.03 09:59:08.248,0.9788,0.97925,6.00,1.00
2010.06.03 09:59:15.969,0.9788,0.9792,5.80,1.00
2010.06.03 09:59:16.851,0.979,0.97925,3.60,1.00
2010.06.03 09:59:16.959,0.979,0.9793,3.60,1.00
2010.06.03 09:59:17.750,0.979,0.9794,6.00,2.50
2010.06.03 09:59:19.653,0.979,0.9794,3.20,3.30
2010.06.03 09:59:19.965,0.979,0.9794,2.40,2.90
2010.06.03 09:59:20.620,0.979,0.97935,2.40,1.00
2010.06.03 09:59:26.310,0.97895,0.9793,2.80,3.30
2010.06.03 09:59:26.439,0.97895,0.9793,1.20,3.30
2010.06.03 09:59:27.372,0.97895,0.9793,1.00,4.00
2010.06.03 09:59:27.469,0.97895,0.9793,1.00,3.70
2010.06.03 09:59:28.019,0.97895,0.97925,1.00,1.00
2010.06.03 09:59:29.199,0.97895,0.97925,1.00,1.00
2010.06.03 09:59:33.327,0.97895,0.9793,1.00,3.30
2010.06.03 09:59:34.790,0.97895,0.97925,1.00,1.00
2010.06.03 09:59:37.345,0.97895,0.97925,1.00,1.00
2010.06.03 09:59:37.510,0.979,0.97925,1.00,1.00
2010.06.03 09:59:38.770,0.979,0.9793,1.00,4.10
2010.06.03 09:59:38.969,0.979,0.9793,1.00,3.30
2010.06.03 09:59:39.070,0.979,0.9793,1.00,2.40
2010.06.03 09:59:40.040,0.979,0.97935,2.80,1.00
2010.06.03 09:59:41.039,0.979,0.97935,2.80,1.00
2010.06.03 09:59:41.588,0.979,0.97935,2.40,1.00
2010.06.03 09:59:42.159,0.979,0.97935,2.40,1.00
2010.06.03 09:59:44.192,0.979,0.9793,2.40,2.40
2010.06.03 09:59:44.490,0.979,0.97935,2.40,1.00
2010.06.03 09:59:45.712,0.979,0.9794,2.40,2.40
2010.06.03 09:59:45.961,0.979,0.9794,3.30,2.40
2010.06.03 09:59:46.451,0.979,0.9794,3.80,2.40
2010.06.03 09:59:47.702,0.979,0.9794,3.30,2.40
2010.06.03 09:59:49.970,0.979,0.9794,3.10,2.50
2010.06.03 09:59:57.200,0.97905,0.9794,1.00,2.40
2010.06.03 09:59:57.233,0.979,0.9794,2.50,2.40
2010.06.03 09:59:57.275,0.979,0.9794,2.40,2.50
2010.06.03 09:59:57.350,0.979,0.9794,3.00,2.50
2010.06.03 09:59:59.080,0.979,0.9794,3.20,2.40
