2010.06.15 07:00:00.277,0.97505,0.9754,8.00,1.60
2010.06.15 07:00:00.788,0.975,0.9753,4.00,1.60
2010.06.15 07:00:01.137,0.97495,0.9753,8.00,1.60
2010.06.15 07:00:01.476,0.97495,0.9753,8.00,4.00
2010.06.15 07:00:01.815,0.9749,0.9753,8.10,4.00
2010.06.15 07:00:02.494,0.9749,0.9753,8.00,4.00
2010.06.15 07:00:02.843,0.9749,0.9752,10.50,1.60
2010.06.15 07:00:03.190,0.9749,0.9752,4.00,1.60
2010.06.15 07:00:03.716,0.9749,0.97525,8.00,1.60
2010.06.15 07:00:04.047,0.9749,0.97525,12.00,1.60
2010.06.15 07:00:04.697,0.9749,0.9752,10.50,1.60
2010.06.15 07:00:05.036,0.9749,0.97525,12.00,1.60
2010.06.15 07:00:05.718,0.97495,0.9753,9.60,2.50
2010.06.15 07:00:06.058,0.97495,0.97535,9.60,1.70
2010.06.15 07:00:06.558,0.975,0.97535,2.40,1.60
2010.06.15 07:00:06.897,0.97505,0.9754,1.60,12.00
2010.06.15 07:00:07.236,0.97505,0.9754,5.60,4.00
2010.06.15 07:00:07.576,0.97495,0.97535,9.70,1.60
2010.06.15 07:00:08.676,0.97505,0.9754,5.60,4.00
2010.06.15 07:00:09.694,0.97505,0.9754,5.60,4.00
2010.06.15 07:00:10.034,0.97505,0.9754,5.60,4.00
2010.06.15 07:00:11.054,0.97505,0.97535,4.00,1.60
2010.06.15 07:00:11.448,0.975,0.97535,2.40,1.60
2010.06.15 07:00:11.700,0.97505,0.97535,4.00,1.60
2010.06.15 07:00:11.949,0.97505,0.97535,4.40,1.60
2010.06.15 07:00:12.479,0.9751,0.9754,4.00,2.40
2010.06.15 07:00:12.821,0.9751,0.9755,2.40,15.40
2010.06.15 07:00:13.167,0.9751,0.9755,2.40,14.60
2010.06.15 07:00:13.506,0.9751,0.97545,2.40,1.00
2010.06.15 07:00:13.844,0.97505,0.97545,8.10,1.00
2010.06.15 07:00:14.339,0.97515,0.9754,8.00,1.60
2010.06.15 07:00:14.655,0.9751,0.9754,10.80,1.60
2010.06.15 07:00:15.635,0.97515,0.9754,8.00,1.60
2010.06.15 07:00:15.975,0.97515,0.9754,4.00,1.60
2010.06.15 07:00:16.314,0.9751,0.9754,8.50,1.60
2010.06.15 07:00:16.916,0.9751,0.97545,8.50,1.00
2010.06.15 07:00:17.185,0.9751,0.9754,8.50,1.60
2010.06.15 07:00:17.721,0.9751,0.9754,4.50,1.60
2010.06.15 07:00:18.079,0.9751,0.97545,10.40,1.00
2010.06.15 07:00:18.587,0.975,0.9754,11.40,5.60
2010.06.15 07:00:18.928,0.975,0.9754,9.70,2.00
2010.06.15 07:00:19.265,0.975,0.9754,8.10,3.60
2010.06.15 07:00:19.949,0.97495,0.97535,2.50,10.00
2010.06.15 07:00:20.285,0.97495,0.97535,1.00,11.60
2010.06.15 07:00:20.966,0.9749,0.9753,10.10,4.00
2010.06.15 07:00:21.308,0.97495,0.9753,1.00,6.40
2010.06.15 07:00:21.536,0.9749,0.97535,10.10,12.40
2010.06.15 07:00:21.764,0.97495,0.97535,1.00,11.60
2010.06.15 07:00:22.224,0.97495,0.97535,4.10,8.00
2010.06.15 07:00:22.533,0.97495,0.97535,4.00,8.00
2010.06.15 07:00:23.435,0.97495,0.97535,4.10,8.00
2010.06.15 07:00:25.204,0.97495,0.97535,4.00,8.20
2010.06.15 07:00:25.464,0.97495,0.9753,4.00,1.60
2010.06.15 07:00:25.725,0.97495,0.9753,8.00,4.00
2010.06.15 07:00:26.104,0.97495,0.9753,4.00,4.00
2010.06.15 07:00:26.294,0.9749,0.9753,14.10,4.00
2010.06.15 07:00:27.007,0.97495,0.9753,8.00,4.00
2010.06.15 07:00:27.329,0.97485,0.9751,8.00,1.60
2010.06.15 07:00:27.641,0.97475,0.9751,4.00,6.80
2010.06.15 07:00:28.044,0.9747,0.9751,8.00,6.00
2010.06.15 07:00:28.389,0.97465,0.9749,4.00,5.60
2010.06.15 07:00:28.909,0.97455,0.9749,1.00,14.00
2010.06.15 07:00:29.249,0.9745,0.9749,4.00,6.60
2010.06.15 07:00:29.586,0.9745,0.9749,10.50,4.30
2010.06.15 07:00:30.845,0.9745,0.9749,8.10,6.40
2010.06.15 07:00:31.425,0.9745,0.9749,8.10,6.40
2010.06.15 07:00:31.764,0.9745,0.9749,8.00,6.40
2010.06.15 07:00:32.445,0.97455,0.9749,1.00,6.40
2010.06.15 07:00:32.674,0.97455,0.9749,5.70,6.00
2010.06.15 07:00:33.070,0.97455,0.9749,5.60,4.00
2010.06.15 07:00:33.302,0.9746,0.975,10.40,1.20
2010.06.15 07:00:33.539,0.97465,0.975,8.00,2.40
2010.06.15 07:00:33.776,0.9746,0.975,8.00,4.40
2010.06.15 07:00:35.155,0.97465,0.975,4.00,4.40
2010.06.15 07:00:35.418,0.9746,0.975,8.10,1.60
2010.06.15 07:00:35.681,0.97465,0.975,4.00,4.40
2010.06.15 07:00:36.191,0.97465,0.97505,8.00,1.20
2010.06.15 07:00:36.544,0.97465,0.975,4.10,6.00
2010.06.15 07:00:37.221,0.97465,0.975,8.10,6.00
2010.06.15 07:00:37.909,0.9746,0.975,10.40,6.00
2010.06.15 07:00:38.247,0.9746,0.975,8.00,6.00
2010.06.15 07:00:38.589,0.9746,0.975,8.00,4.40
2010.06.15 07:00:38.927,0.97465,0.975,8.00,1.60
2010.06.15 07:00:39.227,0.9747,0.9751,2.40,14.00
2010.06.15 07:00:39.636,0.9747,0.9751,10.40,1.60
2010.06.15 07:00:39.939,0.9748,0.9752,2.40,15.30
2010.06.15 07:00:40.278,0.9748,0.9752,2.40,14.00
2010.06.15 07:00:40.618,0.9748,0.9752,10.40,3.60
2010.06.15 07:00:40.958,0.9748,0.9752,10.50,3.60
2010.06.15 07:00:41.974,0.97485,0.9752,1.00,3.60
2010.06.15 07:00:43.333,0.97475,0.9752,10.50,14.00
2010.06.15 07:00:43.557,0.9748,0.9752,10.50,3.60
2010.06.15 07:00:43.876,0.9748,0.9752,8.10,6.00
2010.06.15 07:00:44.097,0.9748,0.9752,10.50,3.60
2010.06.15 07:00:44.656,0.9748,0.9752,4.10,6.00
2010.06.15 07:00:45.335,0.9748,0.9752,4.10,8.40
2010.06.15 07:00:45.678,0.97485,0.9752,8.10,2.00
2010.06.15 07:00:46.029,0.97485,0.9752,8.00,2.00
2010.06.15 07:00:46.364,0.97485,0.9752,8.10,2.00
2010.06.15 07:00:47.387,0.97485,0.9752,8.00,2.00
2010.06.15 07:00:47.577,0.9748,0.9751,1.00,1.60
2010.06.15 07:00:47.955,0.9748,0.97515,4.00,1.00
2010.06.15 07:00:48.664,0.9748,0.97515,4.00,1.00
2010.06.15 07:00:49.867,0.9748,0.97515,6.40,1.00
2010.06.15 07:00:49.946,0.9748,0.97515,6.50,1.00
2010.06.15 07:00:50.026,0.9748,0.97515,4.00,1.00
2010.06.15 07:00:50.317,0.9748,0.9752,4.00,10.70
2010.06.15 07:00:50.400,0.9747,0.9751,9.70,2.40
2010.06.15 07:00:50.749,0.97475,0.975,4.00,1.60
2010.06.15 07:00:51.088,0.9747,0.9751,8.00,4.70
2010.06.15 07:00:51.427,0.9747,0.975,8.00,1.60
2010.06.15 07:00:51.766,0.97465,0.975,8.00,1.60
2010.06.15 07:00:52.105,0.9747,0.975,1.00,1.60
2010.06.15 07:00:52.447,0.97475,0.9751,4.00,2.40
2010.06.15 07:00:53.125,0.97475,0.9751,4.10,2.40
2010.06.15 07:00:53.468,0.9747,0.975,1.00,1.60
2010.06.15 07:00:53.737,0.9747,0.97505,6.50,1.60
2010.06.15 07:00:54.167,0.97465,0.97505,13.70,6.00
2010.06.15 07:00:54.440,0.97465,0.97505,8.10,1.00
2010.06.15 07:00:55.385,0.9747,0.97505,1.00,1.00
2010.06.15 07:00:55.724,0.9747,0.97505,1.00,1.00
2010.06.15 07:00:57.755,0.97475,0.9751,1.00,8.00
2010.06.15 07:00:58.071,0.97475,0.97515,4.10,4.00
2010.06.15 07:00:58.417,0.97475,0.9752,8.00,10.40
2010.06.15 07:00:58.755,0.97475,0.9752,8.00,14.00
2010.06.15 07:00:59.414,0.97475,0.9752,8.10,14.00
2010.06.15 07:00:59.733,0.97475,0.9752,8.00,14.00
2010.06.15 07:01:00.659,0.97475,0.975,4.00,1.60
2010.06.15 07:01:00.796,0.9747,0.975,4.00,1.60
2010.06.15 07:01:00.935,0.97465,0.975,1.00,1.60
2010.06.15 07:01:01.295,0.97465,0.9751,8.10,14.00
2010.06.15 07:01:01.414,0.97465,0.9751,8.10,12.40
2010.06.15 07:01:01.751,0.97465,0.975,8.10,1.60
2010.06.15 07:01:01.877,0.97465,0.975,1.00,1.60
2010.06.15 07:01:02.214,0.9746,0.975,10.50,1.60
2010.06.15 07:01:02.555,0.9746,0.9749,6.50,1.60
2010.06.15 07:01:03.498,0.97455,0.9749,9.70,1.60
2010.06.15 07:01:05.923,0.97455,0.9749,9.60,1.60
2010.06.15 07:01:07.154,0.9746,0.9749,1.00,1.60
2010.06.15 07:01:07.254,0.9746,0.975,1.60,12.40
2010.06.15 07:01:07.485,0.9746,0.9749,1.00,1.60
2010.06.15 07:01:07.726,0.97455,0.9749,8.00,1.60
2010.06.15 07:01:08.365,0.9746,0.9749,2.40,1.60
2010.06.15 07:01:08.678,0.9746,0.975,6.50,4.40
2010.06.15 07:01:10.676,0.9746,0.97495,8.00,1.00
2010.06.15 07:01:11.015,0.97455,0.9749,8.10,1.60
2010.06.15 07:01:11.356,0.97465,0.975,8.00,3.60
2010.06.15 07:01:11.636,0.97465,0.975,8.00,2.00
2010.06.15 07:01:11.866,0.9746,0.975,6.40,2.00
2010.06.15 07:01:12.095,0.97455,0.975,10.50,14.00
2010.06.15 07:01:12.324,0.97455,0.975,9.70,14.00
2010.06.15 07:01:13.294,0.9746,0.975,1.00,14.00
2010.06.15 07:01:13.813,0.9746,0.9749,1.00,1.60
2010.06.15 07:01:13.957,0.97465,0.9749,1.00,1.60
2010.06.15 07:01:14.330,0.97465,0.975,1.00,7.60
2010.06.15 07:01:14.676,0.97475,0.975,4.00,1.60
2010.06.15 07:01:15.016,0.9747,0.9749,4.00,1.60
2010.06.15 07:01:15.356,0.9747,0.975,4.00,6.80
2010.06.15 07:01:15.694,0.9747,0.975,4.00,4.40
2010.06.15 07:01:17.284,0.9747,0.975,1.00,4.40
2010.06.15 07:01:22.160,0.97465,0.97495,1.00,1.00
2010.06.15 07:01:22.426,0.97465,0.9749,1.00,1.60
2010.06.15 07:01:22.697,0.9747,0.975,1.00,4.40
2010.06.15 07:01:23.036,0.9747,0.9751,4.10,10.80
2010.06.15 07:01:23.375,0.9747,0.97505,8.10,1.00
2010.06.15 07:01:24.055,0.97475,0.97505,1.00,1.00
2010.06.15 07:01:24.394,0.9747,0.97505,8.00,1.00
2010.06.15 07:01:24.735,0.9747,0.97495,8.10,1.60
2010.06.15 07:01:25.075,0.9747,0.97495,1.00,1.60
2010.06.15 07:01:26.734,0.9747,0.97495,1.00,1.60
2010.06.15 07:01:26.846,0.9747,0.97495,1.00,1.60
2010.06.15 07:01:27.621,0.9747,0.97495,1.00,1.60
2010.06.15 07:01:30.974,0.9747,0.97495,1.00,1.60
2010.06.15 07:01:31.657,0.97475,0.97495,1.00,1.60
2010.06.15 07:01:31.825,0.97475,0.97505,1.00,1.60
2010.06.15 07:01:31.994,0.97475,0.9751,1.00,6.00
2010.06.15 07:01:32.678,0.9747,0.9751,8.10,6.00
2010.06.15 07:01:33.017,0.9747,0.9751,4.00,8.40
2010.06.15 07:01:33.355,0.9747,0.9751,4.00,8.00
2010.06.15 07:01:33.730,0.97475,0.9751,8.00,2.40
2010.06.15 07:01:34.080,0.97475,0.97515,8.00,2.40
2010.06.15 07:01:34.864,0.9748,0.97515,1.00,2.40
2010.06.15 07:01:35.115,0.97475,0.97515,8.10,2.40
2010.06.15 07:01:35.454,0.97475,0.97515,8.10,2.00
2010.06.15 07:01:35.934,0.9748,0.97515,1.00,2.00
2010.06.15 07:01:36.274,0.9748,0.97515,1.00,2.00
2010.06.15 07:01:37.205,0.97475,0.9751,4.10,6.00
2010.06.15 07:01:37.525,0.97475,0.9751,1.00,6.50
2010.06.15 07:01:37.845,0.97475,0.9751,1.00,6.00
2010.06.15 07:01:38.165,0.97475,0.9751,1.00,6.50
2010.06.15 07:01:38.977,0.9747,0.9751,8.10,6.50
2010.06.15 07:01:39.305,0.97475,0.9751,1.00,6.40
2010.06.15 07:01:40.078,0.97475,0.9751,1.00,10.00
2010.06.15 07:01:40.266,0.9747,0.97495,1.00,1.60
2010.06.15 07:01:41.545,0.9747,0.97495,1.00,1.60
2010.06.15 07:01:41.808,0.97475,0.97495,1.00,1.60
2010.06.15 07:01:42.067,0.97475,0.9751,4.00,6.50
2010.06.15 07:01:42.587,0.97475,0.9751,4.00,6.70
2010.06.15 07:01:42.925,0.97475,0.9751,4.00,6.70
2010.06.15 07:01:43.874,0.97475,0.9751,4.10,6.70
2010.06.15 07:01:44.956,0.9747,0.97495,1.00,1.60
2010.06.15 07:01:45.555,0.97475,0.97495,1.00,1.60
2010.06.15 07:01:45.795,0.97475,0.9751,4.10,6.50
2010.06.15 07:01:47.209,0.97475,0.9751,4.00,6.50
2010.06.15 07:01:47.454,0.9747,0.9751,8.10,6.50
2010.06.15 07:01:47.685,0.9747,0.9751,8.10,6.40
2010.06.15 07:01:48.364,0.97475,0.9751,1.00,6.40
2010.06.15 07:01:50.406,0.97475,0.9751,1.00,4.30
2010.06.15 07:01:50.736,0.97475,0.9751,1.00,6.70
2010.06.15 07:01:52.090,0.9747,0.9751,8.00,6.70
2010.06.15 07:01:52.974,0.97475,0.9751,1.00,6.70
2010.06.15 07:01:53.224,0.9747,0.9751,8.00,6.70
2010.06.15 07:01:53.477,0.9747,0.975,8.00,1.60
2010.06.15 07:01:53.911,0.9747,0.975,1.00,1.60
2010.06.15 07:01:54.885,0.9747,0.975,1.00,1.60
2010.06.15 07:01:55.765,0.97475,0.975,1.00,1.60
2010.06.15 07:01:56.076,0.97475,0.975,1.00,1.60
2010.06.15 07:01:56.864,0.9747,0.975,1.00,1.60
2010.06.15 07:01:57.724,0.9747,0.975,1.00,1.60
2010.06.15 07:02:01.054,0.97465,0.975,1.00,2.00
2010.06.15 07:02:01.355,0.97465,0.975,1.70,4.40
2010.06.15 07:02:01.536,0.97465,0.975,1.70,2.00
2010.06.15 07:02:02.504,0.97465,0.975,1.00,2.00
2010.06.15 07:02:02.923,0.97465,0.975,1.00,4.40
2010.06.15 07:02:03.767,0.9746,0.975,4.10,8.40
2010.06.15 07:02:04.106,0.97465,0.975,1.00,2.00
2010.06.15 07:02:05.044,0.9746,0.975,10.40,2.00
2010.06.15 07:02:05.345,0.9746,0.975,1.00,12.40
2010.06.15 07:02:05.749,0.9746,0.975,10.50,2.00
2010.06.15 07:02:05.956,0.97465,0.975,1.00,2.00
2010.06.15 07:02:06.165,0.9746,0.975,8.10,2.00
2010.06.15 07:02:06.917,0.97455,0.975,8.10,12.40
2010.06.15 07:02:07.254,0.9746,0.975,1.00,12.40
2010.06.15 07:02:08.095,0.9746,0.975,4.10,4.40
2010.06.15 07:02:08.264,0.9746,0.975,4.00,4.40
2010.06.15 07:02:10.306,0.9746,0.975,4.10,4.40
2010.06.15 07:02:10.474,0.9746,0.975,4.10,2.00
2010.06.15 07:02:10.634,0.9746,0.975,8.10,2.00
2010.06.15 07:02:11.424,0.9746,0.975,8.10,4.20
2010.06.15 07:02:11.584,0.9746,0.97495,4.10,1.00
2010.06.15 07:02:14.536,0.97465,0.97495,1.00,1.00
2010.06.15 07:02:14.705,0.97465,0.97495,1.00,1.00
2010.06.15 07:02:15.204,0.9746,0.97495,4.10,1.00
2010.06.15 07:02:15.653,0.9746,0.97495,4.00,1.00
2010.06.15 07:02:15.954,0.97455,0.97495,8.10,1.00
2010.06.15 07:02:16.305,0.9746,0.97495,4.00,1.00
2010.06.15 07:02:17.324,0.97465,0.97495,1.00,1.00
2010.06.15 07:02:17.667,0.9746,0.97495,8.00,1.00
2010.06.15 07:02:18.027,0.97455,0.9749,8.00,4.40
2010.06.15 07:02:18.331,0.9746,0.97495,4.00,1.00
2010.06.15 07:02:19.185,0.9746,0.97495,4.10,1.00
2010.06.15 07:02:19.777,0.97455,0.97495,8.10,1.00
2010.06.15 07:02:20.954,0.97455,0.97495,8.00,1.00
2010.06.15 07:02:21.904,0.97455,0.97495,8.10,1.00
2010.06.15 07:02:22.025,0.97455,0.9749,1.00,2.00
2010.06.15 07:02:22.145,0.97455,0.9749,1.00,4.40
2010.06.15 07:02:22.264,0.97455,0.9749,1.00,4.00
2010.06.15 07:02:22.385,0.97455,0.97495,1.00,8.40
2010.06.15 07:02:22.505,0.97455,0.97495,8.10,1.00
2010.06.15 07:02:24.347,0.97455,0.97495,9.70,1.00
2010.06.15 07:02:24.540,0.9746,0.97495,10.50,1.00
2010.06.15 07:02:25.756,0.9746,0.97495,6.50,1.00
2010.06.15 07:02:25.925,0.9746,0.97495,1.00,1.00
2010.06.15 07:02:27.539,0.9746,0.97495,4.00,1.00
2010.06.15 07:02:27.851,0.9746,0.97495,6.50,1.00
2010.06.15 07:02:28.117,0.9746,0.97495,6.40,1.00
2010.06.15 07:02:28.386,0.9746,0.97495,4.10,1.00
2010.06.15 07:02:28.655,0.9746,0.97495,4.00,1.00
2010.06.15 07:02:29.206,0.97455,0.97495,9.70,1.00
2010.06.15 07:02:29.960,0.9746,0.97495,1.00,1.00
2010.06.15 07:02:30.987,0.97455,0.9749,9.70,2.40
2010.06.15 07:02:31.328,0.9746,0.975,8.00,3.20
2010.06.15 07:02:31.666,0.97455,0.9749,11.30,2.40
2010.06.15 07:02:32.007,0.97465,0.97505,8.00,1.00
2010.06.15 07:02:32.347,0.9747,0.9751,8.00,2.40
2010.06.15 07:02:32.730,0.97465,0.9751,11.70,10.40
2010.06.15 07:02:33.078,0.9747,0.97505,4.00,3.60
2010.06.15 07:02:33.395,0.97465,0.97505,8.00,4.40
2010.06.15 07:02:33.715,0.97465,0.97495,8.10,1.60
2010.06.15 07:02:34.201,0.9746,0.97495,8.10,1.60
2010.06.15 07:02:34.395,0.9746,0.97495,9.70,1.60
2010.06.15 07:02:34.597,0.97465,0.97495,1.00,1.60
2010.06.15 07:02:34.799,0.97465,0.975,4.00,2.40
2010.06.15 07:02:35.060,0.97465,0.97505,4.00,7.20
2010.06.15 07:02:35.310,0.97465,0.97505,8.00,1.60
2010.06.15 07:02:35.653,0.97465,0.97505,1.00,9.60
2010.06.15 07:02:36.336,0.9747,0.9751,4.00,6.90
2010.06.15 07:02:36.729,0.97465,0.9751,8.00,6.90
2010.06.15 07:02:37.079,0.97475,0.97515,8.40,2.40
2010.06.15 07:02:37.415,0.97475,0.97515,8.40,1.60
2010.06.15 07:02:38.096,0.9749,0.97515,4.00,1.60
2010.06.15 07:02:38.436,0.9748,0.9752,3.80,12.00
2010.06.15 07:02:38.863,0.9749,0.9753,4.00,9.60
2010.06.15 07:02:39.210,0.97485,0.9753,8.40,12.00
2010.06.15 07:02:39.764,0.9749,0.9753,1.00,12.00
2010.06.15 07:02:40.185,0.9749,0.9752,1.00,1.60
2010.06.15 07:02:40.405,0.97485,0.9752,8.40,1.60
2010.06.15 07:02:40.728,0.97485,0.97515,8.40,1.60
2010.06.15 07:02:40.965,0.97475,0.97515,1.00,9.60
2010.06.15 07:02:41.445,0.9748,0.9752,1.70,10.40
2010.06.15 07:02:41.685,0.9748,0.97525,12.10,8.00
2010.06.15 07:02:42.705,0.9748,0.9752,9.70,2.40
2010.06.15 07:02:42.884,0.97485,0.9752,1.00,2.40
2010.06.15 07:02:43.066,0.9748,0.9752,1.70,12.00
2010.06.15 07:02:43.494,0.97485,0.9752,1.00,4.00
2010.06.15 07:02:43.675,0.9749,0.97525,2.40,4.00
2010.06.15 07:02:44.018,0.9749,0.9753,2.40,9.60
2010.06.15 07:02:44.358,0.97485,0.97525,1.00,8.00
2010.06.15 07:02:44.698,0.9749,0.9753,6.40,8.00
2010.06.15 07:02:45.715,0.9749,0.9752,4.10,1.60
2010.06.15 07:02:46.018,0.9749,0.9752,1.00,1.60
2010.06.15 07:02:46.415,0.9749,0.9752,6.40,1.60
2010.06.15 07:02:46.719,0.97485,0.97525,1.00,8.00
2010.06.15 07:02:47.055,0.9748,0.9752,4.10,12.00
2010.06.15 07:02:47.396,0.9749,0.9752,2.40,9.60
2010.06.15 07:02:47.735,0.97495,0.9753,1.60,8.80
2010.06.15 07:02:48.076,0.97495,0.97535,5.60,4.00
2010.06.15 07:02:49.094,0.97495,0.97535,5.70,4.00
2010.06.15 07:02:49.804,0.975,0.97535,1.00,4.00
2010.06.15 07:02:52.476,0.97495,0.9753,1.70,5.60
2010.06.15 07:02:52.817,0.975,0.97535,1.00,4.00
2010.06.15 07:02:53.836,0.97495,0.9753,1.70,5.60
2010.06.15 07:02:54.175,0.97495,0.9753,5.70,1.60
2010.06.15 07:02:54.355,0.97495,0.9753,1.70,4.00
2010.06.15 07:02:54.535,0.97495,0.97535,5.70,4.00
2010.06.15 07:02:54.945,0.975,0.97535,1.00,4.00
2010.06.15 07:02:55.304,0.97495,0.97535,5.70,4.00
2010.06.15 07:02:56.374,0.975,0.97535,1.00,4.00
2010.06.15 07:02:56.526,0.975,0.9754,6.50,1.60
2010.06.15 07:02:56.685,0.97505,0.9755,8.00,12.80
2010.06.15 07:02:57.009,0.97505,0.9755,9.60,12.00
2010.06.15 07:02:57.506,0.97505,0.9755,9.70,12.10
2010.06.15 07:02:58.345,0.9751,0.9755,4.00,6.50
2010.06.15 07:02:58.686,0.97515,0.9756,8.00,10.90
2010.06.15 07:02:59.090,0.97515,0.9756,9.60,10.80
2010.06.15 07:02:59.440,0.9752,0.9756,6.40,6.40
2010.06.15 07:03:00.806,0.9752,0.9756,6.50,6.40
2010.06.15 07:03:01.146,0.9752,0.9756,2.50,10.40
2010.06.15 07:03:01.486,0.9752,0.9756,6.50,6.40
2010.06.15 07:03:01.692,0.9752,0.97555,1.00,9.60
2010.06.15 07:03:02.242,0.9752,0.97555,4.00,1.60
2010.06.15 07:03:02.439,0.97515,0.97555,1.00,9.60
2010.06.15 07:03:02.781,0.9751,0.9755,8.00,3.20
2010.06.15 07:03:03.129,0.9751,0.97535,8.00,1.60
2010.06.15 07:03:03.469,0.97505,0.97535,8.50,1.60
2010.06.15 07:03:03.809,0.97515,0.97545,4.00,1.60
2010.06.15 07:03:04.147,0.9751,0.9754,8.00,2.40
2010.06.15 07:03:04.487,0.9751,0.9754,4.00,2.40
2010.06.15 07:03:04.827,0.97505,0.9754,8.00,2.40
2010.06.15 07:03:05.547,0.97505,0.9753,8.00,1.60
2010.06.15 07:03:05.827,0.975,0.9753,8.00,1.60
2010.06.15 07:03:06.666,0.975,0.97535,10.50,2.00
2010.06.15 07:03:06.986,0.9751,0.97545,8.00,1.60
2010.06.15 07:03:07.737,0.9751,0.97545,8.00,1.60
2010.06.15 07:03:08.077,0.9751,0.97545,8.00,1.60
2010.06.15 07:03:08.756,0.97505,0.97545,9.70,1.60
2010.06.15 07:03:08.984,0.97505,0.97545,9.60,1.60
2010.06.15 07:03:09.775,0.9751,0.97545,1.00,1.60
2010.06.15 07:03:10.545,0.97505,0.97545,9.70,1.60
2010.06.15 07:03:10.865,0.97505,0.9755,8.10,10.80
2010.06.15 07:03:11.161,0.9751,0.97555,10.50,10.00
2010.06.15 07:03:11.447,0.9751,0.97555,10.40,10.00
2010.06.15 07:03:11.737,0.97515,0.97555,1.00,10.00
2010.06.15 07:03:12.369,0.9751,0.9755,1.00,10.40
2010.06.15 07:03:14.392,0.97515,0.97555,8.00,1.60
2010.06.15 07:03:14.785,0.9752,0.97555,1.00,1.60
2010.06.15 07:03:16.024,0.97525,0.97555,1.00,8.00
2010.06.15 07:03:16.368,0.97525,0.9756,1.00,12.40
2010.06.15 07:03:16.985,0.97525,0.9756,1.00,8.40
2010.06.15 07:03:17.296,0.97525,0.9756,1.00,1.00
2010.06.15 07:03:17.606,0.97525,0.9756,1.00,6.40
2010.06.15 07:03:17.946,0.97525,0.9757,8.10,10.80
2010.06.15 07:03:18.942,0.9753,0.9757,1.00,10.80
2010.06.15 07:03:19.404,0.9753,0.97555,1.00,1.60
2010.06.15 07:03:19.635,0.9753,0.9756,1.60,2.40
2010.06.15 07:03:19.755,0.9753,0.97565,8.00,1.60
2010.06.15 07:03:19.875,0.97535,0.97565,1.00,1.60
2010.06.15 07:03:20.195,0.97535,0.97575,4.00,5.60
2010.06.15 07:03:20.314,0.97535,0.97575,4.10,5.60
2010.06.15 07:03:21.354,0.97535,0.97575,4.00,5.60
2010.06.15 07:03:21.782,0.97535,0.97575,4.10,5.60
2010.06.15 07:03:22.017,0.9754,0.97575,1.00,5.60
2010.06.15 07:03:22.507,0.9754,0.97575,4.10,1.60
2010.06.15 07:03:23.087,0.9754,0.97575,1.00,1.60
2010.06.15 07:03:23.430,0.97545,0.97575,1.00,1.60
2010.06.15 07:03:23.777,0.97545,0.97585,1.00,13.00
2010.06.15 07:03:24.115,0.97545,0.97585,8.10,3.60
2010.06.15 07:03:25.134,0.9755,0.97585,1.00,3.60
2010.06.15 07:03:25.575,0.97545,0.97585,8.10,3.60
2010.06.15 07:03:25.979,0.97545,0.97585,4.10,7.60
2010.06.15 07:03:26.076,0.97545,0.97585,1.00,11.60
2010.06.15 07:03:26.306,0.9754,0.97585,9.60,11.60
2010.06.15 07:03:26.409,0.97545,0.97585,1.00,11.60
2010.06.15 07:03:26.646,0.97545,0.97585,1.00,11.20
2010.06.15 07:03:26.753,0.9755,0.97585,6.40,4.00
2010.06.15 07:03:26.855,0.97545,0.9759,8.50,10.40
2010.06.15 07:03:27.054,0.9755,0.9759,4.00,6.40
2010.06.15 07:03:27.747,0.97555,0.97595,4.10,5.60
2010.06.15 07:03:28.087,0.97555,0.976,8.10,10.40
2010.06.15 07:03:28.684,0.97555,0.976,8.10,11.20
2010.06.15 07:03:28.986,0.97555,0.97595,8.00,1.60
2010.06.15 07:03:29.285,0.9755,0.97595,4.10,9.60
2010.06.15 07:03:29.752,0.9755,0.97585,4.10,1.60
2010.06.15 07:03:30.089,0.97555,0.97595,9.60,1.60
2010.06.15 07:03:31.236,0.9754,0.97585,14.10,8.00
2010.06.15 07:03:35.062,0.9754,0.9758,14.10,2.40
2010.06.15 07:03:35.312,0.97545,0.9758,1.00,6.40
2010.06.15 07:03:35.551,0.9754,0.9758,10.10,6.40
2010.06.15 07:03:36.174,0.97545,0.9758,1.00,6.40
2010.06.15 07:03:36.785,0.97545,0.9758,1.00,2.40
2010.06.15 07:03:37.463,0.97545,0.9758,1.00,4.00
2010.06.15 07:03:38.136,0.9754,0.9757,4.50,1.60
2010.06.15 07:03:38.466,0.9754,0.97575,1.00,10.00
2010.06.15 07:03:38.922,0.9754,0.97575,1.00,6.00
2010.06.15 07:03:39.257,0.97545,0.9758,1.00,6.80
2010.06.15 07:03:39.595,0.9754,0.9758,8.10,6.80
2010.06.15 07:03:39.940,0.97545,0.9758,1.00,2.80
2010.06.15 07:03:40.288,0.9755,0.97585,1.00,1.40
2010.06.15 07:03:40.628,0.9755,0.9759,2.40,8.00
2010.06.15 07:03:40.967,0.9755,0.9759,4.00,7.20
2010.06.15 07:03:41.306,0.9754,0.97585,13.30,8.00
2010.06.15 07:03:41.753,0.9755,0.9759,6.40,5.60
2010.06.15 07:03:42.100,0.97545,0.97585,8.00,1.60
2010.06.15 07:03:42.506,0.9754,0.97585,12.40,9.60
2010.06.15 07:03:43.185,0.9754,0.97585,8.50,9.60
2010.06.15 07:03:43.915,0.9754,0.97585,12.50,9.60
2010.06.15 07:03:44.255,0.97545,0.97585,1.00,9.60
2010.06.15 07:03:44.596,0.9754,0.97585,10.50,9.60
2010.06.15 07:03:45.594,0.97545,0.97585,1.00,9.60
2010.06.15 07:03:46.714,0.9754,0.97585,10.50,9.60
2010.06.15 07:03:46.944,0.97545,0.97585,1.00,9.60
2010.06.15 07:03:47.174,0.9754,0.97585,10.50,9.70
2010.06.15 07:03:47.613,0.9754,0.9758,10.50,2.40
2010.06.15 07:03:48.278,0.9754,0.97575,10.40,1.60
2010.06.15 07:03:48.707,0.97535,0.97575,9.60,1.60
2010.06.15 07:03:49.000,0.97535,0.97575,9.70,1.60
2010.06.15 07:03:49.845,0.9754,0.97575,3.60,1.60
2010.06.15 07:03:50.136,0.9754,0.97565,1.60,1.00
2010.06.15 07:03:50.626,0.9754,0.9758,2.40,10.00
2010.06.15 07:03:50.875,0.97535,0.9757,7.20,1.60
2010.06.15 07:03:51.125,0.97535,0.9757,3.20,1.60
2010.06.15 07:03:51.467,0.97535,0.9757,3.30,1.60
2010.06.15 07:03:51.807,0.97545,0.97575,4.00,4.00
2010.06.15 07:03:52.179,0.97545,0.9758,4.00,4.00
2010.06.15 07:03:52.518,0.9754,0.9758,8.00,2.40
2010.06.15 07:03:52.858,0.97535,0.9758,10.00,10.40
2010.06.15 07:03:53.199,0.97545,0.9759,8.00,14.40
2010.06.15 07:03:53.537,0.9754,0.9757,4.00,2.80
2010.06.15 07:03:53.877,0.97535,0.9757,1.00,12.40
2010.06.15 07:03:54.215,0.97525,0.9757,12.40,12.40
2010.06.15 07:03:56.951,0.9753,0.9757,4.00,6.00
2010.06.15 07:03:57.185,0.9753,0.9757,4.00,6.10
2010.06.15 07:03:57.425,0.9753,0.9757,4.10,6.00
2010.06.15 07:03:58.686,0.97535,0.9757,4.00,1.60
2010.06.15 07:03:58.864,0.97535,0.97575,4.00,4.70
2010.06.15 07:03:59.034,0.97535,0.97575,4.00,4.00
2010.06.15 07:03:59.517,0.97535,0.97575,4.00,4.10
2010.06.15 07:03:59.790,0.9753,0.9757,4.00,7.20
2010.06.15 07:04:01.033,0.97525,0.9757,12.10,11.30
2010.06.15 07:04:01.377,0.97525,0.9757,12.10,11.20
2010.06.15 07:04:01.715,0.97525,0.97565,11.60,1.00
2010.06.15 07:04:02.056,0.97525,0.97565,11.30,1.00
2010.06.15 07:04:02.558,0.97525,0.97565,9.70,2.00
2010.06.15 07:04:03.754,0.97525,0.97565,9.60,2.00
2010.06.15 07:04:04.336,0.97525,0.97565,9.60,2.00
2010.06.15 07:04:04.565,0.97525,0.9756,9.60,2.40
2010.06.15 07:04:04.796,0.97525,0.9756,5.60,2.80
2010.06.15 07:04:05.262,0.97525,0.9756,1.70,10.80
2010.06.15 07:04:05.557,0.9753,0.9757,4.00,8.10
2010.06.15 07:04:05.846,0.97525,0.9756,9.60,2.40
2010.06.15 07:04:06.185,0.9753,0.9756,4.00,2.40
2010.06.15 07:04:06.527,0.97525,0.9756,5.60,2.40
2010.06.15 07:04:06.866,0.97525,0.9756,9.60,2.40
2010.06.15 07:04:07.777,0.97535,0.9757,1.60,3.20
2010.06.15 07:04:08.153,0.97535,0.9757,9.60,2.40
2010.06.15 07:04:08.381,0.9754,0.9758,4.00,2.40
2010.06.15 07:04:08.828,0.9754,0.9757,8.00,1.00
2010.06.15 07:04:09.129,0.9754,0.97565,4.00,1.60
2010.06.15 07:04:09.431,0.97535,0.9757,1.60,10.40
2010.06.15 07:04:09.729,0.97535,0.9757,8.00,1.60
2010.06.15 07:04:10.095,0.9754,0.9757,4.00,1.60
2010.06.15 07:04:10.438,0.9754,0.9758,4.00,11.20
2010.06.15 07:04:11.281,0.9754,0.9758,4.10,11.20
2010.06.15 07:04:11.457,0.9754,0.9757,4.00,1.60
2010.06.15 07:04:11.797,0.9754,0.9757,1.00,1.60
2010.06.15 07:04:13.174,0.9754,0.9757,1.00,1.60
2010.06.15 07:04:13.774,0.9754,0.9757,1.00,1.60
2010.06.15 07:04:18.886,0.97535,0.9757,1.00,4.00
2010.06.15 07:04:19.567,0.97525,0.9756,9.70,1.60
2010.06.15 07:04:20.014,0.97525,0.9756,9.60,4.00
2010.06.15 07:04:20.228,0.9752,0.9756,6.00,4.00
2010.06.15 07:04:20.449,0.9752,0.9755,4.10,1.60
2010.06.15 07:04:20.788,0.9752,0.9756,4.10,4.00
2010.06.15 07:04:22.635,0.97525,0.9756,1.00,2.40
2010.06.15 07:04:22.906,0.97525,0.97565,4.10,4.00
2010.06.15 07:04:23.246,0.9753,0.9757,4.00,10.00
2010.06.15 07:04:23.586,0.97515,0.9755,2.50,1.60
2010.06.15 07:04:23.924,0.97515,0.9755,1.70,1.60
2010.06.15 07:04:24.718,0.9753,0.97555,2.40,8.00
2010.06.15 07:04:24.969,0.9753,0.97555,4.00,1.60
2010.06.15 07:04:25.216,0.97525,0.97555,1.00,1.60
2010.06.15 07:04:26.129,0.9752,0.97555,6.10,1.60
2010.06.15 07:04:28.385,0.97525,0.97555,1.00,1.60
2010.06.15 07:04:28.645,0.9752,0.9756,6.10,10.40
2010.06.15 07:04:29.506,0.97525,0.9756,1.00,10.40
2010.06.15 07:04:29.745,0.9752,0.9756,6.10,10.40
2010.06.15 07:04:29.974,0.97525,0.9756,1.00,10.40
2010.06.15 07:04:30.203,0.9752,0.9756,6.10,10.40
2010.06.15 07:04:30.434,0.9752,0.97555,5.60,1.00
2010.06.15 07:04:30.666,0.97515,0.9755,1.70,1.60
2010.06.15 07:04:30.893,0.97515,0.9755,1.00,1.60
2010.06.15 07:04:32.915,0.9752,0.9755,1.00,1.60
2010.06.15 07:04:33.311,0.97525,0.97555,1.60,5.60
2010.06.15 07:04:33.598,0.97525,0.9756,1.60,4.20
2010.06.15 07:04:35.035,0.9753,0.9756,1.00,4.20
2010.06.15 07:04:35.337,0.9752,0.9756,8.50,4.20
2010.06.15 07:04:35.805,0.9752,0.9755,1.00,1.60
2010.06.15 07:04:36.097,0.97525,0.9756,1.60,14.60
2010.06.15 07:04:36.375,0.97525,0.9756,1.60,14.40
2010.06.15 07:04:37.556,0.97525,0.9756,1.70,10.00
2010.06.15 07:04:38.073,0.9753,0.9756,2.40,4.00
2010.06.15 07:04:38.417,0.9753,0.9757,6.40,8.00
2010.06.15 07:04:39.097,0.9753,0.9757,6.50,8.00
2010.06.15 07:04:39.438,0.9753,0.9756,2.40,1.60
2010.06.15 07:04:39.687,0.97525,0.9756,5.70,1.60
2010.06.15 07:04:39.935,0.9753,0.9756,1.00,1.60
2010.06.15 07:04:42.557,0.9753,0.9756,6.50,1.60
2010.06.15 07:04:42.888,0.9753,0.97565,6.50,2.00
2010.06.15 07:04:43.218,0.97535,0.97565,1.00,1.60
2010.06.15 07:04:43.598,0.97535,0.97575,8.10,2.80
2010.06.15 07:04:43.937,0.9753,0.97575,8.00,8.40
2010.06.15 07:04:44.278,0.97525,0.9757,9.70,8.00
2010.06.15 07:04:44.956,0.97525,0.9757,9.70,10.40
2010.06.15 07:04:45.634,0.97525,0.9757,9.60,10.40
2010.06.15 07:04:46.048,0.97525,0.97565,9.60,5.60
2010.06.15 07:04:46.386,0.97525,0.97565,1.70,9.60
2010.06.15 07:04:46.727,0.97525,0.9756,1.70,4.00
2010.06.15 07:04:47.257,0.97525,0.97565,1.70,11.60
2010.06.15 07:04:47.603,0.9753,0.97565,4.10,2.30
2010.06.15 07:04:48.626,0.9753,0.97565,4.00,2.30
2010.06.15 07:04:48.967,0.97495,0.97535,5.70,4.90
2010.06.15 07:04:49.195,0.975,0.97535,1.00,11.30
2010.06.15 07:04:49.450,0.975,0.97535,1.00,2.90
2010.06.15 07:04:49.693,0.975,0.9754,4.10,10.80
2010.06.15 07:04:50.088,0.97505,0.9754,1.00,4.00
2010.06.15 07:04:50.431,0.97505,0.97545,1.00,8.40
2010.06.15 07:04:50.776,0.975,0.97545,10.50,8.40
2010.06.15 07:04:51.117,0.97505,0.97545,1.00,8.40
2010.06.15 07:04:51.454,0.975,0.97545,8.10,8.40
2010.06.15 07:04:51.797,0.975,0.97545,10.50,8.40
2010.06.15 07:04:52.427,0.975,0.97545,10.90,8.00
2010.06.15 07:04:52.728,0.9751,0.9755,10.50,1.00
2010.06.15 07:04:53.032,0.9751,0.9755,4.00,1.00
2010.06.15 07:04:53.328,0.97505,0.9755,8.10,8.40
2010.06.15 07:04:54.086,0.97515,0.9756,8.00,8.40
2010.06.15 07:04:54.908,0.97515,0.9756,8.10,8.40
2010.06.15 07:04:55.232,0.97515,0.97555,4.00,4.00
2010.06.15 07:04:55.930,0.9752,0.9756,4.00,6.40
2010.06.15 07:04:56.268,0.9752,0.9756,4.10,2.40
2010.06.15 07:04:56.586,0.97525,0.97565,4.00,4.40
2010.06.15 07:04:56.905,0.97525,0.97565,1.00,8.40
2010.06.15 07:04:57.225,0.97525,0.97565,8.10,1.00
2010.06.15 07:04:57.545,0.97525,0.97565,8.00,1.00
2010.06.15 07:04:57.974,0.97525,0.97565,4.00,4.40
2010.06.15 07:04:58.322,0.97525,0.97565,8.10,1.00
2010.06.15 07:04:59.848,0.9753,0.97565,1.00,1.00
2010.06.15 07:05:00.006,0.97535,0.97565,1.00,1.00
2010.06.15 07:05:01.208,0.9753,0.97565,4.00,1.00
2010.06.15 07:05:01.766,0.9753,0.97565,8.00,1.00
2010.06.15 07:05:02.376,0.9753,0.97565,8.00,2.00
2010.06.15 07:05:02.619,0.97535,0.9756,8.00,2.40
2010.06.15 07:05:03.058,0.97525,0.9756,4.00,2.40
2010.06.15 07:05:03.403,0.97515,0.9755,4.00,1.60
2010.06.15 07:05:03.748,0.9751,0.9755,8.10,1.60
2010.06.15 07:05:04.087,0.9751,0.9755,8.00,3.60
2010.06.15 07:05:04.426,0.9751,0.9755,8.10,3.60
2010.06.15 07:05:04.767,0.97515,0.9755,1.70,2.00
2010.06.15 07:05:05.109,0.9752,0.9755,1.00,2.00
2010.06.15 07:05:05.447,0.9752,0.97555,4.00,1.00
2010.06.15 07:05:06.201,0.9753,0.9756,8.00,1.20
2010.06.15 07:05:06.548,0.9752,0.97565,8.00,8.40
2010.06.15 07:05:06.890,0.9752,0.97565,10.40,6.40
2010.06.15 07:05:07.199,0.9752,0.9755,8.00,6.00
2010.06.15 07:05:07.498,0.9752,0.9755,4.00,11.50
2010.06.15 07:05:07.795,0.9751,0.9755,1.00,15.50
2010.06.15 07:05:08.406,0.97515,0.9755,1.00,15.50
2010.06.15 07:05:08.871,0.97515,0.9755,1.00,7.30
2010.06.15 07:05:09.407,0.97515,0.9755,1.00,4.40
2010.06.15 07:05:09.753,0.97515,0.97555,1.00,8.00
2010.06.15 07:05:09.970,0.97515,0.9755,1.00,2.00
2010.06.15 07:05:10.177,0.97515,0.9755,8.10,4.30
2010.06.15 07:05:10.516,0.9752,0.9755,1.00,4.30
2010.06.15 07:05:10.977,0.9752,0.9755,1.00,3.60
2010.06.15 07:05:11.654,0.9752,0.9755,1.00,4.10
2010.06.15 07:05:11.855,0.97525,0.9755,1.00,4.10
2010.06.15 07:05:12.065,0.97525,0.9755,1.00,4.10
2010.06.15 07:05:12.382,0.97525,0.9755,1.00,4.30
2010.06.15 07:05:12.698,0.9753,0.97565,1.70,3.60
2010.06.15 07:05:13.018,0.9753,0.97565,1.00,3.60
2010.06.15 07:05:13.822,0.9753,0.97565,1.00,4.00
2010.06.15 07:05:14.150,0.9752,0.97555,4.10,1.60
2010.06.15 07:05:14.479,0.97525,0.97555,1.00,1.60
2010.06.15 07:05:14.808,0.97525,0.9757,8.00,10.80
2010.06.15 07:05:15.148,0.97525,0.97565,4.00,4.00
2010.06.15 07:05:15.486,0.9752,0.97565,10.50,8.40
2010.06.15 07:05:15.826,0.97525,0.97565,1.00,8.40
2010.06.15 07:05:16.152,0.9753,0.97565,4.00,1.00
2010.06.15 07:05:16.461,0.9753,0.9757,4.00,6.60
2010.06.15 07:05:16.765,0.9753,0.9757,4.00,6.00
2010.06.15 07:05:17.077,0.97535,0.9757,1.00,6.00
2010.06.15 07:05:17.387,0.9753,0.9757,11.60,6.00
2010.06.15 07:05:17.696,0.9753,0.9757,8.00,6.00
2010.06.15 07:05:18.038,0.97525,0.97565,8.10,1.60
2010.06.15 07:05:18.378,0.97525,0.97565,1.00,11.60
2010.06.15 07:05:18.768,0.97525,0.97565,1.00,12.30
2010.06.15 07:05:19.066,0.9753,0.97565,2.50,10.00
2010.06.15 07:05:19.366,0.9753,0.97565,6.50,2.70
2010.06.15 07:05:19.666,0.97535,0.9757,1.00,7.00
2010.06.15 07:05:20.012,0.9754,0.97565,1.60,1.00
2010.06.15 07:05:20.361,0.97525,0.9756,9.70,1.60
2010.06.15 07:05:20.708,0.9753,0.97565,1.00,2.40
2010.06.15 07:05:21.047,0.9753,0.9757,10.50,2.00
2010.06.15 07:05:21.356,0.9753,0.9757,10.40,2.00
2010.06.15 07:05:21.658,0.9753,0.9757,1.00,12.40
2010.06.15 07:05:21.963,0.97535,0.97575,4.10,7.20
2010.06.15 07:05:22.206,0.97535,0.9758,4.10,8.40
2010.06.15 07:05:22.585,0.9754,0.9758,4.00,4.40
2010.06.15 07:05:22.828,0.9754,0.97585,10.40,8.40
2010.06.15 07:05:23.067,0.97535,0.9758,8.10,12.40
2010.06.15 07:05:23.745,0.9754,0.9758,1.00,10.00
2010.06.15 07:05:24.161,0.9754,0.9758,10.50,4.40
2010.06.15 07:05:24.268,0.9754,0.97585,10.50,8.40
2010.06.15 07:05:24.956,0.9754,0.97585,6.50,8.40
2010.06.15 07:05:25.497,0.9755,0.97585,2.50,1.00
2010.06.15 07:05:25.837,0.97555,0.97585,1.00,1.00
2010.06.15 07:05:26.175,0.9755,0.97585,6.50,1.00
2010.06.15 07:05:26.838,0.97555,0.97585,1.00,1.00
2010.06.15 07:05:27.057,0.9755,0.9759,10.50,2.80
2010.06.15 07:05:27.275,0.97555,0.9759,1.00,1.20
2010.06.15 07:05:27.599,0.97555,0.9759,1.00,1.00
2010.06.15 07:05:28.218,0.97555,0.9759,4.00,1.00
2010.06.15 07:05:29.304,0.9756,0.9759,1.00,1.00
2010.06.15 07:05:29.567,0.9756,0.9759,2.50,1.00
2010.06.15 07:05:29.989,0.9756,0.9759,1.00,1.00
2010.06.15 07:05:30.258,0.97565,0.97595,1.00,1.00
2010.06.15 07:05:30.528,0.9757,0.976,6.40,2.80
2010.06.15 07:05:30.870,0.97565,0.976,8.10,1.00
2010.06.15 07:05:31.205,0.97565,0.976,8.10,1.00
2010.06.15 07:05:31.825,0.9757,0.976,1.00,1.00
2010.06.15 07:05:32.396,0.9757,0.976,1.00,2.00
2010.06.15 07:05:32.646,0.97575,0.976,1.00,1.00
2010.06.15 07:05:33.399,0.97575,0.97605,5.60,2.40
2010.06.15 07:05:33.739,0.97575,0.97615,1.60,10.00
2010.06.15 07:05:34.080,0.97575,0.97615,5.60,5.60
2010.06.15 07:05:34.417,0.97575,0.9762,9.60,12.40
2010.06.15 07:05:34.758,0.9758,0.97615,2.40,1.00
2010.06.15 07:05:35.095,0.97575,0.97615,9.60,1.00
2010.06.15 07:05:35.436,0.97575,0.97595,1.60,1.00
2010.06.15 07:05:35.779,0.97575,0.976,5.60,2.40
2010.06.15 07:05:36.117,0.97565,0.976,1.70,5.10
2010.06.15 07:05:36.457,0.97575,0.976,1.60,3.10
2010.06.15 07:05:36.778,0.9758,0.976,4.00,1.00
2010.06.15 07:05:37.098,0.9758,0.9761,6.40,1.00
2010.06.15 07:05:37.786,0.97575,0.9761,8.10,1.00
2010.06.15 07:05:38.125,0.9758,0.9761,1.00,1.00
2010.06.15 07:05:38.465,0.9757,0.976,1.00,1.00
2010.06.15 07:05:38.806,0.97565,0.9759,8.10,2.00
2010.06.15 07:05:39.147,0.97565,0.97595,8.00,2.20
2010.06.15 07:05:39.486,0.9757,0.976,1.70,1.90
2010.06.15 07:05:39.827,0.9758,0.97605,2.40,1.60
2010.06.15 07:05:40.274,0.9758,0.9762,10.40,5.60
2010.06.15 07:05:40.616,0.9758,0.97615,8.00,1.60
2010.06.15 07:05:40.956,0.9758,0.9762,8.00,3.20
2010.06.15 07:05:41.975,0.9758,0.9762,8.00,3.30
2010.06.15 07:05:42.450,0.97575,0.97615,8.00,4.40
2010.06.15 07:05:42.799,0.9758,0.97615,10.40,1.00
2010.06.15 07:05:43.126,0.97585,0.97615,1.00,1.00
2010.06.15 07:05:43.957,0.97575,0.97615,8.90,1.00
2010.06.15 07:05:44.201,0.97575,0.9761,8.00,1.00
2010.06.15 07:05:44.436,0.97575,0.976,1.00,3.60
2010.06.15 07:05:44.677,0.97575,0.976,8.10,1.60
2010.06.15 07:05:44.917,0.9758,0.976,2.40,1.60
2010.06.15 07:05:45.257,0.97575,0.976,1.00,3.60
2010.06.15 07:05:45.598,0.97565,0.97595,8.10,1.00
2010.06.15 07:05:45.936,0.97565,0.97595,1.00,2.00
2010.06.15 07:05:46.226,0.9757,0.97595,1.00,2.00
2010.06.15 07:05:46.582,0.9757,0.97595,2.40,1.60
2010.06.15 07:05:46.877,0.9756,0.976,10.50,1.20
2010.06.15 07:05:47.165,0.9756,0.976,6.40,4.40
2010.06.15 07:05:48.022,0.9756,0.976,2.40,8.40
2010.06.15 07:05:48.340,0.9756,0.9759,2.40,4.40
2010.06.15 07:05:48.980,0.9756,0.9759,2.50,2.00
2010.06.15 07:05:49.297,0.9756,0.9759,2.40,2.00
2010.06.15 07:05:49.636,0.9756,0.9759,2.50,2.00
2010.06.15 07:05:49.978,0.9757,0.97595,2.40,1.00
2010.06.15 07:05:50.656,0.9757,0.976,2.40,3.20
2010.06.15 07:05:51.396,0.9757,0.976,2.40,2.80
2010.06.15 07:05:51.817,0.9757,0.976,2.50,1.00
2010.06.15 07:05:52.027,0.9757,0.9761,2.50,13.10
2010.06.15 07:05:52.758,0.97575,0.976,1.00,4.10
2010.06.15 07:05:53.099,0.97565,0.976,1.00,4.80
2010.06.15 07:05:53.776,0.9756,0.976,6.50,4.80
2010.06.15 07:05:54.460,0.9757,0.976,2.40,5.10
2010.06.15 07:05:54.736,0.97565,0.976,1.00,5.00
2010.06.15 07:05:55.017,0.9757,0.976,2.50,4.80
2010.06.15 07:05:55.296,0.97565,0.976,1.00,4.80
2010.06.15 07:05:56.254,0.9757,0.976,1.00,4.80
2010.06.15 07:05:56.594,0.9757,0.976,2.40,4.80
2010.06.15 07:05:56.885,0.9757,0.976,2.40,4.80
2010.06.15 07:05:57.186,0.9757,0.976,2.40,4.00
2010.06.15 07:05:57.486,0.9758,0.976,2.40,1.00
2010.06.15 07:05:58.206,0.9758,0.9761,2.40,3.60
2010.06.15 07:05:59.225,0.9758,0.9761,2.50,3.60
2010.06.15 07:05:59.567,0.9758,0.9761,2.40,1.60
2010.06.15 07:06:00.179,0.9758,0.9761,2.50,1.60
2010.06.15 07:06:00.708,0.97575,0.9761,1.00,1.60
2010.06.15 07:06:00.977,0.97575,0.9761,1.00,3.60
2010.06.15 07:06:01.765,0.9757,0.9761,10.50,3.60
2010.06.15 07:06:02.046,0.9757,0.976,2.50,1.60
2010.06.15 07:06:02.915,0.9757,0.97605,2.50,3.20
2010.06.15 07:06:03.256,0.9757,0.97605,2.50,3.50
2010.06.15 07:06:03.596,0.9757,0.976,2.50,1.00
2010.06.15 07:06:04.174,0.9757,0.976,2.50,2.00
2010.06.15 07:06:04.415,0.9757,0.97595,2.40,1.60
2010.06.15 07:06:04.655,0.9756,0.97595,2.50,1.60
2010.06.15 07:06:06.370,0.97565,0.976,1.00,1.00
2010.06.15 07:06:06.589,0.9757,0.97595,2.40,1.60
2010.06.15 07:06:06.805,0.9756,0.97595,6.50,1.60
2010.06.15 07:06:07.025,0.9756,0.97595,6.50,2.00
2010.06.15 07:06:08.016,0.97565,0.97595,1.00,2.00
2010.06.15 07:06:09.006,0.9757,0.97595,1.00,1.00
2010.06.15 07:06:09.299,0.9756,0.9759,1.00,4.00
2010.06.15 07:06:09.727,0.97555,0.9759,4.10,2.00
2010.06.15 07:06:10.066,0.9756,0.97595,6.50,1.00
2010.06.15 07:06:10.744,0.97565,0.97595,1.00,1.00
2010.06.15 07:06:11.664,0.9756,0.97595,6.50,1.00
2010.06.15 07:06:12.146,0.9756,0.97595,2.50,1.00
2010.06.15 07:06:12.397,0.97565,0.97595,1.00,1.00
2010.06.15 07:06:12.710,0.97555,0.9759,1.00,2.00
2010.06.15 07:06:13.055,0.97555,0.9759,1.00,6.00
2010.06.15 07:06:13.373,0.9755,0.9759,6.50,7.60
2010.06.15 07:06:13.720,0.97555,0.9759,1.00,3.60
2010.06.15 07:06:14.069,0.97565,0.976,4.00,2.80
2010.06.15 07:06:14.408,0.9756,0.97595,2.40,11.00
2010.06.15 07:06:14.728,0.9756,0.9759,8.00,2.00
2010.06.15 07:06:15.191,0.9757,0.97595,1.00,10.40
2010.06.15 07:06:15.521,0.97565,0.976,4.10,1.00
2010.06.15 07:06:15.851,0.9756,0.976,10.50,1.00
2010.06.15 07:06:16.177,0.97565,0.976,1.00,1.00
2010.06.15 07:06:16.495,0.9756,0.976,10.50,1.00
2010.06.15 07:06:16.835,0.9757,0.976,1.00,1.00
2010.06.15 07:06:17.212,0.97565,0.976,4.10,1.00
2010.06.15 07:06:17.578,0.9756,0.9759,7.60,1.60
2010.06.15 07:06:17.820,0.97565,0.9759,1.00,1.60
2010.06.15 07:06:18.239,0.9756,0.9759,1.00,2.00
2010.06.15 07:06:18.476,0.97555,0.9759,1.00,2.00
2010.06.15 07:06:18.716,0.9756,0.9759,2.50,2.00
2010.06.15 07:06:19.057,0.9756,0.9758,2.40,2.00
2010.06.15 07:06:19.396,0.9756,0.97585,2.40,2.00
2010.06.15 07:06:19.736,0.9756,0.97585,2.50,2.00
2010.06.15 07:06:20.976,0.9756,0.9759,2.50,1.20
2010.06.15 07:06:21.316,0.9757,0.976,2.40,2.70
2010.06.15 07:06:21.655,0.9757,0.976,2.40,2.40
2010.06.15 07:06:21.876,0.97565,0.976,8.10,2.00
2010.06.15 07:06:22.317,0.9757,0.976,1.00,2.00
2010.06.15 07:06:22.537,0.9757,0.976,2.50,2.00
2010.06.15 07:06:22.758,0.9757,0.976,1.00,2.50
2010.06.15 07:06:23.530,0.97565,0.97595,8.00,1.60
2010.06.15 07:06:23.877,0.97565,0.97595,1.00,1.60
2010.06.15 07:06:24.387,0.9757,0.97595,1.00,1.60
2010.06.15 07:06:24.728,0.9757,0.97595,2.50,1.60
2010.06.15 07:06:24.955,0.9757,0.976,6.50,1.60
2010.06.15 07:06:25.529,0.9757,0.97605,6.50,3.60
2010.06.15 07:06:25.757,0.9757,0.97605,4.10,3.60
2010.06.15 07:06:26.096,0.9757,0.97605,8.00,1.60
2010.06.15 07:06:26.437,0.9756,0.9759,1.00,2.00
2010.06.15 07:06:26.776,0.9756,0.97585,10.40,1.00
2010.06.15 07:06:27.116,0.9756,0.976,6.40,5.60
2010.06.15 07:06:27.455,0.9756,0.97605,10.40,10.80
2010.06.15 07:06:28.218,0.9756,0.97605,10.50,10.80
2010.06.15 07:06:28.561,0.9757,0.97605,2.40,7.40
2010.06.15 07:06:29.097,0.9757,0.97605,2.40,7.40
2010.06.15 07:06:29.440,0.9758,0.9761,2.40,2.00
2010.06.15 07:06:29.786,0.9758,0.97605,2.40,2.00
2010.06.15 07:06:30.125,0.9758,0.97605,2.40,2.80
2010.06.15 07:06:30.466,0.9758,0.97605,2.50,2.80
2010.06.15 07:06:30.810,0.97575,0.97605,8.00,2.80
2010.06.15 07:06:31.150,0.97575,0.97615,9.60,4.40
2010.06.15 07:06:31.430,0.9758,0.97615,2.40,3.60
2010.06.15 07:06:31.710,0.9757,0.97615,8.10,12.00
2010.06.15 07:06:31.985,0.97575,0.97615,1.00,12.80
2010.06.15 07:06:34.050,0.9758,0.97615,2.50,5.20
2010.06.15 07:06:34.229,0.97575,0.97615,8.10,4.90
2010.06.15 07:06:34.796,0.97575,0.97615,8.10,5.00
2010.06.15 07:06:34.975,0.9758,0.97615,1.00,5.00
2010.06.15 07:06:35.155,0.9758,0.97615,3.60,5.00
2010.06.15 07:06:35.496,0.9759,0.97615,2.40,4.90
2010.06.15 07:06:36.518,0.976,0.97615,2.40,1.60
2010.06.15 07:06:36.858,0.976,0.97625,2.40,2.00
2010.06.15 07:06:37.196,0.976,0.97635,3.40,4.80
2010.06.15 07:06:37.825,0.976,0.97635,3.40,3.20
2010.06.15 07:06:38.146,0.976,0.97635,3.40,8.90
2010.06.15 07:06:38.466,0.976,0.97635,3.40,4.90
2010.06.15 07:06:38.804,0.976,0.97635,3.40,12.90
2010.06.15 07:06:39.465,0.97605,0.97635,1.00,12.90
2010.06.15 07:06:39.736,0.97605,0.97635,1.00,4.80
2010.06.15 07:06:40.183,0.9761,0.97635,1.00,2.80
2010.06.15 07:06:40.276,0.9762,0.97635,2.40,1.00
2010.06.15 07:06:40.617,0.9762,0.97645,2.40,7.20
2010.06.15 07:06:40.995,0.9762,0.97645,2.40,3.20
2010.06.15 07:06:41.337,0.9763,0.97655,2.40,2.00
2010.06.15 07:06:41.675,0.97625,0.9765,1.00,4.00
2010.06.15 07:06:42.017,0.9762,0.9765,3.40,8.00
2010.06.15 07:06:43.097,0.97625,0.9765,1.00,4.00
2010.06.15 07:06:43.437,0.9763,0.97655,3.40,2.00
2010.06.15 07:06:43.778,0.97625,0.97655,1.00,1.60
2010.06.15 07:06:44.117,0.9763,0.97665,3.40,11.20
2010.06.15 07:06:44.455,0.9763,0.97665,3.40,11.60
2010.06.15 07:06:44.797,0.9763,0.9766,3.40,9.60
2010.06.15 07:06:45.116,0.9764,0.9766,2.40,8.00
2010.06.15 07:06:45.757,0.97625,0.97655,1.00,9.60
2010.06.15 07:06:46.016,0.97625,0.9766,1.00,4.00
2010.06.15 07:06:46.275,0.9763,0.97665,3.40,11.30
2010.06.15 07:06:46.537,0.9763,0.9766,3.40,8.00
2010.06.15 07:06:46.867,0.9762,0.9765,3.40,4.00
2010.06.15 07:06:47.360,0.9762,0.97655,3.40,10.00
2010.06.15 07:06:48.027,0.9762,0.9765,2.40,11.60
2010.06.15 07:06:49.125,0.9762,0.97645,2.40,8.00
2010.06.15 07:06:49.468,0.97615,0.9765,1.00,11.60
2010.06.15 07:06:49.809,0.9763,0.9765,2.40,3.60
2010.06.15 07:06:50.146,0.9763,0.9765,2.40,3.20
2010.06.15 07:06:50.487,0.9763,0.97655,3.40,3.60
2010.06.15 07:06:51.135,0.9763,0.97655,3.40,3.20
2010.06.15 07:06:51.456,0.97625,0.97655,1.00,1.60
2010.06.15 07:06:51.839,0.9762,0.97655,3.50,1.60
2010.06.15 07:06:52.078,0.9764,0.97655,2.40,1.60
2010.06.15 07:06:52.315,0.9764,0.9766,2.40,2.00
2010.06.15 07:06:53.347,0.9762,0.97655,3.60,1.60
2010.06.15 07:06:57.154,0.9762,0.97655,7.60,1.60
2010.06.15 07:06:57.699,0.97625,0.97655,1.00,1.60
2010.06.15 07:06:57.970,0.9764,0.9766,2.40,2.00
2010.06.15 07:06:58.721,0.9764,0.9766,2.40,1.00
2010.06.15 07:06:59.071,0.9764,0.97665,2.40,11.30
2010.06.15 07:06:59.316,0.9764,0.97665,2.40,2.00
2010.06.15 07:07:00.849,0.9763,0.9766,3.40,1.60
2010.06.15 07:07:01.163,0.9763,0.9766,2.40,3.60
2010.06.15 07:07:02.015,0.9763,0.9765,2.40,1.60
2010.06.15 07:07:02.227,0.9762,0.9765,2.40,3.60
2010.06.15 07:07:02.570,0.9762,0.9765,2.40,11.60
2010.06.15 07:07:03.827,0.9762,0.9765,2.40,11.70
2010.06.15 07:07:04.158,0.9761,0.9765,3.40,12.30
2010.06.15 07:07:04.486,0.9762,0.97645,2.40,8.00
2010.06.15 07:07:04.827,0.97615,0.9764,1.00,1.60
2010.06.15 07:07:05.240,0.9762,0.9765,2.40,7.20
2010.06.15 07:07:05.592,0.9762,0.9765,2.40,1.70
2010.06.15 07:07:06.278,0.9762,0.9765,2.40,1.60
2010.06.15 07:07:06.617,0.9762,0.9765,3.40,1.60
2010.06.15 07:07:07.760,0.9762,0.9765,3.40,2.00
2010.06.15 07:07:09.125,0.97625,0.9765,1.00,2.00
2010.06.15 07:07:09.470,0.9763,0.97655,2.40,4.30
2010.06.15 07:07:09.811,0.9763,0.97655,2.40,2.70
2010.06.15 07:07:10.158,0.9763,0.9766,2.40,4.40
2010.06.15 07:07:12.756,0.9762,0.97655,2.40,4.00
2010.06.15 07:07:13.300,0.9763,0.97655,2.40,8.80
2010.06.15 07:07:13.636,0.9763,0.97655,2.40,8.00
2010.06.15 07:07:17.817,0.9763,0.9766,2.40,3.60
2010.06.15 07:07:18.602,0.9763,0.9766,2.40,12.10
2010.06.15 07:07:18.858,0.9763,0.97655,2.40,8.00
2010.06.15 07:07:19.122,0.9763,0.97655,2.40,4.00
2010.06.15 07:07:19.375,0.9763,0.9766,2.40,12.00
2010.06.15 07:07:20.967,0.97635,0.9766,1.00,11.60
2010.06.15 07:07:21.392,0.97635,0.9766,1.00,1.60
2010.06.15 07:07:21.643,0.9763,0.9766,2.40,6.00
2010.06.15 07:07:21.891,0.9764,0.9766,2.40,2.50
2010.06.15 07:07:23.466,0.9764,0.9767,2.40,12.80
2010.06.15 07:07:24.315,0.9764,0.97665,2.40,1.00
2010.06.15 07:07:24.475,0.9764,0.9766,2.40,1.60
2010.06.15 07:07:24.900,0.9764,0.9767,2.40,3.60
2010.06.15 07:07:26.679,0.9764,0.9767,2.40,11.60
2010.06.15 07:07:26.836,0.9764,0.97665,2.40,4.00
2010.06.15 07:07:26.997,0.9763,0.9766,2.40,1.60
2010.06.15 07:07:27.155,0.9763,0.9766,2.40,10.00
2010.06.15 07:07:27.399,0.9763,0.9766,2.40,11.60
2010.06.15 07:07:27.557,0.9763,0.97655,2.40,8.00
2010.06.15 07:07:28.571,0.9763,0.97655,2.40,4.00
2010.06.15 07:07:28.878,0.9763,0.9766,2.40,5.60
2010.06.15 07:07:29.179,0.9763,0.9766,2.40,9.60
2010.06.15 07:07:29.829,0.9764,0.9766,2.40,4.00
2010.06.15 07:07:30.178,0.9764,0.9767,2.40,10.00
2010.06.15 07:07:30.686,0.9764,0.9767,2.40,6.00
2010.06.15 07:07:32.046,0.9764,0.9767,3.40,6.00
2010.06.15 07:07:32.266,0.9764,0.9767,3.40,1.60
2010.06.15 07:07:33.019,0.9765,0.9767,2.40,1.60
2010.06.15 07:07:34.916,0.9765,0.97655,2.40,1.60
2010.06.15 07:07:35.196,0.9764,0.9767,2.40,13.20
2010.06.15 07:07:35.535,0.9764,0.9767,2.40,12.90
2010.06.15 07:07:35.876,0.9764,0.9767,2.40,13.10
2010.06.15 07:07:36.216,0.9764,0.9767,2.40,2.30
2010.06.15 07:07:36.555,0.9764,0.9767,2.40,2.20
2010.06.15 07:07:36.895,0.9764,0.9767,2.40,6.20
2010.06.15 07:07:37.259,0.9764,0.97665,2.40,1.00
2010.06.15 07:07:37.877,0.9764,0.9767,2.40,6.40
2010.06.15 07:07:39.526,0.9764,0.9767,2.40,6.20
2010.06.15 07:07:39.746,0.9764,0.9767,2.40,5.70
2010.06.15 07:07:39.977,0.9764,0.9767,2.40,6.10
2010.06.15 07:07:40.200,0.9764,0.9767,2.40,12.30
2010.06.15 07:07:40.418,0.9764,0.9767,2.40,11.60
2010.06.15 07:07:41.436,0.9764,0.9766,2.40,1.60
2010.06.15 07:07:41.726,0.9763,0.9766,3.40,1.60
2010.06.15 07:07:42.085,0.9765,0.97665,2.40,6.00
2010.06.15 07:07:42.366,0.9765,0.9767,2.40,1.60
2010.06.15 07:07:42.655,0.9763,0.9766,7.40,1.60
2010.06.15 07:07:42.997,0.9765,0.9766,2.40,1.60
2010.06.15 07:07:43.336,0.9765,0.9767,2.40,1.70
2010.06.15 07:07:43.675,0.9764,0.9767,2.40,1.70
2010.06.15 07:07:44.113,0.9765,0.9767,2.40,1.70
2010.06.15 07:07:45.005,0.9764,0.9767,2.40,1.70
2010.06.15 07:07:45.391,0.9765,0.97675,2.40,10.70
2010.06.15 07:07:45.611,0.9766,0.9769,2.40,13.20
2010.06.15 07:07:45.827,0.9766,0.97685,2.40,1.00
2010.06.15 07:07:46.170,0.9766,0.97685,2.40,4.10
2010.06.15 07:07:47.017,0.9765,0.97675,2.40,1.00
2010.06.15 07:07:47.436,0.9765,0.9767,2.40,1.60
2010.06.15 07:07:48.066,0.9765,0.9768,2.40,11.30
2010.06.15 07:07:48.406,0.9766,0.97685,2.40,10.90
2010.06.15 07:07:48.745,0.9766,0.9768,2.40,8.00
2010.06.15 07:07:49.085,0.9766,0.9768,2.40,8.10
2010.06.15 07:07:49.347,0.9766,0.9768,2.40,8.00
2010.06.15 07:07:49.861,0.9766,0.9768,2.40,8.10
2010.06.15 07:07:50.121,0.9764,0.97675,3.40,4.00
2010.06.15 07:07:50.451,0.9766,0.9768,2.40,8.00
2010.06.15 07:07:51.449,0.9765,0.9768,2.40,1.00
2010.06.15 07:07:51.788,0.9765,0.9768,2.40,1.70
2010.06.15 07:07:52.127,0.9765,0.9768,2.40,9.70
2010.06.15 07:07:52.568,0.9764,0.97675,3.40,1.00
2010.06.15 07:07:52.909,0.9765,0.9768,2.40,9.70
2010.06.15 07:07:53.246,0.9765,0.9768,2.40,1.70
2010.06.15 07:07:53.575,0.9765,0.9768,2.40,5.70
2010.06.15 07:07:53.905,0.9765,0.97675,2.40,1.00
2010.06.15 07:07:55.052,0.9765,0.9768,2.40,9.70
2010.06.15 07:07:55.205,0.9765,0.9768,2.40,5.70
2010.06.15 07:07:55.524,0.9765,0.97675,2.40,1.00
2010.06.15 07:07:55.765,0.9765,0.9768,2.40,1.60
2010.06.15 07:07:56.016,0.9766,0.97685,2.40,2.10
2010.06.15 07:07:56.552,0.9765,0.9768,2.40,1.00
2010.06.15 07:07:56.898,0.9765,0.9768,2.40,10.00
2010.06.15 07:07:57.235,0.9765,0.9768,2.40,4.00
2010.06.15 07:07:57.576,0.9764,0.9768,6.40,4.00
2010.06.15 07:07:57.876,0.9765,0.9768,2.40,8.00
2010.06.15 07:07:58.687,0.9765,0.97675,2.40,4.00
2010.06.15 07:07:59.438,0.9765,0.9767,2.40,4.00
2010.06.15 07:07:59.729,0.9765,0.97675,2.40,8.00
2010.06.15 07:08:00.017,0.9766,0.9768,2.40,8.00
2010.06.15 07:08:00.373,0.9766,0.9769,2.40,12.50
2010.06.15 07:08:00.661,0.9766,0.97685,2.40,8.50
2010.06.15 07:08:01.009,0.9765,0.9768,2.40,10.10
2010.06.15 07:08:01.350,0.9765,0.9767,2.40,4.00
2010.06.15 07:08:04.044,0.9765,0.9767,2.40,4.10
2010.06.15 07:08:04.606,0.9765,0.9767,2.40,4.50
2010.06.15 07:08:04.886,0.9764,0.97665,2.40,8.00
2010.06.15 07:08:05.826,0.9763,0.97665,2.40,8.00
2010.06.15 07:08:05.935,0.9763,0.97665,2.40,10.00
2010.06.15 07:08:07.036,0.9764,0.9767,2.40,11.70
2010.06.15 07:08:07.645,0.9764,0.97665,2.40,1.00
2010.06.15 07:08:08.056,0.9764,0.97665,2.40,4.10
2010.06.15 07:08:08.397,0.9763,0.9766,2.40,4.00
2010.06.15 07:08:08.736,0.9763,0.97655,2.40,1.00
2010.06.15 07:08:09.077,0.9762,0.9764,7.40,1.60
2010.06.15 07:08:09.379,0.9763,0.97645,2.40,4.00
2010.06.15 07:08:09.678,0.9762,0.9765,2.40,1.60
2010.06.15 07:08:10.317,0.9762,0.9766,2.40,11.70
2010.06.15 07:08:10.655,0.9763,0.9766,2.40,3.70
2010.06.15 07:08:11.340,0.9763,0.97655,1.60,1.00
2010.06.15 07:08:11.930,0.9763,0.9766,1.60,9.60
2010.06.15 07:08:12.189,0.9763,0.9766,1.60,1.60
2010.06.15 07:08:12.528,0.9763,0.97665,2.40,6.10
2010.06.15 07:08:12.866,0.9762,0.9765,2.40,4.00
2010.06.15 07:08:13.205,0.9761,0.9765,6.40,4.00
2010.06.15 07:08:14.023,0.9761,0.97655,10.40,8.00
2010.06.15 07:08:14.367,0.9761,0.97655,10.40,8.10
2010.06.15 07:08:15.504,0.9761,0.97655,6.40,8.10
2010.06.15 07:08:16.697,0.9761,0.97655,6.50,8.00
2010.06.15 07:08:16.916,0.9762,0.9766,2.40,9.60
2010.06.15 07:08:17.135,0.9762,0.97665,10.40,8.10
2010.06.15 07:08:17.938,0.9762,0.97655,2.40,8.00
2010.06.15 07:08:18.236,0.9761,0.97655,6.40,8.00
2010.06.15 07:08:19.166,0.9761,0.97655,6.40,8.10
2010.06.15 07:08:19.920,0.9762,0.9765,2.40,8.00
2010.06.15 07:08:20.068,0.9762,0.97655,2.40,8.10
2010.06.15 07:08:20.220,0.9761,0.97655,10.40,8.10
2010.06.15 07:08:20.366,0.9761,0.9765,10.40,4.00
2010.06.15 07:08:20.707,0.9762,0.9765,2.40,4.00
2010.06.15 07:08:21.049,0.9763,0.9766,2.40,10.30
2010.06.15 07:08:21.386,0.9762,0.97655,2.40,4.00
2010.06.15 07:08:21.726,0.9763,0.9766,2.40,8.00
2010.06.15 07:08:22.569,0.9763,0.9766,2.40,8.10
2010.06.15 07:08:24.726,0.9763,0.9765,2.40,1.60
2010.06.15 07:08:25.067,0.9762,0.9765,2.40,9.60
2010.06.15 07:08:25.286,0.9762,0.9765,2.40,11.60
2010.06.15 07:08:25.869,0.9763,0.9765,2.40,3.20
2010.06.15 07:08:26.102,0.9762,0.97645,2.40,6.00
2010.06.15 07:08:26.330,0.9762,0.97645,2.40,4.00
2010.06.15 07:08:26.867,0.9762,0.9765,2.40,11.60
2010.06.15 07:08:29.567,0.9762,0.9765,2.40,11.70
2010.06.15 07:08:31.925,0.9762,0.9765,2.40,11.60
2010.06.15 07:08:32.485,0.9762,0.9765,2.40,11.20
2010.06.15 07:08:35.235,0.9762,0.9765,2.40,8.00
2010.06.15 07:08:35.466,0.9762,0.97655,2.40,8.90
2010.06.15 07:08:35.644,0.9762,0.97655,2.40,8.10
2010.06.15 07:08:37.625,0.9762,0.9765,2.40,1.00
2010.06.15 07:08:39.811,0.9762,0.9764,2.40,1.60
2010.06.15 07:08:42.680,0.97625,0.97655,1.00,11.00
2010.06.15 07:08:42.977,0.9763,0.97655,2.40,5.60
2010.06.15 07:08:43.276,0.9762,0.97655,2.40,1.60
2010.06.15 07:08:43.616,0.9762,0.9765,2.40,1.00
2010.06.15 07:08:43.956,0.97615,0.97645,1.60,4.00
2010.06.15 07:08:44.354,0.9761,0.97645,2.40,5.60
2010.06.15 07:08:44.689,0.9762,0.9765,2.40,4.00
2010.06.15 07:08:45.367,0.9762,0.9765,2.40,5.60
2010.06.15 07:08:45.666,0.9762,0.9765,2.40,5.70
2010.06.15 07:08:45.967,0.9762,0.9765,2.40,9.70
2010.06.15 07:08:48.826,0.9762,0.9764,2.40,1.60
2010.06.15 07:08:49.067,0.9761,0.97635,2.40,1.60
2010.06.15 07:08:50.705,0.97605,0.97635,8.00,1.60
2010.06.15 07:08:51.016,0.976,0.97635,8.00,1.60
2010.06.15 07:08:51.326,0.9761,0.97635,2.40,1.60
2010.06.15 07:08:52.324,0.9761,0.97625,2.40,1.60
2010.06.15 07:08:53.817,0.976,0.97625,2.40,1.60
2010.06.15 07:08:55.684,0.9761,0.97635,2.40,1.20
2010.06.15 07:08:56.029,0.9761,0.9764,2.40,1.60
2010.06.15 07:08:58.528,0.9761,0.9764,6.40,1.60
2010.06.15 07:08:58.729,0.9761,0.9764,2.40,1.60
2010.06.15 07:08:58.926,0.9761,0.97645,6.40,1.00
2010.06.15 07:08:59.127,0.9761,0.97645,6.40,1.00
2010.06.15 07:08:59.467,0.9761,0.97645,2.40,1.60
2010.06.15 07:08:59.806,0.9761,0.97645,2.40,1.70
2010.06.15 07:09:02.025,0.9761,0.9764,2.40,1.00
2010.06.15 07:09:02.595,0.9761,0.97645,2.40,1.60
2010.06.15 07:09:02.934,0.9761,0.97645,2.40,1.70
2010.06.15 07:09:03.275,0.9761,0.97645,2.40,2.10
2010.06.15 07:09:03.935,0.9761,0.9764,2.40,1.00
2010.06.15 07:09:05.150,0.9761,0.97645,2.40,6.10
2010.06.15 07:09:05.372,0.9761,0.9765,6.40,6.90
2010.06.15 07:09:05.668,0.9761,0.9765,2.40,8.50
2010.06.15 07:09:05.970,0.9761,0.97645,2.40,1.00
2010.06.15 07:09:06.268,0.9761,0.9765,2.40,8.50
2010.06.15 07:09:06.567,0.9761,0.97645,2.40,1.00
2010.06.15 07:09:06.909,0.9761,0.97645,2.40,1.60
2010.06.15 07:09:07.587,0.9761,0.9765,2.40,8.50
2010.06.15 07:09:08.705,0.9761,0.9765,2.40,8.40
2010.06.15 07:09:09.045,0.9761,0.9765,2.40,8.50
2010.06.15 07:09:09.386,0.9761,0.97645,2.40,1.00
2010.06.15 07:09:09.727,0.9761,0.9764,6.40,1.00
2010.06.15 07:09:10.026,0.9761,0.97635,2.40,1.60
2010.06.15 07:09:10.326,0.9761,0.9764,2.40,1.00
2010.06.15 07:09:10.626,0.9761,0.9764,2.40,1.00
2010.06.15 07:09:11.614,0.9761,0.97645,2.40,1.00
2010.06.15 07:09:12.342,0.9761,0.9765,8.00,6.10
2010.06.15 07:09:12.444,0.9761,0.9765,8.00,4.50
2010.06.15 07:09:12.549,0.9761,0.9765,8.00,4.10
2010.06.15 07:09:12.997,0.9761,0.97645,8.00,1.00
2010.06.15 07:09:13.335,0.9761,0.9765,4.00,4.10
2010.06.15 07:09:13.676,0.9761,0.97645,4.00,1.60
2010.06.15 07:09:14.016,0.9761,0.97645,4.00,1.00
2010.06.15 07:09:14.360,0.9761,0.97645,4.00,1.60
2010.06.15 07:09:14.697,0.9763,0.97655,2.40,1.00
2010.06.15 07:09:15.139,0.9762,0.97655,2.40,4.00
2010.06.15 07:09:15.815,0.9763,0.97655,2.40,4.00
2010.06.15 07:09:16.197,0.9763,0.9765,2.40,1.60
2010.06.15 07:09:16.541,0.9762,0.9766,2.40,9.60
2010.06.15 07:09:16.891,0.9762,0.9766,2.40,8.00
2010.06.15 07:09:17.239,0.9763,0.97665,2.40,8.00
2010.06.15 07:09:17.579,0.9763,0.97665,2.40,8.40
2010.06.15 07:09:18.750,0.9762,0.9766,2.40,8.00
2010.06.15 07:09:19.766,0.9763,0.9766,2.40,8.00
2010.06.15 07:09:20.107,0.9762,0.9766,2.40,8.00
2010.06.15 07:09:20.456,0.9762,0.9766,6.40,4.00
2010.06.15 07:09:20.669,0.9762,0.9766,2.40,4.10
2010.06.15 07:09:20.880,0.9762,0.9766,2.40,8.00
2010.06.15 07:09:21.602,0.9762,0.9766,2.40,8.00
2010.06.15 07:09:22.288,0.9762,0.97655,2.40,4.00
2010.06.15 07:09:22.477,0.9762,0.97655,2.40,8.00
2010.06.15 07:09:23.046,0.9762,0.97655,2.40,4.00
2010.06.15 07:09:23.236,0.9763,0.9766,2.40,4.00
2010.06.15 07:09:23.578,0.9763,0.9766,2.40,8.10
2010.06.15 07:09:23.918,0.9762,0.97655,2.40,1.00
2010.06.15 07:09:24.554,0.9762,0.9766,2.40,8.10
2010.06.15 07:09:24.856,0.9763,0.9766,2.40,8.10
2010.06.15 07:09:25.486,0.9762,0.9766,2.40,8.00
2010.06.15 07:09:25.816,0.9762,0.9766,2.40,8.10
2010.06.15 07:09:26.145,0.9762,0.9766,2.40,8.00
2010.06.15 07:09:26.804,0.9762,0.9766,2.40,8.10
2010.06.15 07:09:28.516,0.9763,0.9766,2.40,8.10
2010.06.15 07:09:28.615,0.9763,0.9766,2.40,8.00
2010.06.15 07:09:28.714,0.9763,0.9766,2.40,8.10
2010.06.15 07:09:29.176,0.9762,0.9766,2.40,8.10
2010.06.15 07:09:30.065,0.9762,0.97655,2.40,1.00
2010.06.15 07:09:31.091,0.9762,0.9766,2.50,10.00
2010.06.15 07:09:33.326,0.9762,0.9766,3.60,10.00
2010.06.15 07:09:33.498,0.9762,0.9766,2.50,10.00
2010.06.15 07:09:34.098,0.9762,0.9766,2.40,10.10
2010.06.15 07:09:34.442,0.9763,0.9766,2.40,2.00
2010.06.15 07:09:35.825,0.97635,0.97665,1.00,7.10
2010.06.15 07:09:36.059,0.9763,0.97665,11.20,2.10
2010.06.15 07:09:36.299,0.9763,0.97665,2.40,9.60
2010.06.15 07:09:36.566,0.9763,0.97665,2.40,8.00
2010.06.15 07:09:37.006,0.9762,0.97665,10.50,8.00
2010.06.15 07:09:38.356,0.9762,0.97665,10.40,8.00
2010.06.15 07:09:39.156,0.9762,0.97665,10.50,8.00
2010.06.15 07:09:40.898,0.97635,0.9767,1.60,4.00
2010.06.15 07:09:41.126,0.9764,0.9767,2.40,1.00
2010.06.15 07:09:41.356,0.9763,0.97665,2.40,10.00
2010.06.15 07:09:42.884,0.9763,0.97665,2.40,10.10
2010.06.15 07:09:43.486,0.9763,0.9766,2.40,1.00
2010.06.15 07:09:43.767,0.9763,0.97665,2.40,10.10
2010.06.15 07:09:44.045,0.9763,0.97665,2.40,10.00
2010.06.15 07:09:44.315,0.9763,0.97665,2.40,8.00
2010.06.15 07:09:44.585,0.9763,0.9767,2.40,8.10
2010.06.15 07:09:45.167,0.9763,0.97665,2.40,1.00
2010.06.15 07:09:46.526,0.9763,0.9767,2.40,8.10
2010.06.15 07:09:48.587,0.9763,0.9767,6.40,4.00
2010.06.15 07:09:48.928,0.9763,0.9767,6.40,4.40
2010.06.15 07:09:49.257,0.9763,0.97665,2.40,8.00
2010.06.15 07:09:49.586,0.9763,0.9767,2.40,10.90
2010.06.15 07:09:49.916,0.9763,0.97665,2.40,9.60
2010.06.15 07:09:51.505,0.9763,0.97665,2.40,9.70
2010.06.15 07:09:52.047,0.9762,0.97665,12.10,9.60
2010.06.15 07:09:52.267,0.97625,0.97665,8.00,1.70
2010.06.15 07:09:52.486,0.97625,0.97665,9.00,1.70
2010.06.15 07:09:52.709,0.9763,0.97665,1.60,1.70
2010.06.15 07:09:52.927,0.9763,0.97665,4.00,1.60
2010.06.15 07:09:53.147,0.9763,0.9767,6.40,6.00
2010.06.15 07:09:53.487,0.9763,0.9767,4.00,8.00
2010.06.15 07:09:53.827,0.97625,0.97665,4.00,4.00
2010.06.15 07:09:55.524,0.97625,0.97665,4.00,4.10
2010.06.15 07:09:56.301,0.9763,0.97665,2.40,4.00
2010.06.15 07:09:56.507,0.97625,0.9767,8.00,12.10
2010.06.15 07:09:56.720,0.9762,0.97665,10.40,8.00
2010.06.15 07:09:56.925,0.9762,0.97665,10.40,8.10
2010.06.15 07:09:57.291,0.97625,0.97665,8.00,1.00
2010.06.15 07:09:57.508,0.97625,0.9767,8.00,12.10
2010.06.15 07:09:58.365,0.9762,0.97665,10.40,8.00
2010.06.15 07:09:58.705,0.97625,0.97665,4.00,4.00
2010.06.15 07:10:00.469,0.9764,0.97675,2.40,6.10
2010.06.15 07:10:00.766,0.9764,0.97675,2.40,2.00
2010.06.15 07:10:00.886,0.9764,0.97675,4.00,2.10
2010.06.15 07:10:01.137,0.97635,0.9767,9.00,1.60
2010.06.15 07:10:01.264,0.9764,0.97675,2.40,2.00
2010.06.15 07:10:01.484,0.97635,0.97675,8.00,2.00
2010.06.15 07:10:01.836,0.9763,0.97665,10.40,1.60
2010.06.15 07:10:02.183,0.9763,0.97665,2.40,1.60
2010.06.15 07:10:03.029,0.9762,0.9766,13.20,4.40
2010.06.15 07:10:03.368,0.9762,0.97655,10.00,1.60
2010.06.15 07:10:03.709,0.9763,0.9766,2.40,4.40
2010.06.15 07:10:04.048,0.9763,0.9766,2.40,1.00
2010.06.15 07:10:04.390,0.9763,0.97665,2.40,4.00
2010.06.15 07:10:04.729,0.9763,0.97665,2.40,1.60
2010.06.15 07:10:05.746,0.9763,0.97665,2.40,1.70
2010.06.15 07:10:06.068,0.97625,0.97665,4.00,5.60
2010.06.15 07:10:06.389,0.9763,0.97665,2.40,2.10
2010.06.15 07:10:06.707,0.9762,0.97655,8.00,1.60
2010.06.15 07:10:07.047,0.9762,0.97655,8.40,1.60
2010.06.15 07:10:07.387,0.9762,0.97655,8.40,1.60
2010.06.15 07:10:07.867,0.97625,0.97665,1.60,10.00
2010.06.15 07:10:08.200,0.9763,0.97655,2.40,1.60
2010.06.15 07:10:08.546,0.9763,0.9766,2.40,1.60
2010.06.15 07:10:08.859,0.97625,0.97655,1.60,8.40
2010.06.15 07:10:09.187,0.9762,0.9766,2.40,12.00
2010.06.15 07:10:09.526,0.9762,0.9766,2.40,11.60
2010.06.15 07:10:11.047,0.9761,0.9765,7.20,5.60
2010.06.15 07:10:11.315,0.9761,0.9765,6.40,5.60
2010.06.15 07:10:12.126,0.9761,0.9765,2.40,5.60
2010.06.15 07:10:12.425,0.9761,0.9765,2.40,9.60
2010.06.15 07:10:13.186,0.9761,0.9765,2.40,9.60
2010.06.15 07:10:13.524,0.9761,0.9765,2.40,9.70
2010.06.15 07:10:14.218,0.97615,0.9765,5.60,1.60
2010.06.15 07:10:15.234,0.97615,0.9765,5.60,1.70
2010.06.15 07:10:16.196,0.97615,0.9765,1.60,1.70
2010.06.15 07:10:16.516,0.97615,0.9765,1.60,1.60
2010.06.15 07:10:16.835,0.97615,0.9765,1.60,1.60
2010.06.15 07:10:17.568,0.9761,0.9765,2.40,14.00
2010.06.15 07:10:18.896,0.9761,0.97645,2.40,1.00
2010.06.15 07:10:19.208,0.97605,0.9764,1.60,1.60
2010.06.15 07:10:21.848,0.97605,0.9764,4.10,1.00
2010.06.15 07:10:22.187,0.97605,0.9764,4.00,4.40
2010.06.15 07:10:22.526,0.97595,0.97635,9.60,1.00
2010.06.15 07:10:22.867,0.97595,0.97635,8.10,2.80
2010.06.15 07:10:23.700,0.97595,0.97635,8.00,1.20
2010.06.15 07:10:24.048,0.976,0.97635,2.40,1.20
2010.06.15 07:10:26.880,0.97595,0.97635,8.00,1.20
2010.06.15 07:10:27.187,0.97595,0.97635,4.00,5.20
2010.06.15 07:10:27.789,0.97595,0.97625,4.00,1.00
2010.06.15 07:10:27.987,0.97585,0.97625,8.00,1.00
2010.06.15 07:10:28.667,0.97585,0.9762,8.00,1.60
2010.06.15 07:10:29.348,0.97595,0.97625,1.60,1.60
2010.06.15 07:10:29.686,0.97595,0.9763,8.00,1.00
2010.06.15 07:10:30.368,0.97605,0.97635,1.60,3.20
2010.06.15 07:10:30.707,0.97605,0.9764,1.60,4.50
2010.06.15 07:10:31.046,0.97615,0.97645,1.60,9.30
2010.06.15 07:10:31.472,0.97605,0.9764,1.60,2.00
2010.06.15 07:10:31.820,0.9761,0.97645,1.00,2.40
2010.06.15 07:10:32.168,0.97615,0.97645,1.60,1.60
2010.06.15 07:10:32.490,0.97615,0.9764,4.00,1.60
2010.06.15 07:10:32.809,0.97605,0.97645,1.60,10.80
2010.06.15 07:10:33.450,0.9761,0.9764,4.00,4.40
2010.06.15 07:10:33.786,0.97595,0.9764,9.60,12.40
2010.06.15 07:10:34.126,0.9759,0.9763,10.40,4.00
2010.06.15 07:10:34.466,0.97585,0.9763,10.00,12.00
2010.06.15 07:10:35.507,0.97605,0.97635,5.60,1.00
2010.06.15 07:10:35.827,0.97605,0.9764,4.00,2.00
2010.06.15 07:10:42.248,0.97605,0.9764,5.60,2.00
2010.06.15 07:10:42.598,0.97605,0.9764,1.60,2.00
2010.06.15 07:10:43.786,0.97605,0.9764,1.60,1.60
2010.06.15 07:10:44.344,0.97605,0.9764,1.60,2.00
2010.06.15 07:10:45.037,0.976,0.9764,10.40,3.70
2010.06.15 07:10:45.116,0.976,0.9764,8.00,6.90
2010.06.15 07:10:45.196,0.976,0.9763,4.00,6.80
2010.06.15 07:10:45.497,0.97585,0.9763,8.10,8.40
2010.06.15 07:10:45.946,0.9759,0.9763,2.40,8.40
2010.06.15 07:10:46.286,0.9759,0.9763,4.00,4.40
2010.06.15 07:10:46.626,0.97585,0.9763,8.10,8.40
2010.06.15 07:10:47.996,0.9759,0.9763,1.00,8.40
2010.06.15 07:10:48.267,0.9759,0.9763,8.00,8.00
2010.06.15 07:10:48.537,0.9761,0.97635,2.40,1.60
2010.06.15 07:10:48.809,0.97605,0.9764,5.60,6.40
2010.06.15 07:10:49.081,0.976,0.97645,12.00,10.00
2010.06.15 07:10:49.430,0.97595,0.9764,9.60,10.40
2010.06.15 07:10:50.107,0.97595,0.97635,5.60,4.00
2010.06.15 07:10:50.606,0.97595,0.9764,9.60,10.40
2010.06.15 07:10:50.857,0.97595,0.97635,5.60,4.00
2010.06.15 07:10:51.108,0.97595,0.97635,9.60,2.00
2010.06.15 07:10:51.449,0.97595,0.97635,8.00,1.00
2010.06.15 07:10:53.712,0.9759,0.97635,12.10,8.40
2010.06.15 07:10:53.988,0.976,0.9764,8.00,8.80
2010.06.15 07:10:54.077,0.976,0.9764,8.00,6.50
2010.06.15 07:10:54.165,0.976,0.9764,8.00,6.40
2010.06.15 07:10:54.431,0.976,0.9764,8.00,6.50
2010.06.15 07:10:54.533,0.976,0.9764,4.00,8.50
2010.06.15 07:10:54.625,0.97595,0.97635,4.80,4.00
2010.06.15 07:10:54.714,0.97595,0.97635,4.00,4.00
2010.06.15 07:10:55.940,0.97595,0.9764,8.00,12.40
2010.06.15 07:10:56.616,0.97595,0.97635,4.00,4.00
2010.06.15 07:10:56.787,0.97595,0.97635,8.00,4.00
2010.06.15 07:10:57.278,0.97595,0.9764,8.00,12.40
2010.06.15 07:10:58.155,0.976,0.9764,2.40,10.00
2010.06.15 07:10:58.356,0.976,0.9764,3.40,9.60
2010.06.15 07:10:58.617,0.976,0.9764,5.00,9.60
2010.06.15 07:10:58.835,0.976,0.97645,8.00,10.10
2010.06.15 07:10:59.049,0.976,0.9764,8.00,6.80
2010.06.15 07:10:59.390,0.97595,0.9763,1.60,1.60
2010.06.15 07:10:59.730,0.976,0.97635,2.40,8.00
2010.06.15 07:11:00.067,0.976,0.9764,2.40,14.80
2010.06.15 07:11:00.406,0.976,0.9764,2.40,14.70
2010.06.15 07:11:01.137,0.97595,0.9763,1.60,2.50
2010.06.15 07:11:01.427,0.9759,0.97595,6.40,2.00
2010.06.15 07:11:01.719,0.9758,0.976,2.40,2.40
2010.06.15 07:11:02.006,0.9758,0.9762,5.00,9.60
2010.06.15 07:11:02.296,0.97585,0.9763,8.00,14.40
2010.06.15 07:11:02.635,0.97585,0.9763,8.00,12.10
2010.06.15 07:11:02.975,0.9758,0.97625,15.00,8.00
2010.06.15 07:11:03.317,0.97585,0.9763,8.00,12.10
2010.06.15 07:11:03.606,0.9759,0.9763,2.40,8.00
2010.06.15 07:11:03.997,0.9759,0.97635,10.40,10.00
2010.06.15 07:11:04.294,0.97595,0.97635,1.60,10.00
2010.06.15 07:11:04.619,0.976,0.9764,2.40,12.40
2010.06.15 07:11:04.948,0.976,0.9764,2.40,12.50
2010.06.15 07:11:05.278,0.976,0.9764,2.40,12.40
2010.06.15 07:11:05.617,0.976,0.9764,2.40,12.50
2010.06.15 07:11:05.958,0.9759,0.97635,10.40,8.00
2010.06.15 07:11:06.638,0.9759,0.9763,6.40,1.60
2010.06.15 07:11:07.033,0.97585,0.97625,4.10,4.00
2010.06.15 07:11:07.378,0.97585,0.9763,8.10,12.00
2010.06.15 07:11:07.705,0.97585,0.97625,8.10,4.00
2010.06.15 07:11:08.036,0.97585,0.97625,4.00,4.00
2010.06.15 07:11:08.365,0.9758,0.97625,14.10,8.00
2010.06.15 07:11:08.696,0.97585,0.97625,4.00,4.00
2010.06.15 07:11:09.455,0.97585,0.97625,4.10,4.00
2010.06.15 07:11:10.435,0.97585,0.97625,1.00,8.00
2010.06.15 07:11:10.677,0.976,0.97635,2.40,4.50
2010.06.15 07:11:11.016,0.976,0.97635,2.40,4.00
2010.06.15 07:11:11.926,0.97605,0.97635,1.60,4.00
2010.06.15 07:11:12.140,0.97605,0.9764,1.60,1.60
2010.06.15 07:11:12.558,0.976,0.9764,8.00,1.60
2010.06.15 07:11:12.898,0.97595,0.9764,10.50,12.00
2010.06.15 07:11:13.238,0.97595,0.9764,9.70,12.00
2010.06.15 07:11:14.075,0.9759,0.9763,10.80,8.00
2010.06.15 07:11:14.418,0.9759,0.9763,10.00,8.00
2010.06.15 07:11:14.757,0.9759,0.9763,10.00,8.00
2010.06.15 07:11:15.027,0.9759,0.9763,10.10,4.00
2010.06.15 07:11:15.559,0.97595,0.9763,5.60,2.40
2010.06.15 07:11:15.827,0.97595,0.97635,10.00,1.60
2010.06.15 07:11:16.146,0.97595,0.9764,11.60,14.10
2010.06.15 07:11:16.466,0.97595,0.9763,4.00,4.00
2010.06.15 07:11:16.785,0.9759,0.9763,10.00,8.00
2010.06.15 07:11:17.106,0.97595,0.9763,1.60,4.00
2010.06.15 07:11:17.787,0.97595,0.9763,1.60,8.10
2010.06.15 07:11:18.393,0.97595,0.9763,1.60,12.10
2010.06.15 07:11:18.866,0.97595,0.9763,1.60,8.10
2010.06.15 07:11:19.205,0.97595,0.9763,1.60,4.00
2010.06.15 07:11:19.546,0.97595,0.97635,1.60,11.60
2010.06.15 07:11:19.889,0.97605,0.97635,1.60,9.60
2010.06.15 07:11:20.065,0.97605,0.9764,1.60,1.00
2010.06.15 07:11:20.235,0.97605,0.97645,1.60,8.40
2010.06.15 07:11:20.578,0.976,0.97635,8.00,1.00
2010.06.15 07:11:20.760,0.97595,0.97635,9.60,1.00
2010.06.15 07:11:20.938,0.97595,0.9764,10.00,10.90
2010.06.15 07:11:21.411,0.97595,0.9764,11.70,8.00
2010.06.15 07:11:21.757,0.97595,0.9764,11.60,8.00
2010.06.15 07:11:22.315,0.97595,0.9764,11.60,8.10
2010.06.15 07:11:22.804,0.97595,0.9764,11.70,8.10
2010.06.15 07:11:23.258,0.97595,0.9764,11.60,12.10
2010.06.15 07:11:23.499,0.97595,0.9764,11.60,12.00
2010.06.15 07:11:23.739,0.97595,0.9764,12.10,12.00
2010.06.15 07:11:24.129,0.97595,0.9764,11.70,12.00
2010.06.15 07:11:24.474,0.97595,0.9764,11.70,12.10
2010.06.15 07:11:24.818,0.97595,0.9764,12.30,12.10
2010.06.15 07:11:25.157,0.976,0.9764,4.00,4.10
2010.06.15 07:11:25.497,0.97595,0.9764,11.70,12.10
2010.06.15 07:11:26.516,0.97595,0.9764,12.30,12.10
2010.06.15 07:11:26.861,0.97605,0.9764,1.60,12.00
2010.06.15 07:11:27.371,0.97595,0.97635,8.10,4.00
2010.06.15 07:11:27.666,0.97605,0.9764,1.60,5.60
2010.06.15 07:11:28.258,0.97595,0.9764,11.70,12.00
2010.06.15 07:11:28.557,0.97595,0.97635,3.60,8.00
2010.06.15 07:11:28.856,0.97595,0.97635,4.40,8.00
2010.06.15 07:11:29.156,0.97595,0.97635,3.60,8.00
2010.06.15 07:11:29.456,0.97595,0.97635,3.60,8.10
2010.06.15 07:11:29.797,0.97595,0.97635,4.10,8.10
2010.06.15 07:11:30.136,0.97595,0.97635,4.30,8.00
2010.06.15 07:11:30.477,0.97595,0.97635,4.10,8.10
2010.06.15 07:11:30.956,0.97595,0.97635,3.70,8.00
2010.06.15 07:11:31.298,0.97595,0.97635,7.70,4.00
2010.06.15 07:11:31.580,0.97595,0.97635,3.70,8.00
2010.06.15 07:11:33.364,0.97595,0.97635,3.30,8.00
2010.06.15 07:11:33.705,0.97595,0.97635,1.70,8.00
2010.06.15 07:11:36.340,0.976,0.97635,2.40,4.00
2010.06.15 07:11:37.647,0.97595,0.97635,1.70,4.00
2010.06.15 07:11:37.959,0.97595,0.97635,1.60,8.10
2010.06.15 07:11:38.567,0.976,0.97635,2.40,8.00
2010.06.15 07:11:38.847,0.976,0.97635,2.40,8.10
2010.06.15 07:11:39.126,0.97595,0.97635,5.60,4.10
2010.06.15 07:11:39.466,0.97595,0.97635,1.70,8.00
2010.06.15 07:11:39.893,0.97595,0.97635,1.60,8.10
2010.06.15 07:11:40.069,0.97595,0.97635,1.60,8.00
2010.06.15 07:11:40.238,0.97595,0.9764,10.60,10.50
2010.06.15 07:11:40.409,0.97595,0.9764,9.00,12.10
2010.06.15 07:11:40.777,0.9759,0.97635,13.10,8.00
2010.06.15 07:11:40.945,0.97595,0.97635,1.60,8.00
2010.06.15 07:11:41.285,0.97595,0.97635,1.60,8.10
2010.06.15 07:11:42.226,0.97595,0.97635,1.70,8.00
2010.06.15 07:11:42.486,0.97595,0.97635,5.70,4.00
2010.06.15 07:11:44.368,0.97595,0.9764,5.70,12.40
2010.06.15 07:11:44.635,0.97595,0.9764,9.70,12.40
2010.06.15 07:11:44.910,0.97595,0.9764,9.70,12.50
2010.06.15 07:11:45.177,0.97595,0.9764,9.60,12.50
2010.06.15 07:11:45.519,0.97595,0.97635,4.00,4.00
2010.06.15 07:11:45.856,0.97595,0.97635,5.60,4.00
2010.06.15 07:11:46.875,0.97595,0.97635,5.70,4.00
2010.06.15 07:11:47.216,0.97595,0.9764,9.70,12.40
2010.06.15 07:11:47.556,0.97595,0.9764,8.10,12.40
2010.06.15 07:11:48.366,0.976,0.9764,1.00,12.40
2010.06.15 07:11:48.707,0.9759,0.9763,7.20,4.00
2010.06.15 07:11:49.047,0.9759,0.9763,2.40,4.00
2010.06.15 07:11:49.387,0.97585,0.9763,8.00,12.00
2010.06.15 07:11:49.726,0.9758,0.97625,12.00,8.00
2010.06.15 07:11:50.066,0.9758,0.9762,6.40,4.00
2010.06.15 07:11:50.407,0.9758,0.9762,2.40,8.00
2010.06.15 07:11:50.707,0.97575,0.97615,4.00,4.00
2010.06.15 07:11:51.352,0.9757,0.9761,6.50,4.00
2010.06.15 07:11:52.381,0.9757,0.97615,10.50,8.00
2010.06.15 07:11:53.065,0.97575,0.97615,1.00,8.00
2010.06.15 07:11:53.405,0.9757,0.97615,10.50,8.00
2010.06.15 07:11:54.192,0.9757,0.9761,11.30,1.60
2010.06.15 07:11:54.504,0.9757,0.9761,4.50,12.00
2010.06.15 07:11:55.256,0.97575,0.9761,1.60,8.00
2010.06.15 07:11:55.507,0.9757,0.97605,4.00,4.00
2010.06.15 07:11:55.892,0.97565,0.97605,1.00,8.00
2010.06.15 07:11:57.574,0.97565,0.97605,1.00,8.00
2010.06.15 07:12:02.415,0.9756,0.97605,12.10,8.00
2010.06.15 07:12:02.778,0.9756,0.97605,12.00,8.10
2010.06.15 07:12:03.336,0.97555,0.976,12.10,8.00
2010.06.15 07:12:03.675,0.97555,0.97595,9.70,4.00
2010.06.15 07:12:04.017,0.9755,0.9758,1.60,8.00
2010.06.15 07:12:04.356,0.9755,0.9758,2.40,8.00
2010.06.15 07:12:04.798,0.9754,0.9758,11.20,4.00
2010.06.15 07:12:05.139,0.9754,0.9758,8.10,4.00
2010.06.15 07:12:05.465,0.9755,0.97585,2.40,4.00
2010.06.15 07:12:06.178,0.9755,0.97585,2.40,8.00
2010.06.15 07:12:06.516,0.97555,0.97585,1.60,4.00
2010.06.15 07:12:06.856,0.97555,0.9759,1.60,8.00
2010.06.15 07:12:08.918,0.9755,0.9759,2.50,8.00
2010.06.15 07:12:09.262,0.97545,0.9759,10.10,9.60
2010.06.15 07:12:09.613,0.9754,0.9758,2.40,12.00
2010.06.15 07:12:10.299,0.9755,0.9758,1.00,8.00
2010.06.15 07:12:10.662,0.9755,0.97585,1.00,4.00
2010.06.15 07:12:11.000,0.97555,0.9759,5.60,4.00
2010.06.15 07:12:11.348,0.97545,0.9759,8.90,13.60
2010.06.15 07:12:11.686,0.9755,0.9759,1.00,12.00
2010.06.15 07:12:12.090,0.9755,0.9759,1.60,12.80
2010.06.15 07:12:12.430,0.9755,0.9759,8.10,4.00
2010.06.15 07:12:12.768,0.9755,0.97595,8.10,9.60
2010.06.15 07:12:13.107,0.9755,0.97595,10.40,9.70
2010.06.15 07:12:13.447,0.97545,0.97585,8.00,1.60
2010.06.15 07:12:13.785,0.97545,0.97585,8.10,1.60
2010.06.15 07:12:14.127,0.97555,0.9759,9.60,2.40
2010.06.15 07:12:14.467,0.97555,0.97595,9.60,1.60
2010.06.15 07:12:16.200,0.97555,0.9759,1.60,1.60
2010.06.15 07:12:16.470,0.9756,0.976,6.40,2.20
2010.06.15 07:12:16.822,0.9756,0.976,4.00,4.00
2010.06.15 07:12:17.171,0.9756,0.976,4.00,8.00
2010.06.15 07:12:17.520,0.97555,0.976,8.00,9.70
2010.06.15 07:12:17.942,0.9755,0.97595,10.40,8.00
2010.06.15 07:12:18.292,0.97555,0.976,8.10,8.00
2010.06.15 07:12:18.641,0.9756,0.976,4.00,4.00
2010.06.15 07:12:18.989,0.9756,0.976,6.40,4.00
2010.06.15 07:12:19.328,0.9756,0.976,2.50,8.00
2010.06.15 07:12:20.176,0.97555,0.976,9.60,10.40
2010.06.15 07:12:20.458,0.9755,0.97595,10.40,8.00
2010.06.15 07:12:20.738,0.9755,0.9759,2.40,10.40
2010.06.15 07:12:21.017,0.9754,0.97585,6.50,8.00
2010.06.15 07:12:21.326,0.9754,0.97585,7.30,8.00
2010.06.15 07:12:21.637,0.97545,0.9759,8.10,10.40
2010.06.15 07:12:22.102,0.9755,0.9759,1.00,12.00
2010.06.15 07:12:22.447,0.9755,0.9759,10.40,2.10
2010.06.15 07:12:22.788,0.97545,0.97575,1.00,1.60
2010.06.15 07:12:23.127,0.9755,0.97585,2.40,2.00
2010.06.15 07:12:23.467,0.9754,0.97575,6.50,1.60
2010.06.15 07:12:23.806,0.97545,0.97575,8.10,1.60
2010.06.15 07:12:24.165,0.9755,0.97585,10.40,1.60
2010.06.15 07:12:24.510,0.97555,0.97595,4.00,5.60
2010.06.15 07:12:24.817,0.97555,0.976,8.00,12.50
2010.06.15 07:12:25.626,0.97555,0.97595,4.00,4.00
2010.06.15 07:12:26.275,0.9756,0.97595,1.00,4.00
2010.06.15 07:12:26.595,0.9756,0.97595,1.00,8.00
2010.06.15 07:12:26.935,0.97555,0.97595,4.10,4.00
2010.06.15 07:12:27.275,0.9756,0.97595,1.00,4.00
2010.06.15 07:12:28.168,0.97555,0.97595,12.10,4.00
2010.06.15 07:12:28.377,0.9756,0.97605,10.50,8.90
2010.06.15 07:12:28.717,0.97555,0.97595,4.30,10.00
2010.06.15 07:12:29.060,0.97555,0.97595,1.60,8.00
2010.06.15 07:12:29.396,0.97555,0.976,8.00,10.00
2010.06.15 07:12:29.737,0.97555,0.97595,4.00,4.00
2010.06.15 07:12:31.396,0.9756,0.97595,1.00,4.00
2010.06.15 07:12:31.717,0.9756,0.97595,2.40,4.00
2010.06.15 07:12:32.026,0.9756,0.97595,1.00,4.00
2010.06.15 07:12:32.336,0.97555,0.97595,4.00,4.00
2010.06.15 07:12:33.022,0.9755,0.97595,10.50,8.10
2010.06.15 07:12:33.372,0.9755,0.97595,6.50,8.10
2010.06.15 07:12:33.720,0.97555,0.97595,1.70,8.00
2010.06.15 07:12:34.380,0.9755,0.97595,8.50,8.00
2010.06.15 07:12:34.714,0.97555,0.976,8.00,8.10
2010.06.15 07:12:35.399,0.9755,0.97595,10.40,8.00
2010.06.15 07:12:36.076,0.9755,0.97595,10.50,8.00
2010.06.15 07:12:37.036,0.97555,0.97595,1.00,8.00
2010.06.15 07:12:37.635,0.9755,0.97595,8.00,8.00
2010.06.15 07:12:37.917,0.9755,0.9759,2.40,8.00
2010.06.15 07:12:38.319,0.97545,0.9759,8.90,8.00
2010.06.15 07:12:38.519,0.97545,0.9759,8.00,8.00
2010.06.15 07:12:38.839,0.9754,0.97585,10.50,8.00
2010.06.15 07:12:39.516,0.97545,0.97585,1.00,8.00
2010.06.15 07:12:44.926,0.97545,0.97585,2.10,8.00
2010.06.15 07:12:45.136,0.97545,0.9759,11.70,8.00
2010.06.15 07:12:45.757,0.9755,0.9759,1.00,8.00
2010.06.15 07:12:46.550,0.97545,0.9759,11.70,8.10
2010.06.15 07:12:46.849,0.9756,0.9758,2.40,1.60
2010.06.15 07:12:47.149,0.9756,0.97595,2.40,8.00
2010.06.15 07:12:47.450,0.9756,0.9759,2.40,4.00
2010.06.15 07:12:47.791,0.9755,0.9759,2.50,8.00
2010.06.15 07:12:48.166,0.9755,0.9759,3.60,8.00
2010.06.15 07:12:48.508,0.97555,0.9759,1.00,4.00
2010.06.15 07:12:49.185,0.9755,0.9759,6.50,4.00
2010.06.15 07:12:49.867,0.9756,0.97595,2.40,8.00
2010.06.15 07:12:50.546,0.9756,0.97595,2.40,8.10
2010.06.15 07:12:50.826,0.9756,0.97595,2.40,8.00
2010.06.15 07:12:51.108,0.97555,0.97595,2.00,8.10
2010.06.15 07:12:51.388,0.97545,0.97585,4.00,4.00
2010.06.15 07:12:51.667,0.97545,0.9758,1.00,4.00
2010.06.15 07:12:51.938,0.9754,0.9758,6.50,4.00
2010.06.15 07:12:52.466,0.97545,0.97585,1.00,8.00
2010.06.15 07:12:53.192,0.9755,0.97585,2.40,4.00
2010.06.15 07:12:53.511,0.9755,0.97595,10.40,9.70
2010.06.15 07:12:54.040,0.9755,0.9759,3.40,8.00
2010.06.15 07:12:54.381,0.97545,0.97585,4.70,4.00
2010.06.15 07:12:54.907,0.97545,0.97585,1.00,8.00
2010.06.15 07:12:55.249,0.9754,0.97585,12.00,8.00
2010.06.15 07:12:55.623,0.9755,0.9758,4.00,4.00
2010.06.15 07:12:55.971,0.9755,0.97585,4.00,4.00
2010.06.15 07:12:56.319,0.9755,0.9759,4.00,8.00
2010.06.15 07:12:56.812,0.9755,0.9759,2.40,8.00
2010.06.15 07:12:57.478,0.9755,0.97595,6.40,8.00
2010.06.15 07:12:57.809,0.9755,0.9759,2.40,8.00
2010.06.15 07:12:58.148,0.9756,0.9759,2.40,8.00
2010.06.15 07:12:58.487,0.9756,0.9759,2.40,4.00
2010.06.15 07:12:58.827,0.9756,0.976,8.00,4.00
2010.06.15 07:12:59.145,0.9756,0.97605,9.00,9.60
2010.06.15 07:12:59.489,0.9756,0.97605,14.60,9.60
2010.06.15 07:12:59.809,0.97565,0.9761,8.00,8.00
2010.06.15 07:13:00.274,0.97565,0.9761,8.10,8.00
2010.06.15 07:13:01.131,0.97565,0.9761,8.00,8.00
2010.06.15 07:13:01.417,0.97565,0.9761,9.10,8.00
2010.06.15 07:13:01.887,0.9757,0.97605,4.00,1.60
2010.06.15 07:13:02.157,0.97565,0.976,1.40,8.00
2010.06.15 07:13:02.447,0.97565,0.976,4.00,1.60
2010.06.15 07:13:02.787,0.97555,0.97595,1.00,8.00
2010.06.15 07:13:03.127,0.9757,0.97615,8.00,9.70
2010.06.15 07:13:03.467,0.97565,0.976,1.60,4.00
2010.06.15 07:13:03.805,0.97555,0.976,8.10,8.00
2010.06.15 07:13:06.797,0.9756,0.97605,12.40,8.00
2010.06.15 07:13:07.136,0.9756,0.97605,14.60,8.00
2010.06.15 07:13:07.477,0.9757,0.9761,6.40,4.00
2010.06.15 07:13:08.360,0.97575,0.9762,8.00,8.40
2010.06.15 07:13:08.698,0.97575,0.9762,8.00,8.00
2010.06.15 07:13:09.376,0.97575,0.9762,8.00,8.10
2010.06.15 07:13:10.026,0.9758,0.9762,1.60,8.00
2010.06.15 07:13:10.282,0.9757,0.9761,2.50,8.00
2010.06.15 07:13:10.526,0.9757,0.9761,6.50,4.00
2010.06.15 07:13:11.548,0.9758,0.97615,2.40,8.00
2010.06.15 07:13:11.769,0.97575,0.9761,1.00,1.60
2010.06.15 07:13:11.988,0.97575,0.9761,4.10,1.60
2010.06.15 07:13:12.211,0.97575,0.9761,4.00,1.60
2010.06.15 07:13:12.442,0.9758,0.9761,1.00,1.60
2010.06.15 07:13:12.788,0.97575,0.97615,4.00,10.00
2010.06.15 07:13:13.298,0.9757,0.97615,8.10,10.00
2010.06.15 07:13:13.636,0.9757,0.9761,4.10,5.60
2010.06.15 07:13:13.977,0.9757,0.9761,1.00,8.00
2010.06.15 07:13:14.316,0.9757,0.97615,10.50,8.00
2010.06.15 07:13:14.935,0.9757,0.97615,10.40,8.10
2010.06.15 07:13:15.216,0.9757,0.97615,10.50,8.00
2010.06.15 07:13:15.495,0.9757,0.97615,10.40,8.00
2010.06.15 07:13:16.115,0.9757,0.97615,10.50,8.00
2010.06.15 07:13:16.456,0.9757,0.9761,6.50,4.00
2010.06.15 07:13:16.889,0.9757,0.9761,6.40,4.00
2010.06.15 07:13:17.176,0.9757,0.97615,6.50,8.00
2010.06.15 07:13:17.466,0.97575,0.97615,1.00,8.00
2010.06.15 07:13:17.756,0.9757,0.9761,6.50,4.00
2010.06.15 07:13:18.435,0.97575,0.97615,5.60,5.60
2010.06.15 07:13:18.776,0.97575,0.97615,9.60,1.60
2010.06.15 07:13:19.455,0.97575,0.97615,9.70,1.60
2010.06.15 07:13:19.796,0.97575,0.97615,8.00,1.60
2010.06.15 07:13:19.956,0.97575,0.97615,4.00,5.60
2010.06.15 07:13:20.116,0.9757,0.97615,12.90,9.60
2010.06.15 07:13:20.481,0.97575,0.97615,1.00,9.60
2010.06.15 07:13:20.647,0.97575,0.97615,1.00,8.00
2010.06.15 07:13:21.068,0.97575,0.9762,8.10,11.50
2010.06.15 07:13:21.412,0.97585,0.97615,4.00,5.60
2010.06.15 07:13:21.901,0.9758,0.9762,12.40,2.20
2010.06.15 07:13:22.249,0.97575,0.9762,8.10,8.00
2010.06.15 07:13:22.925,0.9758,0.9762,1.00,8.00
2010.06.15 07:13:23.436,0.97575,0.9762,8.10,8.00
2010.06.15 07:13:23.675,0.9758,0.9762,1.00,8.00
2010.06.15 07:13:25.487,0.97575,0.9762,8.10,8.00
2010.06.15 07:13:27.786,0.9758,0.97615,6.40,1.60
2010.06.15 07:13:28.105,0.9758,0.97615,4.00,1.60
2010.06.15 07:13:28.336,0.9758,0.9762,8.90,2.40
2010.06.15 07:13:28.577,0.97585,0.9763,8.00,10.40
2010.06.15 07:13:29.487,0.97585,0.9763,8.10,10.40
2010.06.15 07:13:30.796,0.97585,0.97625,4.10,4.00
2010.06.15 07:13:32.090,0.97585,0.9763,8.10,13.60
2010.06.15 07:13:32.347,0.97585,0.9763,8.10,10.40
2010.06.15 07:13:34.107,0.97585,0.97625,4.10,4.00
2010.06.15 07:13:37.774,0.97585,0.97625,4.00,4.00
2010.06.15 07:13:37.925,0.97585,0.97625,4.10,4.00
2010.06.15 07:13:38.827,0.97585,0.97615,4.00,1.60
2010.06.15 07:13:39.078,0.97575,0.97615,9.70,1.60
2010.06.15 07:13:39.755,0.9758,0.97615,1.00,1.60
2010.06.15 07:13:41.627,0.97585,0.9761,4.00,1.60
2010.06.15 07:13:41.968,0.9759,0.97625,4.00,4.00
2010.06.15 07:13:42.307,0.9759,0.9763,4.00,4.00
2010.06.15 07:13:42.550,0.976,0.97635,2.40,8.00
2010.06.15 07:13:43.816,0.9759,0.97635,6.00,8.00
2010.06.15 07:13:44.156,0.97585,0.9763,8.00,8.00
2010.06.15 07:13:44.497,0.97585,0.97625,4.00,4.00
2010.06.15 07:13:44.746,0.9758,0.97625,10.50,8.00
2010.06.15 07:13:46.116,0.9758,0.97625,8.10,8.00
2010.06.15 07:13:46.447,0.97585,0.97625,1.60,8.10
2010.06.15 07:13:47.128,0.97595,0.9762,1.60,8.00
2010.06.15 07:13:47.467,0.97595,0.9762,10.40,2.40
2010.06.15 07:13:48.072,0.97605,0.9762,4.00,2.40
2010.06.15 07:13:48.445,0.97605,0.97645,8.00,1.00
2010.06.15 07:13:48.791,0.976,0.97645,10.40,10.00
2010.06.15 07:13:49.142,0.976,0.97635,2.40,4.00
2010.06.15 07:13:49.489,0.97595,0.97635,1.70,8.00
2010.06.15 07:13:49.992,0.9759,0.9763,4.40,8.00
2010.06.15 07:13:54.017,0.97585,0.97625,1.00,8.00
2010.06.15 07:13:54.266,0.9758,0.97625,14.10,8.00
2010.06.15 07:13:54.756,0.97585,0.9763,8.00,12.00
2010.06.15 07:13:55.030,0.97585,0.9763,8.80,12.00
2010.06.15 07:13:55.278,0.97585,0.9763,8.00,12.10
2010.06.15 07:13:55.416,0.9759,0.9763,3.20,9.60
2010.06.15 07:13:55.672,0.976,0.9763,4.00,9.60
2010.06.15 07:13:55.803,0.976,0.97635,6.00,8.00
2010.06.15 07:13:56.066,0.976,0.9764,10.00,4.00
2010.06.15 07:13:56.408,0.976,0.97645,12.40,9.60
2010.06.15 07:13:56.747,0.976,0.9764,8.00,2.40
2010.06.15 07:13:57.090,0.9761,0.97645,4.00,2.00
2010.06.15 07:13:57.474,0.9762,0.97655,4.00,1.60
2010.06.15 07:13:57.822,0.9762,0.97655,8.00,1.60
2010.06.15 07:13:58.167,0.9762,0.9765,8.00,1.70
2010.06.15 07:13:58.508,0.9761,0.9765,4.00,4.90
2010.06.15 07:13:58.847,0.97605,0.9765,8.00,4.90
2010.06.15 07:14:00.167,0.976,0.9764,8.50,4.00
2010.06.15 07:14:00.667,0.976,0.9764,8.40,4.00
2010.06.15 07:14:01.300,0.976,0.9764,6.40,4.00
2010.06.15 07:14:01.975,0.976,0.9764,6.40,4.10
2010.06.15 07:14:03.827,0.976,0.9764,6.40,4.00
2010.06.15 07:14:03.965,0.976,0.9764,6.40,4.10
2010.06.15 07:14:04.105,0.976,0.9764,4.00,4.10
2010.06.15 07:14:04.386,0.97595,0.97635,2.80,8.00
2010.06.15 07:14:04.727,0.97595,0.9763,2.80,8.00
2010.06.15 07:14:05.895,0.97595,0.9763,2.00,8.00
2010.06.15 07:14:06.236,0.97595,0.97635,2.00,8.10
2010.06.15 07:14:07.697,0.97595,0.97635,10.00,1.00
2010.06.15 07:14:08.716,0.97595,0.9763,2.00,4.00
2010.06.15 07:14:08.990,0.97605,0.9764,2.00,8.00
2010.06.15 07:14:09.260,0.97605,0.9764,1.00,8.10
2010.06.15 07:14:09.538,0.97605,0.97635,1.00,4.00
2010.06.15 07:14:09.877,0.97605,0.97635,1.00,8.00
2010.06.15 07:14:12.206,0.97605,0.9764,1.00,8.00
2010.06.15 07:14:13.316,0.97605,0.9764,1.00,10.40
2010.06.15 07:14:13.877,0.97605,0.97645,4.00,4.00
2010.06.15 07:14:14.216,0.9761,0.9765,2.40,8.10
2010.06.15 07:14:15.239,0.97605,0.9765,10.00,10.50
2010.06.15 07:14:15.577,0.97605,0.97645,2.00,8.00
2010.06.15 07:14:15.915,0.97605,0.97645,2.00,8.10
2010.06.15 07:14:16.599,0.9761,0.9764,1.00,2.40
2010.06.15 07:14:16.938,0.97605,0.9764,2.80,8.00
2010.06.15 07:14:17.277,0.9761,0.97645,1.00,8.00
2010.06.15 07:14:17.619,0.9761,0.9764,1.00,1.00
2010.06.15 07:14:18.298,0.9761,0.9765,2.00,10.50
2010.06.15 07:14:18.638,0.9761,0.97645,4.40,1.00
2010.06.15 07:14:19.060,0.9761,0.97645,2.00,1.00
2010.06.15 07:14:20.696,0.9762,0.9765,4.00,8.00
2010.06.15 07:14:21.017,0.97625,0.9766,1.00,10.50
2010.06.15 07:14:21.357,0.97625,0.9766,2.00,8.10
2010.06.15 07:14:21.647,0.97625,0.9766,2.00,4.10
2010.06.15 07:14:21.938,0.9763,0.97665,6.80,1.60
2010.06.15 07:14:22.279,0.97635,0.97655,2.00,8.00
2010.06.15 07:14:22.617,0.97635,0.97665,3.60,8.00
2010.06.15 07:14:23.130,0.9764,0.97675,4.40,4.40
2010.06.15 07:14:23.467,0.97645,0.97675,1.60,8.00
2010.06.15 07:14:23.941,0.9765,0.97685,2.40,8.00
2010.06.15 07:14:24.287,0.9764,0.9768,5.60,4.00
2010.06.15 07:14:24.630,0.9764,0.97675,5.60,8.00
2010.06.15 07:14:24.970,0.9765,0.97685,2.40,8.00
2010.06.15 07:14:25.309,0.9765,0.97685,5.40,4.00
2010.06.15 07:14:25.776,0.9765,0.9769,2.80,10.40
2010.06.15 07:14:26.121,0.9765,0.9769,2.00,10.40
2010.06.15 07:14:27.499,0.9765,0.97685,4.40,4.00
2010.06.15 07:14:27.717,0.9765,0.97685,2.00,8.00
2010.06.15 07:14:28.224,0.97655,0.97685,2.00,4.00
2010.06.15 07:14:28.568,0.9767,0.9769,1.00,8.00
2010.06.15 07:14:28.909,0.97665,0.977,4.00,4.00
2010.06.15 07:14:29.247,0.9766,0.97695,4.40,8.00
2010.06.15 07:14:30.267,0.9766,0.97695,1.00,9.60
2010.06.15 07:14:30.565,0.9766,0.97695,1.00,5.60
2010.06.15 07:14:30.866,0.9766,0.97695,1.00,1.60
2010.06.15 07:14:32.199,0.97655,0.97685,2.40,8.00
2010.06.15 07:14:32.537,0.9764,0.97685,7.60,8.10
2010.06.15 07:14:32.776,0.9764,0.97675,6.00,4.00
2010.06.15 07:14:33.080,0.9764,0.97685,14.00,8.50
2010.06.15 07:14:33.318,0.9764,0.97685,14.00,8.10
2010.06.15 07:14:33.897,0.9764,0.97685,14.00,9.70
2010.06.15 07:14:34.240,0.9764,0.97685,14.00,8.00
2010.06.15 07:14:34.579,0.9765,0.9769,4.00,4.00
2010.06.15 07:14:34.917,0.9765,0.9769,4.00,4.10
2010.06.15 07:14:35.258,0.97645,0.9769,11.60,4.10
2010.06.15 07:14:35.597,0.97645,0.9769,11.60,8.10
2010.06.15 07:14:35.927,0.9765,0.9769,4.00,4.10
2010.06.15 07:14:36.576,0.9765,0.9769,4.00,4.00
2010.06.15 07:14:36.875,0.9765,0.9769,4.00,4.10
2010.06.15 07:14:37.165,0.9765,0.97685,4.00,1.60
2010.06.15 07:14:37.456,0.9764,0.97685,15.60,9.70
2010.06.15 07:14:38.399,0.9765,0.9768,1.60,4.00
2010.06.15 07:14:38.687,0.9765,0.97685,1.60,1.60
2010.06.15 07:14:39.099,0.9765,0.97685,1.60,5.60
2010.06.15 07:14:39.442,0.97645,0.9767,1.60,2.40
2010.06.15 07:14:39.790,0.97635,0.9767,5.60,2.50
2010.06.15 07:14:40.129,0.97635,0.9767,1.60,8.00
2010.06.15 07:14:40.808,0.97635,0.97665,1.60,8.00
2010.06.15 07:14:41.318,0.97635,0.97665,2.00,4.00
2010.06.15 07:14:41.659,0.97645,0.97675,11.20,1.60
2010.06.15 07:14:42.001,0.9765,0.97685,2.40,8.00
2010.06.15 07:14:42.470,0.97645,0.97685,5.00,8.00
2010.06.15 07:14:42.747,0.97645,0.97685,5.20,8.00
2010.06.15 07:14:43.031,0.9765,0.9769,2.80,8.10
2010.06.15 07:14:43.368,0.9765,0.97685,2.40,1.00
2010.06.15 07:14:43.709,0.97645,0.97685,3.60,8.10
2010.06.15 07:14:44.047,0.97645,0.9768,3.60,1.00
2010.06.15 07:14:44.388,0.97635,0.97675,8.00,5.60
2010.06.15 07:14:44.767,0.97645,0.97675,1.00,1.60
2010.06.15 07:14:45.108,0.97645,0.9768,1.00,1.00
2010.06.15 07:14:45.926,0.97645,0.9768,4.40,1.00
2010.06.15 07:14:46.246,0.97645,0.9768,4.00,1.00
2010.06.15 07:14:46.566,0.9764,0.97685,10.80,8.00
2010.06.15 07:14:46.887,0.9764,0.9768,1.00,8.10
2010.06.15 07:14:47.525,0.97635,0.97675,12.80,1.60
2010.06.15 07:14:47.807,0.97635,0.97675,3.60,9.60
2010.06.15 07:14:48.367,0.97645,0.97675,1.00,9.60
2010.06.15 07:14:48.619,0.9765,0.97685,2.40,1.00
2010.06.15 07:14:48.868,0.97645,0.97685,4.10,8.10
2010.06.15 07:14:49.118,0.97645,0.97685,3.60,8.10
2010.06.15 07:14:49.458,0.97645,0.97685,11.60,1.00
2010.06.15 07:14:50.478,0.97645,0.97685,12.00,1.00
2010.06.15 07:14:50.816,0.97645,0.9768,12.00,1.00
2010.06.15 07:14:51.205,0.97645,0.9768,7.60,1.00
2010.06.15 07:14:51.546,0.97645,0.97685,7.60,4.00
2010.06.15 07:14:52.323,0.97645,0.9768,1.60,10.40
2010.06.15 07:14:52.621,0.9765,0.9769,2.40,8.10
2010.06.15 07:14:53.839,0.97645,0.9769,11.30,10.50
2010.06.15 07:14:54.179,0.97655,0.9769,1.00,8.00
2010.06.15 07:14:54.521,0.97675,0.97705,1.60,5.60
2010.06.15 07:14:54.859,0.9767,0.97715,10.40,8.10
2010.06.15 07:14:55.199,0.9767,0.9771,6.40,4.00
2010.06.15 07:14:55.538,0.97675,0.97715,3.60,8.00
2010.06.15 07:14:56.206,0.9768,0.97715,4.40,4.00
2010.06.15 07:14:56.548,0.9768,0.9771,2.40,5.60
2010.06.15 07:14:56.887,0.9768,0.9771,2.40,9.60
2010.06.15 07:14:57.565,0.97665,0.9771,13.10,12.00
2010.06.15 07:14:57.847,0.97665,0.9771,13.20,12.00
2010.06.15 07:14:58.127,0.97665,0.977,3.20,8.00
2010.06.15 07:14:58.526,0.9766,0.977,8.80,4.00
2010.06.15 07:14:58.870,0.9767,0.977,1.00,4.00
2010.06.15 07:14:59.208,0.9767,0.9771,2.00,12.10
2010.06.15 07:14:59.818,0.9767,0.97705,2.00,1.00
2010.06.15 07:15:00.089,0.9767,0.9771,2.00,12.00
2010.06.15 07:15:00.359,0.9768,0.9771,3.60,8.00
2010.06.15 07:15:00.631,0.9768,0.9771,1.00,10.40
2010.06.15 07:15:01.120,0.97675,0.9771,2.00,2.40
2010.06.15 07:15:01.460,0.97675,0.97715,6.00,4.10
2010.06.15 07:15:01.796,0.97675,0.9771,6.00,1.00
2010.06.15 07:15:02.304,0.97675,0.9771,2.00,1.00
2010.06.15 07:15:02.477,0.97675,0.9771,2.00,2.40
2010.06.15 07:15:02.817,0.97675,0.97715,2.00,8.80
2010.06.15 07:15:03.217,0.97675,0.9771,2.00,2.40
2010.06.15 07:15:03.561,0.9768,0.9771,2.00,1.00
2010.06.15 07:15:03.909,0.9768,0.97715,3.60,8.00
2010.06.15 07:15:04.250,0.97685,0.9772,3.40,8.10
2010.06.15 07:15:04.586,0.97685,0.9772,3.40,8.00
2010.06.15 07:15:06.026,0.9769,0.97725,1.60,8.00
2010.06.15 07:15:06.247,0.97685,0.9772,1.60,10.40
2010.06.15 07:15:06.467,0.97695,0.97725,2.00,2.00
2010.06.15 07:15:06.690,0.97695,0.9773,2.60,8.10
2010.06.15 07:15:06.906,0.97695,0.9773,2.60,10.50
2010.06.15 07:15:07.129,0.97695,0.97725,2.60,8.00
2010.06.15 07:15:07.398,0.97695,0.9773,2.00,4.00
2010.06.15 07:15:08.351,0.97695,0.97735,2.00,8.10
2010.06.15 07:15:09.558,0.97695,0.9773,2.00,8.00
2010.06.15 07:15:09.877,0.97695,0.97725,2.00,1.00
2010.06.15 07:15:10.197,0.97685,0.9772,2.80,4.00
2010.06.15 07:15:10.516,0.97685,0.9772,1.00,4.00
2010.06.15 07:15:10.860,0.9768,0.97715,3.60,8.00
2010.06.15 07:15:11.197,0.97675,0.97715,1.00,8.00
2010.06.15 07:15:11.537,0.97675,0.97715,1.00,8.10
2010.06.15 07:15:12.837,0.97675,0.97715,4.40,4.10
2010.06.15 07:15:13.356,0.97675,0.97715,1.00,8.10
2010.06.15 07:15:14.777,0.97675,0.97715,1.00,8.00
2010.06.15 07:15:15.689,0.97675,0.97715,4.40,4.00
2010.06.15 07:15:15.911,0.97675,0.97715,1.00,8.00
2010.06.15 07:15:16.286,0.9768,0.9772,4.40,8.00
2010.06.15 07:15:16.510,0.9768,0.9772,6.70,10.50
2010.06.15 07:15:17.527,0.9768,0.97715,6.70,1.00
2010.06.15 07:15:17.726,0.9768,0.9772,5.10,10.40
2010.06.15 07:15:17.927,0.9768,0.9772,9.60,2.40
2010.06.15 07:15:18.128,0.9768,0.9772,8.00,6.50
2010.06.15 07:15:18.343,0.9768,0.9772,2.20,10.50
2010.06.15 07:15:18.551,0.97675,0.9771,6.80,4.00
2010.06.15 07:15:18.945,0.97675,0.97705,2.40,2.40
2010.06.15 07:15:19.290,0.97665,0.977,4.40,5.60
2010.06.15 07:15:19.627,0.97665,0.977,1.00,9.60
2010.06.15 07:15:20.309,0.97665,0.977,1.00,4.00
2010.06.15 07:15:20.649,0.97665,0.977,1.00,6.40
2010.06.15 07:15:21.134,0.97665,0.97695,1.00,4.00
2010.06.15 07:15:21.458,0.9766,0.97695,6.00,4.00
2010.06.15 07:15:22.466,0.9766,0.977,6.00,8.00
2010.06.15 07:15:22.806,0.9766,0.977,6.40,8.10
2010.06.15 07:15:23.134,0.9766,0.97695,6.40,1.60
2010.06.15 07:15:23.428,0.9765,0.97685,6.40,4.00
2010.06.15 07:15:23.729,0.97645,0.9768,1.60,4.00
2010.06.15 07:15:24.067,0.9765,0.97685,2.80,4.00
2010.06.15 07:15:25.089,0.9765,0.97695,6.80,8.90
2010.06.15 07:15:25.541,0.9765,0.97695,6.80,8.10
2010.06.15 07:15:25.826,0.9765,0.97695,6.80,8.00
2010.06.15 07:15:26.795,0.9765,0.97695,6.80,8.10
2010.06.15 07:15:27.137,0.9765,0.9769,2.80,10.40
2010.06.15 07:15:28.345,0.9765,0.9769,2.80,10.50
2010.06.15 07:15:29.829,0.9765,0.97685,2.80,1.00
2010.06.15 07:15:30.155,0.9765,0.9769,2.80,10.50
2010.06.15 07:15:30.316,0.97655,0.9769,2.00,4.10
2010.06.15 07:15:30.476,0.97655,0.9769,2.00,1.00
2010.06.15 07:15:30.635,0.9766,0.9769,1.60,1.00
2010.06.15 07:15:30.998,0.9767,0.9769,1.60,1.00
2010.06.15 07:15:31.193,0.9766,0.977,12.40,2.40
2010.06.15 07:15:31.388,0.9766,0.977,10.00,2.50
2010.06.15 07:15:31.592,0.9766,0.977,6.00,6.50
2010.06.15 07:15:31.939,0.9766,0.977,2.00,10.40
2010.06.15 07:15:32.281,0.97665,0.977,2.00,1.00
2010.06.15 07:15:32.700,0.97665,0.97695,1.60,4.00
2010.06.15 07:15:33.012,0.97665,0.9769,1.60,8.00
2010.06.15 07:15:33.317,0.97655,0.9769,1.10,8.00
2010.06.15 07:15:33.928,0.9765,0.97695,10.40,9.60
2010.06.15 07:15:34.267,0.97645,0.9769,11.70,8.00
2010.06.15 07:15:35.026,0.97645,0.97685,11.60,1.60
2010.06.15 07:15:35.359,0.9765,0.9769,8.00,4.00
2010.06.15 07:15:35.688,0.9765,0.97695,14.00,9.70
2010.06.15 07:15:36.019,0.9765,0.97695,14.00,8.00
2010.06.15 07:15:36.328,0.9765,0.97695,14.00,8.10
2010.06.15 07:15:36.947,0.9765,0.97695,14.00,9.70
2010.06.15 07:15:37.288,0.9765,0.9769,6.00,8.00
2010.06.15 07:15:37.627,0.9766,0.9769,1.60,8.00
2010.06.15 07:15:38.050,0.9766,0.97695,4.40,8.00
2010.06.15 07:15:38.377,0.9766,0.977,8.40,1.00
2010.06.15 07:15:39.757,0.9766,0.977,8.40,4.10
2010.06.15 07:15:40.440,0.9766,0.977,4.40,10.40
2010.06.15 07:15:40.758,0.9766,0.977,4.40,10.40
2010.06.15 07:15:41.078,0.9767,0.97705,1.60,5.70
2010.06.15 07:15:41.400,0.97665,0.97705,4.40,6.50
2010.06.15 07:15:41.767,0.9766,0.977,6.50,10.40
2010.06.15 07:15:42.106,0.9766,0.977,4.10,10.40
2010.06.15 07:15:42.447,0.9766,0.977,4.00,10.50
2010.06.15 07:15:43.497,0.97675,0.977,1.60,6.40
2010.06.15 07:15:43.787,0.97675,0.97705,1.60,1.00
2010.06.15 07:15:44.077,0.97675,0.97715,5.60,4.00
2010.06.15 07:15:44.367,0.97675,0.97715,6.00,4.00
2010.06.15 07:15:44.851,0.97675,0.97705,1.20,4.00
2010.06.15 07:15:45.187,0.9767,0.97705,2.00,8.00
2010.06.15 07:15:45.870,0.9767,0.977,1.60,3.30
2010.06.15 07:15:46.211,0.97655,0.9769,3.60,6.40
2010.06.15 07:15:46.562,0.97655,0.9769,3.60,10.40
2010.06.15 07:15:46.909,0.97655,0.97695,3.60,8.00
2010.06.15 07:15:47.589,0.97655,0.9769,3.60,8.00
2010.06.15 07:15:47.809,0.97655,0.9769,1.60,8.00
2010.06.15 07:15:48.031,0.97655,0.97685,3.20,4.00
2010.06.15 07:15:48.252,0.9766,0.97695,2.40,8.00
2010.06.15 07:15:49.001,0.9766,0.977,2.40,8.00
2010.06.15 07:15:49.340,0.9766,0.977,4.40,8.00
2010.06.15 07:15:50.018,0.9766,0.977,4.50,8.00
2010.06.15 07:15:50.331,0.9766,0.977,8.40,4.00
2010.06.15 07:15:50.641,0.9766,0.977,4.40,8.00
2010.06.15 07:15:50.959,0.9766,0.977,2.00,10.40
2010.06.15 07:15:51.544,0.9766,0.97695,2.00,8.00
2010.06.15 07:15:52.290,0.9765,0.9769,2.80,8.00
2010.06.15 07:15:54.090,0.9765,0.97685,1.00,8.00
2010.06.15 07:15:54.367,0.9765,0.97685,2.80,8.00
2010.06.15 07:15:54.664,0.97645,0.97685,4.60,8.00
2010.06.15 07:15:54.955,0.97645,0.9768,1.60,4.00
2010.06.15 07:15:55.255,0.9764,0.97675,1.00,8.00
2010.06.15 07:15:55.724,0.9764,0.97675,1.00,4.00
2010.06.15 07:15:56.020,0.9764,0.9768,1.00,8.00
2010.06.15 07:15:56.360,0.9764,0.9768,1.00,8.00
2010.06.15 07:15:56.700,0.9764,0.97685,8.00,8.00
2010.06.15 07:15:57.038,0.97635,0.9768,11.60,8.00
2010.06.15 07:15:57.381,0.97635,0.97675,8.00,4.00
2010.06.15 07:15:57.729,0.9764,0.9767,6.80,1.60
2010.06.15 07:15:58.073,0.9764,0.97675,4.80,1.70
2010.06.15 07:15:58.571,0.9763,0.9767,1.00,10.40
2010.06.15 07:15:58.908,0.97635,0.97675,2.00,8.10
2010.06.15 07:15:59.247,0.97635,0.9767,1.00,8.00
2010.06.15 07:15:59.587,0.9763,0.9767,4.40,8.00
2010.06.15 07:16:00.266,0.9763,0.9767,4.40,8.10
2010.06.15 07:16:00.586,0.9763,0.9767,4.40,8.00
2010.06.15 07:16:00.908,0.9763,0.9767,4.40,8.10
2010.06.15 07:16:01.517,0.9763,0.97665,2.00,4.00
2010.06.15 07:16:01.808,0.9763,0.97665,1.60,4.00
2010.06.15 07:16:02.119,0.9763,0.97665,1.60,8.00
2010.06.15 07:16:02.405,0.9763,0.97665,1.00,8.70
2010.06.15 07:16:02.658,0.9763,0.97665,1.00,8.00
2010.06.15 07:16:03.749,0.9763,0.97665,4.40,8.00
2010.06.15 07:16:04.086,0.97635,0.97665,1.00,8.00
2010.06.15 07:16:04.427,0.97635,0.9767,1.00,10.50
2010.06.15 07:16:05.466,0.97635,0.9767,1.00,10.40
2010.06.15 07:16:05.828,0.9764,0.97675,2.40,8.00
2010.06.15 07:16:06.007,0.97645,0.9768,1.00,11.00
2010.06.15 07:16:06.209,0.97645,0.9768,1.00,10.80
2010.06.15 07:16:06.378,0.97645,0.97685,1.00,8.80
2010.06.15 07:16:06.559,0.97645,0.97685,1.00,8.10
2010.06.15 07:16:07.397,0.9765,0.97685,2.40,8.10
2010.06.15 07:16:07.742,0.97645,0.97685,1.00,8.00
2010.06.15 07:16:08.106,0.9765,0.97685,2.40,8.00
2010.06.15 07:16:09.839,0.9765,0.97685,2.40,8.10
2010.06.15 07:16:10.787,0.9765,0.9769,2.40,10.40
2010.06.15 07:16:10.925,0.97655,0.9769,1.60,8.00
2010.06.15 07:16:11.856,0.97655,0.9769,1.60,8.10
2010.06.15 07:16:12.107,0.9765,0.97685,2.40,4.00
2010.06.15 07:16:12.356,0.9765,0.97685,2.40,8.00
2010.06.15 07:16:12.856,0.97655,0.97685,1.60,8.00
2010.06.15 07:16:13.199,0.97655,0.9769,1.60,8.00
2010.06.15 07:16:16.227,0.97655,0.9769,1.60,4.00
2010.06.15 07:16:16.467,0.9766,0.97695,2.40,8.00
2010.06.15 07:16:17.607,0.9766,0.977,2.40,8.10
2010.06.15 07:16:17.948,0.9766,0.97695,2.40,8.00
2010.06.15 07:16:18.301,0.9766,0.97695,2.40,4.00
2010.06.15 07:16:18.645,0.9766,0.97695,2.40,8.00
2010.06.15 07:16:18.989,0.9766,0.97695,2.40,8.10
2010.06.15 07:16:19.329,0.9766,0.97695,4.00,8.00
2010.06.15 07:16:19.667,0.97665,0.977,1.00,8.10
2010.06.15 07:16:21.780,0.97665,0.977,1.00,10.40
2010.06.15 07:16:22.000,0.97665,0.977,2.00,4.00
2010.06.15 07:16:22.218,0.97665,0.97705,2.00,8.00
2010.06.15 07:16:24.026,0.97665,0.97705,6.60,4.00
2010.06.15 07:16:24.216,0.97675,0.9771,1.60,8.10
2010.06.15 07:16:25.311,0.9766,0.977,5.20,8.00
2010.06.15 07:16:25.647,0.9766,0.977,4.40,4.00
2010.06.15 07:16:25.886,0.9766,0.977,4.50,8.00
2010.06.15 07:16:27.446,0.9766,0.977,2.40,10.50
2010.06.15 07:16:27.757,0.97655,0.97695,1.70,8.00
2010.06.15 07:16:28.078,0.9765,0.9769,8.70,4.00
2010.06.15 07:16:28.216,0.9765,0.9769,7.20,4.00
2010.06.15 07:16:28.496,0.9765,0.9769,2.40,8.00
2010.06.15 07:16:29.076,0.9765,0.9769,2.40,8.10
2010.06.15 07:16:29.416,0.9765,0.9769,6.50,4.00
2010.06.15 07:16:29.756,0.9765,0.97695,6.50,8.10
2010.06.15 07:16:30.375,0.9765,0.97695,10.50,8.10
2010.06.15 07:16:30.656,0.9765,0.9769,10.40,1.00
2010.06.15 07:16:31.079,0.9765,0.9769,6.40,4.10
2010.06.15 07:16:31.261,0.97655,0.9769,1.60,8.00
2010.06.15 07:16:31.439,0.9766,0.97695,2.40,8.10
2010.06.15 07:16:34.017,0.9766,0.9769,2.40,5.70
2010.06.15 07:16:34.373,0.97655,0.9768,1.60,8.00
2010.06.15 07:16:34.550,0.9764,0.9768,7.30,8.00
2010.06.15 07:16:34.729,0.9764,0.9768,7.30,8.10
2010.06.15 07:16:35.336,0.9764,0.9768,7.30,8.00
2010.06.15 07:16:35.935,0.9764,0.9768,7.30,8.10
2010.06.15 07:16:36.967,0.9764,0.97675,7.30,1.00
2010.06.15 07:16:37.290,0.9765,0.9768,2.40,8.10
2010.06.15 07:16:37.387,0.9765,0.9768,2.40,1.00
2010.06.15 07:16:37.488,0.9765,0.97685,2.40,8.10
2010.06.15 07:16:37.731,0.9765,0.9768,2.40,1.00
2010.06.15 07:16:37.841,0.97645,0.9768,2.60,1.00
2010.06.15 07:16:37.937,0.97645,0.9768,2.00,1.00
2010.06.15 07:16:38.547,0.97645,0.97675,2.00,8.00
2010.06.15 07:16:39.547,0.97645,0.97675,1.60,8.00
2010.06.15 07:16:40.378,0.9764,0.97675,6.00,8.00
2010.06.15 07:16:43.378,0.9764,0.97675,4.40,8.00
2010.06.15 07:16:43.559,0.9764,0.97675,4.40,8.00
2010.06.15 07:16:43.747,0.9764,0.97675,2.80,9.70
2010.06.15 07:16:43.931,0.97635,0.9767,3.00,4.00
2010.06.15 07:16:44.295,0.9764,0.9767,2.40,8.00
2010.06.15 07:16:44.640,0.9764,0.9767,2.40,1.00
2010.06.15 07:16:44.979,0.9763,0.9767,7.30,8.10
2010.06.15 07:16:45.318,0.9763,0.9767,7.60,8.10
2010.06.15 07:16:45.578,0.9764,0.9767,1.60,8.00
2010.06.15 07:16:45.840,0.97635,0.9767,1.00,8.00
2010.06.15 07:16:46.099,0.9764,0.9767,2.40,4.00
2010.06.15 07:16:46.439,0.9764,0.9768,2.40,8.00
2010.06.15 07:16:47.037,0.9764,0.9768,2.40,8.10
2010.06.15 07:16:48.469,0.9764,0.9768,6.40,4.00
2010.06.15 07:16:48.718,0.9764,0.97685,6.40,8.10
2010.06.15 07:16:49.146,0.97645,0.97685,8.00,1.00
2010.06.15 07:16:51.278,0.97645,0.9768,4.00,6.50
2010.06.15 07:16:51.489,0.9764,0.9768,2.40,10.50
2010.06.15 07:16:51.697,0.9764,0.97675,2.40,4.00
2010.06.15 07:16:52.037,0.9764,0.9768,6.40,2.40
2010.06.15 07:16:52.551,0.9764,0.97675,2.40,4.00
2010.06.15 07:16:52.888,0.9764,0.9768,10.40,2.40
2010.06.15 07:16:53.136,0.9764,0.97675,2.40,4.00
2010.06.15 07:16:53.886,0.9764,0.97675,2.40,4.10
2010.06.15 07:16:55.807,0.9764,0.97675,2.40,8.00
2010.06.15 07:16:56.397,0.9764,0.97675,2.40,4.00
2010.06.15 07:17:00.466,0.9764,0.97675,2.40,4.10
2010.06.15 07:17:01.036,0.9764,0.97675,2.40,1.00
2010.06.15 07:17:01.737,0.9764,0.9768,2.40,10.50
2010.06.15 07:17:01.989,0.9764,0.97675,2.40,1.00
2010.06.15 07:17:02.746,0.9764,0.9767,2.40,1.00
2010.06.15 07:17:03.377,0.9764,0.97675,2.40,1.00
2010.06.15 07:17:04.039,0.9764,0.97675,2.40,1.70
2010.06.15 07:17:04.314,0.9764,0.9767,2.40,4.00
2010.06.15 07:17:04.659,0.9765,0.9768,2.40,4.00
2010.06.15 07:17:05.678,0.9765,0.97685,2.40,9.60
2010.06.15 07:17:06.356,0.9765,0.9768,2.40,8.00
2010.06.15 07:17:06.811,0.9765,0.9768,2.40,4.00
2010.06.15 07:17:07.139,0.9764,0.9768,6.00,8.00
2010.06.15 07:17:07.466,0.9764,0.9768,6.10,8.00
2010.06.15 07:17:08.582,0.9764,0.9768,6.00,8.00
2010.06.15 07:17:08.710,0.9764,0.97675,6.00,4.00
2010.06.15 07:17:08.828,0.9764,0.9768,6.60,8.00
2010.06.15 07:17:09.068,0.9765,0.9768,2.40,8.00
2010.06.15 07:17:10.880,0.9765,0.97675,2.40,4.00
2010.06.15 07:17:11.141,0.97645,0.97685,1.60,9.70
2010.06.15 07:17:11.571,0.9764,0.97675,6.00,4.00
2010.06.15 07:17:11.828,0.9763,0.9767,2.40,8.00
2010.06.15 07:17:12.508,0.9763,0.9767,6.40,4.00
2010.06.15 07:17:12.849,0.97635,0.9768,8.00,10.50
2010.06.15 07:17:13.158,0.9764,0.9768,2.40,10.40
2010.06.15 07:17:13.466,0.9764,0.9768,2.40,10.50
2010.06.15 07:17:13.864,0.9764,0.9768,4.00,8.00
2010.06.15 07:17:14.142,0.9764,0.97675,2.40,1.00
2010.06.15 07:17:14.416,0.9764,0.9768,2.40,10.50
2010.06.15 07:17:14.687,0.9764,0.9768,4.00,8.00
2010.06.15 07:17:14.968,0.9765,0.9768,2.40,8.00
2010.06.15 07:17:15.279,0.9765,0.97685,2.40,4.00
2010.06.15 07:17:15.587,0.9765,0.97685,2.40,8.00
2010.06.15 07:17:15.898,0.97645,0.97675,1.60,8.00
2010.06.15 07:17:16.207,0.97635,0.97655,1.00,8.00
2010.06.15 07:17:16.518,0.97605,0.97635,2.80,8.00
2010.06.15 07:17:16.828,0.97615,0.9764,1.60,8.00
2010.06.15 07:17:17.137,0.97615,0.97645,1.60,8.00
2010.06.15 07:17:17.426,0.97615,0.9764,1.60,8.00
2010.06.15 07:17:17.833,0.97615,0.97645,1.60,8.00
2010.06.15 07:17:18.118,0.97615,0.9764,1.60,8.00
2010.06.15 07:17:18.357,0.97635,0.9765,1.60,1.00
2010.06.15 07:17:18.597,0.9762,0.9764,1.00,8.00
2010.06.15 07:17:18.837,0.97615,0.97645,1.70,8.00
2010.06.15 07:17:19.077,0.9762,0.9765,2.40,8.00
2010.06.15 07:17:20.487,0.9762,0.9765,2.40,8.00
2010.06.15 07:17:20.636,0.97625,0.9765,1.60,4.00
2010.06.15 07:17:20.944,0.97625,0.97655,1.60,4.00
2010.06.15 07:17:21.437,0.97625,0.97655,1.60,8.00
2010.06.15 07:17:21.777,0.9762,0.97655,2.80,8.00
2010.06.15 07:17:22.457,0.9762,0.9765,2.40,1.60
2010.06.15 07:17:22.798,0.9762,0.97645,2.40,1.00
2010.06.15 07:17:23.197,0.9762,0.9765,2.40,4.00
2010.06.15 07:17:23.540,0.9761,0.97645,4.40,4.00
2010.06.15 07:17:23.848,0.97605,0.9764,3.20,8.00
2010.06.15 07:17:24.156,0.97605,0.9764,1.70,8.00
2010.06.15 07:17:24.928,0.97605,0.9765,9.70,12.00
2010.06.15 07:17:25.936,0.97605,0.9765,9.60,14.00
2010.06.15 07:17:26.268,0.976,0.9764,4.00,6.40
2010.06.15 07:17:26.597,0.97595,0.9764,11.70,10.40
2010.06.15 07:17:26.888,0.976,0.9764,4.10,8.00
2010.06.15 07:17:27.176,0.976,0.97645,12.90,8.00
2010.06.15 07:17:27.634,0.97605,0.97645,4.00,4.00
2010.06.15 07:17:28.437,0.976,0.9764,4.00,8.00
2010.06.15 07:17:28.878,0.976,0.9764,4.00,8.00
2010.06.15 07:17:29.221,0.9759,0.97635,12.50,8.00
2010.06.15 07:17:30.883,0.9759,0.9763,1.60,10.40
2010.06.15 07:17:31.487,0.9759,0.97625,1.60,1.60
2010.06.15 07:17:31.707,0.9759,0.97625,1.60,9.60
2010.06.15 07:17:31.839,0.9759,0.9763,1.60,12.60
2010.06.15 07:17:32.180,0.97585,0.97625,1.60,8.00
2010.06.15 07:17:32.520,0.9758,0.97615,4.00,4.00
2010.06.15 07:17:32.859,0.97575,0.97615,6.00,4.00
2010.06.15 07:17:33.577,0.97575,0.97615,1.60,8.00
2010.06.15 07:17:33.746,0.9757,0.97615,13.20,8.00
2010.06.15 07:17:33.917,0.9757,0.97615,12.40,8.00
2010.06.15 07:17:34.936,0.9757,0.97615,12.50,8.00
2010.06.15 07:17:35.217,0.97575,0.97615,1.00,8.00
2010.06.15 07:17:35.506,0.9758,0.9762,1.60,8.00
2010.06.15 07:17:37.055,0.9758,0.9762,1.70,8.00
2010.06.15 07:17:37.176,0.9758,0.9762,1.60,8.00
2010.06.15 07:17:38.176,0.9758,0.9762,1.60,8.10
2010.06.15 07:17:38.675,0.9758,0.9762,1.60,8.00
2010.06.15 07:17:38.785,0.9758,0.9762,1.70,8.00
2010.06.15 07:17:39.095,0.97585,0.9762,1.00,8.00
2010.06.15 07:17:39.439,0.97585,0.9762,1.00,4.00
2010.06.15 07:17:39.778,0.97585,0.9763,8.10,10.40
2010.06.15 07:17:40.737,0.97585,0.9763,8.00,10.40
2010.06.15 07:17:41.837,0.9759,0.9763,2.40,10.40
2010.06.15 07:17:42.006,0.9759,0.9763,2.40,8.00
2010.06.15 07:17:42.178,0.9759,0.97635,10.40,8.10
2010.06.15 07:17:43.145,0.9759,0.9763,10.40,1.00
2010.06.15 07:17:43.497,0.97585,0.9763,10.10,6.40
2010.06.15 07:17:43.578,0.9759,0.9763,4.40,6.40
2010.06.15 07:17:43.655,0.9759,0.9763,4.40,6.50
2010.06.15 07:17:44.557,0.9759,0.97635,10.80,8.10
2010.06.15 07:17:45.689,0.9759,0.97635,10.90,8.00
2010.06.15 07:17:46.727,0.97595,0.97635,4.00,4.00
2010.06.15 07:17:47.377,0.9759,0.9763,4.40,10.40
2010.06.15 07:17:47.647,0.9759,0.9763,4.40,6.40
2010.06.15 07:17:47.919,0.97595,0.97635,1.60,9.60
2010.06.15 07:17:48.187,0.97595,0.97635,1.60,9.60
2010.06.15 07:17:48.735,0.97595,0.97635,1.60,9.70
2010.06.15 07:17:49.359,0.97595,0.9763,1.60,1.00
2010.06.15 07:17:49.669,0.97595,0.9763,1.60,1.00
2010.06.15 07:17:50.010,0.97595,0.97635,1.60,9.70
2010.06.15 07:17:51.172,0.97595,0.97635,1.60,9.60
2010.06.15 07:17:53.419,0.97595,0.9763,1.60,4.00
2010.06.15 07:17:54.286,0.976,0.9763,1.60,4.00
2010.06.15 07:17:55.997,0.976,0.9763,1.60,4.10
2010.06.15 07:17:56.337,0.976,0.9763,1.60,8.10
2010.06.15 07:17:56.679,0.976,0.9763,1.60,10.50
2010.06.15 07:17:57.016,0.9759,0.9763,1.00,10.50
2010.06.15 07:17:57.746,0.9759,0.9763,1.00,10.40
2010.06.15 07:17:57.986,0.9759,0.9763,1.00,10.50
2010.06.15 07:17:58.496,0.9759,0.97625,1.00,4.00
2010.06.15 07:17:58.721,0.97585,0.97625,6.90,4.00
2010.06.15 07:17:58.847,0.9759,0.97625,2.40,8.00
2010.06.15 07:17:59.498,0.9758,0.9762,4.50,8.00
2010.06.15 07:17:59.767,0.9758,0.9762,6.40,8.00
2010.06.15 07:18:00.035,0.9758,0.9762,4.80,8.00
2010.06.15 07:18:00.296,0.9758,0.9762,4.00,8.00
2010.06.15 07:18:01.316,0.9758,0.9762,1.60,10.40
2010.06.15 07:18:01.657,0.97575,0.97615,2.00,8.00
2010.06.15 07:18:01.997,0.9757,0.97615,12.50,8.00
2010.06.15 07:18:03.209,0.97575,0.97615,1.00,8.00
2010.06.15 07:18:03.368,0.97575,0.97615,1.00,8.00
2010.06.15 07:18:03.488,0.9757,0.97615,12.50,8.00
2010.06.15 07:18:04.086,0.9757,0.97615,8.50,8.00
2010.06.15 07:18:04.416,0.9757,0.97615,12.50,8.00
2010.06.15 07:18:04.930,0.9757,0.97615,12.50,8.10
2010.06.15 07:18:05.266,0.9757,0.9761,12.50,1.00
2010.06.15 07:18:05.946,0.9757,0.97615,12.50,8.10
2010.06.15 07:18:08.175,0.9757,0.9761,12.50,2.40
2010.06.15 07:18:08.567,0.9757,0.9761,4.50,10.40
2010.06.15 07:18:08.857,0.9757,0.97615,8.50,8.10
2010.06.15 07:18:09.149,0.97575,0.97615,4.00,4.10
2010.06.15 07:18:09.497,0.9757,0.97615,8.50,8.10
2010.06.15 07:18:10.466,0.9757,0.97615,8.50,8.00
2010.06.15 07:18:11.356,0.9757,0.97615,8.50,8.10
2010.06.15 07:18:12.455,0.9758,0.97615,1.60,8.10
2010.06.15 07:18:12.587,0.9758,0.97615,1.60,1.00
2010.06.15 07:18:12.845,0.97575,0.97615,10.50,1.00
2010.06.15 07:18:12.976,0.97575,0.97615,6.60,4.10
2010.06.15 07:18:13.367,0.97575,0.97615,2.60,8.10
2010.06.15 07:18:14.756,0.97575,0.97615,2.60,8.00
2010.06.15 07:18:15.089,0.97575,0.97615,2.00,8.00
2010.06.15 07:18:15.304,0.9758,0.9762,8.00,1.00
2010.06.15 07:18:15.559,0.9758,0.9762,12.00,1.00
2010.06.15 07:18:16.107,0.97585,0.97625,1.00,9.70
2010.06.15 07:18:16.360,0.97585,0.97625,10.80,1.70
2010.06.15 07:18:16.691,0.97585,0.9762,1.00,2.40
2010.06.15 07:18:17.019,0.9758,0.97625,14.10,11.20
2010.06.15 07:18:17.770,0.9758,0.97625,14.10,11.30
2010.06.15 07:18:18.876,0.9758,0.97625,14.00,11.30
2010.06.15 07:18:19.115,0.9758,0.97625,14.10,11.30
2010.06.15 07:18:20.416,0.9758,0.97615,13.60,1.60
2010.06.15 07:18:20.668,0.97585,0.9762,1.60,5.60
2010.06.15 07:18:20.953,0.97585,0.9762,1.60,9.60
2010.06.15 07:18:21.110,0.97585,0.97625,1.60,9.70
2010.06.15 07:18:21.417,0.97585,0.9762,1.60,1.00
2010.06.15 07:18:21.927,0.97585,0.97625,1.60,9.70
2010.06.15 07:18:22.270,0.97585,0.9762,1.60,6.40
2010.06.15 07:18:22.606,0.97585,0.9762,1.60,6.50
2010.06.15 07:18:22.846,0.9758,0.9762,8.90,6.40
2010.06.15 07:18:22.969,0.9758,0.97615,3.70,9.60
2010.06.15 07:18:23.088,0.9758,0.9761,1.60,4.00
2010.06.15 07:18:23.207,0.9758,0.97615,1.60,9.60
2010.06.15 07:18:23.513,0.9758,0.97615,4.00,9.60
2010.06.15 07:18:23.640,0.9758,0.97615,4.00,8.00
2010.06.15 07:18:23.959,0.9758,0.9762,4.00,8.00
2010.06.15 07:18:25.677,0.9758,0.9762,8.00,4.00
2010.06.15 07:18:25.986,0.9758,0.9762,8.00,4.00
2010.06.15 07:18:26.768,0.97595,0.97625,1.60,8.00
2010.06.15 07:18:27.040,0.97595,0.9763,1.60,4.50
2010.06.15 07:18:27.531,0.97595,0.9764,9.70,12.00
2010.06.15 07:18:27.848,0.97595,0.97635,1.70,8.00
2010.06.15 07:18:28.168,0.976,0.97635,1.00,8.00
2010.06.15 07:18:28.508,0.97595,0.9764,8.00,12.40
2010.06.15 07:18:28.847,0.9759,0.9763,6.50,4.00
2010.06.15 07:18:30.836,0.97595,0.9763,1.60,4.00
2010.06.15 07:18:31.298,0.97595,0.97635,4.00,8.00
2010.06.15 07:18:31.976,0.97595,0.97635,4.20,8.00
2010.06.15 07:18:32.516,0.97595,0.97635,4.10,8.00
2010.06.15 07:18:32.878,0.97595,0.97635,4.20,8.10
2010.06.15 07:18:33.289,0.97595,0.97635,4.20,8.00
2010.06.15 07:18:33.378,0.97595,0.97635,3.70,8.00
2010.06.15 07:18:33.836,0.97595,0.9763,3.70,4.00
2010.06.15 07:18:34.008,0.97595,0.97635,3.70,8.00
2010.06.15 07:18:34.176,0.97595,0.9763,3.70,4.00
2010.06.15 07:18:34.597,0.97595,0.97635,4.40,8.00
2010.06.15 07:18:34.938,0.97595,0.9763,1.60,6.40
2010.06.15 07:18:35.278,0.9758,0.9762,2.80,10.40
2010.06.15 07:18:35.490,0.9758,0.97615,1.60,8.00
2010.06.15 07:18:35.702,0.9757,0.9761,10.00,4.00
2010.06.15 07:18:36.129,0.9757,0.9761,3.60,10.40
2010.06.15 07:18:36.340,0.9757,0.9761,10.00,2.40
2010.06.15 07:18:37.359,0.9757,0.9761,14.00,2.40
2010.06.15 07:18:37.617,0.9757,0.9761,14.00,2.50
2010.06.15 07:18:38.791,0.9757,0.9761,14.00,2.40
2010.06.15 07:18:40.608,0.9757,0.9761,14.10,2.40
2010.06.15 07:18:42.307,0.9757,0.97615,14.10,9.60
2010.06.15 07:18:42.458,0.9758,0.97615,2.40,9.60
2010.06.15 07:18:42.609,0.9758,0.97615,10.00,4.00
2010.06.15 07:18:42.866,0.9758,0.97625,13.60,11.70
2010.06.15 07:18:43.021,0.9758,0.9762,8.10,4.00
2010.06.15 07:18:43.339,0.9758,0.97625,12.10,10.00
2010.06.15 07:18:44.276,0.97585,0.97625,1.00,8.40
2010.06.15 07:18:44.609,0.97585,0.97625,1.00,8.40
2010.06.15 07:18:44.948,0.9758,0.97625,12.10,8.40
2010.06.15 07:18:45.288,0.97585,0.97625,4.00,4.00
2010.06.15 07:18:45.728,0.97585,0.97625,4.00,5.30
2010.06.15 07:18:46.021,0.97585,0.97625,4.00,4.00
2010.06.15 07:18:47.676,0.97585,0.97625,4.10,4.00
2010.06.15 07:18:50.006,0.97585,0.9763,8.10,10.40
2010.06.15 07:18:50.308,0.9758,0.97625,12.50,8.00
2010.06.15 07:18:51.171,0.97585,0.97625,1.00,8.00
2010.06.15 07:18:51.507,0.9758,0.97625,12.40,8.00
2010.06.15 07:18:52.095,0.9758,0.97625,12.50,8.10
2010.06.15 07:18:52.346,0.9758,0.97625,8.50,8.10
2010.06.15 07:18:52.596,0.9758,0.97625,12.50,8.10
2010.06.15 07:18:53.096,0.9758,0.97625,8.50,8.00
2010.06.15 07:18:53.225,0.9758,0.97625,8.40,8.00
2010.06.15 07:18:54.285,0.9758,0.97625,8.50,8.10
2010.06.15 07:18:55.426,0.9758,0.97625,12.50,8.10
2010.06.15 07:18:55.656,0.9758,0.97625,8.50,8.10
2010.06.15 07:18:56.337,0.9758,0.97625,12.50,8.10
2010.06.15 07:18:56.918,0.9758,0.97625,12.50,8.00
2010.06.15 07:18:58.408,0.97585,0.97625,1.00,8.00
2010.06.15 07:19:01.909,0.9759,0.9763,1.00,10.40
2010.06.15 07:19:02.126,0.97585,0.9763,8.10,10.40
2010.06.15 07:19:02.330,0.9758,0.97625,12.50,8.00
2010.06.15 07:19:02.726,0.97585,0.97625,1.00,8.00
2010.06.15 07:19:03.047,0.9758,0.97625,12.50,8.00
2010.06.15 07:19:04.235,0.9758,0.97625,12.50,8.10
2010.06.15 07:19:05.186,0.9758,0.97625,12.40,8.00
2010.06.15 07:19:05.788,0.9758,0.97625,8.40,8.00
2010.06.15 07:19:06.168,0.9758,0.9762,8.40,1.00
2010.06.15 07:19:06.339,0.9758,0.9761,8.00,1.00
2010.06.15 07:19:06.507,0.9758,0.9761,4.00,4.40
2010.06.15 07:19:06.851,0.9758,0.97615,6.00,4.00
2010.06.15 07:19:07.150,0.9758,0.97615,4.40,4.00
2010.06.15 07:19:07.437,0.9758,0.97625,8.40,8.10
2010.06.15 07:19:09.068,0.9758,0.97625,8.50,8.10
2010.06.15 07:19:09.577,0.9758,0.97625,12.50,9.60
2010.06.15 07:19:09.758,0.97585,0.9763,8.00,13.20
2010.06.15 07:19:10.099,0.97595,0.97625,1.60,4.00
2010.06.15 07:19:10.438,0.9759,0.9763,4.00,3.20
2010.06.15 07:19:10.896,0.97585,0.97625,5.70,4.00
2010.06.15 07:19:11.242,0.9759,0.9763,4.00,4.00
2010.06.15 07:19:11.580,0.9759,0.9763,2.40,8.00
2010.06.15 07:19:11.921,0.9759,0.9763,2.40,8.10
2010.06.15 07:19:12.259,0.9759,0.9763,6.40,6.40
2010.06.15 07:19:12.690,0.9759,0.9763,2.40,10.40
2010.06.15 07:19:13.708,0.9759,0.9763,2.40,10.40
2010.06.15 07:19:14.216,0.9758,0.97625,12.50,8.00
2010.06.15 07:19:14.859,0.9758,0.97625,12.40,8.00
2010.06.15 07:19:15.086,0.97585,0.97625,1.00,8.00
2010.06.15 07:19:16.548,0.9758,0.97625,12.50,8.00
2010.06.15 07:19:18.605,0.9758,0.97625,12.50,8.10
2010.06.15 07:19:19.436,0.9758,0.97625,12.40,8.10
2010.06.15 07:19:19.737,0.9758,0.97625,8.50,8.00
2010.06.15 07:19:20.168,0.97575,0.97615,7.20,4.00
2010.06.15 07:19:20.468,0.97575,0.97615,4.00,4.00
2010.06.15 07:19:20.808,0.9758,0.97625,8.00,8.00
2010.06.15 07:19:21.825,0.9758,0.97625,8.00,8.10
2010.06.15 07:19:22.205,0.9758,0.97625,8.10,8.00
2010.06.15 07:19:22.586,0.9758,0.97625,12.10,8.00
2010.06.15 07:19:22.973,0.9758,0.97625,12.00,8.00
2010.06.15 07:19:23.288,0.9758,0.97625,12.00,9.60
2010.06.15 07:19:23.509,0.9758,0.9762,12.00,2.40
2010.06.15 07:19:23.570,0.97575,0.97615,4.10,4.00
2010.06.15 07:19:23.618,0.97575,0.97615,4.00,4.00
2010.06.15 07:19:23.669,0.9757,0.97615,14.00,8.00
2010.06.15 07:19:23.904,0.9758,0.97615,1.60,8.00
2010.06.15 07:19:24.255,0.97595,0.9762,1.60,2.40
2010.06.15 07:19:25.090,0.976,0.97635,6.00,5.60
2010.06.15 07:19:25.428,0.976,0.97635,1.00,9.60
2010.06.15 07:19:25.769,0.97595,0.9764,8.00,10.80
2010.06.15 07:19:26.108,0.97585,0.9763,9.40,10.40
2010.06.15 07:19:26.533,0.9759,0.9763,8.00,6.40
2010.06.15 07:19:26.882,0.97615,0.9763,1.60,6.40
2010.06.15 07:19:27.388,0.9761,0.97645,4.00,1.40
2010.06.15 07:19:27.739,0.97605,0.9764,2.00,4.00
2010.06.15 07:19:28.082,0.97615,0.9765,1.60,1.00
2010.06.15 07:19:28.429,0.97615,0.97655,1.60,8.00
2010.06.15 07:19:29.159,0.97615,0.97655,5.60,4.10
2010.06.15 07:19:29.489,0.976,0.9764,6.40,6.40
2010.06.15 07:19:29.818,0.976,0.9764,2.40,10.40
2010.06.15 07:19:37.467,0.976,0.9764,2.50,10.40
2010.06.15 07:19:37.949,0.9761,0.97645,2.40,9.60
2010.06.15 07:19:38.198,0.976,0.9763,8.00,2.40
2010.06.15 07:19:38.457,0.976,0.9763,4.00,2.40
2010.06.15 07:19:38.707,0.97585,0.9763,8.10,10.40
2010.06.15 07:19:40.891,0.9758,0.9762,5.70,4.00
2010.06.15 07:19:41.714,0.9758,0.9762,5.60,4.00
2010.06.15 07:19:45.397,0.9758,0.9762,5.60,4.00
2010.06.15 07:19:45.658,0.97585,0.97625,1.00,10.00
2010.06.15 07:19:46.080,0.97585,0.97615,5.70,1.00
2010.06.15 07:19:46.480,0.9759,0.97615,1.00,1.00
2010.06.15 07:19:47.148,0.97575,0.97615,4.20,8.00
2010.06.15 07:19:47.492,0.97575,0.97615,4.00,8.00
2010.06.15 07:19:47.836,0.97575,0.97615,4.20,8.00
2010.06.15 07:19:48.359,0.9759,0.97625,2.40,4.40
2010.06.15 07:19:48.662,0.976,0.97635,2.40,8.00
2010.06.15 07:19:49.131,0.976,0.97635,2.40,4.00
2010.06.15 07:19:49.427,0.97595,0.97635,5.60,4.00
2010.06.15 07:19:49.767,0.97595,0.9764,9.60,12.10
2010.06.15 07:19:51.127,0.9759,0.9763,9.20,4.00
2010.06.15 07:19:51.467,0.9759,0.9763,8.40,4.00
2010.06.15 07:19:52.318,0.9759,0.97635,13.00,8.00
2010.06.15 07:19:53.178,0.9759,0.97635,8.90,8.00
2010.06.15 07:19:53.336,0.9759,0.97635,9.10,8.00
2010.06.15 07:19:53.486,0.9759,0.97635,13.10,8.00
2010.06.15 07:19:54.745,0.9759,0.97635,13.10,8.10
2010.06.15 07:19:55.241,0.9759,0.9763,10.70,6.40
2010.06.15 07:19:55.372,0.9759,0.9763,8.90,4.10
2010.06.15 07:19:55.627,0.9759,0.9763,12.40,4.00
2010.06.15 07:19:55.876,0.9759,0.97635,12.40,8.00
2010.06.15 07:19:56.129,0.9759,0.97635,14.20,8.00
2010.06.15 07:19:56.381,0.9759,0.97635,12.00,8.10
2010.06.15 07:19:57.037,0.9759,0.97635,12.80,8.10
2010.06.15 07:19:57.380,0.9759,0.97635,12.80,8.00
2010.06.15 07:19:57.717,0.9759,0.97635,12.80,8.10
2010.06.15 07:19:57.907,0.9759,0.97635,12.80,8.00
2010.06.15 07:19:58.099,0.9759,0.97635,12.90,8.10
2010.06.15 07:19:58.340,0.9759,0.97635,12.90,8.00
2010.06.15 07:19:58.529,0.9759,0.97635,12.80,8.10
2010.06.15 07:19:58.831,0.9759,0.97635,8.40,8.10
2010.06.15 07:19:59.294,0.9759,0.9763,4.00,6.40
2010.06.15 07:19:59.428,0.97585,0.9763,8.40,10.40
2010.06.15 07:19:59.766,0.97585,0.9763,8.40,10.50
2010.06.15 07:20:00.107,0.97585,0.97625,1.00,8.00
2010.06.15 07:20:00.618,0.97585,0.97625,4.90,4.00
2010.06.15 07:20:00.938,0.97585,0.9763,8.90,8.00
2010.06.15 07:20:01.576,0.97585,0.9763,8.40,8.00
2010.06.15 07:20:01.897,0.9759,0.9763,1.60,8.10
2010.06.15 07:20:02.212,0.9759,0.9763,12.00,1.00
2010.06.15 07:20:02.468,0.9759,0.9763,12.00,1.00
2010.06.15 07:20:02.718,0.9759,0.97635,12.10,8.00
2010.06.15 07:20:03.206,0.9759,0.97635,12.00,8.10
2010.06.15 07:20:03.556,0.97585,0.9763,8.40,8.00
2010.06.15 07:20:07.316,0.97585,0.9763,8.50,8.00
2010.06.15 07:20:07.637,0.9759,0.9763,4.00,8.00
2010.06.15 07:20:07.957,0.9759,0.9763,2.40,8.00
2010.06.15 07:20:08.277,0.97585,0.9763,8.40,8.00
2010.06.15 07:20:08.797,0.9758,0.97605,1.20,8.00
2010.06.15 07:20:09.057,0.9758,0.9762,8.00,4.00
2010.06.15 07:20:09.454,0.9758,0.97615,1.60,8.00
2010.06.15 07:20:09.647,0.9757,0.97615,10.90,8.00
2010.06.15 07:20:13.970,0.97575,0.9762,4.00,10.40
2010.06.15 07:20:14.116,0.97575,0.97615,4.00,4.00
2010.06.15 07:20:16.547,0.97575,0.9761,4.00,1.00
2010.06.15 07:20:16.798,0.9757,0.9761,2.50,6.00
2010.06.15 07:20:17.046,0.9757,0.9761,2.50,6.80
2010.06.15 07:20:17.298,0.9757,0.97605,2.50,4.00
2010.06.15 07:20:17.548,0.9757,0.9761,2.50,8.40
2010.06.15 07:20:17.887,0.9757,0.97605,2.50,8.00
2010.06.15 07:20:18.230,0.9757,0.9761,2.50,8.40
2010.06.15 07:20:18.907,0.9757,0.97605,2.50,8.00
2010.06.15 07:20:19.199,0.97565,0.976,1.60,8.00
2010.06.15 07:20:19.488,0.97565,0.976,1.60,4.00
2010.06.15 07:20:20.215,0.97565,0.976,1.70,4.00
2010.06.15 07:20:20.557,0.9757,0.976,2.40,4.00
2010.06.15 07:20:20.897,0.97565,0.976,1.60,4.00
2010.06.15 07:20:21.229,0.9757,0.97605,2.40,8.00
2010.06.15 07:20:22.816,0.9757,0.9761,6.40,6.90
2010.06.15 07:20:24.122,0.97565,0.976,1.60,1.00
2010.06.15 07:20:24.526,0.97565,0.976,5.60,1.00
2010.06.15 07:20:24.816,0.97565,0.976,1.60,1.00
2010.06.15 07:20:25.558,0.9757,0.976,6.40,1.00
2010.06.15 07:20:25.897,0.9757,0.976,4.00,1.00
2010.06.15 07:20:26.057,0.97565,0.976,2.40,1.00
2010.06.15 07:20:26.218,0.9757,0.976,6.40,1.00
2010.06.15 07:20:27.249,0.97565,0.976,5.60,1.00
2010.06.15 07:20:27.589,0.97565,0.976,1.60,1.00
2010.06.15 07:20:28.447,0.97565,0.976,9.70,1.00
2010.06.15 07:20:28.707,0.97565,0.976,9.60,1.00
2010.06.15 07:20:28.968,0.97565,0.976,5.60,1.00
2010.06.15 07:20:29.147,0.97565,0.976,9.60,1.00
2010.06.15 07:20:30.698,0.97575,0.976,1.60,1.00
2010.06.15 07:20:31.748,0.9757,0.976,8.00,2.80
2010.06.15 07:20:32.092,0.97565,0.976,1.60,2.80
2010.06.15 07:20:32.351,0.9756,0.976,2.40,10.80
2010.06.15 07:20:32.530,0.9756,0.976,6.40,4.40
2010.06.15 07:20:32.707,0.9756,0.9759,4.00,1.00
2010.06.15 07:20:32.886,0.97555,0.9759,5.60,1.00
2010.06.15 07:20:33.952,0.97555,0.9759,9.60,1.00
2010.06.15 07:20:34.179,0.9756,0.9759,1.00,1.00
2010.06.15 07:20:34.518,0.9756,0.97595,12.00,1.50
2010.06.15 07:20:34.857,0.9756,0.976,12.00,2.80
2010.06.15 07:20:35.799,0.97565,0.976,4.00,2.80
2010.06.15 07:20:36.851,0.97565,0.976,4.00,2.90
2010.06.15 07:20:37.093,0.9756,0.976,12.00,2.80
2010.06.15 07:20:37.340,0.9756,0.976,12.00,3.20
2010.06.15 07:20:37.818,0.9756,0.976,12.10,2.80
2010.06.15 07:20:38.409,0.9756,0.976,2.40,10.80
2010.06.15 07:20:38.690,0.9756,0.976,8.00,2.90
2010.06.15 07:20:38.969,0.97555,0.97595,9.60,1.00
2010.06.15 07:20:39.249,0.97555,0.9759,5.60,1.00
2010.06.15 07:20:39.528,0.9755,0.97585,8.00,2.00
2010.06.15 07:20:39.847,0.97545,0.97585,9.70,2.00
2010.06.15 07:20:40.475,0.97545,0.9758,9.70,1.00
2010.06.15 07:20:40.983,0.97545,0.9758,8.00,1.00
2010.06.15 07:20:41.129,0.97545,0.9758,4.00,1.00
2010.06.15 07:20:41.409,0.9754,0.9758,10.40,1.00
2010.06.15 07:20:41.729,0.9754,0.97585,11.20,9.30
2010.06.15 07:20:42.069,0.97545,0.97585,1.60,8.00
2010.06.15 07:20:42.407,0.97545,0.9759,9.60,11.60
2010.06.15 07:20:42.747,0.97555,0.97585,1.60,1.00
2010.06.15 07:20:43.284,0.9755,0.97585,4.80,2.40
2010.06.15 07:20:43.639,0.97555,0.9758,1.00,2.80
2010.06.15 07:20:44.138,0.97545,0.9758,4.00,6.00
2010.06.15 07:20:44.480,0.9755,0.9758,1.60,2.00
2010.06.15 07:20:45.549,0.9755,0.9758,1.60,2.40
2010.06.15 07:20:45.892,0.97545,0.97575,4.00,1.60
2010.06.15 07:20:46.070,0.9755,0.9758,8.00,1.00
2010.06.15 07:20:46.420,0.9755,0.9759,8.00,2.80
2010.06.15 07:20:47.790,0.9755,0.9759,4.00,10.10
2010.06.15 07:20:48.055,0.9755,0.9759,4.00,14.10
2010.06.15 07:20:48.326,0.9755,0.9759,4.00,14.00
2010.06.15 07:20:49.975,0.9755,0.9759,4.00,14.10
2010.06.15 07:20:53.181,0.9754,0.9757,1.60,10.80
2010.06.15 07:20:53.351,0.97525,0.97565,1.70,8.40
2010.06.15 07:20:54.543,0.97525,0.97565,1.60,10.00
2010.06.15 07:20:54.879,0.97525,0.97565,1.70,10.00
2010.06.15 07:20:55.218,0.97525,0.9756,1.60,8.00
2010.06.15 07:20:55.559,0.97535,0.9756,1.60,4.00
2010.06.15 07:20:55.898,0.97535,0.9757,1.60,8.00
2010.06.15 07:20:56.345,0.97535,0.97565,1.60,4.00
2010.06.15 07:20:56.695,0.97535,0.97565,1.60,8.00
2010.06.15 07:20:57.040,0.97535,0.9757,1.60,4.00
2010.06.15 07:20:57.383,0.97535,0.97575,1.60,10.50
2010.06.15 07:20:57.671,0.97535,0.97575,1.60,10.00
2010.06.15 07:20:57.966,0.97535,0.97565,1.60,4.00
2010.06.15 07:20:58.739,0.9754,0.97575,2.40,10.00
2010.06.15 07:20:59.078,0.97535,0.9757,1.60,4.00
2010.06.15 07:20:59.422,0.97535,0.97575,1.60,10.80
2010.06.15 07:20:59.717,0.97535,0.97575,5.60,6.80
2010.06.15 07:21:00.019,0.97535,0.9757,1.60,2.40
2010.06.15 07:21:00.321,0.97535,0.97575,1.60,10.80
2010.06.15 07:21:00.660,0.9753,0.9757,8.00,2.80
2010.06.15 07:21:01.091,0.97535,0.9757,1.60,12.40
2010.06.15 07:21:01.432,0.9752,0.9756,8.00,2.50
2010.06.15 07:21:01.978,0.9752,0.9756,12.00,2.80
2010.06.15 07:21:02.319,0.9752,0.9756,12.00,3.20
2010.06.15 07:21:02.658,0.9752,0.9756,12.00,3.60
2010.06.15 07:21:02.999,0.9752,0.9756,12.00,2.80
2010.06.15 07:21:03.339,0.9752,0.9756,9.60,5.20
2010.06.15 07:21:03.763,0.9752,0.9756,5.60,5.60
2010.06.15 07:21:04.449,0.9752,0.9756,5.70,2.40
2010.06.15 07:21:04.789,0.9752,0.9756,10.10,2.40
2010.06.15 07:21:05.128,0.97535,0.9756,1.60,2.40
2010.06.15 07:21:05.469,0.97535,0.9757,1.60,12.10
2010.06.15 07:21:05.968,0.97535,0.97565,1.60,1.00
2010.06.15 07:21:06.577,0.97545,0.9757,1.60,2.40
2010.06.15 07:21:06.890,0.97545,0.9758,1.60,12.00
2010.06.15 07:21:07.300,0.97545,0.9758,1.60,8.00
2010.06.15 07:21:07.611,0.97555,0.9759,1.60,5.60
2010.06.15 07:21:07.950,0.97555,0.9759,1.60,8.00
2010.06.15 07:21:08.289,0.97555,0.9759,1.60,4.00
2010.06.15 07:21:08.629,0.97555,0.97595,1.60,10.70
2010.06.15 07:21:09.001,0.97555,0.97595,10.00,1.00
2010.06.15 07:21:09.347,0.97555,0.976,10.00,12.00
2010.06.15 07:21:09.696,0.97565,0.976,1.60,2.40
2010.06.15 07:21:10.240,0.97555,0.9759,4.40,2.40
2010.06.15 07:21:10.580,0.97555,0.9759,3.60,4.00
2010.06.15 07:21:10.921,0.9756,0.976,6.40,8.00
2010.06.15 07:21:11.430,0.97555,0.97595,5.60,4.00
2010.06.15 07:21:11.768,0.9756,0.97595,1.60,8.00
2010.06.15 07:21:12.108,0.9756,0.97595,2.00,8.00
2010.06.15 07:21:12.358,0.97565,0.976,2.00,4.00
2010.06.15 07:21:12.607,0.97565,0.976,2.00,1.60
2010.06.15 07:21:13.326,0.97565,0.976,2.00,1.70
2010.06.15 07:21:13.557,0.97565,0.976,2.00,12.10
2010.06.15 07:21:13.797,0.97555,0.976,10.00,12.50
2010.06.15 07:21:14.037,0.97555,0.97595,2.00,8.00
2010.06.15 07:21:14.610,0.97555,0.976,10.10,13.90
2010.06.15 07:21:14.850,0.97565,0.976,1.00,1.60
2010.06.15 07:21:15.089,0.97555,0.97595,2.00,8.00
2010.06.15 07:21:15.871,0.97565,0.97595,1.60,8.00
2010.06.15 07:21:16.748,0.97565,0.97595,1.60,8.10
2010.06.15 07:21:17.590,0.97565,0.976,1.60,9.70
2010.06.15 07:21:17.856,0.97565,0.976,1.60,5.70
2010.06.15 07:21:18.897,0.97565,0.976,1.60,5.60
2010.06.15 07:21:19.396,0.97565,0.976,1.60,5.70
2010.06.15 07:21:19.803,0.97565,0.976,1.60,8.10
2010.06.15 07:21:20.051,0.97565,0.9759,1.60,6.40
2010.06.15 07:21:20.297,0.97555,0.9759,1.00,8.00
2010.06.15 07:21:20.636,0.9755,0.9759,4.00,8.00
2010.06.15 07:21:20.978,0.97545,0.9759,10.50,12.10
2010.06.15 07:21:23.836,0.97545,0.9759,10.40,12.10
2010.06.15 07:21:24.091,0.97545,0.97585,1.00,8.10
2010.06.15 07:21:24.340,0.97535,0.9758,12.10,10.40
2010.06.15 07:21:24.677,0.97535,0.9758,12.00,10.40
2010.06.15 07:21:25.020,0.9754,0.97585,10.40,8.00
2010.06.15 07:21:26.677,0.9754,0.97585,10.80,8.00
2010.06.15 07:21:26.939,0.9754,0.97585,12.80,8.00
2010.06.15 07:21:28.907,0.97545,0.97585,5.60,8.00
2010.06.15 07:21:29.247,0.97545,0.97585,5.60,4.00
2010.06.15 07:21:29.587,0.97545,0.9758,1.60,4.00
2010.06.15 07:21:30.189,0.97545,0.9759,9.60,12.00
2010.06.15 07:21:30.456,0.97545,0.9759,9.60,12.10
2010.06.15 07:21:31.397,0.97545,0.9759,5.60,13.20
2010.06.15 07:21:31.737,0.97545,0.97585,9.60,1.00
2010.06.15 07:21:33.048,0.97545,0.9759,9.70,12.10
2010.06.15 07:21:36.072,0.97555,0.9759,1.60,10.40
2010.06.15 07:21:36.351,0.97555,0.97595,1.60,8.10
2010.06.15 07:21:37.068,0.97555,0.97595,1.60,8.00
2010.06.15 07:21:37.396,0.97555,0.97595,1.60,8.00
2010.06.15 07:21:38.300,0.97555,0.9759,1.60,1.70
2010.06.15 07:21:38.510,0.97555,0.9759,1.60,12.00
2010.06.15 07:21:38.928,0.97555,0.9759,1.60,12.10
2010.06.15 07:21:41.286,0.97555,0.9759,1.60,12.00
2010.06.15 07:21:41.536,0.97555,0.9759,1.60,12.10
2010.06.15 07:21:43.886,0.97555,0.9759,1.60,12.00
2010.06.15 07:21:44.127,0.97555,0.9759,1.60,4.00
2010.06.15 07:21:44.379,0.97555,0.97595,1.60,8.10
2010.06.15 07:21:44.576,0.97555,0.97595,1.60,8.00
2010.06.15 07:21:45.011,0.97565,0.976,1.60,12.50
2010.06.15 07:21:45.648,0.97555,0.97595,1.60,8.00
2010.06.15 07:21:46.328,0.97555,0.9759,1.60,10.40
2010.06.15 07:21:46.658,0.97555,0.9759,1.60,8.00
2010.06.15 07:21:46.988,0.97555,0.9759,1.60,6.40
2010.06.15 07:21:47.363,0.97555,0.9759,1.60,8.00
2010.06.15 07:21:47.589,0.97555,0.97595,5.60,4.10
2010.06.15 07:21:47.806,0.97555,0.97595,5.60,4.00
2010.06.15 07:21:48.886,0.97555,0.97595,5.60,4.10
2010.06.15 07:21:53.445,0.97555,0.9759,5.60,1.00
2010.06.15 07:21:53.797,0.97555,0.9759,1.60,1.00
2010.06.15 07:21:54.010,0.9756,0.97595,1.00,8.00
2010.06.15 07:21:54.221,0.97565,0.97605,9.60,1.00
2010.06.15 07:21:54.646,0.97565,0.9761,9.60,8.10
2010.06.15 07:21:56.411,0.97565,0.97605,5.60,4.10
2010.06.15 07:21:56.556,0.97565,0.97605,5.60,4.00
2010.06.15 07:21:56.858,0.97565,0.97605,1.60,8.00
2010.06.15 07:21:57.337,0.97565,0.97605,5.60,4.00
2010.06.15 07:21:57.676,0.97565,0.97605,5.70,4.00
2010.06.15 07:21:58.016,0.97565,0.97605,5.60,4.10
2010.06.15 07:21:58.821,0.97565,0.97605,5.60,8.00
2010.06.15 07:21:59.036,0.9758,0.97605,2.40,8.00
2010.06.15 07:21:59.558,0.97585,0.97615,2.00,1.00
2010.06.15 07:21:59.902,0.9759,0.9763,5.60,4.00
2010.06.15 07:22:00.426,0.9759,0.9763,4.00,8.00
2010.06.15 07:22:00.770,0.976,0.97635,1.60,8.00
2010.06.15 07:22:01.285,0.976,0.9764,4.00,10.40
2010.06.15 07:22:01.620,0.976,0.9763,2.40,8.00
2010.06.15 07:22:01.962,0.9759,0.97625,5.20,8.00
2010.06.15 07:22:02.310,0.9759,0.97615,2.40,4.00
2010.06.15 07:22:02.652,0.97585,0.9762,2.10,4.00
2010.06.15 07:22:02.998,0.97585,0.97625,2.10,8.00
2010.06.15 07:22:04.017,0.97595,0.97625,1.00,8.00
2010.06.15 07:22:04.357,0.976,0.9763,1.60,4.00
2010.06.15 07:22:04.827,0.976,0.97635,1.60,8.00
2010.06.15 07:22:05.517,0.976,0.9764,4.00,8.00
2010.06.15 07:22:05.828,0.976,0.97635,4.00,8.00
2010.06.15 07:22:05.937,0.976,0.97635,1.60,8.00
2010.06.15 07:22:06.036,0.976,0.97635,4.00,8.00
2010.06.15 07:22:06.136,0.976,0.97635,4.00,4.00
2010.06.15 07:22:06.238,0.976,0.9763,4.00,4.00
2010.06.15 07:22:06.350,0.976,0.9763,1.60,8.00
2010.06.15 07:22:06.711,0.976,0.9763,1.60,4.00
2010.06.15 07:22:07.044,0.9759,0.97625,1.00,8.00
2010.06.15 07:22:08.246,0.9759,0.97635,8.10,8.00
2010.06.15 07:22:08.926,0.9759,0.97635,8.00,8.10
2010.06.15 07:22:09.278,0.9759,0.97635,4.00,8.10
2010.06.15 07:22:09.899,0.9759,0.97635,4.10,8.10
2010.06.15 07:22:12.931,0.9759,0.9763,4.10,4.00
2010.06.15 07:22:13.066,0.9759,0.9763,4.00,4.00
2010.06.15 07:22:14.066,0.9759,0.9763,4.10,4.00
2010.06.15 07:22:14.737,0.9759,0.9763,4.00,4.10
2010.06.15 07:22:14.998,0.97585,0.9763,10.00,8.10
2010.06.15 07:22:15.257,0.97585,0.9763,10.10,8.10
2010.06.15 07:22:16.551,0.97585,0.9763,10.10,4.00
2010.06.15 07:22:16.776,0.9759,0.9763,4.00,4.00
2010.06.15 07:22:19.332,0.9759,0.9763,4.10,4.00
2010.06.15 07:22:20.647,0.9759,0.9763,4.00,4.10
2010.06.15 07:22:21.217,0.97585,0.9763,10.10,8.10
2010.06.15 07:22:24.137,0.9759,0.9763,4.00,4.10
2010.06.15 07:22:26.189,0.976,0.97625,2.00,8.00
2010.06.15 07:22:26.348,0.976,0.97635,2.00,1.00
2010.06.15 07:22:26.506,0.976,0.9764,2.00,6.40
2010.06.15 07:22:26.805,0.9761,0.9764,4.00,6.40
2010.06.15 07:22:27.151,0.9761,0.9765,10.40,4.00
2010.06.15 07:22:27.492,0.97615,0.9766,9.60,10.50
2010.06.15 07:22:28.169,0.97615,0.97655,4.00,4.00
2010.06.15 07:22:29.138,0.97615,0.97655,5.60,4.00
2010.06.15 07:22:29.437,0.97615,0.9766,9.60,10.50
2010.06.15 07:22:32.806,0.97615,0.9766,9.70,10.50
2010.06.15 07:22:33.904,0.97615,0.9766,9.60,10.50
2010.06.15 07:22:34.775,0.97615,0.9766,9.60,10.40
2010.06.15 07:22:34.896,0.97615,0.9766,9.70,10.50
2010.06.15 07:22:36.636,0.97625,0.9766,1.60,10.40
2010.06.15 07:22:36.777,0.97625,0.97665,1.60,8.50
2010.06.15 07:22:36.907,0.97625,0.97665,2.00,8.00
2010.06.15 07:22:37.127,0.97625,0.97665,6.00,4.00
2010.06.15 07:22:37.258,0.97625,0.9767,10.00,8.10
2010.06.15 07:22:37.618,0.97625,0.9767,10.00,8.00
2010.06.15 07:22:37.759,0.97625,0.9767,10.00,8.00
2010.06.15 07:22:37.957,0.97625,0.9767,10.10,8.00
2010.06.15 07:22:38.157,0.97625,0.9767,9.70,10.00
2010.06.15 07:22:38.423,0.97625,0.9767,10.50,10.00
2010.06.15 07:22:38.633,0.9763,0.9767,4.00,12.00
2010.06.15 07:22:38.861,0.97625,0.9766,8.10,2.40
2010.06.15 07:22:39.197,0.9762,0.9764,4.80,1.00
2010.06.15 07:22:39.539,0.976,0.97635,2.40,8.00
2010.06.15 07:22:39.914,0.97595,0.97635,4.10,4.00
2010.06.15 07:22:40.262,0.97585,0.97625,4.80,4.00
2010.06.15 07:22:40.611,0.9758,0.97625,10.80,8.00
2010.06.15 07:22:40.947,0.9758,0.97625,10.90,8.00
2010.06.15 07:22:41.628,0.9759,0.9763,2.80,10.40
2010.06.15 07:22:41.968,0.976,0.9763,4.00,8.00
2010.06.15 07:22:42.269,0.9761,0.9765,4.00,8.00
2010.06.15 07:22:42.740,0.9761,0.9765,4.00,6.50
2010.06.15 07:22:43.039,0.97615,0.97655,5.60,4.50
2010.06.15 07:22:43.378,0.97615,0.97655,1.60,8.00
2010.06.15 07:22:43.719,0.97615,0.97655,1.00,8.00
2010.06.15 07:22:44.059,0.976,0.9764,6.00,4.00
2010.06.15 07:22:44.397,0.976,0.9764,4.50,8.00
2010.06.15 07:22:45.792,0.976,0.97625,1.60,8.00
2010.06.15 07:22:46.126,0.97595,0.9762,1.60,4.00
2010.06.15 07:22:46.432,0.9759,0.97625,4.00,8.00
2010.06.15 07:22:47.010,0.976,0.97635,4.00,8.00
2010.06.15 07:22:47.308,0.976,0.9764,5.20,8.00
2010.06.15 07:22:48.927,0.976,0.9764,5.30,8.00
2010.06.15 07:22:49.198,0.9761,0.97645,2.40,8.00
2010.06.15 07:22:49.727,0.97605,0.97645,1.00,8.00
2010.06.15 07:22:50.036,0.97605,0.97645,1.00,8.00
2010.06.15 07:22:50.346,0.97615,0.97645,1.60,8.00
2010.06.15 07:22:50.658,0.97615,0.9765,1.60,4.00
2010.06.15 07:22:53.246,0.97615,0.9765,1.60,6.40
2010.06.15 07:22:53.367,0.9761,0.97645,1.00,8.00
2010.06.15 07:22:54.527,0.97605,0.97645,1.00,8.00
2010.06.15 07:22:54.736,0.976,0.97645,14.50,8.00
2010.06.15 07:22:55.157,0.97605,0.97645,1.00,8.00
2010.06.15 07:22:55.356,0.976,0.97645,14.50,8.00
2010.06.15 07:22:56.319,0.9761,0.97645,1.60,8.00
2010.06.15 07:22:56.532,0.9761,0.97645,4.40,8.00
2010.06.15 07:22:56.740,0.9761,0.9765,4.40,8.00
2010.06.15 07:22:56.966,0.9761,0.9765,4.50,8.00
2010.06.15 07:22:57.184,0.9761,0.9765,8.50,4.00
2010.06.15 07:22:57.531,0.9761,0.9765,4.50,8.00
2010.06.15 07:22:58.020,0.9761,0.9765,4.40,8.00
2010.06.15 07:22:58.899,0.9761,0.97655,12.50,8.40
2010.06.15 07:22:59.476,0.9761,0.97655,14.10,8.00
2010.06.15 07:22:59.899,0.97615,0.97655,1.00,8.00
2010.06.15 07:23:01.278,0.9761,0.97655,14.10,8.00
2010.06.15 07:23:01.568,0.9762,0.97665,12.40,9.60
2010.06.15 07:23:01.857,0.9762,0.97665,12.40,8.10
2010.06.15 07:23:03.486,0.9762,0.97665,12.50,8.00
2010.06.15 07:23:04.886,0.9762,0.97665,12.40,8.10
2010.06.15 07:23:05.057,0.9762,0.9766,6.80,4.00
2010.06.15 07:23:05.097,0.9762,0.9766,2.80,8.00
2010.06.15 07:23:07.801,0.97615,0.9766,10.80,8.10
2010.06.15 07:23:07.968,0.97615,0.9766,6.40,8.10
2010.06.15 07:23:08.139,0.97615,0.9766,9.60,8.10
2010.06.15 07:23:08.528,0.97615,0.9766,9.60,8.00
2010.06.15 07:23:08.697,0.9762,0.97665,6.40,8.00
2010.06.15 07:23:11.308,0.9762,0.97665,4.00,8.00
2010.06.15 07:23:11.368,0.97615,0.9766,14.10,4.00
2010.06.15 07:23:11.598,0.97615,0.9766,10.10,8.00
2010.06.15 07:23:11.717,0.97615,0.9766,9.70,8.00
2010.06.15 07:23:13.192,0.97615,0.9766,9.60,8.00
2010.06.15 07:23:13.269,0.97615,0.97655,1.60,9.60
2010.06.15 07:23:13.417,0.97615,0.97655,1.60,9.70
2010.06.15 07:23:13.486,0.9761,0.97655,6.40,10.10
2010.06.15 07:23:13.556,0.9761,0.9765,4.00,2.40
2010.06.15 07:23:13.626,0.97605,0.97645,14.90,4.00
2010.06.15 07:23:13.696,0.97605,0.97645,6.40,4.00
2010.06.15 07:23:13.766,0.97605,0.97645,4.80,4.00
2010.06.15 07:23:13.836,0.97605,0.97645,4.00,4.00
2010.06.15 07:23:17.621,0.97605,0.97645,4.00,6.10
2010.06.15 07:23:17.768,0.976,0.9764,8.50,4.00
2010.06.15 07:23:17.919,0.97615,0.97645,1.60,4.00
2010.06.15 07:23:18.088,0.97615,0.9765,1.60,1.00
2010.06.15 07:23:18.259,0.9761,0.97655,6.80,9.70
2010.06.15 07:23:18.619,0.9761,0.97645,2.80,4.00
2010.06.15 07:23:18.803,0.9761,0.97645,2.90,4.00
2010.06.15 07:23:19.320,0.9761,0.9765,2.50,8.00
2010.06.15 07:23:19.998,0.9761,0.9765,2.40,8.00
2010.06.15 07:23:20.539,0.9761,0.9765,8.00,4.00
2010.06.15 07:23:20.908,0.9761,0.9765,1.60,8.00
2010.06.15 07:23:21.181,0.97605,0.9765,9.20,8.00
2010.06.15 07:23:21.518,0.97605,0.97645,1.00,8.00
2010.06.15 07:23:21.858,0.97605,0.97645,4.50,4.00
2010.06.15 07:23:22.260,0.97605,0.9765,8.40,8.10
2010.06.15 07:23:22.549,0.97605,0.97645,4.40,4.00
2010.06.15 07:23:25.677,0.97605,0.9764,2.30,8.00
2010.06.15 07:23:26.022,0.97595,0.9764,12.60,12.00
2010.06.15 07:23:26.364,0.976,0.9764,2.40,12.00
2010.06.15 07:23:26.712,0.97605,0.9764,1.60,4.00
2010.06.15 07:23:27.152,0.97605,0.9765,9.60,12.10
2010.06.15 07:23:28.157,0.9761,0.9765,2.40,8.10
2010.06.15 07:23:28.826,0.9761,0.9765,2.40,8.00
2010.06.15 07:23:29.156,0.9761,0.9765,2.40,8.10
2010.06.15 07:23:29.488,0.97615,0.97655,2.00,8.10
2010.06.15 07:23:31.039,0.97615,0.97655,2.00,8.00
2010.06.15 07:23:31.267,0.97615,0.97655,2.00,8.10
2010.06.15 07:23:31.583,0.97615,0.97655,2.10,8.00
2010.06.15 07:23:31.779,0.97635,0.97665,1.60,3.10
2010.06.15 07:23:31.977,0.9763,0.97665,2.40,1.00
2010.06.15 07:23:32.206,0.9763,0.9767,2.40,8.10
2010.06.15 07:23:33.627,0.9763,0.9767,2.40,8.00
2010.06.15 07:23:33.859,0.9763,0.9767,2.40,8.10
2010.06.15 07:23:34.318,0.9763,0.9767,6.40,4.00
2010.06.15 07:23:34.548,0.9763,0.97675,6.40,8.10
2010.06.15 07:23:35.118,0.9763,0.9767,6.40,1.00
2010.06.15 07:23:35.459,0.9763,0.97675,6.40,8.00
2010.06.15 07:23:35.799,0.9763,0.97675,10.40,8.00
2010.06.15 07:23:39.746,0.9763,0.97675,10.40,8.00
2010.06.15 07:23:40.056,0.9763,0.97675,10.50,8.00
2010.06.15 07:23:40.367,0.97635,0.97675,1.60,8.00
2010.06.15 07:23:40.687,0.97635,0.9768,9.70,10.40
2010.06.15 07:23:41.016,0.97635,0.9768,9.60,10.50
2010.06.15 07:23:41.336,0.97635,0.9768,9.60,10.40
2010.06.15 07:23:41.496,0.97635,0.9768,9.60,10.50
2010.06.15 07:23:41.657,0.97635,0.9768,9.70,8.00
2010.06.15 07:23:41.818,0.9764,0.9768,4.00,8.00
2010.06.15 07:23:42.218,0.9764,0.97685,12.10,8.10
2010.06.15 07:23:42.377,0.9764,0.97685,10.50,8.00
2010.06.15 07:23:42.718,0.9764,0.97685,4.00,8.10
2010.06.15 07:23:44.625,0.9764,0.9768,4.00,1.00
2010.06.15 07:23:44.689,0.9764,0.9768,4.00,3.20
2010.06.15 07:23:44.757,0.97635,0.97675,1.60,8.00
2010.06.15 07:23:44.828,0.97635,0.97675,1.70,8.00
2010.06.15 07:23:45.087,0.97635,0.9768,9.70,10.40
2010.06.15 07:23:46.086,0.97635,0.9768,9.70,10.50
2010.06.15 07:23:49.698,0.97635,0.97675,5.70,4.00
2010.06.15 07:23:49.746,0.97635,0.97675,1.70,8.00
2010.06.15 07:23:50.738,0.97635,0.9768,9.70,8.00
2010.06.15 07:23:51.806,0.9764,0.9768,2.40,8.00
2010.06.15 07:23:52.027,0.9764,0.9768,2.50,8.00
2010.06.15 07:23:52.099,0.97645,0.97685,1.60,8.10
2010.06.15 07:23:52.438,0.97635,0.9768,9.70,8.00
2010.06.15 07:23:52.778,0.9764,0.9768,2.50,8.00
2010.06.15 07:23:53.119,0.97645,0.97685,1.60,8.10
2010.06.15 07:23:53.476,0.9764,0.9768,4.00,4.00
2010.06.15 07:23:53.726,0.97635,0.9768,9.70,8.00
2010.06.15 07:23:54.226,0.97635,0.9768,9.60,8.00
2010.06.15 07:23:55.417,0.97635,0.9768,9.60,8.10
2010.06.15 07:23:55.968,0.9763,0.97675,10.40,8.00
2010.06.15 07:23:56.254,0.9763,0.97675,10.40,8.10
2010.06.15 07:23:57.879,0.9763,0.9767,2.40,8.00
2010.06.15 07:23:59.736,0.97635,0.9767,1.00,8.00
2010.06.15 07:23:59.927,0.9764,0.9767,1.60,8.00
2010.06.15 07:24:00.203,0.9764,0.9768,4.00,8.10
2010.06.15 07:24:00.397,0.9764,0.9768,4.00,8.00
2010.06.15 07:24:00.888,0.9764,0.9768,6.80,8.00
2010.06.15 07:24:02.096,0.97645,0.9768,1.00,8.00
2010.06.15 07:24:02.398,0.9764,0.9768,1.70,10.40
2010.06.15 07:24:02.707,0.97635,0.97675,5.70,4.00
2010.06.15 07:24:03.927,0.97635,0.97675,5.60,4.00
2010.06.15 07:24:04.540,0.9764,0.97675,1.00,4.00
2010.06.15 07:24:04.687,0.97635,0.9768,9.70,10.40
2010.06.15 07:24:04.838,0.97635,0.9768,9.70,8.00
2010.06.15 07:24:05.199,0.9764,0.97685,8.10,8.00
2010.06.15 07:24:07.237,0.9764,0.97685,8.10,8.10
2010.06.15 07:24:07.389,0.9764,0.9768,8.00,1.00
2010.06.15 07:24:07.596,0.9764,0.9768,6.40,1.00
2010.06.15 07:24:07.748,0.97635,0.9767,9.60,1.60
2010.06.15 07:24:07.901,0.97635,0.9767,1.60,9.60
2010.06.15 07:24:08.317,0.97645,0.9767,1.60,8.00
2010.06.15 07:24:08.661,0.9764,0.97675,1.60,1.00
2010.06.15 07:24:08.999,0.9764,0.97685,11.10,8.00
2010.06.15 07:24:09.338,0.9764,0.97685,10.50,8.00
2010.06.15 07:24:09.820,0.9764,0.97685,10.40,8.00
2010.06.15 07:24:10.836,0.9764,0.97685,10.50,8.00
2010.06.15 07:24:11.176,0.97645,0.97685,1.00,8.00
2010.06.15 07:24:11.522,0.97645,0.9769,10.00,9.60
2010.06.15 07:24:11.867,0.97645,0.9769,10.00,9.60
2010.06.15 07:24:12.032,0.9765,0.9769,4.00,5.60
2010.06.15 07:24:12.857,0.9765,0.9769,4.00,1.60
2010.06.15 07:24:13.203,0.9765,0.9769,10.40,1.60
2010.06.15 07:24:13.569,0.9766,0.9769,2.40,1.60
2010.06.15 07:24:13.909,0.9766,0.977,2.40,9.60
2010.06.15 07:24:15.957,0.97655,0.977,9.70,9.60
2010.06.15 07:24:16.218,0.97655,0.977,9.60,9.70
2010.06.15 07:24:17.596,0.97655,0.977,9.60,12.00
2010.06.15 07:24:17.737,0.97655,0.97695,1.60,8.00
2010.06.15 07:24:17.877,0.97655,0.97695,1.60,8.00
2010.06.15 07:24:19.041,0.97655,0.97695,1.70,8.00
2010.06.15 07:24:19.259,0.97655,0.97695,2.80,8.00
2010.06.15 07:24:19.480,0.97655,0.97695,5.70,4.00
2010.06.15 07:24:19.709,0.97655,0.977,9.70,9.70
2010.06.15 07:24:19.938,0.97655,0.977,9.60,9.60
2010.06.15 07:24:20.169,0.97655,0.977,9.60,9.70
2010.06.15 07:24:20.570,0.97655,0.97685,5.60,4.00
2010.06.15 07:24:20.910,0.97645,0.9768,1.00,8.00
2010.06.15 07:24:21.251,0.9764,0.9768,12.10,1.60
2010.06.15 07:24:21.587,0.9764,0.9768,4.10,9.60
2010.06.15 07:24:21.927,0.9764,0.9768,4.00,9.60
2010.06.15 07:24:22.270,0.97635,0.97665,2.10,1.60
2010.06.15 07:24:22.609,0.9762,0.97665,10.80,8.00
2010.06.15 07:24:22.949,0.9763,0.97665,2.40,10.40
2010.06.15 07:24:23.384,0.9762,0.9765,1.60,8.00
2010.06.15 07:24:24.758,0.9762,0.97655,1.60,8.00
2010.06.15 07:24:25.438,0.9762,0.9766,4.00,8.00
2010.06.15 07:24:25.783,0.9762,0.97655,1.60,8.00
2010.06.15 07:24:26.642,0.9762,0.9766,5.60,5.60
2010.06.15 07:24:27.045,0.9762,0.97655,1.60,8.00
2010.06.15 07:24:27.390,0.9762,0.9765,1.60,4.00
2010.06.15 07:24:27.728,0.9762,0.9765,1.60,8.00
2010.06.15 07:24:28.709,0.9762,0.9766,5.60,4.00
2010.06.15 07:24:29.040,0.9762,0.9766,1.60,8.00
2010.06.15 07:24:29.227,0.9762,0.9766,1.60,10.40
2010.06.15 07:24:29.618,0.9761,0.97655,9.60,8.00
2010.06.15 07:24:29.811,0.9761,0.9765,5.60,4.00
2010.06.15 07:24:30.183,0.9761,0.9765,1.60,8.00
2010.06.15 07:24:30.522,0.9762,0.9765,4.00,1.00
2010.06.15 07:24:31.058,0.9762,0.97645,2.40,4.00
2010.06.15 07:24:31.402,0.9761,0.9765,4.00,8.00
2010.06.15 07:24:31.819,0.9761,0.9765,8.00,4.00
2010.06.15 07:24:32.162,0.97615,0.9765,1.00,4.00
2010.06.15 07:24:32.500,0.9761,0.9765,9.00,4.00
2010.06.15 07:24:32.860,0.9761,0.97655,13.20,8.00
2010.06.15 07:24:33.869,0.97615,0.97655,1.00,8.00
2010.06.15 07:24:34.379,0.97615,0.97655,4.10,4.00
2010.06.15 07:24:34.549,0.97615,0.97655,8.00,1.60
2010.06.15 07:24:34.880,0.9761,0.97655,8.00,9.60
2010.06.15 07:24:36.097,0.9761,0.97655,8.10,9.60
2010.06.15 07:24:38.794,0.9761,0.97655,8.00,9.70
2010.06.15 07:24:39.208,0.97615,0.9766,8.00,8.10
2010.06.15 07:24:41.176,0.97615,0.9766,8.00,8.00
2010.06.15 07:24:41.988,0.97615,0.9766,8.10,8.00
2010.06.15 07:24:46.732,0.9762,0.97655,1.60,8.00
2010.06.15 07:24:47.002,0.9762,0.9765,2.40,4.00
2010.06.15 07:24:47.691,0.97635,0.9765,1.60,8.00
2010.06.15 07:24:48.088,0.9763,0.9766,1.00,4.00
2010.06.15 07:24:48.433,0.9763,0.9766,2.40,4.00
2010.06.15 07:24:48.779,0.9763,0.97665,2.40,8.00
2010.06.15 07:24:49.800,0.9764,0.97665,2.40,4.00
2010.06.15 07:24:50.019,0.9764,0.97675,2.40,4.00
2010.06.15 07:24:52.147,0.97635,0.9767,1.60,8.00
2010.06.15 07:24:52.435,0.9764,0.9767,2.40,4.00
2010.06.15 07:24:52.718,0.9764,0.97675,2.40,4.00
2010.06.15 07:24:54.078,0.9764,0.9768,2.40,8.00
2010.06.15 07:24:54.529,0.9764,0.97685,9.10,8.00
2010.06.15 07:24:54.757,0.9764,0.97685,9.20,8.00
2010.06.15 07:24:56.010,0.97645,0.97685,1.00,4.00
2010.06.15 07:24:56.239,0.97645,0.97685,4.00,4.00
2010.06.15 07:24:56.467,0.97645,0.97685,4.10,4.00
2010.06.15 07:24:57.376,0.97655,0.97685,1.60,4.00
2010.06.15 07:24:57.621,0.9765,0.97685,2.20,5.60
2010.06.15 07:24:57.868,0.9765,0.97685,1.60,8.00
2010.06.15 07:24:58.112,0.97645,0.9769,8.00,8.40
2010.06.15 07:24:59.270,0.97645,0.9769,8.10,8.40
2010.06.15 07:25:00.927,0.9765,0.9769,1.00,8.00
2010.06.15 07:25:01.477,0.97645,0.9769,8.10,8.00
2010.06.15 07:25:02.767,0.97645,0.97685,4.10,4.00
2010.06.15 07:25:05.325,0.97645,0.9769,4.10,8.00
2010.06.15 07:25:05.503,0.97645,0.9769,8.10,8.00
2010.06.15 07:25:06.191,0.9765,0.9769,1.00,8.00
2010.06.15 07:25:06.468,0.97645,0.9768,4.00,4.00
2010.06.15 07:25:06.809,0.9764,0.97675,3.80,8.00
2010.06.15 07:25:07.147,0.9763,0.97675,10.40,8.00
2010.06.15 07:25:07.827,0.9763,0.97675,10.50,8.00
2010.06.15 07:25:10.249,0.9763,0.97675,8.10,8.00
2010.06.15 07:25:10.481,0.9763,0.9767,4.00,4.00
2010.06.15 07:25:11.379,0.97625,0.97665,6.00,4.00
2010.06.15 07:25:12.678,0.9764,0.97665,1.00,4.00
2010.06.15 07:25:12.988,0.9764,0.9768,2.00,9.70
2010.06.15 07:25:13.228,0.9763,0.97675,8.40,8.00
2010.06.15 07:25:13.469,0.97635,0.97675,4.00,4.00
2010.06.15 07:25:13.938,0.97635,0.9768,8.00,8.10
2010.06.15 07:25:16.509,0.97635,0.97675,4.10,4.00
2010.06.15 07:25:16.851,0.97635,0.9768,8.10,8.00
2010.06.15 07:25:18.828,0.9764,0.9768,2.40,8.00
2010.06.15 07:25:19.060,0.9764,0.97685,10.40,8.00
2010.06.15 07:25:21.858,0.9764,0.97685,10.50,8.00
2010.06.15 07:25:22.046,0.97645,0.97685,1.00,8.00
2010.06.15 07:25:22.226,0.97645,0.9769,8.40,8.00
2010.06.15 07:25:23.256,0.97645,0.9769,8.50,8.00
2010.06.15 07:25:23.727,0.97645,0.9769,8.40,8.10
2010.06.15 07:25:24.197,0.97645,0.9769,8.50,8.00
2010.06.15 07:25:25.897,0.97645,0.9769,8.40,8.10
2010.06.15 07:25:26.956,0.97645,0.9769,8.50,8.00
2010.06.15 07:25:30.388,0.97645,0.9769,8.40,8.10
2010.06.15 07:25:30.622,0.97645,0.9769,8.40,8.00
2010.06.15 07:25:30.849,0.97655,0.9769,1.00,8.00
2010.06.15 07:25:31.290,0.97665,0.977,6.00,4.00
2010.06.15 07:25:31.540,0.9768,0.9771,1.00,12.80
2010.06.15 07:25:31.788,0.9768,0.9771,6.80,5.60
2010.06.15 07:25:32.218,0.97675,0.9771,1.60,10.40
2010.06.15 07:25:32.562,0.97665,0.97705,4.00,4.00
2010.06.15 07:25:33.258,0.9766,0.97705,8.00,8.00
2010.06.15 07:25:33.937,0.9766,0.97705,8.10,8.00
2010.06.15 07:25:34.866,0.9766,0.97705,8.00,8.00
2010.06.15 07:25:35.797,0.9766,0.97705,8.00,8.10
2010.06.15 07:25:36.428,0.9766,0.97705,8.00,8.00
2010.06.15 07:25:36.720,0.97665,0.9771,10.00,12.00
2010.06.15 07:25:37.010,0.9767,0.97715,10.40,8.00
2010.06.15 07:25:37.933,0.9767,0.97715,10.40,8.10
2010.06.15 07:25:38.153,0.97675,0.97715,1.60,8.10
2010.06.15 07:25:38.392,0.97675,0.97715,9.60,1.00
2010.06.15 07:25:38.796,0.97675,0.9772,9.60,12.10
2010.06.15 07:25:39.596,0.97675,0.9772,9.70,12.00
2010.06.15 07:25:39.937,0.97675,0.9771,9.60,1.00
2010.06.15 07:25:40.278,0.97675,0.9772,8.00,12.10
2010.06.15 07:25:40.619,0.9767,0.9771,4.80,2.50
2010.06.15 07:25:40.979,0.9767,0.9771,5.20,2.50
2010.06.15 07:25:41.317,0.9767,0.9771,5.20,2.40
2010.06.15 07:25:42.200,0.9767,0.97715,10.80,8.10
2010.06.15 07:25:42.442,0.9767,0.97715,7.50,8.10
2010.06.15 07:25:42.783,0.97665,0.9771,12.40,12.00
2010.06.15 07:25:43.302,0.97665,0.9771,11.60,12.00
2010.06.15 07:25:43.638,0.97675,0.97715,1.60,8.00
2010.06.15 07:25:43.958,0.97675,0.97715,9.60,1.00
2010.06.15 07:25:44.277,0.97675,0.9772,9.60,12.80
2010.06.15 07:25:44.596,0.97675,0.9772,9.60,12.90
2010.06.15 07:25:44.812,0.97675,0.9771,8.00,1.60
2010.06.15 07:25:44.992,0.9767,0.9771,12.00,1.60
2010.06.15 07:25:45.170,0.9767,0.9771,12.10,1.60
2010.06.15 07:25:45.347,0.9767,0.9771,12.00,1.60
2010.06.15 07:25:45.545,0.9767,0.9771,9.60,4.00
2010.06.15 07:25:45.718,0.9766,0.977,5.20,6.40
2010.06.15 07:25:46.058,0.9766,0.977,4.80,6.40
2010.06.15 07:25:46.396,0.9766,0.977,4.00,6.40
2010.06.15 07:25:49.478,0.9766,0.977,12.00,4.00
2010.06.15 07:25:49.597,0.97665,0.97705,4.00,4.10
2010.06.15 07:25:50.957,0.97665,0.97705,4.00,4.00
2010.06.15 07:25:51.948,0.97665,0.9771,8.00,8.50
2010.06.15 07:25:52.968,0.97665,0.97705,8.00,1.00
2010.06.15 07:25:53.547,0.97665,0.9771,8.00,8.40
2010.06.15 07:25:54.877,0.97665,0.97705,8.00,1.00
2010.06.15 07:25:55.468,0.97665,0.97705,8.00,1.60
2010.06.15 07:25:55.812,0.9766,0.97705,8.40,9.70
2010.06.15 07:25:56.656,0.9766,0.97705,12.40,9.70
2010.06.15 07:25:56.836,0.9766,0.97705,12.80,9.70
2010.06.15 07:25:57.729,0.9766,0.977,12.80,1.00
2010.06.15 07:25:58.056,0.9766,0.977,12.80,2.50
2010.06.15 07:25:58.217,0.9766,0.977,12.40,2.50
2010.06.15 07:26:00.484,0.9766,0.97695,12.40,1.00
2010.06.15 07:26:01.078,0.9766,0.9769,8.40,1.00
2010.06.15 07:26:01.301,0.9766,0.9769,6.80,1.00
2010.06.15 07:26:01.937,0.9766,0.9769,6.00,1.00
2010.06.15 07:26:02.488,0.9766,0.97695,6.00,1.00
2010.06.15 07:26:03.177,0.97675,0.97705,1.60,1.60
2010.06.15 07:26:03.279,0.97675,0.97705,1.60,1.00
2010.06.15 07:26:03.378,0.9767,0.977,10.60,1.00
2010.06.15 07:26:03.659,0.97665,0.977,8.80,1.00
2010.06.15 07:26:03.757,0.97665,0.977,8.00,1.00
2010.06.15 07:26:05.037,0.97665,0.977,8.00,1.00
2010.06.15 07:26:05.378,0.9766,0.977,8.80,8.10
2010.06.15 07:26:06.259,0.9766,0.97695,8.80,1.00
2010.06.15 07:26:07.667,0.9766,0.9769,8.80,1.00
2010.06.15 07:26:07.896,0.9766,0.97695,8.80,1.00
2010.06.15 07:26:08.977,0.9766,0.97695,8.80,1.00
2010.06.15 07:26:09.436,0.9766,0.97695,7.20,1.00
2010.06.15 07:26:09.467,0.9766,0.97695,6.40,1.00
2010.06.15 07:26:09.496,0.9766,0.97695,6.00,1.00
2010.06.15 07:26:09.896,0.9766,0.9769,6.00,1.00
2010.06.15 07:26:10.097,0.97655,0.9769,7.10,2.50
2010.06.15 07:26:10.371,0.97655,0.9769,6.40,2.50
2010.06.15 07:26:10.567,0.97655,0.9769,4.00,2.50
2010.06.15 07:26:12.167,0.97655,0.97685,4.00,1.00
2010.06.15 07:26:14.026,0.9765,0.97685,12.40,1.00
2010.06.15 07:26:17.777,0.9765,0.9769,12.40,2.50
2010.06.15 07:26:18.067,0.9765,0.9769,10.00,3.30
2010.06.15 07:26:18.407,0.9765,0.9769,2.00,11.30
2010.06.15 07:26:18.629,0.9765,0.9769,4.40,2.50
2010.06.15 07:26:18.846,0.9765,0.9769,1.00,10.50
2010.06.15 07:26:19.419,0.9765,0.9769,2.80,8.00
2010.06.15 07:26:20.437,0.9765,0.9769,2.80,8.10
2010.06.15 07:26:20.776,0.9765,0.97685,2.80,1.00
2010.06.15 07:26:21.458,0.9765,0.97685,2.40,1.00
2010.06.15 07:26:21.699,0.97645,0.97675,1.00,1.00
2010.06.15 07:26:22.260,0.97645,0.97675,1.00,1.00
2010.06.15 07:26:22.599,0.9764,0.97675,8.00,1.00
2010.06.15 07:26:23.280,0.9764,0.9767,6.00,2.40
2010.06.15 07:26:23.621,0.9764,0.97685,6.40,8.10
2010.06.15 07:26:24.056,0.97635,0.9768,13.20,4.00
2010.06.15 07:26:24.402,0.9764,0.9768,8.00,4.00
2010.06.15 07:26:24.791,0.9764,0.97685,12.00,8.00
2010.06.15 07:26:25.127,0.9764,0.97685,12.10,8.00
2010.06.15 07:26:25.807,0.9764,0.97685,12.00,8.00
2010.06.15 07:26:26.487,0.9764,0.97685,12.00,8.10
2010.06.15 07:26:27.117,0.9764,0.9768,9.60,2.50
2010.06.15 07:26:28.187,0.9764,0.9768,12.00,1.00
2010.06.15 07:26:28.677,0.9764,0.97675,12.00,1.00
2010.06.15 07:26:30.549,0.9764,0.9767,12.00,1.00
2010.06.15 07:26:31.124,0.9764,0.9768,4.00,10.50
2010.06.15 07:26:31.451,0.97645,0.9768,4.00,1.00
2010.06.15 07:26:33.297,0.97645,0.97685,4.00,4.00
2010.06.15 07:26:33.488,0.97645,0.97685,4.40,4.10
2010.06.15 07:26:33.702,0.9765,0.9768,1.60,1.00
2010.06.15 07:26:33.893,0.9765,0.97685,4.00,1.00
2010.06.15 07:26:34.768,0.9765,0.9768,4.00,1.00
2010.06.15 07:26:35.297,0.97645,0.9768,9.10,1.00
2010.06.15 07:26:35.488,0.97645,0.97685,8.00,1.00
2010.06.15 07:26:35.688,0.97645,0.97675,8.00,1.00
2010.06.15 07:26:35.887,0.97645,0.9768,8.00,1.00
2010.06.15 07:26:36.168,0.97645,0.9768,8.00,1.00
2010.06.15 07:26:37.020,0.97645,0.9768,8.00,1.00
2010.06.15 07:26:37.305,0.9765,0.97685,6.40,1.00
2010.06.15 07:26:38.738,0.9765,0.97685,2.40,1.00
2010.06.15 07:26:39.077,0.9765,0.9769,2.40,8.10
2010.06.15 07:26:43.608,0.9765,0.9769,4.00,8.00
2010.06.15 07:26:43.802,0.9765,0.97695,12.00,10.40
2010.06.15 07:26:43.977,0.9765,0.97695,12.00,9.70
2010.06.15 07:26:44.339,0.9765,0.9769,12.00,1.00
2010.06.15 07:26:44.710,0.97655,0.97695,4.00,5.70
2010.06.15 07:26:45.039,0.97655,0.97695,8.00,1.70
2010.06.15 07:26:45.690,0.9765,0.97685,8.00,1.60
2010.06.15 07:26:46.030,0.9766,0.97695,2.40,2.00
2010.06.15 07:26:46.421,0.9765,0.9769,2.40,8.00
2010.06.15 07:26:47.437,0.9765,0.9769,2.40,8.10
2010.06.15 07:26:48.281,0.9765,0.9769,2.40,8.00
2010.06.15 07:26:49.119,0.9765,0.9769,2.40,8.10
2010.06.15 07:26:51.717,0.9765,0.9769,6.40,4.10
2010.06.15 07:26:52.090,0.9765,0.97685,2.40,1.00
2010.06.15 07:26:53.467,0.9767,0.97685,2.40,1.00
2010.06.15 07:26:53.809,0.9767,0.9769,4.00,8.00
2010.06.15 07:26:54.149,0.9765,0.9769,2.80,8.00
2010.06.15 07:26:54.317,0.9766,0.9769,1.60,4.00
2010.06.15 07:26:54.489,0.9766,0.97695,8.00,1.00
2010.06.15 07:26:56.656,0.9766,0.977,8.00,4.10
2010.06.15 07:26:57.018,0.9766,0.977,4.00,8.10
2010.06.15 07:26:58.267,0.9766,0.977,8.00,4.10
2010.06.15 07:26:59.478,0.9766,0.97695,8.00,1.60
2010.06.15 07:26:59.824,0.97655,0.97695,4.80,9.70
2010.06.15 07:27:00.344,0.97645,0.97685,4.20,8.00
2010.06.15 07:27:00.688,0.9765,0.9769,2.40,8.10
2010.06.15 07:27:01.028,0.9765,0.9769,2.80,8.00
2010.06.15 07:27:01.367,0.9765,0.97695,10.80,8.00
2010.06.15 07:27:01.707,0.9765,0.9769,10.80,2.40
2010.06.15 07:27:02.049,0.9765,0.9769,3.70,10.40
2010.06.15 07:27:02.560,0.9765,0.97695,6.80,9.70
2010.06.15 07:27:02.889,0.9765,0.9769,4.80,4.00
2010.06.15 07:27:03.219,0.97645,0.97685,4.00,4.00
2010.06.15 07:27:03.714,0.97655,0.97695,4.40,4.00
2010.06.15 07:27:04.316,0.97655,0.97695,4.40,4.10
2010.06.15 07:27:07.703,0.97655,0.97695,1.00,9.70
2010.06.15 07:27:07.810,0.97655,0.9769,1.00,1.00
2010.06.15 07:27:08.350,0.97655,0.97695,1.00,9.70
2010.06.15 07:27:08.695,0.9766,0.97695,4.00,1.60
2010.06.15 07:27:09.041,0.97655,0.97695,8.40,1.60
2010.06.15 07:27:09.827,0.97655,0.97695,8.40,1.70
2010.06.15 07:27:10.911,0.97655,0.97695,8.40,1.00
2010.06.15 07:27:12.819,0.97655,0.97695,1.00,8.00
2010.06.15 07:27:13.108,0.97655,0.97695,8.40,1.00
2010.06.15 07:27:13.687,0.97655,0.977,8.40,10.40
2010.06.15 07:27:13.827,0.97655,0.977,8.40,10.40
2010.06.15 07:27:14.042,0.9766,0.977,1.60,10.40
2010.06.15 07:27:14.193,0.9765,0.97695,13.60,9.60
2010.06.15 07:27:14.340,0.9765,0.9769,5.60,8.00
2010.06.15 07:27:14.639,0.9765,0.9769,5.20,10.40
2010.06.15 07:27:14.987,0.97655,0.9769,4.80,8.00
2010.06.15 07:27:15.330,0.97655,0.97685,7.20,1.60
2010.06.15 07:27:15.670,0.97655,0.97685,1.60,8.00
2010.06.15 07:27:16.007,0.97645,0.97685,4.00,8.00
2010.06.15 07:27:16.688,0.97645,0.97685,4.00,8.00
2010.06.15 07:27:16.830,0.97645,0.9768,2.40,8.00
2010.06.15 07:27:17.418,0.97645,0.9768,2.40,8.10
2010.06.15 07:27:17.557,0.97645,0.9768,2.40,8.00
2010.06.15 07:27:18.269,0.97645,0.97685,2.40,8.10
2010.06.15 07:27:18.609,0.97645,0.9768,1.00,2.40
2010.06.15 07:27:18.950,0.97645,0.9768,1.00,2.50
2010.06.15 07:27:19.627,0.97645,0.97675,1.00,1.00
2010.06.15 07:27:20.582,0.97645,0.9768,1.00,2.40
2010.06.15 07:27:20.717,0.9765,0.97685,1.60,9.70
2010.06.15 07:27:20.846,0.9765,0.97685,1.60,5.70
2010.06.15 07:27:21.107,0.9765,0.97685,1.60,1.70
2010.06.15 07:27:21.887,0.9765,0.97685,5.60,1.60
2010.06.15 07:27:22.108,0.9765,0.97685,7.60,1.00
2010.06.15 07:27:26.286,0.9765,0.97685,7.60,1.00
2010.06.15 07:27:27.307,0.9765,0.9769,5.60,7.30
2010.06.15 07:27:27.715,0.9765,0.9769,4.40,8.10
2010.06.15 07:27:27.888,0.9765,0.97685,4.40,8.00
2010.06.15 07:27:28.057,0.9765,0.9769,12.40,1.00
2010.06.15 07:27:28.611,0.9765,0.9769,12.40,2.50
2010.06.15 07:27:28.948,0.97655,0.9769,4.00,1.00
2010.06.15 07:27:29.288,0.97655,0.977,8.40,10.50
2010.06.15 07:27:29.627,0.97655,0.977,8.40,10.40
2010.06.15 07:27:29.968,0.9766,0.977,1.60,10.40
2010.06.15 07:27:30.374,0.97665,0.97705,8.00,1.00
2010.06.15 07:27:31.387,0.97665,0.977,8.00,1.00
2010.06.15 07:27:31.627,0.97665,0.97705,8.00,1.00
2010.06.15 07:27:32.107,0.97665,0.977,8.00,1.00
2010.06.15 07:27:32.347,0.97665,0.977,4.00,1.00
2010.06.15 07:27:32.726,0.9767,0.97705,2.00,4.10
2010.06.15 07:27:33.069,0.9767,0.97705,10.00,1.00
2010.06.15 07:27:33.407,0.9767,0.9771,10.00,4.10
2010.06.15 07:27:34.359,0.9767,0.9771,10.40,4.10
2010.06.15 07:27:34.857,0.9767,0.97705,14.40,1.00
2010.06.15 07:27:35.378,0.9767,0.9771,14.40,4.10
2010.06.15 07:27:36.058,0.9767,0.9771,14.40,1.60
2010.06.15 07:27:36.477,0.97685,0.9771,1.00,1.60
2010.06.15 07:27:36.762,0.97685,0.97725,2.00,8.00
2010.06.15 07:27:37.051,0.9769,0.9773,6.40,8.10
2010.06.15 07:27:37.339,0.9768,0.9771,10.40,1.60
2010.06.15 07:27:37.629,0.9768,0.97715,4.00,4.00
2010.06.15 07:27:37.968,0.9768,0.97725,10.80,8.10
2010.06.15 07:27:39.793,0.97675,0.97715,4.00,4.00
2010.06.15 07:27:40.029,0.9767,0.97715,12.40,8.00
2010.06.15 07:27:40.268,0.97675,0.9772,10.00,10.50
2010.06.15 07:27:40.507,0.97675,0.9772,10.00,10.40
2010.06.15 07:27:40.740,0.9768,0.9772,2.40,8.00
2010.06.15 07:27:42.227,0.9768,0.9772,2.50,8.00
2010.06.15 07:27:42.917,0.9768,0.9772,2.40,8.10
2010.06.15 07:27:43.148,0.97675,0.9772,10.10,8.10
2010.06.15 07:27:43.299,0.97675,0.9772,10.10,8.00
2010.06.15 07:27:43.637,0.9768,0.9772,4.00,8.00
2010.06.15 07:27:43.936,0.9768,0.9772,8.00,8.00
2010.06.15 07:27:44.161,0.9768,0.9772,8.00,4.00
2010.06.15 07:27:44.499,0.9768,0.97725,12.00,8.10
2010.06.15 07:27:44.846,0.9768,0.97725,12.10,8.00
2010.06.15 07:27:45.667,0.9768,0.97725,15.30,8.00
2010.06.15 07:27:46.267,0.9768,0.97725,15.30,8.00
2010.06.15 07:27:46.607,0.9768,0.97725,15.40,8.10
2010.06.15 07:27:46.946,0.9768,0.97725,15.40,8.00
2010.06.15 07:27:47.286,0.9768,0.97725,15.40,8.10
2010.06.15 07:27:48.607,0.9769,0.97725,6.40,4.00
2010.06.15 07:27:48.787,0.9769,0.9773,8.00,6.00
2010.06.15 07:27:48.966,0.97695,0.9773,1.00,5.60
2010.06.15 07:27:49.901,0.97695,0.9773,1.00,9.70
2010.06.15 07:27:56.141,0.9769,0.97715,1.00,1.60
2010.06.15 07:27:56.477,0.9767,0.9771,11.60,4.00
2010.06.15 07:28:00.397,0.9767,0.97705,11.60,1.60
2010.06.15 07:28:00.558,0.9767,0.97705,4.50,5.60
2010.06.15 07:28:01.119,0.97685,0.97705,1.00,1.60
2010.06.15 07:28:01.459,0.9768,0.9772,3.00,10.50
2010.06.15 07:28:01.822,0.97675,0.97715,6.00,5.60
2010.06.15 07:28:02.172,0.97665,0.9771,11.50,10.40
2010.06.15 07:28:02.507,0.97665,0.9771,11.60,10.40
2010.06.15 07:28:03.189,0.9767,0.9771,1.00,10.40
2010.06.15 07:28:03.529,0.97665,0.9771,11.60,10.40
2010.06.15 07:28:03.869,0.97665,0.9771,11.60,10.50
2010.06.15 07:28:04.209,0.97665,0.9771,11.60,10.40
2010.06.15 07:28:04.546,0.9768,0.9771,1.00,10.50
2010.06.15 07:28:04.989,0.97675,0.97705,1.00,5.60
2010.06.15 07:28:05.268,0.9767,0.97705,3.20,9.60
2010.06.15 07:28:05.546,0.9767,0.97705,3.20,8.00
2010.06.15 07:28:07.058,0.9767,0.97705,3.20,8.00
2010.06.15 07:28:07.470,0.9767,0.97705,3.20,9.60
2010.06.15 07:28:08.917,0.9767,0.97705,3.20,9.70
2010.06.15 07:28:09.247,0.9767,0.97705,3.20,9.60
2010.06.15 07:28:11.359,0.9767,0.977,3.20,8.00
2010.06.15 07:28:11.398,0.9767,0.977,3.60,8.00
2010.06.15 07:28:11.566,0.9767,0.977,3.40,8.00
2010.06.15 07:28:11.606,0.9767,0.977,3.40,4.00
2010.06.15 07:28:11.889,0.9767,0.97705,3.40,9.60
2010.06.15 07:28:13.676,0.9767,0.97705,3.40,9.70
2010.06.15 07:28:14.114,0.9767,0.97705,3.40,9.60
2010.06.15 07:28:14.233,0.9767,0.97705,3.40,9.70
2010.06.15 07:28:14.956,0.9767,0.97705,3.40,9.60
2010.06.15 07:28:15.148,0.9767,0.977,3.40,4.00
2010.06.15 07:28:19.899,0.97675,0.977,1.60,4.00
2010.06.15 07:28:19.948,0.9768,0.977,1.00,4.00
2010.06.15 07:28:19.998,0.9768,0.977,2.30,4.00
2010.06.15 07:28:20.047,0.97685,0.97715,1.00,9.70
2010.06.15 07:28:20.327,0.97685,0.97715,1.00,9.60
2010.06.15 07:28:20.527,0.97685,0.9771,1.00,1.60
2010.06.15 07:28:21.798,0.97685,0.97715,1.00,9.70
2010.06.15 07:28:22.078,0.97685,0.97715,1.00,9.60
2010.06.15 07:28:22.499,0.97685,0.9771,1.00,8.00
2010.06.15 07:28:22.640,0.97675,0.9771,2.90,8.00
2010.06.15 07:28:22.989,0.97675,0.9771,2.80,8.00
2010.06.15 07:28:24.009,0.9769,0.9771,1.00,8.00
2010.06.15 07:28:24.197,0.9769,0.97715,1.00,9.60
2010.06.15 07:28:24.564,0.97695,0.97715,1.00,4.00
2010.06.15 07:28:24.748,0.97695,0.9772,1.00,4.00
2010.06.15 07:28:25.959,0.97695,0.9772,1.00,6.50
2010.06.15 07:28:26.299,0.97695,0.9772,1.00,12.10
2010.06.15 07:28:26.640,0.9769,0.9772,1.60,12.00
2010.06.15 07:28:26.981,0.9769,0.9772,2.00,1.60
2010.06.15 07:28:27.405,0.9769,0.9772,1.00,12.00
2010.06.15 07:28:27.753,0.97685,0.9772,1.00,8.00
2010.06.15 07:28:28.295,0.97685,0.97715,1.60,1.60
2010.06.15 07:28:28.642,0.9768,0.9771,1.00,4.00
2010.06.15 07:28:30.343,0.97675,0.977,2.40,4.00
2010.06.15 07:28:30.618,0.9767,0.977,1.00,4.00
2010.06.15 07:28:31.168,0.9767,0.97705,1.00,9.70
2010.06.15 07:28:31.508,0.9767,0.97695,1.00,1.00
2010.06.15 07:28:31.853,0.97665,0.9768,2.40,8.00
2010.06.15 07:28:32.202,0.97665,0.9767,1.00,2.40
2010.06.15 07:28:32.504,0.9764,0.97675,2.80,8.00
2010.06.15 07:28:32.802,0.9764,0.97675,1.60,8.40
2010.06.15 07:28:33.262,0.97635,0.9768,8.40,12.00
2010.06.15 07:28:33.600,0.97635,0.97675,1.00,8.00
2010.06.15 07:28:34.277,0.9763,0.97675,11.20,8.00
2010.06.15 07:28:34.496,0.9763,0.97675,10.40,8.00
2010.06.15 07:28:34.707,0.9763,0.97675,10.50,8.00
2010.06.15 07:28:35.847,0.9763,0.97675,10.40,8.10
2010.06.15 07:28:37.339,0.9763,0.97675,6.40,8.10
2010.06.15 07:28:37.428,0.9763,0.97675,10.40,8.10
2010.06.15 07:28:37.597,0.9763,0.97675,10.40,8.00
2010.06.15 07:28:38.047,0.9763,0.97675,10.40,8.00
2010.06.15 07:28:38.727,0.9763,0.9767,10.40,1.00
2010.06.15 07:28:38.788,0.9763,0.9767,8.00,2.50
2010.06.15 07:28:38.847,0.9763,0.9767,4.00,2.50
2010.06.15 07:28:39.109,0.9763,0.9767,6.80,4.10
2010.06.15 07:28:40.038,0.9763,0.9767,1.00,12.10
2010.06.15 07:28:40.808,0.9763,0.9766,1.00,1.00
2010.06.15 07:28:41.100,0.9763,0.97665,1.00,1.00
2010.06.15 07:28:41.393,0.9763,0.97665,1.00,4.10
2010.06.15 07:28:41.860,0.9763,0.97665,1.00,1.00
2010.06.15 07:28:43.740,0.9763,0.9766,1.00,1.00
2010.06.15 07:28:43.970,0.97625,0.9766,2.80,12.10
2010.06.15 07:28:44.308,0.9762,0.97655,2.00,4.00
2010.06.15 07:28:44.649,0.97635,0.97665,1.00,1.00
2010.06.15 07:28:44.992,0.97635,0.97655,1.60,1.60
2010.06.15 07:28:45.479,0.97635,0.9766,1.60,8.00
2010.06.15 07:28:45.824,0.9762,0.9766,2.80,8.00
2010.06.15 07:28:46.170,0.97625,0.97665,4.00,4.00
2010.06.15 07:28:46.510,0.97625,0.97665,4.00,5.60
2010.06.15 07:28:46.865,0.9762,0.9766,3.50,8.00
2010.06.15 07:28:47.216,0.9762,0.9766,1.50,10.40
2010.06.15 07:28:47.468,0.9762,0.9766,1.00,10.40
2010.06.15 07:28:47.730,0.97615,0.9766,8.40,10.40
2010.06.15 07:28:48.977,0.97615,0.9766,8.40,10.40
2010.06.15 07:28:50.220,0.97615,0.9766,8.40,10.40
2010.06.15 07:28:51.988,0.97615,0.97655,1.00,8.00
2010.06.15 07:28:52.749,0.97615,0.97655,1.00,8.00
2010.06.15 07:28:53.018,0.9762,0.9766,4.40,8.00
2010.06.15 07:28:53.286,0.9762,0.9766,6.00,8.00
2010.06.15 07:28:54.827,0.9762,0.9766,6.10,8.00
2010.06.15 07:28:55.148,0.9762,0.9766,6.00,8.10
2010.06.15 07:28:55.187,0.9762,0.9766,4.40,8.10
2010.06.15 07:28:55.310,0.9762,0.9766,1.60,8.90
2010.06.15 07:28:55.383,0.9762,0.9766,1.60,11.30
2010.06.15 07:28:55.614,0.97615,0.97655,4.40,4.00
2010.06.15 07:28:56.508,0.97615,0.9765,8.40,2.40
2010.06.15 07:28:56.848,0.97615,0.9765,1.00,2.40
2010.06.15 07:28:57.839,0.97615,0.97655,1.00,8.00
2010.06.15 07:28:58.029,0.97615,0.97655,1.00,8.10
2010.06.15 07:29:00.980,0.97615,0.97655,1.00,8.00
2010.06.15 07:29:01.497,0.97615,0.97655,8.90,4.00
2010.06.15 07:29:01.756,0.97615,0.9766,8.90,8.10
2010.06.15 07:29:05.918,0.9762,0.9766,1.00,8.00
2010.06.15 07:29:05.986,0.9762,0.9766,1.00,8.00
2010.06.15 07:29:08.059,0.97615,0.9766,10.90,8.00
2010.06.15 07:29:08.501,0.9762,0.97665,10.40,8.00
2010.06.15 07:29:08.721,0.9762,0.9766,6.40,4.00
2010.06.15 07:29:09.109,0.97615,0.9766,10.80,11.20
2010.06.15 07:29:09.448,0.97615,0.9766,10.80,11.30
2010.06.15 07:29:09.792,0.9762,0.9766,10.40,2.40
2010.06.15 07:29:10.473,0.97615,0.9766,10.80,10.40
2010.06.15 07:29:10.779,0.97615,0.9766,10.90,11.20
2010.06.15 07:29:11.088,0.97615,0.9766,6.90,10.40
2010.06.15 07:29:11.396,0.97615,0.9766,10.90,10.40
2010.06.15 07:29:12.897,0.97615,0.9766,10.80,10.50
2010.06.15 07:29:13.288,0.97615,0.9766,10.90,10.40
2010.06.15 07:29:13.858,0.97615,0.9765,1.20,4.00
2010.06.15 07:29:14.157,0.97615,0.9765,1.00,4.00
2010.06.15 07:29:14.738,0.97615,0.9765,1.00,10.40
2010.06.15 07:29:14.828,0.97615,0.9765,1.00,8.00
2010.06.15 07:29:17.228,0.97615,0.97655,4.40,4.00
2010.06.15 07:29:17.487,0.9762,0.97655,1.00,4.00
2010.06.15 07:29:24.992,0.9762,0.97655,1.00,4.10
2010.06.15 07:29:25.309,0.9762,0.97655,1.00,1.00
2010.06.15 07:29:25.732,0.9762,0.97655,1.00,4.10
2010.06.15 07:29:25.859,0.9762,0.9765,1.00,1.00
2010.06.15 07:29:26.203,0.9762,0.9766,10.80,2.40
2010.06.15 07:29:26.540,0.9763,0.97665,4.00,4.00
2010.06.15 07:29:27.047,0.9763,0.9767,2.40,8.10
2010.06.15 07:29:27.220,0.97625,0.97665,10.70,1.00
2010.06.15 07:29:27.558,0.97625,0.9767,10.40,8.90
2010.06.15 07:29:27.986,0.97625,0.9767,10.40,8.10
2010.06.15 07:29:28.328,0.97625,0.9767,10.10,8.00
2010.06.15 07:29:28.670,0.97625,0.9767,10.70,8.10
2010.06.15 07:29:29.918,0.97625,0.9767,8.00,8.10
2010.06.15 07:29:30.457,0.97625,0.9767,8.10,8.00
2010.06.15 07:29:31.657,0.97625,0.9767,8.00,8.00
2010.06.15 07:29:33.879,0.9762,0.97665,11.20,8.00
2010.06.15 07:29:34.081,0.9762,0.9766,2.40,8.00
2010.06.15 07:29:34.282,0.97615,0.9766,8.10,10.40
2010.06.15 07:29:35.750,0.9762,0.9766,1.70,8.00
2010.06.15 07:29:36.189,0.97625,0.97665,4.00,8.00
2010.06.15 07:29:36.434,0.97625,0.97665,4.00,4.00
2010.06.15 07:29:37.750,0.9763,0.9767,4.00,1.00
2010.06.15 07:29:38.971,0.9763,0.97675,4.00,8.50
2010.06.15 07:29:41.497,0.9763,0.9767,4.00,1.00
2010.06.15 07:29:41.788,0.9763,0.9767,4.00,2.40
2010.06.15 07:29:41.918,0.97625,0.9767,8.00,10.50
2010.06.15 07:29:43.767,0.97625,0.9767,8.10,10.40
2010.06.15 07:29:44.047,0.97625,0.9767,8.00,10.50
2010.06.15 07:29:44.971,0.97625,0.9767,8.00,11.30
2010.06.15 07:29:45.107,0.97625,0.97665,8.00,1.00
2010.06.15 07:29:45.372,0.97625,0.9767,8.00,11.30
2010.06.15 07:29:45.512,0.97625,0.97665,8.00,1.00
2010.06.15 07:29:46.188,0.97625,0.9767,8.00,10.40
2010.06.15 07:29:46.529,0.9763,0.97675,8.00,8.10
2010.06.15 07:29:47.848,0.9763,0.9767,8.00,2.40
2010.06.15 07:29:48.517,0.97625,0.9767,8.00,10.40
2010.06.15 07:29:48.788,0.97625,0.9767,8.00,10.50
2010.06.15 07:29:49.734,0.9763,0.9767,1.60,10.50
2010.06.15 07:29:49.889,0.9763,0.9767,8.00,4.00
2010.06.15 07:29:50.037,0.9763,0.97675,14.00,8.10
2010.06.15 07:29:50.336,0.9763,0.97675,14.40,8.10
2010.06.15 07:29:51.807,0.9763,0.97675,14.40,8.10
2010.06.15 07:29:51.886,0.97635,0.97675,1.00,8.00
2010.06.15 07:29:51.968,0.9764,0.9768,2.40,9.60
2010.06.15 07:29:52.057,0.97645,0.9768,1.60,4.00
2010.06.15 07:29:52.148,0.97645,0.97685,5.60,6.10
2010.06.15 07:29:52.238,0.97645,0.97685,5.60,4.00
2010.06.15 07:29:52.408,0.97645,0.97685,5.60,4.10
2010.06.15 07:29:52.577,0.97645,0.9768,1.60,4.00
2010.06.15 07:29:52.657,0.9764,0.9768,7.20,6.40
2010.06.15 07:29:53.083,0.9764,0.9768,6.40,6.40
2010.06.15 07:29:53.768,0.9764,0.9768,6.50,6.40
2010.06.15 07:29:53.967,0.9764,0.9768,10.50,6.40
2010.06.15 07:29:54.350,0.9764,0.9768,4.00,2.40
2010.06.15 07:29:54.949,0.9764,0.9768,6.50,2.40
2010.06.15 07:29:55.290,0.97645,0.97685,5.60,4.50
2010.06.15 07:29:55.631,0.9764,0.9768,1.00,12.40
2010.06.15 07:29:55.968,0.9763,0.97675,10.40,8.00
2010.06.15 07:29:56.648,0.9763,0.97675,10.40,8.10
2010.06.15 07:29:57.139,0.9763,0.97675,6.40,8.10
2010.06.15 07:29:57.818,0.9763,0.9767,6.40,1.00
2010.06.15 07:29:58.158,0.97635,0.97675,4.00,4.10
2010.06.15 07:29:58.498,0.97635,0.9768,9.60,12.00
2010.06.15 07:29:58.838,0.9764,0.9768,2.40,8.00
2010.06.15 07:30:00.248,0.9764,0.9768,6.40,4.00
2010.06.15 07:30:00.497,0.9764,0.97685,6.50,8.10
2010.06.15 07:30:01.538,0.9764,0.9768,6.40,1.00
2010.06.15 07:30:01.979,0.9764,0.9768,4.00,6.40
2010.06.15 07:30:02.293,0.9764,0.9768,6.40,1.00
2010.06.15 07:30:02.552,0.97635,0.9768,8.00,10.40
2010.06.15 07:30:02.809,0.97635,0.9768,8.00,10.50
2010.06.15 07:30:03.216,0.97635,0.9768,8.00,10.40
2010.06.15 07:30:03.473,0.97645,0.9768,8.00,4.90
2010.06.15 07:30:03.739,0.97645,0.9768,4.00,9.60
2010.06.15 07:30:04.210,0.9763,0.9767,4.00,2.40
2010.06.15 07:30:04.483,0.9763,0.9767,8.00,2.40
2010.06.15 07:30:04.831,0.9763,0.97675,10.40,8.10
2010.06.15 07:30:05.508,0.9763,0.9767,2.40,8.00
2010.06.15 07:30:09.238,0.97625,0.9767,8.10,10.40
2010.06.15 07:30:09.298,0.97625,0.9767,8.10,12.40
2010.06.15 07:30:09.358,0.97625,0.97665,4.10,4.00
2010.06.15 07:30:09.612,0.97625,0.97655,1.00,4.00
2010.06.15 07:30:10.069,0.97625,0.97665,1.00,8.00
2010.06.15 07:30:10.408,0.9763,0.97665,1.00,8.00
2010.06.15 07:30:10.748,0.9762,0.97665,10.40,8.10
2010.06.15 07:30:11.087,0.9762,0.97665,10.50,8.00
2010.06.15 07:30:11.429,0.97625,0.97665,4.00,4.10
2010.06.15 07:30:11.769,0.97625,0.9767,10.10,10.40
2010.06.15 07:30:12.009,0.9763,0.9767,2.40,8.00
2010.06.15 07:30:12.250,0.97625,0.9767,10.10,10.40
2010.06.15 07:30:12.489,0.9763,0.9767,2.40,8.00
2010.06.15 07:30:13.448,0.9763,0.9767,2.40,9.60
2010.06.15 07:30:13.788,0.9763,0.9767,2.40,12.00
2010.06.15 07:30:14.538,0.97625,0.9767,10.00,12.10
2010.06.15 07:30:14.757,0.97625,0.97665,10.00,1.00
2010.06.15 07:30:16.628,0.97625,0.9766,8.00,2.40
2010.06.15 07:30:16.988,0.9762,0.9766,10.40,2.40
2010.06.15 07:30:17.328,0.9762,0.9766,10.40,1.00
2010.06.15 07:30:18.808,0.9762,0.9766,10.40,2.50
2010.06.15 07:30:18.990,0.9762,0.9766,6.40,8.10
2010.06.15 07:30:19.174,0.97615,0.9766,9.60,12.10
2010.06.15 07:30:19.494,0.97615,0.9766,9.60,12.90
2010.06.15 07:30:20.428,0.97615,0.97655,9.60,1.00
2010.06.15 07:30:21.107,0.97615,0.9765,9.60,1.00
2010.06.15 07:30:21.767,0.97615,0.9765,9.60,1.00
2010.06.15 07:30:23.577,0.97615,0.9765,9.60,1.00
2010.06.15 07:30:25.118,0.97615,0.97655,9.60,1.00
2010.06.15 07:30:25.227,0.97615,0.9766,9.60,12.90
2010.06.15 07:30:25.339,0.9762,0.9766,2.40,10.50
2010.06.15 07:30:25.449,0.9762,0.97655,2.40,4.10
2010.06.15 07:30:25.995,0.97615,0.97655,4.00,6.10
2010.06.15 07:30:26.339,0.9761,0.97655,10.40,10.10
2010.06.15 07:30:26.678,0.9761,0.9765,10.40,4.00
2010.06.15 07:30:27.010,0.9761,0.97655,10.50,10.10
2010.06.15 07:30:27.339,0.9761,0.97655,10.40,10.10
2010.06.15 07:30:27.669,0.9761,0.97655,10.40,8.50
2010.06.15 07:30:29.168,0.9761,0.9765,10.40,1.00
2010.06.15 07:30:30.018,0.97615,0.9765,4.00,1.00
2010.06.15 07:30:30.918,0.9761,0.9765,10.40,1.00
2010.06.15 07:30:40.256,0.9761,0.97655,10.40,8.50
2010.06.15 07:30:41.856,0.9761,0.97655,10.40,10.10
2010.06.15 07:30:42.057,0.9761,0.97655,6.40,10.10
2010.06.15 07:30:42.689,0.9761,0.9765,6.40,1.00
2010.06.15 07:30:42.897,0.9761,0.9765,6.40,1.00
2010.06.15 07:30:44.697,0.9761,0.97655,6.50,10.10
2010.06.15 07:30:44.817,0.9761,0.97655,7.60,10.10
2010.06.15 07:30:45.086,0.97615,0.97655,1.60,10.10
2010.06.15 07:30:45.211,0.97615,0.97655,5.60,10.10
2010.06.15 07:30:45.339,0.97615,0.97655,5.70,6.10
2010.06.15 07:30:45.470,0.97615,0.97655,5.70,6.00
2010.06.15 07:30:45.600,0.97615,0.9764,4.00,1.60
2010.06.15 07:30:45.950,0.97615,0.9765,5.60,4.00
2010.06.15 07:30:46.293,0.97615,0.9765,1.60,1.60
2010.06.15 07:30:46.707,0.97615,0.9765,1.60,12.00
2010.06.15 07:30:47.390,0.97615,0.9765,1.60,12.10
2010.06.15 07:30:48.388,0.97615,0.97645,1.60,1.00
2010.06.15 07:30:49.334,0.97615,0.97645,1.60,1.00
2010.06.15 07:30:51.027,0.97615,0.9765,1.60,8.10
2010.06.15 07:30:51.569,0.97615,0.9765,1.60,1.00
2010.06.15 07:30:52.871,0.97615,0.97655,1.60,8.10
2010.06.15 07:30:54.240,0.97615,0.97655,1.60,8.00
2010.06.15 07:30:54.518,0.97615,0.9766,9.60,10.50
2010.06.15 07:30:54.797,0.97615,0.97655,9.60,1.00
2010.06.15 07:30:55.500,0.97615,0.9765,9.60,1.00
2010.06.15 07:30:55.810,0.97615,0.97655,9.60,1.00
2010.06.15 07:30:56.120,0.97615,0.97655,5.60,4.10
2010.06.15 07:30:56.484,0.97615,0.97655,5.60,4.00
2010.06.15 07:30:57.508,0.97615,0.97655,9.60,1.00
2010.06.15 07:30:59.672,0.9762,0.9766,2.40,8.10
2010.06.15 07:31:02.857,0.9762,0.9766,4.10,8.00
2010.06.15 07:31:03.049,0.9762,0.9766,4.50,8.00
2010.06.15 07:31:03.451,0.9763,0.97675,8.40,9.60
2010.06.15 07:31:03.639,0.9763,0.97675,12.40,8.10
2010.06.15 07:31:03.828,0.9763,0.97675,12.40,8.00
2010.06.15 07:31:04.017,0.9763,0.97675,12.10,8.00
2010.06.15 07:31:04.719,0.97625,0.9767,9.60,10.50
2010.06.15 07:31:05.057,0.97625,0.97665,4.00,4.00
2010.06.15 07:31:05.277,0.97625,0.9767,8.00,10.50
2010.06.15 07:31:05.717,0.97625,0.9767,8.00,10.40
2010.06.15 07:31:06.013,0.97625,0.9767,8.00,10.50
2010.06.15 07:31:06.231,0.9762,0.97665,8.40,8.00
2010.06.15 07:31:06.568,0.9762,0.9766,8.40,4.00
2010.06.15 07:31:06.909,0.9762,0.97665,6.40,8.10
2010.06.15 07:31:07.248,0.9762,0.9766,6.40,4.00
2010.06.15 07:31:08.188,0.9762,0.9766,2.40,8.10
2010.06.15 07:31:08.698,0.9762,0.97655,2.40,1.00
2010.06.15 07:31:08.957,0.97615,0.97655,10.00,1.00
2010.06.15 07:31:09.397,0.97615,0.9766,10.10,10.50
2010.06.15 07:31:09.658,0.97615,0.9766,10.00,10.50
2010.06.15 07:31:10.268,0.9762,0.9766,3.20,9.70
2010.06.15 07:31:10.610,0.9762,0.9766,2.40,12.10
2010.06.15 07:31:15.847,0.9762,0.97655,2.40,1.00
2010.06.15 07:31:15.998,0.97615,0.9766,9.60,12.00
2010.06.15 07:31:16.585,0.97615,0.97655,5.60,4.00
2010.06.15 07:31:17.267,0.97615,0.97655,1.60,4.10
2010.06.15 07:31:17.600,0.9761,0.97645,1.00,4.00
2010.06.15 07:31:17.935,0.9761,0.97645,2.80,8.00
2010.06.15 07:31:18.271,0.9761,0.97645,2.40,8.00
2010.06.15 07:31:18.869,0.9761,0.9765,6.40,8.00
2010.06.15 07:31:19.169,0.97605,0.97645,5.60,4.00
2010.06.15 07:31:19.470,0.97605,0.9764,5.60,1.60
2010.06.15 07:31:19.669,0.97605,0.9764,1.60,9.60
2010.06.15 07:31:19.868,0.97605,0.9764,1.60,8.00
2010.06.15 07:31:20.528,0.97605,0.97645,1.60,8.10
2010.06.15 07:31:20.838,0.97605,0.97645,5.60,4.00
2010.06.15 07:31:21.147,0.97605,0.97645,5.60,4.10
2010.06.15 07:31:21.769,0.97615,0.9765,9.60,3.20
2010.06.15 07:31:22.023,0.97615,0.9765,1.60,8.00
2010.06.15 07:31:22.270,0.97615,0.97655,1.60,8.00
2010.06.15 07:31:22.522,0.97615,0.97655,5.60,4.10
2010.06.15 07:31:22.769,0.97615,0.97655,1.60,8.10
2010.06.15 07:31:23.957,0.97615,0.97655,1.60,8.00
2010.06.15 07:31:24.639,0.97615,0.97655,1.70,8.00
2010.06.15 07:31:26.286,0.97615,0.97655,1.60,8.10
2010.06.15 07:31:29.109,0.97615,0.9765,1.60,9.60
2010.06.15 07:31:29.707,0.97615,0.9765,1.60,9.70
2010.06.15 07:31:30.384,0.97615,0.9765,1.60,9.60
2010.06.15 07:31:30.593,0.97615,0.97655,1.60,8.10
2010.06.15 07:31:31.777,0.97615,0.9765,1.60,1.60
2010.06.15 07:31:32.109,0.97615,0.9765,1.60,9.70
2010.06.15 07:31:32.908,0.97615,0.9765,1.60,9.60
2010.06.15 07:31:33.288,0.97615,0.9765,1.60,9.60
2010.06.15 07:31:33.587,0.97615,0.9765,1.60,9.70
2010.06.15 07:31:34.542,0.97615,0.97645,1.60,8.10
2010.06.15 07:31:34.760,0.97605,0.97645,3.70,8.00
2010.06.15 07:31:34.978,0.97605,0.97645,3.60,8.10
2010.06.15 07:31:36.088,0.97605,0.97645,3.60,8.00
2010.06.15 07:31:36.523,0.97605,0.97645,3.60,8.00
2010.06.15 07:31:36.883,0.97615,0.9765,1.60,10.40
2010.06.15 07:31:37.378,0.97615,0.9765,1.00,2.40
2010.06.15 07:31:37.696,0.9762,0.97655,1.60,8.00
2010.06.15 07:31:38.042,0.9762,0.9766,8.00,4.00
2010.06.15 07:31:38.378,0.9762,0.9766,8.00,4.10
2010.06.15 07:31:39.891,0.97625,0.97665,1.60,8.10
2010.06.15 07:31:41.338,0.97625,0.97665,1.70,8.00
2010.06.15 07:31:41.678,0.97625,0.97665,5.70,8.00
2010.06.15 07:31:42.018,0.97625,0.97665,5.70,4.00
2010.06.15 07:31:42.128,0.97625,0.97665,5.60,4.10
2010.06.15 07:31:42.238,0.97625,0.9766,5.60,1.60
2010.06.15 07:31:42.349,0.97625,0.9766,1.60,5.60
2010.06.15 07:31:42.544,0.97625,0.9766,1.60,8.00
2010.06.15 07:31:42.989,0.9762,0.9766,4.00,8.00
2010.06.15 07:31:43.329,0.97615,0.97655,1.70,8.00
2010.06.15 07:31:44.348,0.97615,0.97655,1.60,8.00
2010.06.15 07:31:44.825,0.97615,0.97655,1.70,8.00
2010.06.15 07:31:44.979,0.9762,0.9766,2.40,12.80
2010.06.15 07:31:45.138,0.9762,0.9766,2.40,10.40
2010.06.15 07:31:46.639,0.9762,0.9766,10.40,1.60
2010.06.15 07:31:47.111,0.9762,0.9766,2.50,10.40
2010.06.15 07:31:47.420,0.9762,0.9766,6.40,6.40
2010.06.15 07:31:47.758,0.9762,0.9766,4.00,6.40
2010.06.15 07:31:48.927,0.9762,0.9766,4.00,6.40
2010.06.15 07:31:50.208,0.9762,0.9766,4.00,6.50
2010.06.15 07:31:51.648,0.97615,0.9766,11.70,11.30
2010.06.15 07:31:51.908,0.9762,0.9766,4.00,10.50
2010.06.15 07:31:52.170,0.9762,0.97655,6.40,1.60
2010.06.15 07:31:52.448,0.9762,0.9766,6.80,1.00
2010.06.15 07:31:52.709,0.97625,0.9766,1.60,4.10
2010.06.15 07:31:53.049,0.97625,0.9766,1.60,1.00
2010.06.15 07:31:53.388,0.97625,0.97665,1.60,8.10
2010.06.15 07:31:55.387,0.97625,0.97665,1.60,8.90
2010.06.15 07:31:55.528,0.97625,0.97665,1.60,8.10
2010.06.15 07:31:55.608,0.97625,0.97665,5.60,4.10
2010.06.15 07:31:56.195,0.97625,0.97665,1.60,8.10
2010.06.15 07:31:56.543,0.97625,0.97665,1.60,8.90
2010.06.15 07:31:57.220,0.97625,0.97665,5.60,4.10
2010.06.15 07:32:02.438,0.97625,0.97665,6.00,4.10
2010.06.15 07:32:10.507,0.97625,0.9766,4.40,1.00
2010.06.15 07:32:10.849,0.9762,0.9766,4.40,2.50
2010.06.15 07:32:11.187,0.9762,0.9766,4.40,2.40
2010.06.15 07:32:11.528,0.9762,0.9766,4.40,2.50
2010.06.15 07:32:12.239,0.9762,0.9766,4.50,2.50
2010.06.15 07:32:12.408,0.9762,0.9766,4.40,2.50
2010.06.15 07:32:13.108,0.97625,0.97665,1.60,8.10
2010.06.15 07:32:13.957,0.97625,0.97665,1.60,8.00
2010.06.15 07:32:14.157,0.97625,0.97665,2.00,8.00
2010.06.15 07:32:14.358,0.97635,0.9767,1.60,12.10
2010.06.15 07:32:15.077,0.97635,0.9767,1.60,12.00
2010.06.15 07:32:16.049,0.97635,0.9767,1.60,12.10
2010.06.15 07:32:16.600,0.97635,0.9767,1.60,8.00
2010.06.15 07:32:17.129,0.97635,0.97675,5.60,4.00
2010.06.15 07:32:17.390,0.97635,0.9767,1.60,4.00
2010.06.15 07:32:17.909,0.97635,0.97675,1.60,8.00
2010.06.15 07:32:18.590,0.97635,0.97675,1.60,8.10
2010.06.15 07:32:18.930,0.97635,0.97665,1.60,8.00
2010.06.15 07:32:26.368,0.97625,0.97665,2.10,8.00
2010.06.15 07:32:27.049,0.97625,0.9767,10.10,12.10
2010.06.15 07:32:28.117,0.97625,0.97665,10.00,1.00
2010.06.15 07:32:28.298,0.97625,0.9766,1.60,4.00
2010.06.15 07:32:29.177,0.97625,0.9766,1.60,4.00
2010.06.15 07:32:29.397,0.97625,0.9766,1.60,4.10
2010.06.15 07:32:29.838,0.97625,0.9766,1.60,4.00
2010.06.15 07:32:30.058,0.97625,0.97665,9.60,1.00
2010.06.15 07:32:30.279,0.97625,0.97665,10.00,1.00
2010.06.15 07:32:30.812,0.97625,0.9767,10.10,12.10
2010.06.15 07:32:36.997,0.97625,0.97665,10.00,1.00
2010.06.15 07:32:37.116,0.97625,0.9766,2.00,2.40
2010.06.15 07:32:37.220,0.97625,0.97665,6.00,4.00
2010.06.15 07:32:37.318,0.97625,0.9767,10.00,12.10
2010.06.15 07:32:37.425,0.97625,0.9767,9.60,13.30
2010.06.15 07:32:37.528,0.97625,0.9766,1.60,2.40
2010.06.15 07:32:37.630,0.9762,0.9766,10.40,2.40
2010.06.15 07:32:38.237,0.97615,0.9766,9.60,12.80
2010.06.15 07:32:38.919,0.97615,0.9766,9.70,12.90
2010.06.15 07:32:39.810,0.97615,0.9766,9.60,12.90
2010.06.15 07:32:39.965,0.97615,0.9764,8.00,4.00
2010.06.15 07:32:40.122,0.97615,0.9764,4.00,4.00
2010.06.15 07:32:40.272,0.97615,0.9764,8.00,1.60
2010.06.15 07:32:40.679,0.976,0.9764,1.60,12.00
2010.06.15 07:32:40.828,0.976,0.9764,1.70,12.00
2010.06.15 07:32:40.978,0.976,0.9764,5.10,9.60
2010.06.15 07:32:41.318,0.97605,0.9765,8.00,10.40
2010.06.15 07:32:42.828,0.97605,0.9765,8.10,10.40
2010.06.15 07:32:45.854,0.9761,0.9765,2.40,8.00
2010.06.15 07:32:46.063,0.9761,0.9765,6.40,4.00
2010.06.15 07:32:46.738,0.9761,0.9765,6.40,4.00
2010.06.15 07:32:47.078,0.9761,0.9765,6.40,4.00
2010.06.15 07:32:47.860,0.9761,0.9765,4.00,10.40
2010.06.15 07:32:48.117,0.97605,0.9765,8.10,10.40
2010.06.15 07:32:48.358,0.97605,0.9765,8.00,10.40
2010.06.15 07:32:48.899,0.97605,0.9765,8.00,10.40
2010.06.15 07:32:49.138,0.97605,0.9765,8.10,10.40
2010.06.15 07:32:49.380,0.9761,0.9765,4.00,10.40
2010.06.15 07:32:49.879,0.9761,0.9765,2.40,4.00
2010.06.15 07:32:50.120,0.9761,0.97655,10.90,8.00
2010.06.15 07:32:50.358,0.9761,0.97655,10.80,8.00
2010.06.15 07:32:51.377,0.9761,0.97655,10.90,8.00
2010.06.15 07:32:52.400,0.9761,0.97655,10.80,8.00
2010.06.15 07:32:52.459,0.9761,0.97655,12.40,8.00
2010.06.15 07:32:52.769,0.9761,0.97655,12.40,8.00
2010.06.15 07:32:53.098,0.9761,0.97655,12.40,8.00
2010.06.15 07:32:53.866,0.9761,0.9765,8.50,2.40
2010.06.15 07:32:54.210,0.9761,0.97655,10.80,8.00
2010.06.15 07:32:54.550,0.9761,0.97655,10.80,8.00
2010.06.15 07:32:54.986,0.9761,0.97655,10.80,8.00
2010.06.15 07:32:55.822,0.9761,0.9765,8.40,2.40
2010.06.15 07:32:56.152,0.9761,0.97655,10.80,8.00
2010.06.15 07:32:56.481,0.9762,0.9766,4.00,6.40
2010.06.15 07:32:56.818,0.9762,0.9766,4.00,6.40
2010.06.15 07:32:57.499,0.9762,0.9766,4.00,6.50
2010.06.15 07:32:58.159,0.9762,0.9766,4.00,10.50
2010.06.15 07:32:58.574,0.9762,0.9766,4.00,6.50
2010.06.15 07:32:58.909,0.97615,0.97655,8.00,1.00
2010.06.15 07:32:59.247,0.97615,0.9766,8.00,10.40
2010.06.15 07:33:01.648,0.97615,0.9766,8.00,10.80
2010.06.15 07:33:02.578,0.97615,0.97655,8.00,1.00
2010.06.15 07:33:02.869,0.97615,0.9766,8.00,10.90
2010.06.15 07:33:03.078,0.97615,0.97655,4.00,4.00
2010.06.15 07:33:03.610,0.97615,0.9766,9.60,10.40
2010.06.15 07:33:04.497,0.97615,0.9766,9.70,10.40
2010.06.15 07:33:05.220,0.97615,0.9766,9.60,10.40
2010.06.15 07:33:05.818,0.97615,0.9766,9.70,10.40
2010.06.15 07:33:06.358,0.97615,0.9766,9.70,4.00
2010.06.15 07:33:06.510,0.9762,0.9766,4.00,6.40
2010.06.15 07:33:06.799,0.97615,0.9766,9.70,8.00
2010.06.15 07:33:07.221,0.9762,0.9766,1.00,8.00
2010.06.15 07:33:07.559,0.9762,0.9766,4.10,4.00
2010.06.15 07:33:11.007,0.9762,0.9766,4.00,4.00
2010.06.15 07:33:11.698,0.97615,0.9766,9.70,8.00
2010.06.15 07:33:12.479,0.9762,0.9766,1.00,8.00
2010.06.15 07:33:12.679,0.97625,0.97665,4.00,4.00
2010.06.15 07:33:13.461,0.97625,0.9767,8.00,10.50
2010.06.15 07:33:13.800,0.97625,0.97665,2.00,8.00
2010.06.15 07:33:14.296,0.9764,0.9768,4.00,6.40
2010.06.15 07:33:14.641,0.9764,0.9768,6.40,6.40
2010.06.15 07:33:17.238,0.9764,0.97685,6.50,8.00
2010.06.15 07:33:17.779,0.9764,0.9768,6.50,2.40
2010.06.15 07:33:18.118,0.9764,0.9768,6.40,2.40
2010.06.15 07:33:19.478,0.9764,0.9768,6.40,6.40
2010.06.15 07:33:19.878,0.9764,0.9768,6.50,6.40
2010.06.15 07:33:19.948,0.9764,0.9768,6.50,2.40
2010.06.15 07:33:20.438,0.9764,0.9768,6.50,4.00
2010.06.15 07:33:20.980,0.9764,0.9768,6.50,8.00
2010.06.15 07:33:21.178,0.9764,0.9768,6.50,6.40
2010.06.15 07:33:21.368,0.9764,0.9768,6.50,2.40
2010.06.15 07:33:22.328,0.9764,0.97685,6.50,8.00
2010.06.15 07:33:22.791,0.97645,0.97685,4.00,4.10
2010.06.15 07:33:22.908,0.97645,0.97685,4.00,4.90
2010.06.15 07:33:23.018,0.97635,0.9768,10.00,10.80
2010.06.15 07:33:23.589,0.9763,0.9767,4.00,6.40
2010.06.15 07:33:23.931,0.9762,0.9766,10.90,2.40
2010.06.15 07:33:24.268,0.9762,0.9766,10.40,2.40
2010.06.15 07:33:25.169,0.9762,0.9766,8.00,2.40
2010.06.15 07:33:25.468,0.9762,0.9766,10.40,2.40
2010.06.15 07:33:29.258,0.9762,0.9766,6.40,2.40
2010.06.15 07:33:30.798,0.9762,0.9766,10.40,2.40
2010.06.15 07:33:33.549,0.9762,0.9766,6.40,6.40
2010.06.15 07:33:33.769,0.9762,0.9766,10.40,2.40
2010.06.15 07:33:44.408,0.9762,0.9766,8.00,2.40
2010.06.15 07:33:45.109,0.9762,0.9766,8.40,2.40
2010.06.15 07:33:47.663,0.9762,0.9766,10.80,2.40
2010.06.15 07:33:47.815,0.9763,0.97675,8.00,9.00
2010.06.15 07:33:47.971,0.97625,0.97665,4.00,4.00
2010.06.15 07:33:48.120,0.97625,0.9766,4.00,2.40
2010.06.15 07:33:50.819,0.9762,0.9766,10.80,2.40
2010.06.15 07:33:54.570,0.97625,0.9766,4.00,2.40
2010.06.15 07:33:55.205,0.97615,0.9766,9.70,11.20
2010.06.15 07:33:55.551,0.97615,0.9766,9.70,10.40
2010.06.15 07:33:56.061,0.97615,0.9766,10.30,11.20
2010.06.15 07:33:56.404,0.9762,0.97665,8.00,8.10
2010.06.15 07:33:56.741,0.9762,0.9766,4.00,6.40
2010.06.15 07:33:57.078,0.9762,0.9766,8.00,6.40
2010.06.15 07:33:57.418,0.9762,0.9766,8.00,2.40
2010.06.15 07:33:58.087,0.9762,0.9766,8.00,2.50
2010.06.15 07:33:59.128,0.9762,0.9766,8.00,2.40
2010.06.15 07:33:59.208,0.97625,0.97665,8.00,1.00
2010.06.15 07:34:00.582,0.97625,0.9767,8.00,12.50
2010.06.15 07:34:00.892,0.9763,0.9767,4.00,6.50
2010.06.15 07:34:01.119,0.9763,0.9767,4.00,2.40
2010.06.15 07:34:01.349,0.97625,0.9767,8.00,6.40
2010.06.15 07:34:01.758,0.97625,0.9767,8.00,10.40
2010.06.15 07:34:02.001,0.9762,0.9766,13.10,2.40
2010.06.15 07:34:02.322,0.9762,0.9766,12.40,2.40
2010.06.15 07:34:02.959,0.9762,0.9766,12.40,2.50
2010.06.15 07:34:07.049,0.9763,0.9766,1.00,2.40
2010.06.15 07:34:07.390,0.9763,0.97665,2.40,8.00
2010.06.15 07:34:07.679,0.97625,0.9767,12.50,6.40
2010.06.15 07:34:07.970,0.9763,0.9767,6.40,4.00
2010.06.15 07:34:09.839,0.9763,0.9767,6.40,6.40
2010.06.15 07:34:09.972,0.9763,0.9767,2.40,10.50
2010.06.15 07:34:10.236,0.97625,0.97665,4.50,4.00
2010.06.15 07:34:10.361,0.97625,0.97665,4.40,4.00
2010.06.15 07:34:10.901,0.97625,0.9767,8.40,11.30
2010.06.15 07:34:11.580,0.97625,0.9767,10.00,10.50
2010.06.15 07:34:11.918,0.9763,0.97665,4.00,1.00
2010.06.15 07:34:12.548,0.9763,0.9767,4.00,2.40
2010.06.15 07:34:12.816,0.97635,0.97675,4.00,6.50
2010.06.15 07:34:13.062,0.97635,0.9767,8.00,1.70
2010.06.15 07:34:13.303,0.97635,0.9767,8.00,4.80
2010.06.15 07:34:13.542,0.97635,0.9766,8.00,2.40
2010.06.15 07:34:13.785,0.97625,0.9766,1.60,11.30
2010.06.15 07:34:14.133,0.97625,0.97655,1.60,8.00
2010.06.15 07:34:14.482,0.97625,0.9766,1.60,10.40
2010.06.15 07:34:14.820,0.97625,0.9766,1.60,10.50
2010.06.15 07:34:15.304,0.97615,0.9765,11.60,2.40
2010.06.15 07:34:15.653,0.97605,0.9765,13.00,11.20
2010.06.15 07:34:16.002,0.976,0.9764,8.40,2.40
2010.06.15 07:34:17.961,0.976,0.9764,8.40,2.50
2010.06.15 07:34:19.128,0.976,0.9764,8.40,2.40
2010.06.15 07:34:19.573,0.976,0.9764,8.00,2.40
2010.06.15 07:34:20.980,0.97595,0.9764,8.00,10.40
2010.06.15 07:34:21.568,0.976,0.9764,4.00,6.40
2010.06.15 07:34:21.909,0.97595,0.9764,8.00,10.50
2010.06.15 07:34:22.439,0.97605,0.9764,4.00,6.50
2010.06.15 07:34:22.638,0.97605,0.9764,4.00,4.10
2010.06.15 07:34:22.839,0.976,0.9763,4.00,2.40
2010.06.15 07:34:23.040,0.9759,0.9763,10.40,2.40
2010.06.15 07:34:23.581,0.97595,0.97635,5.60,4.00
2010.06.15 07:34:23.921,0.97595,0.9764,9.70,10.80
2010.06.15 07:34:24.263,0.97595,0.9763,9.60,1.00
2010.06.15 07:34:24.542,0.97595,0.9763,1.60,10.80
2010.06.15 07:34:24.823,0.9758,0.97625,10.40,8.00
2010.06.15 07:34:25.113,0.9758,0.97625,7.40,8.00
2010.06.15 07:34:25.391,0.97585,0.9763,8.00,12.90
2010.06.15 07:34:25.895,0.97585,0.9763,8.00,12.50
2010.06.15 07:34:26.239,0.97585,0.9763,8.00,12.40
2010.06.15 07:34:27.279,0.97585,0.97625,8.00,1.00
2010.06.15 07:34:27.622,0.9758,0.97625,10.40,8.10
2010.06.15 07:34:27.961,0.9758,0.97625,10.40,8.50
2010.06.15 07:34:28.301,0.97585,0.97625,8.00,1.00
2010.06.15 07:34:28.641,0.97585,0.97625,4.00,4.50
2010.06.15 07:34:28.960,0.9758,0.97625,10.40,8.40
2010.06.15 07:34:29.281,0.9758,0.97625,12.00,4.50
2010.06.15 07:34:29.599,0.97585,0.97625,4.00,4.50
2010.06.15 07:34:29.939,0.9758,0.97625,6.40,8.50
2010.06.15 07:34:30.393,0.9758,0.97625,10.40,8.50
2010.06.15 07:34:30.640,0.97575,0.97615,4.00,5.60
2010.06.15 07:34:31.608,0.97575,0.97615,4.00,6.00
2010.06.15 07:34:31.947,0.97575,0.97615,4.00,7.60
2010.06.15 07:34:32.997,0.97575,0.97615,4.00,7.70
2010.06.15 07:34:33.204,0.9757,0.9761,12.00,1.00
2010.06.15 07:34:33.409,0.97575,0.9761,4.00,1.00
2010.06.15 07:34:33.608,0.97575,0.97615,4.00,8.10
2010.06.15 07:34:34.068,0.9757,0.97615,12.10,12.10
2010.06.15 07:34:34.411,0.9759,0.97615,1.60,9.60
2010.06.15 07:34:34.751,0.9757,0.97615,12.70,8.40
2010.06.15 07:34:35.059,0.9757,0.97615,12.00,8.40
2010.06.15 07:34:35.857,0.9757,0.97615,12.10,8.50
2010.06.15 07:34:36.568,0.9757,0.97615,12.10,8.10
2010.06.15 07:34:36.923,0.9757,0.9761,8.00,4.10
2010.06.15 07:34:37.263,0.9758,0.97615,5.60,1.00
2010.06.15 07:34:37.801,0.9757,0.97605,2.30,1.60
2010.06.15 07:34:38.144,0.9757,0.97615,12.00,11.70
2010.06.15 07:34:38.829,0.9757,0.9761,12.00,1.00
2010.06.15 07:34:39.171,0.97575,0.97615,4.00,7.60
2010.06.15 07:34:40.028,0.97575,0.97615,4.00,4.40
2010.06.15 07:34:40.130,0.97575,0.97615,4.00,4.00
2010.06.15 07:34:40.411,0.97575,0.9762,8.00,10.10
2010.06.15 07:34:41.950,0.97575,0.9762,8.10,10.10
2010.06.15 07:34:42.079,0.97575,0.9762,8.00,10.10
2010.06.15 07:34:42.208,0.97575,0.9762,8.10,10.10
2010.06.15 07:34:42.512,0.97575,0.9762,8.00,10.10
2010.06.15 07:34:43.380,0.97575,0.9762,8.10,10.00
2010.06.15 07:34:44.049,0.9758,0.9762,4.00,10.00
2010.06.15 07:34:44.560,0.9758,0.97615,8.00,1.60
2010.06.15 07:34:44.853,0.9758,0.97615,4.00,1.60
2010.06.15 07:34:45.141,0.9758,0.97615,1.60,5.60
2010.06.15 07:34:45.422,0.9758,0.9762,8.00,6.50
2010.06.15 07:34:46.240,0.9758,0.97625,12.00,9.30
2010.06.15 07:34:46.757,0.97585,0.97625,8.00,1.00
2010.06.15 07:34:47.100,0.97595,0.9763,1.00,8.80
2010.06.15 07:34:47.457,0.976,0.97625,2.40,8.00
2010.06.15 07:34:47.876,0.9759,0.9763,4.40,4.00
2010.06.15 07:34:48.152,0.976,0.9763,2.40,4.00
2010.06.15 07:34:48.422,0.976,0.9764,2.40,8.00
2010.06.15 07:34:48.927,0.976,0.97635,2.40,4.00
2010.06.15 07:34:49.269,0.976,0.9764,2.40,8.10
2010.06.15 07:34:49.610,0.976,0.9764,3.60,8.00
2010.06.15 07:34:49.861,0.976,0.9764,3.40,4.00
2010.06.15 07:34:50.125,0.97595,0.9763,1.00,8.00
2010.06.15 07:34:50.387,0.9759,0.9763,2.40,8.00
2010.06.15 07:34:50.820,0.9759,0.9763,2.40,10.40
2010.06.15 07:34:51.161,0.9759,0.97625,1.60,9.60
2010.06.15 07:34:51.499,0.976,0.97635,4.00,9.20
2010.06.15 07:34:51.841,0.97605,0.97635,1.60,8.00
2010.06.15 07:34:52.181,0.9761,0.97635,1.60,4.00
2010.06.15 07:34:52.621,0.976,0.9764,4.00,8.00
2010.06.15 07:34:52.961,0.976,0.9764,4.10,8.00
2010.06.15 07:34:53.301,0.97605,0.97645,4.00,5.70
2010.06.15 07:34:53.692,0.97605,0.97645,8.00,1.70
2010.06.15 07:34:54.031,0.976,0.97635,1.60,1.60
2010.06.15 07:34:55.958,0.976,0.97635,1.60,1.70
2010.06.15 07:34:57.838,0.976,0.97635,1.60,1.60
2010.06.15 07:34:58.910,0.97605,0.9764,4.00,1.00
2010.06.15 07:34:59.787,0.97605,0.97645,4.00,5.70
2010.06.15 07:34:59.978,0.97605,0.97645,4.00,5.60
2010.06.15 07:35:00.168,0.9761,0.97645,5.60,1.60
2010.06.15 07:35:00.858,0.9761,0.97645,5.60,1.70
2010.06.15 07:35:01.179,0.9761,0.9764,5.60,2.50
2010.06.15 07:35:01.472,0.97615,0.9764,1.60,8.00
2010.06.15 07:35:01.760,0.97615,0.9764,4.00,4.00
2010.06.15 07:35:02.050,0.97615,0.9765,4.00,2.40
2010.06.15 07:35:02.340,0.97615,0.9765,8.00,2.40
2010.06.15 07:35:02.680,0.9761,0.9765,10.40,2.40
2010.06.15 07:35:03.444,0.97605,0.97645,8.00,1.60
2010.06.15 07:35:03.799,0.97605,0.97635,4.00,1.60
2010.06.15 07:35:04.188,0.976,0.97635,8.00,1.60
2010.06.15 07:35:04.546,0.97605,0.97635,4.40,1.60
2010.06.15 07:35:04.805,0.97605,0.97645,8.00,1.60
2010.06.15 07:35:05.062,0.97605,0.97635,8.00,1.60
2010.06.15 07:35:05.323,0.97595,0.97625,2.20,1.60
2010.06.15 07:35:05.581,0.9759,0.97625,1.60,1.60
2010.06.15 07:35:06.161,0.9759,0.97625,8.40,1.60
2010.06.15 07:35:06.451,0.9759,0.9763,1.60,10.40
2010.06.15 07:35:06.767,0.9759,0.9763,4.00,8.00
2010.06.15 07:35:07.453,0.9759,0.97625,5.60,1.60
2010.06.15 07:35:07.795,0.9759,0.97625,1.60,1.60
2010.06.15 07:35:09.982,0.9759,0.97625,4.00,1.60
2010.06.15 07:35:10.140,0.97595,0.9763,9.60,1.60
2010.06.15 07:35:10.458,0.976,0.97635,4.00,1.60
2010.06.15 07:35:12.240,0.976,0.97645,12.00,9.70
2010.06.15 07:35:12.718,0.976,0.97645,8.00,9.70
2010.06.15 07:35:12.838,0.976,0.97645,8.10,9.60
2010.06.15 07:35:13.379,0.976,0.97645,12.00,9.70
2010.06.15 07:35:14.288,0.976,0.97645,12.10,9.60
2010.06.15 07:35:14.629,0.976,0.97645,10.50,9.60
2010.06.15 07:35:14.875,0.976,0.9764,4.10,4.00
2010.06.15 07:35:15.792,0.97605,0.97645,5.60,5.70
2010.06.15 07:35:16.131,0.97595,0.97635,3.30,8.00
2010.06.15 07:35:16.369,0.97595,0.9763,1.70,4.00
2010.06.15 07:35:16.958,0.976,0.9763,4.00,4.00
2010.06.15 07:35:17.275,0.976,0.9763,4.10,4.00
2010.06.15 07:35:18.374,0.976,0.9763,4.00,4.00
2010.06.15 07:35:18.701,0.9759,0.97615,4.00,4.00
2010.06.15 07:35:19.020,0.9759,0.97615,1.60,8.00
2010.06.15 07:35:19.496,0.9759,0.9762,4.00,8.00
2010.06.15 07:35:20.459,0.9759,0.97625,4.00,8.00
2010.06.15 07:35:21.238,0.9759,0.97625,4.10,8.00
2010.06.15 07:35:21.769,0.976,0.97625,1.60,4.00
2010.06.15 07:35:22.039,0.976,0.9763,1.60,8.00
2010.06.15 07:35:23.091,0.9761,0.9763,1.60,4.00
2010.06.15 07:35:23.476,0.9761,0.9764,2.40,5.60
2010.06.15 07:35:23.825,0.97605,0.9763,1.60,4.00
2010.06.15 07:35:24.169,0.97605,0.97635,1.60,4.00
2010.06.15 07:35:24.509,0.9761,0.9764,1.60,8.00
2010.06.15 07:35:24.709,0.9761,0.97645,1.60,9.60
2010.06.15 07:35:25.077,0.9761,0.97635,2.40,1.60
2010.06.15 07:35:25.276,0.976,0.9763,1.60,4.00
2010.06.15 07:35:25.470,0.976,0.97635,1.60,8.00
2010.06.15 07:35:25.949,0.976,0.97635,1.60,9.60
2010.06.15 07:35:26.240,0.976,0.97635,1.60,9.70
2010.06.15 07:35:26.643,0.976,0.9763,1.60,4.00
2010.06.15 07:35:26.931,0.9759,0.9763,4.10,8.00
2010.06.15 07:35:27.269,0.9759,0.97635,12.10,5.60
2010.06.15 07:35:27.608,0.9759,0.97635,12.10,9.60
2010.06.15 07:35:27.951,0.9759,0.9763,4.10,8.00
2010.06.15 07:35:28.472,0.9759,0.9763,4.00,4.00
2010.06.15 07:35:28.730,0.9759,0.97635,4.10,8.00
2010.06.15 07:35:29.178,0.97595,0.97635,1.00,8.00
2010.06.15 07:35:29.434,0.976,0.97635,4.00,4.00
2010.06.15 07:35:31.728,0.976,0.97635,4.10,4.00
2010.06.15 07:35:32.109,0.976,0.97645,6.50,8.00
2010.06.15 07:35:32.988,0.97605,0.97645,1.00,8.00
2010.06.15 07:35:34.010,0.97615,0.97655,5.60,6.60
2010.06.15 07:35:34.343,0.97615,0.9765,1.60,6.40
2010.06.15 07:35:34.671,0.9761,0.97645,1.60,9.60
2010.06.15 07:35:35.164,0.97605,0.9764,1.60,1.60
2010.06.15 07:35:35.729,0.97605,0.9764,1.60,1.70
2010.06.15 07:35:36.020,0.97605,0.9764,1.60,4.10
2010.06.15 07:35:36.810,0.97605,0.9764,1.60,4.00
2010.06.15 07:35:37.159,0.97605,0.9764,1.60,8.10
2010.06.15 07:35:37.501,0.97605,0.97635,1.60,1.00
2010.06.15 07:35:38.041,0.97595,0.97635,1.60,8.10
2010.06.15 07:35:38.798,0.97595,0.97635,1.60,8.00
2010.06.15 07:35:39.140,0.9761,0.9764,4.00,1.70
2010.06.15 07:35:40.167,0.9761,0.9764,4.00,1.60
2010.06.15 07:35:41.084,0.97605,0.9764,1.60,1.70
2010.06.15 07:35:41.312,0.97605,0.97635,1.60,1.00
2010.06.15 07:35:42.888,0.97605,0.9764,1.60,4.00
2010.06.15 07:35:44.773,0.9761,0.9764,8.00,2.40
2010.06.15 07:35:45.153,0.9761,0.9765,8.00,4.10
2010.06.15 07:35:45.412,0.97605,0.9765,9.60,12.10
2010.06.15 07:35:45.919,0.97605,0.97645,9.70,1.00
2010.06.15 07:35:46.938,0.97605,0.9765,9.70,12.10
2010.06.15 07:35:47.423,0.97605,0.97645,9.60,1.00
2010.06.15 07:35:47.689,0.97605,0.9765,9.60,12.10
2010.06.15 07:35:47.959,0.97605,0.97645,9.60,1.00
2010.06.15 07:35:48.749,0.97615,0.9765,1.60,1.70
2010.06.15 07:35:49.022,0.97615,0.9764,8.00,1.60
2010.06.15 07:35:49.320,0.97615,0.9764,4.00,4.40
2010.06.15 07:35:49.659,0.97605,0.97645,1.60,9.10
2010.06.15 07:35:49.950,0.97605,0.97645,5.60,4.00
2010.06.15 07:35:50.248,0.97605,0.97645,5.60,4.10
2010.06.15 07:35:50.928,0.97605,0.97645,5.60,1.00
2010.06.15 07:35:51.269,0.97605,0.97645,9.60,1.00
2010.06.15 07:35:51.869,0.97605,0.9765,9.70,12.00
2010.06.15 07:35:52.168,0.9761,0.97655,10.40,8.10
2010.06.15 07:35:52.381,0.9761,0.9765,10.40,1.60
2010.06.15 07:35:52.590,0.97605,0.9765,9.60,12.00
2010.06.15 07:35:53.049,0.9761,0.9765,4.00,8.00
2010.06.15 07:35:53.260,0.97615,0.9765,1.60,5.70
2010.06.15 07:35:53.696,0.97615,0.9765,1.60,1.70
2010.06.15 07:35:54.039,0.97605,0.9765,10.10,12.10
2010.06.15 07:35:54.639,0.97615,0.9765,1.60,1.70
2010.06.15 07:35:55.421,0.97615,0.9765,1.60,4.10
2010.06.15 07:35:55.551,0.97605,0.9765,10.00,12.90
2010.06.15 07:35:56.597,0.97605,0.9765,10.00,12.80
2010.06.15 07:35:57.448,0.97605,0.97645,10.00,1.00
2010.06.15 07:35:59.788,0.97605,0.9764,10.00,1.00
2010.06.15 07:35:59.937,0.97605,0.9764,8.00,1.00
2010.06.15 07:36:00.089,0.97605,0.9764,8.00,2.40
2010.06.15 07:36:00.400,0.97605,0.97645,9.60,1.00
2010.06.15 07:36:01.363,0.97605,0.9764,9.60,1.00
2010.06.15 07:36:01.570,0.97605,0.9764,1.60,1.00
2010.06.15 07:36:01.779,0.97605,0.9764,1.60,8.10
2010.06.15 07:36:02.029,0.976,0.9764,1.00,10.50
2010.06.15 07:36:03.689,0.97595,0.9764,10.00,11.30
2010.06.15 07:36:04.019,0.97595,0.97635,5.60,4.00
2010.06.15 07:36:04.744,0.97595,0.97635,5.60,4.10
2010.06.15 07:36:05.678,0.97595,0.9763,5.60,1.00
2010.06.15 07:36:08.621,0.97595,0.9763,1.60,1.00
2010.06.15 07:36:08.840,0.97595,0.97635,1.60,8.10
2010.06.15 07:36:09.152,0.97595,0.9763,9.60,1.00
2010.06.15 07:36:09.709,0.97595,0.97635,9.60,1.00
2010.06.15 07:36:11.748,0.97595,0.9763,9.60,2.40
2010.06.15 07:36:12.020,0.97595,0.9763,5.60,2.40
2010.06.15 07:36:12.509,0.97605,0.97635,1.60,4.10
2010.06.15 07:36:12.838,0.97605,0.97635,1.60,1.00
2010.06.15 07:36:13.828,0.97605,0.9764,1.60,8.10
2010.06.15 07:36:15.309,0.976,0.9763,4.00,1.60
2010.06.15 07:36:15.669,0.97595,0.97635,5.60,4.10
2010.06.15 07:36:15.849,0.97595,0.97635,1.60,8.00
2010.06.15 07:36:16.039,0.97595,0.9763,1.60,2.40
2010.06.15 07:36:16.228,0.9759,0.9763,8.00,2.40
2010.06.15 07:36:16.799,0.9759,0.9763,4.00,6.50
2010.06.15 07:36:17.138,0.97585,0.9763,11.70,10.50
2010.06.15 07:36:17.818,0.97585,0.9763,11.70,10.40
2010.06.15 07:36:18.842,0.97585,0.9763,11.70,10.50
2010.06.15 07:36:19.658,0.97585,0.97625,11.60,1.00
2010.06.15 07:36:19.990,0.9759,0.97625,8.00,1.00
2010.06.15 07:36:20.159,0.9759,0.9763,8.00,2.50
2010.06.15 07:36:20.288,0.9759,0.97625,8.00,1.00
2010.06.15 07:36:20.409,0.9759,0.97625,8.00,1.00
2010.06.15 07:36:20.723,0.97595,0.9763,1.60,8.00
2010.06.15 07:36:20.971,0.97605,0.9763,1.60,4.00
2010.06.15 07:36:21.310,0.97595,0.97625,3.60,4.00
2010.06.15 07:36:21.988,0.97595,0.97625,1.60,4.00
2010.06.15 07:36:23.050,0.97595,0.97625,1.70,4.00
2010.06.15 07:36:23.390,0.97595,0.97625,1.60,4.00
2010.06.15 07:36:23.669,0.97595,0.97625,2.00,4.00
2010.06.15 07:36:23.809,0.97595,0.9763,2.00,8.00
2010.06.15 07:36:24.641,0.97595,0.97635,1.60,8.00
2010.06.15 07:36:24.759,0.97595,0.97635,1.70,8.00
2010.06.15 07:36:24.879,0.97605,0.9764,1.60,9.70
2010.06.15 07:36:25.118,0.97605,0.9764,1.60,8.10
2010.06.15 07:36:25.859,0.97605,0.9764,1.60,8.00
2010.06.15 07:36:27.600,0.97605,0.9764,1.60,10.40
2010.06.15 07:36:27.769,0.97605,0.9764,1.60,10.50
2010.06.15 07:36:27.938,0.97605,0.9764,1.60,10.40
2010.06.15 07:36:28.098,0.97605,0.9764,1.60,8.00
2010.06.15 07:36:28.258,0.97605,0.97645,3.60,8.70
2010.06.15 07:36:28.500,0.97605,0.97645,3.60,8.10
2010.06.15 07:36:29.918,0.97605,0.97645,3.60,8.00
2010.06.15 07:36:30.058,0.97605,0.97645,3.60,8.00
2010.06.15 07:36:30.358,0.9761,0.97645,2.40,4.00
2010.06.15 07:36:30.502,0.9761,0.97645,2.40,8.00
2010.06.15 07:36:31.132,0.9761,0.97645,2.40,4.00
2010.06.15 07:36:31.471,0.9761,0.9765,10.40,2.40
2010.06.15 07:36:32.349,0.9761,0.9765,6.40,2.40
2010.06.15 07:36:33.240,0.9761,0.9765,10.40,2.40
2010.06.15 07:36:36.871,0.9762,0.9765,1.60,2.40
2010.06.15 07:36:37.072,0.9762,0.97655,1.60,4.00
2010.06.15 07:36:37.391,0.9762,0.97665,12.40,9.60
2010.06.15 07:36:37.713,0.97625,0.97665,8.00,1.60
2010.06.15 07:36:38.032,0.97625,0.97665,8.00,1.70
2010.06.15 07:36:38.489,0.9762,0.9766,5.60,6.40
2010.06.15 07:36:39.509,0.9762,0.9766,5.60,6.50
2010.06.15 07:36:40.188,0.9762,0.9766,5.60,6.40
2010.06.15 07:36:40.468,0.97625,0.97665,4.00,5.70
2010.06.15 07:36:40.610,0.97625,0.97665,8.00,1.60
2010.06.15 07:36:40.909,0.9762,0.97665,12.00,9.60
2010.06.15 07:36:41.061,0.97625,0.97665,4.00,5.60
2010.06.15 07:36:41.890,0.97625,0.97665,4.00,5.70
2010.06.15 07:36:43.059,0.97625,0.97665,4.00,5.60
2010.06.15 07:36:43.238,0.9764,0.97665,4.00,1.60
2010.06.15 07:36:43.575,0.9764,0.97675,4.00,3.20
2010.06.15 07:36:43.912,0.9764,0.97675,6.40,1.60
2010.06.15 07:36:44.250,0.97645,0.9769,8.00,9.60
2010.06.15 07:36:44.650,0.9765,0.9769,4.00,5.60
2010.06.15 07:36:44.851,0.97645,0.9769,8.00,9.60
2010.06.15 07:36:46.798,0.97645,0.9769,8.00,9.60
2010.06.15 07:36:46.997,0.97645,0.9769,8.00,9.60
2010.06.15 07:36:48.222,0.9765,0.9769,2.40,8.00
2010.06.15 07:36:48.435,0.9766,0.977,2.40,8.00
2010.06.15 07:36:48.831,0.9767,0.97705,2.40,9.60
2010.06.15 07:36:49.172,0.9767,0.97705,6.40,1.60
2010.06.15 07:36:51.038,0.97675,0.97705,1.00,1.60
2010.06.15 07:36:51.211,0.97675,0.97705,4.00,1.60
2010.06.15 07:36:51.380,0.97675,0.97705,8.10,1.60
2010.06.15 07:36:51.620,0.9768,0.97715,2.40,1.60
2010.06.15 07:36:53.279,0.97675,0.97715,8.00,1.60
2010.06.15 07:36:53.623,0.9767,0.9771,10.40,6.40
2010.06.15 07:36:53.758,0.9767,0.97705,6.40,1.60
2010.06.15 07:36:54.554,0.97665,0.97705,1.00,9.60
2010.06.15 07:36:58.299,0.9767,0.97705,2.50,9.60
2010.06.15 07:36:58.505,0.9767,0.97705,4.10,8.00
2010.06.15 07:36:58.873,0.9767,0.97705,4.00,1.60
2010.06.15 07:36:59.216,0.9767,0.9771,8.90,4.00
2010.06.15 07:36:59.749,0.9767,0.97715,12.90,9.60
2010.06.15 07:37:00.062,0.97675,0.97715,4.10,5.60
2010.06.15 07:37:00.680,0.9768,0.9772,2.50,9.60
2010.06.15 07:37:01.166,0.9768,0.9772,6.50,4.00
2010.06.15 07:37:01.471,0.97685,0.97725,1.00,8.00
2010.06.15 07:37:02.379,0.97695,0.97725,1.00,8.00
2010.06.15 07:37:02.681,0.977,0.97735,2.50,8.80
2010.06.15 07:37:02.981,0.9771,0.9775,2.40,9.70
2010.06.15 07:37:03.323,0.9771,0.9775,3.20,8.00
2010.06.15 07:37:03.660,0.9771,0.9775,3.30,8.00
2010.06.15 07:37:04.281,0.9771,0.9775,3.70,8.00
2010.06.15 07:37:04.882,0.97715,0.9775,1.00,8.00
2010.06.15 07:37:05.079,0.9772,0.9775,2.40,4.00
2010.06.15 07:37:05.695,0.9772,0.9776,3.30,9.60
2010.06.15 07:37:07.025,0.97725,0.9776,1.00,5.60
2010.06.15 07:37:07.240,0.9773,0.9778,2.90,10.80
2010.06.15 07:37:07.460,0.9774,0.9778,2.40,10.40
2010.06.15 07:37:07.682,0.9774,0.9778,2.40,8.00
2010.06.15 07:37:08.462,0.97745,0.97785,4.00,4.00
2010.06.15 07:37:08.803,0.9774,0.9778,6.40,4.00
2010.06.15 07:37:09.168,0.9774,0.9778,6.40,2.40
2010.06.15 07:37:09.443,0.97735,0.9778,12.00,7.50
2010.06.15 07:37:09.739,0.97735,0.9778,8.00,12.80
2010.06.15 07:37:10.023,0.9773,0.9777,4.00,6.40
2010.06.15 07:37:10.300,0.9773,0.9777,4.00,8.00
2010.06.15 07:37:10.641,0.9773,0.9777,4.00,8.40
2010.06.15 07:37:11.600,0.9773,0.9776,4.00,2.40
2010.06.15 07:37:11.890,0.9772,0.9776,9.00,4.00
2010.06.15 07:37:12.178,0.9772,0.97765,13.10,8.00
2010.06.15 07:37:12.641,0.97735,0.97765,1.60,4.00
2010.06.15 07:37:12.942,0.9773,0.9777,4.40,8.00
2010.06.15 07:37:14.063,0.9773,0.9776,1.00,1.60
2010.06.15 07:37:14.404,0.9772,0.97755,1.00,9.60
2010.06.15 07:37:14.540,0.97715,0.97755,2.40,9.60
2010.06.15 07:37:14.683,0.9771,0.9775,6.30,6.40
2010.06.15 07:37:15.016,0.97705,0.9775,11.50,10.40
2010.06.15 07:37:15.153,0.97705,0.9775,10.10,10.80
2010.06.15 07:37:15.291,0.97705,0.97745,1.00,8.00
2010.06.15 07:37:15.940,0.977,0.9774,2.50,8.00
2010.06.15 07:37:16.619,0.977,0.9774,2.40,8.00
2010.06.15 07:37:16.870,0.977,0.9774,4.00,8.00
2010.06.15 07:37:17.215,0.97695,0.97735,8.10,4.00
2010.06.15 07:37:17.465,0.97705,0.97745,1.60,5.60
2010.06.15 07:37:17.730,0.97705,0.97745,1.60,9.60
2010.06.15 07:37:18.001,0.977,0.9774,6.40,3.20
2010.06.15 07:37:18.271,0.9769,0.9773,8.10,4.00
2010.06.15 07:37:19.219,0.9769,0.9773,8.00,4.00
2010.06.15 07:37:19.490,0.9769,0.9773,8.10,6.40
2010.06.15 07:37:19.675,0.97715,0.97735,1.60,4.00
2010.06.15 07:37:19.886,0.9771,0.97735,1.60,4.00
2010.06.15 07:37:20.078,0.97705,0.97735,1.60,9.60
2010.06.15 07:37:20.254,0.977,0.97735,2.40,5.60
2010.06.15 07:37:20.432,0.97695,0.9773,1.00,8.00
2010.06.15 07:37:20.800,0.9769,0.9773,4.10,8.00
2010.06.15 07:37:21.141,0.9769,0.97735,12.50,8.00
2010.06.15 07:37:21.481,0.97705,0.9774,1.60,4.00
2010.06.15 07:37:21.884,0.9771,0.97745,2.40,8.00
2010.06.15 07:37:22.220,0.977,0.97745,8.10,9.60
2010.06.15 07:37:22.559,0.977,0.9774,2.50,8.00
2010.06.15 07:37:22.900,0.97695,0.9773,8.50,2.40
2010.06.15 07:37:23.169,0.97695,0.9773,1.60,2.40
2010.06.15 07:37:23.531,0.97695,0.97735,2.10,8.00
2010.06.15 07:37:23.807,0.97715,0.9774,1.60,8.00
2010.06.15 07:37:24.020,0.9771,0.97745,2.40,8.00
2010.06.15 07:37:24.630,0.977,0.97745,10.90,8.00
2010.06.15 07:37:24.841,0.97705,0.97745,1.70,8.00
2010.06.15 07:37:25.183,0.9771,0.9775,2.40,10.40
2010.06.15 07:37:25.697,0.97705,0.9775,9.60,10.50
2010.06.15 07:37:26.046,0.9771,0.9775,2.80,10.40
2010.06.15 07:37:26.370,0.97705,0.97745,4.00,4.00
2010.06.15 07:37:26.700,0.977,0.97745,10.90,8.00
2010.06.15 07:37:27.033,0.97705,0.97745,4.00,4.10
2010.06.15 07:37:27.369,0.977,0.97745,10.80,9.70
2010.06.15 07:37:27.709,0.977,0.97745,10.80,9.60
2010.06.15 07:37:28.048,0.977,0.97745,10.90,9.70
2010.06.15 07:37:28.667,0.977,0.97745,10.90,8.10
2010.06.15 07:37:28.979,0.97705,0.97745,8.40,1.00
2010.06.15 07:37:29.670,0.97705,0.97745,8.00,5.60
2010.06.15 07:37:29.939,0.977,0.97745,10.50,8.00
2010.06.15 07:37:30.259,0.97705,0.97745,4.00,4.00
2010.06.15 07:37:31.560,0.977,0.9774,6.50,4.00
2010.06.15 07:37:33.288,0.977,0.97745,10.50,9.60
2010.06.15 07:37:33.508,0.977,0.97745,10.50,9.70
2010.06.15 07:37:37.228,0.977,0.97745,10.40,9.70
2010.06.15 07:37:37.648,0.977,0.97745,10.40,9.60
2010.06.15 07:37:37.860,0.977,0.9774,10.40,1.00
2010.06.15 07:37:38.121,0.977,0.97745,10.50,9.60
2010.06.15 07:37:38.238,0.977,0.97745,10.40,9.70
2010.06.15 07:37:38.513,0.977,0.9774,8.00,2.40
2010.06.15 07:37:38.641,0.977,0.9774,4.00,2.50
2010.06.15 07:37:38.760,0.977,0.9774,4.00,2.40
2010.06.15 07:37:39.778,0.977,0.97735,4.00,1.00
2010.06.15 07:37:40.150,0.97695,0.9774,12.40,11.20
2010.06.15 07:37:40.341,0.97695,0.97735,2.40,8.00
2010.06.15 07:37:40.528,0.9769,0.97735,8.50,8.00
2010.06.15 07:37:40.708,0.97695,0.97735,1.00,8.00
2010.06.15 07:37:40.888,0.97695,0.9773,1.00,4.00
2010.06.15 07:37:41.288,0.9769,0.9773,8.50,4.00
2010.06.15 07:37:41.689,0.9769,0.9773,8.40,4.00
2010.06.15 07:37:43.135,0.9769,0.9773,8.40,6.40
2010.06.15 07:37:43.362,0.9769,0.9773,12.40,2.40
2010.06.15 07:37:43.582,0.9769,0.9773,4.50,10.40
2010.06.15 07:37:43.801,0.9769,0.9773,12.50,2.40
2010.06.15 07:37:44.660,0.977,0.97735,1.60,8.80
2010.06.15 07:37:44.989,0.977,0.9774,5.60,7.30
2010.06.15 07:37:45.740,0.977,0.9773,1.60,1.00
2010.06.15 07:37:46.162,0.97695,0.9773,3.20,4.00
2010.06.15 07:37:46.369,0.97695,0.9773,1.60,12.00
2010.06.15 07:37:46.579,0.97695,0.9773,1.60,8.00
2010.06.15 07:37:47.101,0.97685,0.9773,10.00,10.50
2010.06.15 07:37:47.440,0.97685,0.9773,10.60,10.40
2010.06.15 07:37:47.780,0.9769,0.9773,4.00,4.00
2010.06.15 07:37:48.119,0.9769,0.97735,4.00,8.40
2010.06.15 07:37:48.440,0.9769,0.97735,8.00,8.50
2010.06.15 07:37:48.758,0.9769,0.9773,4.00,4.00
2010.06.15 07:37:49.069,0.977,0.97735,4.00,1.00
2010.06.15 07:37:49.389,0.977,0.97735,1.60,9.70
2010.06.15 07:37:50.215,0.9769,0.97725,5.20,2.40
2010.06.15 07:37:50.382,0.9769,0.97715,2.40,1.60
2010.06.15 07:37:50.550,0.97685,0.97715,4.00,1.60
2010.06.15 07:37:50.747,0.9768,0.97715,2.40,1.60
2010.06.15 07:37:50.917,0.9768,0.97715,1.60,2.00
2010.06.15 07:37:51.080,0.9768,0.97715,1.60,2.40
2010.06.15 07:37:51.250,0.9768,0.97715,1.60,2.60
2010.06.15 07:37:51.599,0.9768,0.97715,12.00,1.00
2010.06.15 07:37:51.939,0.9768,0.9772,8.00,2.40
2010.06.15 07:37:52.277,0.9768,0.9772,5.60,2.40
2010.06.15 07:37:52.998,0.9768,0.9772,5.60,2.50
2010.06.15 07:37:53.478,0.9768,0.97715,5.60,1.60
2010.06.15 07:37:54.927,0.9768,0.97715,5.60,1.70
2010.06.15 07:37:55.248,0.9768,0.97715,5.60,1.00
2010.06.15 07:37:56.048,0.9768,0.97715,5.60,1.00
2010.06.15 07:37:56.468,0.9768,0.9771,5.60,1.00
2010.06.15 07:37:56.681,0.9768,0.97715,1.60,9.60
2010.06.15 07:37:56.932,0.97675,0.9771,2.70,2.40
2010.06.15 07:37:57.181,0.9768,0.9772,4.00,7.20
2010.06.15 07:37:57.699,0.97675,0.9772,10.00,10.40
2010.06.15 07:37:57.959,0.9768,0.9772,6.40,4.10
2010.06.15 07:37:58.223,0.97685,0.97725,4.00,5.70
2010.06.15 07:37:58.479,0.97685,0.97725,8.00,1.00
2010.06.15 07:37:58.800,0.9769,0.9773,2.40,8.10
2010.06.15 07:37:59.119,0.9769,0.9773,6.40,8.10
2010.06.15 07:37:59.439,0.9769,0.97735,6.40,9.70
2010.06.15 07:37:59.760,0.9769,0.97735,8.90,9.60
2010.06.15 07:38:00.049,0.97695,0.97735,1.00,9.60
2010.06.15 07:38:00.277,0.9771,0.97735,2.40,9.60
2010.06.15 07:38:00.502,0.977,0.97735,2.40,9.60
2010.06.15 07:38:00.842,0.977,0.9774,2.40,12.30
2010.06.15 07:38:01.182,0.9771,0.9774,2.40,10.50
2010.06.15 07:38:01.521,0.9771,0.97745,2.40,10.00
2010.06.15 07:38:01.859,0.97705,0.9774,2.40,4.00
2010.06.15 07:38:02.199,0.97705,0.9774,1.60,8.00
2010.06.15 07:38:02.739,0.97705,0.9774,2.40,1.00
2010.06.15 07:38:02.949,0.97705,0.9774,1.60,8.10
2010.06.15 07:38:03.159,0.977,0.9774,2.80,9.70
2010.06.15 07:38:03.372,0.977,0.97735,2.40,1.60
2010.06.15 07:38:06.059,0.97695,0.97735,9.60,1.70
2010.06.15 07:38:06.168,0.97695,0.97735,9.60,1.60
2010.06.15 07:38:07.288,0.97695,0.97735,9.60,1.70
2010.06.15 07:38:07.629,0.97695,0.97735,9.60,1.60
2010.06.15 07:38:09.271,0.977,0.97735,2.40,1.60
2010.06.15 07:38:09.898,0.977,0.97735,2.40,1.70
2010.06.15 07:38:10.497,0.977,0.97735,2.40,1.60
2010.06.15 07:38:10.994,0.97695,0.97735,9.60,1.70
2010.06.15 07:38:11.278,0.97695,0.97735,9.70,1.60
2010.06.15 07:38:13.480,0.977,0.97735,2.40,1.70
2010.06.15 07:38:13.788,0.977,0.97735,2.40,1.60
2010.06.15 07:38:14.117,0.977,0.97735,2.40,1.60
2010.06.15 07:38:17.299,0.97695,0.97735,9.60,1.70
2010.06.15 07:38:17.901,0.97695,0.97735,9.70,1.60
2010.06.15 07:38:18.159,0.97705,0.9774,1.60,4.10
2010.06.15 07:38:18.919,0.977,0.9774,1.00,12.10
2010.06.15 07:38:19.498,0.977,0.97735,1.00,1.00
2010.06.15 07:38:19.668,0.977,0.9774,1.00,12.00
2010.06.15 07:38:19.839,0.9771,0.9774,1.60,10.40
2010.06.15 07:38:20.175,0.977,0.97735,6.40,1.00
2010.06.15 07:38:20.430,0.977,0.97735,10.40,1.00
2010.06.15 07:38:20.688,0.9769,0.9773,4.00,8.40
2010.06.15 07:38:20.931,0.9768,0.97725,6.80,8.00
2010.06.15 07:38:21.273,0.97685,0.9772,1.60,4.40
2010.06.15 07:38:21.612,0.97675,0.9772,10.80,8.00
2010.06.15 07:38:21.951,0.9768,0.97725,6.40,8.40
2010.06.15 07:38:22.288,0.9768,0.97725,6.40,8.00
2010.06.15 07:38:22.628,0.9768,0.9772,2.40,8.00
2010.06.15 07:38:22.970,0.9768,0.97725,6.40,8.10
2010.06.15 07:38:23.431,0.97675,0.9772,9.60,4.50
2010.06.15 07:38:23.738,0.9768,0.97715,2.40,8.00
2010.06.15 07:38:25.458,0.97675,0.97715,1.60,9.60
2010.06.15 07:38:25.598,0.97675,0.97715,9.60,1.60
2010.06.15 07:38:26.019,0.97675,0.97715,9.70,1.60
2010.06.15 07:38:27.083,0.9768,0.97715,8.00,1.60
2010.06.15 07:38:27.379,0.9768,0.97715,10.40,1.60
2010.06.15 07:38:28.341,0.9768,0.97715,10.80,1.60
2010.06.15 07:38:28.612,0.97685,0.9772,1.60,2.00
2010.06.15 07:38:28.884,0.97695,0.9772,1.60,1.60
2010.06.15 07:38:29.153,0.97695,0.97725,1.60,1.00
2010.06.15 07:38:29.419,0.97695,0.9773,1.60,10.50
2010.06.15 07:38:29.690,0.97695,0.9773,1.60,6.50
2010.06.15 07:38:31.579,0.977,0.9773,2.40,5.60
2010.06.15 07:38:32.158,0.977,0.9773,2.50,5.60
2010.06.15 07:38:32.499,0.977,0.97725,2.40,1.60
2010.06.15 07:38:32.841,0.97695,0.97725,1.60,4.00
2010.06.15 07:38:33.249,0.977,0.9773,1.60,1.00
2010.06.15 07:38:33.590,0.977,0.9773,2.40,4.00
2010.06.15 07:38:33.930,0.9769,0.9773,3.30,8.00
2010.06.15 07:38:34.271,0.9769,0.97735,7.30,8.00
2010.06.15 07:38:35.488,0.9769,0.97735,7.20,8.00
2010.06.15 07:38:36.229,0.9769,0.97735,7.30,8.00
2010.06.15 07:38:36.499,0.9769,0.9773,3.30,4.00
2010.06.15 07:38:36.638,0.9769,0.9773,3.30,8.00
2010.06.15 07:38:37.559,0.97695,0.9773,5.60,5.60
2010.06.15 07:38:37.900,0.9769,0.9773,6.50,8.00
2010.06.15 07:38:38.241,0.9769,0.9773,2.50,8.00
2010.06.15 07:38:38.889,0.9769,0.9773,2.40,8.00
2010.06.15 07:38:39.251,0.97695,0.9773,1.00,8.00
2010.06.15 07:38:39.363,0.97695,0.9773,1.60,9.70
2010.06.15 07:38:39.469,0.97685,0.9772,6.70,1.60
2010.06.15 07:38:39.582,0.97685,0.9772,2.40,1.60
2010.06.15 07:38:39.689,0.97685,0.97725,1.70,10.40
2010.06.15 07:38:40.050,0.97685,0.9772,9.60,4.00
2010.06.15 07:38:40.390,0.9768,0.9772,2.40,12.00
2010.06.15 07:38:40.729,0.9768,0.9772,6.40,8.00
2010.06.15 07:38:41.409,0.9768,0.9772,2.40,12.00
2010.06.15 07:38:41.749,0.9768,0.9772,6.40,8.10
2010.06.15 07:38:42.090,0.9768,0.9772,2.50,9.60
2010.06.15 07:38:42.228,0.9768,0.9772,2.50,12.00
2010.06.15 07:38:42.562,0.9768,0.97725,6.50,8.00
2010.06.15 07:38:43.038,0.9768,0.9772,6.50,4.00
2010.06.15 07:38:43.580,0.97685,0.97725,6.00,4.00
2010.06.15 07:38:43.919,0.97685,0.9773,10.00,10.50
2010.06.15 07:38:44.934,0.97685,0.9772,6.00,2.40
2010.06.15 07:38:45.271,0.97685,0.9772,1.60,2.40
2010.06.15 07:38:45.489,0.97685,0.97725,1.60,10.00
2010.06.15 07:38:46.839,0.97685,0.97725,1.70,10.00
2010.06.15 07:38:47.102,0.9769,0.97725,1.60,6.00
2010.06.15 07:38:47.362,0.97685,0.97725,5.60,2.50
2010.06.15 07:38:47.621,0.97685,0.97725,9.70,2.00
2010.06.15 07:38:47.881,0.97685,0.97725,9.60,2.00
2010.06.15 07:38:48.693,0.97695,0.9773,2.00,13.30
2010.06.15 07:38:49.109,0.97695,0.9774,10.00,12.50
2010.06.15 07:38:49.407,0.97695,0.97735,6.00,4.00
2010.06.15 07:38:49.661,0.97695,0.9774,10.00,12.50
2010.06.15 07:38:49.910,0.97695,0.97735,10.00,1.00
2010.06.15 07:38:50.591,0.97695,0.9773,10.00,1.00
2010.06.15 07:38:50.852,0.97695,0.9773,2.00,1.60
2010.06.15 07:38:51.114,0.97695,0.9773,2.00,4.10
2010.06.15 07:38:51.388,0.97695,0.97725,2.00,1.00
2010.06.15 07:38:51.644,0.9769,0.97725,1.00,1.00
2010.06.15 07:38:51.993,0.9769,0.9773,1.00,12.80
2010.06.15 07:38:52.489,0.9769,0.9773,4.50,8.00
2010.06.15 07:38:52.725,0.9769,0.9773,1.00,12.10
2010.06.15 07:38:53.189,0.9769,0.9773,1.00,12.00
2010.06.15 07:38:53.652,0.9769,0.97725,1.00,1.00
2010.06.15 07:38:53.992,0.97685,0.9773,10.90,14.10
2010.06.15 07:38:54.334,0.97685,0.9772,1.60,5.60
2010.06.15 07:38:54.681,0.97685,0.9772,1.60,4.00
2010.06.15 07:38:55.020,0.97685,0.97725,1.60,8.00
2010.06.15 07:38:55.746,0.97685,0.97725,1.70,8.00
2010.06.15 07:38:56.012,0.97685,0.9772,5.60,1.60
2010.06.15 07:38:56.270,0.97685,0.97725,1.60,8.90
2010.06.15 07:38:56.626,0.97685,0.9772,1.60,2.40
2010.06.15 07:38:56.892,0.9768,0.9772,3.50,10.40
2010.06.15 07:38:57.231,0.9769,0.9773,8.70,4.00
2010.06.15 07:38:57.569,0.9769,0.9773,8.00,1.60
2010.06.15 07:38:57.910,0.9769,0.97735,8.40,10.40
2010.06.15 07:38:58.250,0.9769,0.97735,8.50,8.00
2010.06.15 07:38:59.729,0.9769,0.97735,8.40,8.80
2010.06.15 07:38:59.859,0.9769,0.9773,8.40,2.40
2010.06.15 07:39:00.111,0.9769,0.97725,1.00,4.00
2010.06.15 07:39:00.240,0.97685,0.9773,10.80,10.40
2010.06.15 07:39:00.368,0.97685,0.9773,10.00,10.40
2010.06.15 07:39:02.028,0.97685,0.9773,10.10,10.50
2010.06.15 07:39:02.649,0.97685,0.97725,10.00,1.00
2010.06.15 07:39:03.249,0.97685,0.97725,8.40,1.00
2010.06.15 07:39:03.368,0.97685,0.97725,4.40,4.10
2010.06.15 07:39:03.488,0.97685,0.97725,1.00,8.10
2010.06.15 07:39:04.892,0.97685,0.9772,9.60,2.40
2010.06.15 07:39:05.019,0.97685,0.97725,9.60,1.00
2010.06.15 07:39:05.149,0.97685,0.9772,8.00,4.10
2010.06.15 07:39:05.408,0.97685,0.9772,4.00,4.10
2010.06.15 07:39:05.780,0.9768,0.97715,4.00,1.00
2010.06.15 07:39:06.120,0.97675,0.97715,10.00,1.00
2010.06.15 07:39:10.720,0.97675,0.9771,5.60,4.90
2010.06.15 07:39:10.999,0.97665,0.9771,10.10,14.10
2010.06.15 07:39:11.209,0.97665,0.9771,10.10,11.30
2010.06.15 07:39:11.628,0.97665,0.9771,10.10,10.50
2010.06.15 07:39:12.161,0.97665,0.9771,10.10,10.40
2010.06.15 07:39:12.751,0.9767,0.9771,4.00,6.50
2010.06.15 07:39:13.050,0.9767,0.9771,6.40,2.50
2010.06.15 07:39:13.339,0.97675,0.9771,1.60,2.50
2010.06.15 07:39:13.634,0.9767,0.9771,4.00,2.50
2010.06.15 07:39:13.919,0.9767,0.9771,4.00,6.50
2010.06.15 07:39:14.785,0.97665,0.9771,10.10,6.50
2010.06.15 07:39:15.009,0.9767,0.9771,4.00,6.50
2010.06.15 07:39:16.540,0.97665,0.9771,10.10,10.50
2010.06.15 07:39:17.134,0.9767,0.9771,10.50,2.40
2010.06.15 07:39:17.313,0.97675,0.97715,1.00,8.00
2010.06.15 07:39:17.483,0.9768,0.97715,2.40,4.00
2010.06.15 07:39:18.010,0.9768,0.9772,2.40,12.10
2010.06.15 07:39:18.350,0.9768,0.9772,6.40,8.10
2010.06.15 07:39:19.868,0.9768,0.97715,6.40,1.00
2010.06.15 07:39:20.105,0.97675,0.97715,9.60,1.00
2010.06.15 07:39:20.210,0.97675,0.9772,9.70,12.10
2010.06.15 07:39:22.194,0.97675,0.97715,9.60,1.00
2010.06.15 07:39:22.459,0.97675,0.97715,5.60,4.10
2010.06.15 07:39:23.818,0.97675,0.97715,9.60,1.00
2010.06.15 07:39:25.810,0.97675,0.97715,5.60,4.10
2010.06.15 07:39:25.876,0.97675,0.97715,5.70,4.00
2010.06.15 07:39:25.897,0.97675,0.97715,1.70,8.00
2010.06.15 07:39:26.133,0.97675,0.97715,5.60,4.00
2010.06.15 07:39:27.590,0.9768,0.97715,2.40,4.00
2010.06.15 07:39:28.038,0.9768,0.9772,2.40,12.10
2010.06.15 07:39:28.088,0.9768,0.9772,6.40,8.10
2010.06.15 07:39:28.139,0.9768,0.9772,6.40,8.00
2010.06.15 07:39:28.248,0.9768,0.9772,6.40,8.10
2010.06.15 07:39:29.508,0.9768,0.9772,6.40,5.70
2010.06.15 07:39:29.849,0.9768,0.97725,10.40,8.10
2010.06.15 07:39:30.501,0.9768,0.97725,10.50,8.10
2010.06.15 07:39:30.929,0.97685,0.9773,9.60,14.70
2010.06.15 07:39:31.369,0.9769,0.9773,4.00,6.70
2010.06.15 07:39:31.674,0.9769,0.9773,4.00,10.00
2010.06.15 07:39:32.019,0.9769,0.9773,4.00,10.10
2010.06.15 07:39:32.360,0.97695,0.9773,8.00,6.70
2010.06.15 07:39:33.265,0.97695,0.97725,8.00,1.00
2010.06.15 07:39:33.570,0.97695,0.97725,8.00,1.00
2010.06.15 07:39:33.712,0.97695,0.9772,8.00,1.60
2010.06.15 07:39:33.931,0.9769,0.9772,8.00,1.60
2010.06.15 07:39:34.372,0.97695,0.9772,4.00,1.60
2010.06.15 07:39:34.593,0.9769,0.9772,8.00,1.60
2010.06.15 07:39:35.152,0.9769,0.97725,4.00,2.00
2010.06.15 07:39:35.493,0.977,0.97725,8.00,1.60
2010.06.15 07:39:35.831,0.97705,0.9774,8.00,4.00
2010.06.15 07:39:36.170,0.9771,0.9774,4.00,4.00
2010.06.15 07:39:36.576,0.97715,0.9774,4.00,1.60
2010.06.15 07:39:36.632,0.9771,0.9775,8.00,3.30
2010.06.15 07:39:36.862,0.9771,0.97745,8.00,1.00
2010.06.15 07:39:37.200,0.9771,0.9775,8.00,2.50
2010.06.15 07:39:38.108,0.9771,0.97745,8.00,1.00
2010.06.15 07:39:38.339,0.9771,0.9774,8.00,2.40
2010.06.15 07:39:38.568,0.9771,0.9774,4.00,2.40
2010.06.15 07:39:39.029,0.977,0.9774,8.00,2.40
2010.06.15 07:39:42.336,0.977,0.97745,8.00,9.60
2010.06.15 07:39:42.524,0.977,0.9774,4.00,2.40
2010.06.15 07:39:44.062,0.9769,0.9773,9.20,4.00
2010.06.15 07:39:44.295,0.97695,0.9774,8.00,10.40
2010.06.15 07:39:44.522,0.97695,0.97735,4.00,4.00
2010.06.15 07:39:44.752,0.9769,0.97735,10.40,8.00
2010.06.15 07:39:45.155,0.97695,0.9774,8.00,10.40
2010.06.15 07:39:46.280,0.97695,0.9773,4.00,2.40
2010.06.15 07:39:46.760,0.9769,0.9773,4.00,6.40
2010.06.15 07:39:47.013,0.97685,0.9773,8.00,10.40
2010.06.15 07:39:47.263,0.97685,0.97725,4.00,4.00
2010.06.15 07:39:47.511,0.9768,0.97725,10.80,8.00
2010.06.15 07:39:47.851,0.97685,0.9773,8.00,10.40
2010.06.15 07:39:48.868,0.97685,0.9773,8.00,10.50
2010.06.15 07:39:49.998,0.97685,0.97725,8.00,1.00
2010.06.15 07:39:50.208,0.97685,0.9773,8.00,10.50
2010.06.15 07:39:51.289,0.9768,0.97725,6.90,8.00
2010.06.15 07:39:51.449,0.9768,0.9772,6.80,2.40
2010.06.15 07:39:53.838,0.9768,0.9772,10.80,2.40
2010.06.15 07:39:55.990,0.9768,0.9772,6.80,2.40
2010.06.15 07:39:56.079,0.9768,0.97725,10.80,8.00
2010.06.15 07:39:57.628,0.9768,0.97725,10.80,8.00
2010.06.15 07:39:57.968,0.9768,0.97725,10.80,8.00
2010.06.15 07:39:58.079,0.97685,0.9773,8.00,10.40
2010.06.15 07:39:58.454,0.97685,0.97725,8.00,1.00
2010.06.15 07:39:58.569,0.97685,0.9773,8.00,10.40
2010.06.15 07:39:59.356,0.9768,0.97725,10.80,8.00
2010.06.15 07:39:59.711,0.9768,0.9772,4.00,10.40
2010.06.15 07:40:00.050,0.97675,0.9772,8.40,10.40
2010.06.15 07:40:01.150,0.97675,0.9772,8.00,10.40
2010.06.15 07:40:02.848,0.97675,0.9772,8.00,10.50
2010.06.15 07:40:03.940,0.97675,0.9772,8.00,10.40
2010.06.15 07:40:04.078,0.97675,0.9772,8.00,10.50
2010.06.15 07:40:04.209,0.97675,0.97705,8.00,1.60
2010.06.15 07:40:04.349,0.9767,0.97705,1.60,1.60
2010.06.15 07:40:04.705,0.97675,0.97715,8.00,1.00
2010.06.15 07:40:04.899,0.97675,0.9771,4.00,2.40
2010.06.15 07:40:05.081,0.9767,0.97715,8.00,8.00
2010.06.15 07:40:05.262,0.9767,0.9771,8.00,1.00
2010.06.15 07:40:05.602,0.97665,0.9771,8.00,10.40
2010.06.15 07:40:06.281,0.9767,0.9771,8.00,2.40
2010.06.15 07:40:07.123,0.97675,0.977,4.00,6.40
2010.06.15 07:40:07.460,0.9767,0.97715,8.00,8.40
2010.06.15 07:40:07.801,0.9768,0.9772,10.40,2.90
2010.06.15 07:40:08.141,0.97685,0.9773,8.00,8.00
2010.06.15 07:40:08.579,0.9768,0.97725,14.00,8.00
2010.06.15 07:40:08.924,0.9769,0.9773,4.00,4.00
2010.06.15 07:40:09.261,0.97695,0.97735,4.00,4.00
2010.06.15 07:40:09.795,0.97695,0.97735,4.00,4.10
2010.06.15 07:40:10.115,0.97695,0.97735,8.00,1.00
2010.06.15 07:40:10.433,0.9769,0.97735,8.00,8.00
2010.06.15 07:40:10.774,0.97695,0.9774,8.00,8.00
2010.06.15 07:40:11.121,0.9771,0.9775,4.00,4.00
2010.06.15 07:40:11.459,0.97705,0.97745,4.00,4.00
2010.06.15 07:40:12.631,0.977,0.9774,4.00,4.00
2010.06.15 07:40:14.701,0.9772,0.97755,1.00,1.00
2010.06.15 07:40:15.029,0.97715,0.97745,4.70,4.00
2010.06.15 07:40:15.195,0.97715,0.97745,1.00,4.00
2010.06.15 07:40:15.345,0.97715,0.9775,1.00,4.00
2010.06.15 07:40:15.491,0.97715,0.9776,8.40,11.30
2010.06.15 07:40:15.834,0.9772,0.97765,8.00,8.40
2010.06.15 07:40:16.172,0.97715,0.9776,9.00,10.40
2010.06.15 07:40:16.509,0.97715,0.9776,8.40,10.40
2010.06.15 07:40:16.851,0.9772,0.9776,1.00,8.00
2010.06.15 07:40:17.188,0.97725,0.97765,4.00,4.00
2010.06.15 07:40:17.721,0.97725,0.97765,4.00,4.10
2010.06.15 07:40:18.159,0.97725,0.97765,4.00,4.80
2010.06.15 07:40:18.289,0.97715,0.9776,8.40,8.00
2010.06.15 07:40:18.408,0.97715,0.9776,8.40,10.40
2010.06.15 07:40:19.218,0.97715,0.9776,8.40,10.50
2010.06.15 07:40:20.519,0.97715,0.9776,8.50,10.40
2010.06.15 07:40:20.863,0.97725,0.9777,8.00,11.70
2010.06.15 07:40:21.126,0.9773,0.9777,10.40,1.00
2010.06.15 07:40:21.397,0.9773,0.97775,10.40,8.00
2010.06.15 07:40:21.795,0.9773,0.97775,8.00,8.80
2010.06.15 07:40:22.063,0.97735,0.97775,4.00,4.00
2010.06.15 07:40:22.400,0.9773,0.97775,10.40,8.00
2010.06.15 07:40:22.739,0.97735,0.97775,4.00,4.00
2010.06.15 07:40:23.080,0.9773,0.97775,10.40,8.00
2010.06.15 07:40:23.408,0.9773,0.97775,10.40,8.10
2010.06.15 07:40:23.738,0.9773,0.97775,10.50,8.10
2010.06.15 07:40:24.368,0.9773,0.9777,10.40,1.00
2010.06.15 07:40:24.698,0.97735,0.9777,8.00,1.00
2010.06.15 07:40:24.789,0.9773,0.97775,10.40,8.00
2010.06.15 07:40:24.887,0.9773,0.9777,10.40,1.00
2010.06.15 07:40:26.399,0.9773,0.97775,10.80,8.10
2010.06.15 07:40:26.489,0.97735,0.97775,4.00,4.10
2010.06.15 07:40:26.749,0.97735,0.97775,9.60,1.00
2010.06.15 07:40:26.854,0.9774,0.9778,6.40,5.60
2010.06.15 07:40:26.949,0.9774,0.9778,10.40,1.70
2010.06.15 07:40:27.040,0.9774,0.9778,8.00,4.10
2010.06.15 07:40:27.129,0.9774,0.9778,8.00,2.40
2010.06.15 07:40:27.469,0.9774,0.97785,10.40,9.70
2010.06.15 07:40:28.828,0.9774,0.9778,10.40,1.00
2010.06.15 07:40:29.233,0.9774,0.9778,4.00,6.40
2010.06.15 07:40:29.364,0.9774,0.9778,10.40,1.60
2010.06.15 07:40:29.608,0.9774,0.9778,10.40,4.00
2010.06.15 07:40:29.977,0.9774,0.9778,10.40,1.60
2010.06.15 07:40:30.181,0.9775,0.9778,2.40,1.60
2010.06.15 07:40:30.317,0.9776,0.97785,2.40,1.60
2010.06.15 07:40:31.004,0.9776,0.978,8.80,10.40
2010.06.15 07:40:31.363,0.97755,0.978,8.00,8.00
2010.06.15 07:40:31.694,0.97755,0.9779,8.00,3.20
2010.06.15 07:40:32.097,0.97755,0.97785,8.00,1.60
2010.06.15 07:40:32.432,0.97745,0.97785,8.10,1.60
2010.06.15 07:40:33.980,0.97745,0.97785,8.00,1.60
2010.06.15 07:40:34.309,0.97745,0.97785,8.10,1.60
2010.06.15 07:40:35.240,0.9775,0.97785,1.00,1.60
2010.06.15 07:40:35.679,0.97745,0.97785,8.00,1.60
2010.06.15 07:40:35.902,0.97745,0.97785,8.10,1.60
2010.06.15 07:40:36.202,0.97755,0.97785,4.00,1.60
2010.06.15 07:40:36.500,0.97755,0.9779,9.60,1.00
2010.06.15 07:40:36.800,0.9775,0.97785,1.00,1.60
2010.06.15 07:40:37.100,0.97745,0.9778,4.00,4.00
2010.06.15 07:40:37.441,0.9774,0.97785,4.00,8.00
2010.06.15 07:40:37.780,0.97735,0.9778,8.10,8.00
2010.06.15 07:40:38.121,0.97735,0.9778,8.00,10.40
2010.06.15 07:40:38.441,0.97735,0.9778,8.10,8.00
2010.06.15 07:40:38.853,0.97735,0.9778,8.00,8.00
2010.06.15 07:40:39.176,0.97735,0.9777,4.00,2.40
2010.06.15 07:40:39.525,0.9773,0.97775,8.00,8.00
2010.06.15 07:40:39.873,0.9773,0.9777,8.00,2.40
2010.06.15 07:40:40.213,0.97725,0.9777,8.00,10.80
2010.06.15 07:40:40.551,0.9772,0.9776,4.00,6.40
2010.06.15 07:40:41.871,0.9772,0.9776,6.40,4.00
2010.06.15 07:40:42.569,0.9772,0.97755,10.40,1.00
2010.06.15 07:40:42.910,0.9772,0.9776,4.40,2.40
2010.06.15 07:40:43.266,0.97725,0.97765,1.00,8.00
2010.06.15 07:40:43.611,0.9774,0.97775,4.00,4.00
2010.06.15 07:40:43.949,0.9774,0.9778,4.00,6.40
2010.06.15 07:40:44.290,0.9774,0.97775,4.00,1.00
2010.06.15 07:40:44.628,0.9774,0.9778,4.00,6.50
2010.06.15 07:40:44.969,0.9774,0.9778,4.00,6.40
2010.06.15 07:40:45.400,0.9774,0.9778,4.00,6.50
2010.06.15 07:40:46.860,0.9774,0.97775,4.00,1.00
2010.06.15 07:40:47.190,0.97735,0.9777,4.00,2.40
2010.06.15 07:40:47.611,0.97725,0.9776,1.00,6.40
2010.06.15 07:40:47.949,0.9772,0.9776,12.90,2.40
2010.06.15 07:40:48.632,0.9772,0.9776,12.80,2.40
2010.06.15 07:40:48.969,0.9772,0.9776,12.80,2.50
2010.06.15 07:40:49.311,0.9772,0.9776,12.40,2.50
2010.06.15 07:40:49.990,0.9772,0.9776,4.40,6.40
2010.06.15 07:40:50.329,0.9772,0.97765,6.50,9.60
2010.06.15 07:40:50.669,0.97725,0.97765,4.00,1.60
2010.06.15 07:40:50.959,0.97725,0.97765,8.00,1.60
2010.06.15 07:40:51.250,0.9772,0.97765,8.10,9.70
2010.06.15 07:40:52.000,0.9772,0.97765,4.10,9.60
2010.06.15 07:40:52.342,0.97725,0.97765,4.10,9.60
2010.06.15 07:40:52.683,0.97725,0.9776,4.00,6.40
2010.06.15 07:40:53.021,0.97715,0.97755,8.10,1.60
2010.06.15 07:40:53.360,0.97715,0.97755,8.00,1.60
2010.06.15 07:40:53.700,0.97715,0.9776,8.10,8.00
2010.06.15 07:40:54.135,0.9772,0.97765,4.00,10.00
2010.06.15 07:40:54.482,0.97715,0.9776,8.00,8.00
2010.06.15 07:40:56.608,0.97715,0.9776,8.00,8.00
2010.06.15 07:40:56.729,0.97715,0.9776,8.00,8.00
2010.06.15 07:41:00.469,0.9772,0.9776,4.00,4.00
2010.06.15 07:41:01.056,0.9772,0.9776,8.00,4.00
2010.06.15 07:41:01.359,0.9772,0.97765,8.00,10.00
2010.06.15 07:41:03.291,0.9772,0.97765,8.00,9.60
2010.06.15 07:41:03.498,0.97715,0.9776,8.10,8.00
2010.06.15 07:41:04.543,0.9773,0.97765,2.40,8.00
2010.06.15 07:41:04.881,0.9773,0.97775,6.40,11.00
2010.06.15 07:41:05.220,0.97735,0.9778,8.00,13.30
2010.06.15 07:41:05.400,0.97745,0.9778,1.60,10.50
2010.06.15 07:41:05.599,0.97745,0.9778,1.60,10.40
2010.06.15 07:41:05.797,0.9774,0.97775,2.40,1.00
2010.06.15 07:41:05.984,0.9773,0.9777,11.00,2.40
2010.06.15 07:41:06.158,0.9773,0.9777,8.60,2.40
2010.06.15 07:41:06.690,0.97725,0.9777,8.10,10.50
2010.06.15 07:41:07.030,0.9773,0.9777,2.40,10.50
2010.06.15 07:41:07.710,0.9773,0.9777,6.40,2.50
2010.06.15 07:41:08.389,0.9773,0.9777,10.40,2.50
2010.06.15 07:41:09.679,0.9773,0.9777,10.50,2.40
2010.06.15 07:41:10.628,0.97735,0.9777,1.00,2.40
2010.06.15 07:41:10.891,0.97735,0.9777,4.40,4.00
2010.06.15 07:41:11.149,0.9773,0.9777,2.40,8.80
2010.06.15 07:41:11.409,0.9773,0.9777,10.40,2.40
2010.06.15 07:41:13.228,0.9773,0.9777,10.50,2.40
2010.06.15 07:41:13.395,0.9773,0.97755,2.40,8.00
2010.06.15 07:41:13.560,0.97715,0.9775,1.60,1.60
2010.06.15 07:41:13.723,0.9771,0.9775,1.00,10.40
2010.06.15 07:41:13.993,0.97715,0.97755,9.60,1.00
2010.06.15 07:41:14.266,0.9772,0.9776,4.00,2.90
2010.06.15 07:41:14.544,0.9772,0.9776,4.00,8.50
2010.06.15 07:41:14.820,0.9772,0.9776,4.00,6.90
2010.06.15 07:41:15.331,0.9772,0.9776,4.00,6.50
2010.06.15 07:41:15.670,0.9772,0.97755,4.00,1.00
2010.06.15 07:41:16.278,0.9772,0.9776,4.00,6.50
2010.06.15 07:41:16.550,0.97715,0.97755,10.10,1.60
2010.06.15 07:41:16.819,0.97715,0.9776,9.70,12.90
2010.06.15 07:41:17.099,0.9772,0.9776,4.00,6.50
2010.06.15 07:41:19.477,0.9772,0.9776,6.40,1.00
2010.06.15 07:41:21.092,0.97715,0.9776,8.00,10.90
2010.06.15 07:41:21.432,0.97705,0.9774,1.00,4.00
2010.06.15 07:41:21.529,0.9771,0.9774,2.40,4.00
2010.06.15 07:41:21.841,0.9771,0.9774,2.40,1.60
2010.06.15 07:41:21.939,0.977,0.9774,8.50,4.00
2010.06.15 07:41:22.039,0.97705,0.9775,8.00,10.40
2010.06.15 07:41:22.779,0.97705,0.97745,4.00,4.00
2010.06.15 07:41:23.460,0.977,0.97745,10.40,8.00
2010.06.15 07:41:24.200,0.977,0.9774,2.40,9.60
2010.06.15 07:41:24.519,0.97695,0.9774,9.70,12.00
2010.06.15 07:41:24.890,0.97695,0.9774,9.60,12.00
2010.06.15 07:41:25.212,0.97695,0.9774,9.70,12.00
2010.06.15 07:41:25.533,0.977,0.9774,8.00,4.00
2010.06.15 07:41:25.844,0.97705,0.9775,8.00,11.20
2010.06.15 07:41:26.155,0.9771,0.9775,6.40,2.40
2010.06.15 07:41:26.471,0.97705,0.97745,8.00,1.60
2010.06.15 07:41:28.508,0.9771,0.97745,1.60,1.60
2010.06.15 07:41:28.780,0.9771,0.97745,4.00,1.60
2010.06.15 07:41:29.401,0.97715,0.97755,4.00,4.10
2010.06.15 07:41:29.900,0.97715,0.97755,4.00,4.00
2010.06.15 07:41:30.926,0.97715,0.9775,8.00,1.00
2010.06.15 07:41:31.275,0.97695,0.9774,10.00,12.40
2010.06.15 07:41:31.622,0.97695,0.97735,6.70,4.00
2010.06.15 07:41:31.960,0.97695,0.9774,10.00,10.80
2010.06.15 07:41:32.300,0.97695,0.9774,10.00,10.90
2010.06.15 07:41:33.323,0.97695,0.97735,6.60,4.00
2010.06.15 07:41:33.661,0.97695,0.97735,6.60,4.10
2010.06.15 07:41:34.002,0.97695,0.97735,2.00,8.10
2010.06.15 07:41:35.832,0.97695,0.97735,5.60,1.00
2010.06.15 07:41:36.170,0.97695,0.97735,9.60,1.00
2010.06.15 07:41:36.930,0.97695,0.97735,5.60,4.10
2010.06.15 07:41:37.252,0.977,0.97735,8.00,1.00
2010.06.15 07:41:37.590,0.977,0.9774,6.40,6.50
2010.06.15 07:41:37.931,0.97695,0.97735,9.60,1.00
2010.06.15 07:41:39.066,0.977,0.9774,10.40,2.50
2010.06.15 07:41:39.672,0.97705,0.9774,1.60,2.50
2010.06.15 07:41:39.941,0.97705,0.9774,8.00,2.40
2010.06.15 07:41:40.209,0.977,0.9774,13.80,2.50
2010.06.15 07:41:41.000,0.977,0.97735,13.80,1.00
2010.06.15 07:41:41.339,0.977,0.9774,13.80,2.40
2010.06.15 07:41:41.681,0.977,0.9774,13.80,2.50
2010.06.15 07:41:41.991,0.977,0.9773,1.20,12.40
2010.06.15 07:41:42.301,0.977,0.97735,6.40,4.00
2010.06.15 07:41:42.610,0.97695,0.97735,1.60,8.00
2010.06.15 07:41:42.949,0.97695,0.97735,9.60,1.00
2010.06.15 07:41:43.848,0.97695,0.97735,9.60,1.00
2010.06.15 07:41:45.360,0.97695,0.97735,5.60,4.10
2010.06.15 07:41:45.478,0.97695,0.97735,1.60,8.10
2010.06.15 07:41:46.221,0.97695,0.97735,1.60,8.00
2010.06.15 07:41:46.468,0.97705,0.97735,1.60,8.00
2010.06.15 07:41:46.589,0.97705,0.97735,1.60,4.00
2010.06.15 07:41:47.181,0.97705,0.97735,1.60,8.00
2010.06.15 07:41:47.858,0.97705,0.97735,1.60,8.10
2010.06.15 07:41:48.888,0.97705,0.9773,1.60,1.00
2010.06.15 07:41:49.421,0.97705,0.97735,1.60,8.10
2010.06.15 07:41:49.879,0.97705,0.9773,1.60,1.00
2010.06.15 07:41:50.712,0.97695,0.9773,1.60,1.00
2010.06.15 07:41:51.641,0.97695,0.97735,1.60,8.10
2010.06.15 07:41:51.902,0.97695,0.97735,5.60,8.10
2010.06.15 07:41:51.968,0.97695,0.97735,5.60,4.10
2010.06.15 07:41:52.028,0.97695,0.97735,5.60,4.50
2010.06.15 07:41:52.612,0.977,0.97735,2.40,2.10
2010.06.15 07:41:52.950,0.977,0.97735,2.40,2.00
2010.06.15 07:41:54.251,0.977,0.97735,2.40,2.00
2010.06.15 07:41:54.412,0.977,0.9773,2.40,1.60
2010.06.15 07:41:54.572,0.97695,0.9773,1.60,1.60
2010.06.15 07:41:54.910,0.9769,0.9773,6.90,1.60
2010.06.15 07:41:55.060,0.9769,0.9773,2.90,12.00
2010.06.15 07:41:55.221,0.9769,0.97725,2.90,4.00
2010.06.15 07:41:56.228,0.9769,0.97725,2.80,4.00
2010.06.15 07:41:56.569,0.9769,0.97725,2.80,4.00
2010.06.15 07:41:56.750,0.9769,0.97725,1.00,4.00
2010.06.15 07:41:57.289,0.97695,0.97725,1.60,4.00
2010.06.15 07:41:57.971,0.97695,0.9773,1.60,8.10
2010.06.15 07:41:58.310,0.97695,0.9773,1.60,4.00
2010.06.15 07:41:58.692,0.97695,0.97735,1.60,10.50
2010.06.15 07:41:59.029,0.97695,0.97735,1.60,11.70
2010.06.15 07:41:59.959,0.97695,0.97735,5.60,7.70
2010.06.15 07:42:00.467,0.97695,0.9773,5.60,1.00
2010.06.15 07:42:00.652,0.97695,0.9773,4.00,1.00
2010.06.15 07:42:00.843,0.97695,0.9773,4.00,2.40
2010.06.15 07:42:01.204,0.97695,0.97735,5.60,6.50
2010.06.15 07:42:02.224,0.97695,0.97735,5.60,6.10
2010.06.15 07:42:02.570,0.97695,0.9773,4.40,2.40
2010.06.15 07:42:02.910,0.9769,0.9773,10.90,2.80
2010.06.15 07:42:03.250,0.9769,0.9773,4.00,6.80
2010.06.15 07:42:03.590,0.9769,0.9773,10.40,2.90
2010.06.15 07:42:03.929,0.9769,0.9773,6.40,2.80
2010.06.15 07:42:04.269,0.9769,0.9773,6.80,2.50
2010.06.15 07:42:04.610,0.9769,0.97725,10.40,1.60
2010.06.15 07:42:04.949,0.97685,0.97725,9.60,1.60
2010.06.15 07:42:05.431,0.9769,0.97725,10.40,1.60
2010.06.15 07:42:05.579,0.9769,0.97725,6.40,1.60
2010.06.15 07:42:05.730,0.9769,0.9773,10.40,2.90
2010.06.15 07:42:06.000,0.9769,0.9773,6.40,2.50
2010.06.15 07:42:07.488,0.9769,0.9773,6.40,2.40
2010.06.15 07:42:07.830,0.97695,0.97735,9.60,1.60
2010.06.15 07:42:08.798,0.97695,0.97735,9.60,1.70
2010.06.15 07:42:09.478,0.97695,0.9773,9.60,1.00
2010.06.15 07:42:09.819,0.9769,0.9773,6.40,6.50
2010.06.15 07:42:10.818,0.9769,0.9773,6.40,6.40
2010.06.15 07:42:11.666,0.9769,0.9773,6.40,6.50
2010.06.15 07:42:11.803,0.9769,0.97725,6.40,1.00
2010.06.15 07:42:11.930,0.9769,0.97725,2.40,1.00
2010.06.15 07:42:12.332,0.97685,0.97725,11.60,1.00
2010.06.15 07:42:13.738,0.97685,0.97725,10.00,1.00
2010.06.15 07:42:14.103,0.97685,0.97725,10.10,1.60
2010.06.15 07:42:14.300,0.97685,0.9773,12.40,10.50
2010.06.15 07:42:16.512,0.97685,0.9773,12.10,10.50
2010.06.15 07:42:16.539,0.97685,0.97725,8.00,4.10
2010.06.15 07:42:17.083,0.97685,0.97725,8.00,4.00
2010.06.15 07:42:17.141,0.97685,0.97725,8.10,4.00
2010.06.15 07:42:17.509,0.9769,0.97725,2.40,4.00
2010.06.15 07:42:18.450,0.9769,0.9773,6.40,6.40
2010.06.15 07:42:18.900,0.9769,0.9773,2.50,10.40
2010.06.15 07:42:19.131,0.97685,0.97725,9.60,2.00
2010.06.15 07:42:19.711,0.9769,0.97725,2.40,2.00
2010.06.15 07:42:19.991,0.9769,0.9773,6.40,2.40
2010.06.15 07:42:20.272,0.9769,0.9773,4.00,2.50
2010.06.15 07:42:20.549,0.97685,0.9773,8.40,10.50
2010.06.15 07:42:22.756,0.97685,0.9773,8.50,10.40
2010.06.15 07:42:22.958,0.97695,0.9773,1.00,10.40
2010.06.15 07:42:23.058,0.97695,0.9773,6.00,4.00
2010.06.15 07:42:23.159,0.97695,0.97735,10.00,1.60
2010.06.15 07:42:23.529,0.97695,0.9774,10.00,14.70
2010.06.15 07:42:23.811,0.977,0.9774,4.00,10.70
2010.06.15 07:42:24.150,0.97695,0.97735,1.00,8.00
2010.06.15 07:42:24.490,0.9769,0.97735,12.80,9.20
2010.06.15 07:42:24.830,0.97685,0.9773,8.40,10.40
2010.06.15 07:42:25.720,0.9769,0.9773,3.20,8.00
2010.06.15 07:42:25.871,0.97695,0.9773,2.00,8.00
2010.06.15 07:42:26.110,0.977,0.9774,4.00,10.10
2010.06.15 07:42:26.629,0.97695,0.97735,11.60,1.60
2010.06.15 07:42:27.199,0.97695,0.97735,11.60,1.70
2010.06.15 07:42:27.509,0.97695,0.97735,11.60,1.00
2010.06.15 07:42:27.819,0.977,0.9774,2.80,12.10
2010.06.15 07:42:28.132,0.977,0.9774,7.50,2.40
2010.06.15 07:42:28.471,0.9771,0.9775,2.00,11.00
2010.06.15 07:42:28.810,0.9771,0.9775,12.40,1.00
2010.06.15 07:42:31.500,0.9772,0.9775,1.60,4.10
2010.06.15 07:42:31.673,0.9772,0.97755,1.60,1.70
2010.06.15 07:42:31.841,0.97715,0.97755,10.00,1.70
2010.06.15 07:42:32.010,0.97715,0.97755,6.00,5.70
2010.06.15 07:42:32.179,0.97715,0.97755,2.00,9.70
2010.06.15 07:42:32.520,0.97715,0.97755,2.40,9.70
2010.06.15 07:42:32.858,0.97715,0.97755,2.40,9.60
2010.06.15 07:42:33.201,0.97715,0.97755,6.60,5.70
2010.06.15 07:42:37.681,0.97715,0.97755,10.50,1.00
2010.06.15 07:42:40.189,0.97715,0.97745,10.50,1.60
2010.06.15 07:42:40.368,0.9772,0.97745,2.80,1.60
2010.06.15 07:42:40.731,0.9772,0.97755,2.80,1.00
2010.06.15 07:42:41.070,0.9772,0.97755,1.00,1.00
2010.06.15 07:42:41.410,0.9772,0.9776,2.80,10.50
2010.06.15 07:42:45.009,0.9772,0.9776,2.80,10.40
2010.06.15 07:42:45.198,0.9772,0.9776,2.80,10.50
2010.06.15 07:42:46.299,0.97715,0.97755,12.80,1.00
2010.06.15 07:42:46.509,0.97715,0.97755,4.40,8.50
2010.06.15 07:42:46.718,0.97715,0.97755,3.60,10.10
2010.06.15 07:42:47.398,0.97715,0.9775,3.60,1.00
2010.06.15 07:42:48.219,0.97715,0.97745,3.20,1.00
2010.06.15 07:42:48.284,0.97715,0.97745,1.60,1.00
2010.06.15 07:42:48.410,0.97715,0.97745,1.60,8.40
2010.06.15 07:42:48.812,0.97705,0.97745,1.60,10.00
2010.06.15 07:42:49.419,0.97705,0.97745,1.60,10.10
2010.06.15 07:42:50.100,0.97705,0.97745,2.00,9.70
2010.06.15 07:42:50.285,0.97705,0.97745,10.00,1.70
2010.06.15 07:42:50.450,0.97705,0.97745,10.00,1.00
2010.06.15 07:42:50.778,0.97705,0.9775,10.00,10.40
2010.06.15 07:42:50.939,0.97705,0.97745,10.00,1.00
2010.06.15 07:42:51.278,0.97705,0.9774,10.00,1.60
2010.06.15 07:42:51.459,0.97705,0.9774,2.00,1.60
2010.06.15 07:42:51.840,0.97705,0.97745,2.00,8.10
2010.06.15 07:42:52.975,0.97705,0.9774,2.00,1.00
2010.06.15 07:42:53.228,0.97705,0.97745,2.00,8.10
2010.06.15 07:42:53.479,0.97705,0.9774,2.00,1.00
2010.06.15 07:42:53.680,0.97705,0.9774,1.60,1.00
2010.06.15 07:42:53.891,0.97705,0.9774,1.60,6.50
2010.06.15 07:42:54.293,0.977,0.9774,6.80,4.00
2010.06.15 07:42:54.489,0.977,0.97745,10.80,11.20
2010.06.15 07:42:54.761,0.977,0.97745,10.80,8.10
2010.06.15 07:42:56.288,0.977,0.97745,10.90,8.10
2010.06.15 07:42:56.661,0.977,0.9774,10.80,1.00
2010.06.15 07:42:56.930,0.977,0.9774,4.00,6.90
2010.06.15 07:42:58.712,0.977,0.9774,4.00,8.50
2010.06.15 07:42:58.996,0.977,0.9774,4.00,8.40
2010.06.15 07:42:59.209,0.977,0.9774,4.00,6.80
2010.06.15 07:42:59.683,0.977,0.97735,4.00,1.00
2010.06.15 07:42:59.902,0.97695,0.9773,11.60,2.40
2010.06.15 07:43:00.344,0.97695,0.9774,11.60,10.90
2010.06.15 07:43:00.609,0.97695,0.9774,12.00,10.90
2010.06.15 07:43:00.868,0.97695,0.9774,10.40,10.90
2010.06.15 07:43:01.091,0.9769,0.9773,2.40,8.00
2010.06.15 07:43:01.310,0.97685,0.9773,10.60,10.40
2010.06.15 07:43:01.639,0.9769,0.97735,10.40,8.10
2010.06.15 07:43:02.879,0.9769,0.9773,10.40,1.00
2010.06.15 07:43:03.879,0.9769,0.9773,10.40,2.50
2010.06.15 07:43:05.269,0.9769,0.9773,4.00,2.50
2010.06.15 07:43:05.457,0.9769,0.9773,10.40,2.50
2010.06.15 07:43:06.030,0.9769,0.9773,10.40,1.00
2010.06.15 07:43:07.449,0.9769,0.9773,10.40,2.50
2010.06.15 07:43:08.657,0.9769,0.9773,10.50,2.40
2010.06.15 07:43:08.833,0.9769,0.9773,10.40,2.40
2010.06.15 07:43:09.002,0.9769,0.97735,10.40,8.10
2010.06.15 07:43:09.848,0.9769,0.97735,10.50,8.00
2010.06.15 07:43:10.364,0.97695,0.9773,1.60,2.40
2010.06.15 07:43:10.673,0.97695,0.9773,5.60,2.80
2010.06.15 07:43:10.981,0.9769,0.9773,2.40,8.40
2010.06.15 07:43:11.290,0.9769,0.9773,10.40,1.00
2010.06.15 07:43:11.630,0.97685,0.9773,9.70,12.40
2010.06.15 07:43:11.972,0.9769,0.97735,10.80,8.80
2010.06.15 07:43:12.309,0.9769,0.97735,10.80,8.00
2010.06.15 07:43:13.801,0.9769,0.97735,6.80,8.00
2010.06.15 07:43:14.194,0.9769,0.9773,6.40,2.00
2010.06.15 07:43:14.544,0.9769,0.9773,2.40,8.00
2010.06.15 07:43:14.883,0.9769,0.9773,8.00,2.40
2010.06.15 07:43:15.221,0.97685,0.9773,12.40,10.40
2010.06.15 07:43:16.098,0.97685,0.9773,12.30,10.40
2010.06.15 07:43:18.348,0.97685,0.9773,12.10,10.40
2010.06.15 07:43:18.568,0.97695,0.9773,1.60,8.00
2010.06.15 07:43:18.789,0.97695,0.97735,5.60,5.70
2010.06.15 07:43:19.899,0.97695,0.97735,1.60,9.70
2010.06.15 07:43:20.099,0.97695,0.9773,1.60,1.00
2010.06.15 07:43:20.300,0.9769,0.97725,4.00,1.60
2010.06.15 07:43:20.747,0.9769,0.9773,6.40,6.90
2010.06.15 07:43:20.971,0.9769,0.9773,10.40,2.90
2010.06.15 07:43:21.199,0.9769,0.9773,8.00,2.80
2010.06.15 07:43:21.432,0.97685,0.9773,9.60,10.90
2010.06.15 07:43:21.814,0.97685,0.97725,9.60,1.00
2010.06.15 07:43:22.158,0.97675,0.9772,12.20,12.00
2010.06.15 07:43:22.502,0.97675,0.9772,12.40,12.00
2010.06.15 07:43:23.183,0.9768,0.9772,4.80,6.40
2010.06.15 07:43:23.523,0.9768,0.9772,8.00,2.40
2010.06.15 07:43:23.861,0.97685,0.97725,8.00,1.00
2010.06.15 07:43:24.201,0.97685,0.97725,4.00,4.00
2010.06.15 07:43:24.542,0.97685,0.9772,8.00,1.60
2010.06.15 07:43:24.882,0.97685,0.97725,4.00,4.00
2010.06.15 07:43:25.221,0.97685,0.9773,8.00,12.50
2010.06.15 07:43:26.649,0.97685,0.9773,8.00,12.40
2010.06.15 07:43:26.849,0.97685,0.9773,8.00,12.50
2010.06.15 07:43:27.049,0.97685,0.97725,4.00,4.00
2010.06.15 07:43:27.257,0.9768,0.9772,8.40,2.40
2010.06.15 07:43:27.463,0.9768,0.9772,10.40,2.40
2010.06.15 07:43:27.660,0.97685,0.9772,1.60,2.40
2010.06.15 07:43:28.001,0.97685,0.97715,1.00,8.00
2010.06.15 07:43:28.340,0.97685,0.97715,1.00,9.60
2010.06.15 07:43:28.680,0.97685,0.97715,1.00,8.00
2010.06.15 07:43:29.020,0.9768,0.97715,1.60,9.60
2010.06.15 07:43:29.359,0.9768,0.97715,1.00,9.60
2010.06.15 07:43:29.700,0.9768,0.97715,2.80,8.00
2010.06.15 07:43:30.116,0.9768,0.97725,10.80,8.50
2010.06.15 07:43:30.989,0.9768,0.97725,10.90,8.50
2010.06.15 07:43:31.181,0.97685,0.97725,1.60,8.50
2010.06.15 07:43:31.710,0.97685,0.97725,1.60,8.40
2010.06.15 07:43:34.023,0.97685,0.9772,1.60,1.00
2010.06.15 07:43:34.861,0.97685,0.97725,9.60,1.00
2010.06.15 07:43:35.139,0.97685,0.97725,9.60,1.00
2010.06.15 07:43:35.818,0.97685,0.97725,9.60,1.00
2010.06.15 07:43:36.158,0.97685,0.97725,9.70,1.00
2010.06.15 07:43:36.539,0.97685,0.97725,9.60,1.00
2010.06.15 07:43:36.740,0.97685,0.97725,9.60,1.00
2010.06.15 07:43:36.943,0.97685,0.97725,10.00,1.00
2010.06.15 07:43:37.146,0.97685,0.97725,6.00,4.40
2010.06.15 07:43:37.462,0.97685,0.97725,10.00,1.00
2010.06.15 07:43:38.245,0.97685,0.9772,10.00,1.60
2010.06.15 07:43:38.503,0.97685,0.9772,2.00,5.60
2010.06.15 07:43:39.009,0.97685,0.9772,2.00,4.00
2010.06.15 07:43:39.270,0.97685,0.97725,10.00,1.00
2010.06.15 07:43:40.631,0.9769,0.9773,12.40,2.10
2010.06.15 07:43:41.041,0.9769,0.97725,2.00,4.10
2010.06.15 07:43:41.229,0.9769,0.97725,2.00,4.00
2010.06.15 07:43:41.999,0.9769,0.97725,2.00,4.10
2010.06.15 07:43:42.291,0.9769,0.97725,2.00,4.00
2010.06.15 07:43:42.583,0.9769,0.97725,1.60,4.00
2010.06.15 07:43:42.922,0.97705,0.9774,2.00,3.30
2010.06.15 07:43:43.264,0.97705,0.9774,2.00,1.70
2010.06.15 07:43:43.603,0.97705,0.97745,10.40,1.70
2010.06.15 07:43:43.942,0.97705,0.97745,12.00,1.00
2010.06.15 07:43:44.280,0.97705,0.97745,2.00,12.50
2010.06.15 07:43:45.139,0.97705,0.97745,2.00,11.70
2010.06.15 07:43:45.950,0.97705,0.97745,2.00,11.60
2010.06.15 07:43:46.470,0.97705,0.97745,2.00,11.70
2010.06.15 07:43:50.411,0.97705,0.9774,2.00,1.00
2010.06.15 07:43:50.672,0.97705,0.9774,2.00,4.10
2010.06.15 07:43:51.688,0.97705,0.97735,2.00,1.00
2010.06.15 07:43:52.241,0.97705,0.9774,1.60,4.40
2010.06.15 07:43:52.654,0.977,0.9773,2.40,4.00
2010.06.15 07:43:52.919,0.9769,0.9773,2.40,8.40
2010.06.15 07:43:53.224,0.97685,0.97725,2.00,8.00
2010.06.15 07:43:54.661,0.97705,0.97725,1.60,4.00
2010.06.15 07:43:55.004,0.977,0.9773,1.60,10.40
2010.06.15 07:43:55.269,0.97695,0.97735,9.60,4.00
2010.06.15 07:43:55.539,0.97695,0.9774,9.60,14.80
2010.06.15 07:43:55.809,0.97695,0.97735,5.60,4.10
2010.06.15 07:43:56.081,0.9769,0.9773,4.40,6.40
2010.06.15 07:43:56.308,0.9769,0.9773,8.40,2.40
2010.06.15 07:43:57.139,0.9769,0.97725,8.40,1.00
2010.06.15 07:43:57.392,0.9769,0.9772,1.00,2.40
2010.06.15 07:43:57.640,0.97685,0.97725,2.00,8.00
2010.06.15 07:43:58.317,0.97685,0.9773,10.10,10.40
2010.06.15 07:43:58.612,0.97685,0.9773,10.10,10.50
2010.06.15 07:43:58.911,0.97685,0.9773,10.10,11.30
2010.06.15 07:43:59.214,0.97685,0.97725,6.10,4.00
2010.06.15 07:43:59.534,0.97685,0.9773,10.10,10.50
2010.06.15 07:43:59.801,0.9769,0.9773,4.00,6.50
2010.06.15 07:44:00.339,0.9769,0.97725,4.00,1.00
2010.06.15 07:44:00.978,0.97685,0.9772,8.40,2.40
2010.06.15 07:44:01.224,0.97685,0.9773,8.40,10.50
2010.06.15 07:44:01.471,0.97685,0.9772,8.40,2.40
2010.06.15 07:44:01.812,0.97685,0.9771,4.00,3.20
2010.06.15 07:44:02.153,0.97675,0.9771,1.00,3.20
2010.06.15 07:44:02.494,0.97685,0.97715,8.00,2.40
2010.06.15 07:44:03.016,0.97685,0.9771,8.00,2.40
2010.06.15 07:44:03.363,0.97675,0.9771,8.00,2.40
2010.06.15 07:44:03.701,0.9767,0.9771,8.50,2.40
2010.06.15 07:44:04.141,0.9769,0.9771,1.60,2.40
2010.06.15 07:44:04.484,0.97685,0.9772,4.00,3.30
2010.06.15 07:44:04.820,0.9768,0.9772,8.00,3.20
2010.06.15 07:44:05.164,0.9768,0.9771,8.00,2.40
2010.06.15 07:44:05.502,0.9768,0.97715,8.00,1.00
2010.06.15 07:44:05.810,0.9768,0.9772,8.00,3.30
2010.06.15 07:44:06.120,0.9768,0.9772,8.00,3.20
2010.06.15 07:44:06.984,0.9768,0.9772,8.00,3.30
2010.06.15 07:44:08.861,0.9768,0.9772,8.00,3.20
2010.06.15 07:44:09.859,0.97685,0.9772,4.00,3.20
2010.06.15 07:44:10.139,0.97685,0.9772,4.00,3.30
2010.06.15 07:44:10.530,0.97685,0.9772,4.00,2.40
2010.06.15 07:44:10.671,0.97695,0.9772,1.60,2.40
2010.06.15 07:44:10.810,0.97695,0.9773,5.60,2.40
2010.06.15 07:44:11.080,0.97695,0.9773,9.60,2.40
2010.06.15 07:44:11.870,0.97705,0.9773,1.60,2.40
2010.06.15 07:44:12.191,0.97705,0.9774,1.60,4.90
2010.06.15 07:44:12.510,0.977,0.9774,6.00,8.90
2010.06.15 07:44:12.829,0.977,0.97735,6.00,1.00
2010.06.15 07:44:13.139,0.977,0.97735,2.00,1.00
2010.06.15 07:44:13.619,0.977,0.9774,2.00,12.90
2010.06.15 07:44:13.859,0.97705,0.9774,1.60,8.10
2010.06.15 07:44:14.368,0.97705,0.9774,1.60,4.10
2010.06.15 07:44:15.000,0.97705,0.97735,1.60,1.00
2010.06.15 07:44:15.172,0.97705,0.9774,1.60,4.90
2010.06.15 07:44:15.342,0.97705,0.97735,1.60,1.00
2010.06.15 07:44:15.512,0.97705,0.9774,1.60,4.00
2010.06.15 07:44:15.905,0.97705,0.9774,1.60,4.00
2010.06.15 07:44:16.250,0.97705,0.9774,1.60,4.10
2010.06.15 07:44:17.269,0.97705,0.9774,1.60,4.00
2010.06.15 07:44:20.478,0.97705,0.97735,1.60,1.00
2010.06.15 07:44:20.598,0.97705,0.97735,1.60,1.00
2010.06.15 07:44:20.718,0.97705,0.97735,1.60,1.00
2010.06.15 07:44:20.839,0.97705,0.9774,1.60,4.10
2010.06.15 07:44:22.448,0.97705,0.9774,1.60,4.00
2010.06.15 07:44:23.129,0.97705,0.9774,1.60,1.70
2010.06.15 07:44:23.469,0.97705,0.9774,1.60,4.10
2010.06.15 07:44:23.809,0.97705,0.9774,1.60,1.60
2010.06.15 07:44:24.229,0.97705,0.9774,1.60,1.70
2010.06.15 07:44:25.170,0.9772,0.97745,2.40,6.40
2010.06.15 07:44:25.611,0.9772,0.97755,6.40,1.00
2010.06.15 07:44:25.800,0.9772,0.9776,6.40,4.10
2010.06.15 07:44:25.989,0.9772,0.9776,6.40,4.00
2010.06.15 07:44:26.179,0.9772,0.9776,6.40,4.10
2010.06.15 07:44:26.393,0.9772,0.9776,6.40,4.00
2010.06.15 07:44:26.592,0.97725,0.97765,6.00,8.10
2010.06.15 07:44:26.782,0.97725,0.9776,6.00,1.00
2010.06.15 07:44:27.123,0.97725,0.9776,1.00,1.00
2010.06.15 07:44:27.464,0.9773,0.9776,2.40,4.00
2010.06.15 07:44:27.804,0.9773,0.97765,6.40,1.60
2010.06.15 07:44:28.141,0.9774,0.97765,4.00,1.60
2010.06.15 07:44:28.481,0.97745,0.97765,8.00,1.60
2010.06.15 07:44:29.250,0.97755,0.9779,1.60,11.60
2010.06.15 07:44:29.592,0.97755,0.9779,9.60,2.80
2010.06.15 07:44:30.028,0.9776,0.9779,4.00,2.40
2010.06.15 07:44:30.373,0.9776,0.97805,4.00,9.70
2010.06.15 07:44:30.715,0.97765,0.97795,4.00,4.00
2010.06.15 07:44:31.062,0.9775,0.97795,11.60,8.00
2010.06.15 07:44:31.404,0.9775,0.97795,10.80,8.00
2010.06.15 07:44:31.918,0.9776,0.97795,2.40,8.00
2010.06.15 07:44:32.261,0.9776,0.97805,6.40,8.00
2010.06.15 07:44:32.600,0.9776,0.97795,6.40,4.00
2010.06.15 07:44:32.941,0.97755,0.97785,1.70,4.00
2010.06.15 07:44:33.281,0.9776,0.9779,2.40,8.00
2010.06.15 07:44:33.622,0.97755,0.97785,2.50,4.00
2010.06.15 07:44:33.962,0.97755,0.97785,1.70,4.00
2010.06.15 07:44:34.439,0.9776,0.9779,2.40,8.00
2010.06.15 07:44:35.252,0.97755,0.97785,1.70,4.00
2010.06.15 07:44:36.111,0.9775,0.9778,2.40,4.00
2010.06.15 07:44:36.371,0.9775,0.9778,2.40,8.00
2010.06.15 07:44:37.058,0.9775,0.9778,2.40,4.00
2010.06.15 07:44:37.404,0.9775,0.9778,2.40,8.00
2010.06.15 07:44:38.094,0.9775,0.97785,2.40,8.00
2010.06.15 07:44:38.772,0.9775,0.97795,2.40,8.00
2010.06.15 07:44:39.111,0.9775,0.97795,3.30,4.00
2010.06.15 07:44:39.497,0.9776,0.97795,2.40,4.00
2010.06.15 07:44:39.844,0.9776,0.978,2.40,8.00
2010.06.15 07:44:40.699,0.9776,0.978,2.40,4.00
2010.06.15 07:44:41.020,0.9776,0.978,2.40,8.00
2010.06.15 07:44:41.681,0.9776,0.978,2.40,9.60
2010.06.15 07:44:42.011,0.9776,0.97795,2.40,4.00
2010.06.15 07:44:42.340,0.97755,0.9779,1.60,4.00
2010.06.15 07:44:42.682,0.9775,0.9779,5.20,8.00
2010.06.15 07:44:43.023,0.9775,0.9779,2.40,8.00
2010.06.15 07:44:43.361,0.9775,0.97785,2.40,8.00
2010.06.15 07:44:44.350,0.9775,0.9779,10.40,1.60
2010.06.15 07:44:45.020,0.9775,0.9779,6.40,1.60
2010.06.15 07:44:45.360,0.9775,0.9779,10.40,1.60
2010.06.15 07:44:45.700,0.9775,0.9779,6.40,1.60
2010.06.15 07:44:45.841,0.9775,0.9779,6.40,5.70
2010.06.15 07:44:45.979,0.9775,0.97775,4.00,1.60
2010.06.15 07:44:46.317,0.9774,0.9778,11.20,2.40
2010.06.15 07:44:46.453,0.9775,0.97785,2.40,8.00
2010.06.15 07:44:46.795,0.97755,0.9779,4.00,4.00
2010.06.15 07:44:47.144,0.9775,0.97795,10.40,8.10
2010.06.15 07:44:47.485,0.97745,0.9779,8.40,10.90
2010.06.15 07:44:48.012,0.97745,0.9778,8.00,2.40
2010.06.15 07:44:48.352,0.9774,0.97785,4.00,8.10
2010.06.15 07:44:48.690,0.9774,0.97785,8.00,8.10
2010.06.15 07:44:48.992,0.9774,0.9778,4.00,2.50
2010.06.15 07:44:49.292,0.97745,0.97785,4.00,4.00
2010.06.15 07:44:49.591,0.97745,0.9779,8.00,10.50
2010.06.15 07:44:49.889,0.9775,0.9779,4.00,6.40
2010.06.15 07:44:50.210,0.9775,0.9779,4.00,2.50
2010.06.15 07:44:50.532,0.97745,0.97785,8.00,1.00
2010.06.15 07:44:50.852,0.9775,0.9779,1.60,10.40
2010.06.15 07:44:51.140,0.9776,0.9779,1.60,1.00
2010.06.15 07:44:51.719,0.9776,0.978,8.00,3.30
2010.06.15 07:44:52.060,0.9777,0.97805,1.60,4.10
2010.06.15 07:44:52.401,0.9777,0.97805,1.60,1.00
2010.06.15 07:44:52.740,0.9777,0.97805,1.60,1.00
2010.06.15 07:44:53.049,0.9777,0.97805,1.60,1.00
2010.06.15 07:44:53.792,0.97775,0.97805,1.60,1.00
2010.06.15 07:44:54.129,0.97775,0.9781,1.60,6.50
2010.06.15 07:44:54.470,0.97775,0.9781,10.50,1.00
2010.06.15 07:44:54.809,0.97775,0.9781,12.10,1.00
2010.06.15 07:44:55.151,0.97775,0.97815,12.30,1.00
2010.06.15 07:44:55.522,0.9777,0.97795,1.00,1.60
2010.06.15 07:44:55.704,0.9777,0.97785,1.00,1.60
2010.06.15 07:44:55.966,0.9776,0.97795,1.00,9.60
2010.06.15 07:44:56.323,0.9775,0.97795,10.40,10.40
2010.06.15 07:44:57.023,0.9775,0.9778,4.00,2.40
2010.06.15 07:44:57.346,0.97755,0.9779,1.20,2.40
2010.06.15 07:44:57.830,0.97755,0.9779,10.80,2.40
2010.06.15 07:44:58.152,0.9776,0.978,2.40,8.00
2010.06.15 07:44:58.494,0.9776,0.97805,6.40,8.10
2010.06.15 07:44:58.831,0.9776,0.97805,6.40,8.00
2010.06.15 07:44:59.173,0.97765,0.9781,10.00,10.40
2010.06.15 07:44:59.509,0.97765,0.97805,10.00,1.00
2010.06.15 07:44:59.852,0.97765,0.97805,6.00,4.10
2010.06.15 07:45:00.195,0.9777,0.9781,2.40,10.50
2010.06.15 07:45:00.524,0.97775,0.97805,1.60,4.00
2010.06.15 07:45:00.851,0.97765,0.978,8.30,1.60
2010.06.15 07:45:01.172,0.97765,0.978,8.40,1.60
2010.06.15 07:45:01.492,0.97765,0.978,12.20,1.60
2010.06.15 07:45:01.771,0.97765,0.978,12.40,1.60
2010.06.15 07:45:02.055,0.9778,0.9781,1.00,4.00
2010.06.15 07:45:02.334,0.97775,0.97815,8.60,6.00
2010.06.15 07:45:02.673,0.97775,0.97815,1.60,10.10
2010.06.15 07:45:03.011,0.97775,0.97815,1.60,10.00
2010.06.15 07:45:03.350,0.97775,0.97815,1.60,10.10
2010.06.15 07:45:03.912,0.97775,0.9781,1.60,1.70
2010.06.15 07:45:04.162,0.9777,0.9781,6.80,1.00
2010.06.15 07:45:04.412,0.9777,0.9781,8.00,6.90
2010.06.15 07:45:04.751,0.9777,0.97805,1.60,1.60
2010.06.15 07:45:05.089,0.9777,0.97805,1.60,5.60
2010.06.15 07:45:06.448,0.9777,0.97805,1.60,5.70
2010.06.15 07:45:07.731,0.9777,0.97805,1.60,9.70
2010.06.15 07:45:08.601,0.9777,0.978,1.60,1.00
2010.06.15 07:45:09.640,0.9777,0.978,1.60,2.50
2010.06.15 07:45:09.830,0.9776,0.978,8.00,2.50
2010.06.15 07:45:10.021,0.9776,0.978,8.00,6.50
2010.06.15 07:45:10.875,0.9776,0.97795,8.00,1.00
2010.06.15 07:45:11.211,0.9776,0.9779,4.00,8.00
2010.06.15 07:45:11.551,0.9776,0.97795,4.00,1.00
2010.06.15 07:45:11.890,0.9776,0.97795,4.00,8.00
2010.06.15 07:45:12.189,0.9776,0.978,4.00,8.00
2010.06.15 07:45:12.488,0.9776,0.978,4.00,10.40
2010.06.15 07:45:12.781,0.9776,0.978,5.60,8.00
2010.06.15 07:45:13.120,0.9775,0.9779,4.00,4.00
2010.06.15 07:45:13.460,0.97745,0.9779,10.70,10.40
2010.06.15 07:45:13.801,0.97745,0.9779,10.00,10.50
2010.06.15 07:45:14.143,0.9775,0.9779,4.00,8.10
2010.06.15 07:45:14.481,0.9775,0.9779,12.00,1.00
2010.06.15 07:45:14.982,0.9775,0.97785,10.40,1.70
2010.06.15 07:45:15.322,0.97755,0.9779,5.60,4.00
2010.06.15 07:45:15.661,0.97755,0.978,9.60,10.50
2010.06.15 07:45:16.001,0.97755,0.978,9.60,12.10
2010.06.15 07:45:16.679,0.97755,0.97795,9.60,1.00
2010.06.15 07:45:17.022,0.9776,0.978,4.00,8.10
2010.06.15 07:45:17.341,0.9776,0.97805,8.80,12.00
2010.06.15 07:45:17.660,0.97765,0.97805,8.00,1.00
2010.06.15 07:45:20.690,0.97765,0.97805,8.00,1.00
2010.06.15 07:45:20.881,0.97765,0.978,8.00,3.20
2010.06.15 07:45:21.072,0.9776,0.978,8.00,1.70
2010.06.15 07:45:21.451,0.9776,0.97805,11.30,8.00
2010.06.15 07:45:21.639,0.9776,0.97805,12.90,8.00
2010.06.15 07:45:22.319,0.97765,0.9781,8.00,10.50
2010.06.15 07:45:22.659,0.97765,0.9781,8.10,10.50
2010.06.15 07:45:22.979,0.97765,0.9781,8.00,10.50
2010.06.15 07:45:23.289,0.97765,0.97805,8.00,1.00
2010.06.15 07:45:24.335,0.97765,0.9781,8.00,10.40
2010.06.15 07:45:24.604,0.97765,0.9781,8.00,8.00
2010.06.15 07:45:25.620,0.97765,0.9781,8.00,8.10
2010.06.15 07:45:26.018,0.9777,0.97805,4.00,4.00
2010.06.15 07:45:26.345,0.97775,0.9781,1.60,10.40
2010.06.15 07:45:26.673,0.9778,0.9781,1.00,5.60
2010.06.15 07:45:27.200,0.9777,0.9781,8.00,6.40
2010.06.15 07:45:27.544,0.9777,0.9781,4.00,8.10
2010.06.15 07:45:27.881,0.9777,0.97805,4.00,1.00
2010.06.15 07:45:28.563,0.9777,0.978,4.00,1.00
2010.06.15 07:45:28.922,0.9777,0.978,1.60,2.50
2010.06.15 07:45:29.182,0.9777,0.97805,4.00,1.60
2010.06.15 07:45:29.689,0.9777,0.9781,4.00,8.10
2010.06.15 07:45:30.279,0.9777,0.97805,4.00,1.00
2010.06.15 07:45:30.620,0.97755,0.978,10.00,9.60
2010.06.15 07:45:30.968,0.9775,0.9779,9.60,4.00
2010.06.15 07:45:31.193,0.9775,0.9779,2.40,8.00
2010.06.15 07:45:32.088,0.9775,0.9779,2.40,8.10
2010.06.15 07:45:32.429,0.9775,0.97785,2.40,1.60
2010.06.15 07:45:32.771,0.97745,0.97785,4.00,1.60
2010.06.15 07:45:33.109,0.97745,0.97785,4.10,5.60
2010.06.15 07:45:33.871,0.97745,0.97785,8.00,5.60
2010.06.15 07:45:34.150,0.97745,0.97785,8.00,1.60
2010.06.15 07:45:34.710,0.97745,0.97785,8.00,1.70
2010.06.15 07:45:35.309,0.9776,0.9779,1.60,11.20
2010.06.15 07:45:35.553,0.9776,0.97795,12.00,1.60
2010.06.15 07:45:35.801,0.9776,0.97795,8.00,1.60
2010.06.15 07:45:36.054,0.9776,0.97795,2.40,1.60
2010.06.15 07:45:36.394,0.97765,0.978,1.60,8.00
2010.06.15 07:45:36.734,0.9776,0.97795,6.80,1.00
2010.06.15 07:45:37.072,0.97755,0.978,8.80,8.10
2010.06.15 07:45:37.414,0.97755,0.97795,8.00,1.60
2010.06.15 07:45:37.830,0.9775,0.97795,8.50,8.00
2010.06.15 07:45:38.180,0.9775,0.97795,8.00,8.00
2010.06.15 07:45:38.521,0.97755,0.978,8.00,8.10
2010.06.15 07:45:39.402,0.9775,0.97795,12.00,9.60
2010.06.15 07:45:39.694,0.97745,0.9779,8.50,8.00
2010.06.15 07:45:39.982,0.97745,0.9779,8.10,8.00
2010.06.15 07:45:40.272,0.9775,0.9779,1.00,8.00
2010.06.15 07:45:40.562,0.97745,0.9779,8.00,10.40
2010.06.15 07:45:40.907,0.9775,0.9779,2.40,8.00
2010.06.15 07:45:41.252,0.9775,0.97795,10.40,8.00
2010.06.15 07:45:41.934,0.9775,0.9778,8.00,1.60
2010.06.15 07:45:42.274,0.97755,0.9779,4.00,5.50
2010.06.15 07:45:42.612,0.9776,0.9779,1.60,1.00
2010.06.15 07:45:43.109,0.97755,0.978,4.70,8.00
2010.06.15 07:45:43.457,0.97755,0.978,8.00,8.00
2010.06.15 07:45:43.801,0.97755,0.97795,8.00,1.60
2010.06.15 07:45:44.322,0.9775,0.97795,8.00,9.60
2010.06.15 07:45:44.664,0.9775,0.97795,4.00,9.60
2010.06.15 07:45:45.947,0.9775,0.97795,4.00,10.00
2010.06.15 07:45:46.161,0.9775,0.9779,4.00,6.40
2010.06.15 07:45:46.449,0.9775,0.9779,8.00,4.00
2010.06.15 07:45:46.666,0.97765,0.978,5.60,4.60
2010.06.15 07:45:46.884,0.97775,0.9781,1.60,1.70
2010.06.15 07:45:47.223,0.9777,0.9781,6.40,1.00
2010.06.15 07:45:47.561,0.9777,0.9781,6.40,4.10
2010.06.15 07:45:47.902,0.9777,0.97805,6.40,1.00
2010.06.15 07:45:48.244,0.97765,0.97805,1.60,8.40
2010.06.15 07:45:49.309,0.97765,0.97805,1.60,8.50
2010.06.15 07:45:49.649,0.97765,0.97805,1.60,8.40
2010.06.15 07:45:49.991,0.97765,0.97805,1.60,8.50
2010.06.15 07:45:50.410,0.97765,0.978,1.60,2.40
2010.06.15 07:45:50.683,0.97765,0.97805,1.60,8.40
2010.06.15 07:45:50.895,0.97765,0.97805,1.60,8.40
2010.06.15 07:45:51.240,0.97765,0.97805,1.60,8.50
2010.06.15 07:45:51.773,0.97765,0.97805,1.60,8.80
2010.06.15 07:45:52.132,0.9776,0.97795,12.80,1.00
2010.06.15 07:45:52.477,0.9776,0.97795,9.20,1.60
2010.06.15 07:45:52.828,0.9776,0.978,13.20,1.00
2010.06.15 07:45:53.173,0.9776,0.9779,6.40,1.60
2010.06.15 07:45:53.676,0.9776,0.978,2.40,10.90
2010.06.15 07:45:54.364,0.97765,0.978,1.60,1.60
2010.06.15 07:45:55.039,0.97765,0.978,1.60,1.60
2010.06.15 07:45:55.169,0.97765,0.978,1.60,1.60
2010.06.15 07:45:55.597,0.97765,0.978,1.60,2.00
2010.06.15 07:45:55.850,0.97765,0.97795,1.60,1.00
2010.06.15 07:45:56.017,0.97755,0.978,10.40,10.80
2010.06.15 07:45:56.152,0.9776,0.978,2.40,10.90
2010.06.15 07:45:56.645,0.97755,0.978,9.60,10.90
2010.06.15 07:45:56.963,0.9776,0.978,2.40,10.80
2010.06.15 07:45:57.624,0.97755,0.9779,1.60,1.60
2010.06.15 07:45:57.962,0.9775,0.9779,4.40,10.40
2010.06.15 07:45:58.303,0.9775,0.9779,4.40,12.00
2010.06.15 07:45:58.999,0.9775,0.9779,4.40,12.10
2010.06.15 07:45:59.992,0.9775,0.9779,2.00,12.10
2010.06.15 07:46:00.859,0.9775,0.97785,2.00,1.00
2010.06.15 07:46:01.256,0.9775,0.9779,2.00,12.10
2010.06.15 07:46:01.519,0.9775,0.9779,5.60,8.00
2010.06.15 07:46:01.831,0.97755,0.97795,1.60,8.80
2010.06.15 07:46:02.307,0.97755,0.97795,4.40,4.00
2010.06.15 07:46:02.625,0.9775,0.97795,12.80,8.50
2010.06.15 07:46:02.962,0.97755,0.97795,1.60,8.50
2010.06.15 07:46:03.303,0.97755,0.97795,9.60,1.00
2010.06.15 07:46:03.641,0.97755,0.978,9.60,12.50
2010.06.15 07:46:04.780,0.97755,0.978,9.60,10.80
2010.06.15 07:46:05.119,0.97755,0.978,9.70,10.90
2010.06.15 07:46:05.459,0.97755,0.978,9.60,10.90
2010.06.15 07:46:06.139,0.97755,0.978,9.70,10.90
2010.06.15 07:46:06.479,0.97755,0.978,9.70,11.60
2010.06.15 07:46:08.769,0.97755,0.978,9.70,13.20
2010.06.15 07:46:09.110,0.97755,0.978,9.60,13.20
2010.06.15 07:46:09.451,0.9777,0.978,4.00,2.80
2010.06.15 07:46:09.790,0.9777,0.97805,8.00,2.90
2010.06.15 07:46:10.241,0.9777,0.97805,8.00,1.30
2010.06.15 07:46:10.591,0.97775,0.9781,5.60,2.00
2010.06.15 07:46:10.992,0.97775,0.9781,1.60,2.00
2010.06.15 07:46:11.336,0.9777,0.97805,1.60,8.40
2010.06.15 07:46:12.361,0.9777,0.97805,1.60,8.50
2010.06.15 07:46:12.702,0.97765,0.97795,1.60,1.00
2010.06.15 07:46:13.109,0.97755,0.97795,12.00,1.00
2010.06.15 07:46:13.372,0.97755,0.97795,7.60,4.40
2010.06.15 07:46:13.631,0.97755,0.97795,3.60,8.40
2010.06.15 07:46:14.059,0.97755,0.97795,7.60,4.40
2010.06.15 07:46:14.322,0.97755,0.97795,4.00,8.50
2010.06.15 07:46:14.664,0.97755,0.9779,11.60,1.60
2010.06.15 07:46:15.001,0.9777,0.97795,1.60,1.00
2010.06.15 07:46:15.343,0.97765,0.97805,12.50,1.00
2010.06.15 07:46:15.621,0.97765,0.97805,6.40,4.50
2010.06.15 07:46:15.985,0.9776,0.97805,9.60,8.50
2010.06.15 07:46:16.274,0.97765,0.97805,9.60,1.00
2010.06.15 07:46:16.783,0.97765,0.97805,5.60,4.40
2010.06.15 07:46:16.950,0.97765,0.97805,1.60,8.40
2010.06.15 07:46:17.290,0.9777,0.97805,2.40,4.40
2010.06.15 07:46:17.685,0.97765,0.97805,5.60,4.50
2010.06.15 07:46:18.021,0.97775,0.97805,3.60,8.00
2010.06.15 07:46:18.361,0.9778,0.9782,4.00,2.50
2010.06.15 07:46:18.690,0.97775,0.9782,10.40,10.40
2010.06.15 07:46:19.020,0.97775,0.9782,10.40,10.50
2010.06.15 07:46:19.479,0.97775,0.9781,1.00,2.40
2010.06.15 07:46:19.823,0.9777,0.97815,10.40,10.00
2010.06.15 07:46:20.162,0.97775,0.97815,5.60,10.10
2010.06.15 07:46:20.501,0.9777,0.97815,10.40,10.10
2010.06.15 07:46:21.522,0.9777,0.9781,8.00,2.50
2010.06.15 07:46:21.811,0.97765,0.9781,8.00,10.50
2010.06.15 07:46:22.379,0.97765,0.9781,8.00,10.40
2010.06.15 07:46:22.789,0.9776,0.978,10.40,4.00
2010.06.15 07:46:23.131,0.9776,0.978,10.40,4.10
2010.06.15 07:46:23.472,0.97765,0.978,9.60,2.50
2010.06.15 07:46:23.811,0.9776,0.978,2.40,12.50
2010.06.15 07:46:24.121,0.97755,0.97795,9.60,1.00
2010.06.15 07:46:24.543,0.97755,0.978,9.60,10.80
2010.06.15 07:46:24.855,0.9776,0.978,2.40,10.90
2010.06.15 07:46:25.203,0.9776,0.978,2.40,12.40
2010.06.15 07:46:25.542,0.9776,0.978,2.40,12.50
2010.06.15 07:46:26.222,0.9776,0.97795,6.40,1.00
2010.06.15 07:46:26.903,0.9776,0.9779,2.40,1.60
2010.06.15 07:46:27.198,0.9775,0.9779,12.80,1.00
2010.06.15 07:46:27.421,0.9775,0.97795,10.40,10.90
2010.06.15 07:46:27.640,0.9775,0.97795,10.40,10.80
2010.06.15 07:46:28.082,0.97755,0.97795,5.60,10.50
2010.06.15 07:46:28.423,0.9776,0.978,6.40,4.00
2010.06.15 07:46:28.763,0.9776,0.978,10.40,2.50
2010.06.15 07:46:29.259,0.9776,0.978,10.40,2.40
2010.06.15 07:46:29.601,0.9776,0.978,10.40,2.50
2010.06.15 07:46:30.283,0.9776,0.978,10.40,4.00
2010.06.15 07:46:30.583,0.97765,0.97795,1.60,2.00
2010.06.15 07:46:31.082,0.9777,0.97795,1.60,1.60
2010.06.15 07:46:31.430,0.97765,0.978,2.00,8.00
2010.06.15 07:46:33.131,0.9777,0.97805,2.40,4.40
2010.06.15 07:46:33.859,0.9777,0.9781,6.80,8.40
2010.06.15 07:46:33.932,0.97775,0.9781,1.60,2.00
2010.06.15 07:46:35.640,0.97775,0.9781,1.60,1.00
2010.06.15 07:46:36.034,0.97775,0.9781,1.60,2.00
2010.06.15 07:46:36.227,0.97775,0.9781,1.60,6.00
2010.06.15 07:46:36.412,0.9777,0.9781,6.80,8.40
2010.06.15 07:46:36.752,0.9777,0.97805,2.80,8.00
2010.06.15 07:46:37.091,0.9777,0.978,2.80,1.60
2010.06.15 07:46:37.430,0.97765,0.978,1.60,8.40
2010.06.15 07:46:38.449,0.97765,0.978,1.60,10.80
2010.06.15 07:46:38.539,0.97765,0.97795,1.60,4.00
2010.06.15 07:46:38.720,0.9776,0.97795,1.00,4.00
2010.06.15 07:46:38.819,0.97755,0.97795,8.90,4.40
2010.06.15 07:46:38.921,0.97765,0.97795,1.60,1.00
2010.06.15 07:46:39.020,0.97765,0.978,1.60,8.10
2010.06.15 07:46:39.297,0.97765,0.978,1.60,4.00
2010.06.15 07:46:39.394,0.97765,0.97805,1.60,8.10
2010.06.15 07:46:39.834,0.9777,0.97805,2.40,8.00
2010.06.15 07:46:40.173,0.9777,0.97805,2.40,8.80
2010.06.15 07:46:40.511,0.9777,0.97805,2.40,8.00
2010.06.15 07:46:41.052,0.9776,0.978,10.80,2.40
2010.06.15 07:46:41.484,0.9776,0.978,9.20,2.40
2010.06.15 07:46:41.751,0.9776,0.97805,6.80,8.10
2010.06.15 07:46:42.090,0.9776,0.97805,7.20,8.10
2010.06.15 07:46:44.111,0.9776,0.978,7.20,1.00
2010.06.15 07:46:44.769,0.9776,0.97805,7.20,8.10
2010.06.15 07:46:44.969,0.9776,0.978,7.50,2.40
2010.06.15 07:46:45.178,0.9776,0.97805,7.50,8.10
2010.06.15 07:46:45.378,0.9776,0.97805,6.80,8.10
2010.06.15 07:46:45.778,0.9776,0.97805,6.80,8.00
2010.06.15 07:46:46.439,0.9776,0.978,4.40,3.30
2010.06.15 07:46:46.672,0.97755,0.97795,1.00,8.00
2010.06.15 07:46:46.902,0.97755,0.97795,8.00,1.00
2010.06.15 07:46:47.254,0.97755,0.97795,4.00,4.50
2010.06.15 07:46:47.441,0.9775,0.97795,10.40,10.10
2010.06.15 07:46:48.258,0.9775,0.97795,10.40,8.50
2010.06.15 07:46:49.229,0.9775,0.97795,10.40,10.00
2010.06.15 07:46:49.519,0.9775,0.97795,10.50,10.10
2010.06.15 07:46:49.809,0.9775,0.9779,8.00,3.30
2010.06.15 07:46:50.102,0.97745,0.9778,1.60,4.00
2010.06.15 07:46:50.421,0.9774,0.9778,6.80,6.40
2010.06.15 07:46:50.672,0.9774,0.9778,6.80,10.40
2010.06.15 07:46:50.822,0.97745,0.97775,1.00,4.00
2010.06.15 07:46:50.979,0.9774,0.97785,10.40,8.00
2010.06.15 07:46:51.479,0.9774,0.97785,10.40,8.10
2010.06.15 07:46:52.161,0.97745,0.97785,5.10,4.00
2010.06.15 07:46:52.330,0.97745,0.9779,10.80,8.40
2010.06.15 07:46:52.500,0.9775,0.9779,6.40,4.00
2010.06.15 07:46:52.755,0.9775,0.9779,6.50,4.00
2010.06.15 07:46:52.923,0.97755,0.9779,1.60,4.00
2010.06.15 07:46:54.450,0.9775,0.9779,2.40,4.10
2010.06.15 07:46:54.790,0.9775,0.9779,2.40,8.10
2010.06.15 07:46:55.132,0.97745,0.9778,1.60,4.00
2010.06.15 07:46:55.349,0.97745,0.9778,1.60,5.60
2010.06.15 07:46:55.573,0.97735,0.9777,9.70,1.60
2010.06.15 07:46:55.966,0.97745,0.9778,1.60,1.60
2010.06.15 07:46:56.181,0.9775,0.9779,2.40,8.50
2010.06.15 07:46:56.741,0.97745,0.9778,1.60,1.60
2010.06.15 07:46:57.089,0.9774,0.9778,10.80,1.60
2010.06.15 07:46:57.431,0.9774,0.9778,2.40,12.00
2010.06.15 07:46:57.740,0.97735,0.9778,12.80,12.00
2010.06.15 07:46:58.062,0.97735,0.9778,13.20,12.00
2010.06.15 07:46:58.374,0.97745,0.9778,1.60,5.60
2010.06.15 07:46:58.711,0.9775,0.9778,2.40,1.60
2010.06.15 07:46:59.219,0.9775,0.97785,2.40,1.00
2010.06.15 07:46:59.392,0.9775,0.9779,4.00,6.40
2010.06.15 07:46:59.700,0.9775,0.97795,10.40,8.40
2010.06.15 07:47:00.010,0.9775,0.9779,8.00,2.40
2010.06.15 07:47:00.492,0.97755,0.97795,4.00,4.40
2010.06.15 07:47:01.460,0.97745,0.97785,2.00,8.00
2010.06.15 07:47:01.791,0.9775,0.9779,2.40,10.40
2010.06.15 07:47:01.970,0.9776,0.9779,2.40,8.00
2010.06.15 07:47:02.294,0.9776,0.97795,2.40,1.00
2010.06.15 07:47:02.482,0.97755,0.9779,1.00,4.00
2010.06.15 07:47:02.664,0.97755,0.97795,1.00,9.70
2010.06.15 07:47:03.002,0.9775,0.97795,6.40,9.70
2010.06.15 07:47:03.688,0.97745,0.97785,9.70,1.60
2010.06.15 07:47:03.973,0.97745,0.97785,5.60,5.60
2010.06.15 07:47:04.264,0.9774,0.97785,8.40,10.40
2010.06.15 07:47:04.553,0.9774,0.9778,6.80,6.40
2010.06.15 07:47:04.998,0.9774,0.97785,10.80,9.60
2010.06.15 07:47:05.340,0.9774,0.97785,10.80,9.70
2010.06.15 07:47:05.688,0.9774,0.9778,4.40,2.40
2010.06.15 07:47:06.021,0.97745,0.9778,4.00,2.40
2010.06.15 07:47:06.360,0.97745,0.9779,9.60,11.70
2010.06.15 07:47:06.700,0.97745,0.9779,9.70,10.80
2010.06.15 07:47:07.040,0.97745,0.9778,8.00,2.40
2010.06.15 07:47:07.390,0.9774,0.97785,8.00,8.00
2010.06.15 07:47:08.042,0.9774,0.9778,8.00,4.00
2010.06.15 07:47:08.384,0.97735,0.9778,8.00,10.50
2010.06.15 07:47:08.721,0.9773,0.9777,10.80,3.20
2010.06.15 07:47:09.062,0.9773,0.97775,10.80,8.00
2010.06.15 07:47:09.497,0.97735,0.97775,1.00,8.00
2010.06.15 07:47:09.841,0.97745,0.9779,8.00,10.50
2010.06.15 07:47:10.180,0.97745,0.97785,8.00,1.00
2010.06.15 07:47:10.520,0.9774,0.9778,4.00,5.60
2010.06.15 07:47:11.203,0.9775,0.97785,2.00,8.00
2010.06.15 07:47:11.651,0.97755,0.9779,4.00,2.50
2010.06.15 07:47:11.920,0.97755,0.97785,4.00,1.00
2010.06.15 07:47:12.191,0.9775,0.9778,1.00,2.40
2010.06.15 07:47:13.212,0.97745,0.9778,1.00,7.20
2010.06.15 07:47:13.551,0.9774,0.9778,10.80,2.40
2010.06.15 07:47:14.229,0.9774,0.9778,10.80,2.50
2010.06.15 07:47:14.520,0.9774,0.9778,8.40,2.50
2010.06.15 07:47:14.820,0.9774,0.9778,10.80,2.50
2010.06.15 07:47:15.409,0.9774,0.9778,10.80,2.40
2010.06.15 07:47:15.579,0.9774,0.9778,10.90,2.40
2010.06.15 07:47:15.762,0.9774,0.97785,10.90,8.10
2010.06.15 07:47:15.933,0.97745,0.9778,9.60,1.00
2010.06.15 07:47:16.101,0.97745,0.9778,8.00,1.00
2010.06.15 07:47:16.269,0.9774,0.9778,10.80,2.50
2010.06.15 07:47:17.105,0.9774,0.9778,10.80,2.40
2010.06.15 07:47:17.324,0.97745,0.9778,4.00,1.00
2010.06.15 07:47:17.539,0.97745,0.9778,4.00,2.50
2010.06.15 07:47:17.850,0.97745,0.9778,4.00,1.00
2010.06.15 07:47:18.159,0.97745,0.9778,4.00,2.50
2010.06.15 07:47:18.470,0.9774,0.9778,8.40,2.50
2010.06.15 07:47:18.780,0.9774,0.9778,4.40,2.50
2010.06.15 07:47:19.201,0.9774,0.9778,4.40,2.40
2010.06.15 07:47:19.550,0.97745,0.97775,4.00,1.00
2010.06.15 07:47:19.894,0.9774,0.9778,8.40,2.50
2010.06.15 07:47:20.220,0.9774,0.9778,8.40,2.40
2010.06.15 07:47:20.554,0.97745,0.9778,9.60,2.40
2010.06.15 07:47:20.881,0.9775,0.9779,2.40,10.50
2010.06.15 07:47:21.151,0.9775,0.97785,2.40,1.00
2010.06.15 07:47:21.861,0.97745,0.97785,9.60,1.00
2010.06.15 07:47:22.135,0.97745,0.97785,9.60,1.70
2010.06.15 07:47:24.529,0.97745,0.97785,9.70,1.60
2010.06.15 07:47:25.267,0.97745,0.97785,9.60,1.70
2010.06.15 07:47:25.614,0.97745,0.9778,1.60,2.40
2010.06.15 07:47:25.953,0.97745,0.97785,9.60,4.10
2010.06.15 07:47:26.291,0.97745,0.97785,8.00,1.00
2010.06.15 07:47:26.694,0.97745,0.9778,8.00,2.40
2010.06.15 07:47:27.031,0.97745,0.97785,4.00,4.10
2010.06.15 07:47:27.369,0.97745,0.97785,8.00,1.00
2010.06.15 07:47:31.079,0.97745,0.9779,8.10,10.50
2010.06.15 07:47:31.400,0.97745,0.97785,8.00,1.00
2010.06.15 07:47:31.863,0.97745,0.9779,8.10,10.50
2010.06.15 07:47:33.001,0.97755,0.9779,8.00,2.50
2010.06.15 07:47:33.341,0.97755,0.9779,8.00,2.40
2010.06.15 07:47:33.621,0.97755,0.9778,8.00,1.60
2010.06.15 07:47:34.030,0.9775,0.9778,4.00,1.60
2010.06.15 07:47:34.316,0.97735,0.9777,8.00,1.60
2010.06.15 07:47:34.596,0.97735,0.9777,8.00,4.80
2010.06.15 07:47:35.031,0.97735,0.9777,8.00,4.00
2010.06.15 07:47:35.374,0.97745,0.97775,8.00,1.00
2010.06.15 07:47:35.898,0.97745,0.9778,8.00,2.50
2010.06.15 07:47:36.241,0.97745,0.97775,8.00,1.00
2010.06.15 07:47:36.581,0.97745,0.9778,8.00,1.00
2010.06.15 07:47:37.261,0.9775,0.9778,4.00,2.40
2010.06.15 07:47:37.675,0.9775,0.97785,4.00,1.00
2010.06.15 07:47:38.022,0.9775,0.97785,4.00,1.00
2010.06.15 07:47:38.701,0.97745,0.9778,8.00,2.50
2010.06.15 07:47:38.950,0.9774,0.9778,11.50,2.50
2010.06.15 07:47:39.369,0.9774,0.9778,10.80,2.50
2010.06.15 07:47:39.850,0.9774,0.9778,6.80,6.50
2010.06.15 07:47:40.059,0.9774,0.9778,6.80,4.10
2010.06.15 07:47:41.819,0.9774,0.9778,6.80,1.00
2010.06.15 07:47:43.150,0.9774,0.9778,6.80,4.10
2010.06.15 07:47:43.409,0.9774,0.9778,6.80,1.00
2010.06.15 07:47:46.021,0.9774,0.97775,4.40,1.00
2010.06.15 07:47:46.671,0.9774,0.97775,6.80,1.00
2010.06.15 07:47:46.902,0.9774,0.97775,2.80,1.00
2010.06.15 07:47:46.950,0.9774,0.97775,6.80,1.00
2010.06.15 07:47:47.290,0.9774,0.97775,2.80,1.00
2010.06.15 07:47:47.630,0.9774,0.97775,1.00,1.00
2010.06.15 07:47:49.003,0.9774,0.97775,2.40,1.00
2010.06.15 07:47:49.210,0.9774,0.97775,4.40,1.00
2010.06.15 07:47:49.902,0.9774,0.97775,1.00,1.00
2010.06.15 07:47:50.310,0.9774,0.9778,1.00,10.50
2010.06.15 07:47:50.630,0.9774,0.97775,6.80,1.00
2010.06.15 07:47:50.954,0.9774,0.97775,4.40,1.00
2010.06.15 07:47:51.276,0.97735,0.9778,10.40,11.30
2010.06.15 07:47:51.553,0.97735,0.97775,8.00,1.00
2010.06.15 07:47:51.984,0.9773,0.97775,10.80,8.00
2010.06.15 07:47:52.252,0.97735,0.97775,4.00,4.10
2010.06.15 07:47:52.590,0.97735,0.97775,8.00,1.00
2010.06.15 07:47:54.452,0.97735,0.97765,8.00,1.00
2010.06.15 07:47:54.582,0.97735,0.97765,8.00,1.70
2010.06.15 07:47:54.713,0.9773,0.9776,2.90,1.00
2010.06.15 07:47:55.041,0.9773,0.9776,1.00,1.60
2010.06.15 07:47:55.173,0.9773,0.97765,1.60,8.40
2010.06.15 07:47:55.303,0.97745,0.9777,1.60,9.20
2010.06.15 07:47:55.525,0.97745,0.9777,1.60,8.80
2010.06.15 07:47:55.865,0.9774,0.9778,6.40,4.00
2010.06.15 07:47:58.249,0.9774,0.9778,7.40,4.00
2010.06.15 07:47:58.592,0.9775,0.9779,2.40,8.00
2010.06.15 07:47:58.931,0.9775,0.97795,6.40,8.40
2010.06.15 07:47:59.610,0.9775,0.97795,6.40,8.50
2010.06.15 07:47:59.950,0.97755,0.9779,1.60,6.40
2010.06.15 07:48:00.180,0.97755,0.97795,9.60,1.00
2010.06.15 07:48:02.522,0.97755,0.978,9.60,12.80
2010.06.15 07:48:02.599,0.97765,0.978,1.60,12.80
2010.06.15 07:48:02.670,0.97765,0.97795,1.60,1.00
2010.06.15 07:48:02.750,0.97765,0.978,1.60,12.10
2010.06.15 07:48:02.830,0.97765,0.978,1.60,8.10
2010.06.15 07:48:03.066,0.97765,0.978,1.60,4.10
2010.06.15 07:48:03.414,0.97765,0.97795,1.60,1.00
2010.06.15 07:48:04.430,0.97765,0.978,1.60,4.10
2010.06.15 07:48:05.790,0.97765,0.978,1.60,4.00
2010.06.15 07:48:06.305,0.9776,0.9779,9.60,1.70
2010.06.15 07:48:06.513,0.97765,0.9779,1.60,6.40
2010.06.15 07:48:06.922,0.9776,0.9779,1.00,2.40
2010.06.15 07:48:08.021,0.9776,0.9779,1.00,2.50
2010.06.15 07:48:08.669,0.9776,0.9779,1.00,2.40
2010.06.15 07:48:08.980,0.9776,0.97785,1.00,1.00
2010.06.15 07:48:09.291,0.9776,0.9778,1.00,1.00
2010.06.15 07:48:09.501,0.9775,0.9778,8.00,1.00
2010.06.15 07:48:09.711,0.97745,0.9778,10.40,1.00
2010.06.15 07:48:09.927,0.97745,0.97785,12.00,1.00
2010.06.15 07:48:10.142,0.97755,0.97785,2.00,1.00
2010.06.15 07:48:11.192,0.9775,0.97785,7.50,1.60
2010.06.15 07:48:11.833,0.97755,0.9778,1.60,2.40
2010.06.15 07:48:12.162,0.9777,0.978,2.00,2.50
2010.06.15 07:48:12.593,0.9777,0.978,2.00,1.00
2010.06.15 07:48:12.929,0.9777,0.97805,2.00,8.10
2010.06.15 07:48:13.612,0.9777,0.97805,1.00,9.70
2010.06.15 07:48:13.954,0.9777,0.978,2.00,1.00
2010.06.15 07:48:14.293,0.9777,0.978,2.00,1.00
2010.06.15 07:48:14.633,0.97765,0.978,3.00,1.00
2010.06.15 07:48:14.972,0.97765,0.978,2.40,8.00
2010.06.15 07:48:15.311,0.97765,0.978,1.60,4.00
2010.06.15 07:48:15.650,0.97765,0.97805,1.60,9.70
2010.06.15 07:48:15.982,0.97765,0.97805,3.60,9.60
2010.06.15 07:48:16.484,0.9778,0.97805,4.00,8.00
2010.06.15 07:48:16.817,0.97775,0.97815,2.80,8.00
2010.06.15 07:48:17.302,0.97775,0.97815,1.00,9.60
2010.06.15 07:48:17.595,0.97775,0.9781,1.00,4.00
2010.06.15 07:48:17.941,0.97775,0.9781,1.00,8.00
2010.06.15 07:48:18.713,0.97775,0.9781,1.00,10.50
2010.06.15 07:48:20.010,0.97775,0.97805,1.00,1.00
2010.06.15 07:48:20.689,0.97775,0.9781,1.00,10.40
2010.06.15 07:48:21.385,0.97775,0.9781,1.00,8.00
2010.06.15 07:48:21.572,0.97775,0.9781,2.00,8.10
2010.06.15 07:48:21.761,0.97775,0.9781,2.00,10.50
2010.06.15 07:48:21.951,0.97775,0.9781,2.00,10.40
2010.06.15 07:48:22.292,0.97775,0.97805,2.00,1.00
2010.06.15 07:48:22.971,0.9778,0.9781,1.60,6.50
2010.06.15 07:48:23.241,0.97775,0.9781,2.00,8.10
2010.06.15 07:48:23.510,0.9777,0.9781,8.40,8.10
2010.06.15 07:48:23.779,0.9777,0.97805,8.40,1.00
2010.06.15 07:48:24.049,0.97775,0.97805,1.60,1.00
2010.06.15 07:48:24.389,0.97775,0.9781,1.60,6.50
2010.06.15 07:48:24.857,0.9778,0.9781,1.60,1.00
2010.06.15 07:48:25.204,0.97775,0.97815,3.60,8.00
2010.06.15 07:48:25.411,0.9779,0.97815,1.60,4.00
2010.06.15 07:48:25.623,0.97775,0.9782,12.40,10.50
2010.06.15 07:48:25.831,0.97775,0.97815,11.60,1.00
2010.06.15 07:48:26.240,0.97775,0.97815,10.00,1.00
2010.06.15 07:48:26.819,0.97775,0.9782,10.00,10.50
2010.06.15 07:48:27.109,0.97775,0.97815,10.00,1.00
2010.06.15 07:48:27.700,0.97775,0.97815,10.00,1.00
2010.06.15 07:48:29.099,0.9778,0.9782,2.40,10.50
2010.06.15 07:48:29.403,0.97775,0.9781,10.40,1.00
2010.06.15 07:48:29.701,0.97775,0.9781,10.00,1.00
2010.06.15 07:48:30.001,0.97775,0.9782,10.00,10.40
2010.06.15 07:48:30.301,0.9778,0.9782,10.80,2.40
2010.06.15 07:48:30.640,0.9778,0.9782,10.80,2.50
2010.06.15 07:48:31.320,0.9778,0.97815,1.00,8.00
2010.06.15 07:48:31.641,0.97775,0.9781,1.00,4.00
2010.06.15 07:48:31.963,0.9778,0.97815,2.40,8.10
2010.06.15 07:48:32.280,0.9778,0.97815,2.40,4.10
2010.06.15 07:48:32.621,0.97775,0.97815,4.90,8.10
2010.06.15 07:48:32.961,0.9778,0.97815,2.40,1.00
2010.06.15 07:48:33.640,0.9777,0.9781,4.40,2.40
2010.06.15 07:48:34.320,0.9777,0.9781,4.40,6.40
2010.06.15 07:48:34.899,0.9777,0.97815,10.80,8.10
2010.06.15 07:48:35.601,0.9777,0.9781,8.00,2.40
2010.06.15 07:48:35.909,0.9777,0.97815,10.40,8.00
2010.06.15 07:48:36.852,0.9777,0.97805,8.00,1.60
2010.06.15 07:48:37.191,0.9777,0.97805,8.00,1.00
2010.06.15 07:48:37.531,0.9776,0.978,7.10,2.40
2010.06.15 07:48:37.869,0.9776,0.978,6.40,2.40
2010.06.15 07:48:39.637,0.97765,0.978,1.60,6.40
2010.06.15 07:48:39.893,0.97765,0.97805,10.00,1.00
2010.06.15 07:48:40.992,0.97765,0.978,10.00,1.00
2010.06.15 07:48:41.220,0.97765,0.978,8.00,1.70
2010.06.15 07:48:41.451,0.97765,0.97795,8.00,1.00
2010.06.15 07:48:41.680,0.9776,0.97795,10.40,1.00
2010.06.15 07:48:42.103,0.9776,0.97795,4.00,1.00
2010.06.15 07:48:42.364,0.9776,0.97795,2.40,1.00
2010.06.15 07:48:42.622,0.9776,0.97795,2.40,9.70
2010.06.15 07:48:43.030,0.97755,0.97795,1.60,8.10
2010.06.15 07:48:43.373,0.97755,0.978,10.00,12.10
2010.06.15 07:48:43.710,0.97755,0.978,10.10,12.10
2010.06.15 07:48:43.992,0.9776,0.97795,4.00,1.00
2010.06.15 07:48:44.449,0.97755,0.97795,10.00,1.00
2010.06.15 07:48:44.720,0.97755,0.97795,10.00,4.00
2010.06.15 07:48:45.060,0.97755,0.978,10.10,12.10
2010.06.15 07:48:45.401,0.97755,0.97795,9.60,1.00
2010.06.15 07:48:45.740,0.9776,0.97795,4.00,1.00
2010.06.15 07:48:46.079,0.97755,0.97795,9.60,1.00
2010.06.15 07:48:46.390,0.97755,0.97795,10.00,1.00
2010.06.15 07:48:46.700,0.97755,0.97795,10.80,1.00
2010.06.15 07:48:47.010,0.97755,0.97795,10.40,1.00
2010.06.15 07:48:47.290,0.97755,0.97795,10.00,1.00
2010.06.15 07:48:48.600,0.97765,0.978,1.60,12.10
2010.06.15 07:48:48.952,0.9776,0.978,4.00,6.40
2010.06.15 07:48:49.294,0.9776,0.97805,10.80,8.00
2010.06.15 07:48:49.833,0.9777,0.9781,4.00,2.40
2010.06.15 07:48:50.175,0.9777,0.9781,10.40,1.60
2010.06.15 07:48:50.581,0.97765,0.9781,8.00,12.00
2010.06.15 07:48:50.924,0.9777,0.9781,4.00,4.00
2010.06.15 07:48:51.261,0.9777,0.9781,8.00,1.00
2010.06.15 07:48:51.605,0.97775,0.97815,8.00,1.70
2010.06.15 07:48:52.291,0.97775,0.97815,9.60,1.70
2010.06.15 07:48:52.634,0.97775,0.97815,9.60,1.00
2010.06.15 07:48:52.972,0.9778,0.97815,4.00,1.00
2010.06.15 07:48:53.989,0.9778,0.97815,4.00,1.00
2010.06.15 07:48:54.789,0.9778,0.97815,4.00,1.00
2010.06.15 07:48:55.750,0.9778,0.9782,4.00,8.10
2010.06.15 07:48:55.900,0.9778,0.97815,4.00,1.00
2010.06.15 07:48:56.262,0.9778,0.97815,6.40,1.00
2010.06.15 07:48:56.451,0.9778,0.97815,6.80,1.00
2010.06.15 07:48:56.640,0.97785,0.97815,1.60,1.00
2010.06.15 07:48:56.863,0.97785,0.9782,1.60,4.00
2010.06.15 07:48:57.053,0.9778,0.9782,10.80,4.00
2010.06.15 07:48:57.770,0.9778,0.9782,10.80,4.10
2010.06.15 07:48:58.109,0.9778,0.9782,10.40,4.10
2010.06.15 07:48:58.450,0.9778,0.97825,10.50,8.10
2010.06.15 07:48:59.370,0.97775,0.9782,8.80,11.30
2010.06.15 07:48:59.711,0.97775,0.97815,4.00,4.00
2010.06.15 07:49:00.050,0.9777,0.9781,4.00,2.40
2010.06.15 07:49:00.731,0.97765,0.978,9.60,1.60
2010.06.15 07:49:01.002,0.97765,0.978,5.60,1.60
2010.06.15 07:49:01.272,0.97765,0.97805,9.60,1.00
2010.06.15 07:49:01.859,0.97765,0.9781,9.60,12.50
2010.06.15 07:49:02.061,0.9777,0.9781,10.40,1.60
2010.06.15 07:49:02.251,0.9777,0.97815,10.40,8.10
2010.06.15 07:49:03.169,0.9777,0.97815,10.80,8.10
2010.06.15 07:49:03.521,0.9777,0.9781,10.80,1.60
2010.06.15 07:49:04.026,0.9777,0.9781,6.80,5.60
2010.06.15 07:49:04.366,0.97775,0.9781,8.00,4.00
2010.06.15 07:49:04.704,0.9777,0.9781,12.80,4.00
2010.06.15 07:49:05.042,0.9777,0.9781,13.90,8.00
2010.06.15 07:49:05.380,0.9777,0.97805,7.50,1.00
2010.06.15 07:49:05.721,0.9777,0.97805,7.30,1.00
2010.06.15 07:49:06.176,0.97775,0.9781,4.00,4.00
2010.06.15 07:49:06.523,0.97775,0.97815,4.00,4.10
2010.06.15 07:49:06.861,0.97775,0.9781,4.00,1.00
2010.06.15 07:49:07.200,0.9777,0.9781,11.20,1.00
2010.06.15 07:49:07.540,0.9777,0.9781,11.40,1.00
2010.06.15 07:49:07.880,0.9777,0.9781,6.80,1.00
2010.06.15 07:49:08.221,0.97775,0.9781,1.60,2.50
2010.06.15 07:49:08.602,0.97775,0.9781,9.60,1.00
2010.06.15 07:49:08.943,0.97775,0.9781,6.00,1.00
2010.06.15 07:49:09.230,0.97775,0.9781,9.10,1.00
2010.06.15 07:49:10.346,0.97775,0.97805,2.90,1.00
2010.06.15 07:49:10.571,0.97775,0.97805,1.00,1.70
2010.06.15 07:49:10.802,0.97765,0.97805,2.00,9.70
2010.06.15 07:49:11.140,0.9777,0.97805,2.40,1.70
2010.06.15 07:49:12.141,0.9777,0.97805,6.40,1.70
2010.06.15 07:49:12.460,0.9777,0.97805,6.80,1.00
2010.06.15 07:49:13.440,0.97775,0.97805,1.00,1.00
2010.06.15 07:49:13.781,0.97775,0.97805,1.00,1.70
2010.06.15 07:49:14.120,0.9777,0.97805,9.20,1.70
2010.06.15 07:49:14.299,0.9777,0.97805,6.40,1.70
2010.06.15 07:49:14.643,0.9777,0.978,4.00,1.00
2010.06.15 07:49:14.823,0.97765,0.978,10.50,1.00
2010.06.15 07:49:15.163,0.9777,0.978,4.00,1.00
2010.06.15 07:49:15.501,0.97765,0.97805,10.00,1.70
2010.06.15 07:49:15.841,0.9777,0.97805,6.40,1.70
2010.06.15 07:49:16.229,0.9777,0.97805,4.00,1.70
2010.06.15 07:49:16.457,0.97775,0.9781,4.00,4.10
2010.06.15 07:49:16.695,0.9777,0.97815,11.30,9.70
2010.06.15 07:49:16.932,0.9777,0.97815,10.90,9.70
2010.06.15 07:49:17.276,0.9778,0.97815,4.00,5.60
2010.06.15 07:49:17.800,0.97775,0.97815,8.00,1.70
2010.06.15 07:49:18.141,0.9778,0.9782,12.00,2.40
2010.06.15 07:49:18.481,0.97785,0.9782,4.00,1.00
2010.06.15 07:49:18.943,0.9778,0.97815,12.40,1.00
2010.06.15 07:49:19.213,0.97785,0.97825,8.00,1.00
2010.06.15 07:49:19.483,0.9779,0.9783,2.00,12.00
2010.06.15 07:49:19.933,0.97795,0.9784,8.00,14.40
2010.06.15 07:49:20.271,0.97795,0.9784,8.00,12.00
2010.06.15 07:49:20.743,0.97795,0.9783,4.00,4.00
2010.06.15 07:49:21.084,0.9779,0.9783,6.40,4.00
2010.06.15 07:49:21.424,0.9779,0.97835,10.40,8.00
2010.06.15 07:49:21.765,0.9779,0.9781,10.40,1.00
2010.06.15 07:49:22.113,0.9778,0.97815,2.40,10.10
2010.06.15 07:49:22.618,0.97775,0.97815,8.00,1.60
2010.06.15 07:49:22.965,0.9777,0.97815,12.40,9.60
2010.06.15 07:49:23.430,0.97775,0.97815,8.00,1.60
2010.06.15 07:49:23.792,0.9777,0.97815,13.20,8.00
2010.06.15 07:49:24.137,0.9778,0.9782,6.40,6.40
2010.06.15 07:49:24.475,0.9779,0.97825,12.00,1.00
2010.06.15 07:49:24.804,0.97785,0.9782,1.00,1.60
2010.06.15 07:49:25.297,0.9778,0.97825,10.80,8.10
2010.06.15 07:49:25.643,0.97785,0.97825,8.00,1.00
2010.06.15 07:49:26.570,0.9779,0.9783,4.40,9.70
2010.06.15 07:49:26.821,0.9779,0.9783,4.00,10.50
2010.06.15 07:49:27.081,0.97785,0.9783,9.20,8.00
2010.06.15 07:49:27.342,0.97795,0.97835,5.60,5.70
2010.06.15 07:49:28.072,0.978,0.97835,4.00,1.00
2010.06.15 07:49:28.371,0.978,0.97835,4.00,1.00
2010.06.15 07:49:28.850,0.978,0.97835,1.60,1.00
2010.06.15 07:49:29.195,0.97795,0.97835,1.60,9.70
2010.06.15 07:49:29.871,0.97795,0.97835,5.60,5.70
2010.06.15 07:49:30.413,0.978,0.97835,4.00,5.60
2010.06.15 07:49:30.753,0.978,0.97835,4.00,1.60
2010.06.15 07:49:31.090,0.978,0.97835,8.00,1.60
2010.06.15 07:49:32.080,0.978,0.97835,12.00,1.60
2010.06.15 07:49:32.361,0.978,0.97845,12.00,9.70
2010.06.15 07:49:32.700,0.978,0.9784,12.00,1.00
2010.06.15 07:49:33.041,0.978,0.9784,8.00,1.00
2010.06.15 07:49:34.929,0.978,0.97845,8.00,9.60
2010.06.15 07:49:35.275,0.9781,0.97845,1.60,1.00
2010.06.15 07:49:35.623,0.978,0.97845,8.00,9.70
2010.06.15 07:49:36.007,0.978,0.97845,12.00,9.70
2010.06.15 07:49:36.215,0.978,0.9784,12.00,1.00
2010.06.15 07:49:36.421,0.978,0.97845,12.00,9.70
2010.06.15 07:49:37.012,0.97795,0.9784,8.40,11.30
2010.06.15 07:49:37.354,0.9779,0.97835,12.40,9.60
2010.06.15 07:49:37.845,0.9779,0.97835,9.60,9.60
2010.06.15 07:49:38.198,0.9778,0.97825,11.40,8.00
2010.06.15 07:49:38.540,0.9778,0.97825,10.80,8.00
2010.06.15 07:49:38.931,0.9778,0.97825,10.40,8.00
2010.06.15 07:49:39.266,0.9778,0.97825,6.40,8.50
2010.06.15 07:49:39.585,0.9778,0.97825,10.40,8.00
2010.06.15 07:49:39.903,0.9778,0.9782,10.40,2.40
2010.06.15 07:49:40.522,0.9778,0.9782,10.80,2.40
2010.06.15 07:49:40.834,0.97785,0.97825,8.00,1.00
2010.06.15 07:49:41.123,0.9778,0.9782,10.80,2.40
2010.06.15 07:49:41.691,0.97785,0.9783,10.00,12.10
2010.06.15 07:49:41.983,0.9779,0.97835,10.40,8.10
2010.06.15 07:49:42.212,0.9779,0.97835,10.80,8.00
2010.06.15 07:49:42.440,0.9779,0.97835,10.80,8.10
2010.06.15 07:49:43.013,0.978,0.9784,1.60,12.00
2010.06.15 07:49:43.692,0.978,0.9784,1.60,12.10
2010.06.15 07:49:44.031,0.978,0.97835,1.60,1.00
2010.06.15 07:49:44.240,0.978,0.9784,1.60,12.10
2010.06.15 07:49:44.450,0.978,0.9784,1.60,12.00
2010.06.15 07:49:44.661,0.9781,0.97845,1.60,4.80
2010.06.15 07:49:44.870,0.97805,0.9784,7.00,4.00
2010.06.15 07:49:45.080,0.978,0.9784,1.60,12.00
2010.06.15 07:49:45.420,0.978,0.9784,1.60,10.40
2010.06.15 07:49:45.761,0.978,0.9784,12.00,1.00
2010.06.15 07:49:46.102,0.97795,0.9784,8.00,10.50
2010.06.15 07:49:46.260,0.97795,0.9784,8.00,10.40
2010.06.15 07:49:46.420,0.97795,0.97835,4.00,4.00
2010.06.15 07:49:46.741,0.9779,0.9783,6.40,4.00
2010.06.15 07:49:46.904,0.97785,0.9783,10.00,10.40
2010.06.15 07:49:47.062,0.9779,0.97835,10.40,8.00
2010.06.15 07:49:47.371,0.9779,0.9783,4.00,2.40
2010.06.15 07:49:47.683,0.9779,0.9783,4.00,6.40
2010.06.15 07:49:47.994,0.9779,0.9783,6.40,4.10
2010.06.15 07:49:48.305,0.9779,0.97835,6.40,8.00
2010.06.15 07:49:48.981,0.9779,0.97835,10.40,8.10
2010.06.15 07:49:49.323,0.97795,0.97835,8.00,1.20
2010.06.15 07:49:49.632,0.9779,0.9783,8.40,2.40
2010.06.15 07:49:49.942,0.9779,0.97835,11.50,8.00
2010.06.15 07:49:50.312,0.9779,0.97835,11.40,8.00
2010.06.15 07:49:50.551,0.978,0.9784,4.40,12.00
2010.06.15 07:49:50.791,0.978,0.97845,9.00,8.10
2010.06.15 07:49:51.030,0.97805,0.97845,4.00,4.10
2010.06.15 07:49:51.273,0.978,0.97845,12.40,8.00
2010.06.15 07:49:51.511,0.978,0.97845,13.10,8.10
2010.06.15 07:49:51.841,0.978,0.97845,12.40,8.10
2010.06.15 07:49:52.490,0.97805,0.97845,4.00,4.10
2010.06.15 07:49:53.679,0.97805,0.97845,4.00,4.00
2010.06.15 07:49:54.322,0.97805,0.9785,8.00,10.50
2010.06.15 07:49:54.650,0.9781,0.9785,2.00,10.50
2010.06.15 07:49:54.991,0.97805,0.9784,3.10,4.00
2010.06.15 07:49:55.332,0.9781,0.97845,2.40,8.00
2010.06.15 07:49:55.671,0.97805,0.9784,1.00,2.40
2010.06.15 07:49:56.087,0.978,0.9784,4.00,2.40
2010.06.15 07:49:56.433,0.978,0.9784,8.00,2.40
2010.06.15 07:49:57.961,0.978,0.9784,10.40,2.40
2010.06.15 07:49:58.160,0.978,0.97845,10.40,8.10
2010.06.15 07:49:58.785,0.978,0.9784,10.40,1.00
2010.06.15 07:49:59.471,0.978,0.97845,10.40,8.90
2010.06.15 07:49:59.813,0.978,0.9784,10.40,2.50
2010.06.15 07:50:00.853,0.97805,0.9784,1.60,2.40
2010.06.15 07:50:01.039,0.97805,0.9784,1.60,1.00
2010.06.15 07:50:01.219,0.97805,0.97845,1.60,8.10
2010.06.15 07:50:02.593,0.97805,0.97845,5.60,4.10
2010.06.15 07:50:02.831,0.97805,0.97845,1.60,8.10
2010.06.15 07:50:03.141,0.97805,0.97845,5.60,4.10
2010.06.15 07:50:03.483,0.97805,0.97835,5.60,1.00
2010.06.15 07:50:03.823,0.97795,0.97835,10.70,1.00
2010.06.15 07:50:04.345,0.97795,0.97835,10.00,1.00
2010.06.15 07:50:04.603,0.97795,0.97835,6.00,4.00
2010.06.15 07:50:04.860,0.978,0.97835,2.40,4.00
2010.06.15 07:50:05.469,0.978,0.9784,2.40,10.50
2010.06.15 07:50:06.154,0.978,0.97845,8.40,8.10
2010.06.15 07:50:06.536,0.978,0.9784,3.40,6.40
2010.06.15 07:50:06.762,0.978,0.97845,6.40,10.10
2010.06.15 07:50:07.220,0.978,0.9784,6.40,1.00
2010.06.15 07:50:07.560,0.978,0.9784,2.40,8.10
2010.06.15 07:50:08.369,0.978,0.9784,2.40,8.00
2010.06.15 07:50:09.261,0.978,0.9784,6.40,4.00
2010.06.15 07:50:09.431,0.978,0.97845,10.40,10.10
2010.06.15 07:50:10.099,0.978,0.9784,2.40,8.00
2010.06.15 07:50:10.310,0.978,0.97835,2.40,4.00
2010.06.15 07:50:10.530,0.978,0.9784,2.40,8.00
2010.06.15 07:50:11.489,0.978,0.9784,2.40,10.40
2010.06.15 07:50:11.739,0.97795,0.97835,2.00,9.60
2010.06.15 07:50:12.520,0.97795,0.97835,2.00,9.60
2010.06.15 07:50:12.867,0.97795,0.97835,2.00,9.70
2010.06.15 07:50:13.740,0.97795,0.97835,2.00,9.60
2010.06.15 07:50:14.739,0.97795,0.97835,2.00,9.70
2010.06.15 07:50:17.822,0.97805,0.97835,1.60,8.10
2010.06.15 07:50:18.007,0.97795,0.9783,2.60,8.00
2010.06.15 07:50:18.314,0.978,0.97835,1.20,9.70
2010.06.15 07:50:18.668,0.978,0.97835,2.80,9.60
2010.06.15 07:50:18.977,0.978,0.9783,4.40,8.10
2010.06.15 07:50:19.325,0.978,0.97825,2.80,1.00
2010.06.15 07:50:19.672,0.978,0.9783,4.40,8.10
2010.06.15 07:50:20.014,0.978,0.97825,1.00,4.00
2010.06.15 07:50:20.355,0.97795,0.9783,1.00,8.00
2010.06.15 07:50:20.695,0.97795,0.9783,1.00,4.00
2010.06.15 07:50:21.041,0.97795,0.97835,1.00,8.10
2010.06.15 07:50:21.381,0.9779,0.9783,15.80,1.00
2010.06.15 07:50:21.794,0.97795,0.9783,4.00,1.00
2010.06.15 07:50:22.140,0.97795,0.9784,8.00,10.50
2010.06.15 07:50:22.820,0.97795,0.9784,9.20,10.40
2010.06.15 07:50:23.008,0.978,0.9784,2.40,8.00
2010.06.15 07:50:23.185,0.978,0.9784,4.00,2.50
2010.06.15 07:50:23.533,0.978,0.9784,4.00,6.50
2010.06.15 07:50:23.873,0.97805,0.97845,4.00,4.00
2010.06.15 07:50:24.523,0.97815,0.97845,1.60,8.00
2010.06.15 07:50:24.833,0.97815,0.97855,1.60,9.70
2010.06.15 07:50:25.142,0.9782,0.97855,2.40,9.60
2010.06.15 07:50:25.454,0.9781,0.9785,8.00,2.40
2010.06.15 07:50:25.792,0.97805,0.9785,8.40,10.40
2010.06.15 07:50:26.133,0.97805,0.9785,8.00,10.50
2010.06.15 07:50:26.473,0.97815,0.97845,1.60,4.00
2010.06.15 07:50:26.718,0.97815,0.9785,13.60,2.40
2010.06.15 07:50:26.963,0.9782,0.97855,8.00,1.00
2010.06.15 07:50:27.295,0.9782,0.9786,4.00,7.00
2010.06.15 07:50:27.631,0.9782,0.9785,8.00,1.00
2010.06.15 07:50:27.972,0.9782,0.97845,4.00,1.00
2010.06.15 07:50:28.311,0.9782,0.97845,4.00,1.00
2010.06.15 07:50:28.651,0.97815,0.97845,8.00,1.00
2010.06.15 07:50:28.991,0.9781,0.97845,8.00,1.00
2010.06.15 07:50:29.751,0.9782,0.97855,8.00,2.00
2010.06.15 07:50:30.094,0.9782,0.9786,2.40,2.20
2010.06.15 07:50:30.436,0.9783,0.9786,4.00,1.00
2010.06.15 07:50:30.782,0.9782,0.97865,10.40,1.00
2010.06.15 07:50:31.307,0.97825,0.97865,4.00,1.00
2010.06.15 07:50:31.655,0.97825,0.9786,4.00,1.00
2010.06.15 07:50:31.993,0.9782,0.9786,8.00,2.50
2010.06.15 07:50:32.334,0.9782,0.97865,12.00,1.70
2010.06.15 07:50:32.673,0.97825,0.9786,8.00,1.00
2010.06.15 07:50:33.190,0.97825,0.97865,8.00,1.70
2010.06.15 07:50:33.451,0.9783,0.97865,4.00,1.70
2010.06.15 07:50:35.024,0.9783,0.97865,1.60,4.00
2010.06.15 07:50:35.324,0.9783,0.97865,4.00,1.60
2010.06.15 07:50:36.424,0.9783,0.9787,4.00,10.40
2010.06.15 07:50:36.761,0.97835,0.97875,4.00,5.70
2010.06.15 07:50:37.400,0.9783,0.9787,13.00,1.00
2010.06.15 07:50:37.620,0.9783,0.9787,12.00,1.00
2010.06.15 07:50:38.052,0.9783,0.9787,8.00,1.00
2010.06.15 07:50:38.271,0.9783,0.9787,8.00,4.10
2010.06.15 07:50:38.852,0.9786,0.9788,2.40,1.50
2010.06.15 07:50:39.191,0.97875,0.9788,1.60,1.00
2010.06.15 07:50:39.543,0.97895,0.979,1.60,2.90
2010.06.15 07:50:39.884,0.97895,0.9792,1.00,1.70
2010.06.15 07:50:40.224,0.9789,0.9792,3.60,2.40
2010.06.15 07:50:40.563,0.979,0.9792,4.00,1.70
2010.06.15 07:50:40.902,0.9789,0.9793,4.40,2.90
2010.06.15 07:50:41.301,0.97895,0.9793,4.00,2.90
2010.06.15 07:50:41.645,0.9791,0.9794,6.40,1.60
2010.06.15 07:50:42.131,0.9791,0.9795,4.00,5.70
2010.06.15 07:50:42.484,0.97915,0.97955,10.00,1.00
2010.06.15 07:50:42.989,0.97915,0.9795,11.40,1.00
2010.06.15 07:50:43.331,0.97915,0.9795,12.60,1.00
2010.06.15 07:50:43.672,0.97915,0.9795,1.00,1.00
2010.06.15 07:50:44.012,0.97915,0.97945,1.00,1.00
2010.06.15 07:50:44.353,0.97915,0.97935,1.00,1.60
2010.06.15 07:50:46.542,0.97915,0.97925,1.00,1.60
2010.06.15 07:50:46.881,0.9789,0.97925,10.80,1.60
2010.06.15 07:50:47.220,0.9789,0.97925,11.50,1.60
2010.06.15 07:50:48.230,0.9789,0.97925,11.50,1.70
2010.06.15 07:50:48.572,0.97895,0.9793,4.00,1.00
2010.06.15 07:50:48.911,0.97895,0.9793,8.00,1.00
2010.06.15 07:50:49.513,0.979,0.9794,6.80,1.00
2010.06.15 07:50:49.784,0.979,0.97935,8.40,1.00
2010.06.15 07:50:50.202,0.97905,0.97935,1.00,1.00
2010.06.15 07:50:50.544,0.9791,0.9794,1.00,8.00
2010.06.15 07:50:50.884,0.9792,0.9795,1.00,4.10
2010.06.15 07:50:51.221,0.9792,0.9795,1.00,1.00
2010.06.15 07:50:52.642,0.97905,0.97935,3.10,1.60
2010.06.15 07:50:52.984,0.979,0.97935,5.90,1.60
2010.06.15 07:50:53.271,0.979,0.97935,5.90,1.70
2010.06.15 07:50:53.563,0.979,0.97925,2.40,5.60
2010.06.15 07:50:53.851,0.97895,0.97925,1.00,4.00
2010.06.15 07:50:54.310,0.9789,0.9793,5.20,10.50
2010.06.15 07:50:54.482,0.9789,0.9793,5.00,10.40
2010.06.15 07:50:54.822,0.9789,0.97925,7.20,8.00
2010.06.15 07:50:55.248,0.9789,0.9792,1.20,12.00
2010.06.15 07:50:55.596,0.9788,0.97915,1.00,6.40
2010.06.15 07:50:56.123,0.9787,0.9791,5.20,8.00
2010.06.15 07:50:56.461,0.9787,0.9791,2.40,8.00
2010.06.15 07:50:57.712,0.97875,0.9791,1.00,4.00
2010.06.15 07:50:57.941,0.97875,0.9791,1.00,8.00
2010.06.15 07:50:58.404,0.9788,0.9792,6.40,5.60
2010.06.15 07:50:58.741,0.97875,0.9792,8.40,12.00
2010.06.15 07:50:59.805,0.97875,0.97915,8.40,1.00
2010.06.15 07:51:00.143,0.9787,0.9791,10.40,1.00
2010.06.15 07:51:00.484,0.9787,0.9791,10.40,1.60
2010.06.15 07:51:00.811,0.97875,0.9791,8.00,1.60
2010.06.15 07:51:00.996,0.9788,0.9792,4.00,9.70
2010.06.15 07:51:01.191,0.97875,0.9791,8.00,1.00
2010.06.15 07:51:01.561,0.9787,0.97905,9.60,1.00
2010.06.15 07:51:01.906,0.9787,0.979,1.00,1.00
2010.06.15 07:51:02.426,0.97865,0.97905,8.40,1.00
2010.06.15 07:51:02.774,0.9787,0.97905,2.40,8.10
2010.06.15 07:51:03.316,0.97865,0.979,1.00,1.00
2010.06.15 07:51:03.492,0.9786,0.979,2.40,8.10
2010.06.15 07:51:03.831,0.9786,0.979,2.40,8.00
2010.06.15 07:51:04.890,0.9786,0.979,2.40,8.10
2010.06.15 07:51:05.231,0.9787,0.979,2.40,4.00
2010.06.15 07:51:05.571,0.9786,0.979,10.80,4.00
2010.06.15 07:51:05.910,0.97865,0.979,1.00,4.00
2010.06.15 07:51:06.470,0.97865,0.979,1.00,4.10
2010.06.15 07:51:06.751,0.9787,0.979,1.60,1.00
2010.06.15 07:51:07.031,0.9786,0.979,11.20,5.70
2010.06.15 07:51:07.373,0.9786,0.979,5.30,5.60
2010.06.15 07:51:07.712,0.9786,0.979,8.50,4.00
2010.06.15 07:51:08.391,0.9786,0.979,8.40,4.10
2010.06.15 07:51:09.753,0.9786,0.979,2.80,8.10
2010.06.15 07:51:10.073,0.9786,0.979,2.80,8.00
2010.06.15 07:51:10.382,0.97865,0.979,1.60,1.00
2010.06.15 07:51:10.693,0.9786,0.97895,6.80,4.00
2010.06.15 07:51:11.001,0.9786,0.97895,2.80,4.00
2010.06.15 07:51:11.762,0.9786,0.97895,1.00,4.00
2010.06.15 07:51:12.107,0.97855,0.97895,1.60,8.10
2010.06.15 07:51:12.936,0.97855,0.97895,1.60,8.00
2010.06.15 07:51:13.254,0.9785,0.9789,2.80,8.10
2010.06.15 07:51:13.562,0.9785,0.9789,3.10,9.70
2010.06.15 07:51:13.888,0.97845,0.9789,10.00,12.10
2010.06.15 07:51:14.851,0.97845,0.9789,10.00,9.70
2010.06.15 07:51:15.648,0.97855,0.9789,1.60,5.70
2010.06.15 07:51:16.770,0.9786,0.9789,1.60,4.00
2010.06.15 07:51:16.960,0.9786,0.97895,4.00,1.00
2010.06.15 07:51:17.403,0.97855,0.9789,1.60,10.40
2010.06.15 07:51:17.592,0.9785,0.9789,1.60,10.40
2010.06.15 07:51:17.930,0.9785,0.9789,2.30,10.50
2010.06.15 07:51:18.270,0.9785,0.9789,1.00,10.50
2010.06.15 07:51:18.610,0.9784,0.97885,10.60,8.00
2010.06.15 07:51:18.950,0.9784,0.97885,14.40,8.10
2010.06.15 07:51:19.972,0.9785,0.97885,1.60,4.10
2010.06.15 07:51:20.450,0.9785,0.97885,1.60,1.00
2010.06.15 07:51:21.129,0.9785,0.9789,8.00,1.00
2010.06.15 07:51:23.439,0.9785,0.97885,8.00,1.00
2010.06.15 07:51:23.782,0.9785,0.9789,8.00,4.10
2010.06.15 07:51:24.120,0.9785,0.9789,8.00,1.00
2010.06.15 07:51:24.464,0.97845,0.9788,4.50,1.00
2010.06.15 07:51:24.803,0.9784,0.9788,8.00,4.00
2010.06.15 07:51:25.141,0.9784,0.9788,12.00,4.10
2010.06.15 07:51:25.579,0.9784,0.9788,8.00,4.10
2010.06.15 07:51:25.922,0.9784,0.9788,8.00,8.10
2010.06.15 07:51:26.262,0.9784,0.97875,8.00,1.60
2010.06.15 07:51:26.462,0.9785,0.9788,1.60,2.40
2010.06.15 07:51:26.660,0.9785,0.97885,8.00,4.00
2010.06.15 07:51:27.537,0.9785,0.9789,2.40,8.10
2010.06.15 07:51:28.461,0.97845,0.97885,8.40,4.00
2010.06.15 07:51:28.801,0.9785,0.97885,2.40,4.00
2010.06.15 07:51:29.143,0.9785,0.9789,2.40,8.00
2010.06.15 07:51:29.483,0.97845,0.97885,5.00,4.00
2010.06.15 07:51:29.825,0.97845,0.97885,1.00,8.00
2010.06.15 07:51:30.163,0.9784,0.9788,7.20,4.00
2010.06.15 07:51:30.597,0.9784,0.9788,6.40,4.00
2010.06.15 07:51:31.281,0.9785,0.9789,2.40,10.50
2010.06.15 07:51:31.621,0.9785,0.97885,2.40,1.00
2010.06.15 07:51:34.929,0.97865,0.97885,4.00,1.00
2010.06.15 07:51:35.142,0.97865,0.97895,8.00,1.70
2010.06.15 07:51:35.351,0.97865,0.9789,8.00,2.50
2010.06.15 07:51:35.609,0.97865,0.9789,8.00,3.30
2010.06.15 07:51:35.827,0.97865,0.97895,8.00,1.00
2010.06.15 07:51:36.173,0.97865,0.97895,8.00,1.00
2010.06.15 07:51:36.511,0.97865,0.9789,8.00,2.40
2010.06.15 07:51:37.191,0.9785,0.9789,10.40,2.50
2010.06.15 07:51:38.232,0.97855,0.97895,1.60,4.10
2010.06.15 07:51:38.471,0.97855,0.97895,5.60,4.10
2010.06.15 07:51:38.808,0.97855,0.97895,9.60,1.00
2010.06.15 07:51:39.054,0.97855,0.9789,9.60,2.40
2010.06.15 07:51:39.393,0.97855,0.9789,8.00,4.90
2010.06.15 07:51:39.733,0.9785,0.9789,4.80,2.50
2010.06.15 07:51:40.072,0.9785,0.9789,6.40,6.40
2010.06.15 07:51:40.410,0.9785,0.97895,6.40,8.10
2010.06.15 07:51:40.751,0.97855,0.97895,4.00,4.10
2010.06.15 07:51:41.091,0.9785,0.9789,6.40,4.00
2010.06.15 07:51:41.421,0.9786,0.9789,2.40,4.00
2010.06.15 07:51:41.853,0.9786,0.979,2.40,12.40
2010.06.15 07:51:42.392,0.9786,0.979,2.40,12.50
2010.06.15 07:51:43.382,0.9786,0.979,2.40,10.10
2010.06.15 07:51:43.850,0.97855,0.97895,4.40,4.00
2010.06.15 07:51:44.191,0.9785,0.97895,10.80,8.10
2010.06.15 07:51:44.530,0.97855,0.97895,4.00,4.10
2010.06.15 07:51:45.210,0.97855,0.97895,4.00,4.00
2010.06.15 07:51:45.550,0.97855,0.97895,4.00,4.10
2010.06.15 07:51:46.922,0.9785,0.9789,10.80,2.50
2010.06.15 07:51:47.331,0.9785,0.9789,6.80,2.50
2010.06.15 07:51:48.151,0.9785,0.9789,10.80,2.40
2010.06.15 07:51:48.490,0.97855,0.97895,1.60,8.10
2010.06.15 07:51:48.791,0.97855,0.9789,10.00,1.00
2010.06.15 07:51:49.091,0.97855,0.97895,10.00,1.00
2010.06.15 07:51:49.391,0.97855,0.9789,10.00,1.00
2010.06.15 07:51:51.009,0.97855,0.97895,10.00,1.00
2010.06.15 07:51:53.221,0.97855,0.97895,2.00,8.10
2010.06.15 07:51:54.720,0.97855,0.9789,2.00,1.00
2010.06.15 07:51:54.901,0.97855,0.9789,1.60,4.10
2010.06.15 07:51:55.291,0.9785,0.9789,2.40,8.10
2010.06.15 07:51:59.552,0.9785,0.9789,2.40,8.00
2010.06.15 07:51:59.722,0.9785,0.9789,2.40,8.00
2010.06.15 07:52:00.899,0.9785,0.9789,2.40,8.10
2010.06.15 07:52:01.360,0.9785,0.9789,2.40,8.00
2010.06.15 07:52:01.604,0.97845,0.9789,8.40,10.40
2010.06.15 07:52:01.892,0.97845,0.9789,8.40,10.50
2010.06.15 07:52:04.832,0.97845,0.9788,8.00,2.40
2010.06.15 07:52:05.062,0.9784,0.9788,5.60,6.40
2010.06.15 07:52:06.213,0.9784,0.9787,1.60,2.40
2010.06.15 07:52:06.542,0.9784,0.9787,4.00,3.20
2010.06.15 07:52:06.842,0.9784,0.9787,4.00,1.00
2010.06.15 07:52:07.141,0.9784,0.97875,8.00,1.00
2010.06.15 07:52:08.399,0.97845,0.97875,4.00,1.00
2010.06.15 07:52:08.731,0.97845,0.97875,8.00,1.00
2010.06.15 07:52:09.098,0.9785,0.97875,4.00,1.00
2010.06.15 07:52:09.304,0.97845,0.9788,8.00,2.50
2010.06.15 07:52:09.497,0.97845,0.9787,4.00,2.40
2010.06.15 07:52:09.695,0.97835,0.9787,8.00,3.30
2010.06.15 07:52:10.033,0.97835,0.9787,4.00,3.30
2010.06.15 07:52:10.370,0.97835,0.9787,8.00,3.30
2010.06.15 07:52:10.711,0.97835,0.97865,4.00,1.00
2010.06.15 07:52:11.001,0.97835,0.97865,8.00,1.00
2010.06.15 07:52:11.477,0.97835,0.9787,8.00,2.50
2010.06.15 07:52:12.300,0.97835,0.9787,8.00,2.40
2010.06.15 07:52:12.571,0.97835,0.9787,8.00,2.50
2010.06.15 07:52:13.421,0.9783,0.9787,4.60,6.50
2010.06.15 07:52:13.672,0.9783,0.9787,10.40,1.00
2010.06.15 07:52:13.922,0.9784,0.97875,1.60,1.00
2010.06.15 07:52:14.849,0.9784,0.9788,1.60,12.00
2010.06.15 07:52:15.160,0.9784,0.9788,1.60,12.10
2010.06.15 07:52:15.381,0.9784,0.97875,1.60,1.00
2010.06.15 07:52:15.610,0.9784,0.9788,1.60,12.00
2010.06.15 07:52:15.917,0.9784,0.9788,4.00,9.60
2010.06.15 07:52:16.141,0.97835,0.9787,1.60,4.00
2010.06.15 07:52:16.392,0.9783,0.9787,8.40,4.00
2010.06.15 07:52:16.641,0.9783,0.97875,10.80,8.10
2010.06.15 07:52:17.479,0.9783,0.97875,10.80,8.00
2010.06.15 07:52:17.821,0.9783,0.9787,10.80,2.50
2010.06.15 07:52:18.280,0.9783,0.9787,10.80,2.40
2010.06.15 07:52:18.621,0.9783,0.97875,10.80,8.10
2010.06.15 07:52:18.962,0.9783,0.9787,10.80,2.50
2010.06.15 07:52:21.532,0.9783,0.9787,8.40,2.50
2010.06.15 07:52:21.932,0.9783,0.97865,8.40,1.00
2010.06.15 07:52:22.520,0.9783,0.97865,4.40,1.00
2010.06.15 07:52:25.986,0.97825,0.97855,6.80,1.70
2010.06.15 07:52:26.219,0.9782,0.97855,4.40,4.10
2010.06.15 07:52:26.511,0.9782,0.97855,2.80,4.10
2010.06.15 07:52:26.732,0.9782,0.97855,1.00,1.70
2010.06.15 07:52:27.072,0.9782,0.9786,1.60,10.90
2010.06.15 07:52:27.412,0.97815,0.97855,2.80,8.00
2010.06.15 07:52:27.751,0.97815,0.97855,7.20,4.10
2010.06.15 07:52:28.081,0.97815,0.9786,11.60,10.40
2010.06.15 07:52:28.449,0.97815,0.9786,11.40,10.40
2010.06.15 07:52:28.785,0.9782,0.97865,8.00,10.80
2010.06.15 07:52:29.299,0.9783,0.9786,4.00,1.00
2010.06.15 07:52:29.982,0.9783,0.97855,4.00,1.00
2010.06.15 07:52:30.322,0.97825,0.97855,8.00,1.00
2010.06.15 07:52:30.662,0.97825,0.97865,8.00,2.10
2010.06.15 07:52:31.001,0.9783,0.97865,4.00,2.00
2010.06.15 07:52:31.342,0.9783,0.9786,8.00,1.00
2010.06.15 07:52:32.021,0.97825,0.9786,4.00,1.00
2010.06.15 07:52:33.240,0.9782,0.9786,8.00,8.00
2010.06.15 07:52:33.442,0.9782,0.9786,4.00,12.00
2010.06.15 07:52:34.839,0.9782,0.97855,4.00,1.00
2010.06.15 07:52:35.229,0.9782,0.97855,4.00,1.00
2010.06.15 07:52:35.555,0.9782,0.97855,4.00,1.00
2010.06.15 07:52:35.820,0.9782,0.97855,2.40,1.60
2010.06.15 07:52:36.190,0.97825,0.9786,8.00,1.00
2010.06.15 07:52:36.442,0.97825,0.9786,4.00,1.00
2010.06.15 07:52:36.694,0.9782,0.9786,12.40,1.00
2010.06.15 07:52:36.943,0.97825,0.9786,4.00,1.00
2010.06.15 07:52:37.284,0.9782,0.97855,6.40,1.00
2010.06.15 07:52:37.622,0.9782,0.97855,2.40,1.00
2010.06.15 07:52:40.602,0.9782,0.97855,2.40,1.00
2010.06.15 07:52:40.821,0.9782,0.97855,2.40,1.70
2010.06.15 07:52:40.931,0.9781,0.97855,9.60,10.10
2010.06.15 07:52:41.043,0.9781,0.97855,8.40,8.50
2010.06.15 07:52:41.152,0.9782,0.97855,2.40,1.00
2010.06.15 07:52:41.451,0.97815,0.97855,8.00,1.00
2010.06.15 07:52:42.959,0.97815,0.9786,8.00,10.50
2010.06.15 07:52:43.305,0.9782,0.9786,2.40,8.10
2010.06.15 07:52:44.710,0.9782,0.97855,2.40,1.00
2010.06.15 07:52:45.250,0.9781,0.97855,8.00,10.10
2010.06.15 07:52:45.521,0.9782,0.97855,2.40,1.00
2010.06.15 07:52:47.173,0.97815,0.97855,8.00,2.10
2010.06.15 07:52:47.273,0.97815,0.97855,4.00,6.10
2010.06.15 07:52:47.460,0.9781,0.97855,8.00,10.10
2010.06.15 07:52:48.922,0.9781,0.9785,8.00,1.00
2010.06.15 07:52:51.015,0.97815,0.9785,1.00,6.40
2010.06.15 07:52:51.170,0.97815,0.9785,1.00,4.00
2010.06.15 07:52:51.330,0.97815,0.9785,1.00,4.00
2010.06.15 07:52:51.750,0.97815,0.9785,5.00,1.00
2010.06.15 07:52:54.969,0.97815,0.97855,5.00,4.10
2010.06.15 07:52:55.071,0.9782,0.97855,1.60,4.10
2010.06.15 07:52:55.181,0.9782,0.97855,8.00,1.00
2010.06.15 07:52:55.433,0.9782,0.9786,8.00,6.50
2010.06.15 07:52:55.683,0.97825,0.9786,1.00,2.50
2010.06.15 07:52:56.566,0.97825,0.9786,1.00,2.40
2010.06.15 07:52:56.917,0.97825,0.97865,1.00,9.60
2010.06.15 07:52:57.264,0.97825,0.9787,8.00,11.30
2010.06.15 07:52:57.492,0.97825,0.97865,4.00,4.00
2010.06.15 07:52:57.724,0.97825,0.97865,4.00,4.10
2010.06.15 07:52:57.953,0.9782,0.97865,12.40,8.00
2010.06.15 07:52:58.184,0.9782,0.97865,8.40,8.10
2010.06.15 07:52:58.904,0.9782,0.97865,12.50,8.10
2010.06.15 07:52:59.580,0.9782,0.9786,12.40,1.00
2010.06.15 07:53:00.319,0.9782,0.97855,12.40,1.00
2010.06.15 07:53:00.471,0.9782,0.9786,12.40,1.00
2010.06.15 07:53:00.630,0.9782,0.9786,6.40,4.10
2010.06.15 07:53:00.984,0.9782,0.9786,2.40,8.10
2010.06.15 07:53:01.142,0.9782,0.9786,6.40,8.10
2010.06.15 07:53:01.302,0.9782,0.97855,6.40,1.00
2010.06.15 07:53:01.462,0.9782,0.97855,2.40,1.00
2010.06.15 07:53:02.481,0.9782,0.97855,6.40,1.00
2010.06.15 07:53:06.357,0.9782,0.97855,4.00,1.00
2010.06.15 07:53:06.483,0.9782,0.9786,4.00,6.40
2010.06.15 07:53:06.603,0.9782,0.9786,6.80,4.10
2010.06.15 07:53:06.915,0.9782,0.9786,5.10,8.10
2010.06.15 07:53:07.315,0.9782,0.9786,12.40,1.00
2010.06.15 07:53:07.627,0.9782,0.9786,12.00,1.00
2010.06.15 07:53:08.472,0.9783,0.97865,1.60,4.10
2010.06.15 07:53:08.754,0.97825,0.97865,1.00,8.00
2010.06.15 07:53:09.092,0.97825,0.97865,1.00,8.10
2010.06.15 07:53:09.610,0.97825,0.97865,1.00,8.00
2010.06.15 07:53:09.952,0.97825,0.97865,1.00,8.10
2010.06.15 07:53:10.969,0.97825,0.97865,1.00,8.10
2010.06.15 07:53:11.069,0.9782,0.97865,15.70,8.10
2010.06.15 07:53:11.169,0.9782,0.97865,13.30,8.10
2010.06.15 07:53:11.705,0.9782,0.97865,13.20,8.00
2010.06.15 07:53:11.805,0.9782,0.9786,8.40,8.00
2010.06.15 07:53:11.900,0.9782,0.9786,4.00,12.10
2010.06.15 07:53:12.220,0.9782,0.9786,4.00,12.00
2010.06.15 07:53:12.869,0.9782,0.9786,4.00,12.10
2010.06.15 07:53:15.462,0.9782,0.97855,4.00,1.60
2010.06.15 07:53:17.331,0.9782,0.9786,4.00,12.10
2010.06.15 07:53:19.280,0.9782,0.97855,4.00,1.00
2010.06.15 07:53:19.600,0.9782,0.9786,4.00,12.10
2010.06.15 07:53:21.252,0.9782,0.9786,4.00,12.00
2010.06.15 07:53:21.501,0.9782,0.97845,4.00,8.00
2010.06.15 07:53:21.695,0.9781,0.9784,4.80,1.00
2010.06.15 07:53:22.067,0.97795,0.9783,1.60,4.00
2010.06.15 07:53:22.254,0.9779,0.97825,2.40,8.00
2010.06.15 07:53:22.441,0.9779,0.97825,2.40,4.00
2010.06.15 07:53:22.632,0.9779,0.9783,2.40,8.00
2010.06.15 07:53:23.311,0.9779,0.97825,2.40,4.00
2010.06.15 07:53:23.921,0.9779,0.97825,2.40,8.00
2010.06.15 07:53:24.201,0.9779,0.97825,2.50,8.00
2010.06.15 07:53:24.551,0.9779,0.97835,6.50,8.80
2010.06.15 07:53:24.820,0.9779,0.97835,6.50,8.40
2010.06.15 07:53:25.837,0.9779,0.97835,10.50,8.40
2010.06.15 07:53:26.489,0.978,0.97835,2.40,8.40
2010.06.15 07:53:26.661,0.978,0.97835,2.40,4.00
2010.06.15 07:53:27.850,0.97805,0.97835,1.00,4.00
2010.06.15 07:53:28.022,0.978,0.9783,2.40,1.60
2010.06.15 07:53:28.385,0.97795,0.97825,4.00,4.00
2010.06.15 07:53:28.551,0.9778,0.97825,10.40,10.40
2010.06.15 07:53:29.000,0.9778,0.9782,2.40,10.40
2010.06.15 07:53:30.884,0.9778,0.9782,1.60,10.40
2010.06.15 07:53:31.220,0.97785,0.97825,4.00,4.10
2010.06.15 07:53:31.780,0.97785,0.9782,4.00,1.60
2010.06.15 07:53:32.094,0.9778,0.9782,6.40,8.00
2010.06.15 07:53:32.372,0.9778,0.9782,6.50,5.60
2010.06.15 07:53:33.050,0.9778,0.9782,6.40,5.70
2010.06.15 07:53:33.391,0.9778,0.9782,6.40,8.00
2010.06.15 07:53:33.731,0.97785,0.9782,9.60,1.60
2010.06.15 07:53:34.239,0.97785,0.9782,5.60,1.60
2010.06.15 07:53:34.585,0.97785,0.9782,1.60,2.40
2010.06.15 07:53:35.127,0.97795,0.97825,1.60,8.00
2010.06.15 07:53:35.480,0.978,0.9783,2.40,8.00
2010.06.15 07:53:36.163,0.9779,0.9783,2.50,8.00
2010.06.15 07:53:36.503,0.9779,0.9783,6.40,4.00
2010.06.15 07:53:36.841,0.9779,0.97835,6.50,8.00
2010.06.15 07:53:37.180,0.97795,0.97835,1.00,8.00
2010.06.15 07:53:37.951,0.978,0.97835,2.40,8.00
2010.06.15 07:53:38.612,0.97795,0.97835,1.00,8.00
2010.06.15 07:53:39.131,0.97795,0.97835,5.10,4.00
2010.06.15 07:53:39.477,0.978,0.97835,2.40,4.00
2010.06.15 07:53:39.823,0.978,0.9784,2.40,8.00
2010.06.15 07:53:40.417,0.9781,0.9784,2.40,4.00
2010.06.15 07:53:40.762,0.9781,0.97845,2.40,4.00
2010.06.15 07:53:41.104,0.9781,0.9784,2.40,1.60
2010.06.15 07:53:41.383,0.9781,0.97845,2.40,8.10
2010.06.15 07:53:42.260,0.9781,0.97845,2.40,8.00
2010.06.15 07:53:42.611,0.97805,0.97845,5.70,4.00
2010.06.15 07:53:43.440,0.97805,0.9785,9.70,12.10
2010.06.15 07:53:43.771,0.97815,0.9785,1.00,9.60
2010.06.15 07:53:44.112,0.9781,0.9785,6.50,4.00
2010.06.15 07:53:44.785,0.97815,0.9785,1.00,4.00
2010.06.15 07:53:45.035,0.9781,0.9785,6.50,4.00
2010.06.15 07:53:45.373,0.97805,0.97845,1.60,8.00
2010.06.15 07:53:45.714,0.978,0.97845,6.80,8.10
2010.06.15 07:53:46.052,0.978,0.9784,4.00,4.00
2010.06.15 07:53:46.566,0.97795,0.97835,1.00,8.00
2010.06.15 07:53:46.731,0.97795,0.9783,1.00,8.00
2010.06.15 07:53:47.411,0.97795,0.9783,1.00,4.00
2010.06.15 07:53:48.090,0.97795,0.9783,1.00,8.00
2010.06.15 07:53:48.529,0.9779,0.9783,2.50,8.00
2010.06.15 07:53:48.838,0.97795,0.9783,1.00,8.00
2010.06.15 07:53:49.037,0.9779,0.9783,2.50,8.00
2010.06.15 07:53:49.421,0.97795,0.9783,1.00,8.00
2010.06.15 07:53:49.623,0.978,0.9783,2.40,8.00
2010.06.15 07:53:50.130,0.978,0.97835,2.40,8.00
2010.06.15 07:53:50.467,0.978,0.9784,2.40,10.80
2010.06.15 07:53:50.806,0.978,0.9783,2.40,1.00
2010.06.15 07:53:51.171,0.9779,0.97835,13.60,8.80
2010.06.15 07:53:51.473,0.978,0.9783,2.40,8.00
2010.06.15 07:53:51.780,0.978,0.9783,2.40,4.00
2010.06.15 07:53:52.120,0.978,0.9783,2.40,8.00
2010.06.15 07:53:52.461,0.9779,0.9783,2.90,8.00
2010.06.15 07:53:53.129,0.9779,0.9783,6.90,4.00
2010.06.15 07:53:53.460,0.97795,0.9783,1.00,4.00
2010.06.15 07:53:53.801,0.97795,0.97835,1.00,8.00
2010.06.15 07:53:55.140,0.97795,0.9783,1.00,4.00
2010.06.15 07:53:55.390,0.9779,0.9783,6.80,4.00
2010.06.15 07:53:55.641,0.9779,0.9783,4.10,10.00
2010.06.15 07:53:55.900,0.9779,0.9783,1.00,10.00
2010.06.15 07:53:56.383,0.9779,0.97825,2.40,4.00
2010.06.15 07:53:56.741,0.97785,0.9783,10.10,10.10
2010.06.15 07:53:57.630,0.97785,0.97825,2.10,8.00
2010.06.15 07:53:57.909,0.97785,0.97825,1.00,8.00
2010.06.15 07:53:58.589,0.97785,0.97825,1.00,8.00
2010.06.15 07:53:59.779,0.97785,0.97825,1.00,8.10
2010.06.15 07:54:01.071,0.97785,0.97825,1.00,8.00
2010.06.15 07:54:02.053,0.9779,0.97825,1.00,8.00
2010.06.15 07:54:04.090,0.97785,0.97825,1.70,8.00
2010.06.15 07:54:04.292,0.9779,0.97825,1.00,8.00
2010.06.15 07:54:04.492,0.9779,0.9783,6.50,5.60
2010.06.15 07:54:04.704,0.9779,0.9783,6.40,5.70
2010.06.15 07:54:05.007,0.97785,0.97825,1.70,8.00
2010.06.15 07:54:05.303,0.97785,0.9783,9.70,12.10
2010.06.15 07:54:05.895,0.9779,0.97825,1.00,1.60
2010.06.15 07:54:06.880,0.9779,0.97825,1.00,1.60
2010.06.15 07:54:07.610,0.97785,0.97825,9.60,1.60
2010.06.15 07:54:07.878,0.97785,0.97825,9.70,1.60
2010.06.15 07:54:08.841,0.9779,0.97825,1.00,1.60
2010.06.15 07:54:08.969,0.9779,0.97825,1.00,1.60
2010.06.15 07:54:09.650,0.97785,0.97825,9.60,1.70
2010.06.15 07:54:09.990,0.97785,0.97825,1.60,9.70
2010.06.15 07:54:10.739,0.97785,0.97825,1.60,5.70
2010.06.15 07:54:10.960,0.97785,0.97825,5.60,5.70
2010.06.15 07:54:11.081,0.97785,0.97825,5.70,1.60
2010.06.15 07:54:11.210,0.97785,0.9783,10.00,12.10
2010.06.15 07:54:11.332,0.9779,0.9783,2.40,8.10
2010.06.15 07:54:11.512,0.9779,0.9783,2.40,8.50
2010.06.15 07:54:11.641,0.9778,0.97825,6.80,8.00
2010.06.15 07:54:12.900,0.9778,0.97825,6.50,8.00
2010.06.15 07:54:13.247,0.9779,0.9783,2.40,8.10
2010.06.15 07:54:14.640,0.9779,0.9783,2.40,8.00
2010.06.15 07:54:15.181,0.9779,0.9783,2.40,8.10
2010.06.15 07:54:16.161,0.97785,0.9783,12.40,6.50
2010.06.15 07:54:16.518,0.9779,0.9783,6.40,1.00
2010.06.15 07:54:18.050,0.97785,0.97825,11.60,1.00
2010.06.15 07:54:18.394,0.9779,0.97825,1.60,5.70
2010.06.15 07:54:18.732,0.9779,0.97825,4.00,8.00
2010.06.15 07:54:19.071,0.97795,0.97835,8.00,1.60
2010.06.15 07:54:19.733,0.978,0.9784,8.00,2.40
2010.06.15 07:54:20.051,0.978,0.9784,4.00,2.40
2010.06.15 07:54:20.371,0.97795,0.97835,12.00,5.60
2010.06.15 07:54:20.698,0.97795,0.97835,4.00,5.60
2010.06.15 07:54:22.321,0.97795,0.97835,4.00,5.70
2010.06.15 07:54:22.661,0.9779,0.9783,8.10,4.00
2010.06.15 07:54:23.301,0.9779,0.9783,8.00,4.00
2010.06.15 07:54:23.600,0.9779,0.9783,8.10,4.00
2010.06.15 07:54:23.901,0.97795,0.97835,4.00,5.60
2010.06.15 07:54:24.140,0.97795,0.97835,8.00,1.60
2010.06.15 07:54:24.261,0.978,0.9784,1.60,10.80
2010.06.15 07:54:24.380,0.978,0.9784,4.00,8.40
2010.06.15 07:54:24.877,0.978,0.9784,8.00,4.00
2010.06.15 07:54:25.160,0.978,0.9784,8.10,4.00
2010.06.15 07:54:25.431,0.978,0.9784,8.00,4.00
2010.06.15 07:54:26.211,0.978,0.9784,8.10,4.00
2010.06.15 07:54:27.333,0.978,0.97845,8.10,9.70
2010.06.15 07:54:29.351,0.978,0.9784,8.10,4.00
2010.06.15 07:54:29.670,0.978,0.9784,8.00,4.00
2010.06.15 07:54:29.941,0.978,0.9784,8.00,4.10
2010.06.15 07:54:30.084,0.978,0.97845,6.40,10.50
2010.06.15 07:54:30.222,0.97795,0.9784,8.40,8.00
2010.06.15 07:54:30.562,0.97795,0.9784,8.40,8.10
2010.06.15 07:54:31.872,0.97795,0.9784,8.50,10.50
2010.06.15 07:54:32.470,0.97795,0.9784,8.40,11.30
2010.06.15 07:54:33.472,0.97795,0.9784,8.40,10.50
2010.06.15 07:54:33.810,0.97795,0.9784,8.50,10.50
2010.06.15 07:54:34.152,0.978,0.9784,8.00,6.50
2010.06.15 07:54:34.671,0.978,0.9784,8.00,2.50
2010.06.15 07:54:34.946,0.978,0.97825,4.00,1.00
2010.06.15 07:54:35.216,0.97795,0.97825,4.00,1.00
2010.06.15 07:54:35.487,0.978,0.9783,1.60,8.80
2010.06.15 07:54:35.752,0.978,0.97835,2.00,2.50
2010.06.15 07:54:36.095,0.978,0.9783,1.00,2.50
2010.06.15 07:54:37.812,0.978,0.9783,1.00,2.40
2010.06.15 07:54:40.031,0.978,0.9783,1.00,2.40
2010.06.15 07:54:40.304,0.978,0.9783,1.00,1.00
2010.06.15 07:54:41.103,0.97795,0.9783,10.80,4.10
2010.06.15 07:54:41.342,0.9779,0.9783,12.00,1.00
2010.06.15 07:54:41.582,0.97795,0.97835,4.00,6.00
2010.06.15 07:54:42.809,0.97795,0.97835,4.00,6.10
2010.06.15 07:54:43.382,0.97795,0.97835,8.00,2.90
2010.06.15 07:54:43.810,0.97795,0.97835,8.00,6.90
2010.06.15 07:54:43.949,0.97795,0.97835,4.00,6.90
2010.06.15 07:54:44.513,0.97795,0.97835,8.00,2.00
2010.06.15 07:54:44.853,0.97795,0.97835,8.10,2.00
2010.06.15 07:54:47.190,0.978,0.97835,1.00,2.00
2010.06.15 07:54:47.526,0.978,0.97835,1.00,1.60
2010.06.15 07:54:47.635,0.97795,0.97835,8.50,1.60
2010.06.15 07:54:47.733,0.978,0.97835,1.60,1.60
2010.06.15 07:54:48.431,0.978,0.97825,1.60,8.00
2010.06.15 07:54:48.774,0.9779,0.9782,3.30,8.00
2010.06.15 07:54:49.285,0.97785,0.9783,8.10,12.90
2010.06.15 07:54:49.620,0.97785,0.97825,1.00,8.00
2010.06.15 07:54:49.961,0.97785,0.9782,1.00,8.00
2010.06.15 07:54:50.301,0.9778,0.97825,12.50,8.10
2010.06.15 07:54:50.980,0.97785,0.97825,1.00,8.00
2010.06.15 07:54:52.454,0.97785,0.97825,4.10,4.00
2010.06.15 07:54:53.361,0.9779,0.97825,1.00,4.00
2010.06.15 07:54:53.821,0.9779,0.9783,2.50,10.40
2010.06.15 07:54:54.160,0.9779,0.9783,6.50,6.40
2010.06.15 07:54:56.611,0.97795,0.9783,1.00,6.40
2010.06.15 07:54:56.852,0.9779,0.97835,10.50,12.20
2010.06.15 07:54:57.041,0.9779,0.9783,10.50,2.40
2010.06.15 07:54:57.411,0.9779,0.9783,6.50,2.40
2010.06.15 07:54:57.781,0.9779,0.9783,10.50,2.40
2010.06.15 07:54:59.091,0.9779,0.9783,6.50,2.40
2010.06.15 07:55:00.871,0.9779,0.97825,6.40,1.60
2010.06.15 07:55:01.050,0.97785,0.97825,4.10,5.60
2010.06.15 07:55:01.800,0.97785,0.97825,4.00,5.60
2010.06.15 07:55:02.232,0.9779,0.97815,1.00,1.60
2010.06.15 07:55:02.465,0.9779,0.97825,1.60,1.60
2010.06.15 07:55:02.692,0.9779,0.97825,5.60,1.60
2010.06.15 07:55:04.251,0.9779,0.97825,1.60,1.60
2010.06.15 07:55:06.787,0.9779,0.97825,1.60,1.60
2010.06.15 07:55:06.891,0.9779,0.97825,1.60,1.60
2010.06.15 07:55:08.130,0.9779,0.97825,1.60,1.00
2010.06.15 07:55:08.427,0.97795,0.9783,4.00,2.10
2010.06.15 07:55:08.725,0.97795,0.9783,8.00,4.10
2010.06.15 07:55:09.016,0.9779,0.9783,4.00,8.10
2010.06.15 07:55:09.360,0.97785,0.9783,11.50,12.10
2010.06.15 07:55:09.703,0.97785,0.9782,2.70,4.00
2010.06.15 07:55:10.043,0.9779,0.9783,6.80,5.70
2010.06.15 07:55:10.544,0.9779,0.9783,1.00,12.90
2010.06.15 07:55:10.882,0.9779,0.9783,1.00,12.00
2010.06.15 07:55:11.560,0.9779,0.9782,1.00,2.40
2010.06.15 07:55:11.731,0.97785,0.9782,1.20,8.00
2010.06.15 07:55:12.020,0.9779,0.9782,1.00,8.00
2010.06.15 07:55:12.245,0.9779,0.9783,1.00,12.10
2010.06.15 07:55:12.692,0.9779,0.9783,1.00,12.90
2010.06.15 07:55:12.921,0.9779,0.97825,1.00,4.10
2010.06.15 07:55:13.153,0.97785,0.9782,7.00,1.60
2010.06.15 07:55:13.494,0.97785,0.9782,8.00,4.10
2010.06.15 07:55:13.977,0.97785,0.97815,4.00,2.00
2010.06.15 07:55:14.326,0.97785,0.97815,10.60,1.60
2010.06.15 07:55:14.671,0.9779,0.97825,1.60,1.00
2010.06.15 07:55:15.013,0.97785,0.9782,2.40,2.40
2010.06.15 07:55:16.162,0.97785,0.9782,2.40,2.50
2010.06.15 07:55:17.166,0.97785,0.9782,2.40,4.00
2010.06.15 07:55:17.314,0.97785,0.97825,1.00,8.00
2010.06.15 07:55:17.867,0.978,0.9782,1.00,2.40
2010.06.15 07:55:18.206,0.97805,0.97835,1.00,8.00
2010.06.15 07:55:18.754,0.978,0.97835,4.40,4.00
2010.06.15 07:55:19.096,0.97805,0.9784,2.80,8.10
2010.06.15 07:55:19.434,0.97805,0.97835,2.80,1.60
2010.06.15 07:55:19.732,0.97805,0.97835,1.00,1.60
2010.06.15 07:55:20.334,0.97805,0.97835,1.00,5.60
2010.06.15 07:55:20.633,0.978,0.9783,4.50,8.00
2010.06.15 07:55:20.974,0.97795,0.9783,3.60,9.60
2010.06.15 07:55:22.413,0.97795,0.97825,2.00,1.60
2010.06.15 07:55:22.744,0.97795,0.97825,2.00,9.60
2010.06.15 07:55:23.052,0.97795,0.97825,2.00,5.60
2010.06.15 07:55:23.672,0.97795,0.97825,1.60,8.00
2010.06.15 07:55:24.012,0.9778,0.9782,4.00,4.00
2010.06.15 07:55:24.351,0.97785,0.97825,1.00,8.00
2010.06.15 07:55:24.692,0.97785,0.9783,8.40,10.40
2010.06.15 07:55:25.801,0.97785,0.9783,8.40,10.40
2010.06.15 07:55:26.480,0.97785,0.9783,8.00,10.40
2010.06.15 07:55:26.820,0.97785,0.9783,8.00,10.40
2010.06.15 07:55:28.120,0.9779,0.9783,1.00,10.40
2010.06.15 07:55:28.351,0.97785,0.9783,10.00,8.00
2010.06.15 07:55:28.580,0.97785,0.9783,10.00,10.40
2010.06.15 07:55:28.812,0.9779,0.9783,4.00,10.40
2010.06.15 07:55:29.131,0.9779,0.9783,4.00,6.40
2010.06.15 07:55:30.073,0.97795,0.97835,4.00,4.00
2010.06.15 07:55:31.088,0.97795,0.97835,4.00,4.10
2010.06.15 07:55:35.410,0.97795,0.9783,4.00,2.40
2010.06.15 07:55:35.811,0.97795,0.97835,4.00,4.10
2010.06.15 07:55:36.330,0.97795,0.9783,4.00,2.40
2010.06.15 07:55:36.561,0.9779,0.97835,10.40,8.00
2010.06.15 07:55:36.800,0.97795,0.97835,4.00,4.00
2010.06.15 07:55:37.560,0.97795,0.97835,4.00,4.10
2010.06.15 07:55:41.541,0.97805,0.97835,4.00,4.00
2010.06.15 07:55:41.863,0.97805,0.97835,4.00,1.60
2010.06.15 07:55:42.181,0.978,0.97835,9.60,1.60
2010.06.15 07:55:42.501,0.978,0.97845,12.00,8.10
2010.06.15 07:55:43.181,0.978,0.97845,12.00,9.70
2010.06.15 07:55:43.575,0.978,0.97845,12.10,9.70
2010.06.15 07:55:44.160,0.978,0.9784,12.10,1.00
2010.06.15 07:55:44.450,0.978,0.97845,12.10,9.70
2010.06.15 07:55:45.480,0.978,0.97845,12.10,9.60
2010.06.15 07:55:45.723,0.9782,0.97845,2.40,5.60
2010.06.15 07:55:46.023,0.9781,0.97845,2.40,9.60
2010.06.15 07:55:46.325,0.9781,0.9785,1.60,10.40
2010.06.15 07:55:46.625,0.9781,0.97845,1.60,1.60
2010.06.15 07:55:47.011,0.9781,0.97855,8.00,9.70
2010.06.15 07:55:48.217,0.9781,0.97845,4.00,1.60
2010.06.15 07:55:48.533,0.9781,0.97845,1.60,1.60
2010.06.15 07:55:52.400,0.9781,0.97845,1.60,9.60
2010.06.15 07:55:53.850,0.9781,0.97845,1.60,5.60
2010.06.15 07:55:54.051,0.9781,0.97845,1.60,1.60
2010.06.15 07:55:54.681,0.9781,0.97845,1.60,5.60
2010.06.15 07:55:54.980,0.9781,0.97845,1.60,9.60
2010.06.15 07:55:55.321,0.97815,0.97845,1.60,8.00
2010.06.15 07:55:55.661,0.97815,0.9785,1.60,8.00
2010.06.15 07:55:56.001,0.97815,0.9785,1.60,4.00
2010.06.15 07:55:57.821,0.9782,0.9785,1.60,6.40
2010.06.15 07:55:58.071,0.9782,0.97855,1.60,1.00
2010.06.15 07:55:58.413,0.97815,0.9785,1.00,2.40
2010.06.15 07:55:58.750,0.97815,0.9785,1.00,2.50
2010.06.15 07:55:59.091,0.97815,0.9785,1.00,2.40
2010.06.15 07:55:59.432,0.97815,0.97845,1.00,4.00
2010.06.15 07:56:05.177,0.97815,0.97845,1.00,5.60
2010.06.15 07:56:05.283,0.9781,0.97845,1.60,9.60
2010.06.15 07:56:07.048,0.9781,0.9784,1.60,1.00
2010.06.15 07:56:07.164,0.978,0.9783,2.80,4.00
2010.06.15 07:56:07.264,0.978,0.9783,1.20,4.00
2010.06.15 07:56:07.363,0.978,0.9784,4.00,8.90
2010.06.15 07:56:07.462,0.978,0.9784,4.00,8.00
2010.06.15 07:56:08.583,0.978,0.97835,1.60,1.00
2010.06.15 07:56:09.038,0.97795,0.97835,10.00,1.00
2010.06.15 07:56:09.333,0.97795,0.9784,10.80,10.40
2010.06.15 07:56:10.357,0.97795,0.9784,10.70,10.40
2010.06.15 07:56:10.703,0.97795,0.97835,10.60,1.00
2010.06.15 07:56:10.951,0.97795,0.97835,6.50,4.10
2010.06.15 07:56:12.031,0.97795,0.97835,6.00,4.10
2010.06.15 07:56:12.211,0.97795,0.97835,10.10,4.00
2010.06.15 07:56:12.393,0.978,0.9784,5.60,2.40
2010.06.15 07:56:12.788,0.978,0.9784,8.00,4.00
2010.06.15 07:56:13.136,0.978,0.97835,1.60,4.00
2010.06.15 07:56:13.678,0.97795,0.9783,1.60,1.60
2010.06.15 07:56:14.024,0.97795,0.9783,1.60,9.60
2010.06.15 07:56:16.541,0.97795,0.9783,1.60,12.50
2010.06.15 07:56:16.925,0.97795,0.9783,1.60,12.10
2010.06.15 07:56:17.803,0.97795,0.9783,1.60,9.60
2010.06.15 07:56:17.951,0.97795,0.9783,1.60,5.60
2010.06.15 07:56:18.100,0.97795,0.9783,1.60,1.60
2010.06.15 07:56:18.530,0.97805,0.97835,1.60,8.10
2010.06.15 07:56:18.721,0.978,0.97835,4.00,1.00
2010.06.15 07:56:18.924,0.97795,0.97835,1.70,8.00
2010.06.15 07:56:19.461,0.978,0.97835,2.40,8.00
2010.06.15 07:56:20.143,0.978,0.97835,1.00,5.60
2010.06.15 07:56:20.403,0.9779,0.9783,9.40,4.00
2010.06.15 07:56:20.676,0.978,0.9784,2.40,8.70
2010.06.15 07:56:20.934,0.978,0.9784,2.40,8.00
2010.06.15 07:56:21.192,0.978,0.9784,6.40,4.00
2010.06.15 07:56:22.221,0.978,0.97845,6.40,8.10
2010.06.15 07:56:23.430,0.978,0.9784,6.40,1.00
2010.06.15 07:56:24.671,0.978,0.9783,4.00,2.40
2010.06.15 07:56:24.892,0.9779,0.9783,4.00,10.40
2010.06.15 07:56:25.344,0.978,0.97835,2.40,4.00
2010.06.15 07:56:26.030,0.978,0.9784,6.40,4.10
2010.06.15 07:56:26.570,0.978,0.9784,6.40,4.00
2010.06.15 07:56:26.807,0.9779,0.97835,6.40,8.00
2010.06.15 07:56:27.043,0.9779,0.9783,6.40,4.00
2010.06.15 07:56:28.002,0.9779,0.9783,2.40,4.00
2010.06.15 07:56:28.341,0.9779,0.9783,2.40,8.00
2010.06.15 07:56:29.261,0.9779,0.9783,6.40,4.00
2010.06.15 07:56:29.552,0.978,0.97835,2.40,8.00
2010.06.15 07:56:30.101,0.9779,0.9783,2.40,8.00
2010.06.15 07:56:30.755,0.9779,0.9783,6.40,4.00
2010.06.15 07:56:31.091,0.9779,0.9783,2.40,8.00
2010.06.15 07:56:32.174,0.9779,0.97835,10.40,8.00
2010.06.15 07:56:33.393,0.9779,0.97835,10.40,8.00
2010.06.15 07:56:33.674,0.9779,0.9783,6.40,4.00
2010.06.15 07:56:34.187,0.97785,0.9783,8.60,12.00
2010.06.15 07:56:34.534,0.9779,0.9783,2.40,8.00
2010.06.15 07:56:34.871,0.9779,0.9783,6.40,4.00
2010.06.15 07:56:35.389,0.9779,0.9783,10.40,1.60
2010.06.15 07:56:35.802,0.97785,0.9783,8.10,12.00
2010.06.15 07:56:37.502,0.97785,0.9783,8.10,12.10
2010.06.15 07:56:39.101,0.97785,0.9783,8.00,12.10
2010.06.15 07:56:39.819,0.9778,0.97825,14.80,8.10
2010.06.15 07:56:40.381,0.97785,0.9783,8.00,12.10
2010.06.15 07:56:40.721,0.97785,0.9783,8.10,12.00
2010.06.15 07:56:41.093,0.97785,0.97825,8.00,1.00
2010.06.15 07:56:41.430,0.97785,0.9783,8.10,12.00
2010.06.15 07:56:41.771,0.97795,0.9783,1.60,9.60
2010.06.15 07:56:42.112,0.9779,0.9783,8.00,1.60
2010.06.15 07:56:42.463,0.9779,0.9783,8.00,5.60
2010.06.15 07:56:42.711,0.9779,0.9783,12.00,1.60
2010.06.15 07:56:43.461,0.97795,0.9783,1.60,1.60
2010.06.15 07:56:44.141,0.9779,0.9783,8.00,4.10
2010.06.15 07:56:44.482,0.9779,0.9783,8.00,4.50
2010.06.15 07:56:45.440,0.97795,0.9783,1.60,4.40
2010.06.15 07:56:46.234,0.9779,0.97825,2.40,1.60
2010.06.15 07:56:46.602,0.97795,0.97825,1.60,8.00
2010.06.15 07:56:46.865,0.97795,0.9783,1.60,9.60
2010.06.15 07:56:47.121,0.978,0.9783,4.00,8.00
2010.06.15 07:56:47.382,0.978,0.97835,4.00,9.60
2010.06.15 07:56:47.890,0.978,0.97835,4.00,9.60
2010.06.15 07:56:48.274,0.97805,0.9784,1.60,2.10
2010.06.15 07:56:48.563,0.97805,0.9784,1.60,10.00
2010.06.15 07:56:50.503,0.978,0.9783,2.40,5.60
2010.06.15 07:56:50.792,0.97795,0.9783,1.60,5.60
2010.06.15 07:56:51.082,0.9779,0.9783,8.00,1.60
2010.06.15 07:56:51.422,0.9779,0.9783,8.00,1.60
2010.06.15 07:56:51.761,0.9779,0.9783,6.50,1.60
2010.06.15 07:56:52.101,0.9779,0.9783,2.50,9.60
2010.06.15 07:56:52.439,0.9779,0.9783,1.00,12.00
2010.06.15 07:56:52.780,0.97795,0.9783,1.00,12.00
2010.06.15 07:56:53.120,0.9779,0.9783,2.40,12.00
2010.06.15 07:56:53.558,0.97795,0.9783,1.00,12.00
2010.06.15 07:56:53.902,0.97795,0.97825,1.00,4.00
2010.06.15 07:56:55.014,0.9779,0.97825,2.40,8.00
2010.06.15 07:56:55.312,0.97795,0.9783,5.60,4.00
2010.06.15 07:56:55.610,0.978,0.9784,2.40,12.00
2010.06.15 07:56:56.350,0.978,0.9784,2.50,12.00
2010.06.15 07:56:56.934,0.978,0.9784,2.40,12.00
2010.06.15 07:56:57.225,0.978,0.9784,2.50,12.00
2010.06.15 07:56:58.264,0.97805,0.97835,1.00,4.00
2010.06.15 07:56:58.940,0.978,0.97835,2.50,4.00
2010.06.15 07:56:59.294,0.97795,0.97835,5.70,4.00
2010.06.15 07:56:59.635,0.978,0.97835,2.40,4.00
2010.06.15 07:57:00.353,0.978,0.9784,2.40,12.00
2010.06.15 07:57:00.651,0.978,0.97835,2.40,8.00
2010.06.15 07:57:02.321,0.97795,0.97835,4.00,4.00
2010.06.15 07:57:02.572,0.978,0.9784,2.40,12.00
2010.06.15 07:57:02.919,0.978,0.97835,2.40,8.00
2010.06.15 07:57:04.862,0.978,0.9783,2.40,1.60
2010.06.15 07:57:04.980,0.97795,0.9783,1.60,1.60
2010.06.15 07:57:08.480,0.97795,0.97835,1.60,8.00
2010.06.15 07:57:08.661,0.978,0.97835,2.40,8.00
2010.06.15 07:57:09.291,0.978,0.9784,2.40,12.10
2010.06.15 07:57:10.120,0.97795,0.9783,5.60,1.60
2010.06.15 07:57:10.272,0.97795,0.97835,1.70,8.00
2010.06.15 07:57:10.647,0.978,0.9784,2.40,12.10
2010.06.15 07:57:14.669,0.978,0.9784,2.40,12.50
2010.06.15 07:57:16.512,0.978,0.9784,2.50,12.40
2010.06.15 07:57:17.733,0.978,0.97835,2.40,8.00
2010.06.15 07:57:18.100,0.9779,0.9783,9.30,4.00
2010.06.15 07:57:18.392,0.978,0.97835,2.40,4.00
2010.06.15 07:57:18.732,0.978,0.9784,2.40,10.40
2010.06.15 07:57:20.538,0.97795,0.9784,8.50,10.40
2010.06.15 07:57:20.806,0.978,0.9784,4.00,10.40
2010.06.15 07:57:21.074,0.978,0.9784,8.00,6.40
2010.06.15 07:57:21.340,0.978,0.9784,8.00,6.50
2010.06.15 07:57:21.612,0.978,0.97835,4.00,1.60
2010.06.15 07:57:21.951,0.978,0.97835,4.00,1.70
2010.06.15 07:57:23.431,0.978,0.9784,8.10,4.00
2010.06.15 07:57:23.660,0.97805,0.97845,4.00,4.10
2010.06.15 07:57:24.473,0.978,0.97845,12.10,8.10
2010.06.15 07:57:27.202,0.978,0.9784,12.00,1.00
2010.06.15 07:57:27.783,0.978,0.9784,12.50,2.40
2010.06.15 07:57:28.330,0.978,0.9784,14.10,2.40
2010.06.15 07:57:28.871,0.978,0.9784,14.00,2.50
2010.06.15 07:57:29.207,0.978,0.9784,12.50,2.40
2010.06.15 07:57:29.552,0.978,0.9784,6.80,6.40
2010.06.15 07:57:29.891,0.978,0.9784,6.40,6.50
2010.06.15 07:57:31.130,0.978,0.9784,6.40,12.10
2010.06.15 07:57:31.220,0.978,0.9784,2.40,12.10
2010.06.15 07:57:34.760,0.97795,0.9784,10.10,12.10
2010.06.15 07:57:38.620,0.97795,0.9784,10.10,12.50
2010.06.15 07:57:39.830,0.97795,0.97835,10.10,1.00
2010.06.15 07:57:41.161,0.97795,0.9784,10.00,12.40
2010.06.15 07:57:41.501,0.978,0.97835,2.40,8.00
2010.06.15 07:57:42.101,0.978,0.97835,2.40,4.00
2010.06.15 07:57:42.360,0.978,0.9784,2.40,12.40
2010.06.15 07:57:47.124,0.978,0.9784,2.50,12.40
2010.06.15 07:57:48.031,0.978,0.9784,2.50,13.00
2010.06.15 07:57:48.690,0.978,0.9784,2.50,12.00
2010.06.15 07:57:49.340,0.978,0.9784,2.40,12.10
2010.06.15 07:57:49.661,0.978,0.97835,2.40,4.00
2010.06.15 07:57:50.620,0.978,0.97835,2.40,4.10
2010.06.15 07:57:51.560,0.978,0.97835,2.40,8.10
2010.06.15 07:57:51.932,0.978,0.97835,2.40,8.00
2010.06.15 07:57:52.556,0.978,0.97835,2.50,8.00
2010.06.15 07:57:52.841,0.978,0.97835,2.40,8.00
2010.06.15 07:57:53.131,0.978,0.97835,2.50,8.00
2010.06.15 07:57:55.428,0.978,0.97835,2.40,8.00
2010.06.15 07:57:57.821,0.978,0.97835,2.40,8.00
2010.06.15 07:57:57.841,0.978,0.97835,2.40,8.00
2010.06.15 07:58:00.229,0.978,0.9784,2.50,12.00
2010.06.15 07:58:00.572,0.978,0.9784,2.40,12.10
2010.06.15 07:58:03.402,0.978,0.97835,2.40,4.00
2010.06.15 07:58:03.551,0.978,0.97835,2.40,8.00
2010.06.15 07:58:04.900,0.978,0.97835,2.50,8.00
2010.06.15 07:58:05.661,0.978,0.97835,2.40,8.00
2010.06.15 07:58:07.300,0.978,0.97835,2.50,8.00
2010.06.15 07:58:07.430,0.978,0.97835,2.40,8.00
2010.06.15 07:58:07.934,0.978,0.97835,2.40,8.10
2010.06.15 07:58:08.724,0.978,0.97835,2.40,4.10
2010.06.15 07:58:09.000,0.978,0.97835,2.40,1.00
2010.06.15 07:58:09.810,0.978,0.9784,2.40,12.10
2010.06.15 07:58:10.400,0.978,0.9784,2.40,12.00
2010.06.15 07:58:12.820,0.978,0.97835,2.40,1.00
2010.06.15 07:58:12.990,0.978,0.97835,2.40,4.10
2010.06.15 07:58:13.215,0.97795,0.97835,2.10,8.10
2010.06.15 07:58:13.386,0.9779,0.9783,5.50,10.40
2010.06.15 07:58:13.563,0.9779,0.9783,2.40,10.40
2010.06.15 07:58:13.733,0.9779,0.9783,2.40,10.50
2010.06.15 07:58:13.903,0.9779,0.9783,2.50,10.40
2010.06.15 07:58:14.243,0.9779,0.9783,2.50,12.00
2010.06.15 07:58:14.582,0.9779,0.97825,2.50,4.00
2010.06.15 07:58:14.926,0.97795,0.9783,1.70,5.60
2010.06.15 07:58:15.448,0.97795,0.9783,1.60,1.60
2010.06.15 07:58:16.131,0.97795,0.9783,1.70,1.60
2010.06.15 07:58:18.742,0.978,0.9783,1.00,1.60
2010.06.15 07:58:18.901,0.978,0.9783,2.50,1.60
2010.06.15 07:58:19.602,0.97795,0.9783,1.70,5.00
2010.06.15 07:58:19.941,0.97795,0.9783,1.00,13.00
2010.06.15 07:58:20.621,0.97795,0.97825,1.00,8.00
2010.06.15 07:58:20.961,0.97795,0.97825,1.00,4.00
2010.06.15 07:58:21.304,0.97795,0.9783,1.00,12.90
2010.06.15 07:58:21.440,0.97795,0.9783,1.00,12.80
2010.06.15 07:58:21.571,0.97795,0.9783,1.00,12.80
2010.06.15 07:58:21.711,0.9779,0.9783,2.40,12.80
2010.06.15 07:58:22.021,0.97795,0.9783,1.00,12.80
2010.06.15 07:58:22.580,0.97795,0.9783,1.00,12.80
2010.06.15 07:58:22.900,0.97795,0.9783,1.00,12.80
2010.06.15 07:58:23.221,0.97795,0.9782,1.60,1.00
2010.06.15 07:58:23.352,0.9779,0.9782,2.40,6.00
2010.06.15 07:58:23.634,0.9779,0.9781,2.40,4.00
2010.06.15 07:58:23.765,0.97795,0.9783,1.60,9.60
2010.06.15 07:58:23.891,0.97795,0.9783,1.60,12.00
2010.06.15 07:58:24.021,0.97785,0.9783,9.40,12.40
2010.06.15 07:58:24.152,0.97795,0.9783,1.60,6.00
2010.06.15 07:58:24.281,0.97795,0.9783,1.60,1.60
2010.06.15 07:58:25.211,0.97795,0.9783,1.60,5.60
2010.06.15 07:58:25.551,0.9779,0.9783,10.80,1.60
2010.06.15 07:58:25.954,0.9779,0.97825,2.40,8.00
2010.06.15 07:58:26.474,0.9779,0.97825,2.40,8.10
2010.06.15 07:58:26.714,0.9778,0.97825,10.80,8.00
2010.06.15 07:58:26.955,0.9778,0.97825,6.80,8.10
2010.06.15 07:58:27.424,0.9778,0.9782,4.40,4.00
2010.06.15 07:58:27.935,0.9778,0.9782,2.80,8.00
2010.06.15 07:58:28.272,0.9778,0.97815,2.40,8.00
2010.06.15 07:58:28.612,0.9778,0.97815,2.40,4.00
2010.06.15 07:58:28.961,0.9778,0.9782,2.40,8.00
2010.06.15 07:58:29.307,0.9778,0.9782,2.40,9.70
2010.06.15 07:58:29.653,0.97775,0.97815,7.00,4.00
2010.06.15 07:58:29.993,0.9778,0.9782,6.40,1.00
2010.06.15 07:58:31.762,0.97775,0.97815,5.60,4.00
2010.06.15 07:58:32.696,0.97775,0.97815,5.60,4.10
2010.06.15 07:58:33.030,0.97775,0.97815,1.60,8.10
2010.06.15 07:58:33.432,0.97775,0.97815,1.60,8.00
2010.06.15 07:58:33.701,0.9778,0.97815,2.40,8.00
2010.06.15 07:58:34.302,0.9778,0.9782,2.40,12.00
2010.06.15 07:58:34.981,0.9778,0.9782,2.40,12.10
2010.06.15 07:58:36.521,0.97775,0.97815,1.60,8.40
2010.06.15 07:58:38.009,0.97775,0.97815,1.60,8.50
2010.06.15 07:58:39.960,0.97775,0.9781,1.60,1.00
2010.06.15 07:58:40.299,0.97775,0.9781,1.60,2.50
2010.06.15 07:58:40.472,0.97775,0.9781,1.60,6.50
2010.06.15 07:58:40.821,0.97775,0.97805,1.60,1.00
2010.06.15 07:58:41.216,0.97775,0.97805,1.60,1.00
2010.06.15 07:58:41.781,0.97775,0.978,1.60,1.00
2010.06.15 07:58:43.677,0.97775,0.9781,1.60,10.40
2010.06.15 07:58:43.810,0.97775,0.9781,1.60,8.00
2010.06.15 07:58:43.981,0.97775,0.9781,1.60,4.10
2010.06.15 07:58:46.224,0.97785,0.9781,1.60,4.00
2010.06.15 07:58:46.442,0.97785,0.97815,1.60,1.00
2010.06.15 07:58:46.774,0.9778,0.97815,2.40,1.00
2010.06.15 07:58:47.430,0.9778,0.9782,2.40,12.10
2010.06.15 07:58:48.391,0.9778,0.9782,2.40,10.40
2010.06.15 07:58:48.524,0.9778,0.9782,2.50,10.40
2010.06.15 07:58:48.654,0.97785,0.97825,1.60,8.00
2010.06.15 07:58:48.781,0.9779,0.97825,2.40,4.00
2010.06.15 07:58:49.085,0.9779,0.9783,2.40,12.10
2010.06.15 07:58:49.211,0.9779,0.97825,2.40,4.00
2010.06.15 07:58:49.340,0.9778,0.97825,10.80,8.00
2010.06.15 07:58:49.471,0.9778,0.97825,10.40,8.00
2010.06.15 07:58:50.151,0.9778,0.9782,2.40,8.00
2010.06.15 07:58:50.491,0.9778,0.9782,2.40,12.00
2010.06.15 07:58:51.332,0.9778,0.9782,2.50,12.00
2010.06.15 07:58:51.891,0.9778,0.9782,2.40,12.00
2010.06.15 07:58:52.911,0.9778,0.9782,2.40,12.10
2010.06.15 07:58:54.671,0.9778,0.9782,2.40,12.90
2010.06.15 07:58:54.730,0.9778,0.9781,2.40,1.60
2010.06.15 07:58:54.831,0.97775,0.9781,1.60,1.60
2010.06.15 07:58:58.720,0.97775,0.9781,1.70,1.60
2010.06.15 07:58:59.047,0.9778,0.97815,4.00,4.00
2010.06.15 07:58:59.411,0.9778,0.9782,8.00,8.00
2010.06.15 07:59:00.940,0.9778,0.9782,8.10,8.10
2010.06.15 07:59:01.280,0.9778,0.9782,8.10,5.70
2010.06.15 07:59:01.581,0.9779,0.9782,1.60,6.40
2010.06.15 07:59:01.734,0.9779,0.97825,2.00,3.20
2010.06.15 07:59:01.961,0.9779,0.97825,4.40,7.20
2010.06.15 07:59:02.163,0.97795,0.97825,1.60,4.00
2010.06.15 07:59:02.444,0.978,0.97835,2.40,2.00
2010.06.15 07:59:04.407,0.97795,0.9783,1.00,4.00
2010.06.15 07:59:04.756,0.978,0.97835,2.40,10.00
2010.06.15 07:59:05.096,0.978,0.97835,2.40,8.00
2010.06.15 07:59:05.434,0.9781,0.97845,2.40,10.00
2010.06.15 07:59:05.774,0.9781,0.97845,2.40,4.00
2010.06.15 07:59:06.283,0.9781,0.97845,2.40,8.00
2010.06.15 07:59:07.302,0.978,0.9784,11.60,4.00
2010.06.15 07:59:07.689,0.978,0.9784,6.40,4.00
2010.06.15 07:59:08.171,0.978,0.97845,6.40,10.00
2010.06.15 07:59:09.324,0.978,0.9784,2.40,8.00
2010.06.15 07:59:09.622,0.978,0.97835,2.40,1.60
2010.06.15 07:59:10.401,0.97795,0.97835,4.10,5.60
2010.06.15 07:59:10.662,0.978,0.97835,2.40,1.60
2010.06.15 07:59:11.262,0.978,0.97835,2.40,5.60
2010.06.15 07:59:13.013,0.97795,0.97835,8.10,1.60
2010.06.15 07:59:13.311,0.97795,0.97835,8.00,1.70
2010.06.15 07:59:13.611,0.97795,0.9783,4.00,1.00
2010.06.15 07:59:13.760,0.9779,0.9783,8.40,6.50
2010.06.15 07:59:14.101,0.9779,0.9783,8.40,2.50
2010.06.15 07:59:14.781,0.9779,0.9783,8.40,2.40
2010.06.15 07:59:15.531,0.9779,0.97835,8.50,9.60
2010.06.15 07:59:15.722,0.9779,0.9783,8.40,4.00
2010.06.15 07:59:16.273,0.9779,0.9783,6.80,1.00
2010.06.15 07:59:16.611,0.97795,0.97835,1.60,9.60
2010.06.15 07:59:16.952,0.978,0.97845,10.40,8.50
2010.06.15 07:59:17.907,0.978,0.9784,10.40,2.50
2010.06.15 07:59:20.892,0.978,0.9783,2.40,1.60
2010.06.15 07:59:21.287,0.97795,0.9783,1.00,10.00
2010.06.15 07:59:21.525,0.9779,0.9783,2.40,12.40
2010.06.15 07:59:22.218,0.9779,0.9783,2.50,12.40
2010.06.15 07:59:28.011,0.9779,0.9783,2.40,12.50
2010.06.15 07:59:28.972,0.9779,0.9783,6.40,4.50
2010.06.15 07:59:30.532,0.9779,0.9783,6.50,4.40
2010.06.15 07:59:32.701,0.9779,0.9783,6.40,4.40
2010.06.15 07:59:32.936,0.9779,0.9783,6.40,8.40
2010.06.15 07:59:33.163,0.9779,0.9783,6.40,12.00
2010.06.15 07:59:33.392,0.9779,0.9783,6.40,8.00
2010.06.15 07:59:33.623,0.9779,0.9783,6.50,8.00
2010.06.15 07:59:33.852,0.9779,0.9783,6.40,8.00
2010.06.15 07:59:34.971,0.9779,0.9783,6.40,8.10
2010.06.15 07:59:35.880,0.9779,0.97825,6.40,1.00
2010.06.15 07:59:37.794,0.9779,0.97825,2.40,1.00
2010.06.15 07:59:37.991,0.9779,0.9783,2.40,12.10
2010.06.15 07:59:38.749,0.9779,0.97825,2.40,1.00
2010.06.15 07:59:39.822,0.9779,0.97825,2.40,1.00
2010.06.15 07:59:40.083,0.9779,0.9783,2.50,12.10
2010.06.15 07:59:40.760,0.9779,0.9783,2.40,12.10
2010.06.15 07:59:41.444,0.9779,0.97825,6.40,1.00
2010.06.15 07:59:42.191,0.9779,0.9783,6.40,4.00
2010.06.15 07:59:42.641,0.9779,0.9783,6.50,4.00
2010.06.15 07:59:42.880,0.9779,0.9783,6.40,4.10
2010.06.15 07:59:43.588,0.9779,0.97825,6.40,1.00
2010.06.15 07:59:44.790,0.9779,0.9783,6.40,4.10
2010.06.15 07:59:45.080,0.9779,0.97825,6.40,1.00
2010.06.15 07:59:45.371,0.9779,0.9783,6.80,4.00
2010.06.15 07:59:45.670,0.9779,0.9783,6.80,8.00
2010.06.15 07:59:45.889,0.9779,0.9783,2.80,12.00
2010.06.15 07:59:46.104,0.9779,0.9783,6.80,8.00
2010.06.15 07:59:46.311,0.9779,0.9783,6.80,8.10
2010.06.15 07:59:46.862,0.97795,0.9783,8.10,4.00
2010.06.15 07:59:47.238,0.97795,0.9783,2.90,1.60
2010.06.15 07:59:47.585,0.97805,0.97845,8.00,1.00
2010.06.15 07:59:47.732,0.97805,0.97845,4.00,4.40
2010.06.15 07:59:47.882,0.978,0.97845,13.60,8.40
2010.06.15 07:59:48.034,0.978,0.97835,11.50,1.60
2010.06.15 07:59:48.309,0.978,0.97835,7.50,1.60
2010.06.15 07:59:48.951,0.978,0.97835,3.50,1.60
2010.06.15 07:59:49.293,0.978,0.97835,1.00,1.60
2010.06.15 07:59:49.632,0.97795,0.97835,6.50,5.60
2010.06.15 07:59:50.034,0.97795,0.9783,6.50,2.40
2010.06.15 07:59:50.240,0.97795,0.9783,1.00,4.00
2010.06.15 07:59:50.443,0.97795,0.9783,2.00,2.40
2010.06.15 07:59:50.644,0.97795,0.97835,2.00,9.70
2010.06.15 07:59:51.691,0.97795,0.97835,2.40,9.70
2010.06.15 07:59:51.901,0.97795,0.9783,2.40,1.00
2010.06.15 07:59:52.110,0.97795,0.9783,10.00,1.00
2010.06.15 07:59:52.531,0.97795,0.97835,10.40,1.70
2010.06.15 07:59:53.003,0.97795,0.97835,10.00,1.70
2010.06.15 07:59:53.201,0.97795,0.97835,10.10,1.70
2010.06.15 07:59:53.670,0.97795,0.9783,10.00,1.00
2010.06.15 07:59:54.200,0.97795,0.97835,10.00,1.70
2010.06.15 07:59:55.663,0.97795,0.9783,10.00,1.00
2010.06.15 07:59:56.330,0.97795,0.97835,10.70,1.60
2010.06.15 07:59:56.541,0.978,0.97835,4.00,1.60
2010.06.15 07:59:57.852,0.978,0.97835,4.00,1.70
2010.06.15 07:59:58.370,0.978,0.97835,4.00,1.60
2010.06.15 07:59:59.234,0.97795,0.97835,12.10,1.60
2010.06.15 07:59:59.573,0.97795,0.97835,10.00,1.60
