2013.04.17 07:00:00.633,0.95592,0.95613,2.70,1.13
2013.04.17 07:00:01.012,0.95592,0.95613,1.88,1.88
2013.04.17 07:00:01.074,0.95592,0.95613,1.50,2.25
2013.04.17 07:00:01.431,0.9559,0.95609,2.25,1.65
2013.04.17 07:00:03.430,0.95587,0.95607,2.40,1.50
2013.04.17 07:00:04.170,0.95587,0.95607,1.65,1.50
2013.04.17 07:00:04.291,0.95585,0.95607,1.95,1.88
2013.04.17 07:00:04.531,0.95582,0.95604,1.50,2.03
2013.04.17 07:00:04.832,0.95584,0.95604,1.13,1.50
2013.04.17 07:00:05.012,0.95587,0.95607,2.25,1.65
2013.04.17 07:00:05.561,0.95587,0.95607,2.25,1.65
2013.04.17 07:00:06.651,0.95587,0.95607,1.50,1.65
2013.04.17 07:00:07.160,0.95586,0.95607,1.65,1.65
2013.04.17 07:00:07.461,0.95584,0.95605,2.63,1.50
2013.04.17 07:00:10.044,0.95587,0.95603,1.50,1.13
2013.04.17 07:00:10.371,0.95584,0.95605,1.88,1.13
2013.04.17 07:00:11.041,0.95587,0.95607,1.50,2.03
2013.04.17 07:00:11.480,0.95589,0.95608,1.88,1.13
2013.04.17 07:00:11.721,0.95592,0.95613,2.63,1.50
2013.04.17 07:00:11.900,0.95592,0.95613,1.13,1.50
2013.04.17 07:00:12.800,0.95592,0.95614,1.88,1.50
2013.04.17 07:00:13.622,0.95592,0.95613,1.88,1.50
2013.04.17 07:00:14.602,0.95592,0.95613,1.88,1.50
2013.04.17 07:00:15.555,0.95592,0.95613,1.13,1.50
2013.04.17 07:00:15.911,0.95594,0.95616,1.73,2.78
2013.04.17 07:00:16.030,0.95592,0.95612,1.95,1.50
2013.04.17 07:00:16.091,0.95592,0.95613,1.88,1.50
2013.04.17 07:00:16.451,0.95595,0.95616,1.50,2.10
2013.04.17 07:00:16.690,0.95597,0.95619,1.50,2.25
2013.04.17 07:00:16.751,0.95597,0.95618,1.50,1.13
2013.04.17 07:00:17.711,0.95597,0.95619,1.50,2.25
2013.04.17 07:00:18.801,0.95597,0.95618,2.25,1.13
2013.04.17 07:00:20.279,0.95596,0.95617,2.25,1.73
2013.04.17 07:00:21.223,0.95596,0.95617,2.25,1.73
2013.04.17 07:00:21.461,0.95596,0.95615,2.25,1.50
2013.04.17 07:00:22.162,0.95596,0.95617,2.25,1.73
2013.04.17 07:00:22.932,0.95596,0.95615,2.25,1.50
2013.04.17 07:00:23.285,0.95596,0.95617,2.25,1.73
2013.04.17 07:00:23.533,0.95596,0.95617,2.25,1.73
2013.04.17 07:00:24.990,0.95596,0.95617,2.25,1.73
2013.04.17 07:00:25.595,0.95598,0.95618,1.50,1.13
2013.04.17 07:00:26.783,0.95598,0.95619,1.50,1.65
2013.04.17 07:00:28.431,0.95598,0.95619,1.50,1.28
2013.04.17 07:00:29.031,0.95598,0.95618,1.50,1.65
2013.04.17 07:00:33.103,0.95598,0.9562,1.50,2.33
2013.04.17 07:00:34.680,0.95602,0.95622,1.65,1.13
2013.04.17 07:00:36.241,0.95602,0.95621,1.65,1.50
2013.04.17 07:00:36.611,0.95601,0.9562,1.88,1.50
2013.04.17 07:00:36.671,0.95601,0.95619,1.50,1.50
2013.04.17 07:00:37.221,0.95598,0.95619,1.50,1.13
2013.04.17 07:00:37.531,0.95601,0.9562,2.03,1.50
2013.04.17 07:00:39.512,0.95602,0.95623,1.65,2.33
2013.04.17 07:00:41.681,0.95602,0.95621,1.65,1.50
2013.04.17 07:00:43.441,0.95604,0.95623,1.50,1.58
2013.04.17 07:00:43.741,0.95604,0.95625,2.25,2.03
2013.04.17 07:00:44.391,0.95604,0.95625,1.50,2.03
2013.04.17 07:00:48.501,0.95604,0.95624,2.25,1.28
2013.04.17 07:00:55.683,0.95604,0.95626,2.40,1.13
2013.04.17 07:00:55.880,0.95604,0.95625,2.40,1.50
2013.04.17 07:01:02.210,0.95604,0.95625,1.65,1.50
2013.04.17 07:01:04.491,0.95601,0.95622,1.13,2.25
2013.04.17 07:01:04.614,0.95598,0.95617,1.13,1.65
2013.04.17 07:01:04.671,0.95596,0.95614,1.50,1.13
2013.04.17 07:01:05.240,0.9559,0.95612,2.78,1.65
2013.04.17 07:01:05.429,0.9559,0.95611,2.78,1.50
2013.04.17 07:01:06.573,0.9559,0.95612,2.78,1.65
2013.04.17 07:01:06.931,0.9559,0.95611,2.40,1.50
2013.04.17 07:01:12.253,0.95588,0.9561,1.88,1.13
2013.04.17 07:01:14.171,0.95588,0.95609,1.88,1.50
2013.04.17 07:01:18.071,0.9559,0.95611,1.65,1.13
2013.04.17 07:01:18.881,0.9559,0.95612,1.65,1.65
2013.04.17 07:01:19.282,0.95599,0.95614,1.58,1.50
2013.04.17 07:01:21.430,0.95597,0.95614,1.50,1.13
2013.04.17 07:01:23.831,0.95596,0.95614,1.58,1.50
2013.04.17 07:01:23.892,0.95593,0.95614,2.33,1.50
2013.04.17 07:01:24.161,0.95593,0.95614,1.58,1.50
2013.04.17 07:01:24.900,0.95593,0.95614,1.58,1.50
2013.04.17 07:01:25.081,0.95593,0.95614,1.58,1.50
2013.04.17 07:01:25.141,0.95593,0.95614,1.58,1.13
2013.04.17 07:01:25.671,0.95596,0.95614,1.58,1.13
2013.04.17 07:01:27.150,0.95596,0.95614,2.33,1.13
2013.04.17 07:01:28.981,0.95596,0.95614,1.50,1.13
2013.04.17 07:01:30.724,0.95597,0.95618,1.13,1.88
2013.04.17 07:01:31.157,0.95605,0.95621,1.58,1.13
2013.04.17 07:01:37.720,0.95607,0.95623,1.50,1.13
2013.04.17 07:01:38.201,0.95608,0.95623,2.33,1.13
2013.04.17 07:01:38.871,0.95612,0.9563,1.50,1.13
2013.04.17 07:01:40.161,0.9561,0.95623,1.58,1.13
2013.04.17 07:01:40.221,0.95608,0.95623,1.58,1.13
2013.04.17 07:01:40.402,0.95605,0.95623,1.58,1.13
2013.04.17 07:01:40.461,0.95602,0.95623,2.33,1.13
2013.04.17 07:01:40.891,0.95605,0.95623,1.50,1.50
2013.04.17 07:01:41.441,0.95607,0.95623,1.50,1.13
2013.04.17 07:01:42.451,0.95607,0.95627,2.25,1.28
2013.04.17 07:01:42.811,0.95607,0.95627,1.58,2.03
2013.04.17 07:01:44.039,0.9561,0.95627,2.33,1.28
2013.04.17 07:01:44.161,0.95611,0.95629,2.33,2.25
2013.04.17 07:01:44.641,0.95611,0.95629,1.58,1.13
2013.04.17 07:01:44.831,0.95609,0.95629,1.58,1.13
2013.04.17 07:01:44.892,0.95607,0.95629,1.58,1.13
2013.04.17 07:01:46.641,0.95609,0.95629,1.50,1.13
2013.04.17 07:01:47.881,0.95612,0.95629,1.58,1.13
2013.04.17 07:01:51.212,0.95614,0.95634,1.50,2.63
2013.04.17 07:01:51.510,0.95616,0.95638,2.33,2.25
2013.04.17 07:01:52.452,0.95618,0.95638,1.65,1.13
2013.04.17 07:01:54.620,0.95621,0.95642,1.50,1.88
2013.04.17 07:01:55.072,0.95622,0.95642,1.50,1.13
2013.04.17 07:01:55.911,0.95621,0.95642,1.50,1.88
2013.04.17 07:01:56.152,0.95618,0.9564,2.03,1.50
2013.04.17 07:01:56.691,0.95614,0.95635,1.88,1.88
2013.04.17 07:01:57.193,0.95616,0.95635,1.58,1.13
2013.04.17 07:01:59.611,0.95618,0.95638,1.50,1.13
2013.04.17 07:01:59.731,0.95617,0.95637,2.03,1.58
2013.04.17 07:01:59.791,0.95617,0.95639,2.78,2.40
2013.04.17 07:01:59.912,0.95617,0.95638,1.65,1.50
2013.04.17 07:02:00.301,0.95616,0.95638,1.65,1.50
2013.04.17 07:02:00.923,0.95617,0.95638,1.65,1.50
2013.04.17 07:02:03.123,0.95616,0.95637,1.65,1.13
2013.04.17 07:02:04.552,0.95617,0.95637,1.65,1.13
2013.04.17 07:02:04.791,0.95618,0.95641,1.88,3.00
2013.04.17 07:02:08.292,0.95619,0.95641,1.50,2.25
2013.04.17 07:02:09.691,0.95618,0.95641,1.50,1.88
2013.04.17 07:02:12.893,0.95618,0.95637,1.50,1.13
2013.04.17 07:02:14.600,0.95618,0.95637,1.50,1.13
2013.04.17 07:02:18.182,0.95621,0.95636,1.58,1.13
2013.04.17 07:02:22.091,0.95622,0.95644,1.65,1.50
2013.04.17 07:02:22.451,0.95624,0.95647,1.50,1.13
2013.04.17 07:02:25.382,0.95625,0.95647,1.50,1.13
2013.04.17 07:02:25.779,0.95623,0.95647,1.73,1.13
2013.04.17 07:02:28.088,0.95625,0.95644,1.50,1.50
2013.04.17 07:02:32.104,0.95625,0.95644,1.50,1.50
2013.04.17 07:02:32.642,0.95623,0.95644,2.48,1.50
2013.04.17 07:02:36.581,0.95625,0.95644,1.50,1.88
2013.04.17 07:02:36.821,0.95628,0.95648,1.13,1.88
2013.04.17 07:02:37.124,0.9563,0.95651,2.48,1.13
2013.04.17 07:02:37.181,0.9563,0.95649,1.65,1.50
2013.04.17 07:02:38.251,0.95627,0.95647,1.50,1.88
2013.04.17 07:02:38.311,0.95627,0.95647,1.50,1.88
2013.04.17 07:02:41.773,0.95626,0.95647,1.50,1.88
2013.04.17 07:02:44.632,0.95625,0.95646,1.50,1.28
2013.04.17 07:02:44.751,0.95623,0.95643,1.65,1.50
2013.04.17 07:02:45.286,0.95622,0.95643,1.65,1.50
2013.04.17 07:02:46.560,0.95623,0.95643,1.65,1.50
2013.04.17 07:02:46.942,0.95623,0.95643,1.65,1.50
2013.04.17 07:02:47.617,0.95625,0.95646,1.50,2.03
2013.04.17 07:02:47.742,0.95625,0.95646,2.25,1.65
2013.04.17 07:02:48.221,0.95628,0.95647,1.50,1.88
2013.04.17 07:02:48.727,0.9563,0.9565,1.50,1.65
2013.04.17 07:02:50.532,0.95628,0.95647,1.50,1.88
2013.04.17 07:02:51.089,0.95627,0.95647,1.50,1.88
2013.04.17 07:02:52.463,0.95625,0.95646,1.50,1.65
2013.04.17 07:02:57.513,0.95624,0.95646,1.50,2.03
2013.04.17 07:02:57.631,0.95625,0.95646,1.50,2.03
2013.04.17 07:02:58.136,0.95622,0.95644,2.40,2.25
2013.04.17 07:02:58.321,0.95622,0.95643,1.65,1.50
2013.04.17 07:03:00.152,0.95625,0.95643,1.50,1.50
2013.04.17 07:03:07.742,0.95623,0.95643,1.28,2.25
2013.04.17 07:03:07.801,0.95622,0.95641,2.03,1.50
2013.04.17 07:03:09.012,0.95621,0.95641,1.13,1.50
2013.04.17 07:03:10.332,0.95617,0.95638,1.13,1.50
2013.04.17 07:03:10.391,0.95615,0.95638,1.88,1.50
2013.04.17 07:03:10.531,0.95616,0.95638,1.50,1.50
2013.04.17 07:03:11.231,0.95617,0.95638,1.50,1.50
2013.04.17 07:03:12.992,0.95617,0.95638,1.50,1.50
2013.04.17 07:03:13.652,0.95618,0.95638,1.13,1.50
2013.04.17 07:03:13.711,0.95616,0.95638,2.25,1.50
2013.04.17 07:03:14.098,0.95616,0.95638,2.25,1.50
2013.04.17 07:03:14.161,0.95616,0.95638,2.25,1.50
2013.04.17 07:03:24.951,0.95619,0.95638,1.50,1.50
2013.04.17 07:03:27.991,0.95618,0.95638,1.28,1.50
2013.04.17 07:03:29.042,0.95618,0.95638,1.65,1.50
2013.04.17 07:03:29.551,0.95617,0.95638,1.88,1.50
2013.04.17 07:03:32.001,0.95618,0.9564,2.48,1.65
2013.04.17 07:03:32.641,0.95619,0.95642,2.48,2.25
2013.04.17 07:03:39.323,0.95622,0.95642,1.50,1.13
2013.04.17 07:03:39.543,0.95623,0.95643,1.13,1.50
2013.04.17 07:03:39.781,0.95627,0.95649,1.73,1.50
2013.04.17 07:03:40.751,0.95627,0.95648,1.65,1.65
2013.04.17 07:03:41.132,0.95626,0.95648,1.65,1.65
2013.04.17 07:03:41.490,0.95623,0.95644,1.50,1.65
2013.04.17 07:03:41.671,0.95623,0.95644,1.88,1.65
2013.04.17 07:03:42.232,0.95625,0.95645,1.50,1.13
2013.04.17 07:03:55.340,0.95626,0.95645,1.50,1.13
2013.04.17 07:03:59.182,0.95625,0.95645,1.65,1.28
2013.04.17 07:03:59.541,0.95621,0.95642,2.33,1.50
2013.04.17 07:03:59.784,0.95621,0.95642,1.58,1.50
2013.04.17 07:04:00.391,0.95618,0.9564,2.48,1.65
2013.04.17 07:04:02.831,0.95618,0.95638,1.73,1.13
2013.04.17 07:04:02.891,0.95616,0.95634,1.58,1.13
2013.04.17 07:04:03.072,0.95615,0.95634,1.50,1.13
2013.04.17 07:04:03.871,0.95616,0.95634,1.50,1.13
2013.04.17 07:04:05.282,0.95615,0.95634,1.88,1.13
2013.04.17 07:04:05.521,0.95606,0.95623,1.50,1.13
2013.04.17 07:04:05.642,0.95607,0.95627,1.50,1.88
2013.04.17 07:04:07.711,0.95603,0.95623,2.25,1.13
2013.04.17 07:04:07.772,0.95602,0.95616,2.25,1.13
2013.04.17 07:04:08.191,0.95597,0.95616,1.58,1.13
2013.04.17 07:04:08.253,0.95597,0.95616,1.50,1.13
2013.04.17 07:04:08.314,0.95598,0.95616,1.50,1.13
2013.04.17 07:04:12.531,0.956,0.95618,1.50,1.13
2013.04.17 07:04:12.871,0.956,0.95618,1.50,1.13
2013.04.17 07:04:12.931,0.95598,0.95609,2.33,1.13
2013.04.17 07:04:13.051,0.95595,0.95609,1.13,1.13
2013.04.17 07:04:13.112,0.95592,0.95609,1.13,1.13
2013.04.17 07:04:13.451,0.95589,0.95609,1.50,1.13
2013.04.17 07:04:13.584,0.95589,0.9561,1.50,1.13
2013.04.17 07:04:15.923,0.95595,0.95613,1.65,1.50
2013.04.17 07:04:16.762,0.95597,0.95617,1.50,1.13
2013.04.17 07:04:17.592,0.95595,0.95615,1.73,1.28
2013.04.17 07:04:18.161,0.95593,0.95615,1.88,1.65
2013.04.17 07:04:19.022,0.95594,0.95615,1.65,1.65
2013.04.17 07:04:22.361,0.95596,0.95611,1.50,1.13
2013.04.17 07:04:22.482,0.95592,0.95611,1.88,1.13
2013.04.17 07:04:23.106,0.95592,0.95613,1.65,1.50
2013.04.17 07:04:24.262,0.95594,0.95613,1.50,1.50
2013.04.17 07:04:24.935,0.95597,0.95616,1.50,1.13
2013.04.17 07:04:25.401,0.95598,0.95619,1.50,1.88
2013.04.17 07:04:25.941,0.95601,0.95621,1.65,1.50
2013.04.17 07:04:28.241,0.95599,0.95619,2.63,1.50
2013.04.17 07:04:29.721,0.95601,0.95619,1.65,1.50
2013.04.17 07:04:30.321,0.95602,0.95619,1.50,1.13
2013.04.17 07:04:30.681,0.95604,0.95625,1.50,2.25
2013.04.17 07:04:34.071,0.95601,0.95622,1.65,1.50
2013.04.17 07:04:34.252,0.95602,0.95623,1.58,1.28
2013.04.17 07:04:34.431,0.956,0.9562,1.50,1.88
2013.04.17 07:04:34.672,0.95601,0.9562,1.13,1.50
2013.04.17 07:04:35.181,0.95603,0.95622,2.63,1.13
2013.04.17 07:04:35.612,0.95603,0.95622,1.13,1.88
2013.04.17 07:04:35.911,0.956,0.95619,1.50,1.65
2013.04.17 07:04:36.211,0.95596,0.95619,1.50,2.10
2013.04.17 07:04:36.531,0.95596,0.95619,1.50,3.15
2013.04.17 07:04:36.591,0.95596,0.95618,1.50,1.35
2013.04.17 07:04:38.371,0.95596,0.95615,1.50,1.50
2013.04.17 07:04:41.631,0.95591,0.95611,2.25,1.13
2013.04.17 07:04:44.232,0.9559,0.95611,1.88,1.13
2013.04.17 07:04:44.401,0.95591,0.95611,1.50,1.13
2013.04.17 07:04:49.721,0.95586,0.95608,2.40,1.50
2013.04.17 07:04:50.209,0.95586,0.95608,2.40,1.50
2013.04.17 07:04:50.740,0.95586,0.95608,2.40,1.50
2013.04.17 07:04:51.482,0.95586,0.95605,1.50,1.50
2013.04.17 07:04:56.371,0.95585,0.95604,1.50,1.65
2013.04.17 07:04:57.731,0.95585,0.95599,1.50,1.13
2013.04.17 07:04:57.912,0.95581,0.95597,1.58,1.50
2013.04.17 07:04:57.972,0.95581,0.95599,1.50,1.50
2013.04.17 07:04:58.351,0.95581,0.956,1.50,1.28
2013.04.17 07:04:58.581,0.95583,0.95601,1.13,1.50
2013.04.17 07:04:58.886,0.95586,0.95606,1.50,1.65
2013.04.17 07:04:59.002,0.95586,0.95606,1.50,1.65
2013.04.17 07:04:59.141,0.95586,0.95607,2.33,1.13
2013.04.17 07:04:59.682,0.95588,0.95607,1.50,1.13
2013.04.17 07:05:00.287,0.95588,0.95607,1.50,1.13
2013.04.17 07:05:00.592,0.95585,0.95605,1.65,1.65
2013.04.17 07:05:01.169,0.95586,0.95605,2.25,1.65
2013.04.17 07:05:01.351,0.95586,0.95607,2.25,2.33
2013.04.17 07:05:01.591,0.95583,0.95604,1.88,1.50
2013.04.17 07:05:01.951,0.95581,0.95603,2.33,1.50
2013.04.17 07:05:03.601,0.95583,0.95604,1.58,1.50
2013.04.17 07:05:06.982,0.95582,0.956,1.88,1.13
2013.04.17 07:05:07.101,0.95584,0.95602,1.50,1.13
2013.04.17 07:05:07.221,0.95585,0.95605,1.50,1.88
2013.04.17 07:05:08.371,0.95584,0.95605,1.65,1.50
2013.04.17 07:05:08.491,0.95582,0.95602,2.63,1.88
2013.04.17 07:05:09.014,0.95585,0.95604,1.50,1.88
2013.04.17 07:05:15.953,0.95582,0.95603,2.33,1.13
2013.04.17 07:05:16.508,0.95585,0.95604,1.50,1.88
2013.04.17 07:05:19.161,0.95583,0.95602,1.50,1.13
2013.04.17 07:05:22.431,0.95584,0.95603,1.50,1.88
2013.04.17 07:05:27.462,0.95586,0.95606,1.50,1.50
2013.04.17 07:05:27.855,0.95586,0.95606,1.50,1.50
2013.04.17 07:05:31.043,0.95586,0.95604,1.50,1.13
2013.04.17 07:05:32.291,0.95586,0.95606,1.50,1.50
2013.04.17 07:05:32.531,0.95587,0.95606,1.50,1.13
2013.04.17 07:05:33.021,0.95589,0.95608,1.50,2.03
2013.04.17 07:05:36.631,0.95591,0.95611,1.50,1.50
2013.04.17 07:05:36.751,0.95592,0.95614,1.50,3.75
2013.04.17 07:05:36.932,0.95592,0.95614,2.25,3.00
2013.04.17 07:05:37.051,0.95594,0.95614,1.50,1.13
2013.04.17 07:05:38.471,0.95595,0.95616,1.50,1.50
2013.04.17 07:05:40.011,0.95596,0.95616,2.33,1.50
2013.04.17 07:05:41.432,0.95599,0.95618,1.50,1.88
2013.04.17 07:05:41.793,0.95601,0.95619,1.50,1.13
2013.04.17 07:05:41.873,0.95601,0.95621,1.50,1.13
2013.04.17 07:05:47.592,0.95602,0.95621,1.50,1.13
2013.04.17 07:05:49.701,0.95601,0.95619,1.50,1.13
2013.04.17 07:05:54.941,0.95601,0.95619,2.25,1.13
2013.04.17 07:05:57.231,0.95602,0.95623,1.50,1.50
2013.04.17 07:05:57.351,0.95601,0.9562,1.50,1.50
2013.04.17 07:05:57.475,0.95602,0.95622,1.50,1.65
2013.04.17 07:05:57.555,0.95602,0.95623,2.25,2.25
2013.04.17 07:05:57.672,0.95602,0.95623,1.50,1.50
2013.04.17 07:05:58.365,0.95601,0.95621,1.50,1.28
2013.04.17 07:05:58.434,0.95599,0.95617,2.33,1.13
2013.04.17 07:05:59.017,0.95601,0.95618,1.50,1.13
2013.04.17 07:05:59.742,0.95599,0.95617,1.58,1.13
2013.04.17 07:06:00.061,0.95597,0.95616,1.50,2.03
2013.04.17 07:06:02.902,0.95602,0.95616,1.50,1.28
2013.04.17 07:06:03.082,0.95602,0.95619,1.50,1.13
2013.04.17 07:06:09.101,0.95602,0.95623,1.50,1.65
2013.04.17 07:06:09.224,0.95602,0.95623,1.50,1.65
2013.04.17 07:06:09.343,0.95605,0.95623,1.50,1.65
2013.04.17 07:06:09.892,0.95602,0.95622,1.88,1.50
2013.04.17 07:06:10.383,0.95602,0.95622,1.50,1.50
2013.04.17 07:06:13.692,0.956,0.95618,1.58,1.13
2013.04.17 07:06:13.872,0.95598,0.95617,2.25,1.28
2013.04.17 07:06:14.202,0.95596,0.95617,1.50,2.03
2013.04.17 07:06:22.762,0.95593,0.95613,1.50,1.88
2013.04.17 07:06:22.822,0.95592,0.95612,2.25,1.50
2013.04.17 07:06:23.061,0.9559,0.95608,1.50,1.13
2013.04.17 07:06:24.021,0.95588,0.95606,1.50,1.13
2013.04.17 07:06:24.204,0.95586,0.95605,1.50,1.65
2013.04.17 07:06:25.562,0.95584,0.95598,1.50,1.13
2013.04.17 07:06:25.624,0.95582,0.95598,1.50,1.13
2013.04.17 07:06:25.923,0.95578,0.956,1.88,1.28
2013.04.17 07:06:25.981,0.95578,0.95599,1.88,1.65
2013.04.17 07:06:26.983,0.95579,0.95599,1.50,1.88
2013.04.17 07:06:27.231,0.95581,0.95599,1.50,1.88
2013.04.17 07:06:27.761,0.95581,0.95598,1.50,1.13
2013.04.17 07:06:27.822,0.95578,0.95599,2.25,1.88
2013.04.17 07:06:28.061,0.95578,0.95596,1.50,1.13
2013.04.17 07:06:28.121,0.95576,0.95596,1.50,1.13
2013.04.17 07:06:34.722,0.95574,0.95594,1.58,1.13
2013.04.17 07:06:34.841,0.95574,0.95594,1.58,1.50
2013.04.17 07:06:35.261,0.95572,0.95594,2.40,1.88
2013.04.17 07:06:35.321,0.95576,0.95594,2.33,1.13
2013.04.17 07:06:36.311,0.95582,0.95598,1.50,1.50
2013.04.17 07:06:36.553,0.95582,0.95603,2.25,1.13
2013.04.17 07:06:39.024,0.95582,0.95602,1.50,1.13
2013.04.17 07:06:39.557,0.95586,0.95603,1.50,1.13
2013.04.17 07:06:42.751,0.95582,0.95602,2.33,1.13
2013.04.17 07:06:42.811,0.95582,0.95602,1.50,1.13
2013.04.17 07:06:46.064,0.95582,0.95603,1.50,1.13
2013.04.17 07:06:48.201,0.95587,0.95606,1.50,1.13
2013.04.17 07:06:48.651,0.95587,0.95606,1.50,1.13
2013.04.17 07:06:48.863,0.95587,0.95606,1.50,1.13
2013.04.17 07:06:49.313,0.95587,0.95606,1.50,1.13
2013.04.17 07:06:51.379,0.95584,0.95604,1.50,1.65
2013.04.17 07:06:51.571,0.95583,0.95604,1.50,1.65
2013.04.17 07:06:55.335,0.95583,0.95604,1.88,1.50
2013.04.17 07:06:55.391,0.95584,0.95604,1.65,1.50
2013.04.17 07:06:56.034,0.95589,0.9561,1.50,1.50
2013.04.17 07:06:58.244,0.95589,0.9561,1.50,1.88
2013.04.17 07:06:58.484,0.95589,0.9561,2.25,1.88
2013.04.17 07:06:58.841,0.95588,0.95607,1.50,1.20
2013.04.17 07:07:01.411,0.95588,0.95609,1.50,1.50
2013.04.17 07:07:10.732,0.95587,0.95609,2.25,2.25
2013.04.17 07:07:15.182,0.95587,0.95608,1.50,1.50
2013.04.17 07:07:17.162,0.95587,0.95608,1.50,1.13
2013.04.17 07:07:17.281,0.95586,0.95608,2.25,1.13
2013.04.17 07:07:18.001,0.95586,0.95605,2.25,1.50
2013.04.17 07:07:18.812,0.95586,0.95604,2.25,1.13
2013.04.17 07:07:19.171,0.95586,0.95605,1.50,1.13
2013.04.17 07:07:19.232,0.95582,0.95602,1.88,1.13
2013.04.17 07:07:19.472,0.95581,0.956,1.50,1.28
2013.04.17 07:07:19.712,0.95581,0.956,1.50,2.03
2013.04.17 07:07:20.754,0.95581,0.956,1.50,2.03
2013.04.17 07:07:20.932,0.95576,0.95595,2.33,1.13
2013.04.17 07:07:20.992,0.95576,0.95595,2.25,1.13
2013.04.17 07:07:21.531,0.95573,0.95595,2.25,1.88
2013.04.17 07:07:22.131,0.95573,0.95595,2.25,1.50
2013.04.17 07:07:22.433,0.95581,0.95597,1.50,1.58
2013.04.17 07:07:22.552,0.95581,0.95599,1.50,1.73
2013.04.17 07:07:22.613,0.95581,0.956,1.50,1.28
2013.04.17 07:07:22.921,0.95581,0.956,1.50,2.03
2013.04.17 07:07:23.222,0.95581,0.95599,1.50,2.48
2013.04.17 07:07:26.121,0.95579,0.95596,1.50,1.13
2013.04.17 07:07:26.182,0.95577,0.95596,2.25,1.50
2013.04.17 07:07:26.241,0.95577,0.95596,2.25,1.50
2013.04.17 07:07:27.851,0.95573,0.95593,1.50,1.73
2013.04.17 07:07:30.711,0.95576,0.95594,1.13,1.20
2013.04.17 07:07:31.142,0.95579,0.95598,1.50,2.10
2013.04.17 07:07:31.203,0.95579,0.95598,1.50,2.03
2013.04.17 07:07:32.068,0.9558,0.95597,1.50,1.58
2013.04.17 07:07:32.831,0.9558,0.95599,1.50,2.03
2013.04.17 07:07:34.911,0.95577,0.95599,2.78,1.65
2013.04.17 07:07:38.401,0.95582,0.956,1.50,1.88
2013.04.17 07:07:38.833,0.95582,0.956,1.50,1.88
2013.04.17 07:07:39.602,0.9558,0.95599,1.50,1.65
2013.04.17 07:07:44.883,0.95578,0.95599,1.28,1.65
2013.04.17 07:07:45.721,0.95578,0.95599,1.28,1.65
2013.04.17 07:07:46.212,0.95582,0.95599,1.50,1.65
2013.04.17 07:07:46.761,0.95581,0.95601,2.25,1.13
2013.04.17 07:07:48.402,0.95586,0.95604,1.65,1.50
2013.04.17 07:07:48.461,0.95586,0.95604,1.65,1.50
2013.04.17 07:07:49.106,0.95587,0.95608,1.65,1.28
2013.04.17 07:07:53.013,0.95587,0.95608,1.65,1.28
2013.04.17 07:07:53.953,0.95586,0.95605,1.65,1.50
2013.04.17 07:07:54.011,0.95585,0.95605,1.88,1.50
2013.04.17 07:07:54.391,0.95585,0.95604,1.13,1.50
2013.04.17 07:07:54.662,0.95587,0.95607,1.65,1.65
2013.04.17 07:07:54.781,0.95585,0.95607,1.88,1.65
2013.04.17 07:07:54.972,0.95585,0.95606,1.88,1.50
2013.04.17 07:07:56.294,0.95584,0.95604,1.50,1.13
2013.04.17 07:07:57.102,0.95582,0.95602,2.25,1.65
2013.04.17 07:07:58.632,0.95581,0.95603,2.25,2.25
2013.04.17 07:07:59.153,0.95583,0.95604,1.50,1.50
2013.04.17 07:07:59.464,0.95583,0.95604,2.25,1.50
2013.04.17 07:08:00.122,0.95586,0.95604,1.50,1.50
2013.04.17 07:08:00.242,0.95586,0.95605,1.50,1.88
2013.04.17 07:08:00.592,0.95583,0.95605,1.88,1.88
2013.04.17 07:08:00.711,0.95587,0.95605,1.50,1.88
2013.04.17 07:08:01.383,0.95587,0.95605,1.50,1.13
2013.04.17 07:08:01.562,0.95587,0.95605,1.50,1.88
2013.04.17 07:08:07.471,0.95583,0.95603,1.50,1.13
2013.04.17 07:08:07.853,0.95582,0.956,1.50,1.13
2013.04.17 07:08:07.911,0.95582,0.95604,1.65,2.48
2013.04.17 07:08:09.882,0.95585,0.95604,1.50,1.73
2013.04.17 07:08:10.242,0.95586,0.95604,1.50,1.73
2013.04.17 07:08:10.421,0.95586,0.95606,1.50,1.95
2013.04.17 07:08:12.232,0.95585,0.95604,1.50,1.65
2013.04.17 07:08:12.431,0.95584,0.95604,1.88,1.65
2013.04.17 07:08:12.551,0.95585,0.95606,1.50,2.33
2013.04.17 07:08:14.212,0.95587,0.95605,1.50,1.65
2013.04.17 07:08:14.672,0.95587,0.95607,2.25,1.13
2013.04.17 07:08:20.883,0.95587,0.95607,1.50,1.13
2013.04.17 07:08:22.793,0.95584,0.95604,1.50,1.13
2013.04.17 07:08:25.596,0.95591,0.95609,1.65,1.88
2013.04.17 07:08:25.652,0.95591,0.95611,1.65,1.28
2013.04.17 07:08:25.831,0.95591,0.95612,1.65,1.28
2013.04.17 07:08:25.952,0.95592,0.95613,1.13,1.13
2013.04.17 07:08:26.314,0.95594,0.95613,1.50,1.13
2013.04.17 07:08:26.672,0.95591,0.95612,1.65,1.28
2013.04.17 07:08:27.332,0.9559,0.95613,2.40,1.13
2013.04.17 07:08:27.741,0.9559,0.95611,2.40,1.28
2013.04.17 07:08:35.621,0.95589,0.9561,1.88,1.50
2013.04.17 07:08:35.922,0.95587,0.95609,2.25,1.50
2013.04.17 07:08:37.361,0.95587,0.95608,2.25,1.13
2013.04.17 07:08:39.704,0.95587,0.95609,2.25,1.50
2013.04.17 07:08:47.402,0.95596,0.95614,1.50,1.13
2013.04.17 07:08:48.773,0.95597,0.95617,1.50,1.13
2013.04.17 07:08:49.353,0.95601,0.95619,1.50,1.13
2013.04.17 07:08:49.902,0.956,0.95619,1.50,1.13
2013.04.17 07:08:50.992,0.956,0.95622,1.50,1.13
2013.04.17 07:08:53.561,0.956,0.95619,1.88,1.13
2013.04.17 07:09:00.504,0.95601,0.95619,1.50,1.13
2013.04.17 07:09:00.961,0.95598,0.95617,1.95,1.13
2013.04.17 07:09:01.092,0.95598,0.95617,1.13,1.13
2013.04.17 07:09:07.785,0.95597,0.95615,1.50,1.13
2013.04.17 07:09:07.903,0.95598,0.95615,1.58,1.13
2013.04.17 07:09:08.022,0.95596,0.95615,1.50,1.13
2013.04.17 07:09:08.642,0.95591,0.9561,2.25,1.50
2013.04.17 07:09:09.141,0.95591,0.95613,1.50,2.10
2013.04.17 07:09:09.972,0.95591,0.9561,1.50,1.50
2013.04.17 07:09:10.682,0.95591,0.95609,1.50,1.13
2013.04.17 07:09:12.672,0.95591,0.95609,2.33,2.25
2013.04.17 07:09:13.352,0.95592,0.95609,1.50,1.13
2013.04.17 07:09:13.712,0.95593,0.95613,1.50,2.25
2013.04.17 07:09:15.862,0.95597,0.95615,1.50,1.50
2013.04.17 07:09:15.922,0.95597,0.95615,1.50,1.13
2013.04.17 07:09:16.042,0.95601,0.9562,2.25,1.13
2013.04.17 07:09:17.083,0.95601,0.95622,2.25,1.28
2013.04.17 07:09:17.434,0.95601,0.95622,2.25,2.03
2013.04.17 07:09:18.303,0.95601,0.95619,1.50,1.50
2013.04.17 07:09:18.611,0.95601,0.95619,1.50,1.50
2013.04.17 07:09:19.045,0.95603,0.95623,2.25,1.28
2013.04.17 07:09:20.442,0.95603,0.9562,1.50,1.50
2013.04.17 07:09:22.573,0.95603,0.95622,1.50,1.35
2013.04.17 07:09:23.414,0.9561,0.95624,1.50,2.25
2013.04.17 07:09:23.532,0.95611,0.95628,1.50,1.58
2013.04.17 07:09:23.952,0.9561,0.95629,1.50,1.13
2013.04.17 07:09:26.481,0.95616,0.95629,1.50,1.13
2013.04.17 07:09:27.116,0.95616,0.95629,2.33,1.13
2013.04.17 07:09:27.343,0.95616,0.95629,2.25,1.13
2013.04.17 07:09:29.302,0.95616,0.95635,1.88,1.88
2013.04.17 07:09:29.363,0.95617,0.95635,1.13,1.50
2013.04.17 07:09:29.483,0.95618,0.95639,1.65,1.58
2013.04.17 07:09:29.542,0.95622,0.95642,1.50,1.28
2013.04.17 07:09:29.669,0.95626,0.95645,1.50,1.50
2013.04.17 07:09:29.792,0.9563,0.95649,1.50,1.50
2013.04.17 07:09:30.093,0.9563,0.95652,1.50,1.50
2013.04.17 07:09:30.391,0.95635,0.95656,1.65,1.88
2013.04.17 07:09:31.502,0.95637,0.95656,1.88,1.50
2013.04.17 07:09:31.741,0.95636,0.95656,1.50,1.13
2013.04.17 07:09:32.202,0.95639,0.95658,1.50,1.50
2013.04.17 07:09:33.492,0.95637,0.95655,2.33,1.28
2013.04.17 07:09:33.732,0.95634,0.95657,2.40,2.25
2013.04.17 07:09:33.853,0.95634,0.95655,2.40,1.28
2013.04.17 07:09:34.892,0.95636,0.95656,1.50,1.50
2013.04.17 07:09:38.103,0.95635,0.95656,2.40,1.88
2013.04.17 07:09:38.342,0.95635,0.95655,1.65,1.28
2013.04.17 07:09:38.523,0.95631,0.95651,1.50,1.28
2013.04.17 07:09:38.582,0.95629,0.95649,1.58,1.13
2013.04.17 07:09:38.702,0.95627,0.95649,1.58,1.50
2013.04.17 07:09:38.941,0.95625,0.95646,2.33,1.13
2013.04.17 07:09:39.001,0.95625,0.95646,1.50,1.13
2013.04.17 07:09:39.514,0.95625,0.95646,2.25,1.13
2013.04.17 07:09:39.632,0.95625,0.95646,1.50,1.13
2013.04.17 07:09:39.931,0.95626,0.95646,1.50,1.13
2013.04.17 07:09:40.172,0.95625,0.95646,2.25,1.13
2013.04.17 07:09:42.422,0.95626,0.95644,1.50,1.28
2013.04.17 07:09:43.233,0.95627,0.95646,1.50,1.50
2013.04.17 07:09:45.222,0.95626,0.95647,1.50,1.50
2013.04.17 07:09:45.733,0.95627,0.95647,1.50,1.50
2013.04.17 07:09:46.242,0.95627,0.95644,1.50,1.28
2013.04.17 07:09:47.461,0.95627,0.95643,1.50,1.13
2013.04.17 07:09:50.181,0.95619,0.95638,3.08,1.13
2013.04.17 07:09:50.241,0.95619,0.95638,1.58,1.50
2013.04.17 07:09:50.361,0.95617,0.95638,1.50,1.50
2013.04.17 07:09:50.721,0.95619,0.95639,1.50,1.88
2013.04.17 07:09:51.063,0.95618,0.95636,1.50,1.13
2013.04.17 07:09:51.302,0.95614,0.95636,1.65,1.50
2013.04.17 07:09:52.134,0.95615,0.95633,1.50,1.13
2013.04.17 07:09:52.252,0.9561,0.9563,1.50,1.13
2013.04.17 07:09:52.513,0.9561,0.95633,1.88,3.45
2013.04.17 07:09:52.573,0.9561,0.95631,1.50,1.13
2013.04.17 07:09:52.993,0.95612,0.95636,2.33,1.88
2013.04.17 07:09:53.612,0.95615,0.95636,1.50,1.88
2013.04.17 07:09:54.706,0.95616,0.95638,1.50,3.00
2013.04.17 07:09:55.122,0.95612,0.95636,1.50,3.00
2013.04.17 07:09:56.111,0.95613,0.95636,1.50,3.00
2013.04.17 07:09:57.302,0.95612,0.95634,1.50,1.73
2013.04.17 07:09:57.612,0.95612,0.95632,1.50,1.50
2013.04.17 07:09:58.162,0.9561,0.95631,1.58,1.13
2013.04.17 07:09:58.911,0.95611,0.95631,1.50,1.13
2013.04.17 07:10:00.452,0.9561,0.95629,2.25,1.50
2013.04.17 07:10:03.273,0.9561,0.95631,2.25,1.20
2013.04.17 07:10:03.834,0.9561,0.95629,1.50,1.88
2013.04.17 07:10:06.111,0.95611,0.95631,1.50,1.13
2013.04.17 07:10:06.612,0.9561,0.95628,1.50,1.88
2013.04.17 07:10:07.152,0.95606,0.95628,1.50,3.38
2013.04.17 07:10:08.891,0.95606,0.95628,1.50,1.88
2013.04.17 07:10:09.012,0.95613,0.95633,1.50,1.88
2013.04.17 07:10:09.193,0.95615,0.95633,1.50,1.50
2013.04.17 07:10:09.373,0.95612,0.95632,2.25,1.50
2013.04.17 07:10:09.912,0.95612,0.95632,1.50,1.50
2013.04.17 07:10:10.416,0.95609,0.9563,1.50,2.78
2013.04.17 07:10:10.702,0.95608,0.95626,1.50,1.50
2013.04.17 07:10:10.762,0.95605,0.95626,1.50,1.50
2013.04.17 07:10:13.132,0.95605,0.95625,1.50,1.13
2013.04.17 07:10:13.291,0.95605,0.95628,1.50,1.88
2013.04.17 07:10:14.541,0.95609,0.95628,1.50,1.13
2013.04.17 07:10:15.812,0.95609,0.95629,1.50,1.28
2013.04.17 07:10:16.002,0.95609,0.95631,1.50,2.33
2013.04.17 07:10:17.021,0.9561,0.95629,1.50,1.65
2013.04.17 07:10:24.663,0.95609,0.95632,2.48,2.03
2013.04.17 07:10:24.853,0.95608,0.95629,1.50,1.50
2013.04.17 07:10:25.941,0.95609,0.95629,1.65,1.50
2013.04.17 07:10:26.632,0.95611,0.9563,1.13,1.50
2013.04.17 07:10:26.932,0.95614,0.95634,1.88,1.50
2013.04.17 07:10:27.622,0.95614,0.95634,1.13,1.50
2013.04.17 07:10:29.771,0.95612,0.95633,2.25,1.88
2013.04.17 07:10:35.762,0.95609,0.95633,2.63,2.70
2013.04.17 07:10:37.753,0.95613,0.95635,1.88,1.50
2013.04.17 07:10:38.523,0.95614,0.95636,1.28,1.50
2013.04.17 07:10:38.633,0.95614,0.95635,1.28,1.50
2013.04.17 07:10:40.206,0.95616,0.95635,1.58,1.50
2013.04.17 07:10:40.564,0.95618,0.95637,1.58,1.65
2013.04.17 07:10:42.432,0.95615,0.95635,1.65,1.50
2013.04.17 07:10:42.962,0.95613,0.95634,1.13,1.50
2013.04.17 07:10:43.502,0.95613,0.95633,1.88,2.33
2013.04.17 07:10:43.803,0.95613,0.95632,1.88,1.50
2013.04.17 07:10:44.133,0.95613,0.95634,1.88,1.58
2013.04.17 07:10:46.152,0.95612,0.95631,1.50,1.13
2013.04.17 07:10:48.473,0.95613,0.95634,1.65,1.50
2013.04.17 07:10:48.553,0.95612,0.95634,2.40,2.33
2013.04.17 07:10:48.731,0.95614,0.95634,1.50,1.50
2013.04.17 07:10:49.241,0.95614,0.95637,1.50,2.85
2013.04.17 07:10:52.792,0.95617,0.95637,1.50,1.65
2013.04.17 07:10:53.962,0.95618,0.95638,1.13,1.20
2013.04.17 07:10:54.022,0.9562,0.95642,1.65,1.95
2013.04.17 07:10:54.527,0.95623,0.95643,1.50,1.88
2013.04.17 07:10:57.022,0.95626,0.95647,1.50,1.50
2013.04.17 07:10:57.142,0.95627,0.95648,1.58,2.03
2013.04.17 07:10:57.202,0.95629,0.95648,1.50,1.28
2013.04.17 07:11:01.565,0.95626,0.95648,1.58,2.40
2013.04.17 07:11:02.125,0.95628,0.95648,1.50,2.03
2013.04.17 07:11:02.654,0.95631,0.9565,1.50,3.00
2013.04.17 07:11:03.237,0.95625,0.95648,1.50,1.65
2013.04.17 07:11:05.812,0.95625,0.95647,1.50,1.13
2013.04.17 07:11:05.932,0.95625,0.95644,1.50,1.13
2013.04.17 07:11:08.794,0.95624,0.95643,1.50,1.13
2013.04.17 07:11:08.974,0.95625,0.95647,1.65,1.28
2013.04.17 07:11:09.106,0.95629,0.95648,1.88,2.25
2013.04.17 07:11:09.472,0.9563,0.95652,1.65,2.03
2013.04.17 07:11:09.893,0.95634,0.95652,1.13,1.50
2013.04.17 07:11:10.013,0.9564,0.95661,1.50,1.13
2013.04.17 07:11:10.192,0.95639,0.95657,1.50,1.13
2013.04.17 07:11:10.493,0.95637,0.95656,1.58,1.28
2013.04.17 07:11:10.914,0.95629,0.95649,1.50,1.50
2013.04.17 07:11:11.033,0.95627,0.95648,1.65,1.58
2013.04.17 07:11:11.342,0.95628,0.95649,2.25,1.50
2013.04.17 07:11:11.582,0.95629,0.95651,1.13,1.65
2013.04.17 07:11:13.623,0.95628,0.95651,1.88,2.40
2013.04.17 07:11:13.922,0.9563,0.95651,1.50,1.65
2013.04.17 07:11:14.104,0.95633,0.95655,1.13,2.48
2013.04.17 07:11:14.222,0.95634,0.95655,1.65,1.65
2013.04.17 07:11:15.125,0.95634,0.95656,1.65,1.28
2013.04.17 07:11:16.352,0.95634,0.95657,1.65,3.08
2013.04.17 07:11:16.472,0.95634,0.95657,2.03,2.70
2013.04.17 07:11:17.253,0.95636,0.95657,1.50,1.95
2013.04.17 07:11:17.389,0.95636,0.95657,1.50,1.95
2013.04.17 07:11:17.692,0.95636,0.95656,1.50,2.48
2013.04.17 07:11:20.191,0.95636,0.95656,1.50,1.73
2013.04.17 07:11:21.289,0.95636,0.95653,1.50,1.50
2013.04.17 07:11:21.592,0.95633,0.95652,2.25,1.50
2013.04.17 07:11:24.912,0.95631,0.95652,1.13,1.88
2013.04.17 07:11:25.302,0.9563,0.9565,1.28,1.73
2013.04.17 07:11:25.662,0.95628,0.95645,1.13,1.58
2013.04.17 07:11:25.870,0.95628,0.95645,1.13,1.58
2013.04.17 07:11:25.992,0.95628,0.95645,1.13,1.58
2013.04.17 07:11:26.116,0.95628,0.95645,1.13,1.58
2013.04.17 07:11:26.232,0.95626,0.95644,1.13,1.50
2013.04.17 07:11:26.653,0.95627,0.95646,1.88,1.50
2013.04.17 07:11:27.226,0.95627,0.95646,1.13,1.58
2013.04.17 07:11:28.062,0.95623,0.95645,1.28,1.13
2013.04.17 07:11:28.242,0.95621,0.95644,1.88,2.40
2013.04.17 07:11:28.303,0.95621,0.95639,1.13,1.58
2013.04.17 07:11:31.655,0.95618,0.95638,1.50,1.50
2013.04.17 07:11:32.411,0.95617,0.95639,1.50,2.10
2013.04.17 07:11:34.895,0.95616,0.95639,2.63,2.48
2013.04.17 07:11:35.303,0.95618,0.95639,1.13,1.65
2013.04.17 07:11:35.662,0.9562,0.9564,2.25,1.50
2013.04.17 07:11:37.135,0.9562,0.95642,2.25,1.58
2013.04.17 07:11:37.312,0.95621,0.95642,1.28,1.58
2013.04.17 07:11:37.373,0.95621,0.95644,2.78,1.58
2013.04.17 07:11:37.530,0.95622,0.95643,1.65,1.50
2013.04.17 07:11:37.948,0.95621,0.95641,1.65,1.58
2013.04.17 07:11:38.012,0.95621,0.95639,1.65,1.50
2013.04.17 07:11:38.502,0.95621,0.95641,1.65,1.58
2013.04.17 07:11:41.582,0.95626,0.95641,1.13,1.58
2013.04.17 07:11:41.702,0.95622,0.95641,2.25,1.58
2013.04.17 07:11:41.762,0.95622,0.95643,2.25,1.58
2013.04.17 07:11:49.353,0.95622,0.95643,1.13,1.58
2013.04.17 07:11:52.722,0.95622,0.95643,1.50,1.58
2013.04.17 07:11:53.083,0.95624,0.95644,1.65,2.25
2013.04.17 07:11:53.656,0.95624,0.95644,1.65,1.50
2013.04.17 07:11:53.712,0.95624,0.95646,1.65,2.10
2013.04.17 07:11:53.832,0.95626,0.95646,1.50,1.28
2013.04.17 07:11:55.802,0.95632,0.9565,2.33,1.13
2013.04.17 07:11:57.073,0.95632,0.95652,2.33,1.50
2013.04.17 07:11:57.832,0.9563,0.9565,1.65,1.65
2013.04.17 07:12:01.282,0.95628,0.95649,1.13,1.13
2013.04.17 07:12:01.652,0.95628,0.95647,1.13,1.58
2013.04.17 07:12:04.128,0.95632,0.95648,1.13,2.33
2013.04.17 07:12:04.192,0.95632,0.95649,1.13,1.13
2013.04.17 07:12:04.252,0.95632,0.95651,1.13,1.13
2013.04.17 07:12:04.382,0.95634,0.95655,1.65,1.50
2013.04.17 07:12:04.803,0.95633,0.95652,2.03,1.50
2013.04.17 07:12:05.344,0.95631,0.95649,1.50,2.25
2013.04.17 07:12:05.404,0.95631,0.95649,1.13,2.40
2013.04.17 07:12:05.582,0.95628,0.95648,1.20,1.65
2013.04.17 07:12:05.793,0.9563,0.95648,1.50,1.65
2013.04.17 07:12:07.002,0.95628,0.95648,1.20,1.65
2013.04.17 07:12:07.390,0.9563,0.95648,1.50,1.65
2013.04.17 07:12:07.852,0.9563,0.95649,2.25,1.65
2013.04.17 07:12:08.633,0.95637,0.95654,1.13,1.50
2013.04.17 07:12:08.695,0.95639,0.95661,1.65,1.50
2013.04.17 07:12:08.932,0.9564,0.95661,1.65,1.50
2013.04.17 07:12:10.432,0.95642,0.95658,1.58,1.50
2013.04.17 07:12:10.798,0.9564,0.95658,1.58,1.13
2013.04.17 07:12:11.072,0.9564,0.95659,1.73,1.50
2013.04.17 07:12:11.133,0.95643,0.95659,2.33,1.50
2013.04.17 07:12:11.373,0.95644,0.95664,1.50,2.25
2013.04.17 07:12:11.613,0.95646,0.95664,1.50,2.25
2013.04.17 07:12:11.792,0.95647,0.95664,1.58,1.13
2013.04.17 07:12:11.912,0.95649,0.95664,1.58,1.13
2013.04.17 07:12:12.332,0.95652,0.95664,1.58,1.13
2013.04.17 07:12:12.452,0.95646,0.95664,1.50,1.13
2013.04.17 07:12:12.853,0.95647,0.95667,1.13,1.50
2013.04.17 07:12:12.972,0.95646,0.95668,1.88,1.65
2013.04.17 07:12:13.697,0.95647,0.95669,1.20,2.40
2013.04.17 07:12:15.112,0.95647,0.95669,1.20,2.40
2013.04.17 07:12:17.152,0.95646,0.95663,1.13,1.58
2013.04.17 07:12:19.062,0.95642,0.95661,1.13,1.13
2013.04.17 07:12:19.122,0.95641,0.95661,1.13,1.50
2013.04.17 07:12:19.432,0.95638,0.95659,1.28,1.65
2013.04.17 07:12:19.672,0.95636,0.95658,2.25,1.58
2013.04.17 07:12:19.993,0.95637,0.95659,1.28,1.65
2013.04.17 07:12:21.762,0.95637,0.95659,2.03,1.65
2013.04.17 07:12:21.882,0.95639,0.9566,1.13,1.65
2013.04.17 07:12:22.353,0.95637,0.95659,2.78,1.65
2013.04.17 07:12:23.119,0.95636,0.95659,3.00,1.65
2013.04.17 07:12:23.442,0.95639,0.95659,1.88,1.65
2013.04.17 07:12:23.622,0.95641,0.95662,1.58,1.65
2013.04.17 07:12:23.950,0.95642,0.95663,1.50,1.50
2013.04.17 07:12:24.815,0.95644,0.95664,1.13,1.50
2013.04.17 07:12:27.397,0.95644,0.95663,1.13,1.58
2013.04.17 07:12:28.352,0.95644,0.95664,1.13,1.50
2013.04.17 07:12:29.828,0.95644,0.95664,1.13,1.50
2013.04.17 07:12:33.002,0.95642,0.95664,3.75,1.50
2013.04.17 07:12:33.122,0.95646,0.95668,2.03,1.73
2013.04.17 07:12:33.242,0.95646,0.95666,2.25,1.50
2013.04.17 07:12:33.572,0.95646,0.95668,2.25,1.58
2013.04.17 07:12:34.702,0.95647,0.95666,1.50,1.50
2013.04.17 07:12:34.793,0.95647,0.95666,1.28,1.50
2013.04.17 07:12:36.233,0.95647,0.95666,2.03,1.50
2013.04.17 07:12:39.142,0.95649,0.95669,1.88,1.13
2013.04.17 07:12:39.682,0.95649,0.95669,1.88,1.88
2013.04.17 07:12:44.069,0.95649,0.95668,1.88,1.65
2013.04.17 07:12:44.192,0.95649,0.95666,1.13,1.50
2013.04.17 07:12:44.313,0.95645,0.95664,2.25,1.50
2013.04.17 07:12:45.962,0.95645,0.95664,1.50,1.88
2013.04.17 07:12:46.409,0.9564,0.95656,1.50,1.13
2013.04.17 07:12:46.479,0.95637,0.95657,1.13,1.58
2013.04.17 07:12:46.602,0.95636,0.95655,1.13,1.65
2013.04.17 07:12:46.723,0.95634,0.95654,1.50,1.58
2013.04.17 07:12:46.842,0.95636,0.95655,1.50,1.65
2013.04.17 07:12:47.045,0.95635,0.95656,1.13,2.48
2013.04.17 07:12:47.641,0.95635,0.95657,1.88,1.95
2013.04.17 07:12:49.406,0.95638,0.95658,1.13,1.58
2013.04.17 07:12:49.479,0.95638,0.95659,1.50,1.50
2013.04.17 07:12:49.761,0.95638,0.95661,1.50,1.58
2013.04.17 07:12:50.152,0.95641,0.95663,1.50,2.48
2013.04.17 07:12:50.633,0.95642,0.95663,1.13,1.65
2013.04.17 07:12:50.974,0.95643,0.95663,1.50,1.65
2013.04.17 07:12:55.702,0.95643,0.95663,1.50,1.65
2013.04.17 07:12:56.642,0.95645,0.95665,1.88,1.58
2013.04.17 07:12:56.882,0.95647,0.95668,1.28,1.50
2013.04.17 07:13:01.852,0.9565,0.95669,1.13,1.50
2013.04.17 07:13:04.703,0.95647,0.95666,2.10,1.50
2013.04.17 07:13:04.762,0.95647,0.95666,1.28,1.50
2013.04.17 07:13:08.663,0.95645,0.95668,2.25,2.25
2013.04.17 07:13:10.702,0.95645,0.95665,1.50,1.13
2013.04.17 07:13:10.762,0.95644,0.95665,1.50,1.13
2013.04.17 07:13:10.882,0.95645,0.95665,1.50,1.88
2013.04.17 07:13:10.942,0.95643,0.95663,1.28,3.23
2013.04.17 07:13:11.242,0.95642,0.95662,1.28,1.50
2013.04.17 07:13:11.452,0.95646,0.95662,1.13,1.50
2013.04.17 07:13:11.774,0.95646,0.95662,1.50,1.50
2013.04.17 07:13:12.072,0.95646,0.95667,1.50,1.50
2013.04.17 07:13:13.402,0.95647,0.95667,1.28,1.58
2013.04.17 07:13:13.868,0.95646,0.95664,1.13,1.58
2013.04.17 07:13:14.842,0.95646,0.95666,1.88,1.58
2013.04.17 07:13:16.653,0.95651,0.95666,1.13,1.58
2013.04.17 07:13:17.390,0.95647,0.95665,1.13,1.58
2013.04.17 07:13:17.692,0.95647,0.95666,1.13,1.50
2013.04.17 07:13:18.293,0.95647,0.95668,1.13,1.73
2013.04.17 07:13:18.462,0.95646,0.95667,1.13,1.50
2013.04.17 07:13:18.522,0.95646,0.95666,1.13,1.50
2013.04.17 07:13:18.882,0.95646,0.95663,1.13,1.58
2013.04.17 07:13:19.242,0.95646,0.95659,1.13,1.58
2013.04.17 07:13:32.352,0.95642,0.95659,1.65,1.58
2013.04.17 07:13:35.451,0.95642,0.9566,1.65,1.50
2013.04.17 07:13:36.291,0.95642,0.95661,1.65,1.50
2013.04.17 07:13:38.102,0.95642,0.9566,1.65,1.50
2013.04.17 07:13:38.293,0.95641,0.95658,1.13,1.58
2013.04.17 07:13:38.652,0.95637,0.95654,1.13,1.50
2013.04.17 07:13:40.832,0.95637,0.95657,1.13,1.50
2013.04.17 07:13:40.952,0.95637,0.95658,1.88,1.65
2013.04.17 07:13:41.453,0.95638,0.9566,2.03,1.95
2013.04.17 07:13:42.962,0.95641,0.95662,1.13,2.33
2013.04.17 07:13:43.263,0.95648,0.95669,1.13,1.58
2013.04.17 07:13:43.382,0.95649,0.95673,1.28,2.03
2013.04.17 07:13:44.003,0.9565,0.95673,1.65,2.03
2013.04.17 07:13:44.976,0.95651,0.95673,1.50,2.03
2013.04.17 07:13:45.044,0.95647,0.95669,1.50,2.33
2013.04.17 07:13:45.353,0.95647,0.95666,2.25,1.50
2013.04.17 07:13:46.413,0.95648,0.95669,1.13,2.33
2013.04.17 07:13:46.593,0.95646,0.95667,1.13,2.33
2013.04.17 07:13:46.903,0.95646,0.95668,3.00,1.50
2013.04.17 07:13:47.445,0.95648,0.95668,1.50,1.50
2013.04.17 07:13:47.812,0.95648,0.95667,1.50,1.50
2013.04.17 07:13:47.872,0.95648,0.95668,2.25,1.50
2013.04.17 07:13:48.596,0.95647,0.95668,1.50,2.25
2013.04.17 07:13:48.798,0.95647,0.95667,1.50,1.50
2013.04.17 07:13:50.773,0.95647,0.95663,1.13,1.58
2013.04.17 07:13:51.072,0.95641,0.95662,3.00,1.58
2013.04.17 07:13:51.632,0.95642,0.95662,1.13,2.33
2013.04.17 07:13:52.020,0.95642,0.95657,1.13,1.50
2013.04.17 07:13:55.623,0.95642,0.95657,1.13,1.50
2013.04.17 07:13:56.352,0.95638,0.95657,1.88,1.50
2013.04.17 07:13:59.733,0.95637,0.95657,1.50,1.50
2013.04.17 07:14:00.073,0.95637,0.95656,1.13,2.33
2013.04.17 07:14:00.688,0.95638,0.95655,1.13,1.58
2013.04.17 07:14:01.182,0.95634,0.95654,1.28,1.58
2013.04.17 07:14:01.243,0.95633,0.9565,1.50,1.58
2013.04.17 07:14:01.362,0.95633,0.95655,1.88,2.78
2013.04.17 07:14:01.602,0.95633,0.95656,1.88,2.03
2013.04.17 07:14:01.722,0.95634,0.95657,1.65,2.33
2013.04.17 07:14:01.783,0.95634,0.95655,1.65,2.48
2013.04.17 07:14:02.212,0.95635,0.95655,1.65,1.65
2013.04.17 07:14:02.715,0.95635,0.95655,1.65,1.65
2013.04.17 07:14:05.522,0.95635,0.95657,1.65,1.95
2013.04.17 07:14:06.026,0.95641,0.95663,1.13,2.33
2013.04.17 07:14:06.488,0.95641,0.9566,1.13,1.58
2013.04.17 07:14:07.252,0.95638,0.95659,1.50,1.73
2013.04.17 07:14:10.577,0.95638,0.9566,1.50,1.95
2013.04.17 07:14:10.872,0.95642,0.95663,1.13,2.70
2013.04.17 07:14:13.548,0.95641,0.9566,1.88,1.50
2013.04.17 07:14:13.672,0.95642,0.95663,1.13,2.33
2013.04.17 07:14:14.382,0.95642,0.95663,1.13,2.33
2013.04.17 07:14:14.802,0.95642,0.95663,1.13,1.58
2013.04.17 07:14:15.528,0.95642,0.95663,1.13,1.58
2013.04.17 07:14:15.832,0.95647,0.95664,1.13,2.33
2013.04.17 07:14:15.952,0.95652,0.95669,1.13,1.95
2013.04.17 07:14:16.193,0.95652,0.95673,1.88,2.33
2013.04.17 07:14:16.713,0.95652,0.95673,1.88,1.58
2013.04.17 07:14:17.218,0.95654,0.95673,1.65,2.33
2013.04.17 07:14:17.641,0.95653,0.95673,2.40,1.50
2013.04.17 07:14:17.701,0.95653,0.95674,2.40,1.20
2013.04.17 07:14:18.003,0.95653,0.95672,1.65,1.50
2013.04.17 07:14:18.063,0.95652,0.95671,1.13,1.50
2013.04.17 07:14:18.241,0.95649,0.9567,1.50,1.13
2013.04.17 07:14:18.883,0.95648,0.95669,1.50,1.73
2013.04.17 07:14:19.436,0.9565,0.95669,1.50,1.65
2013.04.17 07:14:19.872,0.9565,0.9567,1.50,1.13
2013.04.17 07:14:20.477,0.95652,0.9567,1.50,1.13
2013.04.17 07:14:21.080,0.95647,0.95668,1.88,1.65
2013.04.17 07:14:22.141,0.95648,0.95668,1.50,1.65
2013.04.17 07:14:22.632,0.95653,0.95675,1.88,2.40
2013.04.17 07:14:22.813,0.95657,0.95676,1.50,1.88
2013.04.17 07:14:23.483,0.95658,0.95678,1.50,2.33
2013.04.17 07:14:23.661,0.9566,0.9568,1.28,1.73
2013.04.17 07:14:23.721,0.9566,0.95682,1.28,1.95
2013.04.17 07:14:24.613,0.95662,0.95682,1.13,1.58
2013.04.17 07:14:24.972,0.95672,0.95695,1.50,2.63
2013.04.17 07:14:25.496,0.95671,0.95692,1.50,1.50
2013.04.17 07:14:25.932,0.95671,0.95693,1.50,1.50
2013.04.17 07:14:26.291,0.95671,0.95694,1.50,2.33
2013.04.17 07:14:26.417,0.95671,0.95693,1.50,1.50
2013.04.17 07:14:26.631,0.95671,0.95693,1.50,1.50
2013.04.17 07:14:27.077,0.9567,0.95692,1.13,1.50
2013.04.17 07:14:27.432,0.95667,0.95689,1.50,1.58
2013.04.17 07:14:27.492,0.95666,0.95688,1.13,1.58
2013.04.17 07:14:28.509,0.95666,0.95686,1.13,1.50
2013.04.17 07:14:28.833,0.95671,0.95689,1.50,1.50
2013.04.17 07:14:29.134,0.95672,0.95693,1.50,1.58
2013.04.17 07:14:29.252,0.95672,0.95694,1.50,1.58
2013.04.17 07:14:29.674,0.95671,0.9569,1.50,1.50
2013.04.17 07:14:29.971,0.95668,0.9569,1.50,1.13
2013.04.17 07:14:30.102,0.95667,0.9569,1.50,1.88
2013.04.17 07:14:30.342,0.95666,0.95688,1.50,1.50
2013.04.17 07:14:30.552,0.95665,0.95687,2.25,1.50
2013.04.17 07:14:30.672,0.95665,0.95688,2.25,1.50
2013.04.17 07:14:30.732,0.95665,0.95688,2.25,1.50
2013.04.17 07:14:31.702,0.95665,0.95686,1.50,1.65
2013.04.17 07:14:32.177,0.95662,0.95683,1.50,2.33
2013.04.17 07:14:32.574,0.95663,0.95683,1.50,1.50
2013.04.17 07:14:33.194,0.95668,0.95687,1.13,1.58
2013.04.17 07:14:34.443,0.9567,0.95689,1.65,1.73
2013.04.17 07:14:34.502,0.9567,0.95689,1.65,1.65
2013.04.17 07:14:35.073,0.9567,0.95691,1.65,1.95
2013.04.17 07:14:35.522,0.95669,0.95689,1.28,2.40
2013.04.17 07:14:35.583,0.95668,0.95688,1.13,1.50
2013.04.17 07:14:35.822,0.95668,0.95687,1.13,1.50
2013.04.17 07:14:36.345,0.95668,0.95688,1.88,1.50
2013.04.17 07:14:36.512,0.95668,0.9569,1.88,2.10
2013.04.17 07:14:36.633,0.95668,0.95688,2.63,1.50
2013.04.17 07:14:37.226,0.95668,0.9569,2.63,2.10
2013.04.17 07:14:37.784,0.95666,0.95688,1.88,1.58
2013.04.17 07:14:38.141,0.95668,0.95689,1.88,1.73
2013.04.17 07:14:38.552,0.95669,0.95691,1.65,1.88
2013.04.17 07:14:38.672,0.95672,0.95691,1.50,1.13
2013.04.17 07:14:38.732,0.95674,0.95694,1.13,1.20
2013.04.17 07:14:38.852,0.95675,0.95695,1.65,1.88
2013.04.17 07:14:39.245,0.95677,0.95695,1.13,1.88
2013.04.17 07:14:39.302,0.95675,0.95696,2.40,1.13
2013.04.17 07:14:39.362,0.95675,0.95695,2.40,1.13
2013.04.17 07:14:39.482,0.95675,0.95696,1.65,1.88
2013.04.17 07:14:40.022,0.95673,0.95695,1.88,1.50
2013.04.17 07:14:40.141,0.95673,0.95693,1.88,1.58
2013.04.17 07:14:40.622,0.95674,0.95693,1.65,1.50
2013.04.17 07:14:41.362,0.95673,0.95689,1.13,1.50
2013.04.17 07:14:41.672,0.95671,0.95685,1.13,1.50
2013.04.17 07:14:41.792,0.95671,0.95688,1.13,1.50
2013.04.17 07:14:42.389,0.95673,0.95689,1.88,1.50
2013.04.17 07:14:42.942,0.95676,0.95689,1.50,1.50
2013.04.17 07:14:43.062,0.95676,0.95694,1.50,1.58
2013.04.17 07:14:43.411,0.95676,0.95696,1.88,1.58
2013.04.17 07:14:44.669,0.95676,0.95696,1.88,1.58
2013.04.17 07:14:46.576,0.95676,0.95695,1.88,2.33
2013.04.17 07:14:46.649,0.95676,0.95693,1.50,1.58
2013.04.17 07:14:47.063,0.95673,0.95693,1.50,1.58
2013.04.17 07:14:47.182,0.95676,0.95693,1.13,1.58
2013.04.17 07:14:47.305,0.95681,0.957,1.88,1.58
2013.04.17 07:14:47.602,0.95679,0.95698,1.28,1.58
2013.04.17 07:14:48.152,0.95676,0.95695,2.25,1.50
2013.04.17 07:14:48.462,0.95677,0.95698,1.50,2.33
2013.04.17 07:14:50.821,0.95677,0.95695,1.28,1.50
2013.04.17 07:14:51.361,0.95677,0.95696,1.28,1.58
2013.04.17 07:14:51.541,0.95676,0.95692,1.13,1.50
2013.04.17 07:14:52.051,0.95676,0.95692,1.13,1.50
2013.04.17 07:14:52.481,0.95676,0.95695,1.13,1.58
2013.04.17 07:14:52.902,0.95676,0.95692,1.13,1.58
2013.04.17 07:14:53.172,0.95676,0.95692,1.13,1.58
2013.04.17 07:14:53.551,0.95676,0.95692,1.13,3.08
2013.04.17 07:14:57.652,0.95672,0.9569,1.50,1.58
2013.04.17 07:14:57.771,0.95672,0.95693,1.50,2.25
2013.04.17 07:14:57.831,0.95673,0.95693,1.13,1.50
2013.04.17 07:14:58.252,0.95675,0.95694,1.13,1.50
2013.04.17 07:14:58.582,0.95675,0.95692,1.13,1.58
2013.04.17 07:14:59.261,0.95675,0.95692,1.13,1.58
2013.04.17 07:14:59.652,0.95677,0.95692,1.13,1.58
2013.04.17 07:14:59.832,0.95677,0.95696,1.13,1.58
2013.04.17 07:15:00.432,0.95676,0.95694,1.50,1.50
2013.04.17 07:15:00.613,0.95676,0.95694,1.13,2.33
2013.04.17 07:15:01.382,0.95676,0.95694,1.13,1.58
2013.04.17 07:15:01.742,0.95671,0.95689,1.65,1.50
2013.04.17 07:15:04.683,0.9567,0.95689,1.13,1.50
2013.04.17 07:15:04.802,0.9567,0.95686,1.13,1.58
2013.04.17 07:15:05.162,0.95663,0.95684,1.88,1.58
2013.04.17 07:15:05.342,0.95663,0.95678,1.13,1.58
2013.04.17 07:15:05.402,0.95663,0.9568,1.13,1.58
2013.04.17 07:15:05.462,0.95663,0.95682,1.13,1.58
2013.04.17 07:15:05.913,0.95662,0.95682,1.28,1.73
2013.04.17 07:15:06.540,0.95664,0.95682,1.13,1.58
2013.04.17 07:15:06.603,0.95664,0.95683,1.13,1.58
2013.04.17 07:15:07.982,0.95661,0.95681,2.25,1.50
2013.04.17 07:15:08.491,0.95661,0.95681,2.25,2.25
2013.04.17 07:15:08.611,0.95661,0.95681,1.50,1.58
2013.04.17 07:15:08.672,0.95661,0.95681,1.50,1.58
2013.04.17 07:15:08.912,0.95657,0.95679,1.13,1.50
2013.04.17 07:15:09.413,0.95657,0.95676,1.13,1.58
2013.04.17 07:15:10.232,0.95659,0.95676,1.65,1.58
2013.04.17 07:15:10.811,0.95659,0.95679,1.65,1.50
2013.04.17 07:15:11.052,0.9566,0.95682,1.50,2.48
2013.04.17 07:15:11.133,0.9566,0.95683,2.25,1.73
2013.04.17 07:15:11.563,0.95666,0.95683,1.13,1.58
2013.04.17 07:15:11.923,0.95666,0.95683,1.13,1.58
2013.04.17 07:15:12.102,0.95666,0.95685,1.13,1.50
2013.04.17 07:15:12.162,0.95666,0.95684,1.13,1.88
2013.04.17 07:15:12.363,0.95666,0.95684,1.13,4.20
2013.04.17 07:15:12.722,0.95666,0.95678,1.13,1.50
2013.04.17 07:15:14.162,0.95666,0.95678,1.13,1.50
2013.04.17 07:15:14.283,0.95666,0.95681,1.13,2.33
2013.04.17 07:15:14.472,0.95667,0.95683,1.65,1.58
2013.04.17 07:15:15.033,0.95667,0.95683,1.65,1.50
2013.04.17 07:15:15.952,0.95667,0.95686,1.65,1.58
2013.04.17 07:15:17.152,0.95667,0.95686,1.65,1.58
2013.04.17 07:15:17.661,0.95667,0.95686,1.65,1.58
2013.04.17 07:15:17.765,0.95667,0.95686,1.65,1.58
2013.04.17 07:15:18.335,0.95667,0.95686,1.65,1.58
2013.04.17 07:15:18.572,0.95667,0.95686,1.65,1.58
2013.04.17 07:15:19.582,0.95667,0.95684,1.50,1.13
2013.04.17 07:15:19.702,0.95666,0.95681,1.50,1.50
2013.04.17 07:15:19.822,0.9566,0.9568,1.28,2.33
2013.04.17 07:15:20.123,0.95663,0.95682,1.88,1.58
2013.04.17 07:15:20.242,0.95663,0.95682,2.25,3.08
2013.04.17 07:15:20.602,0.95667,0.95681,1.50,1.58
2013.04.17 07:15:20.722,0.95665,0.9568,1.28,1.58
2013.04.17 07:15:20.962,0.95663,0.95684,2.25,1.58
2013.04.17 07:15:21.082,0.95663,0.95683,2.25,2.33
2013.04.17 07:15:22.712,0.95663,0.95681,1.88,2.33
2013.04.17 07:15:23.134,0.95661,0.95679,1.13,3.08
2013.04.17 07:15:23.611,0.95662,0.95679,1.13,1.58
2013.04.17 07:15:23.671,0.95663,0.95679,1.13,1.58
2013.04.17 07:15:24.661,0.95662,0.95679,1.88,1.58
2013.04.17 07:15:26.722,0.95662,0.9568,1.13,1.58
2013.04.17 07:15:27.262,0.95666,0.95684,1.50,2.33
2013.04.17 07:15:27.622,0.95663,0.95682,1.13,2.33
2013.04.17 07:15:27.681,0.95662,0.95682,1.50,2.33
2013.04.17 07:15:35.442,0.95661,0.95679,1.88,1.50
2013.04.17 07:15:35.513,0.95662,0.95679,1.65,1.50
2013.04.17 07:15:35.572,0.95662,0.95679,1.65,1.50
2013.04.17 07:15:36.003,0.95662,0.95679,1.65,1.50
2013.04.17 07:15:36.483,0.95663,0.95682,1.65,1.58
2013.04.17 07:15:36.604,0.95663,0.95682,1.65,1.58
2013.04.17 07:15:36.783,0.95663,0.95682,1.65,1.58
2013.04.17 07:15:37.091,0.95663,0.95679,1.65,1.58
2013.04.17 07:15:37.332,0.95661,0.95679,1.88,1.58
2013.04.17 07:15:38.164,0.95661,0.95679,1.88,3.08
2013.04.17 07:15:39.265,0.95661,0.95676,1.88,1.50
2013.04.17 07:15:39.572,0.95664,0.95678,1.50,1.58
2013.04.17 07:15:39.982,0.95669,0.9568,1.88,1.50
2013.04.17 07:15:40.560,0.95669,0.95683,1.13,1.58
2013.04.17 07:15:41.743,0.95669,0.95687,1.13,1.58
2013.04.17 07:15:41.923,0.95669,0.95687,1.13,1.58
2013.04.17 07:15:42.982,0.95672,0.9569,1.50,1.58
2013.04.17 07:15:43.123,0.95675,0.9569,1.13,1.58
2013.04.17 07:15:43.302,0.95675,0.95692,1.13,1.58
2013.04.17 07:15:44.801,0.95678,0.95693,1.50,1.50
2013.04.17 07:15:45.042,0.95685,0.95701,1.50,1.58
2013.04.17 07:15:46.636,0.95681,0.95701,1.88,1.58
2013.04.17 07:15:46.931,0.95681,0.95697,1.13,1.58
2013.04.17 07:15:47.513,0.95681,0.95697,1.13,1.58
2013.04.17 07:15:47.572,0.95681,0.95697,1.13,1.58
2013.04.17 07:15:48.003,0.95675,0.95695,1.13,1.88
2013.04.17 07:15:48.382,0.95675,0.95694,1.13,2.33
2013.04.17 07:15:48.742,0.95675,0.95694,1.13,1.58
2013.04.17 07:15:49.043,0.95675,0.95689,1.13,1.58
2013.04.17 07:15:51.673,0.95675,0.95689,1.13,1.58
2013.04.17 07:15:53.588,0.95672,0.95689,1.13,1.58
2013.04.17 07:15:53.657,0.95672,0.95689,1.13,1.58
2013.04.17 07:15:56.504,0.95672,0.95689,1.13,1.58
2013.04.17 07:15:56.742,0.95669,0.95684,1.50,1.58
2013.04.17 07:15:56.802,0.95669,0.95684,1.50,1.58
2013.04.17 07:15:57.525,0.95665,0.95687,1.13,1.65
2013.04.17 07:15:57.645,0.95664,0.95686,1.50,1.58
2013.04.17 07:15:57.952,0.95666,0.95683,1.50,1.50
2013.04.17 07:15:58.074,0.95665,0.95683,1.88,1.58
2013.04.17 07:15:58.192,0.95665,0.95687,1.88,3.23
2013.04.17 07:15:58.433,0.95665,0.95688,1.88,1.65
2013.04.17 07:15:59.542,0.95664,0.95687,1.88,1.65
2013.04.17 07:15:59.664,0.95662,0.95684,1.28,1.50
2013.04.17 07:15:59.903,0.95666,0.95684,1.50,1.50
2013.04.17 07:16:00.142,0.95663,0.95683,1.28,1.50
2013.04.17 07:16:00.264,0.95662,0.95683,1.65,1.58
2013.04.17 07:16:01.007,0.95662,0.95681,1.65,1.50
2013.04.17 07:16:01.396,0.95662,0.95681,1.28,1.50
2013.04.17 07:16:01.462,0.95662,0.95684,1.28,1.58
2013.04.17 07:16:01.582,0.95662,0.95681,1.28,1.58
2013.04.17 07:16:01.883,0.95664,0.95681,1.50,1.58
2013.04.17 07:16:02.062,0.95664,0.95685,1.50,2.33
2013.04.17 07:16:02.122,0.95664,0.95687,2.25,1.95
2013.04.17 07:16:02.593,0.95665,0.95688,1.88,3.08
2013.04.17 07:16:02.892,0.9567,0.95689,1.88,1.50
2013.04.17 07:16:03.375,0.9567,0.95688,1.13,2.33
2013.04.17 07:16:04.163,0.95664,0.95686,1.28,1.58
2013.04.17 07:16:04.402,0.9566,0.95682,1.50,1.88
2013.04.17 07:16:04.693,0.9566,0.95682,1.50,1.88
2013.04.17 07:16:05.643,0.95664,0.95686,1.50,2.48
2013.04.17 07:16:06.372,0.95664,0.95684,1.50,1.50
2013.04.17 07:16:07.722,0.95664,0.95686,1.88,1.73
2013.04.17 07:16:07.842,0.95667,0.95686,1.65,1.50
2013.04.17 07:16:07.963,0.95669,0.9569,1.13,1.58
2013.04.17 07:16:08.082,0.9567,0.95691,1.13,1.50
2013.04.17 07:16:08.382,0.9567,0.95691,1.88,1.50
2013.04.17 07:16:08.502,0.95672,0.95694,1.65,1.88
2013.04.17 07:16:08.562,0.95672,0.95696,2.03,1.95
2013.04.17 07:16:08.623,0.95676,0.95696,1.13,1.95
2013.04.17 07:16:09.103,0.95672,0.95696,2.25,1.95
2013.04.17 07:16:09.812,0.95671,0.95694,2.03,2.48
2013.04.17 07:16:10.743,0.95671,0.95693,2.03,2.33
2013.04.17 07:16:10.863,0.95671,0.95693,2.03,1.58
2013.04.17 07:16:11.282,0.95671,0.95692,1.65,1.20
2013.04.17 07:16:11.524,0.95669,0.9569,1.20,1.50
2013.04.17 07:16:11.583,0.95669,0.95691,1.13,1.20
2013.04.17 07:16:12.283,0.9567,0.95689,1.65,1.50
2013.04.17 07:16:12.594,0.9567,0.9569,1.65,1.58
2013.04.17 07:16:13.162,0.9567,0.9569,1.65,1.58
2013.04.17 07:16:13.222,0.9568,0.95695,1.50,1.58
2013.04.17 07:16:13.282,0.9568,0.95695,1.50,1.50
2013.04.17 07:16:14.062,0.95678,0.95698,1.50,1.50
2013.04.17 07:16:14.422,0.95681,0.95702,1.50,1.58
2013.04.17 07:16:15.653,0.95679,0.95701,1.50,1.58
2013.04.17 07:16:25.122,0.95677,0.95699,1.88,1.50
2013.04.17 07:16:25.182,0.95677,0.95699,1.88,1.88
2013.04.17 07:16:25.242,0.95677,0.95698,1.13,1.13
2013.04.17 07:16:27.794,0.95676,0.95696,1.28,1.50
2013.04.17 07:16:28.092,0.95676,0.95698,1.28,2.33
2013.04.17 07:16:28.231,0.95676,0.95698,1.28,2.33
2013.04.17 07:16:30.423,0.95678,0.95698,2.63,2.25
2013.04.17 07:16:30.782,0.95681,0.95703,1.65,1.58
2013.04.17 07:16:31.032,0.95683,0.95704,1.13,2.25
2013.04.17 07:16:31.588,0.95683,0.95704,1.13,1.50
2013.04.17 07:16:36.293,0.95686,0.95705,1.13,1.50
2013.04.17 07:16:36.412,0.95687,0.95708,1.50,1.73
2013.04.17 07:16:38.782,0.95686,0.95707,1.50,1.13
2013.04.17 07:16:39.102,0.95684,0.95706,1.65,1.58
2013.04.17 07:16:40.834,0.95684,0.95703,1.65,1.50
2013.04.17 07:16:45.904,0.95687,0.95703,1.50,1.50
2013.04.17 07:16:46.263,0.95686,0.95708,1.50,1.95
2013.04.17 07:16:46.662,0.95684,0.95707,2.40,2.33
2013.04.17 07:16:47.826,0.9568,0.95702,1.88,1.88
2013.04.17 07:16:47.894,0.95678,0.95698,2.25,1.13
2013.04.17 07:16:48.253,0.95674,0.95697,1.50,2.48
2013.04.17 07:16:48.372,0.95673,0.95696,2.25,1.73
2013.04.17 07:16:48.432,0.95673,0.95696,2.25,1.73
2013.04.17 07:16:48.693,0.95673,0.95696,2.25,1.73
2013.04.17 07:16:50.102,0.95673,0.95694,2.25,1.50
2013.04.17 07:16:51.953,0.95676,0.95695,1.50,1.88
2013.04.17 07:16:53.384,0.95673,0.95694,2.25,1.50
2013.04.17 07:16:53.501,0.95672,0.95693,1.88,1.50
2013.04.17 07:16:54.118,0.95671,0.95691,1.65,1.50
2013.04.17 07:16:57.212,0.95671,0.95693,1.65,2.70
2013.04.17 07:16:57.592,0.95669,0.95691,1.88,1.50
2013.04.17 07:16:58.012,0.95669,0.95688,1.13,2.70
2013.04.17 07:16:58.372,0.95666,0.95682,1.13,1.50
2013.04.17 07:16:58.432,0.95662,0.95682,1.65,1.50
2013.04.17 07:17:00.172,0.95661,0.9568,1.50,1.50
2013.04.17 07:17:00.353,0.95663,0.9568,1.13,1.50
2013.04.17 07:17:00.532,0.95665,0.95684,1.65,1.50
2013.04.17 07:17:01.083,0.95666,0.95686,1.50,1.50
2013.04.17 07:17:01.612,0.95666,0.95686,1.50,1.50
2013.04.17 07:17:02.715,0.95668,0.95689,1.50,1.58
2013.04.17 07:17:03.033,0.95668,0.95689,2.63,2.25
2013.04.17 07:17:03.092,0.95668,0.95688,1.88,1.58
2013.04.17 07:17:04.354,0.95667,0.95686,1.13,1.50
2013.04.17 07:17:04.978,0.95666,0.95686,1.88,1.50
2013.04.17 07:17:05.552,0.95666,0.95686,1.88,1.50
2013.04.17 07:17:06.572,0.95666,0.95687,2.33,1.50
2013.04.17 07:17:06.882,0.95668,0.95688,1.50,1.50
2013.04.17 07:17:09.132,0.95671,0.9569,1.50,2.25
2013.04.17 07:17:10.542,0.95671,0.95692,1.65,1.58
2013.04.17 07:17:10.662,0.95674,0.95693,1.13,1.50
2013.04.17 07:17:10.842,0.95674,0.95694,2.63,1.50
2013.04.17 07:17:10.968,0.95672,0.95693,1.50,1.58
2013.04.17 07:17:11.151,0.95671,0.95693,1.65,2.33
2013.04.17 07:17:11.511,0.95672,0.95693,2.63,1.50
2013.04.17 07:17:11.833,0.95673,0.95696,1.50,2.10
2013.04.17 07:17:13.552,0.95672,0.95694,1.88,1.50
2013.04.17 07:17:14.033,0.95672,0.95693,1.13,1.58
2013.04.17 07:17:14.368,0.95673,0.95693,1.50,1.58
2013.04.17 07:17:16.843,0.95672,0.95693,1.88,2.33
2013.04.17 07:17:17.671,0.95672,0.95693,1.13,2.33
2013.04.17 07:17:19.511,0.95671,0.95693,2.78,1.58
2013.04.17 07:17:19.812,0.95676,0.95694,1.65,1.50
2013.04.17 07:17:20.433,0.95674,0.95694,1.13,1.50
2013.04.17 07:17:21.162,0.95671,0.95693,1.88,1.50
2013.04.17 07:17:21.221,0.95671,0.95694,1.88,2.78
2013.04.17 07:17:21.408,0.9567,0.95692,2.03,2.33
2013.04.17 07:17:21.592,0.95671,0.95693,3.38,1.50
2013.04.17 07:17:23.152,0.95672,0.95692,1.13,1.50
2013.04.17 07:17:23.878,0.95671,0.95692,1.50,1.50
2013.04.17 07:17:25.082,0.95668,0.95688,1.50,2.78
2013.04.17 07:17:25.322,0.95666,0.95685,1.58,1.13
2013.04.17 07:17:25.502,0.95664,0.95684,1.50,1.88
2013.04.17 07:17:26.132,0.95662,0.95684,1.58,1.50
2013.04.17 07:17:28.752,0.95664,0.95684,1.88,1.50
2013.04.17 07:17:29.308,0.95665,0.95684,1.13,1.50
2013.04.17 07:17:30.381,0.95665,0.95687,1.13,1.58
2013.04.17 07:17:33.292,0.95665,0.95684,1.13,1.50
2013.04.17 07:17:33.532,0.95661,0.95682,1.50,1.50
2013.04.17 07:17:33.892,0.95657,0.95679,2.25,1.50
2013.04.17 07:17:33.952,0.95658,0.9568,1.50,1.88
2013.04.17 07:17:34.316,0.95656,0.95679,2.78,1.58
2013.04.17 07:17:35.212,0.95658,0.95682,1.50,2.10
2013.04.17 07:17:35.873,0.95659,0.95682,1.13,1.73
2013.04.17 07:17:36.972,0.95662,0.95682,1.65,1.50
2013.04.17 07:17:37.272,0.95663,0.95686,2.03,1.50
2013.04.17 07:17:37.692,0.95663,0.95686,2.03,1.50
2013.04.17 07:17:38.124,0.95663,0.95685,1.65,2.25
2013.04.17 07:17:38.242,0.95662,0.95685,1.50,2.63
2013.04.17 07:17:38.302,0.9566,0.9568,1.88,1.50
2013.04.17 07:17:38.544,0.9566,0.95682,1.50,1.58
2013.04.17 07:17:38.812,0.9566,0.95682,1.50,1.58
2013.04.17 07:17:39.272,0.9566,0.95682,1.50,1.58
2013.04.17 07:17:47.332,0.95663,0.95682,1.13,1.58
2013.04.17 07:17:47.583,0.95664,0.95686,2.40,1.50
2013.04.17 07:17:47.882,0.95663,0.95684,1.50,1.50
2013.04.17 07:17:47.942,0.95663,0.95684,1.50,1.50
2013.04.17 07:17:48.412,0.95659,0.9568,1.65,1.50
2013.04.17 07:17:49.142,0.95659,0.9568,1.65,1.50
2013.04.17 07:17:49.702,0.95659,0.95679,1.65,1.50
2013.04.17 07:17:50.562,0.95659,0.9568,1.65,1.50
2013.04.17 07:17:51.442,0.95658,0.9568,1.13,1.50
2013.04.17 07:17:51.683,0.95661,0.95683,1.50,2.33
2013.04.17 07:17:52.413,0.95661,0.95681,1.50,1.50
2013.04.17 07:17:54.742,0.95661,0.95682,1.50,1.50
2013.04.17 07:17:55.893,0.95662,0.95682,1.13,1.50
2013.04.17 07:17:55.954,0.95663,0.95685,1.88,1.65
2013.04.17 07:17:56.433,0.95667,0.95687,2.03,1.50
2013.04.17 07:17:56.553,0.95664,0.95686,1.20,1.65
2013.04.17 07:17:56.793,0.95662,0.95685,2.03,1.50
2013.04.17 07:17:57.301,0.95662,0.95683,1.28,1.50
2013.04.17 07:17:58.829,0.95661,0.95684,1.50,1.58
2013.04.17 07:17:59.072,0.95661,0.95684,1.13,3.45
2013.04.17 07:17:59.132,0.95661,0.95684,1.13,4.95
2013.04.17 07:17:59.492,0.95658,0.95679,1.88,1.13
2013.04.17 07:17:59.982,0.9566,0.95682,1.88,1.73
2013.04.17 07:18:00.405,0.9566,0.95682,1.88,1.73
2013.04.17 07:18:01.066,0.9566,0.9568,1.88,1.50
2013.04.17 07:18:01.192,0.9566,0.95682,1.88,1.73
2013.04.17 07:18:02.242,0.9566,0.9568,1.88,1.58
2013.04.17 07:18:02.809,0.95658,0.95678,1.13,1.50
2013.04.17 07:18:03.402,0.95658,0.95678,1.13,1.50
2013.04.17 07:18:03.765,0.95654,0.95676,1.13,1.58
2013.04.17 07:18:05.852,0.95656,0.95677,1.65,1.13
2013.04.17 07:18:07.072,0.95661,0.95678,1.50,1.50
2013.04.17 07:18:07.604,0.95657,0.95678,1.50,2.25
2013.04.17 07:18:07.722,0.95657,0.95678,1.50,3.00
2013.04.17 07:18:07.842,0.95657,0.95674,1.50,1.50
2013.04.17 07:18:10.473,0.95652,0.95674,1.88,3.08
2013.04.17 07:18:11.514,0.95652,0.95673,1.88,2.33
2013.04.17 07:18:11.633,0.95652,0.95673,1.88,1.58
2013.04.17 07:18:11.993,0.95649,0.95669,1.13,1.73
2013.04.17 07:18:12.233,0.95652,0.95669,1.50,1.73
2013.04.17 07:18:16.212,0.95645,0.95668,2.40,2.70
2013.04.17 07:18:16.332,0.95645,0.95663,1.65,1.58
2013.04.17 07:18:16.452,0.95645,0.95663,1.65,1.58
2013.04.17 07:18:16.512,0.95645,0.95663,1.65,1.58
2013.04.17 07:18:17.092,0.95645,0.95664,1.65,1.50
2013.04.17 07:18:17.332,0.95644,0.95662,1.13,1.58
2013.04.17 07:18:17.512,0.95644,0.95665,1.13,1.58
2013.04.17 07:18:18.082,0.95644,0.95664,1.13,1.58
2013.04.17 07:18:20.922,0.95646,0.95666,1.65,1.50
2013.04.17 07:18:21.964,0.95646,0.95668,1.65,1.20
2013.04.17 07:18:22.265,0.95647,0.95668,1.50,1.20
2013.04.17 07:18:22.504,0.95654,0.95674,1.50,2.63
2013.04.17 07:18:23.043,0.95656,0.95677,1.50,1.28
2013.04.17 07:18:25.584,0.95654,0.95674,1.50,1.50
2013.04.17 07:18:25.642,0.95651,0.95673,2.33,1.13
2013.04.17 07:18:26.434,0.9565,0.95672,1.88,1.13
2013.04.17 07:18:26.942,0.9565,0.95673,2.03,1.88
2013.04.17 07:18:27.401,0.95652,0.95674,1.50,1.50
2013.04.17 07:18:27.858,0.95655,0.95674,1.50,1.50
2013.04.17 07:18:35.394,0.95657,0.95677,1.50,1.13
2013.04.17 07:18:35.933,0.95658,0.95679,1.50,1.13
2013.04.17 07:18:36.633,0.95656,0.95677,2.33,1.13
2013.04.17 07:18:40.603,0.95656,0.95677,1.50,1.88
2013.04.17 07:18:41.364,0.95655,0.95677,1.88,1.50
2013.04.17 07:18:41.603,0.95656,0.95678,2.40,2.63
2013.04.17 07:18:41.784,0.95656,0.95677,1.65,1.50
2013.04.17 07:18:42.322,0.95656,0.95675,1.50,1.28
2013.04.17 07:18:43.663,0.95653,0.95675,1.50,1.28
2013.04.17 07:18:44.943,0.95656,0.95677,1.13,1.58
2013.04.17 07:18:45.003,0.95656,0.95678,1.13,1.58
2013.04.17 07:18:45.063,0.95657,0.95678,1.65,1.88
2013.04.17 07:18:45.713,0.95659,0.9568,1.50,1.50
2013.04.17 07:18:46.462,0.95659,0.95682,1.50,2.10
2013.04.17 07:18:46.582,0.95662,0.95683,1.50,2.78
2013.04.17 07:18:53.392,0.95664,0.95685,1.65,1.13
2013.04.17 07:18:54.574,0.95663,0.95683,1.65,1.50
2013.04.17 07:18:54.653,0.95662,0.95682,1.88,2.33
2013.04.17 07:18:54.773,0.95663,0.95684,1.88,1.50
2013.04.17 07:18:55.335,0.95665,0.95684,1.65,1.50
2013.04.17 07:18:55.633,0.95665,0.95686,1.65,1.58
2013.04.17 07:18:55.752,0.95667,0.95688,1.50,2.03
2013.04.17 07:18:57.042,0.95669,0.95691,1.65,1.50
2013.04.17 07:18:57.534,0.95668,0.95691,2.25,1.50
2013.04.17 07:18:58.082,0.95667,0.95689,1.88,2.33
2013.04.17 07:18:58.503,0.95668,0.95688,1.13,1.50
2013.04.17 07:19:04.272,0.95664,0.95687,1.88,1.73
2013.04.17 07:19:05.072,0.95668,0.95688,1.50,1.65
2013.04.17 07:19:06.122,0.95666,0.95686,1.50,1.50
2013.04.17 07:19:07.464,0.95664,0.95685,1.50,1.50
2013.04.17 07:19:09.262,0.95667,0.95687,1.65,1.58
2013.04.17 07:19:09.384,0.95669,0.95691,2.25,1.13
2013.04.17 07:19:09.442,0.95669,0.95691,2.25,1.88
2013.04.17 07:19:09.862,0.95671,0.95692,1.50,1.88
2013.04.17 07:19:10.303,0.9567,0.95691,1.50,1.50
2013.04.17 07:19:10.423,0.95672,0.95691,1.88,1.50
2013.04.17 07:19:10.545,0.95673,0.95694,1.65,2.70
2013.04.17 07:19:10.723,0.95676,0.95694,1.50,1.50
2013.04.17 07:19:10.903,0.95673,0.95694,1.28,1.50
2013.04.17 07:19:11.752,0.95673,0.95694,1.28,1.50
2013.04.17 07:19:12.582,0.95672,0.95694,1.13,1.50
2013.04.17 07:19:13.166,0.95672,0.95688,1.13,1.50
2013.04.17 07:19:15.672,0.95672,0.95693,1.88,2.33
2013.04.17 07:19:16.595,0.95672,0.9569,1.13,1.50
2013.04.17 07:19:18.392,0.95674,0.95694,2.40,1.13
2013.04.17 07:19:18.692,0.95676,0.95699,2.33,2.25
2013.04.17 07:19:18.932,0.95678,0.95699,1.50,1.88
2013.04.17 07:19:19.499,0.95677,0.95698,1.50,1.65
2013.04.17 07:19:19.752,0.95677,0.95698,1.50,3.98
2013.04.17 07:19:20.063,0.95674,0.95693,1.65,1.58
2013.04.17 07:19:20.517,0.95674,0.9569,1.65,1.58
2013.04.17 07:19:21.283,0.95674,0.9569,1.65,1.58
2013.04.17 07:19:21.463,0.95673,0.95691,1.28,1.58
2013.04.17 07:19:21.704,0.95671,0.95691,1.50,1.58
2013.04.17 07:19:21.764,0.95671,0.95691,1.50,1.58
2013.04.17 07:19:22.262,0.95671,0.95693,1.50,1.13
2013.04.17 07:19:23.182,0.9567,0.95693,2.25,1.95
2013.04.17 07:19:23.892,0.9567,0.9569,2.25,1.50
2013.04.17 07:19:25.092,0.9567,0.95693,2.25,1.95
2013.04.17 07:19:26.564,0.9567,0.95693,2.63,2.33
2013.04.17 07:19:26.634,0.95672,0.95693,1.50,2.33
2013.04.17 07:19:27.003,0.95674,0.95693,1.50,1.50
2013.04.17 07:19:27.592,0.95675,0.95696,2.25,1.50
2013.04.17 07:19:29.857,0.95672,0.95694,2.63,1.65
2013.04.17 07:19:30.232,0.95675,0.95696,2.33,1.13
2013.04.17 07:19:32.242,0.95675,0.95694,1.50,1.65
2013.04.17 07:19:32.492,0.95672,0.95692,1.50,1.58
2013.04.17 07:19:32.792,0.9567,0.95689,1.50,1.50
2013.04.17 07:19:33.112,0.9567,0.95688,1.50,1.58
2013.04.17 07:19:34.464,0.9567,0.95689,1.50,2.25
2013.04.17 07:19:34.972,0.9567,0.95689,1.50,1.50
2013.04.17 07:19:35.433,0.95674,0.95692,1.13,1.50
2013.04.17 07:19:36.632,0.95676,0.95697,1.88,1.50
2013.04.17 07:19:50.362,0.95678,0.95699,1.13,1.50
2013.04.17 07:19:54.832,0.95678,0.95698,1.13,1.58
2013.04.17 07:19:54.953,0.95675,0.95695,1.13,1.50
2013.04.17 07:19:56.322,0.95676,0.95696,1.13,1.50
2013.04.17 07:20:05.441,0.95676,0.95698,2.33,1.65
2013.04.17 07:20:05.924,0.95675,0.95695,2.03,1.50
2013.04.17 07:20:09.574,0.95675,0.95698,1.65,2.10
2013.04.17 07:20:10.112,0.95676,0.95695,1.50,1.50
2013.04.17 07:20:10.234,0.95673,0.95693,1.20,1.13
2013.04.17 07:20:10.414,0.95669,0.95689,1.65,1.50
2013.04.17 07:20:10.652,0.95667,0.95689,2.70,1.88
2013.04.17 07:20:15.842,0.95667,0.95688,1.95,1.13
2013.04.17 07:20:16.782,0.95667,0.95687,1.58,1.13
2013.04.17 07:20:17.002,0.95669,0.95689,1.50,1.88
2013.04.17 07:20:17.062,0.95669,0.95689,1.65,1.50
2013.04.17 07:20:20.202,0.95668,0.95689,1.28,1.50
2013.04.17 07:20:21.854,0.95667,0.95689,1.95,1.50
2013.04.17 07:20:23.925,0.95668,0.95689,1.65,1.50
2013.04.17 07:20:32.412,0.95669,0.95691,1.88,1.50
2013.04.17 07:20:32.642,0.95669,0.95691,2.63,1.50
2013.04.17 07:20:36.562,0.95671,0.95693,2.40,2.03
2013.04.17 07:20:36.862,0.95673,0.95693,1.50,1.28
2013.04.17 07:20:37.772,0.95674,0.95695,1.88,1.13
2013.04.17 07:20:37.833,0.95676,0.95695,1.65,1.13
2013.04.17 07:20:38.014,0.9568,0.95698,1.50,1.65
2013.04.17 07:20:38.132,0.95677,0.95698,2.10,1.50
2013.04.17 07:20:38.433,0.95674,0.95695,1.95,1.50
2013.04.17 07:20:38.872,0.95676,0.95695,1.88,1.50
2013.04.17 07:20:44.884,0.95677,0.95695,1.13,1.50
2013.04.17 07:20:45.003,0.95681,0.95698,1.13,2.25
2013.04.17 07:20:45.122,0.95676,0.95696,1.58,1.13
2013.04.17 07:20:45.422,0.95673,0.95693,2.33,1.50
2013.04.17 07:20:45.955,0.95672,0.9569,1.13,1.50
2013.04.17 07:20:46.194,0.95671,0.95688,1.50,1.13
2013.04.17 07:20:46.892,0.95668,0.95688,1.50,1.13
2013.04.17 07:20:47.136,0.95671,0.95691,1.50,1.65
2013.04.17 07:20:47.681,0.95672,0.95693,1.50,1.13
2013.04.17 07:20:48.102,0.95674,0.95694,1.50,1.13
2013.04.17 07:20:48.162,0.95674,0.95695,1.50,1.13
2013.04.17 07:20:48.284,0.95679,0.95698,1.50,1.50
2013.04.17 07:20:50.572,0.95681,0.95698,1.50,1.50
2013.04.17 07:20:52.884,0.95678,0.95698,1.50,1.50
2013.04.17 07:20:55.202,0.95677,0.95697,1.50,1.50
2013.04.17 07:20:55.737,0.95676,0.95695,1.50,1.50
2013.04.17 07:20:56.182,0.95676,0.95697,1.50,1.58
2013.04.17 07:20:56.673,0.95679,0.95699,1.50,1.50
2013.04.17 07:20:56.732,0.95677,0.95699,2.33,1.50
2013.04.17 07:20:58.849,0.95679,0.95699,1.50,1.50
2013.04.17 07:20:59.122,0.95677,0.95699,1.58,1.50
2013.04.17 07:20:59.432,0.95679,0.95699,1.50,1.50
2013.04.17 07:21:00.078,0.95679,0.95699,1.50,2.63
2013.04.17 07:21:00.143,0.95676,0.95698,1.58,1.50
2013.04.17 07:21:00.412,0.95676,0.95695,1.50,1.50
2013.04.17 07:21:01.103,0.95673,0.95694,1.28,1.50
2013.04.17 07:21:02.172,0.95672,0.95694,2.78,1.50
2013.04.17 07:21:02.590,0.95672,0.95694,2.03,1.50
2013.04.17 07:21:03.373,0.95672,0.95694,2.25,1.50
2013.04.17 07:21:03.554,0.95672,0.95694,2.25,1.50
2013.04.17 07:21:03.612,0.95672,0.95694,2.25,1.50
2013.04.17 07:21:03.804,0.95672,0.95694,2.25,1.50
2013.04.17 07:21:04.073,0.95674,0.95694,1.65,1.50
2013.04.17 07:21:05.923,0.95672,0.95694,2.63,1.88
2013.04.17 07:21:06.043,0.95672,0.95694,1.13,1.88
2013.04.17 07:21:06.103,0.9567,0.9569,1.58,1.13
2013.04.17 07:21:06.343,0.95666,0.95687,2.33,1.50
2013.04.17 07:21:06.763,0.95666,0.95688,1.13,2.10
2013.04.17 07:21:06.823,0.95666,0.95688,1.88,2.03
2013.04.17 07:21:06.883,0.95666,0.95687,1.88,1.20
2013.04.17 07:21:06.943,0.95666,0.95685,1.13,1.58
2013.04.17 07:21:07.363,0.95663,0.95683,2.25,1.13
2013.04.17 07:21:07.422,0.95663,0.95683,1.50,1.88
2013.04.17 07:21:07.603,0.95663,0.95683,1.13,1.50
2013.04.17 07:21:08.032,0.95665,0.95688,1.65,2.33
2013.04.17 07:21:13.622,0.95668,0.95687,1.50,1.28
2013.04.17 07:21:14.232,0.95668,0.95688,1.50,1.50
2013.04.17 07:21:14.592,0.95665,0.95687,1.73,2.03
2013.04.17 07:21:14.772,0.95665,0.95685,1.65,1.13
2013.04.17 07:21:14.892,0.95663,0.95685,1.95,1.13
2013.04.17 07:21:16.412,0.95665,0.95688,1.65,3.08
2013.04.17 07:21:17.073,0.95665,0.95686,1.28,1.65
2013.04.17 07:21:17.872,0.95665,0.95688,2.10,1.88
2013.04.17 07:21:17.932,0.95666,0.95688,1.58,1.13
2013.04.17 07:21:19.283,0.95667,0.95689,1.50,1.50
2013.04.17 07:21:19.403,0.95671,0.95692,1.88,2.33
2013.04.17 07:21:19.463,0.95674,0.95694,1.13,1.50
2013.04.17 07:21:19.582,0.95674,0.95696,1.13,1.88
2013.04.17 07:21:19.913,0.95675,0.95696,2.48,1.13
2013.04.17 07:21:21.602,0.95674,0.95694,1.13,1.50
2013.04.17 07:21:28.634,0.95675,0.95698,1.65,1.50
2013.04.17 07:21:28.704,0.95674,0.95697,1.13,1.50
2013.04.17 07:21:29.033,0.95677,0.95699,2.33,2.63
2013.04.17 07:21:29.213,0.95679,0.95699,1.50,1.50
2013.04.17 07:21:29.884,0.95676,0.95698,2.10,1.50
2013.04.17 07:21:29.942,0.95676,0.95698,2.03,2.33
2013.04.17 07:21:32.032,0.95677,0.95698,1.50,2.33
2013.04.17 07:21:32.093,0.95676,0.95696,1.65,1.50
2013.04.17 07:21:32.462,0.95677,0.95698,1.50,3.08
2013.04.17 07:21:32.702,0.95676,0.95696,1.28,1.50
2013.04.17 07:21:34.273,0.95674,0.95695,1.13,1.50
2013.04.17 07:21:34.829,0.95673,0.95695,1.50,1.65
2013.04.17 07:21:35.313,0.95673,0.95695,1.50,1.65
2013.04.17 07:21:35.592,0.95673,0.95695,1.50,1.65
2013.04.17 07:21:35.952,0.95673,0.95694,1.13,1.65
2013.04.17 07:21:36.543,0.95673,0.95695,1.13,1.65
2013.04.17 07:21:36.663,0.95675,0.95696,1.73,1.13
2013.04.17 07:21:36.722,0.95675,0.95696,1.73,1.13
2013.04.17 07:21:36.843,0.95677,0.95697,1.13,1.88
2013.04.17 07:21:37.156,0.95677,0.95699,1.13,3.08
2013.04.17 07:21:37.332,0.95678,0.95699,1.13,1.50
2013.04.17 07:21:38.245,0.9568,0.95702,1.73,1.13
2013.04.17 07:21:40.702,0.95679,0.95699,2.03,1.50
2013.04.17 07:21:41.832,0.95677,0.95699,1.20,1.88
2013.04.17 07:21:42.223,0.95675,0.95696,1.65,1.13
2013.04.17 07:21:42.849,0.95672,0.95693,1.88,1.50
2013.04.17 07:21:43.302,0.95672,0.95692,1.13,1.50
2013.04.17 07:21:43.424,0.95669,0.9569,1.65,1.65
2013.04.17 07:21:45.109,0.95671,0.95691,1.50,1.88
2013.04.17 07:21:49.752,0.95672,0.95693,1.13,1.50
2013.04.17 07:21:52.203,0.95681,0.95698,1.13,1.50
2013.04.17 07:21:52.263,0.95681,0.95699,1.13,1.50
2013.04.17 07:21:52.773,0.95683,0.95704,1.88,1.50
2013.04.17 07:21:53.035,0.95683,0.957,1.50,1.50
2013.04.17 07:21:53.273,0.95682,0.957,1.50,1.50
2013.04.17 07:21:53.333,0.95678,0.957,1.58,1.50
2013.04.17 07:21:53.633,0.95677,0.95699,1.88,1.50
2013.04.17 07:21:53.993,0.95676,0.95695,1.65,1.50
2013.04.17 07:21:56.352,0.95676,0.95698,1.73,1.50
2013.04.17 07:21:58.107,0.95674,0.95696,1.88,1.50
2013.04.17 07:21:58.184,0.95674,0.95697,2.25,1.50
2013.04.17 07:21:58.542,0.9568,0.95701,1.50,3.23
2013.04.17 07:21:58.603,0.9568,0.95702,1.50,1.65
2013.04.17 07:21:58.743,0.9568,0.95701,1.50,1.65
2013.04.17 07:21:59.332,0.95677,0.95698,1.88,1.50
2013.04.17 07:21:59.392,0.95677,0.95698,1.88,1.50
2013.04.17 07:21:59.693,0.95681,0.95698,1.65,1.58
2013.04.17 07:22:00.052,0.95679,0.95695,1.58,1.50
2013.04.17 07:22:00.352,0.95679,0.95698,1.88,1.50
2013.04.17 07:22:00.472,0.95678,0.95698,1.13,1.50
2013.04.17 07:22:00.893,0.95677,0.95698,1.50,1.88
2013.04.17 07:22:01.442,0.95673,0.95693,1.13,1.50
2013.04.17 07:22:02.973,0.95673,0.95694,1.50,1.50
2013.04.17 07:22:03.093,0.95677,0.95697,1.50,1.28
2013.04.17 07:22:03.332,0.95677,0.95698,1.13,3.45
2013.04.17 07:22:03.573,0.95678,0.95697,1.13,1.50
2013.04.17 07:22:05.142,0.95677,0.95697,1.13,1.50
2013.04.17 07:22:05.473,0.95675,0.95697,1.20,1.65
2013.04.17 07:22:07.494,0.95677,0.95697,1.65,2.40
2013.04.17 07:22:08.352,0.95675,0.95694,1.13,1.50
2013.04.17 07:22:09.875,0.9568,0.95698,1.13,1.50
2013.04.17 07:22:10.081,0.95677,0.95698,2.25,1.50
2013.04.17 07:22:10.202,0.95675,0.95698,1.13,1.88
2013.04.17 07:22:10.394,0.95672,0.95694,1.73,1.50
2013.04.17 07:22:10.692,0.95674,0.95694,1.50,1.50
2013.04.17 07:22:10.812,0.95677,0.95694,1.13,1.50
2013.04.17 07:22:11.113,0.95677,0.95697,1.88,1.50
2013.04.17 07:22:11.883,0.95677,0.95696,1.88,1.50
2013.04.17 07:22:13.443,0.95677,0.95698,1.88,2.33
2013.04.17 07:22:14.774,0.95677,0.95696,1.13,1.50
2013.04.17 07:22:15.752,0.95677,0.95698,1.88,1.58
2013.04.17 07:22:20.873,0.95678,0.95696,1.13,1.13
2013.04.17 07:22:20.934,0.95677,0.95695,1.88,1.13
2013.04.17 07:22:21.802,0.95675,0.95696,1.13,1.50
2013.04.17 07:22:22.390,0.95677,0.95699,1.65,3.23
2013.04.17 07:22:29.192,0.95677,0.95696,1.65,1.50
2013.04.17 07:22:32.364,0.95677,0.95698,1.65,1.73
2013.04.17 07:22:33.532,0.95678,0.957,1.50,2.63
2013.04.17 07:22:34.733,0.95679,0.957,1.13,1.88
2013.04.17 07:22:34.977,0.95674,0.95693,1.58,1.13
2013.04.17 07:22:35.047,0.95676,0.95693,1.58,1.13
2013.04.17 07:22:35.177,0.95675,0.95694,1.65,1.50
2013.04.17 07:22:35.682,0.95674,0.95694,1.28,1.50
2013.04.17 07:22:37.702,0.95675,0.95694,1.65,1.50
2013.04.17 07:22:50.732,0.95672,0.95694,3.08,1.65
2013.04.17 07:22:51.753,0.95673,0.95694,1.28,1.65
2013.04.17 07:22:53.133,0.95672,0.95693,1.20,2.78
2013.04.17 07:22:53.193,0.95672,0.95693,1.20,2.78
2013.04.17 07:22:53.313,0.95674,0.95691,1.65,1.13
2013.04.17 07:22:53.376,0.95674,0.95693,1.65,1.28
2013.04.17 07:22:53.445,0.95672,0.95691,1.13,2.25
2013.04.17 07:22:53.983,0.95671,0.95691,1.50,2.03
2013.04.17 07:22:54.222,0.95667,0.95689,2.03,1.58
2013.04.17 07:22:54.342,0.95669,0.9569,1.50,3.15
2013.04.17 07:22:55.283,0.95668,0.9569,1.13,1.65
2013.04.17 07:22:55.961,0.95667,0.95687,1.28,1.50
2013.04.17 07:22:56.422,0.95667,0.95688,2.03,1.50
2013.04.17 07:22:56.843,0.95671,0.95692,1.50,1.13
2013.04.17 07:22:59.202,0.95672,0.95693,1.88,1.50
2013.04.17 07:22:59.443,0.95674,0.95696,2.03,1.88
2013.04.17 07:22:59.993,0.95675,0.95696,1.73,1.13
2013.04.17 07:23:00.114,0.95678,0.95698,1.13,1.50
2013.04.17 07:23:00.717,0.9568,0.95704,1.65,2.70
2013.04.17 07:23:00.775,0.95679,0.95702,1.13,1.50
2013.04.17 07:23:01.803,0.9568,0.95704,1.65,2.70
2013.04.17 07:23:01.983,0.95679,0.95699,1.13,1.58
2013.04.17 07:23:03.352,0.95678,0.95697,1.13,1.50
2013.04.17 07:23:03.533,0.95673,0.95695,1.50,1.50
2013.04.17 07:23:03.712,0.95672,0.95694,1.13,2.33
2013.04.17 07:23:04.699,0.95672,0.95691,1.13,1.50
2013.04.17 07:23:05.123,0.95672,0.95691,1.50,1.50
2013.04.17 07:23:05.363,0.95669,0.95691,1.95,1.88
2013.04.17 07:23:05.664,0.95665,0.95686,1.50,1.50
2013.04.17 07:23:05.843,0.95662,0.95684,1.50,1.65
2013.04.17 07:23:06.103,0.95662,0.95684,1.50,1.65
2013.04.17 07:23:11.713,0.95666,0.95686,2.33,1.13
2013.04.17 07:23:11.953,0.95666,0.95686,1.50,1.88
2013.04.17 07:23:13.312,0.95666,0.95686,1.50,1.88
2013.04.17 07:23:13.373,0.95666,0.95686,1.50,1.88
2013.04.17 07:23:13.493,0.95666,0.95686,1.58,1.13
2013.04.17 07:23:15.513,0.9567,0.95691,1.58,1.65
2013.04.17 07:23:17.103,0.95668,0.9569,1.28,1.65
2013.04.17 07:23:17.617,0.95668,0.9569,1.65,2.40
2013.04.17 07:23:19.452,0.9567,0.95692,1.50,1.88
2013.04.17 07:23:29.594,0.9567,0.95692,1.88,1.65
2013.04.17 07:23:31.093,0.95672,0.95693,1.73,1.13
2013.04.17 07:23:31.212,0.95672,0.95693,1.73,1.13
2013.04.17 07:23:31.482,0.95675,0.95693,1.58,1.13
2013.04.17 07:23:31.722,0.95672,0.95693,1.73,1.13
2013.04.17 07:23:34.212,0.95674,0.95693,1.50,1.13
2013.04.17 07:23:34.272,0.95675,0.95693,1.58,1.13
2013.04.17 07:23:34.963,0.95677,0.95696,1.13,1.50
2013.04.17 07:23:35.391,0.95682,0.95702,1.50,1.65
2013.04.17 07:23:35.923,0.9568,0.95702,1.73,1.65
2013.04.17 07:23:35.983,0.95679,0.95699,2.03,1.50
2013.04.17 07:23:36.103,0.95679,0.95694,1.13,1.13
2013.04.17 07:23:36.223,0.95676,0.95694,2.25,1.13
2013.04.17 07:23:36.463,0.95671,0.95691,1.13,1.50
2013.04.17 07:23:36.646,0.95671,0.9569,1.13,1.50
2013.04.17 07:23:37.582,0.95672,0.95694,2.33,1.13
2013.04.17 07:23:38.482,0.95674,0.95695,1.13,1.50
2013.04.17 07:23:38.602,0.95675,0.95695,1.65,1.50
2013.04.17 07:23:38.843,0.95677,0.95695,1.13,1.50
2013.04.17 07:23:38.963,0.95679,0.95699,1.13,3.45
2013.04.17 07:23:39.023,0.95681,0.95699,1.65,1.13
2013.04.17 07:23:39.363,0.95682,0.95703,1.50,1.13
2013.04.17 07:23:40.263,0.95683,0.95705,1.50,1.50
2013.04.17 07:23:42.773,0.95688,0.95707,1.50,1.65
2013.04.17 07:23:42.893,0.95687,0.95706,1.65,1.65
2013.04.17 07:23:43.443,0.95686,0.95707,1.35,1.65
2013.04.17 07:23:47.742,0.95686,0.95708,1.73,1.50
2013.04.17 07:23:48.173,0.95686,0.95708,1.73,1.50
2013.04.17 07:23:50.072,0.95686,0.95708,1.73,1.50
2013.04.17 07:23:50.864,0.95686,0.95708,1.73,1.13
2013.04.17 07:23:50.923,0.95687,0.95708,1.73,1.13
2013.04.17 07:23:51.103,0.95686,0.95708,2.48,1.13
2013.04.17 07:23:51.612,0.95686,0.95708,1.73,1.13
2013.04.17 07:23:52.503,0.95689,0.95708,1.58,1.13
2013.04.17 07:23:53.084,0.95689,0.95708,1.50,1.13
2013.04.17 07:23:54.063,0.95688,0.95708,2.33,1.13
2013.04.17 07:23:54.344,0.95687,0.95708,2.85,1.13
2013.04.17 07:23:55.742,0.95687,0.95709,1.95,2.25
2013.04.17 07:23:55.803,0.9569,0.95709,1.50,2.25
2013.04.17 07:23:56.343,0.95692,0.95712,1.50,2.03
2013.04.17 07:23:56.723,0.95689,0.95711,1.65,1.65
2013.04.17 07:23:57.952,0.95688,0.95708,1.65,1.50
2013.04.17 07:23:58.510,0.95687,0.9571,1.13,1.50
2013.04.17 07:23:59.383,0.95687,0.9571,2.63,1.50
2013.04.17 07:24:00.193,0.95688,0.9571,1.28,2.25
2013.04.17 07:24:01.868,0.95688,0.9571,2.03,1.50
2013.04.17 07:24:01.932,0.95688,0.9571,1.28,1.50
2013.04.17 07:24:02.482,0.95688,0.9571,2.03,1.50
2013.04.17 07:24:02.743,0.9569,0.9571,1.88,1.50
2013.04.17 07:24:03.302,0.95691,0.95713,1.50,1.13
2013.04.17 07:24:03.423,0.95691,0.95713,2.25,1.13
2013.04.17 07:24:03.949,0.95689,0.9571,1.65,1.50
2013.04.17 07:24:04.093,0.95687,0.9571,3.08,1.50
2013.04.17 07:24:05.043,0.95685,0.95704,1.13,1.65
2013.04.17 07:24:05.102,0.95684,0.95704,1.28,1.65
2013.04.17 07:24:05.642,0.95682,0.95701,1.13,1.50
2013.04.17 07:24:06.462,0.95682,0.95703,1.13,1.73
2013.04.17 07:24:06.713,0.95682,0.95703,1.88,1.73
2013.04.17 07:24:07.282,0.95684,0.95704,1.65,1.65
2013.04.17 07:24:07.463,0.95683,0.95704,1.65,1.65
2013.04.17 07:24:07.583,0.95684,0.95704,1.50,1.50
2013.04.17 07:24:10.743,0.95687,0.95708,1.65,1.50
2013.04.17 07:24:11.042,0.95687,0.95708,2.03,1.50
2013.04.17 07:24:11.913,0.95686,0.95706,2.63,1.50
2013.04.17 07:24:13.117,0.95686,0.95706,1.13,1.50
2013.04.17 07:24:13.243,0.95686,0.95705,1.13,1.50
2013.04.17 07:24:13.303,0.95686,0.95706,1.13,1.88
2013.04.17 07:24:13.624,0.95685,0.95704,1.50,1.58
2013.04.17 07:24:13.744,0.95687,0.95704,1.50,1.50
2013.04.17 07:24:14.114,0.95687,0.95703,1.50,1.50
2013.04.17 07:24:14.654,0.95687,0.95705,1.50,1.73
2013.04.17 07:24:15.872,0.95688,0.95709,1.50,1.65
2013.04.17 07:24:23.743,0.95687,0.95708,1.50,1.50
2013.04.17 07:24:24.398,0.95682,0.95704,1.50,2.63
2013.04.17 07:24:27.303,0.95683,0.95704,1.58,1.13
2013.04.17 07:24:27.364,0.95682,0.95704,1.88,1.88
2013.04.17 07:24:27.634,0.9568,0.95701,2.25,1.58
2013.04.17 07:24:27.993,0.95676,0.95698,1.65,1.50
2013.04.17 07:24:29.824,0.95675,0.95696,1.13,1.88
2013.04.17 07:24:29.943,0.95678,0.95698,1.50,1.13
2013.04.17 07:24:32.112,0.9568,0.95699,1.50,1.50
2013.04.17 07:24:32.712,0.95682,0.95702,1.50,2.10
2013.04.17 07:24:33.093,0.95681,0.957,2.25,1.50
2013.04.17 07:24:34.264,0.9568,0.95701,1.50,1.50
2013.04.17 07:24:34.563,0.95679,0.95701,1.50,1.50
2013.04.17 07:24:34.804,0.95676,0.95697,2.40,1.50
2013.04.17 07:24:35.066,0.95676,0.95697,2.40,1.13
2013.04.17 07:24:35.854,0.95676,0.95697,2.40,1.88
2013.04.17 07:24:36.037,0.95676,0.95693,1.65,1.50
2013.04.17 07:24:36.107,0.95676,0.95697,2.40,1.13
2013.04.17 07:24:36.432,0.95676,0.95697,2.40,1.88
2013.04.17 07:24:36.983,0.95676,0.95698,2.40,1.50
2013.04.17 07:24:37.499,0.95682,0.95702,2.25,1.65
2013.04.17 07:24:38.333,0.95682,0.95702,2.25,1.65
2013.04.17 07:24:38.573,0.95689,0.9571,1.50,2.25
2013.04.17 07:24:38.633,0.95689,0.95708,1.50,1.73
2013.04.17 07:24:39.055,0.95685,0.95705,1.50,1.50
2013.04.17 07:24:39.414,0.95687,0.9571,1.50,1.88
2013.04.17 07:24:39.728,0.95688,0.9571,1.50,1.88
2013.04.17 07:24:43.963,0.95688,0.9571,2.25,1.50
2013.04.17 07:24:44.513,0.95689,0.9571,1.13,1.50
2013.04.17 07:24:47.863,0.95689,0.95708,1.13,1.58
2013.04.17 07:24:49.123,0.95687,0.95706,1.13,1.50
2013.04.17 07:24:50.082,0.95689,0.95708,1.13,1.58
2013.04.17 07:24:50.203,0.95687,0.95706,1.13,1.50
2013.04.17 07:24:51.884,0.95686,0.95706,1.13,1.50
2013.04.17 07:24:55.925,0.95683,0.95703,1.65,1.50
2013.04.17 07:24:56.873,0.95682,0.95702,1.13,1.50
2013.04.17 07:24:56.934,0.95679,0.95702,1.50,2.25
2013.04.17 07:24:57.112,0.95677,0.95699,2.40,1.50
2013.04.17 07:24:58.163,0.95682,0.95699,1.13,1.50
2013.04.17 07:25:00.473,0.9568,0.95702,1.13,1.50
2013.04.17 07:25:00.773,0.95681,0.95699,1.13,1.50
2013.04.17 07:25:01.313,0.95683,0.95705,1.65,1.65
2013.04.17 07:25:04.215,0.95679,0.95699,1.13,1.50
2013.04.17 07:25:04.753,0.95674,0.95696,1.95,2.25
2013.04.17 07:25:05.255,0.95674,0.95696,1.88,1.58
2013.04.17 07:25:07.243,0.95674,0.95694,1.88,1.50
2013.04.17 07:25:07.784,0.95674,0.95694,1.13,1.50
2013.04.17 07:25:11.788,0.95673,0.95694,2.25,1.50
2013.04.17 07:25:12.273,0.95672,0.95694,2.25,2.03
2013.04.17 07:25:12.694,0.95673,0.95695,1.50,1.88
2013.04.17 07:25:13.205,0.95674,0.95696,1.50,1.58
2013.04.17 07:25:13.843,0.95674,0.95696,2.25,1.58
2013.04.17 07:25:13.963,0.95678,0.95698,1.50,2.40
2013.04.17 07:25:14.492,0.95678,0.95699,2.25,1.65
2013.04.17 07:25:19.032,0.95682,0.95699,1.13,1.50
2013.04.17 07:25:19.563,0.95683,0.95704,2.25,1.73
2013.04.17 07:25:27.392,0.95685,0.95702,1.13,1.50
2013.04.17 07:25:27.603,0.95687,0.95705,1.13,1.50
2013.04.17 07:25:28.063,0.95685,0.95705,2.25,2.25
2013.04.17 07:25:31.074,0.95686,0.95704,1.50,1.58
2013.04.17 07:25:32.179,0.95688,0.95705,1.13,1.58
2013.04.17 07:25:32.675,0.95692,0.95706,1.13,2.33
2013.04.17 07:25:32.794,0.95692,0.95709,1.88,1.58
2013.04.17 07:25:33.183,0.95695,0.95711,1.50,1.58
2013.04.17 07:25:33.242,0.95695,0.95712,1.50,1.50
2013.04.17 07:25:35.423,0.95692,0.95712,1.88,1.50
2013.04.17 07:25:35.733,0.95692,0.95711,1.13,1.50
2013.04.17 07:25:36.133,0.95689,0.95709,1.65,2.40
2013.04.17 07:25:36.193,0.95688,0.95705,1.50,1.50
2013.04.17 07:25:36.698,0.95689,0.95707,1.65,1.58
2013.04.17 07:25:37.043,0.95688,0.95705,1.13,1.50
2013.04.17 07:25:37.443,0.95689,0.95707,1.65,1.58
2013.04.17 07:25:37.503,0.95689,0.95709,1.65,1.73
2013.04.17 07:25:40.866,0.95687,0.95707,1.13,1.50
2013.04.17 07:25:41.674,0.9569,0.95709,1.65,1.65
2013.04.17 07:25:42.454,0.9569,0.95711,1.65,1.95
2013.04.17 07:25:42.844,0.9569,0.95709,1.65,1.65
2013.04.17 07:25:48.163,0.95688,0.95709,1.13,1.65
2013.04.17 07:25:53.263,0.95687,0.95708,1.50,1.50
2013.04.17 07:25:53.322,0.95687,0.95707,1.50,1.58
2013.04.17 07:25:54.502,0.95687,0.95709,2.25,2.10
2013.04.17 07:25:57.616,0.95687,0.95707,2.25,1.50
2013.04.17 07:25:57.972,0.95689,0.9571,1.50,2.40
2013.04.17 07:25:58.539,0.95688,0.95707,1.50,1.50
2013.04.17 07:25:58.602,0.95689,0.95708,1.50,1.50
2013.04.17 07:25:59.373,0.95693,0.9571,1.13,1.58
2013.04.17 07:25:59.432,0.95693,0.95713,1.13,1.58
2013.04.17 07:25:59.552,0.95691,0.95711,1.88,1.50
2013.04.17 07:25:59.993,0.95689,0.9571,1.88,1.13
2013.04.17 07:26:00.173,0.95688,0.95708,1.13,1.65
2013.04.17 07:26:00.684,0.95687,0.95708,1.65,1.65
2013.04.17 07:26:02.492,0.95688,0.95708,1.50,1.65
2013.04.17 07:26:02.553,0.95689,0.95708,1.13,1.50
2013.04.17 07:26:02.912,0.95691,0.95714,2.78,2.85
2013.04.17 07:26:05.937,0.95691,0.95711,2.03,1.50
2013.04.17 07:26:06.074,0.95691,0.95713,2.40,1.20
2013.04.17 07:26:06.433,0.95691,0.95711,1.50,1.13
2013.04.17 07:26:08.513,0.95691,0.95711,1.50,1.50
2013.04.17 07:26:12.692,0.95688,0.9571,1.58,1.13
2013.04.17 07:26:13.684,0.95691,0.95711,1.50,1.13
2013.04.17 07:26:21.443,0.95691,0.95712,1.50,1.13
2013.04.17 07:26:22.683,0.95691,0.95712,1.50,1.13
2013.04.17 07:26:24.513,0.95693,0.95712,1.50,1.13
2013.04.17 07:26:24.693,0.95693,0.95714,2.40,1.88
2013.04.17 07:26:25.195,0.95693,0.95714,2.40,1.88
2013.04.17 07:26:27.813,0.95692,0.95714,1.13,1.95
2013.04.17 07:26:28.322,0.9569,0.95713,1.88,1.88
2013.04.17 07:26:28.384,0.9569,0.95712,1.88,1.65
2013.04.17 07:26:30.006,0.95689,0.95712,2.25,1.65
2013.04.17 07:26:30.303,0.95687,0.95709,1.50,1.50
2013.04.17 07:26:30.923,0.95686,0.95709,2.40,1.50
2013.04.17 07:26:33.053,0.95686,0.95707,1.50,1.73
2013.04.17 07:26:33.113,0.95686,0.95705,1.50,1.50
2013.04.17 07:26:34.463,0.95687,0.95707,1.50,1.50
2013.04.17 07:26:35.683,0.95688,0.9571,1.50,1.50
2013.04.17 07:26:38.773,0.95691,0.9571,1.13,1.50
2013.04.17 07:26:38.833,0.95692,0.9571,1.13,1.50
2013.04.17 07:26:39.962,0.95694,0.95716,2.78,1.50
2013.04.17 07:26:40.110,0.95694,0.95713,2.03,1.58
2013.04.17 07:26:40.413,0.95694,0.95711,1.28,1.50
2013.04.17 07:26:41.003,0.95694,0.95713,2.03,1.58
2013.04.17 07:26:42.102,0.95694,0.95714,2.40,1.50
2013.04.17 07:26:42.629,0.95694,0.95716,2.40,1.50
2013.04.17 07:26:43.253,0.95696,0.95719,1.50,2.25
2013.04.17 07:26:43.804,0.95695,0.95719,1.73,2.25
2013.04.17 07:26:45.383,0.95692,0.95712,1.50,1.28
2013.04.17 07:26:45.803,0.95689,0.9571,2.33,1.88
2013.04.17 07:26:45.863,0.95687,0.95708,1.50,1.58
2013.04.17 07:26:45.996,0.95689,0.95708,1.50,1.50
2013.04.17 07:26:46.173,0.95689,0.95707,1.50,1.50
2013.04.17 07:26:46.233,0.95687,0.95705,2.33,1.28
2013.04.17 07:26:46.293,0.95686,0.95704,1.50,1.50
2013.04.17 07:26:46.839,0.95684,0.95704,1.50,1.50
2013.04.17 07:26:47.862,0.95684,0.95704,1.50,1.50
2013.04.17 07:26:50.983,0.95688,0.95709,2.25,1.58
2013.04.17 07:26:51.404,0.95688,0.95707,1.50,1.50
2013.04.17 07:27:02.845,0.95688,0.95708,1.50,1.58
2013.04.17 07:27:10.003,0.95687,0.95706,1.50,1.65
2013.04.17 07:27:10.063,0.95686,0.957,1.13,1.50
2013.04.17 07:27:10.183,0.95682,0.957,1.88,1.50
2013.04.17 07:27:10.765,0.95681,0.95702,1.65,1.58
2013.04.17 07:27:10.826,0.95681,0.957,1.65,1.50
2013.04.17 07:27:11.183,0.95675,0.95694,1.88,1.50
2013.04.17 07:27:11.543,0.95672,0.95693,2.78,1.58
2013.04.17 07:27:11.853,0.9567,0.9569,1.50,1.88
2013.04.17 07:27:12.094,0.95666,0.95687,3.00,1.50
2013.04.17 07:27:12.513,0.95669,0.95689,1.65,1.50
2013.04.17 07:27:14.953,0.9567,0.95692,1.50,1.73
2013.04.17 07:27:15.383,0.95669,0.95689,1.28,1.50
2013.04.17 07:27:15.503,0.95669,0.95689,1.65,1.50
2013.04.17 07:27:15.827,0.95667,0.95686,2.25,1.50
2013.04.17 07:27:17.995,0.95666,0.95684,1.88,1.65
2013.04.17 07:27:18.053,0.95664,0.95682,2.03,1.50
2013.04.17 07:27:18.563,0.95661,0.95679,1.13,2.25
2013.04.17 07:27:19.374,0.9566,0.95678,1.13,1.50
2013.04.17 07:27:19.435,0.95661,0.95682,1.50,2.33
2013.04.17 07:27:19.494,0.95663,0.95683,1.50,1.50
2013.04.17 07:27:19.554,0.95662,0.95682,1.50,1.50
2013.04.17 07:27:20.094,0.95663,0.95684,1.65,1.58
2013.04.17 07:27:20.453,0.95672,0.95693,1.13,1.58
2013.04.17 07:27:20.895,0.95676,0.95693,1.13,1.58
2013.04.17 07:27:21.073,0.95676,0.95695,1.13,1.95
2013.04.17 07:27:21.215,0.95676,0.95694,1.13,1.50
2013.04.17 07:27:21.893,0.95676,0.95695,1.13,1.95
2013.04.17 07:27:22.244,0.95676,0.95692,1.13,1.58
2013.04.17 07:27:22.953,0.95676,0.95694,1.13,1.50
2013.04.17 07:27:25.634,0.95676,0.95695,1.13,1.50
2013.04.17 07:27:26.484,0.95676,0.95694,1.13,1.50
2013.04.17 07:27:26.865,0.95677,0.95699,1.28,2.48
2013.04.17 07:27:28.463,0.95679,0.957,1.50,2.25
2013.04.17 07:27:28.853,0.95681,0.95699,1.13,2.33
2013.04.17 07:27:29.285,0.95681,0.95699,1.13,1.58
2013.04.17 07:27:37.134,0.95678,0.95697,1.13,1.50
2013.04.17 07:27:37.253,0.95677,0.95697,1.65,1.50
2013.04.17 07:27:38.029,0.95677,0.95693,1.65,1.50
2013.04.17 07:27:38.990,0.95675,0.95693,1.88,2.25
2013.04.17 07:27:39.515,0.95675,0.95692,1.88,1.50
2013.04.17 07:27:40.574,0.95675,0.95691,1.13,1.50
2013.04.17 07:27:43.183,0.9567,0.95691,1.50,1.50
2013.04.17 07:27:43.613,0.95665,0.95685,2.63,1.65
2013.04.17 07:27:44.083,0.95662,0.95682,1.65,1.58
2013.04.17 07:27:46.125,0.95662,0.95679,1.65,1.50
2013.04.17 07:27:46.495,0.95663,0.95682,1.65,1.95
2013.04.17 07:27:50.563,0.95663,0.95679,1.50,1.13
2013.04.17 07:27:50.623,0.95662,0.95678,1.50,1.13
2013.04.17 07:27:51.143,0.95661,0.95679,1.50,1.13
2013.04.17 07:27:51.687,0.95657,0.95678,1.65,1.13
2013.04.17 07:27:54.566,0.95658,0.95678,1.13,1.13
2013.04.17 07:27:54.693,0.95657,0.95677,2.40,1.65
2013.04.17 07:27:55.694,0.95657,0.95677,1.65,1.65
2013.04.17 07:27:56.054,0.95652,0.95673,1.50,2.40
2013.04.17 07:27:56.465,0.95648,0.95671,2.33,1.50
2013.04.17 07:27:58.853,0.95648,0.95668,1.50,1.50
2013.04.17 07:27:59.913,0.95646,0.95665,2.25,1.50
2013.04.17 07:28:00.418,0.95646,0.95665,2.25,1.50
2013.04.17 07:28:00.725,0.95649,0.95668,1.50,1.88
2013.04.17 07:28:01.263,0.95649,0.95668,1.50,1.88
2013.04.17 07:28:01.384,0.95649,0.95668,1.88,1.50
2013.04.17 07:28:02.893,0.95651,0.95671,2.40,1.65
2013.04.17 07:28:02.953,0.95652,0.95671,1.13,1.50
2013.04.17 07:28:03.677,0.95656,0.95675,1.50,1.50
2013.04.17 07:28:03.753,0.95653,0.95675,1.65,1.50
2013.04.17 07:28:04.543,0.95655,0.95676,1.50,1.88
2013.04.17 07:28:04.874,0.95657,0.95676,1.50,1.50
2013.04.17 07:28:05.793,0.95659,0.95676,1.50,1.50
2013.04.17 07:28:06.033,0.9566,0.9568,1.50,1.73
2013.04.17 07:28:07.925,0.9566,0.95679,1.50,1.65
2013.04.17 07:28:15.723,0.95661,0.95679,1.50,1.65
2013.04.17 07:28:26.403,0.95662,0.95678,1.50,1.50
2013.04.17 07:28:27.694,0.9566,0.95677,1.28,1.50
2013.04.17 07:28:27.994,0.95656,0.95674,1.65,1.50
2013.04.17 07:28:28.054,0.95656,0.95674,1.65,2.33
2013.04.17 07:28:28.488,0.95655,0.95671,1.28,1.50
2013.04.17 07:28:28.813,0.95658,0.95673,1.50,1.58
2013.04.17 07:28:28.874,0.95658,0.95677,1.50,1.50
2013.04.17 07:28:28.934,0.95658,0.95676,1.50,3.08
2013.04.17 07:28:29.054,0.95658,0.95676,1.50,1.50
2013.04.17 07:28:29.313,0.95658,0.95675,1.50,1.58
2013.04.17 07:28:29.655,0.95654,0.95671,1.50,1.50
2013.04.17 07:28:30.865,0.95657,0.95673,1.50,2.33
2013.04.17 07:28:31.043,0.95654,0.95671,1.50,1.50
2013.04.17 07:28:31.104,0.95654,0.95671,1.50,1.50
2013.04.17 07:28:31.163,0.95654,0.95671,1.13,1.50
2013.04.17 07:28:31.345,0.95654,0.95673,1.50,2.48
2013.04.17 07:28:32.634,0.95651,0.95671,1.88,1.50
2013.04.17 07:28:33.194,0.95651,0.95671,1.88,1.50
2013.04.17 07:28:33.783,0.95651,0.95671,1.88,1.50
2013.04.17 07:28:35.644,0.95651,0.95673,1.88,2.85
2013.04.17 07:28:40.416,0.95651,0.95671,1.88,1.50
2013.04.17 07:28:46.155,0.95651,0.95671,1.50,1.65
2013.04.17 07:28:47.763,0.95651,0.95671,1.50,1.65
2013.04.17 07:28:48.555,0.95655,0.95674,1.50,1.50
2013.04.17 07:28:48.627,0.95656,0.95675,1.50,1.65
2013.04.17 07:28:49.220,0.95657,0.95675,1.50,1.65
2013.04.17 07:28:50.813,0.95657,0.95673,1.50,1.50
2013.04.17 07:28:58.193,0.95658,0.95677,1.50,1.95
2013.04.17 07:28:59.636,0.95658,0.95677,1.50,1.88
2013.04.17 07:29:00.294,0.95658,0.95677,1.50,1.50
2013.04.17 07:29:00.653,0.95661,0.95679,1.50,1.58
2013.04.17 07:29:00.954,0.95658,0.95677,1.50,1.50
2013.04.17 07:29:01.073,0.95658,0.95679,1.50,1.58
2013.04.17 07:29:01.653,0.95658,0.95677,1.50,1.50
2013.04.17 07:29:02.209,0.95657,0.95673,1.65,1.50
2013.04.17 07:29:04.204,0.95655,0.95672,1.13,1.50
2013.04.17 07:29:04.732,0.95651,0.95669,1.65,1.50
2013.04.17 07:29:05.683,0.95651,0.95669,1.65,1.50
2013.04.17 07:29:08.204,0.95651,0.95672,2.40,1.50
2013.04.17 07:29:09.243,0.95651,0.95669,1.65,1.50
2013.04.17 07:29:10.625,0.9565,0.95668,1.13,1.50
2013.04.17 07:29:10.743,0.9565,0.95671,1.88,1.13
2013.04.17 07:29:10.864,0.95651,0.95671,1.65,1.13
2013.04.17 07:29:11.104,0.95655,0.95674,1.50,1.73
2013.04.17 07:29:11.265,0.95655,0.95676,2.25,1.50
2013.04.17 07:29:13.006,0.95655,0.95676,1.88,1.13
2013.04.17 07:29:13.373,0.95653,0.95673,1.88,1.50
2013.04.17 07:29:13.853,0.95652,0.95671,1.65,1.50
2013.04.17 07:29:18.894,0.95654,0.95674,1.50,1.65
2013.04.17 07:29:20.683,0.95656,0.95674,1.50,1.65
2013.04.17 07:29:20.864,0.95657,0.95674,1.50,1.65
2013.04.17 07:29:21.514,0.95657,0.95676,2.40,1.50
2013.04.17 07:29:21.693,0.95661,0.95679,1.50,1.58
2013.04.17 07:29:22.725,0.95657,0.95677,1.88,1.65
2013.04.17 07:29:23.234,0.95657,0.95677,2.25,2.03
2013.04.17 07:29:23.535,0.95657,0.95677,1.50,1.73
2013.04.17 07:29:24.633,0.95657,0.95674,1.50,1.50
2013.04.17 07:29:24.943,0.95662,0.95677,1.50,1.50
2013.04.17 07:29:36.854,0.95659,0.95677,1.13,1.50
2013.04.17 07:29:37.409,0.95657,0.95674,1.88,1.50
2013.04.17 07:29:38.725,0.95657,0.95674,1.13,1.50
2013.04.17 07:29:39.657,0.95659,0.95674,1.13,1.50
2013.04.17 07:29:40.368,0.95656,0.95674,1.50,1.50
2013.04.17 07:29:41.153,0.95656,0.95678,1.50,1.50
2013.04.17 07:29:41.214,0.95656,0.95678,1.50,1.50
2013.04.17 07:29:41.274,0.95656,0.95678,2.25,1.50
2013.04.17 07:29:41.706,0.95656,0.95677,2.25,1.13
2013.04.17 07:29:42.843,0.95656,0.95675,1.50,1.50
2013.04.17 07:29:42.904,0.95656,0.95674,1.50,1.13
2013.04.17 07:29:43.493,0.95656,0.95673,1.50,1.35
2013.04.17 07:29:47.466,0.95652,0.95671,1.50,1.50
2013.04.17 07:29:54.670,0.95651,0.9567,1.50,1.50
2013.04.17 07:29:54.854,0.95651,0.9567,1.50,1.50
2013.04.17 07:29:54.974,0.9565,0.9567,1.28,1.50
2013.04.17 07:29:55.036,0.9565,0.95669,1.13,1.13
2013.04.17 07:29:55.335,0.95652,0.95669,1.50,1.50
2013.04.17 07:29:57.733,0.95656,0.95676,1.50,1.13
2013.04.17 07:29:58.073,0.95658,0.95676,1.50,1.13
2013.04.17 07:30:00.123,0.95655,0.95676,1.50,1.13
2013.04.17 07:30:00.533,0.95656,0.95676,1.50,1.13
2013.04.17 07:30:00.713,0.95655,0.95678,1.50,1.88
2013.04.17 07:30:01.605,0.95657,0.95678,1.50,1.13
2013.04.17 07:30:02.153,0.95655,0.95673,1.50,1.13
2013.04.17 07:30:09.126,0.95656,0.95675,1.65,1.13
2013.04.17 07:30:09.244,0.95658,0.95676,1.50,1.13
2013.04.17 07:30:09.303,0.95661,0.95676,1.13,1.13
2013.04.17 07:30:09.485,0.95666,0.95687,1.50,1.13
2013.04.17 07:30:09.904,0.95667,0.95687,1.58,1.13
2013.04.17 07:30:09.964,0.95668,0.95687,1.95,1.13
2013.04.17 07:30:10.145,0.95669,0.95691,1.65,2.03
2013.04.17 07:30:10.405,0.95669,0.95691,1.65,2.03
2013.04.17 07:30:10.845,0.95669,0.95692,1.73,1.50
2013.04.17 07:30:10.904,0.95671,0.95692,1.50,1.13
2013.04.17 07:30:11.423,0.95669,0.95689,2.48,1.13
2013.04.17 07:30:11.724,0.95673,0.95692,1.50,1.13
2013.04.17 07:30:12.266,0.95672,0.95692,1.50,1.13
2013.04.17 07:30:12.324,0.9567,0.95691,1.50,1.65
2013.04.17 07:30:12.875,0.95666,0.95686,1.58,1.13
2013.04.17 07:30:12.934,0.95666,0.95686,1.58,1.13
2013.04.17 07:30:13.183,0.95666,0.95686,1.58,1.13
2013.04.17 07:30:14.803,0.95666,0.95686,1.58,1.13
2013.04.17 07:30:15.283,0.95664,0.95686,1.58,2.25
2013.04.17 07:30:16.193,0.95664,0.95686,1.58,2.25
2013.04.17 07:30:20.964,0.95666,0.95686,1.50,1.50
2013.04.17 07:30:21.226,0.9567,0.95689,1.50,1.28
2013.04.17 07:30:21.584,0.95672,0.95692,2.03,1.50
2013.04.17 07:30:21.643,0.95676,0.95696,1.50,1.50
2013.04.17 07:30:22.713,0.95673,0.95695,1.50,2.03
2013.04.17 07:30:22.774,0.95673,0.95695,1.50,2.03
2013.04.17 07:30:23.045,0.95673,0.95695,1.50,2.03
2013.04.17 07:30:23.224,0.95674,0.95695,1.13,1.65
2013.04.17 07:30:23.404,0.95672,0.95694,1.65,1.65
2013.04.17 07:30:23.833,0.95672,0.95694,1.50,1.88
2013.04.17 07:30:24.384,0.95671,0.9569,1.50,1.13
2013.04.17 07:30:24.843,0.9567,0.9569,1.50,1.88
2013.04.17 07:30:25.212,0.95668,0.95687,1.65,1.50
2013.04.17 07:30:27.153,0.95666,0.95685,1.58,1.28
2013.04.17 07:30:27.274,0.95661,0.95681,1.50,1.13
2013.04.17 07:30:30.593,0.95658,0.95678,1.50,1.50
2013.04.17 07:30:31.130,0.95656,0.95676,2.25,1.50
2013.04.17 07:30:31.483,0.95658,0.95678,1.50,2.33
2013.04.17 07:30:32.664,0.95659,0.95678,1.50,1.50
2013.04.17 07:30:34.273,0.95662,0.95681,2.25,1.13
2013.04.17 07:30:34.833,0.95664,0.95686,1.58,1.88
2013.04.17 07:30:36.324,0.95664,0.95685,1.50,1.65
2013.04.17 07:30:37.923,0.95664,0.95685,1.50,1.65
2013.04.17 07:30:38.193,0.95666,0.95685,1.65,1.50
2013.04.17 07:30:38.253,0.95666,0.95685,2.40,1.50
2013.04.17 07:30:38.613,0.95671,0.95689,1.50,2.25
2013.04.17 07:30:39.887,0.95666,0.95688,1.65,1.50
2013.04.17 07:30:40.254,0.95665,0.95686,1.13,1.50
2013.04.17 07:30:42.485,0.95666,0.95686,1.65,1.50
2013.04.17 07:30:44.056,0.95666,0.95686,1.65,1.50
2013.04.17 07:30:44.113,0.95666,0.95687,1.73,2.25
2013.04.17 07:30:44.483,0.95663,0.95684,2.03,1.65
2013.04.17 07:30:45.414,0.95666,0.95685,1.50,1.13
2013.04.17 07:30:47.106,0.95666,0.95687,2.25,1.13
2013.04.17 07:30:51.014,0.95669,0.95688,1.65,1.88
2013.04.17 07:30:51.523,0.95669,0.95689,2.40,1.88
2013.04.17 07:30:51.782,0.95669,0.95688,2.40,1.13
2013.04.17 07:30:52.458,0.95672,0.95692,1.50,2.25
2013.04.17 07:30:52.873,0.95672,0.95692,2.25,1.88
2013.04.17 07:30:53.223,0.95672,0.9569,1.88,1.50
2013.04.17 07:30:55.523,0.95672,0.9569,1.50,1.65
2013.04.17 07:30:55.893,0.95668,0.9569,1.88,1.65
2013.04.17 07:30:55.954,0.95668,0.95688,1.50,1.13
2013.04.17 07:30:56.013,0.95667,0.95687,2.25,1.28
2013.04.17 07:30:56.697,0.95667,0.95686,1.50,1.65
2013.04.17 07:31:00.633,0.95667,0.95686,1.50,1.65
2013.04.17 07:31:03.104,0.95667,0.95686,1.50,1.65
2013.04.17 07:31:05.443,0.95666,0.95686,1.50,2.03
2013.04.17 07:31:05.972,0.95666,0.95684,1.50,1.50
2013.04.17 07:31:07.074,0.95666,0.95686,2.25,1.65
2013.04.17 07:31:10.194,0.95669,0.95688,1.50,1.13
2013.04.17 07:31:10.433,0.95668,0.95688,1.50,1.88
2013.04.17 07:31:10.493,0.95668,0.95688,1.50,1.88
2013.04.17 07:31:10.614,0.95669,0.95688,1.13,1.50
2013.04.17 07:31:11.184,0.95673,0.95693,1.50,1.13
2013.04.17 07:31:14.385,0.95673,0.95693,1.50,1.13
2013.04.17 07:31:17.193,0.95675,0.95694,2.25,1.13
2013.04.17 07:31:17.314,0.95675,0.95693,1.50,1.13
2013.04.17 07:31:17.894,0.95676,0.95698,1.65,2.70
2013.04.17 07:31:18.234,0.95676,0.95696,2.40,1.65
2013.04.17 07:31:18.313,0.95676,0.95698,2.40,1.95
2013.04.17 07:31:21.283,0.95679,0.95698,1.50,1.50
2013.04.17 07:31:21.343,0.95679,0.95698,1.50,1.50
2013.04.17 07:31:22.364,0.95676,0.95694,2.33,1.13
2013.04.17 07:31:22.424,0.95676,0.95696,1.50,1.50
2013.04.17 07:31:31.013,0.95677,0.95694,1.50,1.13
2013.04.17 07:31:35.113,0.95677,0.95698,1.50,1.50
2013.04.17 07:31:35.972,0.95675,0.95694,1.50,1.13
2013.04.17 07:31:36.340,0.95671,0.95693,1.65,2.85
2013.04.17 07:31:36.797,0.95671,0.9569,1.65,1.50
2013.04.17 07:31:40.385,0.95671,0.95692,1.50,1.95
2013.04.17 07:31:41.575,0.95671,0.9569,1.50,1.65
2013.04.17 07:31:42.254,0.95667,0.95689,1.65,2.33
2013.04.17 07:31:42.346,0.95667,0.95688,1.65,1.50
2013.04.17 07:31:42.403,0.95667,0.95689,1.65,1.58
2013.04.17 07:31:42.744,0.95669,0.9569,1.50,1.65
2013.04.17 07:31:43.306,0.95672,0.95692,1.50,2.25
2013.04.17 07:31:46.084,0.95672,0.95692,1.50,1.88
2013.04.17 07:31:47.043,0.95666,0.95688,1.13,2.25
2013.04.17 07:31:48.020,0.95666,0.95687,1.13,1.50
2013.04.17 07:31:48.344,0.95668,0.95688,2.03,1.50
2013.04.17 07:31:48.404,0.95668,0.95688,2.03,1.50
2013.04.17 07:31:48.643,0.95668,0.95689,2.78,1.50
2013.04.17 07:31:48.703,0.95668,0.95689,2.03,1.58
2013.04.17 07:31:49.328,0.95671,0.9569,2.25,1.65
2013.04.17 07:31:49.513,0.95668,0.95691,1.65,2.10
2013.04.17 07:31:49.697,0.95668,0.95687,1.50,1.50
2013.04.17 07:31:50.254,0.95662,0.95684,2.40,1.65
2013.04.17 07:31:50.314,0.95662,0.95683,1.65,1.58
2013.04.17 07:31:50.433,0.95664,0.95683,1.50,2.33
2013.04.17 07:31:50.614,0.95664,0.95684,2.25,1.65
2013.04.17 07:31:52.444,0.95667,0.95687,1.50,1.13
2013.04.17 07:31:55.474,0.95666,0.95684,1.58,1.73
2013.04.17 07:31:55.534,0.95663,0.95682,1.13,1.50
2013.04.17 07:31:55.964,0.95665,0.95685,1.50,1.65
2013.04.17 07:31:56.145,0.95665,0.95685,1.50,1.65
2013.04.17 07:31:56.324,0.95663,0.95684,1.50,1.65
2013.04.17 07:31:56.504,0.95664,0.95684,1.50,2.03
2013.04.17 07:31:56.918,0.95664,0.95684,1.50,1.28
2013.04.17 07:31:57.173,0.95664,0.95684,1.50,1.28
2013.04.17 07:31:57.393,0.95664,0.95684,1.50,1.28
2013.04.17 07:31:57.657,0.95666,0.95679,2.25,1.13
2013.04.17 07:31:57.893,0.95663,0.95684,1.50,2.03
2013.04.17 07:31:58.014,0.95664,0.95684,1.50,1.13
2013.04.17 07:31:58.073,0.95664,0.95679,1.50,1.13
2013.04.17 07:31:59.974,0.95659,0.95677,1.50,1.65
2013.04.17 07:32:00.464,0.95659,0.95674,1.50,1.13
2013.04.17 07:32:00.824,0.95656,0.95677,1.50,1.13
2013.04.17 07:32:00.943,0.95656,0.95677,1.50,1.13
2013.04.17 07:32:01.584,0.95655,0.95674,1.50,1.13
2013.04.17 07:32:01.763,0.95655,0.95677,1.50,1.13
2013.04.17 07:32:01.884,0.95655,0.95674,1.50,1.13
2013.04.17 07:32:01.979,0.95655,0.95677,1.50,1.13
2013.04.17 07:32:02.378,0.95655,0.95677,2.25,1.13
2013.04.17 07:32:02.437,0.95657,0.95677,1.50,1.13
2013.04.17 07:32:04.717,0.95654,0.95673,1.50,1.65
2013.04.17 07:32:05.193,0.95654,0.95674,1.50,1.50
2013.04.17 07:32:09.337,0.95654,0.95673,1.50,1.65
2013.04.17 07:32:11.180,0.95651,0.95672,2.25,2.03
2013.04.17 07:32:12.775,0.95651,0.95672,2.25,1.65
2013.04.17 07:32:14.151,0.95651,0.95673,2.25,1.28
2013.04.17 07:32:14.874,0.95651,0.95672,2.25,1.65
2013.04.17 07:32:19.424,0.95651,0.95672,1.50,1.65
2013.04.17 07:32:19.594,0.95651,0.95672,2.25,1.65
2013.04.17 07:32:27.214,0.95651,0.95672,2.25,1.65
2013.04.17 07:32:27.766,0.95651,0.95672,2.25,1.65
2013.04.17 07:32:27.985,0.95651,0.95672,2.25,1.65
2013.04.17 07:32:29.359,0.95651,0.95673,2.25,1.88
2013.04.17 07:32:31.784,0.95651,0.95673,3.00,1.95
2013.04.17 07:32:32.954,0.95651,0.95672,1.50,2.48
2013.04.17 07:32:33.319,0.9565,0.95668,1.50,1.58
2013.04.17 07:32:35.064,0.9565,0.95668,1.65,1.50
2013.04.17 07:32:35.645,0.95649,0.95669,1.65,1.58
2013.04.17 07:32:39.355,0.95649,0.95668,2.03,1.50
2013.04.17 07:32:39.804,0.95647,0.95667,1.88,1.50
2013.04.17 07:32:40.127,0.95647,0.95667,1.50,1.65
2013.04.17 07:32:40.844,0.95645,0.95665,1.50,1.50
2013.04.17 07:32:43.383,0.95646,0.95665,1.50,1.50
2013.04.17 07:32:43.824,0.95646,0.95665,1.50,1.50
2013.04.17 07:32:44.003,0.95646,0.95666,1.50,1.65
2013.04.17 07:32:44.569,0.95648,0.95668,1.50,1.88
2013.04.17 07:32:45.113,0.95646,0.95667,1.50,1.73
2013.04.17 07:32:48.241,0.95646,0.95665,1.50,1.50
2013.04.17 07:32:49.844,0.95646,0.95663,1.50,1.50
2013.04.17 07:32:54.368,0.95642,0.95662,1.88,1.50
2013.04.17 07:32:54.644,0.95642,0.95664,1.88,1.50
2013.04.17 07:33:04.294,0.95642,0.95663,1.13,1.58
2013.04.17 07:33:04.354,0.95643,0.95663,1.65,1.50
2013.04.17 07:33:06.443,0.95643,0.95664,1.65,1.88
2013.04.17 07:33:08.234,0.95639,0.95659,1.50,1.13
2013.04.17 07:33:10.678,0.95639,0.9566,2.25,1.13
2013.04.17 07:33:12.214,0.95639,0.95662,2.40,2.10
2013.04.17 07:33:12.403,0.95642,0.95663,1.50,1.65
2013.04.17 07:33:13.246,0.95641,0.95662,1.50,1.65
2013.04.17 07:33:13.424,0.95642,0.95664,3.38,1.20
2013.04.17 07:33:15.664,0.95646,0.95666,1.65,1.13
2013.04.17 07:33:15.844,0.95648,0.95669,1.50,1.13
2013.04.17 07:33:18.393,0.95648,0.9567,2.25,1.50
2013.04.17 07:33:18.754,0.95648,0.95669,1.50,1.13
2013.04.17 07:33:19.114,0.95648,0.95668,1.50,1.73
2013.04.17 07:33:19.604,0.95647,0.95666,1.65,1.50
2013.04.17 07:33:19.665,0.95648,0.95669,1.50,3.08
2013.04.17 07:33:20.215,0.95647,0.95669,2.78,1.88
2013.04.17 07:33:20.523,0.9565,0.9567,1.50,1.50
2013.04.17 07:33:20.584,0.9565,0.95669,1.50,1.13
2013.04.17 07:33:20.943,0.9565,0.9567,1.50,1.50
2013.04.17 07:33:21.063,0.9565,0.9567,1.50,1.50
2013.04.17 07:33:22.105,0.9565,0.9567,2.25,1.13
2013.04.17 07:33:22.285,0.95652,0.95673,1.88,1.58
2013.04.17 07:33:22.644,0.95654,0.95676,2.40,1.88
2013.04.17 07:33:23.620,0.95653,0.95674,2.78,1.65
2013.04.17 07:33:25.615,0.95653,0.95673,1.28,1.50
2013.04.17 07:33:26.694,0.95652,0.9567,1.50,1.13
2013.04.17 07:33:35.214,0.95648,0.95668,1.88,1.65
2013.04.17 07:33:40.656,0.95647,0.95668,1.50,1.28
2013.04.17 07:33:40.780,0.95647,0.95668,2.25,1.28
2013.04.17 07:33:41.386,0.95651,0.9567,1.50,1.20
2013.04.17 07:33:41.694,0.95651,0.95673,2.25,1.95
2013.04.17 07:33:42.234,0.95648,0.95671,1.65,2.10
2013.04.17 07:33:44.525,0.95648,0.95669,1.65,1.50
2013.04.17 07:33:44.643,0.95648,0.95671,1.65,2.10
2013.04.17 07:33:44.884,0.95651,0.95672,1.50,1.35
2013.04.17 07:33:45.384,0.95651,0.95672,1.50,1.35
2013.04.17 07:33:45.504,0.95651,0.9567,1.50,1.50
2013.04.17 07:33:45.685,0.95651,0.95672,1.50,1.35
2013.04.17 07:33:45.798,0.95651,0.9567,1.50,1.50
2013.04.17 07:33:45.914,0.95651,0.95669,1.50,1.13
2013.04.17 07:33:46.275,0.95648,0.95668,1.50,2.03
2013.04.17 07:33:46.350,0.95648,0.95668,1.50,2.03
2013.04.17 07:33:46.474,0.95648,0.95669,1.50,1.50
2013.04.17 07:33:46.896,0.95652,0.95668,1.50,1.50
2013.04.17 07:33:47.254,0.95646,0.95668,1.50,1.73
2013.04.17 07:33:47.984,0.95646,0.95666,1.50,1.50
2013.04.17 07:33:50.394,0.95646,0.95664,1.50,1.13
2013.04.17 07:33:50.950,0.95643,0.95664,1.13,1.88
2013.04.17 07:33:51.943,0.95643,0.95664,1.13,1.88
2013.04.17 07:33:52.004,0.95642,0.95663,1.50,1.50
2013.04.17 07:33:52.715,0.95642,0.95664,1.50,2.25
2013.04.17 07:33:53.014,0.95642,0.95664,1.50,1.88
2013.04.17 07:33:53.080,0.95642,0.95664,1.50,1.13
2013.04.17 07:33:53.604,0.95642,0.95663,1.50,1.50
2013.04.17 07:33:53.953,0.95642,0.95663,1.50,1.50
2013.04.17 07:33:54.555,0.95642,0.95663,1.50,2.25
2013.04.17 07:33:55.317,0.95642,0.95664,1.50,1.50
2013.04.17 07:33:55.975,0.95646,0.95665,1.50,1.50
2013.04.17 07:33:56.355,0.95646,0.95663,1.50,1.13
2013.04.17 07:34:06.338,0.95639,0.95659,1.65,1.65
2013.04.17 07:34:06.635,0.95637,0.95658,1.88,1.95
2013.04.17 07:34:08.436,0.95637,0.95658,1.50,3.08
2013.04.17 07:34:09.334,0.95641,0.95659,1.50,1.13
2013.04.17 07:34:09.514,0.95642,0.95658,1.50,1.13
2013.04.17 07:34:10.099,0.95637,0.95657,1.50,1.65
2013.04.17 07:34:10.429,0.95637,0.95658,1.50,1.88
2013.04.17 07:34:10.544,0.95637,0.95657,1.50,1.65
2013.04.17 07:34:11.524,0.95633,0.95652,1.50,1.88
2013.04.17 07:34:12.389,0.95631,0.95651,2.33,1.13
2013.04.17 07:34:12.634,0.95633,0.95653,1.65,1.50
2013.04.17 07:34:12.875,0.95638,0.95657,1.50,1.13
2013.04.17 07:34:14.613,0.95642,0.9566,1.50,1.50
2013.04.17 07:34:14.734,0.95643,0.95664,1.50,1.13
2013.04.17 07:34:15.204,0.95644,0.95664,1.50,1.13
2013.04.17 07:34:17.376,0.95646,0.95666,1.50,1.28
2013.04.17 07:34:17.617,0.95647,0.95667,1.50,1.28
2013.04.17 07:34:18.894,0.95647,0.95667,1.50,2.78
2013.04.17 07:34:19.376,0.95642,0.95663,1.58,1.50
2013.04.17 07:34:19.494,0.95641,0.95663,2.40,1.58
2013.04.17 07:34:20.394,0.9564,0.95661,2.03,1.58
2013.04.17 07:34:20.515,0.95642,0.95663,1.50,1.50
2013.04.17 07:34:21.209,0.95642,0.95663,1.50,2.63
2013.04.17 07:34:21.394,0.95643,0.95666,2.25,1.65
2013.04.17 07:34:21.886,0.95643,0.95661,1.50,1.13
2013.04.17 07:34:22.004,0.95638,0.95651,1.50,1.50
2013.04.17 07:34:22.124,0.95632,0.95649,1.58,1.13
2013.04.17 07:34:22.423,0.95634,0.95651,1.50,1.28
2013.04.17 07:34:23.883,0.95632,0.95651,2.33,1.65
2013.04.17 07:34:24.364,0.9563,0.95651,1.65,1.28
2013.04.17 07:34:24.873,0.95632,0.95651,2.25,1.28
2013.04.17 07:34:25.884,0.9563,0.95651,1.65,1.28
2013.04.17 07:34:26.445,0.95634,0.95653,1.50,2.25
2013.04.17 07:34:26.725,0.95636,0.95656,1.50,1.88
2013.04.17 07:34:26.843,0.95638,0.95658,1.58,1.50
2013.04.17 07:34:27.145,0.95635,0.95651,1.58,1.13
2013.04.17 07:34:27.265,0.95629,0.95651,1.65,1.88
2013.04.17 07:34:27.326,0.95629,0.95651,1.65,1.13
2013.04.17 07:34:28.336,0.95632,0.95651,1.50,1.13
2013.04.17 07:34:28.394,0.95631,0.95649,2.25,1.65
2013.04.17 07:34:28.573,0.9563,0.95648,1.65,1.88
2013.04.17 07:34:29.594,0.95627,0.95646,1.13,1.88
2013.04.17 07:34:30.365,0.95627,0.95643,1.50,1.13
2013.04.17 07:34:30.544,0.95622,0.95643,2.33,1.88
2013.04.17 07:34:33.483,0.95622,0.95643,2.33,1.88
2013.04.17 07:34:33.603,0.95624,0.95644,1.13,1.50
2013.04.17 07:34:34.325,0.95627,0.95647,1.73,1.28
2013.04.17 07:34:34.683,0.95626,0.95643,1.50,1.50
2013.04.17 07:34:35.044,0.95625,0.95647,1.20,2.40
2013.04.17 07:34:35.725,0.95627,0.95647,1.50,2.40
2013.04.17 07:34:37.363,0.95627,0.95647,2.25,1.65
2013.04.17 07:34:37.424,0.95628,0.95649,1.58,1.13
2013.04.17 07:34:38.423,0.95627,0.95647,2.33,1.28
2013.04.17 07:34:38.484,0.95624,0.95644,2.33,1.13
2013.04.17 07:34:38.667,0.95621,0.95643,1.73,1.50
2013.04.17 07:34:39.194,0.95621,0.9564,1.65,1.50
2013.04.17 07:34:41.823,0.95621,0.95639,1.65,1.50
2013.04.17 07:34:42.126,0.95618,0.95636,1.58,1.13
2013.04.17 07:34:42.840,0.95615,0.95636,1.50,1.13
2013.04.17 07:34:44.094,0.95611,0.95633,2.40,1.58
2013.04.17 07:34:45.945,0.95611,0.95631,2.40,1.50
2013.04.17 07:34:46.275,0.95611,0.95631,2.40,1.50
2013.04.17 07:34:46.394,0.95611,0.95631,1.65,1.50
2013.04.17 07:34:46.453,0.95611,0.95632,1.65,1.13
2013.04.17 07:34:46.574,0.95614,0.95634,1.50,2.03
2013.04.17 07:34:46.633,0.95614,0.95633,1.50,1.88
2013.04.17 07:34:47.367,0.95612,0.95631,2.33,1.13
2013.04.17 07:34:49.204,0.95612,0.95631,1.50,1.50
2013.04.17 07:34:54.737,0.95609,0.95631,1.88,1.50
2013.04.17 07:34:56.133,0.95611,0.95631,1.65,1.50
2013.04.17 07:34:57.534,0.95609,0.95628,1.13,1.50
2013.04.17 07:34:58.515,0.95609,0.95628,1.13,1.50
2013.04.17 07:34:58.877,0.95603,0.95621,1.50,1.13
2013.04.17 07:34:58.935,0.95602,0.95621,1.50,1.13
2013.04.17 07:34:59.440,0.95602,0.95621,1.50,1.13
2013.04.17 07:35:00.105,0.95604,0.95624,1.50,2.25
2013.04.17 07:35:00.163,0.95604,0.95624,1.88,1.88
2013.04.17 07:35:00.625,0.95606,0.95629,4.35,1.13
2013.04.17 07:35:01.924,0.95611,0.95629,1.58,1.13
2013.04.17 07:35:02.283,0.95613,0.95635,2.25,1.50
2013.04.17 07:35:02.473,0.95613,0.95635,2.25,1.50
2013.04.17 07:35:03.855,0.95613,0.95635,2.25,1.50
2013.04.17 07:35:06.203,0.95614,0.95634,1.65,1.50
2013.04.17 07:35:06.623,0.95612,0.95631,1.58,1.13
2013.04.17 07:35:07.554,0.95609,0.95631,1.58,1.88
2013.04.17 07:35:08.674,0.95611,0.95631,1.50,1.88
2013.04.17 07:35:08.736,0.95611,0.95631,2.25,1.88
2013.04.17 07:35:09.389,0.95615,0.95636,1.50,1.13
2013.04.17 07:35:10.604,0.95614,0.95635,1.13,1.50
2013.04.17 07:35:12.989,0.95614,0.95635,1.13,1.50
2013.04.17 07:35:14.235,0.95614,0.95636,1.95,1.50
2013.04.17 07:35:18.544,0.95614,0.95633,1.88,1.50
2013.04.17 07:35:18.723,0.95612,0.95633,2.03,1.50
2013.04.17 07:35:20.434,0.95611,0.9563,2.40,1.50
2013.04.17 07:35:21.312,0.9561,0.9563,1.88,1.50
2013.04.17 07:35:25.905,0.95609,0.9563,1.13,1.50
2013.04.17 07:35:26.265,0.95609,0.95629,1.13,1.13
2013.04.17 07:35:26.384,0.95608,0.95624,1.50,1.13
2013.04.17 07:35:26.624,0.95606,0.95624,1.50,1.13
2013.04.17 07:35:27.204,0.95605,0.95624,1.50,1.13
2013.04.17 07:35:27.624,0.95606,0.95624,1.50,1.13
2013.04.17 07:35:32.914,0.95605,0.95624,1.50,1.13
2013.04.17 07:35:36.588,0.95607,0.95624,1.50,1.13
2013.04.17 07:35:39.854,0.95606,0.95624,2.25,1.13
2013.04.17 07:35:39.913,0.95607,0.95629,1.50,1.88
2013.04.17 07:35:39.974,0.95609,0.95629,1.65,1.65
2013.04.17 07:35:40.499,0.95611,0.9563,1.50,1.13
2013.04.17 07:35:40.554,0.9561,0.9563,1.58,1.13
2013.04.17 07:35:40.854,0.95607,0.95626,1.50,1.13
2013.04.17 07:35:43.817,0.95606,0.95626,1.58,1.13
2013.04.17 07:35:44.114,0.95602,0.9562,1.13,1.13
2013.04.17 07:35:44.424,0.95602,0.9562,1.50,1.13
2013.04.17 07:35:45.604,0.95602,0.9562,2.25,1.13
2013.04.17 07:35:45.663,0.95603,0.9562,1.58,1.13
2013.04.17 07:35:53.913,0.95603,0.95625,2.10,1.88
2013.04.17 07:35:53.995,0.95603,0.95625,2.10,1.88
2013.04.17 07:35:56.295,0.95606,0.95625,1.13,1.88
2013.04.17 07:35:56.414,0.95606,0.95625,1.95,1.13
2013.04.17 07:36:00.574,0.95602,0.95621,1.13,1.50
2013.04.17 07:36:00.657,0.95602,0.95621,1.13,1.50
2013.04.17 07:36:01.174,0.95598,0.95619,1.50,1.13
2013.04.17 07:36:04.357,0.95597,0.95618,2.03,1.65
2013.04.17 07:36:04.436,0.95601,0.95619,2.33,1.13
2013.04.17 07:36:10.245,0.95602,0.95619,1.95,1.13
2013.04.17 07:36:12.495,0.95604,0.95625,1.13,1.50
2013.04.17 07:36:12.556,0.95605,0.95628,1.50,2.33
2013.04.17 07:36:12.734,0.95607,0.95628,1.50,2.25
2013.04.17 07:36:13.112,0.95606,0.95628,1.50,2.25
2013.04.17 07:36:13.174,0.95606,0.95628,2.25,2.25
2013.04.17 07:36:13.595,0.95609,0.95629,1.65,2.25
2013.04.17 07:36:14.104,0.95612,0.95632,1.88,1.13
2013.04.17 07:36:14.649,0.95612,0.95634,3.00,1.50
2013.04.17 07:36:20.635,0.9561,0.9563,1.95,1.13
2013.04.17 07:36:20.755,0.95617,0.9563,2.33,1.13
2013.04.17 07:36:21.151,0.95619,0.9563,2.33,1.13
2013.04.17 07:36:21.334,0.95613,0.9563,1.88,1.13
2013.04.17 07:36:21.655,0.95616,0.9563,1.58,1.13
2013.04.17 07:36:22.014,0.95618,0.95633,1.58,1.13
2013.04.17 07:36:22.194,0.9562,0.95635,1.58,1.13
2013.04.17 07:36:22.814,0.95615,0.95634,1.88,1.65
2013.04.17 07:36:24.384,0.95617,0.95634,1.13,1.50
2013.04.17 07:36:24.444,0.95617,0.95635,1.50,1.13
2013.04.17 07:36:24.684,0.95617,0.95638,1.50,1.50
2013.04.17 07:36:24.744,0.95617,0.95638,1.13,1.88
2013.04.17 07:36:24.923,0.95617,0.95638,1.88,1.88
2013.04.17 07:36:25.104,0.95617,0.95637,1.13,1.13
2013.04.17 07:36:25.224,0.95617,0.95638,1.50,1.50
2013.04.17 07:36:25.927,0.95615,0.95637,1.28,1.95
2013.04.17 07:36:25.984,0.95615,0.95635,1.28,1.65
2013.04.17 07:36:26.045,0.95614,0.95635,2.25,1.65
2013.04.17 07:36:28.264,0.95614,0.95631,1.13,1.50
2013.04.17 07:36:30.516,0.95615,0.95634,1.65,1.50
2013.04.17 07:36:31.324,0.95616,0.95635,1.28,1.65
2013.04.17 07:36:31.444,0.95616,0.95637,1.28,1.20
2013.04.17 07:36:35.350,0.95617,0.95637,2.70,1.13
2013.04.17 07:36:35.654,0.95614,0.95635,1.95,1.65
2013.04.17 07:36:39.164,0.95614,0.95634,1.13,2.63
2013.04.17 07:36:39.404,0.95614,0.95635,1.95,1.65
2013.04.17 07:36:39.714,0.95616,0.95635,1.65,1.65
2013.04.17 07:36:40.266,0.95616,0.95637,1.65,1.13
2013.04.17 07:36:40.445,0.95614,0.95634,1.13,3.45
2013.04.17 07:36:40.748,0.9561,0.95629,1.50,1.50
2013.04.17 07:36:41.108,0.95605,0.95623,1.50,1.50
2013.04.17 07:36:41.594,0.95601,0.95623,2.03,1.88
2013.04.17 07:36:41.654,0.95603,0.95623,1.50,1.13
2013.04.17 07:36:41.996,0.95606,0.95623,1.58,1.13
2013.04.17 07:36:42.494,0.95607,0.95623,1.50,1.13
2013.04.17 07:36:42.614,0.95607,0.95627,1.95,1.13
2013.04.17 07:36:52.834,0.95608,0.95629,2.03,1.65
2013.04.17 07:36:53.357,0.9561,0.9563,1.50,1.13
2013.04.17 07:36:54.856,0.95607,0.95629,2.63,1.65
2013.04.17 07:36:54.939,0.95608,0.95629,1.65,1.65
2013.04.17 07:36:56.254,0.95611,0.95629,1.13,1.50
2013.04.17 07:36:56.555,0.95615,0.95635,1.50,1.65
2013.04.17 07:36:59.653,0.95613,0.95635,1.73,1.65
2013.04.17 07:37:02.365,0.95615,0.95635,1.50,2.03
2013.04.17 07:37:04.926,0.95616,0.95635,1.13,1.50
2013.04.17 07:37:05.007,0.95622,0.95643,1.65,2.78
2013.04.17 07:37:08.415,0.95622,0.95643,1.65,2.40
2013.04.17 07:37:18.724,0.95621,0.9564,1.88,1.50
2013.04.17 07:37:19.084,0.9562,0.95638,1.50,1.13
2013.04.17 07:37:25.255,0.95616,0.95637,2.33,1.88
2013.04.17 07:37:26.034,0.95614,0.95635,1.88,2.40
2013.04.17 07:37:26.094,0.95614,0.95634,1.88,1.13
2013.04.17 07:37:29.996,0.95608,0.95629,1.50,1.65
2013.04.17 07:37:30.819,0.95608,0.9563,1.50,2.40
2013.04.17 07:37:31.274,0.95609,0.95629,1.50,1.65
2013.04.17 07:37:31.754,0.95607,0.95628,1.50,1.50
2013.04.17 07:37:31.875,0.95608,0.95629,2.25,1.50
2013.04.17 07:37:32.594,0.95611,0.9563,2.33,1.13
2013.04.17 07:37:33.494,0.95611,0.95634,2.48,1.13
2013.04.17 07:37:34.580,0.95613,0.95634,2.63,1.13
2013.04.17 07:37:34.704,0.95617,0.95637,1.65,1.13
2013.04.17 07:37:34.824,0.9562,0.9564,1.50,2.78
2013.04.17 07:37:35.325,0.95617,0.95634,1.50,1.13
2013.04.17 07:37:37.924,0.95614,0.95634,1.58,1.13
2013.04.17 07:37:39.005,0.95616,0.95634,1.50,1.13
2013.04.17 07:37:41.994,0.95616,0.95636,1.88,1.88
2013.04.17 07:37:42.114,0.95616,0.95634,1.50,1.13
2013.04.17 07:37:42.680,0.95613,0.95634,2.25,3.00
2013.04.17 07:37:43.096,0.95613,0.95632,1.50,1.50
2013.04.17 07:37:43.816,0.95613,0.95634,2.25,3.00
2013.04.17 07:37:43.994,0.95615,0.95634,1.50,1.50
2013.04.17 07:37:44.542,0.95616,0.95636,1.58,2.03
2013.04.17 07:37:45.124,0.95618,0.95638,1.58,1.50
2013.04.17 07:37:46.224,0.95622,0.95638,1.50,1.13
2013.04.17 07:37:46.540,0.95624,0.95644,1.50,1.65
2013.04.17 07:37:47.454,0.95624,0.95644,1.88,1.50
2013.04.17 07:37:47.754,0.95623,0.95643,2.33,1.13
2013.04.17 07:37:48.304,0.95623,0.95643,2.33,1.13
2013.04.17 07:37:49.951,0.95625,0.95644,1.50,1.88
2013.04.17 07:37:50.374,0.95626,0.95644,1.58,1.13
2013.04.17 07:37:51.585,0.95625,0.95643,1.58,1.13
2013.04.17 07:37:51.945,0.95623,0.95643,2.25,1.13
2013.04.17 07:37:52.536,0.95621,0.95643,1.50,1.88
2013.04.17 07:37:53.264,0.9562,0.95642,1.65,1.28
2013.04.17 07:37:53.813,0.9562,0.95639,1.65,1.50
2013.04.17 07:37:55.001,0.9562,0.95639,1.65,1.50
2013.04.17 07:37:55.570,0.95622,0.95643,1.50,1.88
2013.04.17 07:37:57.335,0.95623,0.95643,1.50,1.88
2013.04.17 07:37:57.393,0.95624,0.95643,1.58,1.13
2013.04.17 07:38:02.355,0.95622,0.95643,2.25,1.13
2013.04.17 07:38:05.124,0.95621,0.95641,2.25,1.13
2013.04.17 07:38:05.424,0.95618,0.95641,1.58,1.88
2013.04.17 07:38:09.469,0.9562,0.95641,1.50,2.25
2013.04.17 07:38:11.004,0.95616,0.95638,1.73,1.50
2013.04.17 07:38:11.710,0.95615,0.95638,1.88,1.50
2013.04.17 07:38:18.064,0.95616,0.95638,1.13,1.65
2013.04.17 07:38:19.913,0.95615,0.95636,1.50,1.28
2013.04.17 07:38:20.384,0.95612,0.95634,1.88,1.50
2013.04.17 07:38:22.904,0.95614,0.95636,1.50,2.03
2013.04.17 07:38:25.514,0.95616,0.95636,1.50,2.03
2013.04.17 07:38:26.179,0.95618,0.95638,1.50,1.88
2013.04.17 07:38:28.074,0.95619,0.95638,1.88,1.88
2013.04.17 07:38:28.135,0.9562,0.95638,1.13,1.88
2013.04.17 07:38:28.196,0.9562,0.95642,2.25,1.50
2013.04.17 07:38:28.634,0.95621,0.95643,1.73,1.13
2013.04.17 07:38:28.694,0.95624,0.95644,1.50,1.50
2013.04.17 07:38:28.874,0.95625,0.95646,1.58,1.65
2013.04.17 07:38:30.224,0.95624,0.95645,1.13,1.65
2013.04.17 07:38:33.974,0.95631,0.95646,1.13,1.50
2013.04.17 07:38:34.095,0.95629,0.95645,1.28,1.50
2013.04.17 07:38:34.600,0.95629,0.95649,1.28,1.65
2013.04.17 07:38:34.784,0.95629,0.95649,1.28,1.65
2013.04.17 07:38:35.143,0.95635,0.95655,2.25,1.50
2013.04.17 07:38:35.445,0.9564,0.95655,1.13,1.50
2013.04.17 07:38:35.504,0.95642,0.95657,1.13,1.50
2013.04.17 07:38:36.199,0.95646,0.95668,2.25,1.50
2013.04.17 07:38:36.277,0.95645,0.95664,1.50,1.50
2013.04.17 07:38:36.404,0.95641,0.95661,2.63,1.50
2013.04.17 07:38:36.584,0.95641,0.95663,2.63,1.58
2013.04.17 07:38:37.026,0.95641,0.95664,2.63,2.33
2013.04.17 07:38:38.348,0.95641,0.95661,2.63,1.50
2013.04.17 07:38:40.105,0.95641,0.95658,1.13,1.50
2013.04.17 07:38:40.464,0.95642,0.95658,1.65,1.50
2013.04.17 07:38:40.996,0.9564,0.9566,1.50,1.13
2013.04.17 07:38:43.535,0.95638,0.9566,2.48,1.50
2013.04.17 07:38:43.594,0.95637,0.95657,1.88,1.50
2013.04.17 07:38:43.954,0.95636,0.95655,1.50,1.13
2013.04.17 07:38:44.742,0.95634,0.95654,1.50,1.65
2013.04.17 07:38:45.824,0.95636,0.95655,1.50,1.13
2013.04.17 07:38:46.064,0.95631,0.95651,1.13,1.50
2013.04.17 07:38:46.604,0.95632,0.95648,1.50,1.50
2013.04.17 07:38:47.144,0.95629,0.95651,1.95,1.50
2013.04.17 07:38:48.824,0.95629,0.95648,1.13,1.50
2013.04.17 07:38:50.914,0.95629,0.95648,1.13,1.50
2013.04.17 07:38:56.825,0.95629,0.95648,1.88,1.50
2013.04.17 07:38:57.124,0.95633,0.95654,1.50,2.85
2013.04.17 07:38:59.114,0.9563,0.95652,1.50,2.33
2013.04.17 07:38:59.175,0.95627,0.95648,1.73,1.50
2013.04.17 07:38:59.294,0.95626,0.95646,1.50,1.50
2013.04.17 07:39:13.435,0.95624,0.95646,1.13,1.50
2013.04.17 07:39:18.914,0.95621,0.95642,2.25,1.50
2013.04.17 07:39:20.566,0.95622,0.95645,1.50,1.50
2013.04.17 07:39:31.775,0.95623,0.95645,2.63,1.50
2013.04.17 07:39:31.834,0.95624,0.95647,1.95,1.50
2013.04.17 07:39:32.135,0.95626,0.95647,1.50,1.50
2013.04.17 07:39:33.671,0.95624,0.95647,1.95,1.50
2013.04.17 07:39:34.335,0.95626,0.95647,1.50,1.50
2013.04.17 07:39:42.094,0.95623,0.95642,1.50,1.50
2013.04.17 07:39:43.964,0.95623,0.95644,1.58,1.13
2013.04.17 07:39:44.143,0.95622,0.9564,1.50,1.50
2013.04.17 07:39:45.077,0.95623,0.95644,2.25,1.50
2013.04.17 07:39:45.374,0.95627,0.95644,1.13,1.50
2013.04.17 07:39:45.674,0.95636,0.95654,1.50,1.28
2013.04.17 07:39:51.024,0.95637,0.95656,1.88,1.50
2013.04.17 07:39:51.333,0.95642,0.95658,1.13,1.58
2013.04.17 07:39:51.394,0.95642,0.95663,1.88,1.50
2013.04.17 07:39:51.454,0.95644,0.95666,1.58,2.25
2013.04.17 07:39:52.553,0.95646,0.95666,1.50,2.25
2013.04.17 07:39:53.186,0.95644,0.95666,1.58,2.25
2013.04.17 07:39:53.426,0.95641,0.95664,1.50,1.50
2013.04.17 07:39:53.985,0.95641,0.95664,1.50,1.50
2013.04.17 07:39:54.106,0.95642,0.95664,1.50,1.50
2013.04.17 07:39:54.465,0.95642,0.95664,1.50,1.50
2013.04.17 07:39:54.944,0.95639,0.9566,1.20,1.50
2013.04.17 07:39:55.303,0.95641,0.9566,1.50,1.50
2013.04.17 07:39:55.814,0.95641,0.95664,1.50,1.50
2013.04.17 07:39:56.444,0.95642,0.95664,1.50,1.50
2013.04.17 07:39:59.707,0.95641,0.95664,1.88,1.88
2013.04.17 07:40:00.594,0.95642,0.95664,1.50,1.50
2013.04.17 07:40:03.065,0.95642,0.95664,1.50,1.50
2013.04.17 07:40:03.404,0.95642,0.95663,1.50,1.13
2013.04.17 07:40:03.959,0.95639,0.95661,2.25,1.13
2013.04.17 07:40:05.004,0.95641,0.95663,1.50,1.88
2013.04.17 07:40:08.875,0.95641,0.95661,1.50,1.13
2013.04.17 07:40:09.234,0.95643,0.95663,2.33,1.28
2013.04.17 07:40:09.475,0.95646,0.95668,2.25,1.28
2013.04.17 07:40:10.231,0.95649,0.95669,1.50,1.65
2013.04.17 07:40:20.454,0.9565,0.9567,1.50,1.28
2013.04.17 07:40:21.095,0.95649,0.9567,1.50,1.13
2013.04.17 07:40:21.936,0.95649,0.9567,1.50,1.13
2013.04.17 07:40:22.054,0.95648,0.9567,1.50,1.13
2013.04.17 07:40:22.115,0.95648,0.95666,1.50,1.13
2013.04.17 07:40:22.295,0.95645,0.95664,1.50,1.50
2013.04.17 07:40:22.724,0.95647,0.95668,2.40,1.50
2013.04.17 07:40:22.784,0.95649,0.95671,1.58,1.50
2013.04.17 07:40:23.133,0.95651,0.95671,1.50,1.50
2013.04.17 07:40:23.194,0.95651,0.95672,2.25,1.13
2013.04.17 07:40:24.005,0.95651,0.95672,2.25,1.13
2013.04.17 07:40:25.474,0.95655,0.95672,1.50,1.13
2013.04.17 07:40:26.515,0.9565,0.9567,1.50,1.58
2013.04.17 07:40:26.575,0.9565,0.95669,1.50,1.50
2013.04.17 07:40:29.425,0.9565,0.95671,2.25,1.13
2013.04.17 07:40:31.271,0.9565,0.95671,1.50,1.13
2013.04.17 07:40:31.435,0.9565,0.95671,1.50,1.13
2013.04.17 07:40:32.666,0.9565,0.95672,2.25,1.50
2013.04.17 07:40:32.784,0.95651,0.95672,1.50,1.50
2013.04.17 07:40:32.964,0.9565,0.95672,1.50,1.50
2013.04.17 07:40:33.694,0.95649,0.95672,1.50,1.88
2013.04.17 07:40:34.794,0.9565,0.95672,2.25,1.88
2013.04.17 07:40:34.854,0.9565,0.95672,1.50,1.88
2013.04.17 07:40:35.034,0.9565,0.95672,1.50,1.50
2013.04.17 07:40:36.158,0.9565,0.95672,1.50,1.50
2013.04.17 07:40:37.945,0.95648,0.95667,1.58,1.13
2013.04.17 07:40:38.065,0.95646,0.95664,1.65,1.50
2013.04.17 07:40:38.915,0.95644,0.95664,1.88,1.50
2013.04.17 07:40:45.506,0.95642,0.95661,1.88,1.50
2013.04.17 07:40:45.804,0.95641,0.95661,2.25,1.50
2013.04.17 07:40:46.354,0.9564,0.95659,1.65,1.50
2013.04.17 07:40:54.266,0.95641,0.9566,1.50,1.50
2013.04.17 07:40:55.735,0.95641,0.9566,1.50,1.50
2013.04.17 07:40:55.919,0.95643,0.95664,2.25,1.50
2013.04.17 07:40:56.474,0.95645,0.95667,1.50,1.65
2013.04.17 07:40:57.145,0.95646,0.95667,1.88,1.50
2013.04.17 07:40:58.217,0.95642,0.9566,2.48,1.50
2013.04.17 07:40:58.706,0.95644,0.95662,1.65,1.58
2013.04.17 07:40:59.427,0.95642,0.9566,1.13,1.50
2013.04.17 07:41:00.644,0.95642,0.95659,1.13,1.50
2013.04.17 07:41:06.124,0.95642,0.95658,1.13,1.50
2013.04.17 07:41:06.487,0.95638,0.95658,1.50,1.50
2013.04.17 07:41:06.944,0.95634,0.95656,1.28,1.50
2013.04.17 07:41:07.535,0.95632,0.95656,3.45,1.65
2013.04.17 07:41:07.654,0.95632,0.95653,1.88,2.33
2013.04.17 07:41:10.455,0.95632,0.95655,2.78,1.50
2013.04.17 07:41:10.815,0.95636,0.95659,2.63,2.33
2013.04.17 07:41:11.316,0.95636,0.95659,2.25,2.70
2013.04.17 07:41:11.376,0.95636,0.95656,1.50,1.88
2013.04.17 07:41:11.435,0.95632,0.95652,1.88,1.50
2013.04.17 07:41:11.984,0.95632,0.9565,1.13,1.50
2013.04.17 07:41:13.083,0.9563,0.9565,2.63,1.50
2013.04.17 07:41:13.635,0.9563,0.95649,1.13,2.25
2013.04.17 07:41:15.115,0.95631,0.95649,1.13,1.50
2013.04.17 07:41:15.932,0.9563,0.95651,1.13,1.50
2013.04.17 07:41:16.054,0.9563,0.95651,1.88,1.50
2013.04.17 07:41:16.325,0.95629,0.95649,1.50,1.58
2013.04.17 07:41:16.814,0.9563,0.95649,1.50,1.50
2013.04.17 07:41:17.856,0.95629,0.95649,1.50,1.50
2013.04.17 07:41:19.384,0.9563,0.95649,1.50,1.50
2013.04.17 07:41:19.684,0.9563,0.95648,1.50,1.58
2013.04.17 07:41:20.034,0.95626,0.95646,1.50,1.50
2013.04.17 07:41:20.594,0.95625,0.95644,1.13,1.50
2013.04.17 07:41:22.055,0.95626,0.95644,1.50,1.50
2013.04.17 07:41:22.414,0.95631,0.95648,1.50,2.25
2013.04.17 07:41:24.406,0.9563,0.9565,1.50,1.58
2013.04.17 07:41:25.182,0.95633,0.95651,1.50,1.50
2013.04.17 07:41:25.491,0.95631,0.95651,2.25,1.50
2013.04.17 07:41:27.754,0.95634,0.95651,1.13,1.50
2013.04.17 07:41:27.996,0.9565,0.95669,2.25,1.50
2013.04.17 07:41:28.054,0.95647,0.95666,1.50,1.50
2013.04.17 07:41:29.075,0.95647,0.95667,1.50,1.50
2013.04.17 07:41:29.746,0.95647,0.95666,1.50,1.50
2013.04.17 07:41:30.604,0.95646,0.95666,1.50,1.50
2013.04.17 07:41:31.575,0.95645,0.95666,1.13,1.50
2013.04.17 07:41:32.156,0.95647,0.95666,1.50,1.50
2013.04.17 07:41:32.834,0.95647,0.95668,2.63,1.50
2013.04.17 07:41:32.954,0.9565,0.9567,1.50,1.50
2013.04.17 07:41:33.245,0.95652,0.95673,1.50,2.25
2013.04.17 07:41:34.936,0.95651,0.95673,1.13,1.50
2013.04.17 07:41:36.594,0.9565,0.9567,1.13,1.50
2013.04.17 07:41:37.131,0.95651,0.9567,1.13,1.50
2013.04.17 07:41:37.443,0.95653,0.95675,2.03,1.50
2013.04.17 07:41:41.215,0.95652,0.95675,2.63,1.50
2013.04.17 07:41:41.756,0.95651,0.95671,1.88,1.50
2013.04.17 07:41:43.084,0.95651,0.95669,1.13,1.50
2013.04.17 07:41:44.744,0.95649,0.95669,1.50,1.50
2013.04.17 07:41:44.865,0.95647,0.95666,1.28,1.50
2013.04.17 07:41:45.435,0.95646,0.95664,2.03,1.50
2013.04.17 07:41:52.396,0.95649,0.95667,1.13,1.50
2013.04.17 07:41:52.455,0.95649,0.95668,1.13,1.50
2013.04.17 07:41:52.515,0.95649,0.95669,1.88,1.50
2013.04.17 07:41:53.034,0.9565,0.95671,1.50,1.58
2013.04.17 07:41:58.034,0.95651,0.95672,1.50,1.50
2013.04.17 07:41:58.791,0.95651,0.95673,1.50,1.50
2013.04.17 07:42:00.494,0.95652,0.95672,1.13,1.50
2013.04.17 07:42:00.854,0.95659,0.95679,1.58,1.28
2013.04.17 07:42:02.436,0.95655,0.95674,2.33,1.50
2013.04.17 07:42:02.554,0.95653,0.95674,1.13,1.50
2013.04.17 07:42:05.510,0.95652,0.95674,1.58,1.50
2013.04.17 07:42:05.635,0.95652,0.95673,1.50,2.33
2013.04.17 07:42:07.916,0.95651,0.95671,1.13,1.50
2013.04.17 07:42:12.514,0.95646,0.95669,3.08,1.13
2013.04.17 07:42:12.755,0.95645,0.95666,1.20,1.50
2013.04.17 07:42:13.736,0.95647,0.95666,1.50,1.50
2013.04.17 07:42:19.774,0.95647,0.95669,1.50,2.33
2013.04.17 07:42:19.894,0.95646,0.95666,1.50,1.50
2013.04.17 07:42:19.955,0.95646,0.95666,1.88,1.50
2013.04.17 07:42:20.076,0.95651,0.9567,1.13,1.50
2013.04.17 07:42:20.255,0.95652,0.95674,2.70,2.25
2013.04.17 07:42:21.116,0.95652,0.95674,1.95,1.50
2013.04.17 07:42:22.134,0.95654,0.95674,1.50,1.88
2013.04.17 07:42:22.446,0.95656,0.95677,1.58,1.50
2013.04.17 07:42:23.766,0.95655,0.95677,1.58,1.50
2013.04.17 07:42:24.025,0.95654,0.95675,1.65,1.50
2013.04.17 07:42:24.677,0.95653,0.95675,2.03,1.50
2013.04.17 07:42:32.723,0.95653,0.95675,1.88,1.50
2013.04.17 07:42:33.163,0.95653,0.95674,1.88,1.50
2013.04.17 07:42:34.594,0.95654,0.95677,1.95,1.65
2013.04.17 07:42:36.195,0.95656,0.95677,1.50,1.65
2013.04.17 07:42:37.454,0.95654,0.95676,1.58,1.13
2013.04.17 07:42:37.785,0.95654,0.95675,1.50,2.25
2013.04.17 07:42:40.834,0.95655,0.95675,1.28,2.25
2013.04.17 07:42:41.375,0.95659,0.95683,2.33,2.48
2013.04.17 07:42:41.585,0.95661,0.95683,1.50,1.50
2013.04.17 07:42:42.895,0.95666,0.95683,2.33,1.50
2013.04.17 07:42:43.872,0.9567,0.95688,1.50,1.28
2013.04.17 07:42:44.174,0.95671,0.95687,1.58,1.28
2013.04.17 07:42:44.984,0.95662,0.95685,2.70,1.50
2013.04.17 07:42:45.116,0.95662,0.95685,2.70,1.50
2013.04.17 07:42:45.295,0.95661,0.95682,1.50,1.50
2013.04.17 07:42:46.347,0.95661,0.95682,1.50,1.50
2013.04.17 07:42:46.525,0.95664,0.95684,1.50,1.50
2013.04.17 07:42:47.688,0.95667,0.95687,1.50,1.13
2013.04.17 07:42:49.565,0.95666,0.95688,1.50,1.50
2013.04.17 07:42:49.805,0.95663,0.95685,2.03,1.50
2013.04.17 07:42:50.284,0.95663,0.95685,1.50,1.88
2013.04.17 07:42:50.645,0.95664,0.95685,1.50,1.50
2013.04.17 07:42:50.765,0.95663,0.95685,1.50,1.88
2013.04.17 07:42:51.422,0.95661,0.95683,2.25,1.50
2013.04.17 07:42:52.195,0.95659,0.9568,1.88,1.50
2013.04.17 07:42:54.180,0.95659,0.9568,1.88,1.50
2013.04.17 07:42:54.306,0.95659,0.95677,1.13,1.50
2013.04.17 07:42:54.935,0.95657,0.95677,1.65,1.50
2013.04.17 07:42:55.526,0.9566,0.95678,1.50,1.50
2013.04.17 07:42:56.106,0.9566,0.95679,1.50,1.13
2013.04.17 07:43:09.553,0.95662,0.9568,1.50,1.50
2013.04.17 07:43:09.674,0.95662,0.95678,1.50,1.50
2013.04.17 07:43:09.915,0.95657,0.95677,2.03,1.50
2013.04.17 07:43:10.155,0.95653,0.95674,2.48,1.50
2013.04.17 07:43:10.215,0.95653,0.95674,2.48,1.50
2013.04.17 07:43:10.396,0.95657,0.95674,1.13,1.50
2013.04.17 07:43:10.757,0.95658,0.95679,1.65,1.50
2013.04.17 07:43:10.876,0.95662,0.95679,1.50,1.50
2013.04.17 07:43:11.215,0.95658,0.95679,1.65,1.50
2013.04.17 07:43:11.380,0.95658,0.95679,1.65,1.50
2013.04.17 07:43:12.604,0.95661,0.95679,1.50,1.50
2013.04.17 07:43:12.725,0.95661,0.95682,1.50,1.50
2013.04.17 07:43:13.204,0.95657,0.9568,1.50,1.88
2013.04.17 07:43:13.719,0.95657,0.95676,1.50,1.50
2013.04.17 07:43:15.785,0.95657,0.95676,1.50,2.25
2013.04.17 07:43:17.815,0.95658,0.95677,1.28,1.50
2013.04.17 07:43:17.875,0.95662,0.95678,1.50,1.50
2013.04.17 07:43:18.384,0.95662,0.95681,1.50,1.50
2013.04.17 07:43:19.577,0.95662,0.95678,1.50,1.50
2013.04.17 07:43:19.646,0.95658,0.95677,2.03,1.50
2013.04.17 07:43:19.705,0.95662,0.95678,1.50,1.50
2013.04.17 07:43:19.824,0.95662,0.95678,1.50,1.50
2013.04.17 07:43:19.945,0.9566,0.95681,1.50,1.50
2013.04.17 07:43:20.246,0.95658,0.95678,1.28,1.50
2013.04.17 07:43:20.305,0.9566,0.9568,2.25,1.50
2013.04.17 07:43:20.426,0.95661,0.9568,1.50,1.50
2013.04.17 07:43:20.665,0.95661,0.95683,2.25,1.50
2013.04.17 07:43:20.845,0.95662,0.95683,1.50,1.50
2013.04.17 07:43:21.204,0.95661,0.95683,2.25,1.50
2013.04.17 07:43:21.444,0.95664,0.95684,1.50,1.50
2013.04.17 07:43:24.695,0.95664,0.95685,2.03,1.58
2013.04.17 07:43:24.815,0.95667,0.95688,1.50,1.58
2013.04.17 07:43:24.875,0.95667,0.95689,2.25,1.50
2013.04.17 07:43:24.995,0.95667,0.95688,2.63,1.50
2013.04.17 07:43:25.324,0.95667,0.95686,2.63,1.50
2013.04.17 07:43:25.531,0.95667,0.95686,2.63,1.50
2013.04.17 07:43:26.145,0.95664,0.95686,2.10,1.50
2013.04.17 07:43:26.324,0.95664,0.95682,1.13,1.50
2013.04.17 07:43:26.486,0.9566,0.95682,2.63,1.50
2013.04.17 07:43:26.856,0.9566,0.95683,2.63,2.25
2013.04.17 07:43:27.396,0.95662,0.95684,1.58,1.28
2013.04.17 07:43:27.866,0.95662,0.95685,1.58,2.03
2013.04.17 07:43:27.940,0.95662,0.9568,1.50,1.50
2013.04.17 07:43:29.442,0.95662,0.9568,3.83,1.50
2013.04.17 07:43:29.815,0.95664,0.95682,2.33,1.13
2013.04.17 07:43:29.874,0.95663,0.95682,1.58,1.13
2013.04.17 07:43:30.114,0.95666,0.95682,1.50,1.13
2013.04.17 07:43:30.857,0.95666,0.95681,1.50,1.13
2013.04.17 07:43:31.140,0.95666,0.95683,1.50,1.13
2013.04.17 07:43:31.555,0.95661,0.95682,1.50,1.50
2013.04.17 07:43:32.106,0.95659,0.95679,1.50,1.50
2013.04.17 07:43:32.164,0.95657,0.95679,1.50,2.33
2013.04.17 07:43:32.644,0.9566,0.95679,1.50,1.50
2013.04.17 07:43:32.944,0.9566,0.95679,1.50,1.50
2013.04.17 07:43:34.045,0.95662,0.95683,1.50,1.50
2013.04.17 07:43:34.225,0.95663,0.95684,1.50,1.28
2013.04.17 07:43:34.657,0.95662,0.95682,1.50,1.88
2013.04.17 07:43:35.014,0.95662,0.9568,1.50,1.50
2013.04.17 07:43:35.375,0.95666,0.95684,1.50,1.50
2013.04.17 07:43:35.556,0.95665,0.95684,1.50,1.50
2013.04.17 07:43:36.934,0.95662,0.95683,1.50,1.50
2013.04.17 07:43:37.375,0.95661,0.95683,1.50,1.88
2013.04.17 07:43:38.180,0.95659,0.95679,1.65,1.50
2013.04.17 07:43:42.185,0.95661,0.95678,1.50,1.58
2013.04.17 07:43:43.294,0.95662,0.95678,1.13,1.58
2013.04.17 07:43:44.705,0.95661,0.95676,1.13,1.50
2013.04.17 07:43:47.095,0.95661,0.95679,1.88,1.50
2013.04.17 07:43:47.475,0.95661,0.95679,1.13,1.50
2013.04.17 07:43:50.155,0.95659,0.95679,1.88,1.50
2013.04.17 07:43:50.904,0.95661,0.9568,2.40,1.13
2013.04.17 07:43:50.965,0.95661,0.9568,2.40,1.13
2013.04.17 07:43:51.514,0.95663,0.95682,1.13,1.13
2013.04.17 07:43:51.695,0.95666,0.95686,1.50,1.50
2013.04.17 07:43:51.875,0.95667,0.95686,1.73,1.50
2013.04.17 07:43:52.558,0.95673,0.95693,1.20,1.13
2013.04.17 07:43:52.874,0.95671,0.9569,1.13,1.13
2013.04.17 07:43:52.935,0.95671,0.95689,1.50,1.28
2013.04.17 07:43:53.411,0.95667,0.95687,1.50,1.13
2013.04.17 07:43:55.005,0.95662,0.95682,1.58,1.50
2013.04.17 07:43:55.386,0.95662,0.95682,1.58,1.88
2013.04.17 07:43:55.734,0.95659,0.95682,1.50,1.88
2013.04.17 07:44:00.555,0.9566,0.95682,2.33,1.13
2013.04.17 07:44:00.615,0.95663,0.95682,1.50,1.13
2013.04.17 07:44:00.675,0.95664,0.95684,1.58,1.28
2013.04.17 07:44:02.135,0.95663,0.95684,1.58,1.28
2013.04.17 07:44:04.895,0.95662,0.95681,1.58,1.13
2013.04.17 07:44:05.175,0.95662,0.95681,2.33,1.13
2013.04.17 07:44:05.655,0.95664,0.95683,1.58,1.13
2013.04.17 07:44:10.875,0.95661,0.9568,1.50,1.13
2013.04.17 07:44:11.935,0.95661,0.95684,1.50,2.25
2013.04.17 07:44:13.048,0.95661,0.9568,1.50,1.13
2013.04.17 07:44:14.344,0.95659,0.9568,1.58,1.50
2013.04.17 07:44:17.814,0.95658,0.95679,2.40,1.28
2013.04.17 07:44:19.255,0.95658,0.9568,2.40,1.13
2013.04.17 07:44:19.435,0.95654,0.95674,1.58,1.13
2013.04.17 07:44:19.614,0.95653,0.95674,1.65,1.13
2013.04.17 07:44:19.674,0.95654,0.95674,1.58,1.13
2013.04.17 07:44:20.034,0.95656,0.95677,1.13,2.03
2013.04.17 07:44:21.967,0.95657,0.95677,1.73,1.65
2013.04.17 07:44:22.084,0.95659,0.95678,1.58,1.28
2013.04.17 07:44:22.405,0.95661,0.95679,1.50,1.50
2013.04.17 07:44:23.204,0.95661,0.95679,1.58,1.50
2013.04.17 07:44:23.806,0.95662,0.95684,1.73,1.28
2013.04.17 07:44:26.095,0.95664,0.95685,1.58,1.13
2013.04.17 07:44:27.566,0.95662,0.95684,1.73,1.65
2013.04.17 07:44:29.047,0.95661,0.95683,2.63,1.65
2013.04.17 07:44:29.375,0.95661,0.95683,1.13,1.65
2013.04.17 07:44:30.984,0.95657,0.95677,2.33,1.13
2013.04.17 07:44:34.095,0.95656,0.95676,1.65,1.65
2013.04.17 07:44:34.485,0.95655,0.95676,1.28,1.65
2013.04.17 07:44:35.424,0.95656,0.95676,1.65,1.65
2013.04.17 07:44:35.840,0.95654,0.95676,1.20,1.65
2013.04.17 07:44:36.535,0.95651,0.95673,2.25,1.50
2013.04.17 07:44:37.087,0.9565,0.9567,1.65,1.50
2013.04.17 07:44:37.456,0.95648,0.9567,1.20,1.50
2013.04.17 07:44:37.890,0.95648,0.9567,1.20,1.50
2013.04.17 07:44:38.085,0.95647,0.95666,1.95,1.65
2013.04.17 07:44:38.145,0.95646,0.95666,1.50,2.78
2013.04.17 07:44:38.874,0.95643,0.95665,1.20,1.65
2013.04.17 07:44:40.464,0.95646,0.95665,1.50,1.28
2013.04.17 07:44:41.615,0.95644,0.95665,1.73,1.28
2013.04.17 07:44:43.506,0.95646,0.95666,1.50,1.65
2013.04.17 07:44:43.674,0.95644,0.95666,1.73,2.03
2013.04.17 07:44:43.795,0.95644,0.95663,2.40,1.50
2013.04.17 07:44:43.915,0.95643,0.95663,1.13,1.50
2013.04.17 07:44:44.405,0.95644,0.95663,1.65,1.50
2013.04.17 07:44:46.926,0.95642,0.95659,1.50,1.88
2013.04.17 07:44:47.386,0.9564,0.95658,1.50,1.65
2013.04.17 07:44:55.804,0.9564,0.9566,1.65,1.50
2013.04.17 07:44:56.285,0.95641,0.95662,1.65,1.35
2013.04.17 07:44:56.466,0.95646,0.95666,1.50,1.50
2013.04.17 07:44:57.271,0.95645,0.95666,1.65,1.50
2013.04.17 07:44:57.625,0.95639,0.95658,1.65,1.50
2013.04.17 07:45:00.704,0.95634,0.95655,1.50,1.13
2013.04.17 07:45:01.496,0.95636,0.95656,1.50,1.28
2013.04.17 07:45:01.796,0.95635,0.95658,1.50,3.00
2013.04.17 07:45:02.219,0.95633,0.95655,1.13,1.50
2013.04.17 07:45:02.848,0.95631,0.95655,2.48,1.88
2013.04.17 07:45:04.040,0.95633,0.95655,1.50,1.50
2013.04.17 07:45:04.485,0.95637,0.95657,1.88,1.50
2013.04.17 07:45:06.364,0.95637,0.95656,1.50,1.13
2013.04.17 07:45:06.424,0.95637,0.95657,1.88,1.50
2013.04.17 07:45:08.365,0.9564,0.95659,1.65,1.50
2013.04.17 07:45:08.806,0.95636,0.95655,1.88,1.50
2013.04.17 07:45:09.045,0.95636,0.95657,1.50,1.28
2013.04.17 07:45:11.184,0.95636,0.95656,1.50,2.78
2013.04.17 07:45:13.535,0.95636,0.95653,1.88,1.13
2013.04.17 07:45:13.655,0.95634,0.95653,2.25,1.50
2013.04.17 07:45:14.075,0.95633,0.95653,1.50,1.13
2013.04.17 07:45:15.765,0.95634,0.95654,1.65,1.50
2013.04.17 07:45:16.315,0.95636,0.95657,1.50,1.88
2013.04.17 07:45:16.376,0.95634,0.95657,1.73,1.88
2013.04.17 07:45:18.015,0.95634,0.95654,1.65,1.50
2013.04.17 07:45:21.007,0.95632,0.95653,1.13,1.88
2013.04.17 07:45:21.595,0.95634,0.95655,1.65,1.88
2013.04.17 07:45:21.665,0.95635,0.95655,1.50,1.88
2013.04.17 07:45:22.184,0.95636,0.95657,1.50,1.28
2013.04.17 07:45:23.964,0.95635,0.95658,1.58,1.88
2013.04.17 07:45:24.426,0.95635,0.95655,1.50,1.50
2013.04.17 07:45:25.374,0.95632,0.95652,2.25,1.13
2013.04.17 07:45:25.935,0.95632,0.95652,1.50,1.13
2013.04.17 07:45:30.444,0.9563,0.9565,1.65,1.65
2013.04.17 07:45:32.196,0.95632,0.95653,1.50,1.13
2013.04.17 07:45:33.245,0.9563,0.95651,2.03,1.65
2013.04.17 07:45:33.305,0.95629,0.95652,1.65,2.25
2013.04.17 07:45:33.784,0.95633,0.95651,1.13,1.50
2013.04.17 07:45:34.745,0.95629,0.95651,1.50,1.88
2013.04.17 07:45:34.925,0.95628,0.95647,1.50,1.50
2013.04.17 07:45:34.986,0.95626,0.95646,2.63,1.88
2013.04.17 07:45:35.497,0.95622,0.95644,1.58,1.65
2013.04.17 07:45:36.219,0.95624,0.95644,1.50,1.65
2013.04.17 07:45:36.524,0.95622,0.95644,1.58,1.65
2013.04.17 07:45:42.914,0.95621,0.95642,1.50,1.50
2013.04.17 07:45:43.956,0.95618,0.95639,1.13,1.65
2013.04.17 07:45:44.412,0.95614,0.95635,1.65,1.50
2013.04.17 07:46:02.085,0.95613,0.95635,1.88,1.50
2013.04.17 07:46:03.277,0.95612,0.95631,1.50,1.50
2013.04.17 07:46:06.947,0.95611,0.95631,1.65,1.50
2013.04.17 07:46:07.465,0.95612,0.95631,1.50,1.50
2013.04.17 07:46:07.704,0.95612,0.95628,1.50,1.58
2013.04.17 07:46:08.007,0.95607,0.95624,2.03,1.58
2013.04.17 07:46:08.545,0.95606,0.95624,1.13,1.58
2013.04.17 07:46:08.912,0.95606,0.95622,1.13,1.58
2013.04.17 07:46:09.810,0.95606,0.95624,1.13,1.58
2013.04.17 07:46:09.874,0.95606,0.95626,1.13,1.50
2013.04.17 07:46:16.674,0.95607,0.95629,2.78,1.65
2013.04.17 07:46:21.796,0.95608,0.9563,2.03,1.88
2013.04.17 07:46:21.975,0.9561,0.9563,1.88,1.88
2013.04.17 07:46:24.825,0.95611,0.95632,1.50,1.13
2013.04.17 07:46:24.885,0.95611,0.95632,1.50,1.88
2013.04.17 07:46:27.698,0.95608,0.95628,1.13,1.50
2013.04.17 07:46:30.138,0.95604,0.95624,1.13,1.13
2013.04.17 07:46:30.195,0.95601,0.95624,3.08,1.50
2013.04.17 07:46:30.255,0.95601,0.95622,1.50,1.65
2013.04.17 07:46:30.497,0.956,0.95622,2.03,1.73
2013.04.17 07:46:30.985,0.95603,0.95621,1.50,1.58
2013.04.17 07:46:32.695,0.95601,0.95618,1.50,1.50
2013.04.17 07:46:34.185,0.95597,0.95617,1.58,1.88
2013.04.17 07:46:34.425,0.95596,0.95616,1.50,1.65
2013.04.17 07:46:34.787,0.95596,0.95617,1.50,1.88
2013.04.17 07:46:35.605,0.95596,0.95616,1.50,1.65
2013.04.17 07:46:36.735,0.95596,0.95616,1.50,1.65
2013.04.17 07:46:38.395,0.95588,0.95609,1.13,2.25
2013.04.17 07:46:38.785,0.95594,0.95613,1.50,1.50
2013.04.17 07:46:39.495,0.95594,0.95614,1.50,1.50
2013.04.17 07:46:43.685,0.95594,0.95613,1.88,1.50
2013.04.17 07:46:43.745,0.95594,0.95613,1.88,1.50
2013.04.17 07:46:44.224,0.95594,0.95613,1.50,1.50
2013.04.17 07:46:45.564,0.95597,0.95617,1.50,1.88
2013.04.17 07:46:45.624,0.95593,0.95615,1.50,1.65
2013.04.17 07:46:48.425,0.95592,0.95615,2.25,2.78
2013.04.17 07:46:49.626,0.9559,0.95612,1.50,1.88
2013.04.17 07:46:50.745,0.95592,0.95613,1.50,1.65
2013.04.17 07:46:51.341,0.9559,0.95612,1.88,1.50
2013.04.17 07:46:52.117,0.9559,0.95613,1.50,1.65
2013.04.17 07:46:52.422,0.95585,0.95607,1.13,1.20
2013.04.17 07:46:52.967,0.95586,0.95607,1.50,1.13
2013.04.17 07:46:53.955,0.95589,0.9561,1.65,1.13
2013.04.17 07:46:54.436,0.95593,0.95614,1.50,1.88
2013.04.17 07:46:57.927,0.95593,0.95614,1.13,2.63
2013.04.17 07:46:58.596,0.95592,0.95611,1.88,1.50
2013.04.17 07:47:00.304,0.95593,0.95611,1.13,1.50
2013.04.17 07:47:03.235,0.95593,0.95614,1.50,2.70
2013.04.17 07:47:05.315,0.95593,0.95612,1.88,1.65
2013.04.17 07:47:06.515,0.95591,0.95612,1.50,1.65
2013.04.17 07:47:06.635,0.95591,0.95612,1.50,1.65
2013.04.17 07:47:06.814,0.95591,0.95613,1.50,3.15
2013.04.17 07:47:06.875,0.9559,0.95612,2.03,1.73
2013.04.17 07:47:07.025,0.9559,0.95609,2.03,1.50
2013.04.17 07:47:11.025,0.9559,0.95609,1.88,1.50
2013.04.17 07:47:11.498,0.9559,0.95609,1.88,1.50
2013.04.17 07:47:13.305,0.9559,0.95609,1.88,1.50
2013.04.17 07:47:13.896,0.9559,0.9561,1.13,1.65
2013.04.17 07:47:15.055,0.95587,0.95607,1.65,2.25
2013.04.17 07:47:16.097,0.95586,0.95606,1.50,1.50
2013.04.17 07:47:16.457,0.95587,0.95607,1.28,1.50
2013.04.17 07:47:16.575,0.95588,0.95609,1.65,1.50
2013.04.17 07:47:21.095,0.95588,0.95609,1.65,2.25
2013.04.17 07:47:21.536,0.95585,0.95604,1.50,1.13
2013.04.17 07:47:21.788,0.95589,0.95605,1.50,1.13
2013.04.17 07:47:25.295,0.95587,0.95604,2.33,1.13
2013.04.17 07:47:25.566,0.95589,0.95604,1.50,1.13
2013.04.17 07:47:25.627,0.95587,0.95598,1.58,1.13
2013.04.17 07:47:25.807,0.95581,0.95598,1.50,1.13
2013.04.17 07:47:26.406,0.95576,0.95589,2.33,1.13
2013.04.17 07:47:26.588,0.95576,0.95589,1.50,1.13
2013.04.17 07:47:27.375,0.95576,0.95594,1.50,1.13
2013.04.17 07:47:27.499,0.95576,0.95594,1.50,1.13
2013.04.17 07:47:27.615,0.95574,0.95594,2.33,1.13
2013.04.17 07:47:27.857,0.95577,0.95599,1.50,1.13
2013.04.17 07:47:28.036,0.95577,0.95599,1.88,1.13
2013.04.17 07:47:28.335,0.95581,0.956,1.65,2.63
2013.04.17 07:47:28.791,0.95579,0.95599,1.88,1.50
2013.04.17 07:47:28.873,0.95579,0.95599,2.63,1.50
2013.04.17 07:47:29.237,0.9558,0.95601,1.73,2.25
2013.04.17 07:47:30.045,0.95581,0.95605,1.73,1.88
2013.04.17 07:47:30.345,0.9558,0.95602,2.78,1.50
2013.04.17 07:47:32.246,0.95576,0.95597,2.85,1.65
2013.04.17 07:47:32.365,0.95577,0.95597,1.65,1.65
2013.04.17 07:47:32.766,0.95582,0.95597,1.50,1.65
2013.04.17 07:47:33.127,0.95582,0.95601,1.50,1.50
2013.04.17 07:47:33.473,0.95581,0.95601,1.65,1.50
2013.04.17 07:47:33.720,0.95581,0.95601,2.40,1.50
2013.04.17 07:47:34.207,0.95582,0.95601,1.13,1.50
2013.04.17 07:47:34.675,0.95583,0.95604,1.50,1.65
2013.04.17 07:47:35.605,0.9558,0.95602,2.03,1.50
2013.04.17 07:47:36.347,0.9558,0.956,1.28,1.50
2013.04.17 07:47:36.596,0.9558,0.95599,1.50,2.25
2013.04.17 07:47:36.906,0.95576,0.95597,2.25,1.65
2013.04.17 07:47:37.511,0.95576,0.95594,1.50,1.50
2013.04.17 07:47:39.136,0.95575,0.95594,1.65,1.50
2013.04.17 07:47:39.677,0.95572,0.95592,2.25,1.50
2013.04.17 07:47:40.475,0.95572,0.95592,1.50,1.65
2013.04.17 07:47:41.526,0.95569,0.95588,1.50,1.50
2013.04.17 07:47:41.645,0.95572,0.95589,1.50,1.58
2013.04.17 07:47:41.766,0.95574,0.95592,1.13,1.20
2013.04.17 07:47:42.065,0.95577,0.95597,1.50,1.65
2013.04.17 07:47:42.245,0.95579,0.95599,2.33,1.13
2013.04.17 07:47:42.485,0.95581,0.95599,1.50,1.13
2013.04.17 07:47:42.665,0.95581,0.95601,2.63,1.50
2013.04.17 07:47:43.281,0.95581,0.95601,1.13,1.50
2013.04.17 07:47:43.349,0.95582,0.95601,1.13,1.50
2013.04.17 07:47:43.856,0.95579,0.95598,1.50,1.65
2013.04.17 07:47:43.975,0.95578,0.95598,1.50,1.65
2013.04.17 07:47:44.096,0.95576,0.95598,3.60,1.65
2013.04.17 07:47:44.275,0.95579,0.95598,1.50,1.65
2013.04.17 07:47:44.635,0.95583,0.956,1.65,1.58
2013.04.17 07:47:44.816,0.95586,0.95603,1.13,1.50
2013.04.17 07:47:45.055,0.95582,0.95603,1.50,1.50
2013.04.17 07:47:45.176,0.95581,0.95604,3.00,2.40
2013.04.17 07:47:45.236,0.95581,0.95603,1.13,2.48
2013.04.17 07:47:45.604,0.95582,0.95603,1.13,2.48
2013.04.17 07:47:46.047,0.95583,0.95605,1.13,1.88
2013.04.17 07:47:46.995,0.95583,0.95605,1.50,1.88
2013.04.17 07:47:48.206,0.95582,0.95605,1.88,1.88
2013.04.17 07:47:48.836,0.95582,0.95605,1.88,1.88
2013.04.17 07:47:49.745,0.95583,0.95605,2.25,1.88
2013.04.17 07:47:50.230,0.95583,0.95605,1.50,1.88
2013.04.17 07:47:51.405,0.95581,0.95601,1.73,1.13
2013.04.17 07:47:51.795,0.95579,0.95599,1.13,1.50
2013.04.17 07:47:52.297,0.9558,0.956,1.65,1.50
2013.04.17 07:47:52.835,0.95577,0.95598,2.25,1.50
2013.04.17 07:47:54.115,0.95579,0.95602,1.58,1.50
2013.04.17 07:47:54.355,0.95582,0.95603,1.50,1.65
2013.04.17 07:47:54.415,0.9558,0.95602,1.73,1.50
2013.04.17 07:47:54.957,0.95578,0.95599,1.13,1.50
2013.04.17 07:47:55.139,0.95579,0.95599,1.13,1.50
2013.04.17 07:47:55.675,0.95581,0.95601,1.65,2.25
2013.04.17 07:47:57.036,0.95582,0.95601,1.50,1.13
2013.04.17 07:47:57.275,0.95584,0.95603,1.50,1.28
2013.04.17 07:47:57.396,0.95582,0.95603,2.33,2.03
2013.04.17 07:47:57.796,0.95582,0.956,1.50,1.50
2013.04.17 07:47:59.197,0.95582,0.95604,2.25,1.65
2013.04.17 07:48:00.415,0.95583,0.95605,1.13,1.50
2013.04.17 07:48:03.847,0.95585,0.956,1.50,1.13
2013.04.17 07:48:04.026,0.95585,0.956,1.50,1.13
2013.04.17 07:48:04.385,0.95582,0.95591,2.33,1.65
2013.04.17 07:48:04.565,0.95571,0.95591,1.50,1.65
2013.04.17 07:48:07.445,0.95572,0.95593,1.50,2.63
2013.04.17 07:48:07.568,0.95573,0.95593,1.28,1.50
2013.04.17 07:48:08.079,0.9558,0.95598,1.58,1.65
2013.04.17 07:48:08.395,0.95579,0.95598,1.50,1.65
2013.04.17 07:48:08.947,0.95578,0.95598,1.50,1.65
2013.04.17 07:48:09.967,0.95578,0.95598,1.58,1.65
2013.04.17 07:48:10.384,0.95576,0.95598,2.33,2.40
2013.04.17 07:48:10.764,0.95576,0.95598,1.50,2.40
2013.04.17 07:48:10.944,0.95578,0.95598,1.58,1.65
2013.04.17 07:48:11.125,0.9558,0.95598,1.50,1.28
2013.04.17 07:48:11.185,0.9558,0.95598,1.50,1.50
2013.04.17 07:48:11.725,0.95576,0.95594,1.50,1.88
2013.04.17 07:48:11.787,0.95575,0.95592,1.58,1.65
2013.04.17 07:48:12.035,0.95572,0.95592,1.58,1.65
2013.04.17 07:48:13.165,0.95574,0.95594,1.50,2.63
2013.04.17 07:48:13.925,0.95575,0.95594,1.65,1.50
2013.04.17 07:48:14.631,0.95576,0.95596,1.50,1.50
2013.04.17 07:48:14.835,0.95577,0.95598,1.58,1.50
2013.04.17 07:48:15.376,0.95579,0.95602,1.95,1.65
2013.04.17 07:48:15.906,0.95579,0.95601,1.58,1.28
2013.04.17 07:48:15.965,0.95578,0.956,1.50,1.50
2013.04.17 07:48:16.516,0.95577,0.956,3.00,1.88
2013.04.17 07:48:16.575,0.95578,0.956,1.58,1.88
2013.04.17 07:48:16.756,0.95582,0.956,1.13,1.50
2013.04.17 07:48:17.115,0.95583,0.95604,1.65,1.50
2013.04.17 07:48:17.175,0.95583,0.95603,1.50,1.50
2013.04.17 07:48:17.237,0.95582,0.95601,1.50,1.13
2013.04.17 07:48:17.355,0.95581,0.95601,1.50,1.88
2013.04.17 07:48:17.415,0.95579,0.95601,1.95,1.88
2013.04.17 07:48:19.187,0.95581,0.95601,1.50,1.88
2013.04.17 07:48:19.425,0.95583,0.95604,1.13,1.13
2013.04.17 07:48:19.786,0.95587,0.95608,1.95,1.13
2013.04.17 07:48:20.655,0.95587,0.95608,1.95,1.13
2013.04.17 07:48:21.215,0.95587,0.95608,1.95,1.13
2013.04.17 07:48:21.396,0.95587,0.95607,1.13,1.65
2013.04.17 07:48:21.695,0.95581,0.95602,2.33,1.65
2013.04.17 07:48:21.815,0.95581,0.956,1.50,1.50
2013.04.17 07:48:21.995,0.95582,0.95603,1.58,1.50
2013.04.17 07:48:22.523,0.95584,0.95603,1.58,1.50
2013.04.17 07:48:23.704,0.95584,0.95603,1.58,1.13
2013.04.17 07:48:23.995,0.95584,0.95603,1.50,1.88
2013.04.17 07:48:24.115,0.95581,0.95599,1.50,1.50
2013.04.17 07:48:24.426,0.95577,0.95599,2.78,1.50
2013.04.17 07:48:25.226,0.95576,0.95595,1.65,1.50
2013.04.17 07:48:26.705,0.95575,0.95594,1.50,1.13
2013.04.17 07:48:26.945,0.95573,0.95593,1.50,1.65
2013.04.17 07:48:27.125,0.95573,0.95594,1.58,1.13
2013.04.17 07:48:27.245,0.95575,0.95594,1.50,1.13
2013.04.17 07:48:27.426,0.95573,0.95592,1.58,1.28
2013.04.17 07:48:27.604,0.95571,0.95592,3.83,2.03
2013.04.17 07:48:27.725,0.95571,0.95592,2.25,2.03
2013.04.17 07:48:27.785,0.95571,0.95592,1.50,2.03
2013.04.17 07:48:28.086,0.95574,0.95592,1.13,1.88
2013.04.17 07:48:28.147,0.95577,0.95593,1.50,2.25
2013.04.17 07:48:28.704,0.95577,0.95595,1.50,1.50
2013.04.17 07:48:29.385,0.95577,0.95598,1.50,2.10
2013.04.17 07:48:29.564,0.95576,0.95595,1.65,1.50
2013.04.17 07:48:30.414,0.95574,0.95595,1.95,1.50
2013.04.17 07:48:33.325,0.95574,0.95595,1.20,1.50
2013.04.17 07:48:36.225,0.95574,0.95595,1.20,1.50
2013.04.17 07:48:36.285,0.95574,0.95595,1.20,1.50
2013.04.17 07:48:38.155,0.95574,0.95594,1.13,1.50
2013.04.17 07:48:38.804,0.95576,0.95597,2.03,1.50
2013.04.17 07:48:39.065,0.95576,0.95599,3.60,1.65
2013.04.17 07:48:39.935,0.95577,0.95598,1.50,1.65
2013.04.17 07:48:40.677,0.95576,0.95597,1.73,1.13
2013.04.17 07:48:40.857,0.95574,0.95596,2.25,1.50
2013.04.17 07:48:41.034,0.95574,0.95596,2.25,1.50
2013.04.17 07:48:41.275,0.95575,0.95595,1.58,1.13
2013.04.17 07:48:41.395,0.95572,0.95592,1.50,1.50
2013.04.17 07:48:41.695,0.95571,0.95592,1.73,1.50
2013.04.17 07:48:41.875,0.95569,0.95591,1.88,1.50
2013.04.17 07:48:43.335,0.9557,0.9559,2.48,1.13
2013.04.17 07:48:45.635,0.95569,0.95589,1.88,1.50
2013.04.17 07:48:45.927,0.9557,0.95589,1.50,1.13
2013.04.17 07:48:46.627,0.9557,0.95589,1.50,1.13
2013.04.17 07:48:46.806,0.95571,0.95592,1.13,1.13
2013.04.17 07:48:46.925,0.95571,0.95593,1.88,1.88
2013.04.17 07:48:47.225,0.95572,0.95593,1.73,1.13
2013.04.17 07:48:47.687,0.95572,0.95591,1.65,1.50
2013.04.17 07:48:47.836,0.95571,0.95591,1.13,1.50
2013.04.17 07:48:48.195,0.95571,0.9559,1.58,1.13
2013.04.17 07:48:48.494,0.95571,0.9559,1.58,1.13
2013.04.17 07:48:48.916,0.95572,0.9559,1.50,1.13
2013.04.17 07:48:51.046,0.95573,0.9559,1.58,1.13
2013.04.17 07:48:51.106,0.95577,0.95595,1.50,1.13
2013.04.17 07:48:51.355,0.95578,0.95598,1.58,1.50
2013.04.17 07:48:52.475,0.95576,0.95598,1.50,2.25
2013.04.17 07:48:53.846,0.95575,0.95598,1.65,2.25
2013.04.17 07:48:54.364,0.95573,0.95593,1.13,1.50
2013.04.17 07:48:56.598,0.95573,0.95592,1.13,1.50
2013.04.17 07:48:56.816,0.95573,0.95592,1.88,1.50
2013.04.17 07:48:58.095,0.95575,0.95588,1.50,1.73
2013.04.17 07:48:58.455,0.95571,0.9558,1.58,1.13
2013.04.17 07:48:58.635,0.95571,0.95579,1.58,1.13
2013.04.17 07:48:59.156,0.9557,0.95585,2.33,1.13
2013.04.17 07:48:59.216,0.95563,0.95585,1.73,1.13
2013.04.17 07:48:59.336,0.95562,0.95584,1.65,1.50
2013.04.17 07:48:59.650,0.95564,0.95585,1.50,1.13
2013.04.17 07:49:00.205,0.95562,0.95583,1.65,1.50
2013.04.17 07:49:00.325,0.95563,0.95585,1.35,1.50
2013.04.17 07:49:00.885,0.95566,0.95587,1.65,1.28
2013.04.17 07:49:01.652,0.95569,0.95589,1.50,2.25
2013.04.17 07:49:02.268,0.95567,0.95589,1.73,2.25
2013.04.17 07:49:02.923,0.95569,0.95589,1.50,2.25
2013.04.17 07:49:03.175,0.95569,0.95589,1.50,1.13
2013.04.17 07:49:03.240,0.95571,0.95589,2.33,1.13
2013.04.17 07:49:03.845,0.9557,0.95589,1.58,1.13
2013.04.17 07:49:04.206,0.95573,0.95594,1.65,1.13
2013.04.17 07:49:06.606,0.95574,0.95594,1.65,1.13
2013.04.17 07:49:07.614,0.95578,0.95598,1.50,2.78
2013.04.17 07:49:08.124,0.9558,0.95599,1.50,1.28
2013.04.17 07:49:08.685,0.95577,0.95599,1.50,2.03
2013.04.17 07:49:10.933,0.95581,0.95599,1.50,1.65
2013.04.17 07:49:12.716,0.9558,0.956,2.25,1.88
2013.04.17 07:49:12.895,0.95581,0.95598,1.13,1.50
2013.04.17 07:49:12.955,0.95585,0.95598,1.13,1.50
2013.04.17 07:49:13.499,0.95587,0.95603,1.65,1.50
2013.04.17 07:49:13.817,0.95585,0.95603,1.13,1.50
2013.04.17 07:49:14.035,0.95587,0.95603,1.65,1.50
2013.04.17 07:49:15.905,0.95592,0.95606,1.13,1.50
2013.04.17 07:49:16.265,0.95587,0.95604,1.50,1.13
2013.04.17 07:49:16.815,0.95585,0.95604,1.50,1.13
2013.04.17 07:49:16.875,0.95585,0.95604,1.50,1.13
2013.04.17 07:49:17.356,0.95586,0.95604,1.50,1.13
2013.04.17 07:49:17.485,0.95587,0.95605,1.13,1.50
2013.04.17 07:49:17.789,0.95587,0.95602,3.08,1.13
2013.04.17 07:49:17.857,0.95587,0.95602,1.50,1.13
2013.04.17 07:49:18.433,0.95586,0.95602,1.50,1.13
2013.04.17 07:49:18.497,0.95587,0.95606,1.50,1.13
2013.04.17 07:49:19.017,0.95586,0.95606,1.50,1.13
2013.04.17 07:49:19.255,0.95582,0.95603,1.88,1.50
2013.04.17 07:49:20.657,0.95582,0.956,1.50,1.50
2013.04.17 07:49:21.015,0.95577,0.95597,1.50,1.50
2013.04.17 07:49:21.136,0.95576,0.95595,2.25,1.13
2013.04.17 07:49:21.505,0.95573,0.95595,1.50,1.88
2013.04.17 07:49:21.856,0.95573,0.95595,2.25,1.13
2013.04.17 07:49:22.461,0.95575,0.95595,1.50,1.50
2013.04.17 07:49:22.585,0.95573,0.95594,1.50,1.65
2013.04.17 07:49:22.956,0.95573,0.95593,1.50,1.65
2013.04.17 07:49:23.505,0.95574,0.95595,2.33,2.25
2013.04.17 07:49:23.924,0.95572,0.95593,3.08,1.28
2013.04.17 07:49:23.985,0.95572,0.9559,2.25,1.13
2013.04.17 07:49:24.976,0.95577,0.95594,1.50,1.65
2013.04.17 07:49:25.737,0.95577,0.95595,1.50,1.13
2013.04.17 07:49:26.035,0.95567,0.95589,1.50,1.88
2013.04.17 07:49:26.535,0.95568,0.95589,1.58,1.13
2013.04.17 07:49:26.776,0.95571,0.9559,1.50,1.65
2013.04.17 07:49:27.315,0.95572,0.95592,1.13,1.13
2013.04.17 07:49:27.941,0.95572,0.95593,2.25,1.50
2013.04.17 07:49:28.467,0.95572,0.95592,1.50,1.13
2013.04.17 07:49:28.905,0.95569,0.95591,1.65,2.03
2013.04.17 07:49:28.966,0.95568,0.95591,2.63,2.03
2013.04.17 07:49:29.025,0.95569,0.95591,1.65,2.03
2013.04.17 07:49:29.265,0.95573,0.95592,1.50,1.13
2013.04.17 07:49:29.385,0.95573,0.95591,1.58,1.65
2013.04.17 07:49:29.947,0.95573,0.95592,1.50,1.13
2013.04.17 07:49:30.125,0.95574,0.95593,1.50,1.13
2013.04.17 07:49:31.215,0.95577,0.95593,1.50,1.13
2013.04.17 07:49:31.275,0.95577,0.95597,1.50,1.65
2013.04.17 07:49:31.895,0.95578,0.95598,2.33,1.13
2013.04.17 07:49:31.957,0.9558,0.95598,1.50,1.13
2013.04.17 07:49:32.697,0.9558,0.956,1.65,1.88
2013.04.17 07:49:33.147,0.95582,0.95603,2.25,1.88
2013.04.17 07:49:33.206,0.95583,0.95603,1.13,1.50
2013.04.17 07:49:33.265,0.95583,0.95603,1.13,1.50
2013.04.17 07:49:33.747,0.95586,0.95606,1.50,1.50
2013.04.17 07:49:33.867,0.95587,0.95608,2.25,1.65
2013.04.17 07:49:34.186,0.95586,0.95602,1.50,1.13
2013.04.17 07:49:34.307,0.95583,0.95602,1.50,1.13
2013.04.17 07:49:34.429,0.95581,0.95602,2.25,2.25
2013.04.17 07:49:34.951,0.95581,0.95602,1.50,2.25
2013.04.17 07:49:35.047,0.95585,0.95603,1.58,1.13
2013.04.17 07:49:35.434,0.95585,0.95603,1.50,1.28
2013.04.17 07:49:35.556,0.95585,0.95604,2.25,1.13
2013.04.17 07:49:35.738,0.95585,0.95604,1.50,1.13
2013.04.17 07:49:36.095,0.95588,0.95607,2.33,1.13
2013.04.17 07:49:36.217,0.95588,0.9561,2.33,1.13
2013.04.17 07:49:36.276,0.95588,0.9561,2.33,1.13
2013.04.17 07:49:36.489,0.95585,0.95609,1.95,1.65
2013.04.17 07:49:39.237,0.95585,0.95609,1.95,1.65
2013.04.17 07:49:39.635,0.95582,0.95605,1.58,1.65
2013.04.17 07:49:40.025,0.95584,0.95606,1.58,1.13
2013.04.17 07:49:40.936,0.95584,0.95606,1.58,1.13
2013.04.17 07:49:40.995,0.95581,0.95605,1.58,1.65
2013.04.17 07:49:41.345,0.95582,0.95605,1.50,1.65
2013.04.17 07:49:41.465,0.95581,0.95599,1.58,1.13
2013.04.17 07:49:41.585,0.95578,0.95599,1.58,1.13
2013.04.17 07:49:42.765,0.95576,0.95599,3.08,1.88
2013.04.17 07:49:43.255,0.95576,0.95599,2.33,1.65
2013.04.17 07:49:43.375,0.95577,0.95599,1.13,1.50
2013.04.17 07:49:43.615,0.9558,0.95602,1.50,1.50
2013.04.17 07:49:43.858,0.95579,0.95602,1.65,1.50
2013.04.17 07:49:43.925,0.95581,0.95603,1.58,1.50
2013.04.17 07:49:44.105,0.95577,0.95601,2.70,1.50
2013.04.17 07:49:45.626,0.95577,0.95601,2.70,1.50
2013.04.17 07:49:45.864,0.95574,0.95597,2.33,1.65
2013.04.17 07:49:45.925,0.95576,0.95597,2.33,1.65
2013.04.17 07:49:46.636,0.95571,0.95595,2.48,1.50
2013.04.17 07:49:47.655,0.95574,0.95596,1.58,1.50
2013.04.17 07:49:47.897,0.95576,0.95596,1.50,1.50
2013.04.17 07:49:48.078,0.95577,0.95596,1.50,1.50
2013.04.17 07:49:48.436,0.95576,0.95599,2.70,2.25
2013.04.17 07:49:48.495,0.95576,0.95595,1.13,1.50
2013.04.17 07:49:48.615,0.95574,0.95595,1.58,1.65
2013.04.17 07:49:48.735,0.95578,0.95597,1.50,1.13
2013.04.17 07:49:49.436,0.95574,0.95597,1.58,1.88
2013.04.17 07:49:49.976,0.95576,0.95597,1.50,1.88
2013.04.17 07:49:50.620,0.95575,0.95597,1.50,1.88
2013.04.17 07:49:51.915,0.95572,0.95594,1.50,1.65
2013.04.17 07:49:52.215,0.95572,0.95596,1.58,1.65
2013.04.17 07:49:52.556,0.95575,0.95597,1.88,1.50
2013.04.17 07:49:52.615,0.95575,0.95597,2.63,1.50
2013.04.17 07:49:52.795,0.95576,0.95598,2.48,1.50
2013.04.17 07:49:53.116,0.95578,0.95601,1.58,1.50
2013.04.17 07:49:53.606,0.9558,0.95599,1.50,1.50
2013.04.17 07:49:54.120,0.95577,0.95599,1.65,2.33
2013.04.17 07:49:54.315,0.95577,0.95596,1.65,1.50
2013.04.17 07:49:54.675,0.95577,0.95598,1.50,1.58
2013.04.17 07:49:54.735,0.95579,0.95599,1.50,2.25
2013.04.17 07:49:55.215,0.95575,0.95598,2.25,1.73
2013.04.17 07:49:55.335,0.95573,0.95594,2.25,1.50
2013.04.17 07:49:55.516,0.95571,0.95594,2.25,3.08
2013.04.17 07:49:56.025,0.95569,0.9559,1.73,1.50
2013.04.17 07:49:56.086,0.95571,0.95593,1.50,1.58
2013.04.17 07:49:56.145,0.95571,0.9559,1.50,1.88
2013.04.17 07:49:56.626,0.95572,0.95591,1.50,1.13
2013.04.17 07:49:56.686,0.95572,0.95593,1.50,1.58
2013.04.17 07:49:56.805,0.95574,0.95594,1.50,1.50
2013.04.17 07:49:57.305,0.95574,0.95596,1.50,1.73
2013.04.17 07:49:57.608,0.95574,0.95594,1.50,1.50
2013.04.17 07:49:58.165,0.95576,0.95596,1.50,2.78
2013.04.17 07:49:58.585,0.95576,0.95598,1.50,2.33
2013.04.17 07:50:00.426,0.9558,0.95598,1.50,1.13
2013.04.17 07:50:00.485,0.95576,0.95597,1.58,1.65
2013.04.17 07:50:01.005,0.95575,0.95595,2.63,1.50
2013.04.17 07:50:01.495,0.95577,0.95598,2.25,1.13
2013.04.17 07:50:01.808,0.95578,0.95598,1.50,1.13
2013.04.17 07:50:02.179,0.95579,0.956,1.88,1.50
2013.04.17 07:50:03.526,0.95581,0.956,1.50,1.13
2013.04.17 07:50:03.593,0.95579,0.95598,1.58,1.28
2013.04.17 07:50:03.804,0.95577,0.95598,1.50,2.03
2013.04.17 07:50:03.868,0.9558,0.95599,1.50,1.28
2013.04.17 07:50:04.425,0.95582,0.956,1.50,1.13
2013.04.17 07:50:05.366,0.9558,0.95597,1.50,1.50
2013.04.17 07:50:05.876,0.95577,0.95597,2.25,1.50
2013.04.17 07:50:06.035,0.95578,0.95597,1.50,1.50
2013.04.17 07:50:06.215,0.95581,0.95597,1.50,1.50
2013.04.17 07:50:06.277,0.95582,0.95598,1.50,1.50
2013.04.17 07:50:06.836,0.95582,0.95603,1.50,2.03
2013.04.17 07:50:07.382,0.95581,0.95603,2.25,2.03
2013.04.17 07:50:07.567,0.95585,0.95603,1.50,2.03
2013.04.17 07:50:08.125,0.95586,0.95604,1.50,1.28
2013.04.17 07:50:08.305,0.95586,0.95604,1.50,1.28
2013.04.17 07:50:08.486,0.95587,0.95606,1.50,1.13
2013.04.17 07:50:09.125,0.95587,0.95608,1.50,2.85
2013.04.17 07:50:09.218,0.95589,0.95609,1.13,2.33
2013.04.17 07:50:09.345,0.95589,0.95609,1.88,1.58
2013.04.17 07:50:09.465,0.95591,0.95609,1.50,1.58
2013.04.17 07:50:09.647,0.95587,0.95607,1.65,1.50
2013.04.17 07:50:10.006,0.95583,0.95606,1.58,2.25
2013.04.17 07:50:10.066,0.95586,0.95606,1.50,2.25
2013.04.17 07:50:10.306,0.95583,0.95606,1.58,2.25
2013.04.17 07:50:10.816,0.95586,0.95606,1.50,1.13
2013.04.17 07:50:11.055,0.95587,0.95606,1.50,1.13
2013.04.17 07:50:11.177,0.95587,0.95606,1.50,1.88
2013.04.17 07:50:11.536,0.95581,0.95602,2.33,1.13
2013.04.17 07:50:11.895,0.95582,0.95602,1.50,2.25
2013.04.17 07:50:12.015,0.95581,0.95602,1.50,2.25
2013.04.17 07:50:12.557,0.9558,0.95599,1.50,1.50
2013.04.17 07:50:12.835,0.95581,0.95599,1.50,1.50
2013.04.17 07:50:12.956,0.9558,0.95599,1.50,1.50
2013.04.17 07:50:13.285,0.9558,0.95599,2.25,1.50
2013.04.17 07:50:13.649,0.95581,0.95599,1.50,1.50
2013.04.17 07:50:14.012,0.95585,0.95602,1.50,1.13
2013.04.17 07:50:14.565,0.95585,0.95602,1.50,1.13
2013.04.17 07:50:15.035,0.95585,0.95602,1.50,1.13
2013.04.17 07:50:15.155,0.95584,0.95602,2.25,1.13
2013.04.17 07:50:15.524,0.95584,0.95602,2.25,1.13
2013.04.17 07:50:16.746,0.95578,0.95599,1.50,1.13
2013.04.17 07:50:17.045,0.95581,0.956,1.50,1.13
2013.04.17 07:50:17.787,0.95582,0.956,1.50,1.13
2013.04.17 07:50:17.907,0.95585,0.95604,1.13,1.50
2013.04.17 07:50:17.979,0.95585,0.95604,1.88,1.50
2013.04.17 07:50:18.095,0.95586,0.95606,1.50,1.50
2013.04.17 07:50:18.215,0.95586,0.95605,1.50,1.88
2013.04.17 07:50:18.575,0.95583,0.95603,1.58,1.28
2013.04.17 07:50:18.696,0.95583,0.95603,1.58,1.28
2013.04.17 07:50:18.875,0.95582,0.95603,1.50,2.03
2013.04.17 07:50:19.206,0.9558,0.956,3.00,1.13
2013.04.17 07:50:19.325,0.95581,0.95601,1.50,1.88
2013.04.17 07:50:19.446,0.95581,0.95601,1.50,2.03
2013.04.17 07:50:19.975,0.9558,0.95601,1.50,2.03
2013.04.17 07:50:20.275,0.95581,0.95601,1.50,2.03
2013.04.17 07:50:20.395,0.95581,0.95599,1.50,1.95
2013.04.17 07:50:20.705,0.95578,0.95597,1.50,1.50
2013.04.17 07:50:21.775,0.95577,0.95597,1.50,1.50
2013.04.17 07:50:21.895,0.95576,0.95596,1.58,1.73
2013.04.17 07:50:22.316,0.95575,0.95592,1.50,1.50
2013.04.17 07:50:22.555,0.95572,0.95593,1.50,1.50
2013.04.17 07:50:23.097,0.95577,0.95595,1.50,2.03
2013.04.17 07:50:23.635,0.95578,0.95597,1.50,1.50
2013.04.17 07:50:23.756,0.95578,0.95597,1.50,1.50
2013.04.17 07:50:23.815,0.95579,0.95599,1.58,1.50
2013.04.17 07:50:23.935,0.95578,0.95598,1.50,1.50
2013.04.17 07:50:23.995,0.95578,0.95598,1.50,1.50
2013.04.17 07:50:24.236,0.95577,0.95595,1.50,1.13
2013.04.17 07:50:24.646,0.95575,0.95595,1.50,1.28
2013.04.17 07:50:24.705,0.95573,0.95593,1.50,1.50
2013.04.17 07:50:24.825,0.95573,0.95593,1.50,1.50
2013.04.17 07:50:24.886,0.95573,0.95593,1.50,1.50
2013.04.17 07:50:24.945,0.95573,0.95593,1.50,1.50
2013.04.17 07:50:25.126,0.95573,0.95593,1.50,1.50
2013.04.17 07:50:25.435,0.95574,0.95593,1.50,1.50
2013.04.17 07:50:25.616,0.95572,0.95592,1.50,1.13
2013.04.17 07:50:25.795,0.9557,0.95591,1.50,1.50
2013.04.17 07:50:25.855,0.95569,0.95591,1.50,1.50
2013.04.17 07:50:26.325,0.9557,0.95591,1.50,1.50
2013.04.17 07:50:27.262,0.95568,0.95588,1.65,1.50
2013.04.17 07:50:27.574,0.95568,0.95588,1.65,1.50
2013.04.17 07:50:27.635,0.95572,0.95588,1.50,1.50
2013.04.17 07:50:28.175,0.95571,0.95591,1.50,1.50
2013.04.17 07:50:28.415,0.95571,0.95591,1.50,1.50
2013.04.17 07:50:28.840,0.95575,0.95595,1.58,1.28
2013.04.17 07:50:29.015,0.95577,0.95595,1.50,1.28
2013.04.17 07:50:29.078,0.95575,0.95595,2.33,1.28
2013.04.17 07:50:29.145,0.95577,0.95595,1.50,1.13
2013.04.17 07:50:29.385,0.95577,0.95597,1.50,1.88
2013.04.17 07:50:29.745,0.95577,0.95595,1.58,1.13
2013.04.17 07:50:30.225,0.95578,0.95599,1.50,1.50
2013.04.17 07:50:30.527,0.95577,0.95595,1.50,1.50
2013.04.17 07:50:30.705,0.95572,0.95595,3.08,1.50
2013.04.17 07:50:30.946,0.95572,0.95591,1.50,1.50
2013.04.17 07:50:31.785,0.95572,0.95591,1.58,1.13
2013.04.17 07:50:32.365,0.95575,0.95594,1.58,1.28
2013.04.17 07:50:32.807,0.95571,0.95591,1.50,1.50
2013.04.17 07:50:33.346,0.95572,0.95591,1.50,1.50
2013.04.17 07:50:34.126,0.95575,0.95594,1.50,1.65
2013.04.17 07:50:34.386,0.95572,0.95594,1.58,1.65
2013.04.17 07:50:34.504,0.95574,0.95594,1.50,1.65
2013.04.17 07:50:34.962,0.9557,0.95592,1.50,1.88
2013.04.17 07:50:35.623,0.9557,0.95592,1.50,1.13
2013.04.17 07:50:35.953,0.95571,0.95592,1.50,1.88
2013.04.17 07:50:38.086,0.95567,0.95586,1.58,1.13
2013.04.17 07:50:38.266,0.95561,0.9558,1.50,1.65
2013.04.17 07:50:38.569,0.95561,0.95578,1.50,1.13
2013.04.17 07:50:38.995,0.95562,0.95583,2.33,1.88
2013.04.17 07:50:39.115,0.95562,0.95581,1.50,1.13
2013.04.17 07:50:39.355,0.95559,0.9558,1.88,1.50
2013.04.17 07:50:39.715,0.95558,0.9558,1.58,2.03
2013.04.17 07:50:39.837,0.95557,0.95577,1.50,1.50
2013.04.17 07:50:40.134,0.95556,0.95576,1.50,1.13
2013.04.17 07:50:40.194,0.95555,0.95574,1.50,1.50
2013.04.17 07:50:40.435,0.95557,0.95576,1.50,1.13
2013.04.17 07:50:41.076,0.95557,0.95577,1.50,1.50
2013.04.17 07:50:41.298,0.95557,0.95577,1.50,1.50
2013.04.17 07:50:41.510,0.95557,0.95577,1.50,1.50
2013.04.17 07:50:41.962,0.95555,0.95574,1.50,1.50
2013.04.17 07:50:43.075,0.95555,0.95574,1.50,1.50
2013.04.17 07:50:43.555,0.95555,0.95575,1.50,1.50
2013.04.17 07:50:44.408,0.95555,0.95575,1.50,1.50
2013.04.17 07:50:45.051,0.95554,0.95575,1.50,1.50
2013.04.17 07:50:45.397,0.95554,0.95575,1.50,1.50
2013.04.17 07:50:45.515,0.95552,0.95574,1.13,2.25
2013.04.17 07:50:45.635,0.95552,0.95573,1.13,1.50
2013.04.17 07:50:46.395,0.95556,0.95575,1.50,1.88
2013.04.17 07:50:46.956,0.95557,0.95577,1.50,1.88
2013.04.17 07:50:47.177,0.95557,0.95577,1.50,1.88
2013.04.17 07:50:47.355,0.95557,0.95577,1.50,1.88
2013.04.17 07:50:47.535,0.95555,0.95574,2.33,1.13
2013.04.17 07:50:47.655,0.95555,0.95574,1.50,1.88
2013.04.17 07:50:48.195,0.95551,0.95572,2.25,1.28
2013.04.17 07:50:48.955,0.95551,0.95572,1.50,1.28
2013.04.17 07:50:49.257,0.95549,0.9557,1.50,1.50
2013.04.17 07:50:49.505,0.95551,0.9557,1.50,1.50
2013.04.17 07:50:50.685,0.95552,0.95573,1.50,2.25
2013.04.17 07:50:50.983,0.9555,0.95569,1.50,1.50
2013.04.17 07:50:51.436,0.9555,0.95569,1.65,1.50
2013.04.17 07:50:51.845,0.95551,0.95572,1.50,1.28
2013.04.17 07:50:52.088,0.95547,0.95569,2.25,1.88
2013.04.17 07:50:52.666,0.95545,0.95564,2.25,1.50
2013.04.17 07:50:52.907,0.95545,0.95565,2.25,1.13
2013.04.17 07:50:53.585,0.95545,0.95564,1.50,1.88
2013.04.17 07:50:53.645,0.95545,0.95564,1.50,2.63
2013.04.17 07:50:54.886,0.95542,0.95562,2.33,1.13
2013.04.17 07:50:56.895,0.95542,0.95562,2.25,1.50
2013.04.17 07:50:58.048,0.95542,0.95562,1.50,1.13
2013.04.17 07:50:58.166,0.95541,0.95562,2.25,1.88
2013.04.17 07:50:59.343,0.95542,0.95562,1.50,1.13
2013.04.17 07:51:00.285,0.95542,0.95562,2.25,1.50
2013.04.17 07:51:00.405,0.95542,0.95562,2.25,1.50
2013.04.17 07:51:00.969,0.95542,0.9556,2.25,1.13
2013.04.17 07:51:01.615,0.95536,0.95554,1.50,1.13
2013.04.17 07:51:03.396,0.95537,0.95557,2.25,1.50
2013.04.17 07:51:03.456,0.95537,0.95557,1.50,1.95
2013.04.17 07:51:03.575,0.95538,0.95559,1.50,1.88
2013.04.17 07:51:04.299,0.95538,0.95559,2.25,1.88
2013.04.17 07:51:04.655,0.95546,0.95567,1.50,2.63
2013.04.17 07:51:04.835,0.95548,0.95569,2.25,1.50
2013.04.17 07:51:05.076,0.95552,0.95573,2.03,1.50
2013.04.17 07:51:05.196,0.95555,0.95573,1.50,1.50
2013.04.17 07:51:05.436,0.95555,0.95577,1.50,1.58
2013.04.17 07:51:05.496,0.95557,0.95578,1.50,1.88
2013.04.17 07:51:05.798,0.95561,0.9558,1.50,1.13
2013.04.17 07:51:05.916,0.95562,0.9558,1.50,1.13
2013.04.17 07:51:06.097,0.9556,0.9558,1.50,1.88
2013.04.17 07:51:07.005,0.95558,0.9558,1.58,2.25
2013.04.17 07:51:07.065,0.9556,0.9558,1.50,2.25
2013.04.17 07:51:07.347,0.95558,0.9558,1.58,1.88
2013.04.17 07:51:07.767,0.9556,0.9558,1.50,1.88
2013.04.17 07:51:08.135,0.95557,0.9558,3.08,1.13
2013.04.17 07:51:08.736,0.95559,0.9558,1.50,1.13
2013.04.17 07:51:08.856,0.95557,0.9558,2.33,1.13
2013.04.17 07:51:09.495,0.95559,0.95579,1.50,2.03
2013.04.17 07:51:09.555,0.95557,0.95578,1.50,2.78
2013.04.17 07:51:09.857,0.95555,0.95574,1.65,1.13
2013.04.17 07:51:10.627,0.95555,0.95574,1.65,1.13
2013.04.17 07:51:10.686,0.95555,0.95573,1.50,1.13
2013.04.17 07:51:10.865,0.95552,0.95573,1.50,1.95
2013.04.17 07:51:10.986,0.95557,0.95573,1.50,1.13
2013.04.17 07:51:11.225,0.95555,0.95578,1.50,2.10
2013.04.17 07:51:11.528,0.95553,0.95573,1.50,1.50
2013.04.17 07:51:11.886,0.95553,0.95574,1.50,1.13
2013.04.17 07:51:12.128,0.95555,0.95577,2.25,1.88
2013.04.17 07:51:12.247,0.95555,0.95577,1.50,1.13
2013.04.17 07:51:12.609,0.95558,0.9558,1.50,1.13
2013.04.17 07:51:12.976,0.9556,0.95583,1.50,1.88
2013.04.17 07:51:13.155,0.9556,0.95582,2.25,1.50
2013.04.17 07:51:13.895,0.9556,0.95583,1.50,2.63
2013.04.17 07:51:14.456,0.95561,0.95582,1.50,1.50
2013.04.17 07:51:15.258,0.95564,0.95584,1.50,2.03
2013.04.17 07:51:15.570,0.95565,0.95584,2.25,1.65
2013.04.17 07:51:16.405,0.95565,0.95586,2.25,1.88
2013.04.17 07:51:17.007,0.95567,0.95588,1.50,1.13
2013.04.17 07:51:17.365,0.95569,0.95589,1.50,1.50
2013.04.17 07:51:17.725,0.95573,0.95591,2.25,1.50
2013.04.17 07:51:17.845,0.95575,0.95593,1.50,1.20
2013.04.17 07:51:17.968,0.95575,0.95595,1.50,1.50
2013.04.17 07:51:18.085,0.95573,0.95595,1.50,1.50
2013.04.17 07:51:18.325,0.95572,0.95593,2.25,1.28
2013.04.17 07:51:18.865,0.95572,0.95591,1.50,1.65
2013.04.17 07:51:18.985,0.95572,0.95593,1.50,1.20
2013.04.17 07:51:19.295,0.95572,0.95591,1.50,1.65
2013.04.17 07:51:19.596,0.95572,0.95591,1.50,1.65
2013.04.17 07:51:20.305,0.95572,0.95593,2.33,1.50
2013.04.17 07:51:20.616,0.95571,0.95591,2.25,1.50
2013.04.17 07:51:20.795,0.95572,0.95594,2.70,1.50
2013.04.17 07:51:21.155,0.95573,0.95592,1.13,1.50
2013.04.17 07:51:21.395,0.95576,0.95594,2.33,1.58
2013.04.17 07:51:21.515,0.95576,0.95594,1.50,1.58
2013.04.17 07:51:21.636,0.95576,0.95597,2.25,1.50
2013.04.17 07:51:22.005,0.95573,0.95596,1.58,1.13
2013.04.17 07:51:22.307,0.95574,0.95595,1.58,1.13
2013.04.17 07:51:22.425,0.95574,0.95593,1.50,1.50
2013.04.17 07:51:22.485,0.95572,0.95593,1.58,1.50
2013.04.17 07:51:22.545,0.95574,0.95593,1.50,1.50
2013.04.17 07:51:23.146,0.95576,0.95596,1.58,1.13
2013.04.17 07:51:23.266,0.95576,0.95596,1.50,1.88
2013.04.17 07:51:23.385,0.95576,0.95597,2.33,1.13
2013.04.17 07:51:23.775,0.95578,0.95597,1.50,1.13
2013.04.17 07:51:24.655,0.95577,0.95598,1.50,1.95
2013.04.17 07:51:24.715,0.95579,0.95598,1.50,1.13
2013.04.17 07:51:24.958,0.95579,0.95598,1.50,1.13
2013.04.17 07:51:25.445,0.95576,0.95599,2.33,1.50
2013.04.17 07:51:25.686,0.95579,0.95599,1.50,1.88
2013.04.17 07:51:25.807,0.95576,0.95597,2.25,1.20
2013.04.17 07:51:26.586,0.95577,0.956,1.88,1.50
2013.04.17 07:51:26.645,0.9558,0.95602,1.58,2.25
2013.04.17 07:51:26.706,0.95582,0.95602,1.50,2.25
2013.04.17 07:51:26.974,0.95582,0.95602,1.50,1.50
2013.04.17 07:51:27.132,0.95581,0.95602,1.50,2.25
2013.04.17 07:51:27.496,0.95581,0.95602,3.08,1.13
2013.04.17 07:51:27.596,0.95581,0.95602,1.50,1.13
2013.04.17 07:51:27.716,0.95581,0.95602,2.33,1.13
2013.04.17 07:51:28.026,0.95583,0.95603,1.58,1.13
2013.04.17 07:51:28.145,0.95582,0.95602,1.50,1.50
2013.04.17 07:51:28.325,0.95582,0.95603,2.33,1.13
2013.04.17 07:51:28.386,0.95582,0.95603,1.58,1.13
2013.04.17 07:51:28.447,0.95582,0.95603,1.50,1.88
2013.04.17 07:51:28.565,0.95583,0.95601,1.58,1.13
2013.04.17 07:51:28.685,0.95581,0.95601,1.50,1.13
2013.04.17 07:51:28.807,0.95581,0.95602,1.50,1.50
2013.04.17 07:51:29.109,0.95582,0.956,1.58,1.50
2013.04.17 07:51:29.165,0.95581,0.956,1.50,1.50
2013.04.17 07:51:29.226,0.95581,0.956,1.50,1.50
2013.04.17 07:51:29.646,0.95581,0.956,1.50,1.88
2013.04.17 07:51:30.109,0.95581,0.956,1.50,1.50
2013.04.17 07:51:30.176,0.95581,0.956,1.50,1.50
2013.04.17 07:51:30.238,0.95581,0.956,2.33,2.25
2013.04.17 07:51:30.557,0.9558,0.95599,1.58,1.13
2013.04.17 07:51:31.088,0.9558,0.95601,1.50,1.50
2013.04.17 07:51:31.436,0.95578,0.95602,3.08,1.13
2013.04.17 07:51:31.615,0.9558,0.95601,1.50,1.50
2013.04.17 07:51:31.737,0.9558,0.95601,1.50,2.25
2013.04.17 07:51:31.859,0.95579,0.95599,1.50,1.13
2013.04.17 07:51:32.116,0.95577,0.95597,1.50,1.13
2013.04.17 07:51:32.417,0.95574,0.95593,2.33,1.28
2013.04.17 07:51:32.537,0.95572,0.9559,1.58,1.13
2013.04.17 07:51:32.659,0.95574,0.95593,1.50,1.20
2013.04.17 07:51:33.015,0.95575,0.95591,1.50,1.50
2013.04.17 07:51:33.316,0.95574,0.95595,2.33,1.13
2013.04.17 07:51:33.376,0.95573,0.95595,1.58,1.13
2013.04.17 07:51:33.615,0.95573,0.95594,1.58,1.50
2013.04.17 07:51:33.825,0.95572,0.95594,1.58,1.50
2013.04.17 07:51:34.185,0.95572,0.95592,1.50,1.65
2013.04.17 07:51:34.307,0.95572,0.95592,1.50,1.50
2013.04.17 07:51:34.437,0.95571,0.95594,2.25,2.25
2013.04.17 07:51:34.738,0.95578,0.95596,1.58,1.50
2013.04.17 07:51:34.857,0.95576,0.95595,1.50,1.13
2013.04.17 07:51:35.395,0.95577,0.956,1.50,2.63
2013.04.17 07:51:35.575,0.95578,0.956,1.58,2.63
2013.04.17 07:51:36.167,0.9558,0.95599,1.58,1.50
2013.04.17 07:51:36.563,0.95582,0.95599,1.50,1.50
2013.04.17 07:51:36.767,0.95582,0.95601,1.58,1.28
2013.04.17 07:51:36.948,0.95587,0.95603,1.50,1.50
2013.04.17 07:51:37.126,0.95588,0.95608,2.33,1.13
2013.04.17 07:51:37.448,0.95589,0.9561,1.58,1.50
2013.04.17 07:51:37.696,0.95585,0.95606,1.50,1.50
2013.04.17 07:51:37.938,0.95585,0.95605,1.50,1.13
2013.04.17 07:51:38.490,0.95586,0.95608,1.58,1.50
2013.04.17 07:51:38.676,0.95583,0.95605,1.58,1.88
2013.04.17 07:51:39.377,0.95581,0.95597,1.58,1.50
2013.04.17 07:51:39.437,0.95577,0.95597,1.50,1.50
2013.04.17 07:51:40.547,0.95574,0.95594,1.88,1.58
2013.04.17 07:51:40.605,0.95576,0.95597,1.50,1.50
2013.04.17 07:51:41.026,0.95581,0.95602,1.58,1.88
2013.04.17 07:51:41.265,0.95583,0.95606,1.58,1.65
2013.04.17 07:51:41.445,0.95581,0.95599,1.50,2.25
2013.04.17 07:51:41.506,0.95576,0.95597,1.88,1.50
2013.04.17 07:51:41.866,0.95577,0.95597,1.88,1.50
2013.04.17 07:51:42.224,0.95583,0.95604,1.58,1.50
2013.04.17 07:51:43.020,0.95582,0.95602,1.88,1.50
2013.04.17 07:51:43.145,0.95582,0.95602,1.13,1.50
2013.04.17 07:51:43.265,0.95583,0.95606,1.58,2.25
2013.04.17 07:51:43.386,0.95585,0.95606,1.50,1.50
2013.04.17 07:51:43.985,0.95585,0.95606,1.50,1.50
2013.04.17 07:51:44.287,0.95584,0.95606,1.50,1.50
2013.04.17 07:51:44.800,0.95587,0.95604,1.58,1.50
2013.04.17 07:51:44.880,0.95583,0.95603,1.50,1.88
2013.04.17 07:51:45.928,0.95582,0.956,1.50,1.50
2013.04.17 07:51:45.986,0.95582,0.95602,1.50,1.13
2013.04.17 07:51:46.227,0.95579,0.95599,2.33,1.13
2013.04.17 07:51:46.468,0.95575,0.95598,3.08,1.50
2013.04.17 07:51:46.981,0.95579,0.95597,1.50,1.13
2013.04.17 07:51:47.895,0.95579,0.95596,1.50,1.13
2013.04.17 07:51:48.435,0.95576,0.95597,2.33,1.88
2013.04.17 07:51:48.812,0.95576,0.95597,1.58,1.88
2013.04.17 07:51:48.935,0.95577,0.95597,2.25,1.13
2013.04.17 07:51:48.995,0.95578,0.95602,1.20,3.38
2013.04.17 07:51:49.055,0.95581,0.95602,1.50,2.63
2013.04.17 07:51:49.456,0.95577,0.95599,1.13,1.50
2013.04.17 07:51:50.476,0.95576,0.95595,2.63,1.50
2013.04.17 07:51:51.335,0.95574,0.95594,1.13,1.50
2013.04.17 07:51:51.755,0.95573,0.95594,1.13,1.50
2013.04.17 07:51:52.645,0.95572,0.95594,2.63,1.50
2013.04.17 07:51:53.884,0.95572,0.95594,1.88,2.25
2013.04.17 07:51:54.246,0.95572,0.95594,1.88,1.50
2013.04.17 07:51:54.435,0.95573,0.95594,1.13,1.50
2013.04.17 07:51:55.085,0.95573,0.95594,1.88,1.50
2013.04.17 07:51:55.220,0.95573,0.95593,1.13,1.50
2013.04.17 07:51:55.566,0.95573,0.95593,1.88,1.50
2013.04.17 07:51:57.096,0.95572,0.95595,1.13,1.50
2013.04.17 07:51:58.366,0.95572,0.95595,1.20,1.50
2013.04.17 07:51:59.155,0.95573,0.95593,1.13,1.50
2013.04.17 07:51:59.276,0.95576,0.95596,1.58,1.13
2013.04.17 07:51:59.635,0.95575,0.95591,1.50,1.88
2013.04.17 07:51:59.817,0.95571,0.95591,1.58,1.13
2013.04.17 07:51:59.935,0.95573,0.95591,2.33,1.13
2013.04.17 07:52:00.386,0.95572,0.95592,1.58,1.88
2013.04.17 07:52:00.508,0.95569,0.95592,1.58,1.88
2013.04.17 07:52:01.127,0.9557,0.95592,2.33,1.88
2013.04.17 07:52:01.606,0.95576,0.95592,1.58,1.88
2013.04.17 07:52:01.837,0.95574,0.95592,1.58,1.88
2013.04.17 07:52:01.896,0.95573,0.95592,1.50,1.88
2013.04.17 07:52:02.995,0.95573,0.95594,1.50,1.65
2013.04.17 07:52:03.755,0.95573,0.95596,3.08,1.13
2013.04.17 07:52:04.116,0.95579,0.95598,1.58,1.13
2013.04.17 07:52:04.236,0.95579,0.95598,1.58,1.13
2013.04.17 07:52:04.355,0.95577,0.95598,1.58,1.88
2013.04.17 07:52:04.896,0.95581,0.95601,1.50,1.13
2013.04.17 07:52:05.195,0.95577,0.95599,2.70,1.65
2013.04.17 07:52:05.705,0.9558,0.95601,1.58,1.88
2013.04.17 07:52:06.536,0.9558,0.956,1.58,1.13
2013.04.17 07:52:06.595,0.95579,0.956,1.50,1.88
2013.04.17 07:52:07.115,0.95577,0.95597,2.33,1.13
2013.04.17 07:52:07.175,0.95576,0.95597,1.50,1.13
2013.04.17 07:52:07.705,0.95577,0.95597,1.58,1.13
2013.04.17 07:52:08.125,0.95573,0.95594,1.50,1.88
2013.04.17 07:52:08.916,0.95573,0.95595,1.50,1.13
2013.04.17 07:52:09.276,0.95573,0.95597,3.45,1.88
2013.04.17 07:52:10.006,0.95575,0.95595,1.50,1.50
2013.04.17 07:52:10.525,0.95573,0.95595,1.20,1.50
2013.04.17 07:52:11.046,0.95572,0.95594,1.58,1.13
2013.04.17 07:52:11.166,0.95572,0.95593,1.50,1.50
2013.04.17 07:52:11.725,0.95571,0.95592,1.50,1.13
2013.04.17 07:52:12.491,0.95569,0.95592,1.58,1.13
2013.04.17 07:52:12.885,0.95571,0.95591,1.50,1.13
2013.04.17 07:52:13.065,0.95568,0.95589,1.58,1.88
2013.04.17 07:52:13.185,0.9557,0.95589,1.50,1.88
2013.04.17 07:52:13.406,0.95566,0.95589,3.83,1.88
2013.04.17 07:52:13.945,0.95566,0.95588,2.33,1.50
2013.04.17 07:52:14.276,0.95569,0.95588,1.88,1.50
2013.04.17 07:52:14.351,0.95569,0.95588,1.13,1.50
2013.04.17 07:52:15.876,0.95565,0.95586,1.88,1.50
2013.04.17 07:52:15.936,0.95567,0.95587,1.50,1.50
2013.04.17 07:52:16.056,0.95565,0.95586,2.33,1.13
2013.04.17 07:52:16.178,0.95564,0.95586,1.58,1.88
2013.04.17 07:52:16.355,0.95561,0.95582,2.33,1.50
2013.04.17 07:52:16.597,0.9556,0.95581,1.28,1.50
2013.04.17 07:52:16.656,0.95564,0.95582,1.50,1.88
2013.04.17 07:52:16.836,0.95564,0.95583,1.50,1.50
2013.04.17 07:52:17.196,0.95562,0.95581,1.58,1.50
2013.04.17 07:52:17.555,0.95561,0.95581,1.50,1.50
2013.04.17 07:52:18.599,0.95561,0.95579,1.50,1.50
2013.04.17 07:52:19.128,0.95558,0.95579,1.50,1.50
2013.04.17 07:52:19.505,0.95558,0.95581,1.50,1.58
2013.04.17 07:52:19.805,0.95558,0.95578,1.50,1.50
2013.04.17 07:52:21.086,0.95561,0.95583,1.50,2.33
2013.04.17 07:52:21.265,0.95564,0.95583,1.50,1.50
2013.04.17 07:52:21.625,0.95566,0.95588,2.33,1.50
2013.04.17 07:52:21.865,0.95569,0.95589,1.50,1.50
2013.04.17 07:52:22.386,0.95571,0.95592,1.50,1.50
2013.04.17 07:52:22.815,0.95574,0.95595,1.50,1.13
2013.04.17 07:52:24.299,0.95576,0.95597,1.13,1.50
2013.04.17 07:52:24.616,0.95579,0.95599,1.50,2.63
2013.04.17 07:52:25.388,0.95579,0.95599,1.50,2.63
2013.04.17 07:52:25.565,0.95576,0.95597,1.58,1.13
2013.04.17 07:52:25.626,0.95576,0.95596,1.50,1.50
2013.04.17 07:52:25.748,0.95578,0.95599,1.50,1.13
2013.04.17 07:52:25.965,0.95579,0.95599,1.50,1.13
2013.04.17 07:52:26.485,0.95576,0.95598,1.50,2.25
2013.04.17 07:52:26.813,0.95574,0.95597,1.50,1.95
2013.04.17 07:52:27.186,0.95574,0.95595,1.50,1.50
2013.04.17 07:52:27.489,0.95577,0.95599,1.50,2.25
2013.04.17 07:52:27.546,0.95577,0.95599,1.50,1.88
2013.04.17 07:52:27.725,0.95577,0.95598,1.50,1.50
2013.04.17 07:52:28.040,0.95576,0.95598,1.50,1.58
2013.04.17 07:52:28.096,0.95578,0.95598,1.50,1.50
2013.04.17 07:52:28.277,0.95578,0.95599,1.50,1.50
2013.04.17 07:52:29.156,0.95581,0.956,1.50,1.13
2013.04.17 07:52:30.416,0.95579,0.956,1.58,1.13
2013.04.17 07:52:30.776,0.95574,0.95595,1.73,1.50
2013.04.17 07:52:31.315,0.95572,0.95594,1.50,1.88
2013.04.17 07:52:31.556,0.95572,0.95594,2.33,1.88
2013.04.17 07:52:32.029,0.95571,0.95593,1.50,1.50
2013.04.17 07:52:32.095,0.95571,0.95592,1.50,1.50
2013.04.17 07:52:32.256,0.95571,0.95593,1.50,2.25
2013.04.17 07:52:34.538,0.95573,0.95593,1.50,1.13
2013.04.17 07:52:35.215,0.95573,0.95596,1.88,1.50
2013.04.17 07:52:35.335,0.95573,0.95595,1.88,1.50
2013.04.17 07:52:35.735,0.95573,0.95596,2.63,1.50
2013.04.17 07:52:35.977,0.95577,0.95597,1.50,1.13
2013.04.17 07:52:36.406,0.95575,0.95597,1.50,1.50
2013.04.17 07:52:36.596,0.95575,0.95596,1.50,1.50
2013.04.17 07:52:37.016,0.95571,0.95593,1.50,1.95
2013.04.17 07:52:37.658,0.95574,0.95594,1.50,1.13
2013.04.17 07:52:37.717,0.95574,0.95596,1.50,2.03
2013.04.17 07:52:37.778,0.95574,0.95597,1.50,2.03
2013.04.17 07:52:38.075,0.95574,0.95596,1.50,2.03
2013.04.17 07:52:38.286,0.95574,0.95594,1.50,1.13
2013.04.17 07:52:39.295,0.95574,0.95593,1.50,1.88
2013.04.17 07:52:39.356,0.95573,0.95592,1.50,1.13
2013.04.17 07:52:39.535,0.95572,0.95592,1.50,1.88
2013.04.17 07:52:40.410,0.95572,0.95593,2.25,1.50
2013.04.17 07:52:40.962,0.95577,0.95597,1.50,1.13
2013.04.17 07:52:42.925,0.95574,0.95595,1.50,1.88
2013.04.17 07:52:44.156,0.95577,0.95596,1.50,1.13
2013.04.17 07:52:44.567,0.95576,0.95594,1.50,1.13
2013.04.17 07:52:45.257,0.95577,0.95598,1.50,1.13
2013.04.17 07:52:45.615,0.95576,0.95598,1.50,1.88
2013.04.17 07:52:45.935,0.95577,0.95598,1.50,1.13
2013.04.17 07:52:46.629,0.95577,0.95598,1.50,1.13
2013.04.17 07:52:46.688,0.95576,0.95597,1.50,1.13
2013.04.17 07:52:50.139,0.95577,0.95598,1.50,1.13
2013.04.17 07:52:51.047,0.95577,0.95598,1.50,1.13
2013.04.17 07:52:51.596,0.95577,0.95597,1.50,1.13
2013.04.17 07:52:51.935,0.95577,0.95597,1.50,1.13
2013.04.17 07:52:52.056,0.9558,0.95601,1.50,1.13
2013.04.17 07:52:52.295,0.95584,0.95602,1.50,1.13
2013.04.17 07:52:52.467,0.95584,0.95606,2.10,1.50
2013.04.17 07:52:52.706,0.95589,0.9561,1.50,1.35
2013.04.17 07:52:52.955,0.9559,0.95611,1.50,1.88
2013.04.17 07:52:53.481,0.95587,0.9561,1.50,1.88
2013.04.17 07:52:54.155,0.95587,0.95606,1.50,1.50
2013.04.17 07:52:54.695,0.95584,0.95603,1.50,1.13
2013.04.17 07:52:54.756,0.95584,0.95603,1.50,1.13
2013.04.17 07:52:55.295,0.95584,0.95603,1.50,1.50
2013.04.17 07:52:55.726,0.9558,0.95601,1.50,1.50
2013.04.17 07:52:56.166,0.95582,0.95603,1.50,1.50
2013.04.17 07:52:56.227,0.95581,0.95601,1.50,1.58
2013.04.17 07:52:58.806,0.95578,0.95598,1.50,1.50
2013.04.17 07:52:59.105,0.95575,0.95597,2.25,1.58
2013.04.17 07:52:59.405,0.95575,0.95595,1.50,1.88
2013.04.17 07:53:00.592,0.95573,0.95595,1.50,1.88
2013.04.17 07:53:00.806,0.95574,0.95593,1.50,1.50
2013.04.17 07:53:01.213,0.95573,0.95592,1.50,1.13
2013.04.17 07:53:02.157,0.9557,0.95591,1.50,1.13
2013.04.17 07:53:02.685,0.95572,0.95593,1.50,1.13
2013.04.17 07:53:02.871,0.95572,0.95593,1.50,1.13
2013.04.17 07:53:03.538,0.95573,0.95593,1.50,1.13
2013.04.17 07:53:05.105,0.95573,0.95593,1.88,1.88
2013.04.17 07:53:05.226,0.95573,0.95595,1.88,1.95
2013.04.17 07:53:05.405,0.95573,0.95595,1.88,1.95
2013.04.17 07:53:06.041,0.95573,0.95593,1.88,1.50
2013.04.17 07:53:07.267,0.95573,0.95593,1.88,1.50
2013.04.17 07:53:09.036,0.95573,0.95593,1.88,1.50
2013.04.17 07:53:10.205,0.95576,0.95593,1.50,1.50
2013.04.17 07:53:10.455,0.95574,0.95591,1.65,1.13
2013.04.17 07:53:11.005,0.95574,0.95592,1.65,1.88
2013.04.17 07:53:11.545,0.95574,0.95592,1.65,1.88
2013.04.17 07:53:11.666,0.95572,0.95588,1.50,1.13
2013.04.17 07:53:11.917,0.95568,0.95589,1.65,1.13
2013.04.17 07:53:12.156,0.95575,0.95591,1.50,1.50
2013.04.17 07:53:12.817,0.95576,0.95591,2.33,1.50
2013.04.17 07:53:13.160,0.95576,0.95593,2.33,1.13
2013.04.17 07:53:13.458,0.95572,0.95587,1.50,1.88
2013.04.17 07:53:13.575,0.95571,0.95587,1.50,1.88
2013.04.17 07:53:14.115,0.95571,0.95588,1.50,1.13
2013.04.17 07:53:14.426,0.95571,0.95588,1.50,1.13
2013.04.17 07:53:15.135,0.95571,0.9559,1.50,1.50
2013.04.17 07:53:15.705,0.95571,0.9559,1.50,1.50
2013.04.17 07:53:15.825,0.95569,0.95588,1.58,1.50
2013.04.17 07:53:16.005,0.95569,0.95588,1.58,1.50
2013.04.17 07:53:16.306,0.95567,0.95587,2.33,1.13
2013.04.17 07:53:16.366,0.95567,0.95587,1.50,1.13
2013.04.17 07:53:16.776,0.95566,0.95584,1.50,1.50
2013.04.17 07:53:17.666,0.95566,0.95585,1.50,1.50
2013.04.17 07:53:17.786,0.95564,0.95583,1.58,1.50
2013.04.17 07:53:18.555,0.95565,0.95584,1.50,2.25
2013.04.17 07:53:18.615,0.95566,0.95584,2.33,1.50
2013.04.17 07:53:18.916,0.9557,0.95593,1.88,2.25
2013.04.17 07:53:19.035,0.9557,0.95593,1.88,1.50
2013.04.17 07:53:19.866,0.95575,0.95594,1.58,1.50
2013.04.17 07:53:20.045,0.95571,0.95592,1.50,1.50
2013.04.17 07:53:20.225,0.95571,0.95594,1.50,1.95
2013.04.17 07:53:20.346,0.95581,0.95598,1.88,2.70
2013.04.17 07:53:20.886,0.95586,0.95598,1.58,2.33
2013.04.17 07:53:20.945,0.95584,0.95602,2.48,1.50
2013.04.17 07:53:21.128,0.95587,0.95603,1.50,1.88
2013.04.17 07:53:21.187,0.95587,0.95603,1.50,1.88
2013.04.17 07:53:21.306,0.95587,0.95603,1.50,1.88
2013.04.17 07:53:21.666,0.95581,0.956,1.88,1.50
2013.04.17 07:53:21.787,0.9558,0.95601,1.50,1.50
2013.04.17 07:53:21.965,0.95582,0.95601,1.50,1.50
2013.04.17 07:53:22.267,0.95583,0.95602,1.50,1.50
2013.04.17 07:53:22.625,0.95581,0.95599,1.50,1.50
2013.04.17 07:53:22.867,0.95576,0.95596,1.13,1.50
2013.04.17 07:53:23.167,0.95578,0.95598,1.13,1.50
2013.04.17 07:53:24.115,0.95578,0.95598,1.13,1.50
2013.04.17 07:53:25.166,0.95577,0.95598,2.63,1.50
2013.04.17 07:53:25.867,0.95579,0.95601,1.88,1.50
2013.04.17 07:53:28.046,0.95581,0.95601,1.50,1.50
2013.04.17 07:53:28.486,0.95583,0.95603,1.50,1.50
2013.04.17 07:53:29.333,0.95581,0.95601,1.50,2.40
2013.04.17 07:53:29.457,0.95579,0.95594,1.20,1.50
2013.04.17 07:53:29.576,0.95575,0.95594,1.50,2.25
2013.04.17 07:53:29.935,0.95576,0.95595,1.88,1.50
2013.04.17 07:53:30.435,0.95581,0.956,1.50,1.50
2013.04.17 07:53:30.918,0.95581,0.95601,1.65,1.50
2013.04.17 07:53:31.845,0.95581,0.956,1.65,1.50
2013.04.17 07:53:33.017,0.95581,0.95599,1.65,1.50
2013.04.17 07:53:33.785,0.95581,0.95601,1.65,1.50
2013.04.17 07:53:34.296,0.95581,0.95601,1.65,1.50
2013.04.17 07:53:34.497,0.95581,0.95601,1.65,1.50
2013.04.17 07:53:35.954,0.9558,0.95599,1.13,1.50
2013.04.17 07:53:36.651,0.95581,0.95601,1.65,1.50
2013.04.17 07:53:37.167,0.9558,0.95599,1.13,2.25
2013.04.17 07:53:37.705,0.95583,0.95603,1.28,3.08
2013.04.17 07:53:37.825,0.95585,0.95604,1.50,3.00
2013.04.17 07:53:38.706,0.95587,0.95604,1.13,1.50
2013.04.17 07:53:38.826,0.95585,0.95604,1.50,1.50
2013.04.17 07:53:38.947,0.95586,0.95599,1.20,1.50
2013.04.17 07:53:39.008,0.95585,0.95598,1.13,1.50
2013.04.17 07:53:39.067,0.95585,0.95598,1.13,2.25
2013.04.17 07:53:39.127,0.95577,0.95595,1.88,1.50
2013.04.17 07:53:39.187,0.95576,0.95597,1.88,1.58
2013.04.17 07:53:39.305,0.95576,0.95595,1.88,1.50
2013.04.17 07:53:39.487,0.95576,0.95595,1.88,1.50
2013.04.17 07:53:40.326,0.95573,0.95594,1.58,1.65
2013.04.17 07:53:40.385,0.95573,0.95593,1.50,2.25
2013.04.17 07:53:41.019,0.95573,0.95593,1.88,1.50
2013.04.17 07:53:41.906,0.95573,0.95593,1.88,1.50
2013.04.17 07:53:42.456,0.95575,0.95596,1.50,1.65
2013.04.17 07:53:42.646,0.95575,0.95596,1.50,1.65
2013.04.17 07:53:42.825,0.95575,0.95596,2.25,1.65
2013.04.17 07:53:43.185,0.95572,0.95593,1.13,1.50
2013.04.17 07:53:43.365,0.95571,0.95593,1.88,1.50
2013.04.17 07:53:43.876,0.95571,0.95594,3.45,3.15
2013.04.17 07:53:43.998,0.95575,0.95594,1.50,1.65
2013.04.17 07:53:44.875,0.95575,0.95594,1.50,1.65
2013.04.17 07:53:45.175,0.95571,0.95592,1.50,1.50
2013.04.17 07:53:45.405,0.95571,0.95592,1.50,1.50
2013.04.17 07:53:45.798,0.9557,0.9559,1.58,1.13
2013.04.17 07:53:45.975,0.95568,0.95589,1.13,2.40
2013.04.17 07:53:46.336,0.95568,0.95589,1.88,1.65
2013.04.17 07:53:47.815,0.95571,0.95592,1.50,1.88
2013.04.17 07:53:47.938,0.95572,0.95593,1.58,1.50
2013.04.17 07:53:48.486,0.95573,0.95595,1.50,1.65
2013.04.17 07:53:48.969,0.95573,0.95595,1.50,2.03
2013.04.17 07:53:49.031,0.95573,0.95595,1.50,2.03
2013.04.17 07:53:49.100,0.95573,0.95595,1.50,2.03
2013.04.17 07:53:50.122,0.95571,0.95592,1.13,1.50
2013.04.17 07:53:51.197,0.95568,0.9559,1.65,1.50
2013.04.17 07:53:52.746,0.9557,0.95591,2.33,1.50
2013.04.17 07:53:53.336,0.95574,0.95595,1.13,1.13
2013.04.17 07:53:53.696,0.95578,0.95599,2.48,1.88
2013.04.17 07:53:53.816,0.95575,0.95597,1.20,1.50
2013.04.17 07:53:53.935,0.95576,0.95597,1.50,1.50
2013.04.17 07:53:53.996,0.95577,0.95597,1.13,2.25
2013.04.17 07:53:54.367,0.95577,0.95597,1.13,2.25
2013.04.17 07:53:54.605,0.95572,0.95592,1.88,1.50
2013.04.17 07:53:55.212,0.95572,0.95589,1.13,1.50
2013.04.17 07:53:55.776,0.9557,0.95589,1.28,1.50
2013.04.17 07:53:56.015,0.95567,0.95589,1.88,2.40
2013.04.17 07:53:56.526,0.95566,0.95588,1.65,1.50
2013.04.17 07:53:56.622,0.95566,0.95588,1.65,1.50
2013.04.17 07:53:59.795,0.95572,0.95593,1.65,1.50
2013.04.17 07:54:00.976,0.9557,0.9559,1.50,2.25
2013.04.17 07:54:01.956,0.95571,0.95593,1.13,1.95
2013.04.17 07:54:02.542,0.95573,0.95593,1.50,1.13
2013.04.17 07:54:03.204,0.95574,0.95594,1.13,2.33
2013.04.17 07:54:03.576,0.95575,0.95595,1.65,1.50
2013.04.17 07:54:03.996,0.95575,0.95597,1.65,1.95
2013.04.17 07:54:04.948,0.95579,0.95599,1.50,2.63
2013.04.17 07:54:05.296,0.95578,0.95598,1.50,1.13
2013.04.17 07:54:05.476,0.95579,0.95599,1.50,1.50
2013.04.17 07:54:05.986,0.95579,0.95598,1.50,1.88
2013.04.17 07:54:06.108,0.95578,0.95597,1.50,1.50
2013.04.17 07:54:06.646,0.95579,0.956,1.50,1.13
2013.04.17 07:54:06.886,0.95581,0.95602,1.50,1.28
2013.04.17 07:54:07.798,0.95582,0.95602,3.08,1.65
2013.04.17 07:54:07.977,0.95582,0.956,2.25,1.50
2013.04.17 07:54:08.670,0.95582,0.956,1.50,1.50
2013.04.17 07:54:09.188,0.95581,0.95604,1.58,1.28
2013.04.17 07:54:09.367,0.95583,0.95604,1.50,1.28
2013.04.17 07:54:09.846,0.95582,0.95602,1.50,1.28
2013.04.17 07:54:10.158,0.95582,0.95602,1.50,1.28
2013.04.17 07:54:10.515,0.95582,0.95602,1.58,2.03
2013.04.17 07:54:10.876,0.95584,0.95603,1.50,1.65
2013.04.17 07:54:10.936,0.95584,0.95603,1.50,1.65
2013.04.17 07:54:11.115,0.95584,0.95603,1.65,1.88
2013.04.17 07:54:11.672,0.95587,0.95606,1.50,1.88
2013.04.17 07:54:12.457,0.95587,0.95606,1.58,1.88
2013.04.17 07:54:12.815,0.95591,0.95609,2.33,1.50
2013.04.17 07:54:12.875,0.95593,0.95613,1.50,1.13
2013.04.17 07:54:13.415,0.95593,0.95613,1.50,1.50
2013.04.17 07:54:14.745,0.95597,0.95613,1.13,1.50
2013.04.17 07:54:14.866,0.95597,0.95617,1.58,1.50
2013.04.17 07:54:14.926,0.956,0.95617,1.58,1.50
2013.04.17 07:54:14.985,0.95602,0.95618,1.50,1.50
2013.04.17 07:54:15.046,0.95605,0.95622,1.50,1.13
2013.04.17 07:54:15.106,0.95605,0.95625,1.50,1.28
2013.04.17 07:54:15.166,0.95602,0.95625,1.58,2.03
2013.04.17 07:54:15.227,0.95602,0.95624,1.95,1.50
2013.04.17 07:54:15.287,0.95602,0.95625,1.95,1.65
2013.04.17 07:54:15.346,0.95606,0.95625,1.50,1.65
2013.04.17 07:54:16.406,0.95606,0.95624,1.50,1.50
2013.04.17 07:54:16.525,0.95602,0.95624,1.58,1.50
2013.04.17 07:54:16.705,0.95604,0.95625,1.50,2.03
2013.04.17 07:54:17.247,0.95604,0.95625,1.50,1.65
2013.04.17 07:54:17.607,0.95609,0.9563,1.13,1.88
2013.04.17 07:54:17.666,0.95609,0.9563,1.50,1.50
2013.04.17 07:54:17.905,0.95615,0.9563,1.13,1.50
2013.04.17 07:54:18.046,0.95615,0.95636,1.13,1.65
2013.04.17 07:54:18.108,0.95617,0.95637,1.50,1.65
2013.04.17 07:54:18.526,0.95617,0.95638,1.58,1.50
2013.04.17 07:54:18.846,0.95619,0.95638,1.58,1.50
2013.04.17 07:54:19.206,0.95617,0.95633,2.33,1.50
2013.04.17 07:54:19.566,0.95618,0.95633,1.58,1.50
2013.04.17 07:54:19.625,0.95618,0.95633,1.58,1.50
2013.04.17 07:54:19.686,0.9562,0.95636,1.50,1.28
2013.04.17 07:54:20.302,0.9562,0.95636,1.50,1.28
2013.04.17 07:54:20.826,0.95618,0.95638,1.50,2.25
2013.04.17 07:54:20.887,0.95617,0.95633,2.25,1.50
2013.04.17 07:54:21.247,0.95616,0.95633,1.58,1.50
2013.04.17 07:54:21.307,0.95616,0.95634,1.58,1.50
2013.04.17 07:54:21.545,0.95614,0.95634,1.50,1.50
2013.04.17 07:54:21.666,0.95614,0.95633,1.50,1.50
2013.04.17 07:54:22.176,0.95614,0.95631,1.50,1.28
2013.04.17 07:54:22.536,0.95614,0.95633,1.50,1.13
2013.04.17 07:54:22.656,0.95614,0.95633,1.50,1.13
2013.04.17 07:54:23.187,0.95614,0.95629,1.58,1.13
2013.04.17 07:54:23.259,0.95611,0.95629,2.33,1.28
2013.04.17 07:54:24.146,0.95614,0.95634,1.65,1.13
2013.04.17 07:54:24.207,0.95612,0.95634,1.88,1.13
2013.04.17 07:54:24.448,0.95614,0.95636,2.48,1.50
2013.04.17 07:54:24.952,0.95618,0.95636,1.50,1.50
2013.04.17 07:54:25.457,0.95618,0.95636,1.50,1.50
2013.04.17 07:54:25.706,0.95618,0.95639,1.50,1.50
2013.04.17 07:54:25.836,0.95619,0.95638,1.65,1.13
2013.04.17 07:54:26.163,0.95626,0.95644,1.50,1.13
2013.04.17 07:54:26.466,0.95626,0.95645,1.58,1.50
2013.04.17 07:54:26.826,0.95622,0.95639,2.33,1.88
2013.04.17 07:54:26.886,0.95621,0.95639,2.48,1.13
2013.04.17 07:54:27.126,0.95624,0.9564,1.58,1.50
2013.04.17 07:54:27.371,0.95622,0.9564,1.58,1.50
2013.04.17 07:54:27.499,0.95624,0.95644,1.50,1.28
2013.04.17 07:54:27.856,0.95627,0.95644,2.33,1.13
2013.04.17 07:54:27.916,0.95627,0.95644,1.58,1.13
2013.04.17 07:54:28.187,0.95626,0.95645,1.50,1.50
2013.04.17 07:54:28.496,0.95623,0.95645,1.13,2.40
2013.04.17 07:54:28.619,0.95619,0.95642,1.50,1.13
2013.04.17 07:54:28.736,0.95618,0.95638,1.50,1.50
2013.04.17 07:54:28.795,0.95618,0.95639,1.50,1.50
2013.04.17 07:54:29.036,0.95624,0.95644,1.50,1.88
2013.04.17 07:54:29.276,0.95626,0.95646,1.50,1.88
2013.04.17 07:54:29.749,0.95624,0.95644,1.50,1.50
2013.04.17 07:54:29.866,0.95624,0.95644,1.50,2.25
2013.04.17 07:54:29.985,0.95624,0.95644,1.50,2.25
2013.04.17 07:54:30.226,0.95622,0.95644,1.50,1.50
2013.04.17 07:54:30.895,0.95623,0.95644,1.50,2.25
2013.04.17 07:54:31.435,0.95623,0.95644,1.50,2.25
2013.04.17 07:54:31.676,0.95621,0.95641,2.70,1.50
2013.04.17 07:54:31.735,0.95623,0.95641,1.58,1.50
2013.04.17 07:54:32.375,0.95623,0.9564,1.50,1.50
2013.04.17 07:54:32.617,0.95623,0.95643,1.50,1.88
2013.04.17 07:54:32.977,0.95629,0.95645,1.50,1.50
2013.04.17 07:54:33.876,0.95627,0.95644,1.58,1.50
2013.04.17 07:54:33.936,0.95626,0.95644,2.25,1.50
2013.04.17 07:54:34.526,0.95626,0.95644,1.50,1.50
2013.04.17 07:54:34.646,0.95626,0.95644,2.25,1.50
2013.04.17 07:54:34.706,0.95626,0.95644,2.25,1.50
2013.04.17 07:54:34.886,0.95622,0.95641,1.50,1.50
2013.04.17 07:54:34.945,0.95622,0.95638,1.50,1.50
2013.04.17 07:54:35.496,0.95621,0.95638,1.50,1.50
2013.04.17 07:54:36.565,0.9562,0.95637,1.50,1.50
2013.04.17 07:54:37.066,0.95618,0.95637,1.58,1.50
2013.04.17 07:54:37.185,0.95617,0.95637,1.50,1.88
2013.04.17 07:54:37.725,0.95617,0.95634,1.50,1.50
2013.04.17 07:54:38.837,0.95617,0.95639,3.08,1.13
2013.04.17 07:54:39.140,0.95622,0.95638,1.50,1.50
2013.04.17 07:54:39.556,0.95622,0.95637,1.50,1.13
2013.04.17 07:54:39.616,0.95622,0.95639,1.50,1.88
2013.04.17 07:54:40.529,0.95625,0.95643,1.50,1.13
2013.04.17 07:54:40.975,0.95627,0.95644,1.58,1.13
2013.04.17 07:54:42.057,0.95628,0.95643,1.50,1.50
2013.04.17 07:54:42.176,0.95626,0.95642,1.50,1.50
2013.04.17 07:54:43.566,0.95627,0.95643,1.50,1.50
2013.04.17 07:54:44.027,0.95625,0.95642,1.50,1.50
2013.04.17 07:54:44.581,0.95623,0.95642,1.58,1.50
2013.04.17 07:54:45.045,0.95623,0.95642,3.08,1.50
2013.04.17 07:54:45.165,0.95626,0.95644,1.50,1.50
2013.04.17 07:54:45.405,0.95627,0.95645,1.50,1.50
2013.04.17 07:54:45.645,0.95628,0.95645,1.58,1.88
2013.04.17 07:54:45.825,0.95626,0.95645,2.33,1.88
2013.04.17 07:54:45.885,0.95626,0.95645,1.50,1.88
2013.04.17 07:54:47.418,0.95626,0.95645,1.50,1.13
2013.04.17 07:54:48.585,0.95623,0.95646,1.50,2.03
2013.04.17 07:54:49.214,0.95623,0.95646,1.50,2.03
2013.04.17 07:54:50.077,0.95622,0.95644,1.50,1.58
2013.04.17 07:54:50.152,0.95622,0.95643,1.50,1.50
2013.04.17 07:54:51.159,0.95621,0.95642,1.50,1.88
2013.04.17 07:54:51.696,0.95619,0.95639,1.50,1.50
2013.04.17 07:54:51.756,0.95619,0.95641,1.50,1.20
2013.04.17 07:54:52.386,0.95622,0.95644,1.50,2.63
2013.04.17 07:54:52.676,0.95622,0.95644,1.50,2.63
2013.04.17 07:54:52.986,0.95622,0.95644,1.50,2.63
2013.04.17 07:54:53.799,0.95622,0.95644,1.50,2.63
2013.04.17 07:54:54.846,0.95622,0.95644,1.50,3.38
2013.04.17 07:54:55.205,0.95622,0.95641,2.33,1.50
2013.04.17 07:54:55.745,0.95622,0.95638,1.50,1.88
2013.04.17 07:54:56.468,0.95622,0.95639,1.50,2.63
2013.04.17 07:54:58.235,0.95622,0.9564,1.50,1.50
2013.04.17 07:55:01.306,0.95622,0.95639,1.50,1.50
2013.04.17 07:55:01.850,0.95621,0.95642,1.50,1.13
2013.04.17 07:55:06.556,0.95622,0.95641,1.50,1.88
2013.04.17 07:55:06.709,0.95623,0.95641,1.50,1.13
2013.04.17 07:55:10.057,0.95623,0.95641,1.50,1.50
2013.04.17 07:55:10.368,0.95622,0.95638,1.50,1.50
2013.04.17 07:55:10.845,0.95617,0.95637,2.70,1.50
2013.04.17 07:55:11.146,0.95619,0.95639,1.50,1.50
2013.04.17 07:55:14.816,0.95617,0.95638,2.33,1.50
2013.04.17 07:55:18.636,0.95617,0.95634,1.58,1.50
2013.04.17 07:55:18.695,0.95613,0.95634,1.50,1.88
2013.04.17 07:55:18.996,0.95611,0.95632,2.33,1.13
2013.04.17 07:55:19.317,0.95613,0.95632,1.50,1.13
2013.04.17 07:55:19.716,0.95612,0.95631,1.50,1.50
2013.04.17 07:55:20.335,0.95613,0.95632,1.50,1.13
2013.04.17 07:55:21.882,0.95612,0.95632,1.50,1.13
2013.04.17 07:55:22.346,0.95614,0.95631,1.50,1.50
2013.04.17 07:55:22.585,0.95617,0.95634,2.25,1.65
2013.04.17 07:55:25.057,0.95618,0.95637,1.50,1.50
2013.04.17 07:55:25.626,0.95617,0.95635,1.50,1.13
2013.04.17 07:55:25.955,0.95616,0.95631,1.50,1.13
2013.04.17 07:55:28.956,0.95611,0.95628,1.50,1.65
2013.04.17 07:55:29.475,0.95612,0.95629,2.25,1.65
2013.04.17 07:55:29.946,0.95613,0.95633,1.50,2.25
2013.04.17 07:55:30.307,0.95616,0.95635,1.50,2.25
2013.04.17 07:55:30.366,0.95616,0.95635,1.50,1.88
2013.04.17 07:55:31.456,0.95617,0.95635,1.50,1.13
2013.04.17 07:55:31.575,0.95617,0.95637,1.50,1.28
2013.04.17 07:55:32.817,0.95616,0.95636,1.50,1.13
2013.04.17 07:55:34.735,0.95615,0.95636,1.50,1.13
2013.04.17 07:55:35.570,0.95614,0.95636,1.50,1.88
2013.04.17 07:55:35.816,0.95616,0.95637,1.50,2.03
2013.04.17 07:55:36.057,0.95617,0.95637,1.88,1.65
2013.04.17 07:55:36.178,0.95621,0.9564,1.50,1.50
2013.04.17 07:55:36.237,0.95622,0.95643,1.13,2.25
2013.04.17 07:55:36.626,0.95623,0.95645,1.20,1.65
2013.04.17 07:55:36.985,0.95624,0.95645,1.50,1.28
2013.04.17 07:55:37.525,0.95622,0.95643,2.25,1.50
2013.04.17 07:55:38.056,0.95625,0.95644,1.50,1.65
2013.04.17 07:55:38.976,0.95625,0.95643,1.50,2.25
2013.04.17 07:55:39.665,0.95627,0.95643,1.50,1.50
2013.04.17 07:55:39.731,0.95628,0.95646,1.50,1.28
2013.04.17 07:55:39.796,0.95627,0.95645,1.50,1.13
2013.04.17 07:55:40.015,0.95628,0.95646,1.50,1.28
2013.04.17 07:55:40.646,0.95627,0.95645,1.50,1.88
2013.04.17 07:55:40.769,0.95628,0.95645,1.50,1.13
2013.04.17 07:55:41.325,0.95628,0.95648,1.50,1.88
2013.04.17 07:55:41.627,0.95628,0.95648,2.25,1.13
2013.04.17 07:55:41.926,0.95631,0.95651,1.50,1.50
2013.04.17 07:55:42.286,0.95633,0.95654,1.50,2.25
2013.04.17 07:55:43.416,0.95636,0.95654,1.50,1.13
2013.04.17 07:55:43.536,0.95636,0.95653,1.50,2.03
2013.04.17 07:55:43.837,0.95636,0.95655,1.50,1.88
2013.04.17 07:55:44.196,0.95636,0.95656,1.50,1.50
2013.04.17 07:55:45.966,0.95636,0.95656,1.50,2.25
2013.04.17 07:55:46.087,0.95636,0.95654,1.50,1.13
2013.04.17 07:55:46.397,0.95636,0.95654,1.50,1.50
2013.04.17 07:55:46.456,0.95636,0.95653,1.50,1.28
2013.04.17 07:55:47.080,0.95636,0.95654,1.50,1.50
2013.04.17 07:55:47.806,0.95636,0.95654,1.50,1.50
2013.04.17 07:55:47.988,0.95636,0.95652,1.50,1.28
2013.04.17 07:55:49.460,0.95631,0.9565,1.50,2.25
2013.04.17 07:55:49.897,0.95628,0.95648,1.13,1.50
2013.04.17 07:55:50.256,0.95626,0.95646,1.28,1.50
2013.04.17 07:55:51.346,0.95628,0.9565,1.50,1.50
2013.04.17 07:55:51.466,0.95628,0.9565,1.50,1.50
2013.04.17 07:55:52.197,0.95628,0.95648,1.50,1.50
2013.04.17 07:55:52.971,0.95626,0.95648,1.65,3.00
2013.04.17 07:55:53.275,0.95626,0.95647,1.65,1.50
2013.04.17 07:55:53.395,0.95626,0.95647,1.65,2.63
2013.04.17 07:55:53.921,0.95626,0.95647,1.65,1.50
2013.04.17 07:55:53.976,0.95626,0.95647,1.65,1.50
2013.04.17 07:55:54.496,0.95626,0.95647,1.65,2.63
2013.04.17 07:55:55.086,0.95625,0.95645,1.13,1.50
2013.04.17 07:55:55.749,0.95625,0.95645,1.13,2.25
2013.04.17 07:55:55.926,0.95625,0.95643,1.13,1.50
2013.04.17 07:55:56.258,0.95618,0.95639,1.50,1.58
2013.04.17 07:55:56.688,0.95621,0.95641,1.50,1.50
2013.04.17 07:55:56.746,0.95619,0.95641,1.50,1.58
2013.04.17 07:55:57.106,0.95618,0.95639,1.50,1.13
2013.04.17 07:55:57.405,0.95621,0.95643,1.50,2.78
2013.04.17 07:55:57.526,0.95621,0.95642,1.50,1.13
2013.04.17 07:56:01.575,0.95621,0.95643,2.03,1.50
2013.04.17 07:56:01.847,0.95621,0.95643,2.03,2.25
2013.04.17 07:56:02.387,0.9562,0.95638,1.13,1.50
2013.04.17 07:56:02.837,0.9562,0.9564,1.13,1.58
2013.04.17 07:56:03.018,0.95625,0.95644,1.13,1.58
2013.04.17 07:56:03.076,0.95625,0.95647,2.25,1.58
2013.04.17 07:56:03.135,0.95625,0.95644,2.25,1.50
2013.04.17 07:56:03.665,0.95622,0.95643,1.13,2.25
2013.04.17 07:56:03.726,0.95621,0.95642,1.88,1.50
2013.04.17 07:56:04.292,0.95619,0.9564,1.88,1.50
2013.04.17 07:56:04.597,0.95619,0.9564,1.13,1.50
2013.04.17 07:56:04.836,0.95616,0.95638,1.88,1.50
2013.04.17 07:56:05.867,0.95611,0.95633,1.50,1.58
2013.04.17 07:56:06.326,0.95611,0.95633,1.50,2.70
2013.04.17 07:56:07.025,0.95611,0.95631,1.50,1.50
2013.04.17 07:56:07.108,0.95611,0.95633,1.50,3.45
2013.04.17 07:56:07.671,0.95613,0.95633,1.50,1.50
2013.04.17 07:56:08.858,0.9561,0.9563,1.88,1.50
2013.04.17 07:56:10.466,0.95613,0.95633,1.13,1.50
2013.04.17 07:56:11.098,0.95612,0.95632,1.13,1.50
2013.04.17 07:56:11.399,0.95613,0.95633,1.13,1.50
2013.04.17 07:56:11.516,0.95614,0.95636,1.88,1.73
2013.04.17 07:56:11.577,0.95617,0.95636,1.50,2.40
2013.04.17 07:56:12.163,0.95617,0.95633,1.50,2.25
2013.04.17 07:56:12.287,0.95617,0.95634,1.50,1.58
2013.04.17 07:56:12.646,0.95618,0.95634,1.13,2.33
2013.04.17 07:56:12.708,0.95618,0.95635,1.13,1.50
2013.04.17 07:56:12.766,0.95616,0.95636,1.88,1.50
2013.04.17 07:56:13.147,0.95616,0.95634,1.50,1.65
2013.04.17 07:56:13.327,0.95609,0.9563,1.50,1.58
2013.04.17 07:56:13.726,0.95611,0.95632,1.88,1.50
2013.04.17 07:56:15.965,0.95611,0.95631,1.88,1.50
2013.04.17 07:56:16.877,0.95611,0.95629,1.50,1.50
2013.04.17 07:56:16.996,0.95611,0.95629,1.50,1.50
2013.04.17 07:56:17.358,0.95605,0.95625,1.50,1.65
2013.04.17 07:56:17.475,0.95605,0.95626,1.50,1.65
2013.04.17 07:56:17.536,0.95604,0.95624,1.13,1.58
2013.04.17 07:56:17.658,0.95604,0.95625,1.13,1.65
2013.04.17 07:56:17.775,0.95604,0.95625,1.13,1.65
2013.04.17 07:56:19.316,0.95604,0.95627,1.13,2.70
2013.04.17 07:56:19.376,0.95604,0.95625,1.13,1.65
2013.04.17 07:56:19.615,0.95608,0.95627,1.50,1.88
2013.04.17 07:56:19.876,0.95607,0.95627,1.50,2.63
2013.04.17 07:56:20.396,0.95604,0.95624,1.50,1.50
2013.04.17 07:56:21.060,0.95605,0.95624,1.50,1.50
2013.04.17 07:56:21.296,0.95606,0.95627,1.50,1.13
2013.04.17 07:56:21.655,0.95603,0.95626,1.88,1.65
2013.04.17 07:56:21.776,0.95603,0.95625,1.88,1.65
2013.04.17 07:56:22.016,0.95599,0.95622,1.88,1.58
2013.04.17 07:56:22.375,0.95596,0.95617,1.88,1.50
2013.04.17 07:56:22.735,0.95597,0.95615,1.13,1.58
2013.04.17 07:56:23.328,0.95593,0.95613,1.28,1.50
2013.04.17 07:56:24.016,0.95595,0.95616,1.50,1.50
2013.04.17 07:56:24.197,0.95598,0.95617,1.13,1.58
2013.04.17 07:56:24.678,0.95598,0.95619,1.13,1.65
2013.04.17 07:56:25.715,0.95596,0.95619,1.50,3.60
2013.04.17 07:56:26.606,0.95594,0.95615,1.50,1.50
2013.04.17 07:56:28.896,0.95594,0.95613,1.50,1.65
2013.04.17 07:56:29.075,0.95588,0.95611,1.28,2.33
2013.04.17 07:56:29.196,0.95588,0.95608,1.28,3.08
2013.04.17 07:56:29.256,0.95591,0.95608,1.50,2.25
2013.04.17 07:56:29.317,0.95591,0.95608,1.50,2.25
2013.04.17 07:56:29.437,0.95591,0.95609,1.50,1.88
2013.04.17 07:56:29.946,0.95588,0.95609,1.50,2.25
2013.04.17 07:56:32.196,0.95588,0.9561,1.88,1.58
2013.04.17 07:56:32.256,0.9559,0.95612,1.50,1.50
2013.04.17 07:56:32.435,0.9559,0.95611,1.50,1.50
2013.04.17 07:56:32.496,0.9559,0.95609,1.50,1.50
2013.04.17 07:56:33.318,0.95588,0.95608,1.50,2.25
2013.04.17 07:56:33.695,0.95585,0.95607,1.65,2.70
2013.04.17 07:56:34.035,0.95581,0.95603,1.50,1.50
2013.04.17 07:56:34.637,0.95581,0.95603,1.50,1.88
2013.04.17 07:56:35.267,0.95585,0.95604,1.88,1.50
2013.04.17 07:56:35.328,0.95585,0.95604,1.13,1.50
2013.04.17 07:56:35.506,0.95588,0.95608,1.50,3.08
2013.04.17 07:56:35.625,0.95588,0.95608,1.50,1.50
2013.04.17 07:56:35.985,0.95588,0.95608,1.50,1.50
2013.04.17 07:56:36.106,0.95585,0.95606,1.13,1.50
2013.04.17 07:56:36.705,0.95584,0.95605,1.50,1.50
2013.04.17 07:56:37.496,0.95584,0.95606,1.50,1.50
2013.04.17 07:56:37.877,0.95587,0.95607,1.50,1.13
2013.04.17 07:56:37.999,0.95587,0.95607,1.50,1.13
2013.04.17 07:56:38.376,0.95586,0.95606,1.50,1.13
2013.04.17 07:56:38.626,0.95584,0.95604,1.50,2.25
2013.04.17 07:56:39.146,0.95581,0.95604,1.50,2.33
2013.04.17 07:56:39.626,0.95584,0.95604,1.50,1.50
2013.04.17 07:56:40.036,0.95584,0.95606,1.50,1.58
2013.04.17 07:56:40.278,0.95587,0.95606,1.50,1.50
2013.04.17 07:56:42.715,0.95587,0.95608,1.50,1.73
2013.04.17 07:56:43.319,0.95584,0.95601,1.50,1.50
2013.04.17 07:56:43.868,0.9558,0.95602,1.50,1.50
2013.04.17 07:56:44.212,0.9558,0.95602,1.50,1.50
2013.04.17 07:56:44.397,0.95584,0.95605,1.50,1.20
2013.04.17 07:56:44.846,0.95581,0.95604,1.88,1.58
2013.04.17 07:56:45.147,0.95578,0.956,1.88,1.58
2013.04.17 07:56:45.207,0.95578,0.956,1.88,1.58
2013.04.17 07:56:45.625,0.95581,0.95602,1.13,1.50
2013.04.17 07:56:45.866,0.95581,0.95602,1.13,1.50
2013.04.17 07:56:46.516,0.95584,0.95604,1.50,1.50
2013.04.17 07:56:46.937,0.95584,0.95606,1.88,1.58
2013.04.17 07:56:47.205,0.95586,0.95608,1.50,1.65
2013.04.17 07:56:47.947,0.95586,0.95608,1.50,1.65
2013.04.17 07:56:48.185,0.95586,0.95608,1.50,1.65
2013.04.17 07:56:48.365,0.95586,0.95608,1.50,2.03
2013.04.17 07:56:48.666,0.95588,0.9561,1.13,1.58
2013.04.17 07:56:49.025,0.95591,0.95613,1.50,1.88
2013.04.17 07:56:49.746,0.95591,0.95611,1.50,1.13
2013.04.17 07:56:50.056,0.9559,0.95609,1.50,1.50
2013.04.17 07:56:50.236,0.95584,0.95606,2.03,1.50
2013.04.17 07:56:50.596,0.95582,0.95604,1.50,1.58
2013.04.17 07:56:50.776,0.95585,0.95605,1.13,1.50
2013.04.17 07:56:50.957,0.95588,0.95609,1.50,2.48
2013.04.17 07:56:53.466,0.95588,0.9561,1.50,2.48
2013.04.17 07:56:53.586,0.95592,0.95611,1.50,2.03
2013.04.17 07:56:53.770,0.95592,0.95611,1.50,2.03
2013.04.17 07:56:53.827,0.95592,0.95611,1.50,1.88
2013.04.17 07:56:54.329,0.95588,0.95611,1.65,1.88
2013.04.17 07:56:54.936,0.95591,0.95612,1.50,1.50
2013.04.17 07:56:56.295,0.95594,0.95613,1.50,2.25
2013.04.17 07:56:56.355,0.95592,0.95613,1.50,3.08
2013.04.17 07:56:57.657,0.95588,0.95612,2.40,1.58
2013.04.17 07:56:57.839,0.95596,0.95614,1.50,1.58
2013.04.17 07:56:57.901,0.95597,0.95613,1.50,1.50
2013.04.17 07:56:57.966,0.95594,0.95613,1.58,1.50
2013.04.17 07:56:58.447,0.95591,0.9561,1.50,1.50
2013.04.17 07:56:59.696,0.95587,0.95609,2.33,2.25
2013.04.17 07:56:59.885,0.95586,0.95607,1.50,1.50
2013.04.17 07:57:00.706,0.95584,0.95605,1.13,1.50
2013.04.17 07:57:01.527,0.95587,0.95607,1.50,1.50
2013.04.17 07:57:01.835,0.95585,0.95605,1.58,1.13
2013.04.17 07:57:02.136,0.9558,0.95601,1.50,1.50
2013.04.17 07:57:02.829,0.95582,0.95603,1.50,1.65
2013.04.17 07:57:03.306,0.95583,0.95603,1.50,1.65
2013.04.17 07:57:03.727,0.95585,0.95607,1.50,1.88
2013.04.17 07:57:03.846,0.95588,0.95609,1.50,1.13
2013.04.17 07:57:04.466,0.95587,0.95609,1.50,1.13
2013.04.17 07:57:04.560,0.95588,0.95609,1.50,1.13
2013.04.17 07:57:04.886,0.95588,0.95609,1.50,1.88
2013.04.17 07:57:04.947,0.95586,0.95606,1.58,1.88
2013.04.17 07:57:05.546,0.95585,0.95604,1.50,1.13
2013.04.17 07:57:06.142,0.95586,0.95606,2.25,1.50
2013.04.17 07:57:06.566,0.95587,0.95608,1.50,1.50
2013.04.17 07:57:06.686,0.95587,0.95608,1.50,1.50
2013.04.17 07:57:08.649,0.95587,0.95609,1.58,2.25
2013.04.17 07:57:08.886,0.95585,0.95604,1.88,1.50
2013.04.17 07:57:09.006,0.95587,0.95608,1.50,2.25
2013.04.17 07:57:09.305,0.9559,0.9561,1.50,2.25
2013.04.17 07:57:09.427,0.95587,0.95609,1.95,1.50
2013.04.17 07:57:09.674,0.95587,0.95607,1.50,2.25
2013.04.17 07:57:12.696,0.95584,0.95603,1.88,1.50
2013.04.17 07:57:13.056,0.95576,0.95596,1.50,1.50
2013.04.17 07:57:13.359,0.9557,0.95592,1.88,1.58
2013.04.17 07:57:13.777,0.95577,0.95593,1.88,1.50
2013.04.17 07:57:14.076,0.95578,0.95597,1.13,1.50
2013.04.17 07:57:14.138,0.95577,0.95596,1.88,1.50
2013.04.17 07:57:14.257,0.95577,0.95596,1.50,1.50
2013.04.17 07:57:14.618,0.95577,0.95594,1.50,1.50
2013.04.17 07:57:14.877,0.95576,0.95594,1.50,1.50
2013.04.17 07:57:15.226,0.95577,0.95595,1.50,1.50
2013.04.17 07:57:15.794,0.95577,0.95594,1.50,1.50
2013.04.17 07:57:16.245,0.95577,0.95594,1.50,1.50
2013.04.17 07:57:16.306,0.95577,0.95596,1.50,1.50
2013.04.17 07:57:16.487,0.95577,0.95597,3.00,1.50
2013.04.17 07:57:17.485,0.95582,0.95599,1.50,1.50
2013.04.17 07:57:20.115,0.95584,0.95599,1.50,1.50
2013.04.17 07:57:20.236,0.95584,0.95603,1.50,1.13
2013.04.17 07:57:20.357,0.95584,0.95603,1.50,1.13
2013.04.17 07:57:20.937,0.95585,0.95604,1.50,1.58
2013.04.17 07:57:21.309,0.95582,0.95599,1.50,1.50
2013.04.17 07:57:21.426,0.9558,0.95599,1.50,1.50
2013.04.17 07:57:22.136,0.95577,0.95598,2.78,1.58
2013.04.17 07:57:22.196,0.95577,0.95596,2.03,1.58
2013.04.17 07:57:23.977,0.95573,0.95594,1.13,1.50
2013.04.17 07:57:24.217,0.95572,0.95593,1.88,2.25
2013.04.17 07:57:26.066,0.95574,0.95589,1.50,1.58
2013.04.17 07:57:26.186,0.95574,0.9559,1.50,1.50
2013.04.17 07:57:26.307,0.95574,0.95592,1.50,1.20
2013.04.17 07:57:26.489,0.95572,0.95591,1.50,2.33
2013.04.17 07:57:26.906,0.95569,0.95591,1.88,1.58
2013.04.17 07:57:26.967,0.95571,0.95592,1.13,2.25
2013.04.17 07:57:27.206,0.95569,0.95591,1.88,1.50
2013.04.17 07:57:28.721,0.95573,0.9559,1.50,1.50
2013.04.17 07:57:28.966,0.95581,0.95599,1.50,1.50
2013.04.17 07:57:29.087,0.95581,0.95601,1.50,2.25
2013.04.17 07:57:29.148,0.95582,0.95601,1.50,1.50
2013.04.17 07:57:29.826,0.95581,0.95601,1.50,2.25
2013.04.17 07:57:31.087,0.95582,0.95601,1.50,1.50
2013.04.17 07:57:31.472,0.95578,0.956,1.50,1.88
2013.04.17 07:57:32.536,0.95578,0.95598,1.50,1.50
2013.04.17 07:57:32.736,0.95578,0.956,1.50,1.88
2013.04.17 07:57:32.976,0.95578,0.95599,1.50,1.50
2013.04.17 07:57:33.097,0.95578,0.956,1.50,1.50
2013.04.17 07:57:33.796,0.95576,0.95598,1.50,1.13
2013.04.17 07:57:34.667,0.95572,0.95591,1.13,1.50
2013.04.17 07:57:36.059,0.9557,0.95591,1.13,1.50
2013.04.17 07:57:36.116,0.9557,0.95591,1.13,1.50
2013.04.17 07:57:36.356,0.9557,0.95591,1.13,1.50
2013.04.17 07:57:36.608,0.9557,0.95591,1.13,1.50
2013.04.17 07:57:36.786,0.9557,0.95592,1.13,2.25
2013.04.17 07:57:37.146,0.95573,0.95595,1.50,1.58
2013.04.17 07:57:38.578,0.95575,0.95596,1.50,1.50
2013.04.17 07:57:38.696,0.95575,0.95597,1.50,1.50
2013.04.17 07:57:39.706,0.95575,0.95596,1.65,1.50
2013.04.17 07:57:40.326,0.95575,0.95597,1.65,1.50
2013.04.17 07:57:40.626,0.95575,0.95597,1.65,1.50
2013.04.17 07:57:41.132,0.95575,0.95596,1.65,1.50
2013.04.17 07:57:43.285,0.95575,0.95596,1.50,1.50
2013.04.17 07:57:45.557,0.95575,0.95596,1.50,1.50
2013.04.17 07:57:49.947,0.95573,0.95593,1.88,1.50
2013.04.17 07:57:50.137,0.95575,0.95594,1.50,1.50
2013.04.17 07:57:50.317,0.95575,0.95595,1.50,1.50
2013.04.17 07:57:50.616,0.95575,0.95597,1.50,1.88
2013.04.17 07:57:52.008,0.95575,0.95597,1.50,1.88
2013.04.17 07:57:53.926,0.95575,0.95598,1.50,2.63
2013.04.17 07:57:54.511,0.95579,0.95598,1.50,1.13
2013.04.17 07:57:55.055,0.95579,0.95598,1.50,1.88
2013.04.17 07:57:55.556,0.95579,0.95598,1.50,1.13
2013.04.17 07:57:55.678,0.95576,0.95597,1.50,1.50
2013.04.17 07:57:55.736,0.95576,0.95594,1.50,1.50
2013.04.17 07:57:55.795,0.95576,0.95594,1.50,1.50
2013.04.17 07:57:56.146,0.95573,0.95593,1.50,1.50
2013.04.17 07:58:00.408,0.95573,0.95593,1.50,1.50
2013.04.17 07:58:02.126,0.95573,0.95593,1.50,1.50
2013.04.17 07:58:06.897,0.95573,0.95593,1.50,1.50
2013.04.17 07:58:07.666,0.95573,0.95593,1.50,1.50
2013.04.17 07:58:07.785,0.95573,0.95594,1.50,2.25
2013.04.17 07:58:08.117,0.95576,0.95596,1.50,1.88
2013.04.17 07:58:08.356,0.95576,0.95593,1.50,1.50
2013.04.17 07:58:09.327,0.95576,0.95595,1.50,1.50
2013.04.17 07:58:09.676,0.95576,0.95597,1.88,1.58
2013.04.17 07:58:10.233,0.95576,0.95595,1.50,1.50
2013.04.17 07:58:11.036,0.95574,0.95593,1.13,1.58
2013.04.17 07:58:11.340,0.95572,0.95594,1.50,1.88
2013.04.17 07:58:11.396,0.95572,0.95594,1.50,1.88
2013.04.17 07:58:11.656,0.95573,0.95592,1.13,1.50
2013.04.17 07:58:11.716,0.95573,0.95594,1.88,1.50
2013.04.17 07:58:11.837,0.95573,0.95594,1.88,2.33
2013.04.17 07:58:12.238,0.95573,0.95592,1.13,1.58
2013.04.17 07:58:12.596,0.95571,0.95594,1.50,2.70
2013.04.17 07:58:12.656,0.95571,0.9559,1.50,1.50
2013.04.17 07:58:12.776,0.95571,0.95589,1.50,1.13
2013.04.17 07:58:12.896,0.95571,0.95589,1.50,1.13
2013.04.17 07:58:13.458,0.95567,0.95588,1.50,2.25
2013.04.17 07:58:13.926,0.95565,0.95586,1.13,1.50
2013.04.17 07:58:14.486,0.95567,0.95585,1.50,1.13
2013.04.17 07:58:16.626,0.95567,0.95585,1.50,1.13
2013.04.17 07:58:17.381,0.95566,0.95584,1.50,1.50
2013.04.17 07:58:18.246,0.95566,0.95587,1.88,1.50
2013.04.17 07:58:18.306,0.95566,0.95587,1.88,1.50
2013.04.17 07:58:18.936,0.95564,0.95584,1.50,1.50
2013.04.17 07:58:19.189,0.95564,0.95583,1.50,1.50
2013.04.17 07:58:19.247,0.95564,0.95583,1.50,1.50
2013.04.17 07:58:19.608,0.95565,0.95585,1.13,1.50
2013.04.17 07:58:19.726,0.95564,0.95585,1.50,1.50
2013.04.17 07:58:21.538,0.95564,0.95584,1.50,1.88
2013.04.17 07:58:21.656,0.95564,0.95584,1.50,1.13
2013.04.17 07:58:22.018,0.95564,0.95584,1.50,1.88
2013.04.17 07:58:22.206,0.95564,0.95584,1.50,1.13
2013.04.17 07:58:23.017,0.9557,0.95586,1.50,1.13
2013.04.17 07:58:23.078,0.95568,0.95583,1.58,1.50
2013.04.17 07:58:23.197,0.9557,0.95588,1.50,1.88
2013.04.17 07:58:24.457,0.95569,0.9559,1.50,1.88
2013.04.17 07:58:25.460,0.95569,0.9559,1.50,1.13
2013.04.17 07:58:26.050,0.9557,0.95591,1.13,1.50
2013.04.17 07:58:26.227,0.95573,0.95593,1.50,2.03
2013.04.17 07:58:26.733,0.95574,0.95594,1.50,2.25
2013.04.17 07:58:26.977,0.95574,0.95594,1.50,1.50
2013.04.17 07:58:27.156,0.95576,0.95596,1.50,1.50
2013.04.17 07:58:27.767,0.95576,0.95596,1.50,2.25
2013.04.17 07:58:28.316,0.95576,0.95594,1.50,1.50
2013.04.17 07:58:28.376,0.95576,0.95594,1.50,1.50
2013.04.17 07:58:29.106,0.95571,0.95591,2.48,1.88
2013.04.17 07:58:29.166,0.95571,0.95589,2.48,1.50
2013.04.17 07:58:29.348,0.95569,0.9559,1.50,1.65
2013.04.17 07:58:29.406,0.95569,0.95591,1.50,2.03
2013.04.17 07:58:30.036,0.95571,0.95592,1.50,1.50
2013.04.17 07:58:33.708,0.95571,0.95592,1.50,2.25
2013.04.17 07:58:34.566,0.9557,0.95591,1.13,1.65
2013.04.17 07:58:34.628,0.95574,0.95593,1.50,1.50
2013.04.17 07:58:34.925,0.95574,0.95594,1.50,2.25
2013.04.17 07:58:35.048,0.95574,0.95593,1.50,1.50
2013.04.17 07:58:36.346,0.95573,0.95594,1.50,1.13
2013.04.17 07:58:36.886,0.95576,0.95596,1.50,1.88
2013.04.17 07:58:37.366,0.95574,0.95593,1.13,1.50
2013.04.17 07:58:38.017,0.95574,0.95594,1.13,1.50
2013.04.17 07:58:38.076,0.95576,0.95598,2.25,1.95
2013.04.17 07:58:38.396,0.95578,0.956,1.65,3.08
2013.04.17 07:58:38.516,0.95579,0.956,1.50,1.50
2013.04.17 07:58:38.636,0.95579,0.956,1.50,1.50
2013.04.17 07:58:39.106,0.95576,0.95597,1.50,1.50
2013.04.17 07:58:39.406,0.95578,0.95599,1.65,3.00
2013.04.17 07:58:40.375,0.95578,0.95597,1.65,1.13
2013.04.17 07:58:40.447,0.95576,0.95593,1.13,1.50
2013.04.17 07:58:41.277,0.95576,0.95594,1.13,1.50
2013.04.17 07:58:41.516,0.95576,0.95597,1.50,1.50
2013.04.17 07:58:41.636,0.95576,0.95598,1.50,2.63
2013.04.17 07:58:42.376,0.95578,0.95598,1.65,1.88
2013.04.17 07:58:45.001,0.95578,0.95599,1.65,2.25
2013.04.17 07:58:45.246,0.95576,0.95597,1.88,1.88
2013.04.17 07:58:45.547,0.95576,0.95596,1.88,1.50
2013.04.17 07:58:45.899,0.95576,0.95598,1.88,1.20
2013.04.17 07:58:46.798,0.95576,0.95596,1.88,1.50
2013.04.17 07:58:46.866,0.95576,0.95596,1.88,1.50
2013.04.17 07:58:47.357,0.95576,0.95598,1.88,2.70
2013.04.17 07:58:47.417,0.95578,0.95598,1.65,1.13
2013.04.17 07:58:47.776,0.95576,0.95597,2.25,1.50
2013.04.17 07:58:48.156,0.95576,0.95597,1.13,1.88
2013.04.17 07:58:49.835,0.95576,0.95597,1.13,1.88
2013.04.17 07:58:50.137,0.95579,0.956,1.88,1.50
2013.04.17 07:58:50.197,0.95579,0.956,1.88,1.50
2013.04.17 07:58:50.706,0.95583,0.95602,1.50,1.28
2013.04.17 07:58:51.236,0.95584,0.95603,1.13,1.50
2013.04.17 07:58:51.416,0.95584,0.95605,1.13,1.58
2013.04.17 07:58:52.176,0.95583,0.95603,1.65,1.50
2013.04.17 07:58:52.653,0.95585,0.95603,1.50,1.13
2013.04.17 07:58:53.556,0.95582,0.95603,1.65,1.13
2013.04.17 07:58:53.616,0.95582,0.95603,1.65,1.88
2013.04.17 07:58:55.186,0.95581,0.95601,1.50,1.50
2013.04.17 07:58:55.756,0.95581,0.95601,1.13,1.50
2013.04.17 07:58:55.816,0.95581,0.95601,1.13,1.50
2013.04.17 07:58:56.328,0.95581,0.95602,1.13,1.88
2013.04.17 07:58:59.656,0.95581,0.95602,1.13,1.88
2013.04.17 07:59:00.178,0.95581,0.95601,1.13,1.50
2013.04.17 07:59:00.530,0.95581,0.95601,1.13,1.50
2013.04.17 07:59:01.729,0.95581,0.95599,1.13,1.50
2013.04.17 07:59:02.378,0.95581,0.95599,1.13,1.50
2013.04.17 07:59:03.398,0.95581,0.95599,1.13,1.13
2013.04.17 07:59:03.786,0.95581,0.956,1.88,1.13
2013.04.17 07:59:04.138,0.95581,0.956,1.88,1.13
2013.04.17 07:59:04.376,0.95584,0.95604,1.50,1.13
2013.04.17 07:59:05.857,0.95584,0.95605,1.50,1.88
2013.04.17 07:59:05.947,0.95584,0.95605,1.50,1.88
2013.04.17 07:59:07.856,0.95584,0.95605,1.50,1.88
2013.04.17 07:59:08.587,0.95582,0.95602,1.65,1.13
2013.04.17 07:59:09.248,0.95579,0.95599,1.50,1.13
2013.04.17 07:59:09.616,0.95579,0.956,1.50,1.95
2013.04.17 07:59:10.128,0.95579,0.956,1.50,1.95
2013.04.17 07:59:10.665,0.95584,0.95604,1.65,1.88
2013.04.17 07:59:11.007,0.95584,0.95604,1.65,1.88
2013.04.17 07:59:11.816,0.95584,0.95604,1.65,1.50
2013.04.17 07:59:12.000,0.95584,0.95603,1.50,1.50
2013.04.17 07:59:12.556,0.95584,0.95603,1.50,1.88
2013.04.17 07:59:13.686,0.95585,0.95605,1.50,2.03
2013.04.17 07:59:14.288,0.95585,0.95605,1.50,2.03
2013.04.17 07:59:14.627,0.95583,0.95603,1.50,2.25
2013.04.17 07:59:16.776,0.95583,0.95603,1.50,2.63
2013.04.17 07:59:17.426,0.95583,0.95602,1.50,1.50
2013.04.17 07:59:17.936,0.95583,0.95601,1.50,1.13
2013.04.17 07:59:20.798,0.95583,0.95602,1.50,1.50
2013.04.17 07:59:21.556,0.95583,0.95602,1.50,1.50
2013.04.17 07:59:21.920,0.95582,0.95604,1.50,2.78
2013.04.17 07:59:22.886,0.95582,0.95604,1.50,1.88
2013.04.17 07:59:23.436,0.95582,0.95604,1.88,1.50
2013.04.17 07:59:24.286,0.95582,0.95604,1.50,1.88
2013.04.17 07:59:24.467,0.95582,0.95602,1.50,1.13
2013.04.17 07:59:25.309,0.95581,0.95601,1.50,1.13
2013.04.17 07:59:25.758,0.95581,0.95601,2.33,1.13
2013.04.17 07:59:26.067,0.95583,0.95601,1.58,1.50
2013.04.17 07:59:26.248,0.95588,0.95604,1.58,1.13
2013.04.17 07:59:26.366,0.95586,0.95606,2.33,2.03
2013.04.17 07:59:26.486,0.95588,0.95606,1.58,1.65
2013.04.17 07:59:30.376,0.9559,0.95607,1.50,1.50
2013.04.17 07:59:30.677,0.95591,0.95608,1.65,1.13
2013.04.17 07:59:31.035,0.9559,0.95612,1.13,1.13
2013.04.17 07:59:31.367,0.95592,0.9561,1.65,1.13
2013.04.17 07:59:31.486,0.95591,0.95611,1.65,1.13
2013.04.17 07:59:31.776,0.9559,0.9561,1.95,1.13
2013.04.17 07:59:32.506,0.95592,0.95611,1.65,1.13
2013.04.17 07:59:33.846,0.95595,0.95613,1.50,1.13
2013.04.17 07:59:34.016,0.95595,0.95615,1.50,2.03
2013.04.17 07:59:34.196,0.95596,0.95615,2.33,2.03
2013.04.17 07:59:36.456,0.95596,0.95615,1.58,1.28
2013.04.17 07:59:36.636,0.95596,0.95616,2.33,1.13
2013.04.17 07:59:37.797,0.95598,0.95617,1.50,2.25
2013.04.17 07:59:40.497,0.95599,0.95615,1.58,1.28
2013.04.17 07:59:41.036,0.95597,0.95618,1.58,1.13
2013.04.17 07:59:41.217,0.95599,0.9562,1.88,1.13
2013.04.17 07:59:41.697,0.95602,0.95625,1.65,1.28
2013.04.17 07:59:41.758,0.95602,0.95624,1.65,1.28
2013.04.17 07:59:41.937,0.95603,0.95625,2.10,1.28
2013.04.17 07:59:42.872,0.95605,0.95625,1.50,1.28
2013.04.17 07:59:43.176,0.95603,0.95624,1.65,2.78
2013.04.17 07:59:43.536,0.95602,0.9562,1.65,1.13
2013.04.17 07:59:43.863,0.95603,0.95622,1.65,1.88
2013.04.17 07:59:43.949,0.95601,0.9562,2.70,1.13
2013.04.17 07:59:44.728,0.95601,0.95621,1.88,1.13
2013.04.17 07:59:45.441,0.95601,0.95621,1.88,1.88
2013.04.17 07:59:45.866,0.95602,0.95622,1.65,1.13
2013.04.17 07:59:46.106,0.95602,0.95622,1.65,1.13
2013.04.17 07:59:46.577,0.95606,0.95622,1.13,1.13
2013.04.17 07:59:46.637,0.95606,0.95623,1.13,1.88
2013.04.17 07:59:46.816,0.95609,0.95629,1.13,2.70
2013.04.17 07:59:47.124,0.95609,0.95629,1.88,1.88
2013.04.17 07:59:47.308,0.95609,0.95629,1.88,1.13
2013.04.17 07:59:47.797,0.95611,0.95629,1.28,1.50
2013.04.17 07:59:47.916,0.95611,0.95633,2.03,2.25
2013.04.17 07:59:51.427,0.95614,0.95635,1.50,1.50
2013.04.17 07:59:51.546,0.95614,0.95634,1.50,1.13
2013.04.17 07:59:52.056,0.95617,0.95633,1.50,1.13
2013.04.17 07:59:52.116,0.95617,0.95637,1.50,1.50
2013.04.17 07:59:52.356,0.95614,0.95633,1.50,1.13
2013.04.17 07:59:53.846,0.95611,0.95632,1.73,1.28
2013.04.17 07:59:53.966,0.95611,0.95632,1.65,2.03
2013.04.17 07:59:54.266,0.95613,0.95633,1.13,1.88
2013.04.17 07:59:54.887,0.95611,0.95632,1.73,1.65
2013.04.17 07:59:55.017,0.95613,0.95633,1.50,2.25
2013.04.17 07:59:55.228,0.95611,0.95632,1.73,1.65
2013.04.17 07:59:55.288,0.95609,0.9563,2.25,1.50
2013.04.17 07:59:55.346,0.95609,0.95629,1.88,1.88
2013.04.17 07:59:55.648,0.95607,0.95624,1.58,1.13
2013.04.17 07:59:55.826,0.95602,0.95624,1.50,1.95
2013.04.17 07:59:56.706,0.95601,0.95622,1.50,1.13
2013.04.17 07:59:57.007,0.95599,0.95618,1.50,1.50
2013.04.17 07:59:57.308,0.956,0.95619,1.13,2.33
2013.04.17 07:59:57.367,0.95602,0.9562,1.13,1.50
2013.04.17 07:59:57.426,0.95602,0.95624,1.13,1.95
2013.04.17 07:59:57.846,0.95603,0.95625,2.03,1.50
2013.04.17 07:59:59.291,0.95602,0.95624,1.88,1.58
2013.04.17 07:59:59.356,0.95602,0.95623,1.88,1.58
2013.04.17 07:59:59.676,0.95602,0.95622,1.13,1.50
